0.1 0.100160
0.20016 0.100160
0.30032 0.116544
0.30032 0.133088
0.416864 0.100160
0.433408 0.100160
0.517024 0.116544
0.517024 0.133088
0.533568 0.133088
0.533568 0.149632
0.633568 0.100160
0.650112 0.100160
0.666656 0.100160
0.6832 0.100160
0.733728 0.116544
0.733728 0.133088
0.750272 0.133088
0.750272 0.149632
0.766816 0.149632
0.766816 0.166176
0.78336 0.166176
0.78336 0.182720
0.850272 0.100160
0.866816 0.100160
0.88336 0.100160
0.899904 0.100160
0.916448 0.100160
0.932992 0.100160
0.949536 0.100160
0.950432 0.116544
0.950432 0.133088
0.96608 0.100160
0.966976 0.133088
0.966976 0.149632
0.98352 0.149632
0.98352 0.166176
1.000064 0.166176
1.000064 0.182720
1.016608 0.182720
1.016608 0.199264
1.033152 0.199264
1.033152 0.215808
1.049696 0.215808
1.049696 0.232352
1.06624 0.232352
1.06624 0.248896
1.066976 0.100160
1.08352 0.100160
1.100064 0.100160
1.116608 0.100160
1.133152 0.100160
1.149696 0.100160
1.16624 0.100160
1.167136 0.164544
1.167136 0.181088
1.182784 0.100160
1.18368 0.181088
1.18368 0.197632
1.199328 0.100160
1.200224 0.197632
1.200224 0.214176
1.215872 0.100160
1.216768 0.214176
1.216768 0.230720
1.232416 0.100160
1.233312 0.230720
1.24896 0.100160
1.249856 0.230720
1.265504 0.100160
1.2664 0.230720
1.282048 0.100160
1.282944 0.230720
1.298592 0.100160
1.299488 0.230720
1.315136 0.100160
1.316032 0.230720
1.33168 0.100160
1.332576 0.230720
1.348224 0.100160
1.34912 0.230720
1.364768 0.100160
1.365664 0.230720
1.381312 0.100160
1.382208 0.230720
1.397856 0.100160
1.398752 0.230720
1.4144 0.100160
1.415296 0.230720
1.430944 0.100160
1.43184 0.230720
1.447488 0.100160
1.448384 0.230720
1.464032 0.100160
1.464928 0.230720
1.480576 0.100160
1.481472 0.230720
1.49712 0.100160
1.498016 0.230720
1.513664 0.100160
1.51456 0.230720
1.530208 0.100160
1.531104 0.230720
1.546752 0.100160
1.547648 0.230720
1.563296 0.100160
1.564192 0.230720
1.57984 0.100160
1.580736 0.230720
1.596384 0.100160
1.59728 0.230720
1.612928 0.100160
1.613824 0.230720
1.629472 0.100160
1.630368 0.230720
1.646016 0.100160
1.646912 0.230720
1.66256 0.100160
1.663456 0.230720
1.679104 0.100160
1.68 0.230720
1.695648 0.100160
1.696544 0.230720
1.712192 0.100160
1.713088 0.230720
1.728736 0.100160
1.729632 0.230720
1.74528 0.100160
1.746176 0.230720
1.761824 0.100160
1.76272 0.230720
1.778368 0.100160
1.779264 0.230720
1.794912 0.100160
1.795808 0.230720
1.811456 0.100160
1.812352 0.230720
1.828 0.100160
1.828896 0.230720
1.844544 0.100160
1.84544 0.230720
1.861088 0.100160
1.861984 0.230720
1.877632 0.100160
1.878528 0.230720
1.894176 0.100160
1.895072 0.230720
1.91072 0.100160
1.911616 0.230720
1.927264 0.100160
1.92816 0.230720
1.943808 0.100160
1.944704 0.230720
1.960352 0.100160
1.961248 0.230720
1.976896 0.100160
1.977792 0.230720
1.99344 0.100160
1.994336 0.230720
2.009984 0.100160
2.01088 0.230720
2.026528 0.100160
2.027424 0.230720
2.043072 0.100160
2.043968 0.230720
2.059616 0.100160
2.060512 0.230720
2.07616 0.100160
2.077056 0.230720
2.092704 0.100160
2.0936 0.230720
2.109248 0.100160
2.110144 0.230720
2.125792 0.100160
2.126688 0.230720
2.142336 0.100160
2.143232 0.230720
2.15888 0.100160
2.159776 0.230720
2.175424 0.100160
2.17632 0.230720
2.191968 0.100160
2.192864 0.230720
2.208512 0.100160
2.209408 0.230720
2.225056 0.100160
2.225952 0.230720
2.2416 0.100160
2.242496 0.230720
2.258144 0.100160
2.25904 0.230720
2.274688 0.100160
2.275584 0.230720
2.291232 0.100160
2.292128 0.230720
2.307776 0.100160
2.308672 0.230720
2.32432 0.100160
2.325216 0.230720
2.340864 0.100160
2.34176 0.230720
2.357408 0.100160
2.358304 0.230720
2.373952 0.100160
2.374848 0.230720
2.390496 0.100160
2.391392 0.230720
2.40704 0.100160
2.407936 0.230720
2.423584 0.100160
2.42448 0.230720
2.440128 0.100160
2.441024 0.230720
2.456672 0.100160
2.457568 0.230720
2.473216 0.100160
2.474112 0.230720
2.48976 0.100160
2.490656 0.230720
2.506304 0.100160
2.5072 0.230720
2.522848 0.100160
2.523744 0.230720
2.539392 0.100160
2.540288 0.230720
2.555936 0.100160
2.556832 0.230720
2.57248 0.100160
2.573376 0.230720
2.589024 0.100160
2.58992 0.230720
2.605568 0.100160
2.606464 0.230720
2.622112 0.100160
2.623008 0.230720
2.638656 0.100160
2.639552 0.230720
2.6552 0.100160
2.656096 0.230720
2.671744 0.100160
2.67264 0.230720
2.688288 0.100160
2.689184 0.230720
2.704832 0.100160
2.705728 0.230720
2.721376 0.100160
2.722272 0.230720
2.73792 0.100160
2.738816 0.230720
2.754464 0.100160
2.75536 0.230720
2.771008 0.100160
2.771904 0.230720
2.787552 0.100160
2.788448 0.230720
2.804096 0.100160
2.804992 0.230720
2.82064 0.100160
2.821536 0.230720
2.837184 0.100160
2.83808 0.230720
2.853728 0.100160
2.854624 0.230720
2.870272 0.100160
2.871168 0.230720
2.886816 0.100160
2.887712 0.230720
2.90336 0.100160
2.904256 0.230720
2.919904 0.100160
2.9208 0.230720
2.936448 0.100160
2.937344 0.230720
2.952992 0.100160
2.953888 0.230720
2.969536 0.100160
2.970432 0.230720
2.98608 0.100160
2.986976 0.230720
3.002624 0.100160
3.00352 0.230720
3.019168 0.100160
3.020064 0.230720
3.035712 0.100160
3.036608 0.230720
3.052256 0.100160
3.053152 0.230720
3.0688 0.100160
3.069696 0.230720
3.085344 0.100160
3.08624 0.230720
3.101888 0.100160
3.102784 0.230720
3.118432 0.100160
3.119328 0.230720
3.134976 0.100160
3.135872 0.230720
3.15152 0.100160
3.152416 0.230720
3.168064 0.100160
3.16896 0.230720
3.184608 0.100160
3.185504 0.230720
3.201152 0.100160
3.202048 0.230720
3.217696 0.100160
3.218592 0.230720
3.23424 0.100160
3.235136 0.230720
3.250784 0.100160
3.25168 0.230720
3.267328 0.100160
3.268224 0.230720
3.283872 0.100160
3.284768 0.230720
3.300416 0.100160
3.301312 0.230720
3.31696 0.100160
3.317856 0.230720
3.333504 0.100160
3.3344 0.230720
3.350048 0.100160
3.350944 0.230720
3.366592 0.100160
3.367488 0.230720
3.383136 0.100160
3.384032 0.230720
3.39968 0.100160
3.400576 0.230720
3.416224 0.100160
3.41712 0.230720
3.432768 0.100160
3.433664 0.230720
3.449312 0.100160
3.450208 0.230720
3.465856 0.100160
3.466752 0.230720
3.4824 0.100160
3.483296 0.230720
3.498944 0.100160
3.49984 0.230720
3.515488 0.100160
3.516384 0.230720
3.532032 0.100160
3.532928 0.230720
3.548576 0.100160
3.549472 0.230720
3.56512 0.100160
3.566016 0.230720
3.581664 0.100160
3.58256 0.230720
3.598208 0.100160
3.599104 0.230720
3.614752 0.100160
3.615648 0.230720
3.631296 0.100160
3.632192 0.230720
3.64784 0.100160
3.648736 0.230720
3.664384 0.100160
3.66528 0.230720
3.680928 0.100160
3.681824 0.230720
3.697472 0.100160
3.698368 0.230720
3.714016 0.100160
3.714912 0.230720
3.73056 0.100160
3.731456 0.230720
3.747104 0.100160
3.748 0.230720
3.763648 0.100160
3.764544 0.230720
3.780192 0.100160
3.781088 0.230720
3.796736 0.100160
3.797632 0.230720
3.81328 0.100160
3.814176 0.230720
3.829824 0.100160
3.83072 0.230720
3.846368 0.100160
3.847264 0.230720
3.862912 0.100160
3.863808 0.230720
3.879456 0.100160
3.880352 0.230720
3.896 0.100160
3.896896 0.230720
3.912544 0.100160
3.91344 0.230720
3.929088 0.100160
3.929984 0.230720
3.945632 0.100160
3.946528 0.230720
3.962176 0.100160
3.963072 0.230720
3.97872 0.100160
3.979616 0.230720
3.995264 0.100160
3.99616 0.230720
4.011808 0.100160
4.012704 0.230720
4.028352 0.100160
4.029248 0.230720
4.044896 0.100160
4.045792 0.230720
4.06144 0.100160
4.062336 0.230720
4.077984 0.100160
4.07888 0.230720
4.094528 0.100160
4.095424 0.230720
4.111072 0.100160
4.111968 0.230720
4.127616 0.100160
4.128512 0.230720
4.14416 0.100160
4.145056 0.230720
4.160704 0.100160
4.1616 0.230720
4.177248 0.100160
4.178144 0.230720
4.193792 0.100160
4.194688 0.230720
4.210336 0.100160
4.211232 0.230720
4.22688 0.100160
4.227776 0.230720
4.243424 0.100160
4.24432 0.230720
4.259968 0.100160
4.260864 0.230720
4.276512 0.100160
4.277408 0.230720
4.293056 0.100160
4.293952 0.230720
4.3096 0.100160
4.310496 0.230720
4.326144 0.100160
4.32704 0.230720
4.342688 0.100160
4.343584 0.230720
4.359232 0.100160
4.360128 0.230720
4.375776 0.100160
4.376672 0.230720
4.39232 0.100160
4.393216 0.230720
4.408864 0.100160
4.40976 0.230720
4.425408 0.100160
4.426304 0.230720
4.441952 0.100160
4.442848 0.230720
4.458496 0.100160
4.459392 0.230720
4.47504 0.100160
4.475936 0.230720
4.491584 0.100160
4.49248 0.230720
4.508128 0.100160
4.509024 0.230720
4.524672 0.100160
4.525568 0.230720
4.541216 0.100160
4.542112 0.230720
4.55776 0.100160
4.558656 0.230720
4.574304 0.100160
4.5752 0.230720
4.590848 0.100160
4.591744 0.230720
4.607392 0.100160
4.608288 0.230720
4.623936 0.100160
4.624832 0.230720
4.64048 0.100160
4.641376 0.230720
4.657024 0.100160
4.65792 0.230720
4.673568 0.100160
4.674464 0.230720
4.690112 0.100160
4.691008 0.230720
4.706656 0.100160
4.707552 0.230720
4.7232 0.100160
4.724096 0.230720
4.739744 0.100160
4.74064 0.230720
4.756288 0.100160
4.757184 0.230720
4.772832 0.100160
4.773728 0.230720
4.789376 0.100160
4.790272 0.230720
4.80592 0.100160
4.806816 0.230720
4.822464 0.100160
4.82336 0.230720
4.839008 0.100160
4.839904 0.230720
4.855552 0.100160
4.856448 0.230720
4.872096 0.100160
4.872992 0.230720
4.88864 0.100160
4.889536 0.230720
4.905184 0.100160
4.90608 0.230720
4.921728 0.100160
4.922624 0.230720
4.938272 0.100160
4.939168 0.230720
4.954816 0.100160
4.955712 0.230720
4.97136 0.100160
4.972256 0.230720
4.987904 0.100160
4.9888 0.230720
5.004448 0.100160
5.005344 0.230720
5.020992 0.100160
5.021888 0.230720
5.037536 0.100160
5.038432 0.230720
5.05408 0.100160
5.054976 0.230720
5.070624 0.100160
5.07152 0.230720
5.087168 0.100160
5.088064 0.230720
5.103712 0.100160
5.104608 0.230720
5.120256 0.100160
5.121152 0.230720
5.1368 0.100160
5.137696 0.230720
5.153344 0.100160
5.15424 0.230720
5.169888 0.100160
5.170784 0.230720
5.186432 0.100160
5.187328 0.230720
5.202976 0.100160
5.203872 0.230720
5.21952 0.100160
5.220416 0.230720
5.236064 0.100160
5.23696 0.230720
5.252608 0.100160
5.253504 0.230720
5.269152 0.100160
5.270048 0.230720
5.285696 0.100160
5.286592 0.230720
5.30224 0.100160
5.303136 0.230720
5.318784 0.100160
5.31968 0.230720
5.335328 0.100160
5.336224 0.230720
5.351872 0.100160
5.352768 0.230720
5.368416 0.100160
5.369312 0.230720
5.38496 0.100160
5.385856 0.230720
5.401504 0.100160
5.4024 0.230720
5.418048 0.100160
5.418944 0.230720
5.434592 0.100160
5.435488 0.230720
5.451136 0.100160
5.452032 0.230720
5.46768 0.100160
5.468576 0.230720
5.484224 0.100160
5.48512 0.230720
5.500768 0.100160
5.501664 0.230720
5.517312 0.100160
5.518208 0.230720
5.533856 0.100160
5.534752 0.230720
5.5504 0.100160
5.551296 0.230720
5.566944 0.100160
5.56784 0.230720
5.583488 0.100160
5.584384 0.230720
5.600032 0.100160
5.600928 0.230720
5.616576 0.100160
5.617472 0.230720
5.63312 0.100160
5.634016 0.230720
5.649664 0.100160
5.65056 0.230720
5.666208 0.100160
5.667104 0.230720
5.682752 0.100160
5.683648 0.230720
5.699296 0.100160
5.700192 0.230720
5.71584 0.100160
5.716736 0.230720
5.732384 0.100160
5.73328 0.230720
5.748928 0.100160
5.749824 0.230720
5.765472 0.100160
5.766368 0.230720
5.782016 0.100160
5.782912 0.230720
5.79856 0.100160
5.799456 0.230720
5.815104 0.100160
5.816 0.230720
5.831648 0.100160
5.832544 0.230720
5.848192 0.100160
5.849088 0.230720
5.864736 0.100160
5.865632 0.230720
5.88128 0.100160
5.882176 0.230720
5.897824 0.100160
5.89872 0.230720
5.914368 0.100160
5.915264 0.230720
5.930912 0.100160
5.931808 0.230720
5.947456 0.100160
5.948352 0.230720
5.964 0.100160
5.964896 0.230720
5.980544 0.100160
5.98144 0.230720
5.997088 0.100160
5.997984 0.230720
6.013632 0.100160
6.014528 0.230720
6.030176 0.100160
6.031072 0.230720
6.04672 0.100160
6.047616 0.230720
6.063264 0.100160
6.06416 0.230720
6.079808 0.100160
6.080704 0.230720
6.096352 0.100160
6.097248 0.230720
6.112896 0.100160
6.113792 0.230720
6.12944 0.100160
6.130336 0.230720
6.145984 0.100160
6.14688 0.230720
6.162528 0.100160
6.163424 0.230720
6.179072 0.100160
6.179968 0.230720
6.195616 0.100160
6.196512 0.230720
6.21216 0.100160
6.213056 0.230720
6.228704 0.100160
6.2296 0.230720
6.245248 0.100160
6.246144 0.230720
6.261792 0.100160
6.262688 0.230720
6.278336 0.100160
6.279232 0.230720
6.29488 0.100160
6.295776 0.230720
6.311424 0.100160
6.31232 0.230720
6.327968 0.100160
6.328864 0.230720
6.344512 0.100160
6.345408 0.230720
6.361056 0.100160
6.361952 0.230720
6.3776 0.100160
6.378496 0.230720
6.394144 0.100160
6.39504 0.230720
6.410688 0.100160
6.411584 0.230720
6.427232 0.100160
6.428128 0.230720
6.443776 0.100160
6.444672 0.230720
6.46032 0.100160
6.461216 0.230720
6.476864 0.100160
6.47776 0.230720
6.493408 0.100160
6.494304 0.230720
6.509952 0.100160
6.510848 0.230720
6.526496 0.100160
6.527392 0.230720
6.54304 0.100160
6.543936 0.230720
6.559584 0.100160
6.56048 0.230720
6.576128 0.100160
6.577024 0.230720
6.592672 0.100160
6.593568 0.230720
6.609216 0.100160
6.610112 0.230720
6.62576 0.100160
6.626656 0.230720
6.642304 0.100160
6.6432 0.230720
6.658848 0.100160
6.659744 0.230720
6.675392 0.100160
6.676288 0.230720
6.691936 0.100160
6.692832 0.230720
6.70848 0.100160
6.709376 0.230720
6.725024 0.100160
6.72592 0.230720
6.741568 0.100160
6.742464 0.230720
6.758112 0.100160
6.759008 0.230720
6.774656 0.100160
6.775552 0.230720
6.7912 0.100160
6.792096 0.230720
6.807744 0.100160
6.80864 0.230720
6.824288 0.100160
6.825184 0.230720
6.840832 0.100160
6.841728 0.230720
6.857376 0.100160
6.858272 0.230720
6.87392 0.100160
6.874816 0.230720
6.890464 0.100160
6.89136 0.230720
6.907008 0.100160
6.907904 0.230720
6.923552 0.100160
6.924448 0.230720
6.940096 0.100160
6.940992 0.230720
6.95664 0.100160
6.957536 0.230720
6.973184 0.100160
6.97408 0.230720
6.989728 0.100160
6.990624 0.230720
7.006272 0.100160
7.007168 0.230720
7.022816 0.100160
7.023712 0.230720
7.03936 0.100160
7.040256 0.230720
7.055904 0.100160
7.0568 0.230720
7.072448 0.100160
7.073344 0.230720
7.088992 0.100160
7.089888 0.230720
7.105536 0.100160
7.106432 0.230720
7.12208 0.100160
7.122976 0.230720
7.138624 0.100160
7.13952 0.230720
7.155168 0.100160
7.156064 0.230720
7.171712 0.100160
7.172608 0.230720
7.188256 0.100160
7.189152 0.230720
7.2048 0.100160
7.205696 0.230720
7.221344 0.100160
7.22224 0.230720
7.237888 0.100160
7.238784 0.230720
7.254432 0.100160
7.255328 0.230720
7.270976 0.100160
7.271872 0.230720
7.28752 0.100160
7.288416 0.230720
7.304064 0.100160
7.30496 0.230720
7.320608 0.100160
7.321504 0.230720
7.337152 0.100160
7.338048 0.230720
7.353696 0.100160
7.354592 0.230720
7.37024 0.100160
7.371136 0.230720
7.386784 0.100160
7.38768 0.230720
7.403328 0.100160
7.404224 0.230720
7.419872 0.100160
7.420768 0.230720
7.436416 0.100160
7.437312 0.230720
7.45296 0.100160
7.453856 0.230720
7.469504 0.100160
7.4704 0.230720
7.486048 0.100160
7.486944 0.230720
7.502592 0.100160
7.503488 0.230720
7.519136 0.100160
7.520032 0.230720
7.53568 0.100160
7.536576 0.230720
7.552224 0.100160
7.55312 0.230720
7.568768 0.100160
7.569664 0.230720
7.585312 0.100160
7.586208 0.230720
7.601856 0.100160
7.602752 0.230720
7.6184 0.100160
7.619296 0.230720
7.634944 0.100160
7.63584 0.230720
7.651488 0.100160
7.652384 0.230720
7.668032 0.100160
7.668928 0.230720
7.684576 0.100160
7.685472 0.230720
7.70112 0.100160
7.702016 0.230720
7.717664 0.100160
7.71856 0.230720
7.734208 0.100160
7.735104 0.230720
7.750752 0.100160
7.751648 0.230720
7.767296 0.100160
7.768192 0.230720
7.78384 0.100160
7.784736 0.230720
7.800384 0.100160
7.80128 0.230720
7.816928 0.100160
7.817824 0.230720
7.833472 0.100160
7.834368 0.230720
7.850016 0.100160
7.850912 0.230720
7.86656 0.100160
7.867456 0.230720
7.883104 0.100160
7.884 0.230720
7.899648 0.100160
7.900544 0.230720
7.916192 0.100160
7.917088 0.230720
7.932736 0.100160
7.933632 0.230720
7.94928 0.100160
7.950176 0.230720
7.965824 0.100160
7.96672 0.230720
7.982368 0.100160
7.983264 0.230720
7.998912 0.100160
7.999808 0.230720
8.015456 0.100160
8.016352 0.230720
8.032 0.100160
8.032896 0.230720
8.048544 0.100160
8.04944 0.230720
8.065088 0.100160
8.065984 0.230720
8.081632 0.100160
8.082528 0.230720
8.098176 0.100160
8.099072 0.230720
8.11472 0.100160
8.115616 0.230720
8.131264 0.100160
8.13216 0.230720
8.147808 0.100160
8.148704 0.230720
8.164352 0.100160
8.165248 0.230720
8.180896 0.100160
8.181792 0.230720
8.19744 0.100160
8.198336 0.230720
8.213984 0.100160
8.21488 0.230720
8.230528 0.100160
8.231424 0.230720
8.247072 0.100160
8.247968 0.230720
8.263616 0.100160
8.264512 0.230720
8.28016 0.100160
8.281056 0.230720
8.296704 0.100160
8.2976 0.230720
8.313248 0.100160
8.314144 0.230720
8.329792 0.100160
8.330688 0.230720
8.346336 0.100160
8.347232 0.230720
8.36288 0.100160
8.363776 0.230720
8.379424 0.100160
8.38032 0.230720
8.395968 0.100160
8.396864 0.230720
8.412512 0.100160
8.413408 0.230720
8.429056 0.100160
8.429952 0.230720
8.4456 0.100160
8.446496 0.230720
8.462144 0.100160
8.46304 0.230720
8.478688 0.100160
8.479584 0.230720
8.495232 0.100160
8.496128 0.230720
8.511776 0.100160
8.512672 0.230720
8.52832 0.100160
8.529216 0.230720
8.544864 0.100160
8.54576 0.230720
8.561408 0.100160
8.562304 0.230720
8.577952 0.100160
8.578848 0.230720
8.594496 0.100160
8.595392 0.230720
8.61104 0.100160
8.611936 0.230720
8.627584 0.100160
8.62848 0.230720
8.644128 0.100160
8.645024 0.230720
8.660672 0.100160
8.661568 0.230720
8.677216 0.100160
8.678112 0.230720
8.69376 0.100160
8.694656 0.230720
8.710304 0.100160
8.7112 0.230720
8.726848 0.100160
8.727744 0.230720
8.743392 0.100160
8.744288 0.230720
8.759936 0.100160
8.760832 0.230720
8.77648 0.100160
8.777376 0.230720
8.793024 0.100160
8.79392 0.230720
8.809568 0.100160
8.810464 0.230720
8.826112 0.100160
8.827008 0.230720
8.842656 0.100160
8.843552 0.230720
8.8592 0.100160
8.860096 0.230720
8.875744 0.100160
8.87664 0.230720
8.892288 0.100160
8.893184 0.230720
8.908832 0.100160
8.909728 0.230720
8.925376 0.100160
8.926272 0.230720
8.94192 0.100160
8.942816 0.230720
8.958464 0.100160
8.95936 0.230720
8.975008 0.100160
8.975904 0.230720
8.991552 0.100160
8.992448 0.230720
9.008096 0.100160
9.008992 0.230720
9.02464 0.100160
9.025536 0.230720
9.041184 0.100160
9.04208 0.230720
9.057728 0.100160
9.058624 0.230720
9.074272 0.100160
9.075168 0.230720
9.090816 0.100160
9.091712 0.230720
9.10736 0.100160
9.108256 0.230720
9.123904 0.100160
9.1248 0.230720
9.140448 0.100160
9.141344 0.230720
9.156992 0.100160
9.157888 0.230720
9.173536 0.100160
9.174432 0.230720
9.19008 0.100160
9.190976 0.230720
9.206624 0.100160
9.20752 0.230720
9.223168 0.100160
9.224064 0.230720
9.239712 0.100160
9.240608 0.230720
9.256256 0.100160
9.257152 0.230720
9.2728 0.100160
9.273696 0.230720
9.289344 0.100160
9.29024 0.230720
9.305888 0.100160
9.306784 0.230720
9.322432 0.100160
9.323328 0.230720
9.338976 0.100160
9.339872 0.230720
9.35552 0.100160
9.356416 0.230720
9.372064 0.100160
9.37296 0.230720
9.388608 0.100160
9.389504 0.230720
9.405152 0.100160
9.406048 0.230720
9.421696 0.100160
9.422592 0.230720
9.43824 0.100160
9.439136 0.230720
9.454784 0.100160
9.45568 0.230720
9.471328 0.100160
9.472224 0.230720
9.487872 0.100160
9.488768 0.230720
9.504416 0.100160
9.505312 0.230720
9.52096 0.100160
9.521856 0.230720
9.537504 0.100160
9.5384 0.230720
9.554048 0.100160
9.554944 0.230720
9.570592 0.100160
9.571488 0.230720
9.587136 0.100160
9.588032 0.230720
9.60368 0.100160
9.604576 0.230720
9.620224 0.100160
9.62112 0.230720
9.636768 0.100160
9.637664 0.230720
9.653312 0.100160
9.654208 0.230720
9.669856 0.100160
9.670752 0.230720
9.6864 0.100160
9.687296 0.230720
9.702944 0.100160
9.70384 0.230720
9.719488 0.100160
9.720384 0.230720
9.736032 0.100160
9.736928 0.230720
9.752576 0.100160
9.753472 0.230720
9.76912 0.100160
9.770016 0.230720
9.785664 0.100160
9.78656 0.230720
9.802208 0.100160
9.803104 0.230720
9.818752 0.100160
9.819648 0.230720
9.835296 0.100160
9.836192 0.230720
9.85184 0.100160
9.852736 0.230720
9.868384 0.100160
9.86928 0.230720
9.884928 0.100160
9.885824 0.230720
9.901472 0.100160
9.902368 0.230720
9.918016 0.100160
9.918912 0.230720
9.93456 0.100160
9.935456 0.230720
9.951104 0.100160
9.952 0.230720
9.967648 0.100160
9.968544 0.230720
9.984192 0.100160
9.985088 0.230720
10.000736 0.100160
10.001632 0.230720
10.01728 0.100160
10.018176 0.230720
10.033824 0.100160
10.03472 0.230720
10.050368 0.100160
10.051264 0.230720
10.066912 0.100160
10.067808 0.230720
10.083456 0.100160
10.084352 0.230720
10.1 0.100160
10.100896 0.230720
10.116544 0.100160
10.11744 0.230720
10.133088 0.100160
10.133984 0.230720
10.149632 0.100160
10.150528 0.230720
10.166176 0.100160
10.167072 0.230720
10.18272 0.100160
10.183616 0.230720
10.199264 0.100160
10.20016 0.230720
10.215808 0.100160
10.216704 0.230720
10.232352 0.100160
10.233248 0.230720
10.248896 0.100160
10.249792 0.230720
10.26544 0.100160
10.266336 0.230720
10.281984 0.100160
10.28288 0.230720
10.298528 0.100160
10.299424 0.230720
10.315072 0.100160
10.315968 0.230720
10.331616 0.100160
10.332512 0.230720
10.34816 0.100160
10.349056 0.230720
10.364704 0.100160
10.3656 0.230720
10.381248 0.100160
10.382144 0.230720
10.397792 0.100160
10.398688 0.230720
10.414336 0.100160
10.415232 0.230720
10.43088 0.100160
10.431776 0.230720
10.447424 0.100160
10.44832 0.230720
10.463968 0.100160
10.464864 0.230720
10.480512 0.100160
10.481408 0.230720
10.497056 0.100160
10.497952 0.230720
10.5136 0.100160
10.514496 0.230720
10.530144 0.100160
10.53104 0.230720
10.546688 0.100160
10.547584 0.230720
10.563232 0.100160
10.564128 0.230720
10.579776 0.100160
10.580672 0.230720
10.59632 0.100160
10.597216 0.230720
10.612864 0.100160
10.61376 0.230720
10.629408 0.100160
10.630304 0.230720
10.645952 0.100160
10.646848 0.230720
10.662496 0.100160
10.663392 0.230720
10.67904 0.100160
10.679936 0.230720
10.695584 0.100160
10.69648 0.230720
10.712128 0.100160
10.713024 0.230720
10.728672 0.100160
10.729568 0.230720
10.745216 0.100160
10.746112 0.230720
10.76176 0.100160
10.762656 0.230720
10.778304 0.100160
10.7792 0.230720
10.794848 0.100160
10.795744 0.230720
10.811392 0.100160
10.812288 0.230720
10.827936 0.100160
10.828832 0.230720
10.84448 0.100160
10.845376 0.230720
10.861024 0.100160
10.86192 0.230720
10.877568 0.100160
10.878464 0.230720
10.894112 0.100160
10.895008 0.230720
10.910656 0.100160
10.911552 0.230720
10.9272 0.100160
10.928096 0.230720
10.943744 0.100160
10.94464 0.230720
10.960288 0.100160
10.961184 0.230720
10.976832 0.100160
10.977728 0.230720
10.993376 0.100160
10.994272 0.230720
11.00992 0.100160
11.010816 0.230720
11.026464 0.100160
11.02736 0.230720
11.043008 0.100160
11.043904 0.230720
11.059552 0.100160
11.060448 0.230720
11.076096 0.100160
11.076992 0.230720
11.09264 0.100160
11.093536 0.230720
11.109184 0.100160
11.11008 0.230720
11.125728 0.100160
11.126624 0.230720
11.142272 0.100160
11.143168 0.230720
11.158816 0.100160
11.159712 0.230720
11.17536 0.100160
11.176256 0.230720
11.191904 0.100160
11.1928 0.230720
11.208448 0.100160
11.209344 0.230720
11.224992 0.100160
11.225888 0.230720
11.241536 0.100160
11.242432 0.230720
11.25808 0.100160
11.258976 0.230720
11.274624 0.100160
11.27552 0.230720
11.291168 0.100160
11.292064 0.230720
11.307712 0.100160
11.308608 0.230720
11.324256 0.100160
11.325152 0.230720
11.3408 0.100160
11.341696 0.230720
11.357344 0.100160
11.35824 0.230720
11.373888 0.100160
11.374784 0.230720
11.390432 0.100160
11.391328 0.230720
11.406976 0.100160
11.407872 0.230720
11.42352 0.100160
11.424416 0.230720
11.440064 0.100160
11.44096 0.230720
11.456608 0.100160
11.457504 0.230720
11.473152 0.100160
11.474048 0.230720
11.489696 0.100160
11.490592 0.230720
11.50624 0.100160
11.507136 0.230720
11.522784 0.100160
11.52368 0.230720
11.539328 0.100160
11.540224 0.230720
11.555872 0.100160
11.556768 0.230720
11.572416 0.100160
11.573312 0.230720
11.58896 0.100160
11.589856 0.230720
11.605504 0.100160
11.6064 0.230720
11.622048 0.100160
11.622944 0.230720
11.638592 0.100160
11.639488 0.230720
11.655136 0.100160
11.656032 0.230720
11.67168 0.100160
11.672576 0.230720
11.688224 0.100160
11.68912 0.230720
11.704768 0.100160
11.705664 0.230720
11.721312 0.100160
11.722208 0.230720
11.737856 0.100160
11.738752 0.230720
11.7544 0.100160
11.755296 0.230720
11.770944 0.100160
11.77184 0.230720
11.787488 0.100160
11.788384 0.230720
11.804032 0.100160
11.804928 0.230720
11.820576 0.100160
11.821472 0.230720
11.83712 0.100160
11.838016 0.230720
11.853664 0.100160
11.85456 0.230720
11.870208 0.100160
11.871104 0.230720
11.886752 0.100160
11.887648 0.230720
11.903296 0.100160
11.904192 0.230720
11.91984 0.100160
11.920736 0.230720
11.936384 0.100160
11.93728 0.230720
11.952928 0.100160
11.953824 0.230720
11.969472 0.100160
11.970368 0.230720
11.986016 0.100160
11.986912 0.230720
12.00256 0.100160
12.003456 0.230720
12.019104 0.100160
12.02 0.230720
12.035648 0.100160
12.036544 0.230720
12.052192 0.100160
12.053088 0.230720
12.068736 0.100160
12.069632 0.230720
12.08528 0.100160
12.086176 0.230720
12.101824 0.100160
12.10272 0.230720
12.118368 0.100160
12.119264 0.230720
12.134912 0.100160
12.135808 0.230720
12.151456 0.100160
12.152352 0.230720
12.168 0.100160
12.168896 0.230720
12.184544 0.100160
12.18544 0.230720
12.201088 0.100160
12.201984 0.230720
12.217632 0.100160
12.218528 0.230720
12.234176 0.100160
12.235072 0.230720
12.25072 0.100160
12.251616 0.230720
12.267264 0.100160
12.26816 0.230720
12.283808 0.100160
12.284704 0.230720
12.300352 0.100160
12.301248 0.230720
12.316896 0.100160
12.317792 0.230720
12.33344 0.100160
12.334336 0.230720
12.349984 0.100160
12.35088 0.230720
12.366528 0.100160
12.367424 0.230720
12.383072 0.100160
12.383968 0.230720
12.399616 0.100160
12.400512 0.230720
12.41616 0.100160
12.417056 0.230720
12.432704 0.100160
12.4336 0.230720
12.449248 0.100160
12.450144 0.230720
12.465792 0.100160
12.466688 0.230720
12.482336 0.100160
12.483232 0.230720
12.49888 0.100160
12.499776 0.230720
12.515424 0.100160
12.51632 0.230720
12.531968 0.100160
12.532864 0.230720
12.548512 0.100160
12.549408 0.230720
12.565056 0.100160
12.565952 0.230720
12.5816 0.100160
12.582496 0.230720
12.598144 0.100160
12.59904 0.230720
12.614688 0.100160
12.615584 0.230720
12.631232 0.100160
12.632128 0.230720
12.647776 0.100160
12.648672 0.230720
12.66432 0.100160
12.665216 0.230720
12.680864 0.100160
12.68176 0.230720
12.697408 0.100160
12.698304 0.230720
12.713952 0.100160
12.714848 0.230720
12.730496 0.100160
12.731392 0.230720
12.74704 0.100160
12.747936 0.230720
12.763584 0.100160
12.76448 0.230720
12.780128 0.100160
12.781024 0.230720
12.796672 0.100160
12.797568 0.230720
12.813216 0.100160
12.814112 0.230720
12.82976 0.100160
12.830656 0.230720
12.846304 0.100160
12.8472 0.230720
12.862848 0.100160
12.863744 0.230720
12.879392 0.100160
12.880288 0.230720
12.895936 0.100160
12.896832 0.230720
12.91248 0.100160
12.913376 0.230720
12.929024 0.100160
12.92992 0.230720
12.945568 0.100160
12.946464 0.230720
12.962112 0.100160
12.963008 0.230720
12.978656 0.100160
12.979552 0.230720
12.9952 0.100160
12.996096 0.230720
13.011744 0.100160
13.01264 0.230720
13.028288 0.100160
13.029184 0.230720
13.044832 0.100160
13.045728 0.230720
13.061376 0.100160
13.062272 0.230720
13.07792 0.100160
13.078816 0.230720
13.094464 0.100160
13.09536 0.230720
13.111008 0.100160
13.111904 0.230720
13.127552 0.100160
13.128448 0.230720
13.144096 0.100160
13.144992 0.230720
13.16064 0.100160
13.161536 0.230720
13.177184 0.100160
13.17808 0.230720
13.193728 0.100160
13.194624 0.230720
13.210272 0.100160
13.211168 0.230720
13.226816 0.100160
13.227712 0.230720
13.24336 0.100160
13.244256 0.230720
13.259904 0.100160
13.2608 0.230720
13.276448 0.100160
13.277344 0.230720
13.292992 0.100160
13.293888 0.230720
13.309536 0.100160
13.310432 0.230720
13.32608 0.100160
13.326976 0.230720
13.342624 0.100160
13.34352 0.230720
13.359168 0.100160
13.360064 0.230720
13.375712 0.100160
13.376608 0.230720
13.392256 0.100160
13.393152 0.230720
13.4088 0.100160
13.409696 0.230720
13.425344 0.100160
13.42624 0.230720
13.441888 0.100160
13.442784 0.230720
13.458432 0.100160
13.459328 0.230720
13.474976 0.100160
13.475872 0.230720
13.49152 0.100160
13.492416 0.230720
13.508064 0.100160
13.50896 0.230720
13.524608 0.100160
13.525504 0.230720
13.541152 0.100160
13.542048 0.230720
13.557696 0.100160
13.558592 0.230720
13.57424 0.100160
13.575136 0.230720
13.590784 0.100160
13.59168 0.230720
13.607328 0.100160
13.608224 0.230720
13.623872 0.100160
13.624768 0.230720
13.640416 0.100160
13.641312 0.230720
13.65696 0.100160
13.657856 0.230720
13.673504 0.100160
13.6744 0.230720
13.690048 0.100160
13.690944 0.230720
13.706592 0.100160
13.707488 0.230720
13.723136 0.100160
13.724032 0.230720
13.73968 0.100160
13.740576 0.230720
13.756224 0.100160
13.75712 0.230720
13.772768 0.100160
13.773664 0.230720
13.789312 0.100160
13.790208 0.230720
13.805856 0.100160
13.806752 0.230720
13.8224 0.100160
13.823296 0.230720
13.838944 0.100160
13.83984 0.230720
13.855488 0.100160
13.856384 0.230720
13.872032 0.100160
13.872928 0.230720
13.888576 0.100160
13.889472 0.230720
13.90512 0.100160
13.906016 0.230720
13.921664 0.100160
13.92256 0.230720
13.938208 0.100160
13.939104 0.230720
13.954752 0.100160
13.955648 0.230720
13.971296 0.100160
13.972192 0.230720
13.98784 0.100160
13.988736 0.230720
14.004384 0.100160
14.00528 0.230720
14.020928 0.100160
14.021824 0.230720
14.037472 0.100160
14.038368 0.230720
14.054016 0.100160
14.054912 0.230720
14.07056 0.100160
14.071456 0.230720
14.087104 0.100160
14.088 0.230720
14.103648 0.100160
14.104544 0.230720
14.120192 0.100160
14.121088 0.230720
14.136736 0.100160
14.137632 0.230720
14.15328 0.100160
14.154176 0.230720
14.169824 0.100160
14.17072 0.230720
14.186368 0.100160
14.187264 0.230720
14.202912 0.100160
14.203808 0.230720
14.219456 0.100160
14.220352 0.230720
14.236 0.100160
14.236896 0.230720
14.252544 0.100160
14.25344 0.230720
14.269088 0.100160
14.269984 0.230720
14.285632 0.100160
14.286528 0.230720
14.302176 0.100160
14.303072 0.230720
14.31872 0.100160
14.319616 0.230720
14.335264 0.100160
14.33616 0.230720
14.351808 0.100160
14.352704 0.230720
14.368352 0.100160
14.369248 0.230720
14.384896 0.100160
14.385792 0.230720
14.40144 0.100160
14.402336 0.230720
14.417984 0.100160
14.41888 0.230720
14.434528 0.100160
14.435424 0.230720
14.451072 0.100160
14.451968 0.230720
14.467616 0.100160
14.468512 0.230720
14.48416 0.100160
14.485056 0.230720
14.500704 0.100160
14.5016 0.230720
14.517248 0.100160
14.518144 0.230720
14.533792 0.100160
14.534688 0.230720
14.550336 0.100160
14.551232 0.230720
14.56688 0.100160
14.567776 0.230720
14.583424 0.100160
14.58432 0.230720
14.599968 0.100160
14.600864 0.230720
14.616512 0.100160
14.617408 0.230720
14.633056 0.100160
14.633952 0.230720
14.6496 0.100160
14.650496 0.230720
14.666144 0.100160
14.66704 0.230720
14.682688 0.100160
14.683584 0.230720
14.699232 0.100160
14.700128 0.230720
14.715776 0.100160
14.716672 0.230720
14.73232 0.100160
14.733216 0.230720
14.748864 0.100160
14.74976 0.230720
14.765408 0.100160
14.766304 0.230720
14.781952 0.100160
14.782848 0.230720
14.798496 0.100160
14.799392 0.230720
14.81504 0.100160
14.815936 0.230720
14.831584 0.100160
14.83248 0.230720
14.848128 0.100160
14.849024 0.230720
14.864672 0.100160
14.865568 0.230720
14.881216 0.100160
14.882112 0.230720
14.89776 0.100160
14.898656 0.230720
14.914304 0.100160
14.9152 0.230720
14.930848 0.100160
14.931744 0.230720
14.947392 0.100160
14.948288 0.230720
14.963936 0.100160
14.964832 0.230720
14.98048 0.100160
14.981376 0.230720
14.997024 0.100160
14.99792 0.230720
15.013568 0.100160
15.014464 0.230720
15.030112 0.100160
15.031008 0.230720
15.046656 0.100160
15.047552 0.230720
15.0632 0.100160
15.064096 0.230720
15.079744 0.100160
15.08064 0.230720
15.096288 0.100160
15.097184 0.230720
15.112832 0.100160
15.113728 0.230720
15.129376 0.100160
15.130272 0.230720
15.14592 0.100160
15.146816 0.230720
15.162464 0.100160
15.16336 0.230720
15.179008 0.100160
15.179904 0.230720
15.195552 0.100160
15.196448 0.230720
15.212096 0.100160
15.212992 0.230720
15.22864 0.100160
15.229536 0.230720
15.245184 0.100160
15.24608 0.230720
15.261728 0.100160
15.262624 0.230720
15.278272 0.100160
15.279168 0.230720
15.294816 0.100160
15.295712 0.230720
15.31136 0.100160
15.312256 0.230720
15.327904 0.100160
15.3288 0.230720
15.344448 0.100160
15.345344 0.230720
15.360992 0.100160
15.361888 0.230720
15.377536 0.100160
15.378432 0.230720
15.39408 0.100160
15.394976 0.230720
15.410624 0.100160
15.41152 0.230720
15.427168 0.100160
15.428064 0.230720
15.443712 0.100160
15.444608 0.230720
15.460256 0.100160
15.461152 0.230720
15.4768 0.100160
15.477696 0.230720
15.493344 0.100160
15.49424 0.230720
15.509888 0.100160
15.510784 0.230720
15.526432 0.100160
15.527328 0.230720
15.542976 0.100160
15.543872 0.230720
15.55952 0.100160
15.560416 0.230720
15.576064 0.100160
15.57696 0.230720
15.592608 0.100160
15.593504 0.230720
15.609152 0.100160
15.610048 0.230720
15.625696 0.100160
15.626592 0.230720
15.64224 0.100160
15.643136 0.230720
15.658784 0.100160
15.65968 0.230720
15.675328 0.100160
15.676224 0.230720
15.691872 0.100160
15.692768 0.230720
15.708416 0.100160
15.709312 0.230720
15.72496 0.100160
15.725856 0.230720
15.741504 0.100160
15.7424 0.230720
15.758048 0.100160
15.758944 0.230720
15.774592 0.100160
15.775488 0.230720
15.791136 0.100160
15.792032 0.230720
15.80768 0.100160
15.808576 0.230720
15.824224 0.100160
15.82512 0.230720
15.840768 0.100160
15.841664 0.230720
15.857312 0.100160
15.858208 0.230720
15.873856 0.100160
15.874752 0.230720
15.8904 0.100160
15.891296 0.230720
15.906944 0.100160
15.90784 0.230720
15.923488 0.100160
15.924384 0.230720
15.940032 0.100160
15.940928 0.230720
15.956576 0.100160
15.957472 0.230720
15.97312 0.100160
15.974016 0.230720
15.989664 0.100160
15.99056 0.230720
16.006208 0.100160
16.007104 0.230720
16.022752 0.100160
16.023648 0.230720
16.039296 0.100160
16.040192 0.230720
16.05584 0.100160
16.056736 0.230720
16.072384 0.100160
16.07328 0.230720
16.088928 0.100160
16.089824 0.230720
16.105472 0.100160
16.106368 0.230720
16.122016 0.100160
16.122912 0.230720
16.13856 0.100160
16.139456 0.230720
16.155104 0.100160
16.156 0.230720
16.171648 0.100160
16.172544 0.230720
16.188192 0.100160
16.189088 0.230720
16.204736 0.100160
16.205632 0.230720
16.22128 0.100160
16.222176 0.230720
16.237824 0.100160
16.23872 0.230720
16.254368 0.100160
16.255264 0.230720
16.270912 0.100160
16.271808 0.230720
16.287456 0.100160
16.288352 0.230720
16.304 0.100160
16.304896 0.230720
16.320544 0.100160
16.32144 0.230720
16.337088 0.100160
16.337984 0.230720
16.353632 0.100160
16.354528 0.230720
16.370176 0.100160
16.371072 0.230720
16.38672 0.100160
16.387616 0.230720
16.403264 0.100160
16.40416 0.230720
16.419808 0.100160
16.420704 0.230720
16.436352 0.100160
16.437248 0.230720
16.452896 0.100160
16.453792 0.230720
16.46944 0.100160
16.470336 0.230720
16.485984 0.100160
16.48688 0.230720
16.502528 0.100160
16.503424 0.230720
16.519072 0.100160
16.519968 0.230720
16.535616 0.100160
16.536512 0.230720
16.55216 0.100160
16.553056 0.230720
16.568704 0.100160
16.5696 0.230720
16.585248 0.100160
16.586144 0.230720
16.601792 0.100160
16.602688 0.230720
16.618336 0.100160
16.619232 0.230720
16.63488 0.100160
16.635776 0.230720
16.651424 0.100160
16.65232 0.230720
16.667968 0.100160
16.668864 0.230720
16.684512 0.100160
16.685408 0.230720
16.701056 0.100160
16.701952 0.230720
16.7176 0.100160
16.718496 0.230720
16.734144 0.100160
16.73504 0.230720
16.750688 0.100160
16.751584 0.230720
16.767232 0.100160
16.768128 0.230720
16.783776 0.100160
16.784672 0.230720
16.80032 0.100160
16.801216 0.230720
16.816864 0.100160
16.81776 0.230720
16.833408 0.100160
16.834304 0.230720
16.849952 0.100160
16.850848 0.230720
16.866496 0.100160
16.867392 0.230720
16.88304 0.100160
16.883936 0.230720
16.899584 0.100160
16.90048 0.230720
16.916128 0.100160
16.917024 0.230720
16.932672 0.100160
16.933568 0.230720
16.949216 0.100160
16.950112 0.230720
16.96576 0.100160
16.966656 0.230720
16.982304 0.100160
16.9832 0.230720
16.998848 0.100160
16.999744 0.230720
17.015392 0.100160
17.016288 0.230720
17.031936 0.100160
17.032832 0.230720
17.04848 0.100160
17.049376 0.230720
17.065024 0.100160
17.06592 0.230720
17.081568 0.100160
17.082464 0.230720
17.098112 0.100160
17.099008 0.230720
17.114656 0.100160
17.115552 0.230720
17.1312 0.100160
17.132096 0.230720
17.147744 0.100160
17.14864 0.230720
17.164288 0.100160
17.165184 0.230720
17.180832 0.100160
17.181728 0.230720
17.197376 0.100160
17.198272 0.230720
17.21392 0.100160
17.214816 0.230720
17.230464 0.100160
17.23136 0.230720
17.247008 0.100160
17.247904 0.230720
17.263552 0.100160
17.264448 0.230720
17.280096 0.100160
17.280992 0.230720
17.29664 0.100160
17.297536 0.230720
17.313184 0.100160
17.31408 0.230720
17.329728 0.100160
17.330624 0.230720
17.346272 0.100160
17.347168 0.230720
17.362816 0.100160
17.363712 0.230720
17.37936 0.100160
17.380256 0.230720
17.395904 0.100160
17.3968 0.230720
17.412448 0.100160
17.413344 0.230720
17.428992 0.100160
17.429888 0.230720
17.445536 0.100160
17.446432 0.230720
17.46208 0.100160
17.462976 0.230720
17.478624 0.100160
17.47952 0.230720
17.495168 0.100160
17.496064 0.230720
17.511712 0.100160
17.512608 0.230720
17.528256 0.100160
17.529152 0.230720
17.5448 0.100160
17.545696 0.230720
17.561344 0.100160
17.56224 0.230720
17.577888 0.100160
17.578784 0.230720
17.594432 0.100160
17.595328 0.230720
17.610976 0.100160
17.611872 0.230720
17.62752 0.100160
17.628416 0.230720
17.644064 0.100160
17.64496 0.230720
17.660608 0.100160
17.661504 0.230720
17.677152 0.100160
17.678048 0.230720
17.693696 0.100160
17.694592 0.230720
17.71024 0.100160
17.711136 0.230720
17.726784 0.100160
17.72768 0.230720
17.743328 0.100160
17.744224 0.230720
17.759872 0.100160
17.760768 0.230720
17.776416 0.100160
17.777312 0.230720
17.79296 0.100160
17.793856 0.230720
17.809504 0.100160
17.8104 0.230720
17.826048 0.100160
17.826944 0.230720
17.842592 0.100160
17.843488 0.230720
17.859136 0.100160
17.860032 0.230720
17.87568 0.100160
17.876576 0.230720
17.892224 0.100160
17.89312 0.230720
17.908768 0.100160
17.909664 0.230720
17.925312 0.100160
17.926208 0.230720
17.941856 0.100160
17.942752 0.230720
17.9584 0.100160
17.959296 0.230720
17.974944 0.100160
17.97584 0.230720
17.991488 0.100160
17.992384 0.230720
18.008032 0.100160
18.008928 0.230720
18.024576 0.100160
18.025472 0.230720
18.04112 0.100160
18.042016 0.230720
18.057664 0.100160
18.05856 0.230720
18.074208 0.100160
18.075104 0.230720
18.090752 0.100160
18.091648 0.230720
18.107296 0.100160
18.108192 0.230720
18.12384 0.100160
18.124736 0.230720
18.140384 0.100160
18.14128 0.230720
18.156928 0.100160
18.157824 0.230720
18.173472 0.100160
18.174368 0.230720
18.190016 0.100160
18.190912 0.230720
18.20656 0.100160
18.207456 0.230720
18.223104 0.100160
18.224 0.230720
18.239648 0.100160
18.240544 0.230720
18.256192 0.100160
18.257088 0.230720
18.272736 0.100160
18.273632 0.230720
18.28928 0.100160
18.290176 0.230720
18.305824 0.100160
18.30672 0.230720
18.322368 0.100160
18.323264 0.230720
18.338912 0.100160
18.339808 0.230720
18.355456 0.100160
18.356352 0.230720
18.372 0.100160
18.372896 0.230720
18.388544 0.100160
18.38944 0.230720
18.405088 0.100160
18.405984 0.230720
18.421632 0.100160
18.422528 0.230720
18.438176 0.100160
18.439072 0.230720
18.45472 0.100160
18.455616 0.230720
18.471264 0.100160
18.47216 0.230720
18.487808 0.100160
18.488704 0.230720
18.504352 0.100160
18.505248 0.230720
18.520896 0.100160
18.521792 0.230720
18.53744 0.100160
18.538336 0.230720
18.553984 0.100160
18.55488 0.230720
18.570528 0.100160
18.571424 0.230720
18.587072 0.100160
18.587968 0.230720
18.603616 0.100160
18.604512 0.230720
18.62016 0.100160
18.621056 0.230720
18.636704 0.100160
18.6376 0.230720
18.653248 0.100160
18.654144 0.230720
18.669792 0.100160
18.670688 0.230720
18.686336 0.100160
18.687232 0.230720
18.70288 0.100160
18.703776 0.230720
18.719424 0.100160
18.72032 0.230720
18.735968 0.100160
18.736864 0.230720
18.752512 0.100160
18.753408 0.230720
18.769056 0.100160
18.769952 0.230720
18.7856 0.100160
18.786496 0.230720
18.802144 0.100160
18.80304 0.230720
18.818688 0.100160
18.819584 0.230720
18.835232 0.100160
18.836128 0.230720
18.851776 0.100160
18.852672 0.230720
18.86832 0.100160
18.869216 0.230720
18.884864 0.100160
18.88576 0.230720
18.901408 0.100160
18.902304 0.230720
18.917952 0.100160
18.918848 0.230720
18.934496 0.100160
18.935392 0.230720
18.95104 0.100160
18.951936 0.230720
18.967584 0.100160
18.96848 0.230720
18.984128 0.100160
18.985024 0.230720
19.000672 0.100160
19.001568 0.230720
19.017216 0.100160
19.018112 0.230720
19.03376 0.100160
19.034656 0.230720
19.050304 0.100160
19.0512 0.230720
19.066848 0.100160
19.067744 0.230720
19.083392 0.100160
19.084288 0.230720
19.099936 0.100160
19.100832 0.230720
19.11648 0.100160
19.117376 0.230720
19.133024 0.100160
19.13392 0.230720
19.149568 0.100160
19.150464 0.230720
19.166112 0.100160
19.167008 0.230720
19.182656 0.100160
19.183552 0.230720
19.1992 0.100160
19.200096 0.230720
19.215744 0.100160
19.21664 0.230720
19.232288 0.100160
19.233184 0.230720
19.248832 0.100160
19.249728 0.230720
19.265376 0.100160
19.266272 0.230720
19.28192 0.100160
19.282816 0.230720
19.298464 0.100160
19.29936 0.230720
19.315008 0.100160
19.315904 0.230720
19.331552 0.100160
19.332448 0.230720
19.348096 0.100160
19.348992 0.230720
19.36464 0.100160
19.365536 0.230720
19.381184 0.100160
19.38208 0.230720
19.397728 0.100160
19.398624 0.230720
19.414272 0.100160
19.415168 0.230720
19.430816 0.100160
19.431712 0.230720
19.44736 0.100160
19.448256 0.230720
19.463904 0.100160
19.4648 0.230720
19.480448 0.100160
19.481344 0.230720
19.496992 0.100160
19.497888 0.230720
19.513536 0.100160
19.514432 0.230720
19.53008 0.100160
19.530976 0.230720
19.546624 0.100160
19.54752 0.230720
19.563168 0.100160
19.564064 0.230720
19.579712 0.100160
19.580608 0.230720
19.596256 0.100160
19.597152 0.230720
19.6128 0.100160
19.613696 0.230720
19.629344 0.100160
19.63024 0.230720
19.645888 0.100160
19.646784 0.230720
19.662432 0.100160
19.663328 0.230720
19.678976 0.100160
19.679872 0.230720
19.69552 0.100160
19.696416 0.230720
19.712064 0.100160
19.71296 0.230720
19.728608 0.100160
19.729504 0.230720
19.745152 0.100160
19.746048 0.230720
19.761696 0.100160
19.762592 0.230720
19.77824 0.100160
19.779136 0.230720
19.794784 0.100160
19.79568 0.230720
19.811328 0.100160
19.812224 0.230720
19.827872 0.100160
19.828768 0.230720
19.844416 0.100160
19.845312 0.230720
19.86096 0.100160
19.861856 0.230720
19.877504 0.100160
19.8784 0.230720
19.894048 0.100160
19.894944 0.230720
19.910592 0.100160
19.911488 0.230720
19.927136 0.100160
19.928032 0.230720
19.94368 0.100160
19.944576 0.230720
19.960224 0.100160
19.96112 0.230720
19.976768 0.100160
19.977664 0.230720
19.993312 0.100160
19.994208 0.230720
20.009856 0.100160
20.010752 0.230720
20.0264 0.100160
20.027296 0.230720
20.042944 0.100160
20.04384 0.230720
20.059488 0.100160
20.060384 0.230720
20.076032 0.100160
20.076928 0.230720
20.092576 0.100160
20.093472 0.230720
20.10912 0.100160
20.110016 0.230720
20.125664 0.100160
20.12656 0.230720
20.142208 0.100160
20.143104 0.230720
20.158752 0.100160
20.159648 0.230720
20.175296 0.100160
20.176192 0.230720
20.19184 0.100160
20.192736 0.230720
20.208384 0.100160
20.20928 0.230720
20.224928 0.100160
20.225824 0.230720
20.241472 0.100160
20.242368 0.230720
20.258016 0.100160
20.258912 0.230720
20.27456 0.100160
20.275456 0.230720
20.291104 0.100160
20.292 0.230720
20.307648 0.100160
20.308544 0.230720
20.324192 0.100160
20.325088 0.230720
20.340736 0.100160
20.341632 0.230720
20.35728 0.100160
20.358176 0.230720
20.373824 0.100160
20.37472 0.230720
20.390368 0.100160
20.391264 0.230720
20.406912 0.100160
20.407808 0.230720
20.423456 0.100160
20.424352 0.230720
20.44 0.100160
20.440896 0.230720
20.456544 0.100160
20.45744 0.230720
20.473088 0.100160
20.473984 0.230720
20.489632 0.100160
20.490528 0.230720
20.506176 0.100160
20.507072 0.230720
20.52272 0.100160
20.523616 0.230720
20.539264 0.100160
20.54016 0.230720
20.555808 0.100160
20.556704 0.230720
20.572352 0.100160
20.573248 0.230720
20.588896 0.100160
20.589792 0.230720
20.60544 0.100160
20.606336 0.230720
20.621984 0.100160
20.62288 0.230720
20.638528 0.100160
20.639424 0.230720
20.655072 0.100160
20.655968 0.230720
20.671616 0.100160
20.672512 0.230720
20.68816 0.100160
20.689056 0.230720
20.704704 0.100160
20.7056 0.230720
20.721248 0.100160
20.722144 0.230720
20.737792 0.100160
20.738688 0.230720
20.754336 0.100160
20.755232 0.230720
20.77088 0.100160
20.771776 0.230720
20.787424 0.100160
20.78832 0.230720
20.803968 0.100160
20.804864 0.230720
20.820512 0.100160
20.821408 0.230720
20.837056 0.100160
20.837952 0.230720
20.8536 0.100160
20.854496 0.230720
20.870144 0.100160
20.87104 0.230720
20.886688 0.100160
20.887584 0.230720
20.903232 0.100160
20.904128 0.230720
20.919776 0.100160
20.920672 0.230720
20.93632 0.100160
20.937216 0.230720
20.952864 0.100160
20.95376 0.230720
20.969408 0.100160
20.970304 0.230720
20.985952 0.100160
20.986848 0.230720
21.002496 0.100160
21.003392 0.230720
21.01904 0.100160
21.019936 0.230720
21.035584 0.100160
21.03648 0.230720
21.052128 0.100160
21.053024 0.230720
21.068672 0.100160
21.069568 0.230720
21.085216 0.100160
21.086112 0.230720
21.10176 0.100160
21.102656 0.230720
21.118304 0.100160
21.1192 0.230720
21.134848 0.100160
21.135744 0.230720
21.151392 0.100160
21.152288 0.230720
21.167936 0.100160
21.168832 0.230720
21.18448 0.100160
21.185376 0.230720
21.201024 0.100160
21.20192 0.230720
21.217568 0.100160
21.218464 0.230720
21.234112 0.100160
21.235008 0.230720
21.250656 0.100160
21.251552 0.230720
21.2672 0.100160
21.268096 0.230720
21.283744 0.100160
21.28464 0.230720
21.300288 0.100160
21.301184 0.230720
21.316832 0.100160
21.317728 0.230720
21.333376 0.100160
21.334272 0.230720
21.34992 0.100160
21.350816 0.230720
21.366464 0.100160
21.36736 0.230720
21.383008 0.100160
21.383904 0.230720
21.399552 0.100160
21.400448 0.230720
21.416096 0.100160
21.416992 0.230720
21.43264 0.100160
21.433536 0.230720
21.449184 0.100160
21.45008 0.230720
21.465728 0.100160
21.466624 0.230720
21.482272 0.100160
21.483168 0.230720
21.498816 0.100160
21.499712 0.230720
21.51536 0.100160
21.516256 0.230720
21.531904 0.100160
21.5328 0.230720
21.548448 0.100160
21.549344 0.230720
21.564992 0.100160
21.565888 0.230720
21.581536 0.100160
21.582432 0.230720
21.59808 0.100160
21.598976 0.230720
21.614624 0.100160
21.61552 0.230720
21.631168 0.100160
21.632064 0.230720
21.647712 0.100160
21.648608 0.230720
21.664256 0.100160
21.665152 0.230720
21.6808 0.100160
21.681696 0.230720
21.697344 0.100160
21.69824 0.230720
21.713888 0.100160
21.714784 0.230720
21.730432 0.100160
21.731328 0.230720
21.746976 0.100160
21.747872 0.230720
21.76352 0.100160
21.764416 0.230720
21.780064 0.100160
21.78096 0.230720
21.796608 0.100160
21.797504 0.230720
21.813152 0.100160
21.814048 0.230720
21.829696 0.100160
21.830592 0.230720
21.84624 0.100160
21.847136 0.230720
21.862784 0.100160
21.86368 0.230720
21.879328 0.100160
21.880224 0.230720
21.895872 0.100160
21.896768 0.230720
21.912416 0.100160
21.913312 0.230720
21.92896 0.100160
21.929856 0.230720
21.945504 0.100160
21.9464 0.230720
21.962048 0.100160
21.962944 0.230720
21.978592 0.100160
21.979488 0.230720
21.995136 0.100160
21.996032 0.230720
22.01168 0.100160
22.012576 0.230720
22.028224 0.100160
22.02912 0.230720
22.044768 0.100160
22.045664 0.230720
22.061312 0.100160
22.062208 0.230720
22.077856 0.100160
22.078752 0.230720
22.0944 0.100160
22.095296 0.230720
22.110944 0.100160
22.11184 0.230720
22.127488 0.100160
22.128384 0.230720
22.144032 0.100160
22.144928 0.230720
22.160576 0.100160
22.161472 0.230720
22.17712 0.100160
22.178016 0.230720
22.193664 0.100160
22.19456 0.230720
22.210208 0.100160
22.211104 0.230720
22.226752 0.100160
22.227648 0.230720
22.243296 0.100160
22.244192 0.230720
22.25984 0.100160
22.260736 0.230720
22.276384 0.100160
22.27728 0.230720
22.292928 0.100160
22.293824 0.230720
22.309472 0.100160
22.310368 0.230720
22.326016 0.100160
22.326912 0.230720
22.34256 0.100160
22.343456 0.230720
22.359104 0.100160
22.36 0.230720
22.375648 0.100160
22.376544 0.230720
22.392192 0.100160
22.393088 0.230720
22.408736 0.100160
22.409632 0.230720
22.42528 0.100160
22.426176 0.230720
22.441824 0.100160
22.44272 0.230720
22.458368 0.100160
22.459264 0.230720
22.474912 0.100160
22.475808 0.230720
22.491456 0.100160
22.492352 0.230720
22.508 0.100160
22.508896 0.230720
22.524544 0.100160
22.52544 0.230720
22.541088 0.100160
22.541984 0.230720
22.557632 0.100160
22.558528 0.230720
22.574176 0.100160
22.575072 0.230720
22.59072 0.100160
22.591616 0.230720
22.607264 0.100160
22.60816 0.230720
22.623808 0.100160
22.624704 0.230720
22.640352 0.100160
22.641248 0.230720
22.656896 0.100160
22.657792 0.230720
22.67344 0.100160
22.674336 0.230720
22.689984 0.100160
22.69088 0.230720
22.706528 0.100160
22.707424 0.230720
22.723072 0.100160
22.723968 0.230720
22.739616 0.100160
22.740512 0.230720
22.75616 0.100160
22.757056 0.230720
22.772704 0.100160
22.7736 0.230720
22.789248 0.100160
22.790144 0.230720
22.805792 0.100160
22.806688 0.230720
22.822336 0.100160
22.823232 0.230720
22.83888 0.100160
22.839776 0.230720
22.855424 0.100160
22.85632 0.230720
22.871968 0.100160
22.872864 0.230720
22.888512 0.100160
22.889408 0.230720
22.905056 0.100160
22.905952 0.230720
22.9216 0.100160
22.922496 0.230720
22.938144 0.100160
22.93904 0.230720
22.954688 0.100160
22.955584 0.230720
22.971232 0.100160
22.972128 0.230720
22.987776 0.100160
22.988672 0.230720
23.00432 0.100160
23.005216 0.230720
23.020864 0.100160
23.02176 0.230720
23.037408 0.100160
23.038304 0.230720
23.053952 0.100160
23.054848 0.230720
23.070496 0.100160
23.071392 0.230720
23.08704 0.100160
23.087936 0.230720
23.103584 0.100160
23.10448 0.230720
23.120128 0.100160
23.121024 0.230720
23.136672 0.100160
23.137568 0.230720
23.153216 0.100160
23.154112 0.230720
23.16976 0.100160
23.170656 0.230720
23.186304 0.100160
23.1872 0.230720
23.202848 0.100160
23.203744 0.230720
23.219392 0.100160
23.220288 0.230720
23.235936 0.100160
23.236832 0.230720
23.25248 0.100160
23.253376 0.230720
23.269024 0.100160
23.26992 0.230720
23.285568 0.100160
23.286464 0.230720
23.302112 0.100160
23.303008 0.230720
23.318656 0.100160
23.319552 0.230720
23.3352 0.100160
23.336096 0.230720
23.351744 0.100160
23.35264 0.230720
23.368288 0.100160
23.369184 0.230720
23.384832 0.100160
23.385728 0.230720
23.401376 0.100160
23.402272 0.230720
23.41792 0.100160
23.418816 0.230720
23.434464 0.100160
23.43536 0.230720
23.451008 0.100160
23.451904 0.230720
23.467552 0.100160
23.468448 0.230720
23.484096 0.100160
23.484992 0.230720
23.50064 0.100160
23.501536 0.230720
23.517184 0.100160
23.51808 0.230720
23.533728 0.100160
23.534624 0.230720
23.550272 0.100160
23.551168 0.230720
23.566816 0.100160
23.567712 0.230720
23.58336 0.100160
23.584256 0.230720
23.599904 0.100160
23.6008 0.230720
23.616448 0.100160
23.617344 0.230720
23.632992 0.100160
23.633888 0.230720
23.649536 0.100160
23.650432 0.230720
23.66608 0.100160
23.666976 0.230720
23.682624 0.100160
23.68352 0.230720
23.699168 0.100160
23.700064 0.230720
23.715712 0.100160
23.716608 0.230720
23.732256 0.100160
23.733152 0.230720
23.7488 0.100160
23.749696 0.230720
23.765344 0.100160
23.76624 0.230720
23.781888 0.100160
23.782784 0.230720
23.798432 0.100160
23.799328 0.230720
23.814976 0.100160
23.815872 0.230720
23.83152 0.100160
23.832416 0.230720
23.848064 0.100160
23.84896 0.230720
23.864608 0.100160
23.865504 0.230720
23.881152 0.100160
23.882048 0.230720
23.897696 0.100160
23.898592 0.230720
23.91424 0.100160
23.915136 0.230720
23.930784 0.100160
23.93168 0.230720
23.947328 0.100160
23.948224 0.230720
23.963872 0.100160
23.964768 0.230720
23.980416 0.100160
23.981312 0.230720
23.99696 0.100160
23.997856 0.230720
24.013504 0.100160
24.0144 0.230720
24.030048 0.100160
24.030944 0.230720
24.046592 0.100160
24.047488 0.230720
24.063136 0.100160
24.064032 0.230720
24.07968 0.100160
24.080576 0.230720
24.096224 0.100160
24.09712 0.230720
24.112768 0.100160
24.113664 0.230720
24.129312 0.100160
24.130208 0.230720
24.145856 0.100160
24.146752 0.230720
24.1624 0.100160
24.163296 0.230720
24.178944 0.100160
24.17984 0.230720
24.195488 0.100160
24.196384 0.230720
24.212032 0.100160
24.212928 0.230720
24.228576 0.100160
24.229472 0.230720
24.24512 0.100160
24.246016 0.230720
24.261664 0.100160
24.26256 0.230720
24.278208 0.100160
24.279104 0.230720
24.294752 0.100160
24.295648 0.230720
24.311296 0.100160
24.312192 0.230720
24.32784 0.100160
24.328736 0.230720
24.344384 0.100160
24.34528 0.230720
24.360928 0.100160
24.361824 0.230720
24.377472 0.100160
24.378368 0.230720
24.394016 0.100160
24.394912 0.230720
24.41056 0.100160
24.411456 0.230720
24.427104 0.100160
24.428 0.230720
24.443648 0.100160
24.444544 0.230720
24.460192 0.100160
24.461088 0.230720
24.476736 0.100160
24.477632 0.230720
24.49328 0.100160
24.494176 0.230720
24.509824 0.100160
24.51072 0.230720
24.526368 0.100160
24.527264 0.230720
24.542912 0.100160
24.543808 0.230720
24.559456 0.100160
24.560352 0.230720
24.576 0.100160
24.576896 0.230720
24.592544 0.100160
24.59344 0.230720
24.609088 0.100160
24.609984 0.230720
24.625632 0.100160
24.626528 0.230720
24.642176 0.100160
24.643072 0.230720
24.65872 0.100160
24.659616 0.230720
24.675264 0.100160
24.67616 0.230720
24.691808 0.100160
24.692704 0.230720
24.708352 0.100160
24.709248 0.230720
24.724896 0.100160
24.725792 0.230720
24.74144 0.100160
24.742336 0.230720
24.757984 0.100160
24.75888 0.230720
24.774528 0.100160
24.775424 0.230720
24.791072 0.100160
24.791968 0.230720
24.807616 0.100160
24.808512 0.230720
24.82416 0.100160
24.825056 0.230720
24.840704 0.100160
24.8416 0.230720
24.857248 0.100160
24.858144 0.230720
24.873792 0.100160
24.874688 0.230720
24.890336 0.100160
24.891232 0.230720
24.90688 0.100160
24.907776 0.230720
24.923424 0.100160
24.92432 0.230720
24.939968 0.100160
24.940864 0.230720
24.956512 0.100160
24.957408 0.230720
24.973056 0.100160
24.973952 0.230720
24.9896 0.100160
24.990496 0.230720
25.006144 0.100160
25.00704 0.230720
25.022688 0.100160
25.023584 0.230720
25.039232 0.100160
25.040128 0.230720
25.055776 0.100160
25.056672 0.230720
25.07232 0.100160
25.073216 0.230720
25.088864 0.100160
25.08976 0.230720
25.105408 0.100160
25.106304 0.230720
25.121952 0.100160
25.122848 0.230720
25.138496 0.100160
25.139392 0.230720
25.15504 0.100160
25.155936 0.230720
25.171584 0.100160
25.17248 0.230720
25.188128 0.100160
25.189024 0.230720
25.204672 0.100160
25.205568 0.230720
25.221216 0.100160
25.222112 0.230720
25.23776 0.100160
25.238656 0.230720
25.254304 0.100160
25.2552 0.230720
25.270848 0.100160
25.271744 0.230720
25.287392 0.100160
25.288288 0.230720
25.303936 0.100160
25.304832 0.230720
25.32048 0.100160
25.321376 0.230720
25.337024 0.100160
25.33792 0.230720
25.353568 0.100160
25.354464 0.230720
25.370112 0.100160
25.371008 0.230720
25.386656 0.100160
25.387552 0.230720
25.4032 0.100160
25.404096 0.230720
25.419744 0.100160
25.42064 0.230720
25.436288 0.100160
25.437184 0.230720
25.452832 0.100160
25.453728 0.230720
25.469376 0.100160
25.470272 0.230720
25.48592 0.100160
25.486816 0.230720
25.502464 0.100160
25.50336 0.230720
25.519008 0.100160
25.519904 0.230720
25.535552 0.100160
25.536448 0.230720
25.552096 0.100160
25.552992 0.230720
25.56864 0.100160
25.569536 0.230720
25.585184 0.100160
25.58608 0.230720
25.601728 0.100160
25.602624 0.230720
25.618272 0.100160
25.619168 0.230720
25.634816 0.100160
25.635712 0.230720
25.65136 0.100160
25.652256 0.230720
25.667904 0.100160
25.6688 0.230720
25.684448 0.100160
25.685344 0.230720
25.700992 0.100160
25.701888 0.230720
25.717536 0.100160
25.718432 0.230720
25.73408 0.100160
25.734976 0.230720
25.750624 0.100160
25.75152 0.230720
25.767168 0.100160
25.768064 0.230720
25.783712 0.100160
25.784608 0.230720
25.800256 0.100160
25.801152 0.230720
25.8168 0.100160
25.817696 0.230720
25.833344 0.100160
25.83424 0.230720
25.849888 0.100160
25.850784 0.230720
25.866432 0.100160
25.867328 0.230720
25.882976 0.100160
25.883872 0.230720
25.89952 0.100160
25.900416 0.230720
25.916064 0.100160
25.91696 0.230720
25.932608 0.100160
25.933504 0.230720
25.949152 0.100160
25.950048 0.230720
25.965696 0.100160
25.966592 0.230720
25.98224 0.100160
25.983136 0.230720
25.998784 0.100160
25.99968 0.230720
26.015328 0.100160
26.016224 0.230720
26.031872 0.100160
26.032768 0.230720
26.048416 0.100160
26.049312 0.230720
26.06496 0.100160
26.065856 0.230720
26.081504 0.100160
26.0824 0.230720
26.098048 0.100160
26.098944 0.230720
26.114592 0.100160
26.115488 0.230720
26.131136 0.100160
26.132032 0.230720
26.14768 0.100160
26.148576 0.230720
26.164224 0.100160
26.16512 0.230720
26.180768 0.100160
26.181664 0.230720
26.197312 0.100160
26.198208 0.230720
26.213856 0.100160
26.214752 0.230720
26.2304 0.100160
26.231296 0.230720
26.246944 0.100160
26.24784 0.230720
26.263488 0.100160
26.264384 0.230720
26.280032 0.100160
26.280928 0.230720
26.296576 0.100160
26.297472 0.230720
26.31312 0.100160
26.314016 0.230720
26.329664 0.100160
26.33056 0.230720
26.346208 0.100160
26.347104 0.230720
26.362752 0.100160
26.363648 0.230720
26.379296 0.100160
26.380192 0.230720
26.39584 0.100160
26.396736 0.230720
26.412384 0.100160
26.41328 0.230720
26.428928 0.100160
26.429824 0.230720
26.445472 0.100160
26.446368 0.230720
26.462016 0.100160
26.462912 0.230720
26.47856 0.100160
26.479456 0.230720
26.495104 0.100160
26.496 0.230720
26.511648 0.100160
26.512544 0.230720
26.528192 0.100160
26.529088 0.230720
26.544736 0.100160
26.545632 0.230720
26.56128 0.100160
26.562176 0.230720
26.577824 0.100160
26.57872 0.230720
26.594368 0.100160
26.595264 0.230720
26.610912 0.100160
26.611808 0.230720
26.627456 0.100160
26.628352 0.230720
26.644 0.100160
26.644896 0.230720
26.660544 0.100160
26.66144 0.230720
26.677088 0.100160
26.677984 0.230720
26.693632 0.100160
26.694528 0.230720
26.710176 0.100160
26.711072 0.230720
26.72672 0.100160
26.727616 0.230720
26.743264 0.100160
26.74416 0.230720
26.759808 0.100160
26.760704 0.230720
26.776352 0.100160
26.777248 0.230720
26.792896 0.100160
26.793792 0.230720
26.80944 0.100160
26.810336 0.230720
26.825984 0.100160
26.82688 0.230720
26.842528 0.100160
26.843424 0.230720
26.859072 0.100160
26.859968 0.230720
26.875616 0.100160
26.876512 0.230720
26.89216 0.100160
26.893056 0.230720
26.908704 0.100160
26.9096 0.230720
26.925248 0.100160
26.926144 0.230720
26.941792 0.100160
26.942688 0.230720
26.958336 0.100160
26.959232 0.230720
26.97488 0.100160
26.975776 0.230720
26.991424 0.100160
26.99232 0.230720
27.007968 0.100160
27.008864 0.230720
27.024512 0.100160
27.025408 0.230720
27.041056 0.100160
27.041952 0.230720
27.0576 0.100160
27.058496 0.230720
27.074144 0.100160
27.07504 0.230720
27.090688 0.100160
27.091584 0.230720
27.107232 0.100160
27.108128 0.230720
27.123776 0.100160
27.124672 0.230720
27.14032 0.100160
27.141216 0.230720
27.156864 0.100160
27.15776 0.230720
27.173408 0.100160
27.174304 0.230720
27.189952 0.100160
27.190848 0.230720
27.206496 0.100160
27.207392 0.230720
27.22304 0.100160
27.223936 0.230720
27.239584 0.100160
27.24048 0.230720
27.256128 0.100160
27.257024 0.230720
27.272672 0.100160
27.273568 0.230720
27.289216 0.100160
27.290112 0.230720
27.30576 0.100160
27.306656 0.230720
27.322304 0.100160
27.3232 0.230720
27.338848 0.100160
27.339744 0.230720
27.355392 0.100160
27.356288 0.230720
27.371936 0.100160
27.372832 0.230720
27.38848 0.100160
27.389376 0.230720
27.405024 0.100160
27.40592 0.230720
27.421568 0.100160
27.422464 0.230720
27.438112 0.100160
27.439008 0.230720
27.454656 0.100160
27.455552 0.230720
27.4712 0.100160
27.472096 0.230720
27.487744 0.100160
27.48864 0.230720
27.504288 0.100160
27.505184 0.230720
27.520832 0.100160
27.521728 0.230720
27.537376 0.100160
27.538272 0.230720
27.55392 0.100160
27.554816 0.230720
27.570464 0.100160
27.57136 0.230720
27.587008 0.100160
27.587904 0.230720
27.603552 0.100160
27.604448 0.230720
27.620096 0.100160
27.620992 0.230720
27.63664 0.100160
27.637536 0.230720
27.653184 0.100160
27.65408 0.230720
27.669728 0.100160
27.670624 0.230720
27.686272 0.100160
27.687168 0.230720
27.702816 0.100160
27.703712 0.230720
27.71936 0.100160
27.720256 0.230720
27.735904 0.100160
27.7368 0.230720
27.752448 0.100160
27.753344 0.230720
27.768992 0.100160
27.769888 0.230720
27.785536 0.100160
27.786432 0.230720
27.80208 0.100160
27.802976 0.230720
27.818624 0.100160
27.81952 0.230720
27.835168 0.100160
27.836064 0.230720
27.851712 0.100160
27.852608 0.230720
27.868256 0.100160
27.869152 0.230720
27.8848 0.100160
27.885696 0.230720
27.901344 0.100160
27.90224 0.230720
27.917888 0.100160
27.918784 0.230720
27.934432 0.100160
27.935328 0.230720
27.950976 0.100160
27.951872 0.230720
27.96752 0.100160
27.968416 0.230720
27.984064 0.100160
27.98496 0.230720
28.000608 0.100160
28.001504 0.230720
28.017152 0.100160
28.018048 0.230720
28.033696 0.100160
28.034592 0.230720
28.05024 0.100160
28.051136 0.230720
28.066784 0.100160
28.06768 0.230720
28.083328 0.100160
28.084224 0.230720
28.099872 0.100160
28.100768 0.230720
28.116416 0.100160
28.117312 0.230720
28.13296 0.100160
28.133856 0.230720
28.149504 0.100160
28.1504 0.230720
28.166048 0.100160
28.166944 0.230720
28.182592 0.100160
28.183488 0.230720
28.199136 0.100160
28.200032 0.230720
28.21568 0.100160
28.216576 0.230720
28.232224 0.100160
28.23312 0.230720
28.248768 0.100160
28.249664 0.230720
28.265312 0.100160
28.266208 0.230720
28.281856 0.100160
28.282752 0.230720
28.2984 0.100160
28.299296 0.230720
28.314944 0.100160
28.31584 0.230720
28.331488 0.100160
28.332384 0.230720
28.348032 0.100160
28.348928 0.230720
28.364576 0.100160
28.365472 0.230720
28.38112 0.100160
28.382016 0.230720
28.397664 0.100160
28.39856 0.230720
28.414208 0.100160
28.415104 0.230720
28.430752 0.100160
28.431648 0.230720
28.447296 0.100160
28.448192 0.230720
28.46384 0.100160
28.464736 0.230720
28.480384 0.100160
28.48128 0.230720
28.496928 0.100160
28.497824 0.230720
28.513472 0.100160
28.514368 0.230720
28.530016 0.100160
28.530912 0.230720
28.54656 0.100160
28.547456 0.230720
28.563104 0.100160
28.564 0.230720
28.579648 0.100160
28.580544 0.230720
28.596192 0.100160
28.597088 0.230720
28.612736 0.100160
28.613632 0.230720
28.62928 0.100160
28.630176 0.230720
28.645824 0.100160
28.64672 0.230720
28.662368 0.100160
28.663264 0.230720
28.678912 0.100160
28.679808 0.230720
28.695456 0.100160
28.696352 0.230720
28.712 0.100160
28.712896 0.230720
28.728544 0.100160
28.72944 0.230720
28.745088 0.100160
28.745984 0.230720
28.761632 0.100160
28.762528 0.230720
28.778176 0.100160
28.779072 0.230720
28.79472 0.100160
28.795616 0.230720
28.811264 0.100160
28.81216 0.230720
28.827808 0.100160
28.828704 0.230720
28.844352 0.100160
28.845248 0.230720
28.860896 0.100160
28.861792 0.230720
28.87744 0.100160
28.878336 0.230720
28.893984 0.100160
28.89488 0.230720
28.910528 0.100160
28.911424 0.230720
28.927072 0.100160
28.927968 0.230720
28.943616 0.100160
28.944512 0.230720
28.96016 0.100160
28.961056 0.230720
28.976704 0.100160
28.9776 0.230720
28.993248 0.100160
28.994144 0.230720
29.009792 0.100160
29.010688 0.230720
29.026336 0.100160
29.027232 0.230720
29.04288 0.100160
29.043776 0.230720
29.059424 0.100160
29.06032 0.230720
29.075968 0.100160
29.076864 0.230720
29.092512 0.100160
29.093408 0.230720
29.109056 0.100160
29.109952 0.230720
29.1256 0.100160
29.126496 0.230720
29.142144 0.100160
29.14304 0.230720
29.158688 0.100160
29.159584 0.230720
29.175232 0.100160
29.176128 0.230720
29.191776 0.100160
29.192672 0.230720
29.20832 0.100160
29.209216 0.230720
29.224864 0.100160
29.22576 0.230720
29.241408 0.100160
29.242304 0.230720
29.257952 0.100160
29.258848 0.230720
29.274496 0.100160
29.275392 0.230720
29.29104 0.100160
29.291936 0.230720
29.307584 0.100160
29.30848 0.230720
29.324128 0.100160
29.325024 0.230720
29.340672 0.100160
29.341568 0.230720
29.357216 0.100160
29.358112 0.230720
29.37376 0.100160
29.374656 0.230720
29.390304 0.100160
29.3912 0.230720
29.406848 0.100160
29.407744 0.230720
29.423392 0.100160
29.424288 0.230720
29.439936 0.100160
29.440832 0.230720
29.45648 0.100160
29.457376 0.230720
29.473024 0.100160
29.47392 0.230720
29.489568 0.100160
29.490464 0.230720
29.506112 0.100160
29.507008 0.230720
29.522656 0.100160
29.523552 0.230720
29.5392 0.100160
29.540096 0.230720
29.555744 0.100160
29.55664 0.230720
29.572288 0.100160
29.573184 0.230720
29.588832 0.100160
29.589728 0.230720
29.605376 0.100160
29.606272 0.230720
29.62192 0.100160
29.622816 0.230720
29.638464 0.100160
29.63936 0.230720
29.655008 0.100160
29.655904 0.230720
29.671552 0.100160
29.672448 0.230720
29.688096 0.100160
29.688992 0.230720
29.70464 0.100160
29.705536 0.230720
29.721184 0.100160
29.72208 0.230720
29.737728 0.100160
29.738624 0.230720
29.754272 0.100160
29.755168 0.230720
29.770816 0.100160
29.771712 0.230720
29.78736 0.100160
29.788256 0.230720
29.803904 0.100160
29.8048 0.230720
29.820448 0.100160
29.821344 0.230720
29.836992 0.100160
29.837888 0.230720
29.853536 0.100160
29.854432 0.230720
29.87008 0.100160
29.870976 0.230720
29.886624 0.100160
29.88752 0.230720
29.903168 0.100160
29.904064 0.230720
29.919712 0.100160
29.920608 0.230720
29.936256 0.100160
29.937152 0.230720
29.9528 0.100160
29.953696 0.230720
29.969344 0.100160
29.97024 0.230720
29.985888 0.100160
29.986784 0.230720
30.002432 0.100160
30.003328 0.230720
30.018976 0.100160
30.019872 0.230720
30.03552 0.100160
30.036416 0.230720
30.052064 0.100160
30.05296 0.230720
30.068608 0.100160
30.069504 0.230720
30.085152 0.100160
30.086048 0.230720
30.101696 0.100160
30.102592 0.230720
30.11824 0.100160
30.119136 0.230720
30.134784 0.100160
30.13568 0.230720
30.151328 0.100160
30.152224 0.230720
30.167872 0.100160
30.168768 0.230720
30.184416 0.100160
30.185312 0.230720
30.20096 0.100160
30.201856 0.230720
30.217504 0.100160
30.2184 0.230720
30.234048 0.100160
30.234944 0.230720
30.250592 0.100160
30.251488 0.230720
30.267136 0.100160
30.268032 0.230720
30.28368 0.100160
30.284576 0.230720
30.300224 0.100160
30.30112 0.230720
30.316768 0.100160
30.317664 0.230720
30.333312 0.100160
30.334208 0.230720
30.349856 0.100160
30.350752 0.230720
30.3664 0.100160
30.367296 0.230720
30.382944 0.100160
30.38384 0.230720
30.399488 0.100160
30.400384 0.230720
30.416032 0.100160
30.416928 0.230720
30.432576 0.100160
30.433472 0.230720
30.44912 0.100160
30.450016 0.230720
30.465664 0.100160
30.46656 0.230720
30.482208 0.100160
30.483104 0.230720
30.498752 0.100160
30.499648 0.230720
30.515296 0.100160
30.516192 0.230720
30.53184 0.100160
30.532736 0.230720
30.548384 0.100160
30.54928 0.230720
30.564928 0.100160
30.565824 0.230720
30.581472 0.100160
30.582368 0.230720
30.598016 0.100160
30.598912 0.230720
30.61456 0.100160
30.615456 0.230720
30.631104 0.100160
30.632 0.230720
30.647648 0.100160
30.648544 0.230720
30.664192 0.100160
30.665088 0.230720
30.680736 0.100160
30.681632 0.230720
30.69728 0.100160
30.698176 0.230720
30.713824 0.100160
30.71472 0.230720
30.730368 0.100160
30.731264 0.230720
30.746912 0.100160
30.747808 0.230720
30.763456 0.100160
30.764352 0.230720
30.78 0.100160
30.780896 0.230720
30.796544 0.100160
30.79744 0.230720
30.813088 0.100160
30.813984 0.230720
30.829632 0.100160
30.830528 0.230720
30.846176 0.100160
30.847072 0.230720
30.86272 0.100160
30.863616 0.230720
30.879264 0.100160
30.88016 0.230720
30.895808 0.100160
30.896704 0.230720
30.912352 0.100160
30.913248 0.230720
30.928896 0.100160
30.929792 0.230720
30.94544 0.100160
30.946336 0.230720
30.961984 0.100160
30.96288 0.230720
30.978528 0.100160
30.979424 0.230720
30.995072 0.100160
30.995968 0.230720
31.011616 0.100160
31.012512 0.230720
31.02816 0.100160
31.029056 0.230720
31.044704 0.100160
31.0456 0.230720
31.061248 0.100160
31.062144 0.230720
31.077792 0.100160
31.078688 0.230720
31.094336 0.100160
31.095232 0.230720
31.11088 0.100160
31.111776 0.230720
31.127424 0.100160
31.12832 0.230720
31.143968 0.100160
31.144864 0.230720
31.160512 0.100160
31.161408 0.230720
31.177056 0.100160
31.177952 0.230720
31.1936 0.100160
31.194496 0.230720
31.210144 0.100160
31.21104 0.230720
31.226688 0.100160
31.227584 0.230720
31.243232 0.100160
31.244128 0.230720
31.259776 0.100160
31.260672 0.230720
31.27632 0.100160
31.277216 0.230720
31.292864 0.100160
31.29376 0.230720
31.309408 0.100160
31.310304 0.230720
31.325952 0.100160
31.326848 0.230720
31.342496 0.100160
31.343392 0.230720
31.35904 0.100160
31.359936 0.230720
31.375584 0.100160
31.37648 0.230720
31.392128 0.100160
31.393024 0.230720
31.408672 0.100160
31.409568 0.230720
31.425216 0.100160
31.426112 0.230720
31.44176 0.100160
31.442656 0.230720
31.458304 0.100160
31.4592 0.230720
31.474848 0.100160
31.475744 0.230720
31.491392 0.100160
31.492288 0.230720
31.507936 0.100160
31.508832 0.230720
31.52448 0.100160
31.525376 0.230720
31.541024 0.100160
31.54192 0.230720
31.557568 0.100160
31.558464 0.230720
31.574112 0.100160
31.575008 0.230720
31.590656 0.100160
31.591552 0.230720
31.6072 0.100160
31.608096 0.230720
31.623744 0.100160
31.62464 0.230720
31.640288 0.100160
31.641184 0.230720
31.656832 0.100160
31.657728 0.230720
31.673376 0.100160
31.674272 0.230720
31.68992 0.100160
31.690816 0.230720
31.706464 0.100160
31.70736 0.230720
31.723008 0.100160
31.723904 0.230720
31.739552 0.100160
31.740448 0.230720
31.756096 0.100160
31.756992 0.230720
31.77264 0.100160
31.773536 0.230720
31.789184 0.100160
31.79008 0.230720
31.805728 0.100160
31.806624 0.230720
31.822272 0.100160
31.823168 0.230720
31.838816 0.100160
31.839712 0.230720
31.85536 0.100160
31.856256 0.230720
31.871904 0.100160
31.8728 0.230720
31.888448 0.100160
31.889344 0.230720
31.904992 0.100160
31.905888 0.230720
31.921536 0.100160
31.922432 0.230720
31.93808 0.100160
31.938976 0.230720
31.954624 0.100160
31.95552 0.230720
31.971168 0.100160
31.972064 0.230720
31.987712 0.100160
31.988608 0.230720
32.004256 0.100160
32.005152 0.230720
32.0208 0.100160
32.021696 0.230720
32.037344 0.100160
32.03824 0.230720
32.053888 0.100160
32.054784 0.230720
32.070432 0.100160
32.071328 0.230720
32.086976 0.100160
32.087872 0.230720
32.10352 0.100160
32.104416 0.230720
32.120064 0.100160
32.12096 0.230720
32.136608 0.100160
32.137504 0.230720
32.153152 0.100160
32.154048 0.230720
32.169696 0.100160
32.170592 0.230720
32.18624 0.100160
32.187136 0.230720
32.202784 0.100160
32.20368 0.230720
32.219328 0.100160
32.220224 0.230720
32.235872 0.100160
32.236768 0.230720
32.252416 0.100160
32.253312 0.230720
32.26896 0.100160
32.269856 0.230720
32.285504 0.100160
32.2864 0.230720
32.302048 0.100160
32.302944 0.230720
32.318592 0.100160
32.319488 0.230720
32.335136 0.100160
32.336032 0.230720
32.35168 0.100160
32.352576 0.230720
32.368224 0.100160
32.36912 0.230720
32.384768 0.100160
32.385664 0.230720
32.401312 0.100160
32.402208 0.230720
32.417856 0.100160
32.418752 0.230720
32.4344 0.100160
32.435296 0.230720
32.450944 0.100160
32.45184 0.230720
32.467488 0.100160
32.468384 0.230720
32.484032 0.100160
32.484928 0.230720
32.500576 0.100160
32.501472 0.230720
32.51712 0.100160
32.518016 0.230720
32.533664 0.100160
32.53456 0.230720
32.550208 0.100160
32.551104 0.230720
32.566752 0.100160
32.567648 0.230720
32.583296 0.100160
32.584192 0.230720
32.59984 0.100160
32.600736 0.230720
32.616384 0.100160
32.61728 0.230720
32.632928 0.100160
32.633824 0.230720
32.649472 0.100160
32.650368 0.230720
32.666016 0.100160
32.666912 0.230720
32.68256 0.100160
32.683456 0.230720
32.699104 0.100160
32.7 0.230720
32.715648 0.100160
32.716544 0.230720
32.732192 0.100160
32.733088 0.230720
32.748736 0.100160
32.749632 0.230720
32.76528 0.100160
32.766176 0.230720
32.781824 0.100160
32.78272 0.230720
32.798368 0.100160
32.799264 0.230720
32.814912 0.100160
32.815808 0.230720
32.831456 0.100160
32.832352 0.230720
32.848 0.100160
32.848896 0.230720
32.864544 0.100160
32.86544 0.230720
32.881088 0.100160
32.881984 0.230720
32.897632 0.100160
32.898528 0.230720
32.914176 0.100160
32.915072 0.230720
32.93072 0.100160
32.931616 0.230720
32.947264 0.100160
32.94816 0.230720
32.963808 0.100160
32.964704 0.230720
32.980352 0.100160
32.981248 0.230720
32.996896 0.100160
32.997792 0.230720
33.01344 0.100160
33.014336 0.230720
33.029984 0.100160
33.03088 0.230720
33.046528 0.100160
33.047424 0.230720
33.063072 0.100160
33.063968 0.230720
33.079616 0.100160
33.080512 0.230720
33.09616 0.100160
33.097056 0.230720
33.112704 0.100160
33.1136 0.230720
33.129248 0.100160
33.130144 0.230720
33.145792 0.100160
33.146688 0.230720
33.162336 0.100160
33.163232 0.230720
33.17888 0.100160
33.179776 0.230720
33.195424 0.100160
33.19632 0.230720
33.211968 0.100160
33.212864 0.230720
33.228512 0.100160
33.229408 0.230720
33.245056 0.100160
33.245952 0.230720
33.2616 0.100160
33.262496 0.230720
33.278144 0.100160
33.27904 0.230720
33.294688 0.100160
33.295584 0.230720
33.311232 0.100160
33.312128 0.230720
33.327776 0.100160
33.328672 0.230720
33.34432 0.100160
33.345216 0.230720
33.360864 0.100160
33.36176 0.230720
33.377408 0.100160
33.378304 0.230720
33.393952 0.100160
33.394848 0.230720
33.410496 0.100160
33.411392 0.230720
33.42704 0.100160
33.427936 0.230720
33.443584 0.100160
33.44448 0.230720
33.460128 0.100160
33.461024 0.230720
33.476672 0.100160
33.477568 0.230720
33.493216 0.100160
33.494112 0.230720
33.50976 0.100160
33.510656 0.230720
33.526304 0.100160
33.5272 0.230720
33.542848 0.100160
33.543744 0.230720
33.559392 0.100160
33.560288 0.230720
33.575936 0.100160
33.576832 0.230720
33.59248 0.100160
33.593376 0.230720
33.609024 0.100160
33.60992 0.230720
33.625568 0.100160
33.626464 0.230720
33.642112 0.100160
33.643008 0.230720
33.658656 0.100160
33.659552 0.230720
33.6752 0.100160
33.676096 0.230720
33.691744 0.100160
33.69264 0.230720
33.708288 0.100160
33.709184 0.230720
33.724832 0.100160
33.725728 0.230720
33.741376 0.100160
33.742272 0.230720
33.75792 0.100160
33.758816 0.230720
33.774464 0.100160
33.77536 0.230720
33.791008 0.100160
33.791904 0.230720
33.807552 0.100160
33.808448 0.230720
33.824096 0.100160
33.824992 0.230720
33.84064 0.100160
33.841536 0.230720
33.857184 0.100160
33.85808 0.230720
33.873728 0.100160
33.874624 0.230720
33.890272 0.100160
33.891168 0.230720
33.906816 0.100160
33.907712 0.230720
33.92336 0.100160
33.924256 0.230720
33.939904 0.100160
33.9408 0.230720
33.956448 0.100160
33.957344 0.230720
33.972992 0.100160
33.973888 0.230720
33.989536 0.100160
33.990432 0.230720
34.00608 0.100160
34.006976 0.230720
34.022624 0.100160
34.02352 0.230720
34.039168 0.100160
34.040064 0.230720
34.055712 0.100160
34.056608 0.230720
34.072256 0.100160
34.073152 0.230720
34.0888 0.100160
34.089696 0.230720
34.105344 0.100160
34.10624 0.230720
34.121888 0.100160
34.122784 0.230720
34.138432 0.100160
34.139328 0.230720
34.154976 0.100160
34.155872 0.230720
34.17152 0.100160
34.172416 0.230720
34.188064 0.100160
34.18896 0.230720
34.204608 0.100160
34.205504 0.230720
34.221152 0.100160
34.222048 0.230720
34.237696 0.100160
34.238592 0.230720
34.25424 0.100160
34.255136 0.230720
34.270784 0.100160
34.27168 0.230720
34.287328 0.100160
34.288224 0.230720
34.303872 0.100160
34.304768 0.230720
34.320416 0.100160
34.321312 0.230720
34.33696 0.100160
34.337856 0.230720
34.353504 0.100160
34.3544 0.230720
34.370048 0.100160
34.370944 0.230720
34.386592 0.100160
34.387488 0.230720
34.403136 0.100160
34.404032 0.230720
34.41968 0.100160
34.420576 0.230720
34.436224 0.100160
34.43712 0.230720
34.452768 0.100160
34.453664 0.230720
34.469312 0.100160
34.470208 0.230720
34.485856 0.100160
34.486752 0.230720
34.5024 0.100160
34.503296 0.230720
34.518944 0.100160
34.51984 0.230720
34.535488 0.100160
34.536384 0.230720
34.552032 0.100160
34.552928 0.230720
34.568576 0.100160
34.569472 0.230720
34.58512 0.100160
34.586016 0.230720
34.601664 0.100160
34.60256 0.230720
34.618208 0.100160
34.619104 0.230720
34.634752 0.100160
34.635648 0.230720
34.651296 0.100160
34.652192 0.230720
34.66784 0.100160
34.668736 0.230720
34.684384 0.100160
34.68528 0.230720
34.700928 0.100160
34.701824 0.230720
34.717472 0.100160
34.718368 0.230720
34.734016 0.100160
34.734912 0.230720
34.75056 0.100160
34.751456 0.230720
34.767104 0.100160
34.768 0.230720
34.783648 0.100160
34.784544 0.230720
34.800192 0.100160
34.801088 0.230720
34.816736 0.100160
34.817632 0.230720
34.83328 0.100160
34.834176 0.230720
34.849824 0.100160
34.85072 0.230720
34.866368 0.100160
34.867264 0.230720
34.882912 0.100160
34.883808 0.230720
34.899456 0.100160
34.900352 0.230720
34.916 0.100160
34.916896 0.230720
34.932544 0.100160
34.93344 0.230720
34.949088 0.100160
34.949984 0.230720
34.965632 0.100160
34.966528 0.230720
34.982176 0.100160
34.983072 0.230720
34.99872 0.100160
34.999616 0.230720
35.015264 0.100160
35.01616 0.230720
35.031808 0.100160
35.032704 0.230720
35.048352 0.100160
35.049248 0.230720
35.064896 0.100160
35.065792 0.230720
35.08144 0.100160
35.082336 0.230720
35.097984 0.100160
35.09888 0.230720
35.114528 0.100160
35.115424 0.230720
35.131072 0.100160
35.131968 0.230720
35.147616 0.100160
35.148512 0.230720
35.16416 0.100160
35.165056 0.230720
35.180704 0.100160
35.1816 0.230720
35.197248 0.100160
35.198144 0.230720
35.213792 0.100160
35.214688 0.230720
35.230336 0.100160
35.231232 0.230720
35.24688 0.100160
35.247776 0.230720
35.263424 0.100160
35.26432 0.230720
35.279968 0.100160
35.280864 0.230720
35.296512 0.100160
35.297408 0.230720
35.313056 0.100160
35.313952 0.230720
35.3296 0.100160
35.330496 0.230720
35.346144 0.100160
35.34704 0.230720
35.362688 0.100160
35.363584 0.230720
35.379232 0.100160
35.380128 0.230720
35.395776 0.100160
35.396672 0.230720
35.41232 0.100160
35.413216 0.230720
35.428864 0.100160
35.42976 0.230720
35.445408 0.100160
35.446304 0.230720
35.461952 0.100160
35.462848 0.230720
35.478496 0.100160
35.479392 0.230720
35.49504 0.100160
35.495936 0.230720
35.511584 0.100160
35.51248 0.230720
35.528128 0.100160
35.529024 0.230720
35.544672 0.100160
35.545568 0.230720
35.561216 0.100160
35.562112 0.230720
35.57776 0.100160
35.578656 0.230720
35.594304 0.100160
35.5952 0.230720
35.610848 0.100160
35.611744 0.230720
35.627392 0.100160
35.628288 0.230720
35.643936 0.100160
35.644832 0.230720
35.66048 0.100160
35.661376 0.230720
35.677024 0.100160
35.67792 0.230720
35.693568 0.100160
35.694464 0.230720
35.710112 0.100160
35.711008 0.230720
35.726656 0.100160
35.727552 0.230720
35.7432 0.100160
35.744096 0.230720
35.759744 0.100160
35.76064 0.230720
35.776288 0.100160
35.777184 0.230720
35.792832 0.100160
35.793728 0.230720
35.809376 0.100160
35.810272 0.230720
35.82592 0.100160
35.826816 0.230720
35.842464 0.100160
35.84336 0.230720
35.859008 0.100160
35.859904 0.230720
35.875552 0.100160
35.876448 0.230720
35.892096 0.100160
35.892992 0.230720
35.90864 0.100160
35.909536 0.230720
35.925184 0.100160
35.92608 0.230720
35.941728 0.100160
35.942624 0.230720
35.958272 0.100160
35.959168 0.230720
35.974816 0.100160
35.975712 0.230720
35.99136 0.100160
35.992256 0.230720
36.007904 0.100160
36.0088 0.230720
36.024448 0.100160
36.025344 0.230720
36.040992 0.100160
36.041888 0.230720
36.057536 0.100160
36.058432 0.230720
36.07408 0.100160
36.074976 0.230720
36.090624 0.100160
36.09152 0.230720
36.107168 0.100160
36.108064 0.230720
36.123712 0.100160
36.124608 0.230720
36.140256 0.100160
36.141152 0.230720
36.1568 0.100160
36.157696 0.230720
36.173344 0.100160
36.17424 0.230720
36.189888 0.100160
36.190784 0.230720
36.206432 0.100160
36.207328 0.230720
36.222976 0.100160
36.223872 0.230720
36.23952 0.100160
36.240416 0.230720
36.256064 0.100160
36.25696 0.230720
36.272608 0.100160
36.273504 0.230720
36.289152 0.100160
36.290048 0.230720
36.305696 0.100160
36.306592 0.230720
36.32224 0.100160
36.323136 0.230720
36.338784 0.100160
36.33968 0.230720
36.355328 0.100160
36.356224 0.230720
36.371872 0.100160
36.372768 0.230720
36.388416 0.100160
36.389312 0.230720
36.40496 0.100160
36.405856 0.230720
36.421504 0.100160
36.4224 0.230720
36.438048 0.100160
36.438944 0.230720
36.454592 0.100160
36.455488 0.230720
36.471136 0.100160
36.472032 0.230720
36.48768 0.100160
36.488576 0.230720
36.504224 0.100160
36.50512 0.230720
36.520768 0.100160
36.521664 0.230720
36.537312 0.100160
36.538208 0.230720
36.553856 0.100160
36.554752 0.230720
36.5704 0.100160
36.571296 0.230720
36.586944 0.100160
36.58784 0.230720
36.603488 0.100160
36.604384 0.230720
36.620032 0.100160
36.620928 0.230720
36.636576 0.100160
36.637472 0.230720
36.65312 0.100160
36.654016 0.230720
36.669664 0.100160
36.67056 0.230720
36.686208 0.100160
36.687104 0.230720
36.702752 0.100160
36.703648 0.230720
36.719296 0.100160
36.720192 0.230720
36.73584 0.100160
36.736736 0.230720
36.752384 0.100160
36.75328 0.230720
36.768928 0.100160
36.769824 0.230720
36.785472 0.100160
36.786368 0.230720
36.802016 0.100160
36.802912 0.230720
36.81856 0.100160
36.819456 0.230720
36.835104 0.100160
36.836 0.230720
36.851648 0.100160
36.852544 0.230720
36.868192 0.100160
36.869088 0.230720
36.884736 0.100160
36.885632 0.230720
36.90128 0.100160
36.902176 0.230720
36.917824 0.100160
36.91872 0.230720
36.934368 0.100160
36.935264 0.230720
36.950912 0.100160
36.951808 0.230720
36.967456 0.100160
36.968352 0.230720
36.984 0.100160
36.984896 0.230720
37.000544 0.100160
37.00144 0.230720
37.017088 0.100160
37.017984 0.230720
37.033632 0.100160
37.034528 0.230720
37.050176 0.100160
37.051072 0.230720
37.06672 0.100160
37.067616 0.230720
37.083264 0.100160
37.08416 0.230720
37.099808 0.100160
37.100704 0.230720
37.116352 0.100160
37.117248 0.230720
37.132896 0.100160
37.133792 0.230720
37.14944 0.100160
37.150336 0.230720
37.165984 0.100160
37.16688 0.230720
37.182528 0.100160
37.183424 0.230720
37.199072 0.100160
37.199968 0.230720
37.215616 0.100160
37.216512 0.230720
37.23216 0.100160
37.233056 0.230720
37.248704 0.100160
37.2496 0.230720
37.265248 0.100160
37.266144 0.230720
37.281792 0.100160
37.282688 0.230720
37.298336 0.100160
37.299232 0.230720
37.31488 0.100160
37.315776 0.230720
37.331424 0.100160
37.33232 0.230720
37.347968 0.100160
37.348864 0.230720
37.364512 0.100160
37.365408 0.230720
37.381056 0.100160
37.381952 0.230720
37.3976 0.100160
37.398496 0.230720
37.414144 0.100160
37.41504 0.230720
37.430688 0.100160
37.431584 0.230720
37.447232 0.100160
37.448128 0.230720
37.463776 0.100160
37.464672 0.230720
37.48032 0.100160
37.481216 0.230720
37.496864 0.100160
37.49776 0.230720
37.513408 0.100160
37.514304 0.230720
37.529952 0.100160
37.530848 0.230720
37.546496 0.100160
37.547392 0.230720
37.56304 0.100160
37.563936 0.230720
37.579584 0.100160
37.58048 0.230720
37.596128 0.100160
37.597024 0.230720
37.612672 0.100160
37.613568 0.230720
37.629216 0.100160
37.630112 0.230720
37.64576 0.100160
37.646656 0.230720
37.662304 0.100160
37.6632 0.230720
37.678848 0.100160
37.679744 0.230720
37.695392 0.100160
37.696288 0.230720
37.711936 0.100160
37.712832 0.230720
37.72848 0.100160
37.729376 0.230720
37.745024 0.100160
37.74592 0.230720
37.761568 0.100160
37.762464 0.230720
37.778112 0.100160
37.779008 0.230720
37.794656 0.100160
37.795552 0.230720
37.8112 0.100160
37.812096 0.230720
37.827744 0.100160
37.82864 0.230720
37.844288 0.100160
37.845184 0.230720
37.860832 0.100160
37.861728 0.230720
37.877376 0.100160
37.878272 0.230720
37.89392 0.100160
37.894816 0.230720
37.910464 0.100160
37.91136 0.230720
37.927008 0.100160
37.927904 0.230720
37.943552 0.100160
37.944448 0.230720
37.960096 0.100160
37.960992 0.230720
37.97664 0.100160
37.977536 0.230720
37.993184 0.100160
37.99408 0.230720
38.009728 0.100160
38.010624 0.230720
38.026272 0.100160
38.027168 0.230720
38.042816 0.100160
38.043712 0.230720
38.05936 0.100160
38.060256 0.230720
38.075904 0.100160
38.0768 0.230720
38.092448 0.100160
38.093344 0.230720
38.108992 0.100160
38.109888 0.230720
38.125536 0.100160
38.126432 0.230720
38.14208 0.100160
38.142976 0.230720
38.158624 0.100160
38.15952 0.230720
38.175168 0.100160
38.176064 0.230720
38.191712 0.100160
38.192608 0.230720
38.208256 0.100160
38.209152 0.230720
38.2248 0.100160
38.225696 0.230720
38.241344 0.100160
38.24224 0.230720
38.257888 0.100160
38.258784 0.230720
38.274432 0.100160
38.275328 0.230720
38.290976 0.100160
38.291872 0.230720
38.30752 0.100160
38.308416 0.230720
38.324064 0.100160
38.32496 0.230720
38.340608 0.100160
38.341504 0.230720
38.357152 0.100160
38.358048 0.230720
38.373696 0.100160
38.374592 0.230720
38.39024 0.100160
38.391136 0.230720
38.406784 0.100160
38.40768 0.230720
38.423328 0.100160
38.424224 0.230720
38.439872 0.100160
38.440768 0.230720
38.456416 0.100160
38.457312 0.230720
38.47296 0.100160
38.473856 0.230720
38.489504 0.100160
38.4904 0.230720
38.506048 0.100160
38.506944 0.230720
38.522592 0.100160
38.523488 0.230720
38.539136 0.100160
38.540032 0.230720
38.55568 0.100160
38.556576 0.230720
38.572224 0.100160
38.57312 0.230720
38.588768 0.100160
38.589664 0.230720
38.605312 0.100160
38.606208 0.230720
38.621856 0.100160
38.622752 0.230720
38.6384 0.100160
38.639296 0.230720
38.654944 0.100160
38.65584 0.230720
38.671488 0.100160
38.672384 0.230720
38.688032 0.100160
38.688928 0.230720
38.704576 0.100160
38.705472 0.230720
38.72112 0.100160
38.722016 0.230720
38.737664 0.100160
38.73856 0.230720
38.754208 0.100160
38.755104 0.230720
38.770752 0.100160
38.771648 0.230720
38.787296 0.100160
38.788192 0.230720
38.80384 0.100160
38.804736 0.230720
38.820384 0.100160
38.82128 0.230720
38.836928 0.100160
38.837824 0.230720
38.853472 0.100160
38.854368 0.230720
38.870016 0.100160
38.870912 0.230720
38.88656 0.100160
38.887456 0.230720
38.903104 0.100160
38.904 0.230720
38.919648 0.100160
38.920544 0.230720
38.936192 0.100160
38.937088 0.230720
38.952736 0.100160
38.953632 0.230720
38.96928 0.100160
38.970176 0.230720
38.985824 0.100160
38.98672 0.230720
39.002368 0.100160
39.003264 0.230720
39.018912 0.100160
39.019808 0.230720
39.035456 0.100160
39.036352 0.230720
39.052 0.100160
39.052896 0.230720
39.068544 0.100160
39.06944 0.230720
39.085088 0.100160
39.085984 0.230720
39.101632 0.100160
39.102528 0.230720
39.118176 0.100160
39.119072 0.230720
39.13472 0.100160
39.135616 0.230720
39.151264 0.100160
39.15216 0.230720
39.167808 0.100160
39.168704 0.230720
39.184352 0.100160
39.185248 0.230720
39.200896 0.100160
39.201792 0.230720
39.21744 0.100160
39.218336 0.230720
39.233984 0.100160
39.23488 0.230720
39.250528 0.100160
39.251424 0.230720
39.267072 0.100160
39.267968 0.230720
39.283616 0.100160
39.284512 0.230720
39.30016 0.100160
39.301056 0.230720
39.316704 0.100160
39.3176 0.230720
39.333248 0.100160
39.334144 0.230720
39.349792 0.100160
39.350688 0.230720
39.366336 0.100160
39.367232 0.230720
39.38288 0.100160
39.383776 0.230720
39.399424 0.100160
39.40032 0.230720
39.415968 0.100160
39.416864 0.230720
39.432512 0.100160
39.433408 0.230720
39.449056 0.100160
39.449952 0.230720
39.4656 0.100160
39.466496 0.230720
39.482144 0.100160
39.48304 0.230720
39.498688 0.100160
39.499584 0.230720
39.515232 0.100160
39.516128 0.230720
39.531776 0.100160
39.532672 0.230720
39.54832 0.100160
39.549216 0.230720
39.564864 0.100160
39.56576 0.230720
39.581408 0.100160
39.582304 0.230720
39.597952 0.100160
39.598848 0.230720
39.614496 0.100160
39.615392 0.230720
39.63104 0.100160
39.631936 0.230720
39.647584 0.100160
39.64848 0.230720
39.664128 0.100160
39.665024 0.230720
39.680672 0.100160
39.681568 0.230720
39.697216 0.100160
39.698112 0.230720
39.71376 0.100160
39.714656 0.230720
39.730304 0.100160
39.7312 0.230720
39.746848 0.100160
39.747744 0.230720
39.763392 0.100160
39.764288 0.230720
39.779936 0.100160
39.780832 0.230720
39.79648 0.100160
39.797376 0.230720
39.813024 0.100160
39.81392 0.230720
39.829568 0.100160
39.830464 0.230720
39.846112 0.100160
39.847008 0.230720
39.862656 0.100160
39.863552 0.230720
39.8792 0.100160
39.880096 0.230720
39.895744 0.100160
39.89664 0.230720
39.912288 0.100160
39.913184 0.230720
39.928832 0.100160
39.929728 0.230720
39.945376 0.100160
39.946272 0.230720
39.96192 0.100160
39.962816 0.230720
39.978464 0.100160
39.97936 0.230720
39.995008 0.100160
39.995904 0.230720
40.011552 0.100160
40.028096 0.100160
40.04464 0.100160
40.061184 0.100160
40.077728 0.100160
40.094272 0.100160
40.110816 0.100160
40.12736 0.100160
40.143904 0.100160
40.160448 0.100160
40.176992 0.100160
40.193536 0.100160
40.21008 0.100160
40.226624 0.100160
