0.1 0.100160
0.20016 0.100160
0.30032 0.124736
0.30032 0.149472
0.425056 0.100160
0.449792 0.100160
0.525216 0.124736
0.525216 0.149472
0.549952 0.149472
0.549952 0.174208
0.649952 0.100160
0.674688 0.100160
0.699424 0.100160
0.72416 0.100160
0.750112 0.124736
0.750112 0.149472
0.774848 0.149472
0.774848 0.174208
0.799584 0.174208
0.799584 0.198944
0.82432 0.198944
0.82432 0.223680
0.874848 0.100160
0.899584 0.100160
0.92432 0.100160
0.949056 0.100160
0.973792 0.100160
0.975008 0.124736
0.975008 0.149472
0.998528 0.100160
0.999744 0.149472
0.999744 0.174208
1.023264 0.100160
1.02448 0.174208
1.02448 0.198944
1.048 0.100160
1.049216 0.198944
1.049216 0.223680
1.073952 0.223680
1.073952 0.248416
1.098688 0.248416
1.098688 0.273152
1.099744 0.100160
1.123424 0.273152
1.123424 0.297888
1.12448 0.100160
1.14816 0.297888
1.14816 0.322624
1.149216 0.100160
1.173952 0.100160
1.198688 0.100160
1.199904 0.295616
1.199904 0.320352
1.223424 0.100160
1.22464 0.320352
1.22464 0.345088
1.24816 0.100160
1.249376 0.345088
1.249376 0.369824
1.272896 0.100160
1.274112 0.369824
1.274112 0.394560
1.297632 0.100160
1.298848 0.394560
1.322368 0.100160
1.323584 0.394560
1.347104 0.100160
1.34832 0.394560
1.37184 0.100160
1.373056 0.394560
1.396576 0.100160
1.397792 0.394560
1.421312 0.100160
1.422528 0.394560
1.446048 0.100160
1.447264 0.394560
1.470784 0.100160
1.472 0.394560
1.49552 0.100160
1.496736 0.394560
1.520256 0.100160
1.521472 0.394560
1.544992 0.100160
1.546208 0.394560
1.569728 0.100160
1.570944 0.394560
1.594464 0.100160
1.59568 0.394560
1.6192 0.100160
1.620416 0.394560
1.643936 0.100160
1.645152 0.394560
1.668672 0.100160
1.669888 0.394560
1.693408 0.100160
1.694624 0.394560
1.718144 0.100160
1.71936 0.394560
1.74288 0.100160
1.744096 0.394560
1.767616 0.100160
1.768832 0.394560
1.792352 0.100160
1.793568 0.394560
1.817088 0.100160
1.818304 0.394560
1.841824 0.100160
1.84304 0.394560
1.86656 0.100160
1.867776 0.394560
1.891296 0.100160
1.892512 0.394560
1.916032 0.100160
1.917248 0.394560
1.940768 0.100160
1.941984 0.394560
1.965504 0.100160
1.96672 0.394560
1.99024 0.100160
1.991456 0.394560
2.014976 0.100160
2.016192 0.394560
2.039712 0.100160
2.040928 0.394560
2.064448 0.100160
2.065664 0.394560
2.089184 0.100160
2.0904 0.394560
2.11392 0.100160
2.115136 0.394560
2.138656 0.100160
2.139872 0.394560
2.163392 0.100160
2.164608 0.394560
2.188128 0.100160
2.189344 0.394560
2.212864 0.100160
2.21408 0.394560
2.2376 0.100160
2.238816 0.394560
2.262336 0.100160
2.263552 0.394560
2.287072 0.100160
2.288288 0.394560
2.311808 0.100160
2.313024 0.394560
2.336544 0.100160
2.33776 0.394560
2.36128 0.100160
2.362496 0.394560
2.386016 0.100160
2.387232 0.394560
2.410752 0.100160
2.411968 0.394560
2.435488 0.100160
2.436704 0.394560
2.460224 0.100160
2.46144 0.394560
2.48496 0.100160
2.486176 0.394560
2.509696 0.100160
2.510912 0.394560
2.534432 0.100160
2.535648 0.394560
2.559168 0.100160
2.560384 0.394560
2.583904 0.100160
2.58512 0.394560
2.60864 0.100160
2.609856 0.394560
2.633376 0.100160
2.634592 0.394560
2.658112 0.100160
2.659328 0.394560
2.682848 0.100160
2.684064 0.394560
2.707584 0.100160
2.7088 0.394560
2.73232 0.100160
2.733536 0.394560
2.757056 0.100160
2.758272 0.394560
2.781792 0.100160
2.783008 0.394560
2.806528 0.100160
2.807744 0.394560
2.831264 0.100160
2.83248 0.394560
2.856 0.100160
2.857216 0.394560
2.880736 0.100160
2.881952 0.394560
2.905472 0.100160
2.906688 0.394560
2.930208 0.100160
2.931424 0.394560
2.954944 0.100160
2.95616 0.394560
2.97968 0.100160
2.980896 0.394560
3.004416 0.100160
3.005632 0.394560
3.029152 0.100160
3.030368 0.394560
3.053888 0.100160
3.055104 0.394560
3.078624 0.100160
3.07984 0.394560
3.10336 0.100160
3.104576 0.394560
3.128096 0.100160
3.129312 0.394560
3.152832 0.100160
3.154048 0.394560
3.177568 0.100160
3.178784 0.394560
3.202304 0.100160
3.20352 0.394560
3.22704 0.100160
3.228256 0.394560
3.251776 0.100160
3.252992 0.394560
3.276512 0.100160
3.277728 0.394560
3.301248 0.100160
3.302464 0.394560
3.325984 0.100160
3.3272 0.394560
3.35072 0.100160
3.351936 0.394560
3.375456 0.100160
3.376672 0.394560
3.400192 0.100160
3.401408 0.394560
3.424928 0.100160
3.426144 0.394560
3.449664 0.100160
3.45088 0.394560
3.4744 0.100160
3.475616 0.394560
3.499136 0.100160
3.500352 0.394560
3.523872 0.100160
3.525088 0.394560
3.548608 0.100160
3.549824 0.394560
3.573344 0.100160
3.57456 0.394560
3.59808 0.100160
3.599296 0.394560
3.622816 0.100160
3.624032 0.394560
3.647552 0.100160
3.648768 0.394560
3.672288 0.100160
3.673504 0.394560
3.697024 0.100160
3.69824 0.394560
3.72176 0.100160
3.722976 0.394560
3.746496 0.100160
3.747712 0.394560
3.771232 0.100160
3.772448 0.394560
3.795968 0.100160
3.797184 0.394560
3.820704 0.100160
3.82192 0.394560
3.84544 0.100160
3.846656 0.394560
3.870176 0.100160
3.871392 0.394560
3.894912 0.100160
3.896128 0.394560
3.919648 0.100160
3.920864 0.394560
3.944384 0.100160
3.9456 0.394560
3.96912 0.100160
3.970336 0.394560
3.993856 0.100160
3.995072 0.394560
4.018592 0.100160
4.019808 0.394560
4.043328 0.100160
4.044544 0.394560
4.068064 0.100160
4.06928 0.394560
4.0928 0.100160
4.094016 0.394560
4.117536 0.100160
4.118752 0.394560
4.142272 0.100160
4.143488 0.394560
4.167008 0.100160
4.168224 0.394560
4.191744 0.100160
4.19296 0.394560
4.21648 0.100160
4.217696 0.394560
4.241216 0.100160
4.242432 0.394560
4.265952 0.100160
4.267168 0.394560
4.290688 0.100160
4.291904 0.394560
4.315424 0.100160
4.31664 0.394560
4.34016 0.100160
4.341376 0.394560
4.364896 0.100160
4.366112 0.394560
4.389632 0.100160
4.390848 0.394560
4.414368 0.100160
4.415584 0.394560
4.439104 0.100160
4.44032 0.394560
4.46384 0.100160
4.465056 0.394560
4.488576 0.100160
4.489792 0.394560
4.513312 0.100160
4.514528 0.394560
4.538048 0.100160
4.539264 0.394560
4.562784 0.100160
4.564 0.394560
4.58752 0.100160
4.588736 0.394560
4.612256 0.100160
4.613472 0.394560
4.636992 0.100160
4.638208 0.394560
4.661728 0.100160
4.662944 0.394560
4.686464 0.100160
4.68768 0.394560
4.7112 0.100160
4.712416 0.394560
4.735936 0.100160
4.737152 0.394560
4.760672 0.100160
4.761888 0.394560
4.785408 0.100160
4.786624 0.394560
4.810144 0.100160
4.81136 0.394560
4.83488 0.100160
4.836096 0.394560
4.859616 0.100160
4.860832 0.394560
4.884352 0.100160
4.885568 0.394560
4.909088 0.100160
4.910304 0.394560
4.933824 0.100160
4.93504 0.394560
4.95856 0.100160
4.959776 0.394560
4.983296 0.100160
4.984512 0.394560
5.008032 0.100160
5.009248 0.394560
5.032768 0.100160
5.033984 0.394560
5.057504 0.100160
5.05872 0.394560
5.08224 0.100160
5.083456 0.394560
5.106976 0.100160
5.108192 0.394560
5.131712 0.100160
5.132928 0.394560
5.156448 0.100160
5.157664 0.394560
5.181184 0.100160
5.1824 0.394560
5.20592 0.100160
5.207136 0.394560
5.230656 0.100160
5.231872 0.394560
5.255392 0.100160
5.256608 0.394560
5.280128 0.100160
5.281344 0.394560
5.304864 0.100160
5.30608 0.394560
5.3296 0.100160
5.330816 0.394560
5.354336 0.100160
5.355552 0.394560
5.379072 0.100160
5.380288 0.394560
5.403808 0.100160
5.405024 0.394560
5.428544 0.100160
5.42976 0.394560
5.45328 0.100160
5.454496 0.394560
5.478016 0.100160
5.479232 0.394560
5.502752 0.100160
5.503968 0.394560
5.527488 0.100160
5.528704 0.394560
5.552224 0.100160
5.55344 0.394560
5.57696 0.100160
5.578176 0.394560
5.601696 0.100160
5.602912 0.394560
5.626432 0.100160
5.627648 0.394560
5.651168 0.100160
5.652384 0.394560
5.675904 0.100160
5.67712 0.394560
5.70064 0.100160
5.701856 0.394560
5.725376 0.100160
5.726592 0.394560
5.750112 0.100160
5.751328 0.394560
5.774848 0.100160
5.776064 0.394560
5.799584 0.100160
5.8008 0.394560
5.82432 0.100160
5.825536 0.394560
5.849056 0.100160
5.850272 0.394560
5.873792 0.100160
5.875008 0.394560
5.898528 0.100160
5.899744 0.394560
5.923264 0.100160
5.92448 0.394560
5.948 0.100160
5.949216 0.394560
5.972736 0.100160
5.973952 0.394560
5.997472 0.100160
5.998688 0.394560
6.022208 0.100160
6.023424 0.394560
6.046944 0.100160
6.04816 0.394560
6.07168 0.100160
6.072896 0.394560
6.096416 0.100160
6.097632 0.394560
6.121152 0.100160
6.122368 0.394560
6.145888 0.100160
6.147104 0.394560
6.170624 0.100160
6.17184 0.394560
6.19536 0.100160
6.196576 0.394560
6.220096 0.100160
6.221312 0.394560
6.244832 0.100160
6.246048 0.394560
6.269568 0.100160
6.270784 0.394560
6.294304 0.100160
6.29552 0.394560
6.31904 0.100160
6.320256 0.394560
6.343776 0.100160
6.344992 0.394560
6.368512 0.100160
6.369728 0.394560
6.393248 0.100160
6.394464 0.394560
6.417984 0.100160
6.4192 0.394560
6.44272 0.100160
6.443936 0.394560
6.467456 0.100160
6.468672 0.394560
6.492192 0.100160
6.493408 0.394560
6.516928 0.100160
6.518144 0.394560
6.541664 0.100160
6.54288 0.394560
6.5664 0.100160
6.567616 0.394560
6.591136 0.100160
6.592352 0.394560
6.615872 0.100160
6.617088 0.394560
6.640608 0.100160
6.641824 0.394560
6.665344 0.100160
6.66656 0.394560
6.69008 0.100160
6.691296 0.394560
6.714816 0.100160
6.716032 0.394560
6.739552 0.100160
6.740768 0.394560
6.764288 0.100160
6.765504 0.394560
6.789024 0.100160
6.79024 0.394560
6.81376 0.100160
6.814976 0.394560
6.838496 0.100160
6.839712 0.394560
6.863232 0.100160
6.864448 0.394560
6.887968 0.100160
6.889184 0.394560
6.912704 0.100160
6.91392 0.394560
6.93744 0.100160
6.938656 0.394560
6.962176 0.100160
6.963392 0.394560
6.986912 0.100160
6.988128 0.394560
7.011648 0.100160
7.012864 0.394560
7.036384 0.100160
7.0376 0.394560
7.06112 0.100160
7.062336 0.394560
7.085856 0.100160
7.087072 0.394560
7.110592 0.100160
7.111808 0.394560
7.135328 0.100160
7.136544 0.394560
7.160064 0.100160
7.16128 0.394560
7.1848 0.100160
7.186016 0.394560
7.209536 0.100160
7.210752 0.394560
7.234272 0.100160
7.235488 0.394560
7.259008 0.100160
7.260224 0.394560
7.283744 0.100160
7.28496 0.394560
7.30848 0.100160
7.309696 0.394560
7.333216 0.100160
7.334432 0.394560
7.357952 0.100160
7.359168 0.394560
7.382688 0.100160
7.383904 0.394560
7.407424 0.100160
7.40864 0.394560
7.43216 0.100160
7.433376 0.394560
7.456896 0.100160
7.458112 0.394560
7.481632 0.100160
7.482848 0.394560
7.506368 0.100160
7.507584 0.394560
7.531104 0.100160
7.53232 0.394560
7.55584 0.100160
7.557056 0.394560
7.580576 0.100160
7.581792 0.394560
7.605312 0.100160
7.606528 0.394560
7.630048 0.100160
7.631264 0.394560
7.654784 0.100160
7.656 0.394560
7.67952 0.100160
7.680736 0.394560
7.704256 0.100160
7.705472 0.394560
7.728992 0.100160
7.730208 0.394560
7.753728 0.100160
7.754944 0.394560
7.778464 0.100160
7.77968 0.394560
7.8032 0.100160
7.804416 0.394560
7.827936 0.100160
7.829152 0.394560
7.852672 0.100160
7.853888 0.394560
7.877408 0.100160
7.878624 0.394560
7.902144 0.100160
7.90336 0.394560
7.92688 0.100160
7.928096 0.394560
7.951616 0.100160
7.952832 0.394560
7.976352 0.100160
7.977568 0.394560
8.001088 0.100160
8.002304 0.394560
8.025824 0.100160
8.02704 0.394560
8.05056 0.100160
8.051776 0.394560
8.075296 0.100160
8.076512 0.394560
8.100032 0.100160
8.101248 0.394560
8.124768 0.100160
8.125984 0.394560
8.149504 0.100160
8.15072 0.394560
8.17424 0.100160
8.175456 0.394560
8.198976 0.100160
8.200192 0.394560
8.223712 0.100160
8.224928 0.394560
8.248448 0.100160
8.249664 0.394560
8.273184 0.100160
8.2744 0.394560
8.29792 0.100160
8.299136 0.394560
8.322656 0.100160
8.323872 0.394560
8.347392 0.100160
8.348608 0.394560
8.372128 0.100160
8.373344 0.394560
8.396864 0.100160
8.39808 0.394560
8.4216 0.100160
8.422816 0.394560
8.446336 0.100160
8.447552 0.394560
8.471072 0.100160
8.472288 0.394560
8.495808 0.100160
8.497024 0.394560
8.520544 0.100160
8.52176 0.394560
8.54528 0.100160
8.546496 0.394560
8.570016 0.100160
8.571232 0.394560
8.594752 0.100160
8.595968 0.394560
8.619488 0.100160
8.620704 0.394560
8.644224 0.100160
8.64544 0.394560
8.66896 0.100160
8.670176 0.394560
8.693696 0.100160
8.694912 0.394560
8.718432 0.100160
8.719648 0.394560
8.743168 0.100160
8.744384 0.394560
8.767904 0.100160
8.76912 0.394560
8.79264 0.100160
8.793856 0.394560
8.817376 0.100160
8.818592 0.394560
8.842112 0.100160
8.843328 0.394560
8.866848 0.100160
8.868064 0.394560
8.891584 0.100160
8.8928 0.394560
8.91632 0.100160
8.917536 0.394560
8.941056 0.100160
8.942272 0.394560
8.965792 0.100160
8.967008 0.394560
8.990528 0.100160
8.991744 0.394560
9.015264 0.100160
9.01648 0.394560
9.04 0.100160
9.041216 0.394560
9.064736 0.100160
9.065952 0.394560
9.089472 0.100160
9.090688 0.394560
9.114208 0.100160
9.115424 0.394560
9.138944 0.100160
9.14016 0.394560
9.16368 0.100160
9.164896 0.394560
9.188416 0.100160
9.189632 0.394560
9.213152 0.100160
9.214368 0.394560
9.237888 0.100160
9.239104 0.394560
9.262624 0.100160
9.26384 0.394560
9.28736 0.100160
9.288576 0.394560
9.312096 0.100160
9.313312 0.394560
9.336832 0.100160
9.338048 0.394560
9.361568 0.100160
9.362784 0.394560
9.386304 0.100160
9.38752 0.394560
9.41104 0.100160
9.412256 0.394560
9.435776 0.100160
9.436992 0.394560
9.460512 0.100160
9.461728 0.394560
9.485248 0.100160
9.486464 0.394560
9.509984 0.100160
9.5112 0.394560
9.53472 0.100160
9.535936 0.394560
9.559456 0.100160
9.560672 0.394560
9.584192 0.100160
9.585408 0.394560
9.608928 0.100160
9.610144 0.394560
9.633664 0.100160
9.63488 0.394560
9.6584 0.100160
9.659616 0.394560
9.683136 0.100160
9.684352 0.394560
9.707872 0.100160
9.709088 0.394560
9.732608 0.100160
9.733824 0.394560
9.757344 0.100160
9.75856 0.394560
9.78208 0.100160
9.783296 0.394560
9.806816 0.100160
9.808032 0.394560
9.831552 0.100160
9.832768 0.394560
9.856288 0.100160
9.857504 0.394560
9.881024 0.100160
9.88224 0.394560
9.90576 0.100160
9.906976 0.394560
9.930496 0.100160
9.931712 0.394560
9.955232 0.100160
9.956448 0.394560
9.979968 0.100160
9.981184 0.394560
10.004704 0.100160
10.00592 0.394560
10.02944 0.100160
10.030656 0.394560
10.054176 0.100160
10.055392 0.394560
10.078912 0.100160
10.080128 0.394560
10.103648 0.100160
10.104864 0.394560
10.128384 0.100160
10.1296 0.394560
10.15312 0.100160
10.154336 0.394560
10.177856 0.100160
10.179072 0.394560
10.202592 0.100160
10.203808 0.394560
10.227328 0.100160
10.228544 0.394560
10.252064 0.100160
10.25328 0.394560
10.2768 0.100160
10.278016 0.394560
10.301536 0.100160
10.302752 0.394560
10.326272 0.100160
10.327488 0.394560
10.351008 0.100160
10.352224 0.394560
10.375744 0.100160
10.37696 0.394560
10.40048 0.100160
10.401696 0.394560
10.425216 0.100160
10.426432 0.394560
10.449952 0.100160
10.451168 0.394560
10.474688 0.100160
10.475904 0.394560
10.499424 0.100160
10.50064 0.394560
10.52416 0.100160
10.525376 0.394560
10.548896 0.100160
10.550112 0.394560
10.573632 0.100160
10.574848 0.394560
10.598368 0.100160
10.599584 0.394560
10.623104 0.100160
10.62432 0.394560
10.64784 0.100160
10.649056 0.394560
10.672576 0.100160
10.673792 0.394560
10.697312 0.100160
10.698528 0.394560
10.722048 0.100160
10.723264 0.394560
10.746784 0.100160
10.748 0.394560
10.77152 0.100160
10.772736 0.394560
10.796256 0.100160
10.797472 0.394560
10.820992 0.100160
10.822208 0.394560
10.845728 0.100160
10.846944 0.394560
10.870464 0.100160
10.87168 0.394560
10.8952 0.100160
10.896416 0.394560
10.919936 0.100160
10.921152 0.394560
10.944672 0.100160
10.945888 0.394560
10.969408 0.100160
10.970624 0.394560
10.994144 0.100160
10.99536 0.394560
11.01888 0.100160
11.020096 0.394560
11.043616 0.100160
11.044832 0.394560
11.068352 0.100160
11.069568 0.394560
11.093088 0.100160
11.094304 0.394560
11.117824 0.100160
11.11904 0.394560
11.14256 0.100160
11.143776 0.394560
11.167296 0.100160
11.168512 0.394560
11.192032 0.100160
11.193248 0.394560
11.216768 0.100160
11.217984 0.394560
11.241504 0.100160
11.24272 0.394560
11.26624 0.100160
11.267456 0.394560
11.290976 0.100160
11.292192 0.394560
11.315712 0.100160
11.316928 0.394560
11.340448 0.100160
11.341664 0.394560
11.365184 0.100160
11.3664 0.394560
11.38992 0.100160
11.391136 0.394560
11.414656 0.100160
11.415872 0.394560
11.439392 0.100160
11.440608 0.394560
11.464128 0.100160
11.465344 0.394560
11.488864 0.100160
11.49008 0.394560
11.5136 0.100160
11.514816 0.394560
11.538336 0.100160
11.539552 0.394560
11.563072 0.100160
11.564288 0.394560
11.587808 0.100160
11.589024 0.394560
11.612544 0.100160
11.61376 0.394560
11.63728 0.100160
11.638496 0.394560
11.662016 0.100160
11.663232 0.394560
11.686752 0.100160
11.687968 0.394560
11.711488 0.100160
11.712704 0.394560
11.736224 0.100160
11.73744 0.394560
11.76096 0.100160
11.762176 0.394560
11.785696 0.100160
11.786912 0.394560
11.810432 0.100160
11.811648 0.394560
11.835168 0.100160
11.836384 0.394560
11.859904 0.100160
11.86112 0.394560
11.88464 0.100160
11.885856 0.394560
11.909376 0.100160
11.910592 0.394560
11.934112 0.100160
11.935328 0.394560
11.958848 0.100160
11.960064 0.394560
11.983584 0.100160
11.9848 0.394560
12.00832 0.100160
12.009536 0.394560
12.033056 0.100160
12.034272 0.394560
12.057792 0.100160
12.059008 0.394560
12.082528 0.100160
12.083744 0.394560
12.107264 0.100160
12.10848 0.394560
12.132 0.100160
12.133216 0.394560
12.156736 0.100160
12.157952 0.394560
12.181472 0.100160
12.182688 0.394560
12.206208 0.100160
12.207424 0.394560
12.230944 0.100160
12.23216 0.394560
12.25568 0.100160
12.256896 0.394560
12.280416 0.100160
12.281632 0.394560
12.305152 0.100160
12.306368 0.394560
12.329888 0.100160
12.331104 0.394560
12.354624 0.100160
12.35584 0.394560
12.37936 0.100160
12.380576 0.394560
12.404096 0.100160
12.405312 0.394560
12.428832 0.100160
12.430048 0.394560
12.453568 0.100160
12.454784 0.394560
12.478304 0.100160
12.47952 0.394560
12.50304 0.100160
12.504256 0.394560
12.527776 0.100160
12.528992 0.394560
12.552512 0.100160
12.553728 0.394560
12.577248 0.100160
12.578464 0.394560
12.601984 0.100160
12.6032 0.394560
12.62672 0.100160
12.627936 0.394560
12.651456 0.100160
12.652672 0.394560
12.676192 0.100160
12.677408 0.394560
12.700928 0.100160
12.702144 0.394560
12.725664 0.100160
12.72688 0.394560
12.7504 0.100160
12.751616 0.394560
12.775136 0.100160
12.776352 0.394560
12.799872 0.100160
12.801088 0.394560
12.824608 0.100160
12.825824 0.394560
12.849344 0.100160
12.85056 0.394560
12.87408 0.100160
12.875296 0.394560
12.898816 0.100160
12.900032 0.394560
12.923552 0.100160
12.924768 0.394560
12.948288 0.100160
12.949504 0.394560
12.973024 0.100160
12.97424 0.394560
12.99776 0.100160
12.998976 0.394560
13.022496 0.100160
13.023712 0.394560
13.047232 0.100160
13.048448 0.394560
13.071968 0.100160
13.073184 0.394560
13.096704 0.100160
13.09792 0.394560
13.12144 0.100160
13.122656 0.394560
13.146176 0.100160
13.147392 0.394560
13.170912 0.100160
13.172128 0.394560
13.195648 0.100160
13.196864 0.394560
13.220384 0.100160
13.2216 0.394560
13.24512 0.100160
13.246336 0.394560
13.269856 0.100160
13.271072 0.394560
13.294592 0.100160
13.295808 0.394560
13.319328 0.100160
13.320544 0.394560
13.344064 0.100160
13.34528 0.394560
13.3688 0.100160
13.370016 0.394560
13.393536 0.100160
13.394752 0.394560
13.418272 0.100160
13.419488 0.394560
13.443008 0.100160
13.444224 0.394560
13.467744 0.100160
13.46896 0.394560
13.49248 0.100160
13.493696 0.394560
13.517216 0.100160
13.518432 0.394560
13.541952 0.100160
13.543168 0.394560
13.566688 0.100160
13.567904 0.394560
13.591424 0.100160
13.59264 0.394560
13.61616 0.100160
13.617376 0.394560
13.640896 0.100160
13.642112 0.394560
13.665632 0.100160
13.666848 0.394560
13.690368 0.100160
13.691584 0.394560
13.715104 0.100160
13.71632 0.394560
13.73984 0.100160
13.741056 0.394560
13.764576 0.100160
13.765792 0.394560
13.789312 0.100160
13.790528 0.394560
13.814048 0.100160
13.815264 0.394560
13.838784 0.100160
13.84 0.394560
13.86352 0.100160
13.864736 0.394560
13.888256 0.100160
13.889472 0.394560
13.912992 0.100160
13.914208 0.394560
13.937728 0.100160
13.938944 0.394560
13.962464 0.100160
13.96368 0.394560
13.9872 0.100160
13.988416 0.394560
14.011936 0.100160
14.013152 0.394560
14.036672 0.100160
14.037888 0.394560
14.061408 0.100160
14.062624 0.394560
14.086144 0.100160
14.08736 0.394560
14.11088 0.100160
14.112096 0.394560
14.135616 0.100160
14.136832 0.394560
14.160352 0.100160
14.161568 0.394560
14.185088 0.100160
14.186304 0.394560
14.209824 0.100160
14.21104 0.394560
14.23456 0.100160
14.235776 0.394560
14.259296 0.100160
14.260512 0.394560
14.284032 0.100160
14.285248 0.394560
14.308768 0.100160
14.309984 0.394560
14.333504 0.100160
14.33472 0.394560
14.35824 0.100160
14.359456 0.394560
14.382976 0.100160
14.384192 0.394560
14.407712 0.100160
14.408928 0.394560
14.432448 0.100160
14.433664 0.394560
14.457184 0.100160
14.4584 0.394560
14.48192 0.100160
14.483136 0.394560
14.506656 0.100160
14.507872 0.394560
14.531392 0.100160
14.532608 0.394560
14.556128 0.100160
14.557344 0.394560
14.580864 0.100160
14.58208 0.394560
14.6056 0.100160
14.606816 0.394560
14.630336 0.100160
14.631552 0.394560
14.655072 0.100160
14.656288 0.394560
14.679808 0.100160
14.681024 0.394560
14.704544 0.100160
14.70576 0.394560
14.72928 0.100160
14.730496 0.394560
14.754016 0.100160
14.755232 0.394560
14.778752 0.100160
14.779968 0.394560
14.803488 0.100160
14.804704 0.394560
14.828224 0.100160
14.82944 0.394560
14.85296 0.100160
14.854176 0.394560
14.877696 0.100160
14.878912 0.394560
14.902432 0.100160
14.903648 0.394560
14.927168 0.100160
14.928384 0.394560
14.951904 0.100160
14.95312 0.394560
14.97664 0.100160
14.977856 0.394560
15.001376 0.100160
15.002592 0.394560
15.026112 0.100160
15.027328 0.394560
15.050848 0.100160
15.052064 0.394560
15.075584 0.100160
15.0768 0.394560
15.10032 0.100160
15.101536 0.394560
15.125056 0.100160
15.126272 0.394560
15.149792 0.100160
15.151008 0.394560
15.174528 0.100160
15.175744 0.394560
15.199264 0.100160
15.20048 0.394560
15.224 0.100160
15.225216 0.394560
15.248736 0.100160
15.249952 0.394560
15.273472 0.100160
15.274688 0.394560
15.298208 0.100160
15.299424 0.394560
15.322944 0.100160
15.32416 0.394560
15.34768 0.100160
15.348896 0.394560
15.372416 0.100160
15.373632 0.394560
15.397152 0.100160
15.398368 0.394560
15.421888 0.100160
15.423104 0.394560
15.446624 0.100160
15.44784 0.394560
15.47136 0.100160
15.472576 0.394560
15.496096 0.100160
15.497312 0.394560
15.520832 0.100160
15.522048 0.394560
15.545568 0.100160
15.546784 0.394560
15.570304 0.100160
15.57152 0.394560
15.59504 0.100160
15.596256 0.394560
15.619776 0.100160
15.620992 0.394560
15.644512 0.100160
15.645728 0.394560
15.669248 0.100160
15.670464 0.394560
15.693984 0.100160
15.6952 0.394560
15.71872 0.100160
15.719936 0.394560
15.743456 0.100160
15.744672 0.394560
15.768192 0.100160
15.769408 0.394560
15.792928 0.100160
15.794144 0.394560
15.817664 0.100160
15.81888 0.394560
15.8424 0.100160
15.843616 0.394560
15.867136 0.100160
15.868352 0.394560
15.891872 0.100160
15.893088 0.394560
15.916608 0.100160
15.917824 0.394560
15.941344 0.100160
15.94256 0.394560
15.96608 0.100160
15.967296 0.394560
15.990816 0.100160
15.992032 0.394560
16.015552 0.100160
16.016768 0.394560
16.040288 0.100160
16.041504 0.394560
16.065024 0.100160
16.06624 0.394560
16.08976 0.100160
16.090976 0.394560
16.114496 0.100160
16.115712 0.394560
16.139232 0.100160
16.140448 0.394560
16.163968 0.100160
16.165184 0.394560
16.188704 0.100160
16.18992 0.394560
16.21344 0.100160
16.214656 0.394560
16.238176 0.100160
16.239392 0.394560
16.262912 0.100160
16.264128 0.394560
16.287648 0.100160
16.288864 0.394560
16.312384 0.100160
16.3136 0.394560
16.33712 0.100160
16.338336 0.394560
16.361856 0.100160
16.363072 0.394560
16.386592 0.100160
16.387808 0.394560
16.411328 0.100160
16.412544 0.394560
16.436064 0.100160
16.43728 0.394560
16.4608 0.100160
16.462016 0.394560
16.485536 0.100160
16.486752 0.394560
16.510272 0.100160
16.511488 0.394560
16.535008 0.100160
16.536224 0.394560
16.559744 0.100160
16.56096 0.394560
16.58448 0.100160
16.585696 0.394560
16.609216 0.100160
16.610432 0.394560
16.633952 0.100160
16.635168 0.394560
16.658688 0.100160
16.659904 0.394560
16.683424 0.100160
16.68464 0.394560
16.70816 0.100160
16.709376 0.394560
16.732896 0.100160
16.734112 0.394560
16.757632 0.100160
16.758848 0.394560
16.782368 0.100160
16.783584 0.394560
16.807104 0.100160
16.80832 0.394560
16.83184 0.100160
16.833056 0.394560
16.856576 0.100160
16.857792 0.394560
16.881312 0.100160
16.882528 0.394560
16.906048 0.100160
16.907264 0.394560
16.930784 0.100160
16.932 0.394560
16.95552 0.100160
16.956736 0.394560
16.980256 0.100160
16.981472 0.394560
17.004992 0.100160
17.006208 0.394560
17.029728 0.100160
17.030944 0.394560
17.054464 0.100160
17.05568 0.394560
17.0792 0.100160
17.080416 0.394560
17.103936 0.100160
17.105152 0.394560
17.128672 0.100160
17.129888 0.394560
17.153408 0.100160
17.154624 0.394560
17.178144 0.100160
17.17936 0.394560
17.20288 0.100160
17.204096 0.394560
17.227616 0.100160
17.228832 0.394560
17.252352 0.100160
17.253568 0.394560
17.277088 0.100160
17.278304 0.394560
17.301824 0.100160
17.30304 0.394560
17.32656 0.100160
17.327776 0.394560
17.351296 0.100160
17.352512 0.394560
17.376032 0.100160
17.377248 0.394560
17.400768 0.100160
17.401984 0.394560
17.425504 0.100160
17.42672 0.394560
17.45024 0.100160
17.451456 0.394560
17.474976 0.100160
17.476192 0.394560
17.499712 0.100160
17.500928 0.394560
17.524448 0.100160
17.525664 0.394560
17.549184 0.100160
17.5504 0.394560
17.57392 0.100160
17.575136 0.394560
17.598656 0.100160
17.599872 0.394560
17.623392 0.100160
17.624608 0.394560
17.648128 0.100160
17.649344 0.394560
17.672864 0.100160
17.67408 0.394560
17.6976 0.100160
17.698816 0.394560
17.722336 0.100160
17.723552 0.394560
17.747072 0.100160
17.748288 0.394560
17.771808 0.100160
17.773024 0.394560
17.796544 0.100160
17.79776 0.394560
17.82128 0.100160
17.822496 0.394560
17.846016 0.100160
17.847232 0.394560
17.870752 0.100160
17.871968 0.394560
17.895488 0.100160
17.896704 0.394560
17.920224 0.100160
17.92144 0.394560
17.94496 0.100160
17.946176 0.394560
17.969696 0.100160
17.970912 0.394560
17.994432 0.100160
17.995648 0.394560
18.019168 0.100160
18.020384 0.394560
18.043904 0.100160
18.04512 0.394560
18.06864 0.100160
18.069856 0.394560
18.093376 0.100160
18.094592 0.394560
18.118112 0.100160
18.119328 0.394560
18.142848 0.100160
18.144064 0.394560
18.167584 0.100160
18.1688 0.394560
18.19232 0.100160
18.193536 0.394560
18.217056 0.100160
18.218272 0.394560
18.241792 0.100160
18.243008 0.394560
18.266528 0.100160
18.267744 0.394560
18.291264 0.100160
18.29248 0.394560
18.316 0.100160
18.317216 0.394560
18.340736 0.100160
18.341952 0.394560
18.365472 0.100160
18.366688 0.394560
18.390208 0.100160
18.391424 0.394560
18.414944 0.100160
18.41616 0.394560
18.43968 0.100160
18.440896 0.394560
18.464416 0.100160
18.465632 0.394560
18.489152 0.100160
18.490368 0.394560
18.513888 0.100160
18.515104 0.394560
18.538624 0.100160
18.53984 0.394560
18.56336 0.100160
18.564576 0.394560
18.588096 0.100160
18.589312 0.394560
18.612832 0.100160
18.614048 0.394560
18.637568 0.100160
18.638784 0.394560
18.662304 0.100160
18.66352 0.394560
18.68704 0.100160
18.688256 0.394560
18.711776 0.100160
18.712992 0.394560
18.736512 0.100160
18.737728 0.394560
18.761248 0.100160
18.762464 0.394560
18.785984 0.100160
18.7872 0.394560
18.81072 0.100160
18.811936 0.394560
18.835456 0.100160
18.836672 0.394560
18.860192 0.100160
18.861408 0.394560
18.884928 0.100160
18.886144 0.394560
18.909664 0.100160
18.91088 0.394560
18.9344 0.100160
18.935616 0.394560
18.959136 0.100160
18.960352 0.394560
18.983872 0.100160
18.985088 0.394560
19.008608 0.100160
19.009824 0.394560
19.033344 0.100160
19.03456 0.394560
19.05808 0.100160
19.059296 0.394560
19.082816 0.100160
19.084032 0.394560
19.107552 0.100160
19.108768 0.394560
19.132288 0.100160
19.133504 0.394560
19.157024 0.100160
19.15824 0.394560
19.18176 0.100160
19.182976 0.394560
19.206496 0.100160
19.207712 0.394560
19.231232 0.100160
19.232448 0.394560
19.255968 0.100160
19.257184 0.394560
19.280704 0.100160
19.28192 0.394560
19.30544 0.100160
19.306656 0.394560
19.330176 0.100160
19.331392 0.394560
19.354912 0.100160
19.356128 0.394560
19.379648 0.100160
19.380864 0.394560
19.404384 0.100160
19.4056 0.394560
19.42912 0.100160
19.430336 0.394560
19.453856 0.100160
19.455072 0.394560
19.478592 0.100160
19.479808 0.394560
19.503328 0.100160
19.504544 0.394560
19.528064 0.100160
19.52928 0.394560
19.5528 0.100160
19.554016 0.394560
19.577536 0.100160
19.578752 0.394560
19.602272 0.100160
19.603488 0.394560
19.627008 0.100160
19.628224 0.394560
19.651744 0.100160
19.65296 0.394560
19.67648 0.100160
19.677696 0.394560
19.701216 0.100160
19.702432 0.394560
19.725952 0.100160
19.727168 0.394560
19.750688 0.100160
19.751904 0.394560
19.775424 0.100160
19.77664 0.394560
19.80016 0.100160
19.801376 0.394560
19.824896 0.100160
19.826112 0.394560
19.849632 0.100160
19.850848 0.394560
19.874368 0.100160
19.875584 0.394560
19.899104 0.100160
19.90032 0.394560
19.92384 0.100160
19.925056 0.394560
19.948576 0.100160
19.949792 0.394560
19.973312 0.100160
19.974528 0.394560
19.998048 0.100160
19.999264 0.394560
20.022784 0.100160
20.024 0.394560
20.04752 0.100160
20.048736 0.394560
20.072256 0.100160
20.073472 0.394560
20.096992 0.100160
20.098208 0.394560
20.121728 0.100160
20.122944 0.394560
20.146464 0.100160
20.14768 0.394560
20.1712 0.100160
20.172416 0.394560
20.195936 0.100160
20.197152 0.394560
20.220672 0.100160
20.221888 0.394560
20.245408 0.100160
20.246624 0.394560
20.270144 0.100160
20.27136 0.394560
20.29488 0.100160
20.296096 0.394560
20.319616 0.100160
20.320832 0.394560
20.344352 0.100160
20.345568 0.394560
20.369088 0.100160
20.370304 0.394560
20.393824 0.100160
20.39504 0.394560
20.41856 0.100160
20.419776 0.394560
20.443296 0.100160
20.444512 0.394560
20.468032 0.100160
20.469248 0.394560
20.492768 0.100160
20.493984 0.394560
20.517504 0.100160
20.51872 0.394560
20.54224 0.100160
20.543456 0.394560
20.566976 0.100160
20.568192 0.394560
20.591712 0.100160
20.592928 0.394560
20.616448 0.100160
20.617664 0.394560
20.641184 0.100160
20.6424 0.394560
20.66592 0.100160
20.667136 0.394560
20.690656 0.100160
20.691872 0.394560
20.715392 0.100160
20.716608 0.394560
20.740128 0.100160
20.741344 0.394560
20.764864 0.100160
20.76608 0.394560
20.7896 0.100160
20.790816 0.394560
20.814336 0.100160
20.815552 0.394560
20.839072 0.100160
20.840288 0.394560
20.863808 0.100160
20.865024 0.394560
20.888544 0.100160
20.88976 0.394560
20.91328 0.100160
20.914496 0.394560
20.938016 0.100160
20.939232 0.394560
20.962752 0.100160
20.963968 0.394560
20.987488 0.100160
20.988704 0.394560
21.012224 0.100160
21.01344 0.394560
21.03696 0.100160
21.038176 0.394560
21.061696 0.100160
21.062912 0.394560
21.086432 0.100160
21.087648 0.394560
21.111168 0.100160
21.112384 0.394560
21.135904 0.100160
21.13712 0.394560
21.16064 0.100160
21.161856 0.394560
21.185376 0.100160
21.186592 0.394560
21.210112 0.100160
21.211328 0.394560
21.234848 0.100160
21.236064 0.394560
21.259584 0.100160
21.2608 0.394560
21.28432 0.100160
21.285536 0.394560
21.309056 0.100160
21.310272 0.394560
21.333792 0.100160
21.335008 0.394560
21.358528 0.100160
21.359744 0.394560
21.383264 0.100160
21.38448 0.394560
21.408 0.100160
21.409216 0.394560
21.432736 0.100160
21.433952 0.394560
21.457472 0.100160
21.458688 0.394560
21.482208 0.100160
21.483424 0.394560
21.506944 0.100160
21.50816 0.394560
21.53168 0.100160
21.532896 0.394560
21.556416 0.100160
21.557632 0.394560
21.581152 0.100160
21.582368 0.394560
21.605888 0.100160
21.607104 0.394560
21.630624 0.100160
21.63184 0.394560
21.65536 0.100160
21.656576 0.394560
21.680096 0.100160
21.681312 0.394560
21.704832 0.100160
21.706048 0.394560
21.729568 0.100160
21.730784 0.394560
21.754304 0.100160
21.75552 0.394560
21.77904 0.100160
21.780256 0.394560
21.803776 0.100160
21.804992 0.394560
21.828512 0.100160
21.829728 0.394560
21.853248 0.100160
21.854464 0.394560
21.877984 0.100160
21.8792 0.394560
21.90272 0.100160
21.903936 0.394560
21.927456 0.100160
21.928672 0.394560
21.952192 0.100160
21.953408 0.394560
21.976928 0.100160
21.978144 0.394560
22.001664 0.100160
22.00288 0.394560
22.0264 0.100160
22.027616 0.394560
22.051136 0.100160
22.052352 0.394560
22.075872 0.100160
22.077088 0.394560
22.100608 0.100160
22.101824 0.394560
22.125344 0.100160
22.12656 0.394560
22.15008 0.100160
22.151296 0.394560
22.174816 0.100160
22.176032 0.394560
22.199552 0.100160
22.200768 0.394560
22.224288 0.100160
22.225504 0.394560
22.249024 0.100160
22.25024 0.394560
22.27376 0.100160
22.274976 0.394560
22.298496 0.100160
22.299712 0.394560
22.323232 0.100160
22.324448 0.394560
22.347968 0.100160
22.349184 0.394560
22.372704 0.100160
22.37392 0.394560
22.39744 0.100160
22.398656 0.394560
22.422176 0.100160
22.423392 0.394560
22.446912 0.100160
22.448128 0.394560
22.471648 0.100160
22.472864 0.394560
22.496384 0.100160
22.4976 0.394560
22.52112 0.100160
22.522336 0.394560
22.545856 0.100160
22.547072 0.394560
22.570592 0.100160
22.571808 0.394560
22.595328 0.100160
22.596544 0.394560
22.620064 0.100160
22.62128 0.394560
22.6448 0.100160
22.646016 0.394560
22.669536 0.100160
22.670752 0.394560
22.694272 0.100160
22.695488 0.394560
22.719008 0.100160
22.720224 0.394560
22.743744 0.100160
22.74496 0.394560
22.76848 0.100160
22.769696 0.394560
22.793216 0.100160
22.794432 0.394560
22.817952 0.100160
22.819168 0.394560
22.842688 0.100160
22.843904 0.394560
22.867424 0.100160
22.86864 0.394560
22.89216 0.100160
22.893376 0.394560
22.916896 0.100160
22.918112 0.394560
22.941632 0.100160
22.942848 0.394560
22.966368 0.100160
22.967584 0.394560
22.991104 0.100160
22.99232 0.394560
23.01584 0.100160
23.017056 0.394560
23.040576 0.100160
23.041792 0.394560
23.065312 0.100160
23.066528 0.394560
23.090048 0.100160
23.091264 0.394560
23.114784 0.100160
23.116 0.394560
23.13952 0.100160
23.140736 0.394560
23.164256 0.100160
23.165472 0.394560
23.188992 0.100160
23.190208 0.394560
23.213728 0.100160
23.214944 0.394560
23.238464 0.100160
23.23968 0.394560
23.2632 0.100160
23.264416 0.394560
23.287936 0.100160
23.289152 0.394560
23.312672 0.100160
23.313888 0.394560
23.337408 0.100160
23.338624 0.394560
23.362144 0.100160
23.36336 0.394560
23.38688 0.100160
23.388096 0.394560
23.411616 0.100160
23.412832 0.394560
23.436352 0.100160
23.437568 0.394560
23.461088 0.100160
23.462304 0.394560
23.485824 0.100160
23.48704 0.394560
23.51056 0.100160
23.511776 0.394560
23.535296 0.100160
23.536512 0.394560
23.560032 0.100160
23.561248 0.394560
23.584768 0.100160
23.585984 0.394560
23.609504 0.100160
23.61072 0.394560
23.63424 0.100160
23.635456 0.394560
23.658976 0.100160
23.660192 0.394560
23.683712 0.100160
23.684928 0.394560
23.708448 0.100160
23.709664 0.394560
23.733184 0.100160
23.7344 0.394560
23.75792 0.100160
23.759136 0.394560
23.782656 0.100160
23.783872 0.394560
23.807392 0.100160
23.808608 0.394560
23.832128 0.100160
23.833344 0.394560
23.856864 0.100160
23.85808 0.394560
23.8816 0.100160
23.882816 0.394560
23.906336 0.100160
23.907552 0.394560
23.931072 0.100160
23.932288 0.394560
23.955808 0.100160
23.957024 0.394560
23.980544 0.100160
23.98176 0.394560
24.00528 0.100160
24.006496 0.394560
24.030016 0.100160
24.031232 0.394560
24.054752 0.100160
24.055968 0.394560
24.079488 0.100160
24.080704 0.394560
24.104224 0.100160
24.10544 0.394560
24.12896 0.100160
24.130176 0.394560
24.153696 0.100160
24.154912 0.394560
24.178432 0.100160
24.179648 0.394560
24.203168 0.100160
24.204384 0.394560
24.227904 0.100160
24.22912 0.394560
24.25264 0.100160
24.253856 0.394560
24.277376 0.100160
24.278592 0.394560
24.302112 0.100160
24.303328 0.394560
24.326848 0.100160
24.328064 0.394560
24.351584 0.100160
24.3528 0.394560
24.37632 0.100160
24.377536 0.394560
24.401056 0.100160
24.402272 0.394560
24.425792 0.100160
24.427008 0.394560
24.450528 0.100160
24.451744 0.394560
24.475264 0.100160
24.47648 0.394560
24.5 0.100160
24.501216 0.394560
24.524736 0.100160
24.525952 0.394560
24.549472 0.100160
24.550688 0.394560
24.574208 0.100160
24.575424 0.394560
24.598944 0.100160
24.60016 0.394560
24.62368 0.100160
24.624896 0.394560
24.648416 0.100160
24.649632 0.394560
24.673152 0.100160
24.674368 0.394560
24.697888 0.100160
24.699104 0.394560
24.722624 0.100160
24.72384 0.394560
24.74736 0.100160
24.748576 0.394560
24.772096 0.100160
24.773312 0.394560
24.796832 0.100160
24.798048 0.394560
24.821568 0.100160
24.822784 0.394560
24.846304 0.100160
24.84752 0.394560
24.87104 0.100160
24.872256 0.394560
24.895776 0.100160
24.896992 0.394560
24.920512 0.100160
24.921728 0.394560
24.945248 0.100160
24.946464 0.394560
24.969984 0.100160
24.9712 0.394560
24.99472 0.100160
24.995936 0.394560
25.019456 0.100160
25.020672 0.394560
25.044192 0.100160
25.045408 0.394560
25.068928 0.100160
25.070144 0.394560
25.093664 0.100160
25.09488 0.394560
25.1184 0.100160
25.119616 0.394560
25.143136 0.100160
25.144352 0.394560
25.167872 0.100160
25.169088 0.394560
25.192608 0.100160
25.193824 0.394560
25.217344 0.100160
25.21856 0.394560
25.24208 0.100160
25.243296 0.394560
25.266816 0.100160
25.268032 0.394560
25.291552 0.100160
25.292768 0.394560
25.316288 0.100160
25.317504 0.394560
25.341024 0.100160
25.34224 0.394560
25.36576 0.100160
25.366976 0.394560
25.390496 0.100160
25.391712 0.394560
25.415232 0.100160
25.416448 0.394560
25.439968 0.100160
25.441184 0.394560
25.464704 0.100160
25.46592 0.394560
25.48944 0.100160
25.490656 0.394560
25.514176 0.100160
25.515392 0.394560
25.538912 0.100160
25.540128 0.394560
25.563648 0.100160
25.564864 0.394560
25.588384 0.100160
25.5896 0.394560
25.61312 0.100160
25.614336 0.394560
25.637856 0.100160
25.639072 0.394560
25.662592 0.100160
25.663808 0.394560
25.687328 0.100160
25.688544 0.394560
25.712064 0.100160
25.71328 0.394560
25.7368 0.100160
25.738016 0.394560
25.761536 0.100160
25.762752 0.394560
25.786272 0.100160
25.787488 0.394560
25.811008 0.100160
25.812224 0.394560
25.835744 0.100160
25.83696 0.394560
25.86048 0.100160
25.861696 0.394560
25.885216 0.100160
25.886432 0.394560
25.909952 0.100160
25.911168 0.394560
25.934688 0.100160
25.935904 0.394560
25.959424 0.100160
25.96064 0.394560
25.98416 0.100160
25.985376 0.394560
26.008896 0.100160
26.010112 0.394560
26.033632 0.100160
26.034848 0.394560
26.058368 0.100160
26.059584 0.394560
26.083104 0.100160
26.08432 0.394560
26.10784 0.100160
26.109056 0.394560
26.132576 0.100160
26.133792 0.394560
26.157312 0.100160
26.158528 0.394560
26.182048 0.100160
26.183264 0.394560
26.206784 0.100160
26.208 0.394560
26.23152 0.100160
26.232736 0.394560
26.256256 0.100160
26.257472 0.394560
26.280992 0.100160
26.282208 0.394560
26.305728 0.100160
26.306944 0.394560
26.330464 0.100160
26.33168 0.394560
26.3552 0.100160
26.356416 0.394560
26.379936 0.100160
26.381152 0.394560
26.404672 0.100160
26.405888 0.394560
26.429408 0.100160
26.430624 0.394560
26.454144 0.100160
26.45536 0.394560
26.47888 0.100160
26.480096 0.394560
26.503616 0.100160
26.504832 0.394560
26.528352 0.100160
26.529568 0.394560
26.553088 0.100160
26.554304 0.394560
26.577824 0.100160
26.57904 0.394560
26.60256 0.100160
26.603776 0.394560
26.627296 0.100160
26.628512 0.394560
26.652032 0.100160
26.653248 0.394560
26.676768 0.100160
26.677984 0.394560
26.701504 0.100160
26.70272 0.394560
26.72624 0.100160
26.727456 0.394560
26.750976 0.100160
26.752192 0.394560
26.775712 0.100160
26.776928 0.394560
26.800448 0.100160
26.801664 0.394560
26.825184 0.100160
26.8264 0.394560
26.84992 0.100160
26.851136 0.394560
26.874656 0.100160
26.875872 0.394560
26.899392 0.100160
26.900608 0.394560
26.924128 0.100160
26.925344 0.394560
26.948864 0.100160
26.95008 0.394560
26.9736 0.100160
26.974816 0.394560
26.998336 0.100160
26.999552 0.394560
27.023072 0.100160
27.024288 0.394560
27.047808 0.100160
27.049024 0.394560
27.072544 0.100160
27.07376 0.394560
27.09728 0.100160
27.098496 0.394560
27.122016 0.100160
27.123232 0.394560
27.146752 0.100160
27.147968 0.394560
27.171488 0.100160
27.172704 0.394560
27.196224 0.100160
27.19744 0.394560
27.22096 0.100160
27.222176 0.394560
27.245696 0.100160
27.246912 0.394560
27.270432 0.100160
27.271648 0.394560
27.295168 0.100160
27.296384 0.394560
27.319904 0.100160
27.32112 0.394560
27.34464 0.100160
27.345856 0.394560
27.369376 0.100160
27.370592 0.394560
27.394112 0.100160
27.395328 0.394560
27.418848 0.100160
27.420064 0.394560
27.443584 0.100160
27.4448 0.394560
27.46832 0.100160
27.469536 0.394560
27.493056 0.100160
27.494272 0.394560
27.517792 0.100160
27.519008 0.394560
27.542528 0.100160
27.543744 0.394560
27.567264 0.100160
27.56848 0.394560
27.592 0.100160
27.593216 0.394560
27.616736 0.100160
27.617952 0.394560
27.641472 0.100160
27.642688 0.394560
27.666208 0.100160
27.667424 0.394560
27.690944 0.100160
27.69216 0.394560
27.71568 0.100160
27.716896 0.394560
27.740416 0.100160
27.741632 0.394560
27.765152 0.100160
27.766368 0.394560
27.789888 0.100160
27.791104 0.394560
27.814624 0.100160
27.81584 0.394560
27.83936 0.100160
27.840576 0.394560
27.864096 0.100160
27.865312 0.394560
27.888832 0.100160
27.890048 0.394560
27.913568 0.100160
27.914784 0.394560
27.938304 0.100160
27.93952 0.394560
27.96304 0.100160
27.964256 0.394560
27.987776 0.100160
27.988992 0.394560
28.012512 0.100160
28.013728 0.394560
28.037248 0.100160
28.038464 0.394560
28.061984 0.100160
28.0632 0.394560
28.08672 0.100160
28.087936 0.394560
28.111456 0.100160
28.112672 0.394560
28.136192 0.100160
28.137408 0.394560
28.160928 0.100160
28.162144 0.394560
28.185664 0.100160
28.18688 0.394560
28.2104 0.100160
28.211616 0.394560
28.235136 0.100160
28.236352 0.394560
28.259872 0.100160
28.261088 0.394560
28.284608 0.100160
28.285824 0.394560
28.309344 0.100160
28.31056 0.394560
28.33408 0.100160
28.335296 0.394560
28.358816 0.100160
28.360032 0.394560
28.383552 0.100160
28.384768 0.394560
28.408288 0.100160
28.409504 0.394560
28.433024 0.100160
28.43424 0.394560
28.45776 0.100160
28.458976 0.394560
28.482496 0.100160
28.483712 0.394560
28.507232 0.100160
28.508448 0.394560
28.531968 0.100160
28.533184 0.394560
28.556704 0.100160
28.55792 0.394560
28.58144 0.100160
28.582656 0.394560
28.606176 0.100160
28.607392 0.394560
28.630912 0.100160
28.632128 0.394560
28.655648 0.100160
28.656864 0.394560
28.680384 0.100160
28.6816 0.394560
28.70512 0.100160
28.706336 0.394560
28.729856 0.100160
28.731072 0.394560
28.754592 0.100160
28.755808 0.394560
28.779328 0.100160
28.780544 0.394560
28.804064 0.100160
28.80528 0.394560
28.8288 0.100160
28.830016 0.394560
28.853536 0.100160
28.854752 0.394560
28.878272 0.100160
28.879488 0.394560
28.903008 0.100160
28.904224 0.394560
28.927744 0.100160
28.92896 0.394560
28.95248 0.100160
28.953696 0.394560
28.977216 0.100160
28.978432 0.394560
29.001952 0.100160
29.003168 0.394560
29.026688 0.100160
29.027904 0.394560
29.051424 0.100160
29.05264 0.394560
29.07616 0.100160
29.077376 0.394560
29.100896 0.100160
29.102112 0.394560
29.125632 0.100160
29.126848 0.394560
29.150368 0.100160
29.151584 0.394560
29.175104 0.100160
29.17632 0.394560
29.19984 0.100160
29.201056 0.394560
29.224576 0.100160
29.225792 0.394560
29.249312 0.100160
29.250528 0.394560
29.274048 0.100160
29.275264 0.394560
29.298784 0.100160
29.3 0.394560
29.32352 0.100160
29.324736 0.394560
29.348256 0.100160
29.349472 0.394560
29.372992 0.100160
29.374208 0.394560
29.397728 0.100160
29.398944 0.394560
29.422464 0.100160
29.42368 0.394560
29.4472 0.100160
29.448416 0.394560
29.471936 0.100160
29.473152 0.394560
29.496672 0.100160
29.497888 0.394560
29.521408 0.100160
29.522624 0.394560
29.546144 0.100160
29.54736 0.394560
29.57088 0.100160
29.572096 0.394560
29.595616 0.100160
29.596832 0.394560
29.620352 0.100160
29.621568 0.394560
29.645088 0.100160
29.646304 0.394560
29.669824 0.100160
29.67104 0.394560
29.69456 0.100160
29.695776 0.394560
29.719296 0.100160
29.720512 0.394560
29.744032 0.100160
29.745248 0.394560
29.768768 0.100160
29.769984 0.394560
29.793504 0.100160
29.79472 0.394560
29.81824 0.100160
29.819456 0.394560
29.842976 0.100160
29.844192 0.394560
29.867712 0.100160
29.868928 0.394560
29.892448 0.100160
29.893664 0.394560
29.917184 0.100160
29.9184 0.394560
29.94192 0.100160
29.943136 0.394560
29.966656 0.100160
29.967872 0.394560
29.991392 0.100160
29.992608 0.394560
30.016128 0.100160
30.017344 0.394560
30.040864 0.100160
30.04208 0.394560
30.0656 0.100160
30.066816 0.394560
30.090336 0.100160
30.091552 0.394560
30.115072 0.100160
30.116288 0.394560
30.139808 0.100160
30.141024 0.394560
30.164544 0.100160
30.16576 0.394560
30.18928 0.100160
30.190496 0.394560
30.214016 0.100160
30.215232 0.394560
30.238752 0.100160
30.239968 0.394560
30.263488 0.100160
30.264704 0.394560
30.288224 0.100160
30.28944 0.394560
30.31296 0.100160
30.314176 0.394560
30.337696 0.100160
30.338912 0.394560
30.362432 0.100160
30.363648 0.394560
30.387168 0.100160
30.388384 0.394560
30.411904 0.100160
30.41312 0.394560
30.43664 0.100160
30.437856 0.394560
30.461376 0.100160
30.462592 0.394560
30.486112 0.100160
30.487328 0.394560
30.510848 0.100160
30.512064 0.394560
30.535584 0.100160
30.5368 0.394560
30.56032 0.100160
30.561536 0.394560
30.585056 0.100160
30.586272 0.394560
30.609792 0.100160
30.611008 0.394560
30.634528 0.100160
30.635744 0.394560
30.659264 0.100160
30.66048 0.394560
30.684 0.100160
30.685216 0.394560
30.708736 0.100160
30.709952 0.394560
30.733472 0.100160
30.734688 0.394560
30.758208 0.100160
30.759424 0.394560
30.782944 0.100160
30.78416 0.394560
30.80768 0.100160
30.808896 0.394560
30.832416 0.100160
30.833632 0.394560
30.857152 0.100160
30.858368 0.394560
30.881888 0.100160
30.883104 0.394560
30.906624 0.100160
30.90784 0.394560
30.93136 0.100160
30.932576 0.394560
30.956096 0.100160
30.957312 0.394560
30.980832 0.100160
30.982048 0.394560
31.005568 0.100160
31.006784 0.394560
31.030304 0.100160
31.03152 0.394560
31.05504 0.100160
31.056256 0.394560
31.079776 0.100160
31.080992 0.394560
31.104512 0.100160
31.105728 0.394560
31.129248 0.100160
31.130464 0.394560
31.153984 0.100160
31.1552 0.394560
31.17872 0.100160
31.179936 0.394560
31.203456 0.100160
31.204672 0.394560
31.228192 0.100160
31.229408 0.394560
31.252928 0.100160
31.254144 0.394560
31.277664 0.100160
31.27888 0.394560
31.3024 0.100160
31.303616 0.394560
31.327136 0.100160
31.328352 0.394560
31.351872 0.100160
31.353088 0.394560
31.376608 0.100160
31.377824 0.394560
31.401344 0.100160
31.40256 0.394560
31.42608 0.100160
31.427296 0.394560
31.450816 0.100160
31.452032 0.394560
31.475552 0.100160
31.476768 0.394560
31.500288 0.100160
31.501504 0.394560
31.525024 0.100160
31.52624 0.394560
31.54976 0.100160
31.550976 0.394560
31.574496 0.100160
31.575712 0.394560
31.599232 0.100160
31.600448 0.394560
31.623968 0.100160
31.625184 0.394560
31.648704 0.100160
31.64992 0.394560
31.67344 0.100160
31.674656 0.394560
31.698176 0.100160
31.699392 0.394560
31.722912 0.100160
31.724128 0.394560
31.747648 0.100160
31.748864 0.394560
31.772384 0.100160
31.7736 0.394560
31.79712 0.100160
31.798336 0.394560
31.821856 0.100160
31.823072 0.394560
31.846592 0.100160
31.847808 0.394560
31.871328 0.100160
31.872544 0.394560
31.896064 0.100160
31.89728 0.394560
31.9208 0.100160
31.922016 0.394560
31.945536 0.100160
31.946752 0.394560
31.970272 0.100160
31.971488 0.394560
31.995008 0.100160
31.996224 0.394560
32.019744 0.100160
32.02096 0.394560
32.04448 0.100160
32.045696 0.394560
32.069216 0.100160
32.070432 0.394560
32.093952 0.100160
32.095168 0.394560
32.118688 0.100160
32.119904 0.394560
32.143424 0.100160
32.14464 0.394560
32.16816 0.100160
32.169376 0.394560
32.192896 0.100160
32.194112 0.394560
32.217632 0.100160
32.218848 0.394560
32.242368 0.100160
32.243584 0.394560
32.267104 0.100160
32.26832 0.394560
32.29184 0.100160
32.293056 0.394560
32.316576 0.100160
32.317792 0.394560
32.341312 0.100160
32.342528 0.394560
32.366048 0.100160
32.367264 0.394560
32.390784 0.100160
32.392 0.394560
32.41552 0.100160
32.416736 0.394560
32.440256 0.100160
32.441472 0.394560
32.464992 0.100160
32.466208 0.394560
32.489728 0.100160
32.490944 0.394560
32.514464 0.100160
32.51568 0.394560
32.5392 0.100160
32.540416 0.394560
32.563936 0.100160
32.565152 0.394560
32.588672 0.100160
32.589888 0.394560
32.613408 0.100160
32.614624 0.394560
32.638144 0.100160
32.63936 0.394560
32.66288 0.100160
32.664096 0.394560
32.687616 0.100160
32.688832 0.394560
32.712352 0.100160
32.713568 0.394560
32.737088 0.100160
32.738304 0.394560
32.761824 0.100160
32.76304 0.394560
32.78656 0.100160
32.787776 0.394560
32.811296 0.100160
32.812512 0.394560
32.836032 0.100160
32.837248 0.394560
32.860768 0.100160
32.861984 0.394560
32.885504 0.100160
32.88672 0.394560
32.91024 0.100160
32.911456 0.394560
32.934976 0.100160
32.936192 0.394560
32.959712 0.100160
32.960928 0.394560
32.984448 0.100160
32.985664 0.394560
33.009184 0.100160
33.0104 0.394560
33.03392 0.100160
33.035136 0.394560
33.058656 0.100160
33.059872 0.394560
33.083392 0.100160
33.084608 0.394560
33.108128 0.100160
33.109344 0.394560
33.132864 0.100160
33.13408 0.394560
33.1576 0.100160
33.158816 0.394560
33.182336 0.100160
33.183552 0.394560
33.207072 0.100160
33.208288 0.394560
33.231808 0.100160
33.233024 0.394560
33.256544 0.100160
33.25776 0.394560
33.28128 0.100160
33.282496 0.394560
33.306016 0.100160
33.307232 0.394560
33.330752 0.100160
33.331968 0.394560
33.355488 0.100160
33.356704 0.394560
33.380224 0.100160
33.38144 0.394560
33.40496 0.100160
33.406176 0.394560
33.429696 0.100160
33.430912 0.394560
33.454432 0.100160
33.455648 0.394560
33.479168 0.100160
33.480384 0.394560
33.503904 0.100160
33.50512 0.394560
33.52864 0.100160
33.529856 0.394560
33.553376 0.100160
33.554592 0.394560
33.578112 0.100160
33.579328 0.394560
33.602848 0.100160
33.604064 0.394560
33.627584 0.100160
33.6288 0.394560
33.65232 0.100160
33.653536 0.394560
33.677056 0.100160
33.678272 0.394560
33.701792 0.100160
33.703008 0.394560
33.726528 0.100160
33.727744 0.394560
33.751264 0.100160
33.75248 0.394560
33.776 0.100160
33.777216 0.394560
33.800736 0.100160
33.801952 0.394560
33.825472 0.100160
33.826688 0.394560
33.850208 0.100160
33.851424 0.394560
33.874944 0.100160
33.87616 0.394560
33.89968 0.100160
33.900896 0.394560
33.924416 0.100160
33.925632 0.394560
33.949152 0.100160
33.950368 0.394560
33.973888 0.100160
33.975104 0.394560
33.998624 0.100160
33.99984 0.394560
34.02336 0.100160
34.024576 0.394560
34.048096 0.100160
34.049312 0.394560
34.072832 0.100160
34.074048 0.394560
34.097568 0.100160
34.098784 0.394560
34.122304 0.100160
34.12352 0.394560
34.14704 0.100160
34.148256 0.394560
34.171776 0.100160
34.172992 0.394560
34.196512 0.100160
34.197728 0.394560
34.221248 0.100160
34.222464 0.394560
34.245984 0.100160
34.2472 0.394560
34.27072 0.100160
34.271936 0.394560
34.295456 0.100160
34.296672 0.394560
34.320192 0.100160
34.321408 0.394560
34.344928 0.100160
34.346144 0.394560
34.369664 0.100160
34.37088 0.394560
34.3944 0.100160
34.395616 0.394560
34.419136 0.100160
34.420352 0.394560
34.443872 0.100160
34.445088 0.394560
34.468608 0.100160
34.469824 0.394560
34.493344 0.100160
34.49456 0.394560
34.51808 0.100160
34.519296 0.394560
34.542816 0.100160
34.544032 0.394560
34.567552 0.100160
34.568768 0.394560
34.592288 0.100160
34.593504 0.394560
34.617024 0.100160
34.61824 0.394560
34.64176 0.100160
34.642976 0.394560
34.666496 0.100160
34.667712 0.394560
34.691232 0.100160
34.692448 0.394560
34.715968 0.100160
34.717184 0.394560
34.740704 0.100160
34.74192 0.394560
34.76544 0.100160
34.766656 0.394560
34.790176 0.100160
34.791392 0.394560
34.814912 0.100160
34.816128 0.394560
34.839648 0.100160
34.840864 0.394560
34.864384 0.100160
34.8656 0.394560
34.88912 0.100160
34.890336 0.394560
34.913856 0.100160
34.915072 0.394560
34.938592 0.100160
34.939808 0.394560
34.963328 0.100160
34.964544 0.394560
34.988064 0.100160
34.98928 0.394560
35.0128 0.100160
35.014016 0.394560
35.037536 0.100160
35.038752 0.394560
35.062272 0.100160
35.063488 0.394560
35.087008 0.100160
35.088224 0.394560
35.111744 0.100160
35.11296 0.394560
35.13648 0.100160
35.137696 0.394560
35.161216 0.100160
35.162432 0.394560
35.185952 0.100160
35.187168 0.394560
35.210688 0.100160
35.211904 0.394560
35.235424 0.100160
35.23664 0.394560
35.26016 0.100160
35.261376 0.394560
35.284896 0.100160
35.286112 0.394560
35.309632 0.100160
35.310848 0.394560
35.334368 0.100160
35.335584 0.394560
35.359104 0.100160
35.36032 0.394560
35.38384 0.100160
35.385056 0.394560
35.408576 0.100160
35.409792 0.394560
35.433312 0.100160
35.434528 0.394560
35.458048 0.100160
35.459264 0.394560
35.482784 0.100160
35.484 0.394560
35.50752 0.100160
35.508736 0.394560
35.532256 0.100160
35.533472 0.394560
35.556992 0.100160
35.558208 0.394560
35.581728 0.100160
35.582944 0.394560
35.606464 0.100160
35.60768 0.394560
35.6312 0.100160
35.632416 0.394560
35.655936 0.100160
35.657152 0.394560
35.680672 0.100160
35.681888 0.394560
35.705408 0.100160
35.706624 0.394560
35.730144 0.100160
35.73136 0.394560
35.75488 0.100160
35.756096 0.394560
35.779616 0.100160
35.780832 0.394560
35.804352 0.100160
35.805568 0.394560
35.829088 0.100160
35.830304 0.394560
35.853824 0.100160
35.85504 0.394560
35.87856 0.100160
35.879776 0.394560
35.903296 0.100160
35.904512 0.394560
35.928032 0.100160
35.929248 0.394560
35.952768 0.100160
35.953984 0.394560
35.977504 0.100160
35.97872 0.394560
36.00224 0.100160
36.003456 0.394560
36.026976 0.100160
36.028192 0.394560
36.051712 0.100160
36.052928 0.394560
36.076448 0.100160
36.077664 0.394560
36.101184 0.100160
36.1024 0.394560
36.12592 0.100160
36.127136 0.394560
36.150656 0.100160
36.151872 0.394560
36.175392 0.100160
36.176608 0.394560
36.200128 0.100160
36.201344 0.394560
36.224864 0.100160
36.22608 0.394560
36.2496 0.100160
36.250816 0.394560
36.274336 0.100160
36.275552 0.394560
36.299072 0.100160
36.300288 0.394560
36.323808 0.100160
36.325024 0.394560
36.348544 0.100160
36.34976 0.394560
36.37328 0.100160
36.374496 0.394560
36.398016 0.100160
36.399232 0.394560
36.422752 0.100160
36.423968 0.394560
36.447488 0.100160
36.448704 0.394560
36.472224 0.100160
36.47344 0.394560
36.49696 0.100160
36.498176 0.394560
36.521696 0.100160
36.522912 0.394560
36.546432 0.100160
36.547648 0.394560
36.571168 0.100160
36.572384 0.394560
36.595904 0.100160
36.59712 0.394560
36.62064 0.100160
36.621856 0.394560
36.645376 0.100160
36.646592 0.394560
36.670112 0.100160
36.671328 0.394560
36.694848 0.100160
36.696064 0.394560
36.719584 0.100160
36.7208 0.394560
36.74432 0.100160
36.745536 0.394560
36.769056 0.100160
36.770272 0.394560
36.793792 0.100160
36.795008 0.394560
36.818528 0.100160
36.819744 0.394560
36.843264 0.100160
36.84448 0.394560
36.868 0.100160
36.869216 0.394560
36.892736 0.100160
36.893952 0.394560
36.917472 0.100160
36.918688 0.394560
36.942208 0.100160
36.943424 0.394560
36.966944 0.100160
36.96816 0.394560
36.99168 0.100160
36.992896 0.394560
37.016416 0.100160
37.017632 0.394560
37.041152 0.100160
37.042368 0.394560
37.065888 0.100160
37.067104 0.394560
37.090624 0.100160
37.09184 0.394560
37.11536 0.100160
37.116576 0.394560
37.140096 0.100160
37.141312 0.394560
37.164832 0.100160
37.166048 0.394560
37.189568 0.100160
37.190784 0.394560
37.214304 0.100160
37.21552 0.394560
37.23904 0.100160
37.240256 0.394560
37.263776 0.100160
37.264992 0.394560
37.288512 0.100160
37.289728 0.394560
37.313248 0.100160
37.314464 0.394560
37.337984 0.100160
37.3392 0.394560
37.36272 0.100160
37.363936 0.394560
37.387456 0.100160
37.388672 0.394560
37.412192 0.100160
37.413408 0.394560
37.436928 0.100160
37.438144 0.394560
37.461664 0.100160
37.46288 0.394560
37.4864 0.100160
37.487616 0.394560
37.511136 0.100160
37.512352 0.394560
37.535872 0.100160
37.537088 0.394560
37.560608 0.100160
37.561824 0.394560
37.585344 0.100160
37.58656 0.394560
37.61008 0.100160
37.611296 0.394560
37.634816 0.100160
37.636032 0.394560
37.659552 0.100160
37.660768 0.394560
37.684288 0.100160
37.685504 0.394560
37.709024 0.100160
37.71024 0.394560
37.73376 0.100160
37.734976 0.394560
37.758496 0.100160
37.759712 0.394560
37.783232 0.100160
37.784448 0.394560
37.807968 0.100160
37.809184 0.394560
37.832704 0.100160
37.83392 0.394560
37.85744 0.100160
37.858656 0.394560
37.882176 0.100160
37.883392 0.394560
37.906912 0.100160
37.908128 0.394560
37.931648 0.100160
37.932864 0.394560
37.956384 0.100160
37.9576 0.394560
37.98112 0.100160
37.982336 0.394560
38.005856 0.100160
38.007072 0.394560
38.030592 0.100160
38.031808 0.394560
38.055328 0.100160
38.056544 0.394560
38.080064 0.100160
38.08128 0.394560
38.1048 0.100160
38.106016 0.394560
38.129536 0.100160
38.130752 0.394560
38.154272 0.100160
38.155488 0.394560
38.179008 0.100160
38.180224 0.394560
38.203744 0.100160
38.20496 0.394560
38.22848 0.100160
38.229696 0.394560
38.253216 0.100160
38.254432 0.394560
38.277952 0.100160
38.279168 0.394560
38.302688 0.100160
38.303904 0.394560
38.327424 0.100160
38.32864 0.394560
38.35216 0.100160
38.353376 0.394560
38.376896 0.100160
38.378112 0.394560
38.401632 0.100160
38.402848 0.394560
38.426368 0.100160
38.427584 0.394560
38.451104 0.100160
38.45232 0.394560
38.47584 0.100160
38.477056 0.394560
38.500576 0.100160
38.501792 0.394560
38.525312 0.100160
38.526528 0.394560
38.550048 0.100160
38.551264 0.394560
38.574784 0.100160
38.576 0.394560
38.59952 0.100160
38.600736 0.394560
38.624256 0.100160
38.625472 0.394560
38.648992 0.100160
38.650208 0.394560
38.673728 0.100160
38.674944 0.394560
38.698464 0.100160
38.69968 0.394560
38.7232 0.100160
38.724416 0.394560
38.747936 0.100160
38.749152 0.394560
38.772672 0.100160
38.773888 0.394560
38.797408 0.100160
38.798624 0.394560
38.822144 0.100160
38.82336 0.394560
38.84688 0.100160
38.848096 0.394560
38.871616 0.100160
38.872832 0.394560
38.896352 0.100160
38.897568 0.394560
38.921088 0.100160
38.922304 0.394560
38.945824 0.100160
38.94704 0.394560
38.97056 0.100160
38.971776 0.394560
38.995296 0.100160
38.996512 0.394560
39.020032 0.100160
39.021248 0.394560
39.044768 0.100160
39.045984 0.394560
39.069504 0.100160
39.07072 0.394560
39.09424 0.100160
39.095456 0.394560
39.118976 0.100160
39.120192 0.394560
39.143712 0.100160
39.144928 0.394560
39.168448 0.100160
39.169664 0.394560
39.193184 0.100160
39.1944 0.394560
39.21792 0.100160
39.219136 0.394560
39.242656 0.100160
39.243872 0.394560
39.267392 0.100160
39.268608 0.394560
39.292128 0.100160
39.293344 0.394560
39.316864 0.100160
39.31808 0.394560
39.3416 0.100160
39.342816 0.394560
39.366336 0.100160
39.367552 0.394560
39.391072 0.100160
39.392288 0.394560
39.415808 0.100160
39.417024 0.394560
39.440544 0.100160
39.44176 0.394560
39.46528 0.100160
39.466496 0.394560
39.490016 0.100160
39.491232 0.394560
39.514752 0.100160
39.515968 0.394560
39.539488 0.100160
39.540704 0.394560
39.564224 0.100160
39.56544 0.394560
39.58896 0.100160
39.590176 0.394560
39.613696 0.100160
39.614912 0.394560
39.638432 0.100160
39.639648 0.394560
39.663168 0.100160
39.664384 0.394560
39.687904 0.100160
39.68912 0.394560
39.71264 0.100160
39.713856 0.394560
39.737376 0.100160
39.738592 0.394560
39.762112 0.100160
39.763328 0.394560
39.786848 0.100160
39.788064 0.394560
39.811584 0.100160
39.8128 0.394560
39.83632 0.100160
39.837536 0.394560
39.861056 0.100160
39.862272 0.394560
39.885792 0.100160
39.887008 0.394560
39.910528 0.100160
39.911744 0.394560
39.935264 0.100160
39.93648 0.394560
39.96 0.100160
39.961216 0.394560
39.984736 0.100160
39.985952 0.394560
40.009472 0.100160
40.034208 0.100160
40.058944 0.100160
40.08368 0.100160
40.108416 0.100160
40.133152 0.100160
40.157888 0.100160
40.182624 0.100160
40.20736 0.100160
40.232096 0.100160
40.256832 0.100160
40.281568 0.100160
40.306304 0.100160
40.33104 0.100160
40.355776 0.100160
40.380512 0.100160
