0 5054
1 5429
2 5848
3 6661
4 5188
5 6210
6 5248
7 5590
8 5044
9 5086
10 5960
11 4962
12 5617
13 5317
14 5715
15 4960
16 5334
17 5715
18 5209
19 5461
20 6144
21 6784
22 5458
23 6111
24 5068
25 5457
26 6086
27 5337
28 5588
29 5335
30 5595
31 5467
32 5446
33 5711
34 5088
35 5084
36 5834
37 5713
38 6087
39 5337
40 5211
41 6480
42 5317
43 5340
44 5961
45 5087
46 5088
47 6083
48 5656
49 5015
50 4958
51 5962
52 5479
53 5813
54 4957
55 5087
56 5088
57 6105
58 5441
59 5271
60 7206
61 5529
62 5090
63 5212
64 5211
65 5962
66 4969
67 5644
68 5243
69 5321
70 5362
71 5064
72 5341
73 5295
74 5836
75 5632
76 6171
77 6023
78 6963
79 5662
80 6013
81 5791
82 -994168
83 5704
84 5832
85 6245
86 5666
87 5448
88 5095
89 5324
90 5096
91 5702
92 6184
93 5117
94 5381
95 6236
96 6568
97 6234
98 5696
99 5841
100 6087
101 5365
102 5996
103 5648
104 6780
105 5392
106 5088
107 4960
108 5089
109 6233
110 5322
111 4959
112 5582
113 5393
114 6778
115 5339
116 4961
117 5721
118 5087
119 5596
120 5971
121 5716
122 5297
123 5464
124 5659
125 5142
126 5088
127 4958
128 6281
129 5647
130 5523
131 5028
132 7215
133 5842
134 5956
135 5595
136 5082
137 6240
138 5339
139 4931
140 5085
141 6093
142 4955
143 5905
144 5899
145 5580
146 6219
147 4953
148 4970
149 5727
150 8265
151 5265
152 5708
153 5342
154 5986
155 5680
156 5710
157 5218
158 5636
159 5527
160 6245
161 5430
162 5472
163 5328
164 5713
165 5461
166 5466
167 5706
168 6214
169 5713
170 5216
171 5712
172 5346
173 5725
174 6685
175 5147
176 6297
177 5809
178 5718
179 5349
180 5694
181 5087
182 6027
183 5155
184 5340
185 5714
186 6962
187 5083
188 5215
189 5908
190 5525
191 5331
192 5341
193 5588
194 5513
195 5287
196 5094
197 5708
198 5336
199 5090
200 5089
201 5340
202 5465
203 5964
204 5237
205 6178
206 5103
207 5951
208 5087
209 4962
210 4961
211 5089
212 5089
213 5088
214 5240
215 5436
216 5352
217 5824
218 5462
219 5271
220 5784
221 4963
222 4961
223 4963
224 6496
225 5433
226 5718
227 5454
228 5717
229 4958
230 5720
231 5330
232 4967
233 5453
234 6149
235 7457
236 5662
237 5531
238 5004
239 5545
240 5128
241 5220
242 7076
243 5093
244 5588
245 4955
246 5783
247 5832
248 5522
249 5340
250 5711
251 5972
252 5450
253 5586
254 5589
255 5341
256 5591
257 5091
258 5704
259 5344
260 -993516
261 5326
262 5079
263 6020
264 5272
265 5341
266 5214
267 5086
268 5087
269 5463
270 5720
271 5335
272 5805
273 4992
274 5606
275 5065
276 5344
277 6239
278 5699
279 6222
280 5840
281 5423
282 5579
283 5347
284 5075
285 5595
286 5080
287 5836
288 5086
289 5341
290 5863
291 5062
292 4955
293 5089
294 4965
295 5333
296 5209
297 7229
298 5199
299 5204
300 5283
301 6102
302 5248
303 5961
304 4966
305 5090
306 4953
307 6347
308 5575
309 5323
310 5089
311 5091
312 5583
313 5090
314 6336
315 5103
316 6577
317 5585
318 5083
319 5343
320 5341
321 5983
322 5457
323 5450
324 5212
325 5347
326 5104
327 5941
328 5703
329 5461
330 6357
331 5573
332 5404
333 5758
334 6224
335 5053
336 5650
337 6217
338 5769
339 7086
340 5339
341 4964
342 5588
343 5211
344 4972
345 5709
346 6092
347 5214
348 5085
349 6159
350 6075
351 5654
352 7397
353 5257
354 5105
355 5812
356 5336
357 5588
358 5462
359 5839
360 6655
361 5272
362 5592
363 4976
364 5693
365 5346
366 5202
367 5594
368 5206
369 6409
370 6415
371 5935
372 5465
373 5852
374 5570
375 6330
376 5591
377 5902
378 5901
379 5085
380 5079
381 5096
382 5347
383 5575
384 5583
385 5773
386 5398
387 5090
388 7108
389 5060
390 5087
391 5588
392 5214
393 5713
394 5592
395 5210
396 5587
397 5337
398 5341
399 5587
400 5465
401 6280
402 5896
403 5090
404 5277
405 5768
406 6801
407 6499
408 5964
409 5213
410 5969
411 5766
412 5908
413 5963
414 5214
415 5967
416 5085
417 5588
418 5838
419 5213
420 5465
421 5088
422 6154
423 6019
424 6605
425 5443
426 5337
427 4972
428 5080
429 6235
430 5193
431 5712
432 5343
433 5084
434 5464
435 5991
436 5440
437 7030
438 -994726
439 6087
440 5961
441 5625
442 6419
443 5105
444 5887
445 5272
446 6339
447 5462
448 6089
449 5717
450 4995
451 5684
452 4955
453 5845
454 6954
455 5963
456 5335
457 5220
458 7147
459 5791
460 6065
461 5963
462 5341
463 6206
464 5841
465 5215
466 5827
467 5711
468 6276
469 5525
470 5716
471 5961
472 7463
473 9036
474 5989
475 15525
476 6024
477 6339
478 5839
479 5587
480 5716
481 5213
482 5088
483 5339
484 5093
485 5333
486 4964
487 5221
488 6275
489 5444
490 6034
491 4834
492 5328
493 6404
494 5660
495 5839
496 5193
497 4961
498 5507
499 5807
500 5320
501 5571
502 5340
503 5446
504 5766
505 5571
506 5492
507 5886
508 5082
509 5495
510 6048
511 6990
512 5311
513 6067
514 5348
515 4973
516 5057
517 5090
518 5331
519 5091
520 5715
521 5728
522 5447
523 5476
524 5447
525 5825
526 6082
527 5465
528 5648
529 5697
530 7539
531 5711
532 5090
533 5701
534 4967
535 5784
536 5709
537 5145
538 5082
539 5387
540 5905
541 5467
542 5328
543 5071
544 4841
545 5368
546 5298
547 5209
548 6338
549 5453
550 5101
551 5344
552 6053
553 5603
554 6512
555 5389
556 5132
557 5675
558 5625
559 6106
560 5263
561 5560
562 5491
563 5104
564 5929
565 5138
566 6934
567 5442
568 5573
569 5102
570 4943
571 5166
572 6005
573 5080
574 4964
575 5088
576 5091
577 5342
578 5455
579 5346
580 5833
581 5868
582 5557
583 6101
584 5428
585 6327
586 5214
587 5878
588 5795
589 5071
590 5347
591 4960
592 5323
593 4965
594 5838
595 5272
596 5408
597 5619
598 4938
599 5321
600 5208
601 5214
602 5563
603 5224
604 6263
605 5725
606 5325
607 5081
608 5447
609 4956
610 5166
611 5576
612 5091
613 -994165
614 4940
615 5711
616 5872
617 5313
618 5454
619 5095
620 5437
621 5391
622 8317
623 5789
624 10386
625 5408
626 5340
627 5823
628 5969
629 5210
630 5190
631 6146
632 5905
633 5463
634 6831
635 5073
636 5076
637 5714
638 5214
639 6733
640 5693
641 5605
642 5318
643 5339
644 4960
645 5087
646 5215
647 5108
648 5565
649 5089
650 5089
651 5718
652 5217
653 5211
654 5083
655 5337
656 5089
657 5725
658 6192
659 5209
660 5833
661 5769
662 6039
663 5197
664 5338
665 5631
666 5313
667 5068
668 5335
669 5206
670 5076
671 4939
672 4954
673 5090
674 5304
675 5205
676 5079
677 6986
678 5074
679 5215
680 5575
681 4953
682 5718
683 5083
684 5957
685 5334
686 5474
687 5703
688 6631
689 5466
690 5966
691 5419
692 5278
693 5780
694 5474
695 6454
696 6203
697 5290
698 5075
699 5131
700 7359
701 6236
702 7502
703 5418
704 5521
705 5378
706 5229
707 5434
708 5695
709 6914
710 6445
711 5938
712 6845
713 5524
714 5441
715 5313
716 5183
717 4985
718 5433
719 5767
720 5881
721 5456
722 5206
723 5102
724 5292
725 5082
726 5688
727 5459
728 5084
729 5317
730 5077
731 6329
732 5498
733 5903
734 5070
735 5707
736 6515
737 5931
738 5142
739 5473
740 5304
741 5336
742 5222
743 5050
744 5338
745 5802
746 5100
747 5459
748 5586
749 6204
750 5087
751 5821
752 5083
753 5270
754 5526
755 5477
756 5296
757 5331
758 5461
759 6641
760 5786
761 5312
762 5959
763 5455
764 5342
765 5391
766 5634
767 6572
768 5078
769 5649
770 5394
771 5079
772 5081
773 5086
774 4956
775 5082
776 5709
777 5230
778 5308
779 5109
780 5668
781 5081
782 4960
783 5900
784 5637
785 5456
786 6342
787 5322
788 5777
789 5637
790 5330
791 5084
792 -994753
793 5540
794 4946
795 4960
796 5088
797 5073
798 5458
799 5579
800 5211
801 5331
802 5083
803 5706
804 5587
805 6577
806 5707
807 5084
808 5331
809 5208
810 5205
811 6140
812 5400
813 5083
814 5962
815 5516
816 5388
817 5584
818 6272
819 5393
820 5217
821 5070
822 5194
823 7329
824 5211
825 5013
826 5276
827 5333
828 5081
829 4957
830 5089
831 5073
832 5074
833 5211
834 5084
835 5484
836 5495
837 5396
838 5080
839 5083
840 5084
841 6024
842 5771
843 6074
844 5334
845 5331
846 5208
847 5083
848 4955
849 5086
850 5329
851 5658
852 5753
853 5083
854 5726
855 5440
856 5207
857 5578
858 5454
859 4963
860 5828
861 6102
862 5374
863 5269
864 5904
865 5135
866 5459
867 5082
868 5084
869 5209
870 4955
871 5075
872 5333
873 5082
874 5345
875 5062
876 5094
877 5067
878 5110
879 5429
880 5086
881 6209
882 5323
883 5331
884 5079
885 4959
886 5273
887 5391
888 5097
889 5939
890 5330
891 5083
892 5582
893 4957
894 5336
895 4954
896 5228
897 5503
898 5643
899 5207
900 6583
901 5330
902 5332
903 5083
904 5397
905 5648
906 4953
907 4834
908 5452
909 5083
910 5583
911 6129
912 5158
913 4966
914 5716
915 5555
916 5528
917 5386
918 6595
919 5320
920 5456
921 5476
922 5315
923 5210
924 5075
925 5090
926 5263
927 5392
928 5954
929 5219
930 5322
931 4952
932 5586
933 5380
934 5279
935 5389
936 5303
937 7228
938 5764
939 5320
940 5604
941 5685
942 5333
943 5089
944 6072
945 5107
946 5433
947 5340
948 5197
949 5076
950 5262
951 5530
952 5954
953 5339
954 5321
955 5098
956 6112
957 5288
958 5072
959 5161
960 5244
961 5089
962 5073
963 5525
964 5256
965 5460
966 5632
967 5653
968 5702
969 5067
970 4958
971 5959
972 5770
973 5962
974 7016
975 -994918
976 4958
977 5619
978 5423
979 5598
980 5686
981 5076
982 5079
983 5333
984 7579
985 5334
986 5081
987 4959
988 5334
989 5330
990 5332
991 5400
992 5456
993 6395
994 5333
995 4955
996 5213
997 4947
998 5340
999 5070
1000 5332
1001 5455
1002 5086
1003 5141
1004 5894
1005 5213
1006 6075
1007 5332
1008 5332
1009 5083
1010 5083
1011 4961
1012 6580
1013 5649
1014 5398
1015 5072
1016 5354
1017 5077
1018 5064
1019 4957
1020 5832
1021 5455
1022 4963
1023 5577
1024 5336
1025 4960
1026 5079
1027 5330
1028 5241
1029 5048
1030 5208
1031 6083
1032 5332
1033 5083
1034 5084
1035 5085
1036 5446
1037 4957
1038 5084
1039 4708
1040 4959
1041 5081
1042 5332
1043 5458
1044 5245
1045 5926
1046 5155
1047 5179
1048 5048
1049 5081
1050 6066
1051 5354
1052 5155
1053 5069
1054 5075
1055 5892
1056 5842
1057 5259
1058 6112
1059 5783
1060 5155
1061 6160
1062 6083
1063 5500
1064 8533
1065 5830
1066 5597
1067 5315
1068 6400
1069 5558
1070 5507
1071 5151
1072 5483
1073 5612
1074 5857
1075 5358
1076 5895
1077 5757
1078 5319
1079 5669
1080 5554
1081 5657
1082 5346
1083 6640
1084 5321
1085 4959
1086 6081
1087 5920
1088 5412
1089 5192
1090 5676
1091 5573
1092 5289
1093 6196
1094 6042
1095 5151
1096 5405
1097 5799
1098 5335
1099 5451
1100 5565
1101 5935
1102 5309
1103 5220
1104 6844
1105 5885
1106 6213
1107 5418
1108 5285
1109 4963
1110 5194
1111 5107
1112 5115
1113 5287
1114 5058
1115 6036
1116 5370
1117 6109
1118 5699
1119 5839
1120 5289
1121 5637
1122 7065
1123 5195
1124 5882
1125 5907
1126 4986
1127 4995
1128 5264
1129 5584
1130 5840
1131 5213
1132 5645
1133 5549
1134 5311
1135 5212
1136 5589
1137 6273
1138 5841
1139 5275
1140 6519
1141 5847
1142 6023
1143 6236
1144 5564
1145 5213
1146 5467
1147 5334
1148 5215
1149 5466
1150 5084
1151 5462
1152 5341
1153 5085
1154 4963
1155 -994864
1156 5042
1157 5712
1158 5761
1159 6394
1160 5377
1161 5070
1162 5337
1163 5089
1164 5088
1165 5337
1166 4963
1167 5460
1168 5469
1169 5084
1170 5349
1171 5326
1172 4967
1173 5619
1174 5177
1175 5963
1176 5713
1177 5736
1178 6071
1179 5079
1180 5089
1181 5464
1182 5087
1183 5087
1184 5878
1185 6482
1186 5351
1187 5327
1188 5236
1189 5431
1190 5465
1191 5588
1192 5095
1193 5321
1194 5644
1195 5708
1196 6563
1197 5308
1198 5336
1199 5216
1200 5326
1201 5340
1202 5333
1203 6282
1204 5274
1205 5206
1206 5361
1207 5066
1208 5344
1209 5701
1210 5091
1211 4962
1212 6029
1213 5133
1214 5082
1215 6598
1216 5826
1217 5232
1218 5564
1219 5302
1220 5648
1221 5317
1222 6215
1223 5353
1224 5444
1225 5336
1226 4961
1227 4961
1228 5088
1229 5530
1230 5270
1231 5646
1232 5785
1233 6331
1234 5328
1235 4963
1236 5466
1237 5460
1238 5462
1239 5340
1240 5465
1241 5336
1242 5091
1243 5086
1244 5462
1245 5783
1246 5951
1247 6098
1248 5523
1249 5087
1250 5465
1251 6213
1252 6717
1253 5481
1254 6131
1255 5270
1256 5093
1257 5582
1258 5212
1259 5088
1260 5838
1261 4963
1262 5590
1263 6838
1264 6005
1265 4921
1266 5715
1267 5838
1268 5759
1269 5296
1270 7080
1271 5857
1272 7128
1273 5918
1274 5837
1275 6123
1276 5163
1277 5491
1278 5556
1279 5428
1280 5665
1281 5256
1282 5431
1283 5952
1284 6316
1285 7394
1286 6721
1287 7063
1288 5264
1289 5670
1290 5302
1291 5350
1292 5546
1293 5315
1294 5345
1295 5834
1296 5998
1297 5470
1298 4975
1299 5674
1300 5659
1301 5124
1302 5191
1303 5863
1304 7631
1305 5612
1306 5769
1307 5190
1308 4939
1309 4941
1310 5065
1311 5446
1312 5081
1313 5687
1314 5188
1315 5692
1316 5564
1317 4941
1318 4941
1319 5066
1320 5448
1321 5054
1322 5762
1323 6242
1324 5642
1325 5636
1326 5534
1327 5065
1328 5066
1329 4944
1330 5562
1331 5570
1332 5062
1333 6315
1334 -994805
1335 5572
1336 5304
1337 5638
1338 5825
1339 5233
1340 5318
1341 5686
1342 6441
1343 5191
1344 5437
1345 5843
1346 5542
1347 5502
1348 5126
1349 5064
1350 5067
1351 5314
1352 5693
1353 5313
1354 4941
1355 5191
1356 6016
1357 5617
1358 5072
1359 6053
1360 6930
1361 5293
1362 5081
1363 5095
1364 5321
1365 6215
1366 5215
1367 5459
1368 5080
1369 6589
1370 5082
1371 5087
1372 4959
1373 5090
1374 5342
1375 5702
1376 5346
1377 5452
1378 5834
1379 6710
1380 5213
1381 5485
1382 5062
1383 6020
1384 5403
1385 5546
1386 5752
1387 5711
1388 5836
1389 5526
1390 5402
1391 5652
1392 5524
1393 5701
1394 5338
1395 5707
1396 5213
1397 6582
1398 5336
1399 5336
1400 5212
1401 5461
1402 5335
1403 5901
1404 5894
1405 5526
1406 6528
1407 4951
1408 5587
1409 5328
1410 5091
1411 5762
1412 5690
1413 5225
1414 5906
1415 6588
1416 5964
1417 5083
1418 5335
1419 5607
1420 5319
1421 5716
1422 5214
1423 5460
1424 5890
1425 5657
1426 5586
1427 4966
1428 5336
1429 5481
1430 5192
1431 4956
1432 6030
1433 5143
1434 5961
1435 5212
1436 5089
1437 5335
1438 5460
1439 5211
1440 5337
1441 5212
1442 5084
1443 5589
1444 5084
1445 4962
1446 5843
1447 5201
1448 5087
1449 6218
1450 5868
1451 5300
1452 6665
1453 5495
1454 5335
1455 6460
1456 5463
1457 5464
1458 5338
1459 5782
1460 5018
1461 5214
1462 5120
1463 5303
1464 4968
1465 5080
1466 5402
1467 5397
1468 5963
1469 5962
1470 4961
1471 5714
1472 5714
1473 5217
1474 5082
1475 5710
1476 5839
1477 5519
1478 5029
1479 5488
1480 5689
1481 5089
1482 5711
1483 5340
1484 5459
1485 5715
1486 5335
1487 6157
1488 5518
1489 6597
1490 5205
1491 5090
1492 5085
1493 5090
1494 5351
1495 5697
1496 5984
1497 5441
1498 5087
1499 5089
1500 4961
1501 4966
1502 5082
1503 5086
1504 5339
1505 5838
1506 5093
1507 5583
1508 6464
1509 5646
1510 5902
1511 5090
1512 5085
1513 5586
1514 5088
1515 -994910
1516 4987
1517 6502
1518 5019
1519 4969
1520 5516
1521 5400
1522 4960
1523 5148
1524 5027
1525 5778
1526 6398
1527 6090
1528 4957
1529 6147
1530 5277
1531 6341
1532 6109
1533 5314
1534 4960
1535 4715
1536 5210
1537 5790
1538 6132
1539 5096
1540 5074
1541 5595
1542 5084
1543 5589
1544 5629
1545 6980
1546 5384
1547 5083
1548 5089
1549 5210
1550 5338
1551 5463
1552 6215
1553 5216
1554 5334
1555 5531
1556 5391
1557 5094
1558 4957
1559 5903
1560 6089
1561 5399
1562 5333
1563 5089
1564 6487
1565 5437
1566 5275
1567 5277
1568 5269
1569 6284
1570 5087
1571 4962
1572 5094
1573 5083
1574 5337
1575 5460
1576 5338
1577 5081
1578 5593
1579 5330
1580 5517
1581 5784
1582 5961
1583 6335
1584 5090
1585 5084
1586 5338
1587 5588
1588 5088
1589 4965
1590 5087
1591 5338
1592 5466
1593 5330
1594 4966
1595 5829
1596 6028
1597 5397
1598 5215
1599 5337
1600 4967
1601 5084
1602 6336
1603 5089
1604 4961
1605 5087
1606 5589
1607 5087
1608 5526
1609 5026
1610 5212
1611 4965
1612 5586
1613 4959
1614 5707
1615 5090
1616 5708
1617 6218
1618 5332
1619 5837
1620 5340
1621 6086
1622 6237
1623 5188
1624 5087
1625 4964
1626 4961
1627 4964
1628 5480
1629 5507
1630 5396
1631 5344
1632 5078
1633 5094
1634 5076
1635 5215
1636 4961
1637 5394
1638 5406
1639 5087
1640 6779
1641 5397
1642 6014
1643 5537
1644 6223
1645 5450
1646 5459
1647 5346
1648 5453
1649 5093
1650 5330
1651 5099
1652 5070
1653 5334
1654 5511
1655 5412
1656 5461
1657 5339
1658 6587
1659 5214
1660 5338
1661 5334
1662 4966
1663 4963
1664 5085
1665 5089
1666 5088
1667 4964
1668 6036
1669 5260
1670 5087
1671 5339
1672 4961
1673 5089
1674 5340
1675 4857
1676 6136
1677 6643
1678 5713
1679 5088
1680 4962
1681 4965
1682 5337
1683 5089
1684 4963
1685 4961
1686 5463
1687 5089
1688 5334
1689 5090
1690 5461
1691 5655
1692 5705
1693 5651
1694 4967
1695 5833
1696 6781
1697 5772
1698 -994771
1699 5444
1700 5093
1701 5958
1702 5338
1703 5337
1704 5088
1705 4965
1706 5333
1707 5588
1708 5338
1709 5837
1710 5088
1711 6087
1712 5716
1713 5086
1714 5714
1715 6337
1716 5087
1717 5465
1718 5338
1719 5087
1720 6905
1721 5270
1722 5338
1723 5090
1724 5090
1725 5085
1726 4953
1727 5455
1728 5374
1729 4923
1730 5592
1731 5209
1732 5711
1733 5340
1734 5713
1735 5088
1736 6023
1737 5758
1738 4966
1739 5467
1740 5331
1741 5722
1742 5076
1743 5717
1744 5082
1745 5339
1746 5462
1747 5647
1748 5506
1749 4965
1750 5960
1751 5215
1752 6592
1753 5583
1754 5463
1755 4964
1756 5336
1757 5088
1758 4981
1759 5256
1760 5279
1761 5083
1762 5339
1763 4966
1764 4962
1765 5091
1766 5458
1767 5088
1768 6337
1769 4962
1770 5214
1771 6347
1772 5327
1773 6088
1774 5211
1775 5838
1776 4963
1777 5089
1778 4968
1779 5103
1780 6087
1781 5443
1782 5082
1783 5338
1784 5106
1785 5195
1786 5586
1787 5109
1788 5693
1789 5212
1790 6713
1791 5338
1792 5714
1793 4964
1794 5586
1795 5089
1796 5087
1797 5216
1798 5333
1799 5090
1800 4965
1801 5347
1802 7429
1803 5411
1804 6200
1805 5363
1806 5475
1807 7547
1808 6482
1809 5004
1810 5712
1811 5712
1812 5211
1813 5721
1814 5212
1815 5704
1816 6109
1817 5047
1818 5094
1819 5094
1820 5085
1821 6570
1822 8989
1823 6201
1824 5216
1825 5436
1826 6589
1827 5084
1828 5970
1829 5362
1830 5419
1831 5339
1832 5717
1833 5750
1834 5419
1835 7125
1836 5929
1837 5075
1838 5448
1839 5577
1840 5585
1841 6514
1842 6777
1843 6210
1844 5562
1845 5096
1846 5337
1847 5089
1848 4949
1849 6159
1850 5999
1851 6104
1852 5060
1853 5962
1854 5128
1855 5310
1856 5440
1857 5713
1858 5712
1859 5311
1860 5397
1861 5992
1862 7645
1863 7457
1864 9097
1865 6446
1866 5863
1867 5414
1868 5272
1869 6682
1870 5310
1871 5901
1872 6641
1873 5588
1874 5589
1875 5702
1876 -994145
1877 5199
1878 5965
1879 5834
1880 5499
1881 5301
1882 5075
1883 4981
1884 5343
1885 6026
1886 5774
1887 5205
1888 5330
1889 7708
1890 6489
1891 5913
1892 5094
1893 5090
1894 5132
1895 5791
1896 7842
1897 5479
1898 5394
1899 5777
1900 5539
1901 6605
1902 5989
1903 6015
1904 5727
1905 5215
1906 5451
1907 5701
1908 6969
1909 5833
1910 5507
1911 6787
1912 5351
1913 6441
1914 5478
1915 6672
1916 6395
1917 5215
1918 5077
1919 5356
1920 5720
1921 6563
1922 5975
1923 5451
1924 5467
1925 4951
1926 5374
1927 6241
1928 5433
1929 5194
1930 5187
1931 6983
1932 5057
1933 5340
1934 5091
1935 5321
1936 5333
1937 5362
1938 5682
1939 5832
1940 5707
1941 5109
1942 5077
1943 4946
1944 5458
1945 5465
1946 5090
1947 5088
1948 5636
1949 5650
1950 6887
1951 5280
1952 5538
1953 5379
1954 5347
1955 5958
1956 5822
1957 4987
1958 5421
1959 5089
1960 5459
1961 5109
1962 5682
1963 5702
1964 5337
1965 5717
1966 5214
1967 5310
1968 6534
1969 5535
1970 5368
1971 5298
1972 5830
1973 5608
1974 5563
1975 4954
1976 5095
1977 5574
1978 5379
1979 5449
1980 5305
1981 5097
1982 5578
1983 5405
1984 5385
1985 6938
1986 7459
1987 6066
1988 5621
1989 6252
1990 5235
1991 6458
1992 5282
1993 5210
1994 6100
1995 5742
1996 5328
1997 5384
1998 5718
1999 5645
2000 5132
2001 5366
2002 5934
2003 5462
2004 6516
2005 5113
2006 5915
2007 5111
2008 5875
2009 5537
2010 5334
2011 5070
2012 5381
2013 5426
2014 5300
2015 6238
2016 5600
2017 5080
2018 5807
2019 5829
2020 5478
2021 5923
2022 6527
2023 5219
2024 5183
2025 5132
2026 5183
2027 5870
2028 6373
2029 5240
2030 5590
2031 5641
2032 5118
2033 5236
2034 5088
2035 5062
2036 5457
2037 6227
2038 6212
2039 5382
2040 5486
2041 6506
2042 4906
2043 6363
2044 5059
2045 5387
2046 5440
2047 5334
2048 5280
2049 5421
2050 5656
2051 5431
2052 -992817
2053 5674
2054 4967
2055 5202
2056 5191
2057 5716
2058 5195
2059 6450
2060 7165
2061 5344
2062 6265
2063 5230
2064 6387
2065 5438
2066 5286
2067 6173
2068 5273
2069 5588
2070 5051
2071 5321
2072 6062
2073 5744
2074 5785
2075 5346
2076 6562
2077 5265
2078 5473
2079 5477
2080 5435
2081 5298
2082 5345
2083 5505
2084 5342
2085 7275
2086 5670
2087 5383
2088 5178
2089 5595
2090 5053
2091 5287
2092 5185
2093 5775
2094 7019
2095 5709
2096 5710
2097 5069
2098 5267
2099 5612
2100 7478
2101 5324
2102 5634
2103 5567
2104 6463
2105 5583
2106 6385
2107 5110
2108 5478
2109 5365
2110 5099
2111 5323
2112 6162
2113 5679
2114 5353
2115 5129
2116 5528
2117 6409
2118 5562
2119 5079
2120 5405
2121 5296
2122 5122
2123 6458
2124 6734
2125 5899
2126 5884
2127 6356
2128 6056
2129 6856
2130 5173
2131 5402
2132 5343
2133 5777
2134 5129
2135 5152
2136 5284
2137 5308
2138 5344
2139 5058
2140 5375
2141 5087
2142 5185
2143 5722
2144 5238
2145 6104
2146 5065
2147 5179
2148 6578
2149 5539
2150 5365
2151 4993
2152 5292
2153 5514
2154 5537
2155 5241
2156 5599
2157 5959
2158 5432
2159 5441
2160 5384
2161 5409
2162 5667
2163 5204
2164 5620
2165 5375
2166 6897
2167 6475
2168 6678
2169 5684
2170 5456
2171 5457
2172 5143
2173 5694
2174 4881
2175 5154
2176 6269
2177 5448
2178 5744
2179 6487
2180 6112
2181 5307
2182 5404
2183 5403
2184 6671
2185 5137
2186 5063
2187 5773
2188 6970
2189 5492
2190 5899
2191 5655
2192 5882
2193 5357
2194 5987
2195 5000
2196 5193
2197 6023
2198 5688
2199 5337
2200 5826
2201 5083
2202 6542
2203 5876
2204 5840
2205 5502
2206 5094
2207 5573
2208 5832
2209 5333
2210 5339
2211 6634
2212 5528
2213 5704
2214 4828
2215 5672
2216 5248
2217 4964
2218 5212
2219 5848
2220 6725
2221 5311
2222 6391
2223 5709
2224 5281
2225 5864
2226 5194
2227 -994927
2228 5715
2229 5089
2230 5891
2231 6096
2232 5263
2233 5126
2234 5542
2235 5085
2236 5239
2237 5054
2238 6213
2239 5326
2240 5325
2241 5349
2242 5579
2243 4954
2244 5164
2245 5414
2246 5741
2247 5150
2248 5092
2249 5696
2250 5852
2251 5206
2252 4955
2253 5405
2254 5293
2255 5177
2256 5091
2257 6198
2258 5378
2259 5867
2260 5147
2261 5081
2262 5335
2263 5079
2264 5504
2265 5290
2266 5328
2267 5335
2268 4956
2269 5455
2270 5339
2271 4976
2272 5080
2273 5483
2274 5635
2275 5367
2276 5824
2277 5813
2278 5573
2279 5336
2280 5282
2281 5399
2282 5449
2283 5328
2284 5446
2285 5844
2286 6000
2287 5711
2288 5407
2289 5228
2290 5404
2291 5606
2292 4950
2293 5450
2294 5862
2295 5887
2296 5087
2297 5061
2298 5091
2299 5197
2300 5452
2301 6005
2302 5240
2303 5091
2304 5717
2305 5315
2306 5676
2307 5614
2308 5294
2309 5482
2310 5248
2311 6045
2312 5040
2313 6956
2314 5343
2315 5627
2316 5621
2317 5874
2318 5979
2319 5544
2320 6016
2321 5459
2322 5304
2323 5289
2324 5044
2325 5411
2326 5806
2327 5258
2328 5789
2329 5429
2330 5027
2331 7032
2332 6128
2333 5679
2334 6425
2335 5536
2336 5377
2337 5626
2338 5453
2339 5215
2340 5447
2341 5075
2342 5337
2343 5292
2344 5818
2345 5958
2346 5411
2347 5440
2348 5320
2349 6459
2350 5450
2351 5608
2352 5823
2353 5439
2354 5709
2355 6515
2356 5274
2357 4767
2358 5692
2359 5409
2360 5323
2361 5164
2362 6699
2363 5417
2364 5564
2365 6146
2366 5104
2367 6541
2368 5322
2369 5478
2370 5191
2371 5178
2372 5407
2373 5849
2374 5157
2375 5185
2376 5699
2377 5711
2378 6279
2379 5445
2380 4970
2381 5205
2382 6112
2383 5556
2384 4980
2385 7170
2386 7127
2387 5874
2388 6687
2389 5465
2390 6255
2391 5613
2392 6326
2393 5528
2394 5534
2395 7043
2396 6233
2397 5865
2398 5603
2399 5557
2400 5220
2401 7664
2402 7509
2403 6271
2404 -994719
2405 5564
2406 5198
2407 5543
2408 5779
2409 5843
2410 5691
2411 5721
2412 5572
2413 5579
2414 5088
2415 5093
2416 5453
2417 6311
2418 5227
2419 7475
2420 5676
2421 5460
2422 5437
2423 5327
2424 5449
2425 5699
2426 5629
2427 6749
2428 5257
2429 5828
2430 6256
2431 5876
2432 5758
2433 5299
2434 5694
2435 5637
2436 5432
2437 6410
2438 5550
2439 5496
2440 5527
2441 5242
2442 5836
2443 5109
2444 5890
2445 5618
2446 5461
2447 5468
2448 5675
2449 6112
2450 5488
2451 5370
2452 9890
2453 5585
2454 6805
2455 5409
2456 5238
2457 5523
2458 6061
2459 5495
2460 6220
2461 6568
2462 5585
2463 8252
2464 5776
2465 5119
2466 5806
2467 6240
2468 6700
2469 5891
2470 7063
2471 5259
2472 5468
2473 5511
2474 5524
2475 5686
2476 5508
2477 5570
2478 5309
2479 5886
2480 5567
2481 5314
2482 5511
2483 5240
2484 5074
2485 5179
2486 5315
2487 5066
2488 5565
2489 6066
2490 4944
2491 6270
2492 5737
2493 5812
2494 5693
2495 5690
2496 5089
2497 5664
2498 5689
2499 5067
2500 5688
2501 5593
2502 5922
2503 5674
2504 7191
2505 4959
2506 5669
2507 6213
2508 5668
2509 5065
2510 6067
2511 5813
2512 5693
2513 5063
2514 5942
2515 5583
2516 5435
2517 5739
2518 5122
2519 6164
2520 6578
2521 6030
2522 5689
2523 5199
2524 6562
2525 5489
2526 4952
2527 5838
2528 5710
2529 5587
2530 5087
2531 5714
2532 5713
2533 6418
2534 5500
2535 5726
2536 5699
2537 5737
2538 5851
2539 5280
2540 6839
2541 4959
2542 7155
2543 5499
2544 5964
2545 5742
2546 5676
2547 5792
2548 5626
2549 5208
2550 5840
2551 5698
2552 5706
2553 6544
2554 5383
2555 6396
2556 5022
2557 6077
2558 5528
2559 5892
2560 6590
2561 6282
2562 5381
2563 5345
2564 6080
2565 5762
2566 6031
2567 5916
2568 5618
2569 5075
2570 5924
2571 5378
2572 5740
2573 5656
2574 7154
2575 5645
2576 -994620
2577 6976
2578 5384
2579 7090
2580 5456
2581 5705
2582 5090
2583 5586
2584 6256
2585 5414
2586 5707
2587 5598
2588 5692
2589 5705
2590 5716
2591 5720
2592 5693
2593 5786
2594 5037
2595 6062
2596 6036
2597 5516
2598 5856
2599 5287
2600 5710
2601 5472
2602 5450
2603 6855
2604 5555
2605 6904
2606 5390
2607 5327
2608 5277
2609 6094
2610 5760
2611 5836
2612 6723
2613 5615
2614 6375
2615 6463
2616 5023
2617 5083
2618 5829
2619 4964
2620 5701
2621 5533
2622 5272
2623 6097
2624 5688
2625 5092
2626 5965
2627 5201
2628 5220
2629 6086
2630 6687
2631 5541
2632 5019
2633 5714
2634 6520
2635 5658
2636 6335
2637 5088
2638 5712
2639 6407
2640 5283
2641 5068
2642 5965
2643 5905
2644 5516
2645 5453
2646 5343
2647 5838
2648 6593
2649 5194
2650 5096
2651 5739
2652 5929
2653 4953
2654 5591
2655 7234
2656 6632
2657 5896
2658 5841
2659 5472
2660 5697
2661 5840
2662 5212
2663 6031
2664 5273
2665 5339
2666 6096
2667 5693
2668 5957
2669 6403
2670 5831
2671 6187
2672 5290
2673 4961
2674 5336
2675 6091
2676 5714
2677 5073
2678 5213
2679 6237
2680 5449
2681 5701
2682 5733
2683 8085
2684 6201
2685 6485
2686 5655
2687 6212
2688 6394
2689 6444
2690 5639
2691 7089
2692 6320
2693 8543
2694 5778
2695 5854
2696 5907
2697 6366
2698 6225
2699 7031
2700 6336
2701 6082
2702 5009
2703 5614
2704 6414
2705 7799
2706 5116
2707 6302
2708 5135
2709 5725
2710 9328
2711 5469
2712 5794
2713 5153
2714 6540
2715 7999
2716 6122
2717 5935
2718 5183
2719 5475
2720 6333
2721 5960
2722 5441
2723 5366
2724 7862
2725 5972
2726 7283
2727 6541
2728 5536
2729 5746
2730 6081
2731 5503
2732 7423
2733 5129
2734 5720
2735 5742
2736 5387
2737 5686
2738 6063
2739 6329
2740 5303
2741 5500
2742 5880
2743 5739
2744 -993423
2745 5496
2746 5281
2747 6573
2748 6085
2749 6521
2750 5570
2751 5178
2752 5930
2753 5751
2754 5674
2755 6113
2756 5865
2757 6164
2758 6208
2759 5797
2760 6366
2761 5620
2762 5285
2763 5707
2764 7088
2765 7826
2766 5436
2767 6572
2768 5311
2769 7583
2770 5990
2771 5737
2772 5881
2773 6698
2774 6051
2775 6361
2776 8081
2777 4975
2778 5534
2779 6355
2780 6748
2781 5950
2782 6632
2783 5812
2784 7202
2785 5703
2786 5666
2787 6263
2788 5546
2789 5963
2790 5468
2791 6607
2792 5755
2793 5934
2794 7102
2795 5202
2796 5138
2797 7319
2798 7700
2799 5953
2800 5898
2801 5782
2802 6978
2803 6337
2804 6068
2805 6231
2806 5714
2807 5796
2808 5710
2809 8306
2810 5330
2811 5596
2812 5682
2813 5954
2814 5743
2815 7571
2816 5559
2817 5594
2818 6330
2819 9878
2820 6312
2821 6772
2822 6166
2823 5676
2824 6508
2825 6622
2826 5963
2827 5653
2828 5920
2829 5785
2830 9031
2831 6057
2832 6044
2833 6449
2834 5667
2835 6073
2836 6879
2837 5219
2838 5561
2839 5780
2840 6256
2841 7031
2842 6805
2843 5311
2844 5701
2845 5351
2846 6078
2847 6335
2848 5708
2849 5721
2850 5703
2851 6089
2852 5710
2853 5713
2854 5708
2855 5705
2856 5842
2857 5628
2858 5911
2859 5828
2860 5589
2861 6014
2862 6023
2863 6209
2864 7270
2865 5928
2866 5800
2867 5838
2868 5848
2869 6472
2870 5624
2871 5773
2872 6460
2873 5979
2874 5828
2875 5855
2876 7787
2877 5787
2878 5492
2879 5842
2880 6042
2881 7523
2882 5822
2883 6325
2884 6211
2885 6596
2886 6058
2887 5960
2888 5565
2889 5465
2890 6637
2891 5826
2892 6177
2893 7762
2894 6717
2895 5965
2896 5903
2897 6652
2898 6098
2899 5985
2900 5837
2901 5755
2902 5811
2903 5930
2904 7624
2905 -993668
2906 5051
2907 6071
2908 9143
2909 6509
2910 5704
2911 7041
2912 5100
2913 6954
2914 5957
2915 7545
2916 5697
2917 5593
2918 5094
2919 5348
2920 6918
2921 5941
2922 5612
2923 5490
2924 5688
2925 5312
2926 5536
2927 6228
2928 5186
2929 6660
2930 8330
2931 5883
2932 6342
2933 8690
2934 6131
2935 6040
2936 6734
2937 6180
2938 6135
2939 5282
2940 5307
2941 5481
2942 5709
2943 6763
2944 5939
2945 5407
2946 5133
2947 6190
2948 5692
2949 5828
2950 6586
2951 7437
2952 5732
2953 5722
2954 9289
2955 6314
2956 6888
2957 5165
2958 6484
2959 5433
2960 5849
2961 6079
2962 5829
2963 6753
2964 6013
2965 5460
2966 9877
2967 6031
2968 5960
2969 6077
2970 5648
2971 5341
2972 5862
2973 6097
2974 4943
2975 5434
2976 6544
2977 5478
2978 6564
2979 6647
2980 6399
2981 6160
2982 6234
2983 6285
2984 5637
2985 5533
2986 5723
2987 6403
2988 6500
2989 6238
2990 6016
2991 5361
2992 5993
2993 7233
2994 6006
2995 7111
2996 6221
2997 5168
2998 5589
2999 5283
3000 5085
3001 5173
3002 4945
3003 5067
3004 4949
3005 5568
3006 6687
3007 5193
3008 6334
3009 5243
3010 5503
3011 5678
3012 5573
3013 6434
3014 5892
3015 5402
3016 5302
3017 6208
3018 5143
3019 5562
3020 5577
3021 5063
3022 5030
3023 5687
3024 5716
3025 5869
3026 5125
3027 5424
3028 5261
3029 4992
3030 7471
3031 7344
3032 5986
3033 5475
3034 5573
3035 6618
3036 6576
3037 6771
3038 5740
3039 5093
3040 5899
3041 5285
3042 6295
3043 6515
3044 5963
3045 5583
3046 5863
3047 5719
3048 6770
3049 6100
3050 6246
3051 5974
3052 5197
3053 6425
3054 6116
3055 5889
3056 5874
3057 6076
3058 5069
3059 6583
3060 5977
3061 6384
3062 5957
3063 5754
3064 5108
3065 6430
3066 6471
3067 5995
3068 5533
3069 -994010
3070 5704
3071 6104
3072 5929
3073 6449
3074 7201
3075 5701
3076 6061
3077 5791
3078 6076
3079 6187
3080 6326
3081 6963
3082 5661
3083 6632
3084 6569
3085 7350
3086 5563
3087 5107
3088 5729
3089 5565
3090 5467
3091 5573
3092 6754
3093 5908
3094 5721
3095 6358
3096 7297
3097 6954
3098 6876
3099 5592
3100 6697
3101 6776
3102 6644
3103 6018
3104 5979
3105 5726
3106 7323
3107 7861
3108 8124
3109 5981
3110 6807
3111 5100
3112 5739
3113 7953
3114 5916
3115 5479
3116 5875
3117 5993
3118 6011
3119 5675
3120 6276
3121 6613
3122 5825
3123 5213
3124 5006
3125 6127
3126 6340
3127 6017
3128 6465
3129 5240
3130 6756
3131 6252
3132 6961
3133 5707
3134 5331
3135 5131
3136 7069
3137 5949
3138 6572
3139 5717
3140 5224
3141 5640
3142 5519
3143 6337
3144 6476
3145 5185
3146 6373
3147 7173
3148 5034
3149 5707
3150 5280
3151 4960
3152 6582
3153 5166
3154 5033
3155 5075
3156 6485
3157 5432
3158 5365
3159 4963
3160 5405
3161 5261
3162 5953
3163 5321
3164 5469
3165 5082
3166 7076
3167 5589
3168 5087
3169 6279
3170 5267
3171 5711
3172 4963
3173 5230
3174 5812
3175 5089
3176 6029
3177 5024
3178 5689
3179 5741
3180 5957
3181 5225
3182 6191
3183 5862
3184 6513
3185 5712
3186 5213
3187 6646
3188 5275
3189 5959
3190 5889
3191 5637
3192 5719
3193 5739
3194 5440
3195 5890
3196 5652
3197 5697
3198 4988
3199 5242
3200 5405
3201 6958
3202 5206
3203 5710
3204 6207
3205 5210
3206 6506
3207 7346
3208 11434
3209 6595
3210 5877
3211 5627
3212 6718
3213 10441
3214 5633
3215 5472
3216 5744
3217 8920
3218 6969
3219 7174
3220 5992
3221 5948
3222 6396
3223 6258
3224 8476
3225 6591
3226 5874
3227 5583
3228 6881
3229 5506
3230 7685
3231 5441
3232 -992740
3233 6348
3234 11009
3235 6038
3236 6617
3237 5199
3238 7471
3239 6131
3240 7601
3241 5826
3242 6456
3243 6414
3244 8003
3245 6607
3246 8067
3247 6157
3248 7482
3249 6634
3250 9047
3251 6719
3252 6749
3253 5214
3254 6114
3255 6406
3256 6332
3257 7909
3258 6220
3259 5735
3260 6785
3261 7420
3262 5566
3263 5692
3264 5675
3265 5820
3266 5821
3267 6816
3268 5803
3269 6192
3270 5822
3271 5071
3272 5692
3273 6318
3274 6311
3275 5711
3276 5874
3277 5702
3278 6431
3279 6447
3280 5858
3281 6026
3282 6324
3283 6935
3284 6132
3285 5438
3286 6161
3287 6455
3288 5418
3289 6112
3290 7322
3291 6360
3292 6223
3293 6557
3294 6976
3295 5872
3296 5639
3297 7365
3298 6193
3299 7261
3300 6225
3301 6450
3302 5701
3303 7312
3304 5646
3305 6254
3306 6705
3307 6184
3308 9385
3309 7377
3310 5583
3311 5789
3312 6488
3313 5693
3314 5642
3315 5630
3316 5505
3317 5754
3318 6322
3319 5937
3320 7025
3321 5902
3322 6304
3323 6416
3324 5949
3325 5848
3326 7128
3327 5413
3328 5773
3329 5903
3330 5088
3331 6669
3332 6066
3333 6176
3334 6442
3335 5535
3336 5235
3337 5796
3338 6709
3339 5815
3340 5826
3341 5978
3342 6193
3343 7581
3344 6467
3345 6257
3346 4969
3347 6344
3348 5369
3349 5745
3350 5216
3351 6514
3352 5309
3353 5974
3354 5919
3355 5820
3356 5653
3357 5529
3358 5012
3359 6437
3360 6906
3361 5577
3362 5674
3363 6972
3364 7325
3365 5546
3366 5205
3367 5547
3368 5640
3369 5728
3370 6430
3371 5494
3372 6632
3373 5705
3374 7173
3375 6519
3376 5700
3377 6125
3378 5718
3379 6056
3380 5706
3381 5470
3382 5281
3383 5116
3384 5714
3385 5653
3386 5579
3387 5586
3388 6079
3389 5213
3390 5957
3391 -994788
3392 5900
3393 5936
3394 6262
3395 7243
3396 5432
3397 5897
3398 5549
3399 5764
3400 5489
3401 5886
3402 5617
3403 5567
3404 6180
3405 5937
3406 6069
3407 5440
3408 6287
3409 5075
3410 6011
3411 5414
3412 6880
3413 6180
3414 6194
3415 5943
3416 5044
3417 5334
3418 6190
3419 5727
3420 5266
3421 5685
3422 5098
3423 5899
3424 6183
3425 5461
3426 5325
3427 5217
3428 6648
3429 5411
3430 6938
3431 5203
3432 5590
3433 5343
3434 5945
3435 5833
3436 5109
3437 5682
3438 5466
3439 5855
3440 5684
3441 5721
3442 5948
3443 5089
3444 5834
3445 5835
3446 5346
3447 6240
3448 6407
3449 5709
3450 5373
3451 6803
3452 6125
3453 8103
3454 7143
3455 6055
3456 5948
3457 5315
3458 5544
3459 7202
3460 6738
3461 6748
3462 6184
3463 5746
3464 6974
3465 5258
3466 5796
3467 6159
3468 8802
3469 6403
3470 5734
3471 5200
3472 5292
3473 5748
3474 7816
3475 6711
3476 6630
3477 5244
3478 6611
3479 5871
3480 9529
3481 5830
3482 5455
3483 5398
3484 5568
3485 5737
3486 6019
3487 8209
3488 5462
3489 5927
3490 5447
3491 5932
3492 5677
3493 5750
3494 6915
3495 6070
3496 6628
3497 5644
3498 5827
3499 6416
3500 7572
3501 7307
3502 5582
3503 5563
3504 5199
3505 6431
3506 5488
3507 5682
3508 5463
3509 5282
3510 5103
3511 5138
3512 5201
3513 6896
3514 5639
3515 5581
3516 5074
3517 5327
3518 5078
3519 5458
3520 5824
3521 5125
3522 5790
3523 6068
3524 5965
3525 5205
3526 5081
3527 5078
3528 5330
3529 5003
3530 5490
3531 5060
3532 6082
3533 5080
3534 4947
3535 4959
3536 5565
3537 4960
3538 5836
3539 5694
3540 5580
3541 5331
3542 5087
3543 5822
3544 6325
3545 5491
3546 6056
3547 6807
3548 5456
3549 5202
3550 6615
3551 5602
3552 5765
3553 5091
3554 5690
3555 5329
3556 4700
3557 5214
3558 5696
3559 5329
3560 -993857
3561 6200
3562 5395
3563 5082
3564 5580
3565 5020
3566 5011
3567 4957
3568 5327
3569 6208
3570 5073
3571 5954
3572 5510
3573 5380
3574 5110
3575 5065
3576 5456
3577 5077
3578 5090
3579 5685
3580 5215
3581 5702
3582 5200
3583 5316
3584 5578
3585 4958
3586 5447
3587 5218
3588 5943
3589 5194
3590 4930
3591 5335
3592 5585
3593 5841
3594 6523
3595 5961
3596 5410
3597 5076
3598 5714
3599 5337
3600 5970
3601 5339
3602 5337
3603 5340
3604 4835
3605 5339
3606 6465
3607 5106
3608 5571
3609 5825
3610 5090
3611 5588
3612 5337
3613 5213
3614 5503
3615 5425
3616 5827
3617 5597
3618 5085
3619 5466
3620 5710
3621 5092
3622 5235
3623 5570
3624 7575
3625 5198
3626 5844
3627 5336
3628 6174
3629 6197
3630 5340
3631 6697
3632 5079
3633 5061
3634 5154
3635 5848
3636 5372
3637 5619
3638 5427
3639 5909
3640 5960
3641 5591
3642 5897
3643 6152
3644 5221
3645 6030
3646 5433
3647 6082
3648 5663
3649 5233
3650 5819
3651 5693
3652 5341
3653 5088
3654 5005
3655 5474
3656 5555
3657 4971
3658 5427
3659 6081
3660 5318
3661 5833
3662 5375
3663 5726
3664 5005
3665 5128
3666 5881
3667 5538
3668 5967
3669 5406
3670 4906
3671 5149
3672 5335
3673 5715
3674 6035
3675 5300
3676 5420
3677 8399
3678 5873
3679 6716
3680 5368
3681 5424
3682 5242
3683 5210
3684 5540
3685 5510
3686 7456
3687 5816
3688 4934
3689 6764
3690 5150
3691 5089
3692 4959
3693 5614
3694 5317
3695 5198
3696 5338
3697 6468
3698 5118
3699 5940
3700 5458
3701 5074
3702 5406
3703 5765
3704 5575
3705 5481
3706 5708
3707 5598
3708 6483
3709 6650
3710 6186
3711 5513
3712 6811
3713 6541
3714 7026
3715 5889
3716 5875
3717 5317
3718 5857
3719 5045
3720 5693
3721 5828
3722 5561
3723 5354
3724 5719
3725 5144
3726 6043
3727 5583
3728 6079
3729 5401
3730 6335
3731 5296
3732 6113
3733 5493
3734 6595
3735 5148
3736 5301
3737 -994436
3738 5289
3739 5330
3740 5321
3741 5710
3742 4836
3743 5089
3744 5397
3745 5309
3746 5384
3747 6546
3748 5449
3749 5139
3750 6443
3751 5628
3752 5864
3753 6081
3754 5446
3755 5488
3756 5922
3757 6410
3758 5602
3759 6429
3760 5771
3761 5306
3762 5353
3763 5970
3764 4911
3765 5208
3766 5844
3767 6196
3768 7030
3769 5474
3770 5848
3771 6463
3772 6126
3773 6306
3774 5148
3775 5990
3776 6109
3777 5718
3778 5385
3779 5310
3780 5769
3781 6361
3782 5199
3783 5800
3784 5759
3785 6866
3786 5618
3787 7507
3788 6019
3789 5641
3790 6520
3791 5773
3792 5535
3793 6043
3794 5083
3795 5345
3796 5270
3797 5745
3798 7487
3799 7350
3800 5750
3801 5794
3802 8812
3803 5740
3804 6372
3805 6322
3806 5998
3807 5476
3808 6359
3809 6468
3810 6429
3811 6183
3812 5253
3813 5076
3814 5603
3815 5262
3816 5448
3817 6431
3818 6486
3819 5202
3820 5039
3821 5511
3822 6125
3823 5702
3824 6193
3825 5867
3826 5650
3827 5274
3828 5333
3829 5786
3830 5345
3831 5027
3832 6104
3833 5521
3834 5121
3835 5591
3836 6261
3837 5724
3838 5802
3839 5016
3840 5723
3841 5511
3842 5404
3843 5419
3844 5194
3845 5507
3846 5220
3847 5999
3848 5423
3849 5246
3850 5947
3851 5976
3852 6438
3853 5391
3854 7824
3855 5350
3856 5299
3857 5320
3858 5979
3859 6031
3860 5466
3861 5707
3862 6174
3863 5074
3864 5313
3865 5780
3866 5269
3867 5410
3868 5913
3869 5024
3870 5114
3871 5385
3872 6107
3873 5616
3874 5712
3875 5534
3876 5086
3877 5076
3878 5341
3879 5965
3880 6019
3881 5021
3882 5143
3883 5452
3884 6022
3885 5210
3886 5085
3887 5341
3888 6089
3889 5084
3890 5214
3891 6342
3892 5459
3893 5978
3894 5326
3895 5726
3896 5210
3897 4940
3898 5001
3899 5111
3900 5283
3901 4952
3902 5082
3903 5085
3904 5101
3905 5945
3906 5470
3907 5329
3908 5094
3909 4953
3910 6341
3911 -994652
3912 5328
3913 4954
3914 5124
3915 5047
3916 5340
3917 5655
3918 5271
3919 5083
3920 5333
3921 4954
3922 4961
3923 5097
3924 5366
3925 5307
3926 4946
3927 5219
3928 5455
3929 6461
3930 5086
3931 5343
3932 4949
3933 5105
3934 5075
3935 5466
3936 5214
3937 5324
3938 5339
3939 5113
3940 5814
3941 5091
3942 4945
3943 5505
3944 5657
3945 5090
3946 4972
3947 5472
3948 6196
3949 5213
3950 5231
3951 5315
3952 5391
3953 5549
3954 5626
3955 5516
3956 4978
3957 5316
3958 6339
3959 5118
3960 5308
3961 5654
3962 5170
3963 5302
3964 6452
3965 5596
3966 5364
3967 6428
3968 5130
3969 5411
3970 5022
3971 5305
3972 5585
3973 5283
3974 5341
3975 5079
3976 5096
3977 5330
3978 5351
3979 5070
3980 5242
3981 5470
3982 5446
3983 5325
3984 5462
3985 5961
3986 6095
3987 5702
3988 4964
3989 5222
3990 5452
3991 4971
3992 5520
3993 6032
3994 4951
3995 5087
3996 5088
3997 5090
3998 4958
3999 5092
4000 4960
4001 5090
4002 5087
4003 4963
4004 5220
4005 6241
4006 5304
4007 5338
4008 4964
4009 5213
4010 5466
4011 5658
4012 5554
4013 5423
4014 5710
4015 4954
4016 5276
4017 5040
4018 5076
4019 5080
4020 4942
4021 5868
4022 5066
4023 5334
4024 6361
4025 5182
4026 7026
4027 5117
4028 5519
4029 5596
4030 4853
4031 5561
4032 5551
4033 5098
4034 5515
4035 6081
4036 5353
4037 6322
4038 5265
4039 5918
4040 5501
4041 5373
4042 6114
4043 5244
4044 5051
4045 5309
4046 5955
4047 5069
4048 5328
4049 6025
4050 5134
4051 5328
4052 5082
4053 5947
4054 5209
4055 5453
4056 5333
4057 5826
4058 5979
4059 5621
4060 5017
4061 5942
4062 5705
4063 5523
4064 5386
4065 4952
4066 5579
4067 5331
4068 4957
4069 5079
4070 5086
4071 5317
4072 5086
4073 5375
4074 7555
4075 5211
4076 5631
4077 6597
4078 5294
4079 6184
4080 5013
4081 5784
4082 5576
4083 5128
4084 4946
4085 6054
4086 4959
4087 5085
4088 5229
4089 5814
4090 5095
4091 6494
4092 5142
4093 5491
4094 -993869
4095 5481
4096 5849
4097 8664
4098 6814
4099 5230
4100 5093
4101 5738
4102 5619
4103 5335
4104 5164
4105 5876
4106 5783
4107 6148
4108 5786
4109 5401
4110 5609
4111 8027
4112 9226
4113 5080
4114 6071
4115 5754
4116 5539
4117 5383
4118 5352
4119 4856
4120 5729
4121 5691
4122 5500
4123 5220
4124 5392
4125 6583
4126 5144
4127 5087
4128 5247
4129 5168
4130 5637
4131 5134
4132 6387
4133 5071
4134 5431
4135 5372
4136 5246
4137 4942
4138 5020
4139 5540
4140 5561
4141 5632
4142 5484
4143 6432
4144 5141
4145 5983
4146 5003
4147 5234
4148 5132
4149 5651
4150 5263
4151 6716
4152 5384
4153 5528
4154 5314
4155 5039
4156 4841
4157 5070
4158 5326
4159 5693
4160 5331
4161 5453
4162 5226
4163 5342
4164 5062
4165 5340
4166 5349
4167 5830
4168 5243
4169 5110
4170 5863
4171 5305
4172 6117
4173 5273
4174 4956
4175 5070
4176 5123
4177 5297
4178 4998
4179 5414
4180 5704
4181 5002
4182 5575
4183 5073
4184 5244
4185 5323
4186 5539
4187 5585
4188 7159
4189 5041
4190 6222
4191 5842
4192 5105
4193 5585
4194 5293
4195 6047
4196 5010
4197 6713
4198 5425
4199 5140
4200 5224
4201 5262
4202 4917
4203 5366
4204 5030
4205 6062
4206 5281
4207 6756
4208 5113
4209 5373
4210 5237
4211 5074
4212 6106
4213 5330
4214 6437
4215 5740
4216 5347
4217 5578
4218 5641
4219 5814
4220 6731
4221 5544
4222 5046
4223 4906
4224 5822
4225 6267
4226 6299
4227 5074
4228 5800
4229 6087
4230 6079
4231 5122
4232 5567
4233 5838
4234 5192
4235 5303
4236 4989
4237 5933
4238 5245
4239 6029
4240 5627
4241 5768
4242 6819
4243 5547
4244 5732
4245 5283
4246 5430
4247 5089
4248 5903
4249 5359
4250 5980
4251 5164
4252 5215
4253 6453
4254 5452
4255 6441
4256 5554
4257 5814
4258 5683
4259 5364
4260 6577
4261 5753
4262 5553
4263 5580
4264 5168
4265 5094
4266 5435
4267 5726
4268 5248
4269 5589
4270 6727
4271 -993338
4272 11838
4273 5567
4274 5328
4275 5564
4276 5595
4277 6700
4278 5352
4279 5436
4280 5442
4281 5346
4282 5927
4283 5832
4284 5331
4285 5065
4286 5709
4287 5322
4288 5201
4289 5206
4290 5714
4291 5335
4292 5311
4293 5325
4294 5701
4295 7834
4296 6135
4297 5576
4298 5308
4299 6032
4300 5206
4301 5255
4302 5794
4303 5313
4304 5457
4305 5328
4306 5962
4307 5205
4308 5278
4309 5141
4310 5847
4311 5381
4312 5455
4313 6460
4314 5633
4315 5400
4316 4949
4317 6088
4318 5076
4319 5198
4320 5081
4321 5208
4322 5081
4323 5208
4324 5851
4325 5681
4326 5087
4327 5046
4328 6808
4329 5751
4330 5580
4331 5162
4332 6128
4333 5084
4334 5082
4335 5083
4336 4967
4337 5069
4338 5899
4339 5252
4340 5517
4341 5526
4342 5084
4343 5732
4344 6112
4345 6331
4346 5271
4347 5822
4348 5318
4349 5587
4350 6460
4351 5188
4352 4958
4353 5474
4354 5332
4355 5496
4356 5378
4357 5886
4358 6656
4359 5233
4360 5546
4361 5441
4362 5208
4363 4954
4364 5085
4365 5696
4366 6145
4367 5397
4368 5327
4369 6333
4370 5330
4371 5899
4372 5644
4373 5079
4374 5569
4375 6209
4376 5773
4377 6072
4378 5389
4379 5584
4380 5084
4381 5335
4382 5886
4383 5766
4384 5331
4385 5205
4386 5083
4387 6581
4388 5334
4389 5897
4390 5269
4391 5995
4392 5968
4393 5395
4394 6012
4395 5653
4396 6084
4397 5465
4398 5703
4399 5072
4400 5326
4401 5331
4402 4956
4403 5763
4404 5778
4405 6584
4406 5329
4407 5984
4408 6055
4409 6071
4410 5334
4411 5578
4412 5082
4413 5581
4414 4960
4415 5086
4416 5073
4417 6333
4418 5093
4419 5312
4420 5460
4421 5893
4422 5393
4423 7145
4424 5414
4425 5454
4426 5246
4427 5397
4428 5087
4429 5327
4430 5083
4431 5089
4432 5403
4433 6203
4434 5784
4435 5549
4436 5199
4437 5330
4438 5330
4439 6526
4440 5642
4441 5122
4442 6412
4443 5588
4444 5694
4445 5332
4446 4970
4447 5074
4448 5064
4449 -994664
4450 5061
4451 5532
4452 5149
4453 5324
4454 5565
4455 6366
4456 5428
4457 5360
4458 6172
4459 5255
4460 5994
4461 4955
4462 5013
4463 5405
4464 5072
4465 4953
4466 5094
4467 4933
4468 4965
4469 5260
4470 5272
4471 5333
4472 5592
4473 5312
4474 5070
4475 5510
4476 5535
4477 5317
4478 5339
4479 6203
4480 6526
4481 5759
4482 5360
4483 5300
4484 4965
4485 5119
4486 5276
4487 4956
4488 5002
4489 5422
4490 5083
4491 5201
4492 4968
4493 5831
4494 5218
4495 5890
4496 6565
4497 5297
4498 6352
4499 6574
4500 4953
4501 6035
4502 5387
4503 5091
4504 5522
4505 5276
4506 5095
4507 6096
4508 5566
4509 5702
4510 5468
4511 5250
4512 5547
4513 6082
4514 5340
4515 5331
4516 7616
4517 5060
4518 4954
4519 5344
4520 4953
4521 6036
4522 5824
4523 5714
4524 5531
4525 5076
4526 5959
4527 5205
4528 5367
4529 5433
4530 5273
4531 6344
4532 5266
4533 5206
4534 6342
4535 5699
4536 5338
4537 5090
4538 5078
4539 5511
4540 5539
4541 6203
4542 5344
4543 5333
4544 5728
4545 5440
4546 4960
4547 4965
4548 5085
4549 5336
4550 5334
4551 7038
4552 5516
4553 6452
4554 5097
4555 5075
4556 5346
4557 5076
4558 5593
4559 5580
4560 5467
4561 5706
4562 5838
4563 5588
4564 5458
4565 5506
4566 5469
4567 5470
4568 6184
4569 5301
4570 4956
4571 6588
4572 6369
4573 5430
4574 5333
4575 5080
4576 5091
4577 5227
4578 6082
4579 5445
4580 5220
4581 6097
4582 5814
4583 5464
4584 4978
4585 5322
4586 5595
4587 5078
4588 5360
4589 5185
4590 6342
4591 5338
4592 5719
4593 5070
4594 5597
4595 5093
4596 6390
4597 5281
4598 5332
4599 5076
4600 4969
4601 5327
4602 5095
4603 5579
4604 5276
4605 5396
4606 5347
4607 5335
4608 6583
4609 6150
4610 5509
4611 5278
4612 5962
4613 5914
4614 5064
4615 5095
4616 5718
4617 4950
4618 5275
4619 5188
4620 5042
4621 5083
4622 5077
4623 5589
4624 5090
4625 5203
4626 5836
4627 6363
4628 5877
4629 5383
4630 5218
4631 6279
4632 5782
4633 5060
4634 5222
4635 4946
4636 5090
4637 5088
4638 5904
4639 5138
4640 5090
4641 5079
4642 4965
4643 5964
4644 5704
4645 5212
4646 6338
4647 5090
4648 5710
4649 4962
4650 5588
4651 5212
4652 5370
4653 5677
4654 4962
4655 5088
4656 5637
4657 5167
4658 5092
4659 5426
4660 5614
4661 5082
4662 5090
4663 5199
4664 5089
4665 7088
4666 5339
4667 5466
4668 4958
4669 5970
4670 5085
4671 4960
4672 5702
4673 5468
4674 5228
4675 5194
4676 5077
4677 4970
4678 5704
4679 5837
4680 5211
4681 4962
4682 5956
4683 6558
4684 5513
4685 4935
4686 5217
4687 5329
4688 5384
4689 6048
4690 5954
4691 6102
4692 5443
4693 5112
4694 5192
4695 5082
4696 5339
4697 5190
4698 5241
4699 5578
4700 5982
4701 5193
4702 6462
4703 5088
4704 5101
4705 5459
4706 5201
4707 5914
4708 5392
4709 5473
4710 5821
4711 5351
4712 5075
4713 5769
4714 5398
4715 4957
4716 5094
4717 4955
4718 5839
4719 5224
4720 5051
4721 6497
4722 6175
4723 5210
4724 5638
4725 5784
4726 5578
4727 5088
4728 5339
4729 5089
4730 5213
4731 5342
4732 5586
4733 5400
4734 6031
4735 5329
4736 5108
4737 6011
4738 5982
4739 6274
4740 5439
4741 5532
4742 5544
4743 5718
4744 6055
4745 5343
4746 5957
4747 6213
4748 5407
4749 5520
4750 5156
4751 5770
4752 5340
4753 5082
4754 5098
4755 5328
4756 5840
4757 6674
4758 5626
4759 5963
4760 5723
4761 5635
4762 5024
4763 5270
4764 5403
4765 5340
4766 5338
4767 5087
4768 5340
4769 6106
4770 5593
4771 5437
4772 5088
4773 5715
4774 6029
4775 6907
4776 5328
4777 5345
4778 6097
4779 5195
4780 5090
4781 4963
4782 5586
4783 5715
4784 5714
4785 5597
4786 5454
4787 6123
4788 5306
4789 5203
4790 5088
4791 5962
4792 5478
4793 5576
4794 6458
4795 5892
4796 5279
4797 5457
4798 5337
4799 5084
4800 5466
4801 5080
4802 5199
4803 5224
4804 5647
4805 5277
4806 5594
4807 5456
4808 5385
4809 5434
4810 5688
4811 -994408
4812 7152
4813 5277
4814 4988
4815 5555
4816 5096
4817 5311
4818 5587
4819 5103
4820 5452
4821 5828
4822 5096
4823 5071
4824 5097
4825 5347
4826 5315
4827 5094
4828 5258
4829 6474
4830 5039
4831 7459
4832 5203
4833 5189
4834 5091
4835 5404
4836 5263
4837 5336
4838 5225
4839 5494
4840 5290
4841 5962
4842 5084
4843 6620
4844 6281
4845 5312
4846 5324
4847 5732
4848 4943
4849 5962
4850 5226
4851 5456
4852 5832
4853 5096
4854 4965
4855 5102
4856 5563
4857 5464
4858 4949
4859 5467
4860 5339
4861 5199
4862 5966
4863 5091
4864 5201
4865 5714
4866 5731
4867 5941
4868 7092
4869 5084
4870 5466
4871 5004
4872 5413
4873 5957
4874 5590
4875 5087
4876 5713
4877 5493
4878 5055
4879 5459
4880 5078
4881 4969
4882 5202
4883 6494
4884 5304
4885 6216
4886 6465
4887 5449
4888 6387
4889 5535
4890 5339
4891 5227
4892 5821
4893 4970
4894 5661
4895 5422
4896 5261
4897 6417
4898 5869
4899 5384
4900 5712
4901 5304
4902 4887
4903 5958
4904 7101
4905 6483
4906 5155
4907 4840
4908 5123
4909 5532
4910 5714
4911 6323
4912 5125
4913 7089
4914 6298
4915 6145
4916 5660
4917 5539
4918 5924
4919 6114
4920 5655
4921 5841
4922 6334
4923 4888
4924 4972
4925 5108
4926 5321
4927 5205
4928 5667
4929 5628
4930 5111
4931 5910
4932 6035
4933 6060
4934 5173
4935 6224
4936 5412
4937 6510
4938 5603
4939 7652
4940 5359
4941 6499
4942 5526
4943 5253
4944 5215
4945 5376
4946 5540
4947 4980
4948 5353
4949 5656
4950 5356
4951 5312
4952 5311
4953 5095
4954 5467
4955 4940
4956 6151
4957 5227
4958 6476
4959 5133
4960 5782
4961 5076
4962 5718
4963 6704
4964 5085
4965 5331
4966 5342
4967 5075
4968 5089
4969 5709
4970 5709
4971 5901
4972 5381
4973 5096
4974 6326
4975 5959
4976 6227
4977 5193
4978 5357
4979 5035
4980 5086
4981 5150
4982 5287
4983 4941
4984 5095
4985 4950
4986 6659
4987 5514
4988 6339
4989 -994652
4990 4994
4991 6061
4992 5206
4993 6503
4994 7278
4995 5052
4996 5213
4997 5433
4998 5515
4999 6464
5000 5390
5001 5297
5002 5321
5003 5106
5004 6491
5005 7057
5006 5719
5007 7500
5008 11334
5009 8305
5010 10361
5011 5423
5012 6162
5013 5685
5014 5383
5015 5749
5016 6176
5017 5311
5018 5266
5019 5560
5020 5546
5021 5652
5022 5456
5023 5157
5024 5766
5025 5431
5026 6585
5027 7587
5028 5809
5029 4993
5030 5366
5031 6021
5032 5386
5033 5278
5034 6002
5035 5628
5036 4967
5037 5261
5038 5589
5039 5567
5040 5938
5041 5136
5042 5230
5043 5438
5044 5405
5045 6729
5046 5352
5047 5834
5048 5125
5049 5392
5050 4947
5051 5967
5052 5183
5053 5504
5054 5297
5055 5565
5056 7648
5057 5884
5058 5655
5059 5961
5060 5535
5061 5170
5062 5515
5063 6696
5064 5327
5065 5617
5066 6188
5067 5156
5068 5240
5069 5623
5070 4984
5071 5782
5072 5757
5073 5522
5074 5558
5075 5310
5076 5068
5077 5075
5078 5560
5079 5067
5080 6196
5081 6063
5082 5067
5083 5074
5084 5317
5085 5573
5086 5189
5087 5497
5088 5380
5089 5072
5090 5256
5091 5379
5092 5068
5093 5817
5094 5742
5095 5458
5096 5692
5097 6120
5098 5181
5099 5198
5100 6442
5101 5311
5102 5438
5103 5070
5104 5697
5105 5311
5106 6073
5107 5570
5108 5180
5109 6071
5110 5192
5111 5311
5112 5571
5113 5507
5114 5307
5115 5492
5116 5213
5117 6278
5118 6437
5119 5258
5120 5655
5121 5306
5122 5665
5123 5084
5124 5120
5125 5174
5126 5647
5127 5915
5128 5307
5129 5756
5130 5921
5131 5333
5132 5210
5133 5365
5134 5051
5135 6090
5136 5834
5137 6215
5138 5327
5139 5340
5140 7093
5141 7330
5142 6086
5143 5823
5144 5343
5145 5587
5146 5704
5147 8649
5148 6036
5149 5695
5150 5923
5151 5494
5152 5881
5153 7228
5154 5950
5155 6573
5156 5773
5157 5152
5158 5693
5159 5501
5160 5304
5161 -994683
5162 5086
5163 5839
5164 5331
5165 5086
5166 5709
5167 5308
5168 5353
5169 5444
5170 5748
5171 6338
5172 5317
5173 5354
5174 5299
5175 5591
5176 5099
5177 5344
5178 6206
5179 5065
5180 5582
5181 5272
5182 5273
5183 5577
5184 5598
5185 5318
5186 5091
5187 5505
5188 5158
5189 5621
5190 6813
5191 4952
5192 5090
5193 5581
5194 5508
5195 5297
5196 5084
5197 5400
5198 5898
5199 5207
5200 5719
5201 5077
5202 5205
5203 5219
5204 6132
5205 5521
5206 5466
5207 5201
5208 4962
5209 6088
5210 5488
5211 5557
5212 5343
5213 5461
5214 4958
5215 6018
5216 5842
5217 5537
5218 5215
5219 4955
5220 5692
5221 5236
5222 5695
5223 5075
5224 5126
5225 4936
5226 5195
5227 6734
5228 5196
5229 6471
5230 5574
5231 6894
5232 5286
5233 5073
5234 5330
5235 5664
5236 5004
5237 5541
5238 5132
5239 5203
5240 5340
5241 6017
5242 5280
5243 6153
5244 5400
5245 5087
5246 6223
5247 5754
5248 6463
5249 5139
5250 5084
5251 4964
5252 5485
5253 5318
5254 5965
5255 5720
5256 5826
5257 4961
5258 5089
5259 5338
5260 5646
5261 5283
5262 5213
5263 5468
5264 6143
5265 5276
5266 5587
5267 5096
5268 4956
5269 5460
5270 5639
5271 5580
5272 5555
5273 5701
5274 5467
5275 5068
5276 5330
5277 6406
5278 5248
5279 5553
5280 5147
5281 6098
5282 4928
5283 6254
5284 5739
5285 6266
5286 5477
5287 5059
5288 5276
5289 5852
5290 5085
5291 5839
5292 7014
5293 5957
5294 6185
5295 5959
5296 6297
5297 5406
5298 6207
5299 5205
5300 6422
5301 5398
5302 5216
5303 5700
5304 6339
5305 4984
5306 5576
5307 5198
5308 6437
5309 5598
5310 5914
5311 5356
5312 7488
5313 5275
5314 5263
5315 5327
5316 6002
5317 8344
5318 5374
5319 5193
5320 5328
5321 4951
5322 5221
5323 5336
5324 4988
5325 5705
5326 4959
5327 5858
5328 5861
5329 5365
5330 5076
5331 6026
5332 4960
5333 5220
5334 5690
5335 5260
5336 6650
5337 5147
5338 5342
5339 6843
5340 5111
5341 5321
5342 5841
5343 5387
5344 5425
5345 5252
5346 5287
5347 6093
5348 4850
5349 6334
5350 6718
5351 5281
5352 6023
5353 5232
5354 7806
5355 5228
5356 5228
5357 5586
5358 5846
5359 6839
5360 5110
5361 5711
5362 6620
5363 5515
5364 6240
5365 5088
5366 5855
5367 6238
5368 5358
5369 7372
5370 6413
5371 7137
5372 5616
5373 5203
5374 5075
5375 5873
5376 5488
5377 5604
5378 5154
5379 5420
5380 6600
5381 5128
5382 6076
5383 6038
5384 5355
5385 4879
5386 5737
5387 5418
5388 5750
5389 7295
5390 5483
5391 6677
5392 5196
5393 6686
5394 5075
5395 5470
5396 6135
5397 5324
5398 5560
5399 4960
5400 6927
5401 5313
5402 6331
5403 5256
5404 5218
5405 6586
5406 6054
5407 5141
5408 5094
5409 5335
5410 5346
5411 5338
5412 6769
5413 5620
5414 5371
5415 5123
5416 5359
5417 6051
5418 6463
5419 5276
5420 4974
5421 5467
5422 5829
5423 5345
5424 6962
5425 5076
5426 5422
5427 5265
5428 5618
5429 5933
5430 6222
5431 4991
5432 5556
5433 5075
5434 7085
5435 5728
5436 5851
5437 5077
5438 6871
5439 5328
5440 6210
5441 4958
5442 6995
5443 6213
5444 5313
5445 5450
5446 5628
5447 5441
5448 5188
5449 5250
5450 5084
5451 5472
5452 5374
5453 5824
5454 6183
5455 5424
5456 5462
5457 5085
5458 5204
5459 6740
5460 6880
5461 5724
5462 5484
5463 4985
5464 4960
5465 5116
5466 5368
5467 5639
5468 5525
5469 5616
5470 5206
5471 6592
5472 5592
5473 5498
5474 5282
5475 6759
5476 5383
5477 4990
5478 6200
5479 6776
5480 5797
5481 5084
5482 5487
5483 5795
5484 5599
5485 5022
5486 5279
5487 6688
5488 5237
5489 5207
5490 4955
5491 5091
5492 5609
5493 5446
5494 5356
5495 6569
5496 6117
5497 5470
5498 5462
5499 5147
5500 6410
5501 5922
5502 5442
5503 5908
5504 5263
5505 5947
5506 5084
5507 5714
5508 6476
5509 5122
5510 5706
5511 6288
5512 6825
5513 -993293
5514 5598
5515 5715
5516 5216
5517 5482
5518 5235
5519 5959
5520 6007
5521 5267
5522 5543
5523 5318
5524 5445
5525 5129
5526 5548
5527 5229
5528 5833
5529 5578
5530 5363
5531 5333
5532 6087
5533 5080
5534 7488
5535 5245
5536 5414
5537 6238
5538 5208
5539 5349
5540 5199
5541 7273
5542 5568
5543 5168
5544 5567
5545 6736
5546 5473
5547 5455
5548 4972
5549 6840
5550 5694
5551 5536
5552 5279
5553 6467
5554 5415
5555 5841
5556 6035
5557 6213
5558 5368
5559 5184
5560 5201
5561 6212
5562 5113
5563 5352
5564 5722
5565 6863
5566 5313
5567 7142
5568 5104
5569 6864
5570 6103
5571 5206
5572 4959
5573 5286
5574 5341
5575 7386
5576 5222
5577 6335
5578 6464
5579 5350
5580 5334
5581 5595
5582 6573
5583 6085
5584 6468
5585 7216
5586 5602
5587 4958
5588 5353
5589 6066
5590 6722
5591 5384
5592 5572
5593 6584
5594 5330
5595 5822
5596 4969
5597 5606
5598 4994
5599 5206
5600 6717
5601 6257
5602 5841
5603 5450
5604 5090
5605 5338
5606 5474
5607 6058
5608 5176
5609 5095
5610 6017
5611 5861
5612 5872
5613 5480
5614 5491
5615 5965
5616 5579
5617 6217
5618 5244
5619 6302
5620 5456
5621 5399
5622 5214
5623 5764
5624 5863
5625 5717
5626 5401
5627 5612
5628 5483
5629 5218
5630 4865
5631 5465
5632 7051
5633 5470
5634 5766
5635 5505
5636 5614
5637 6256
5638 5045
5639 6777
5640 5057
5641 6315
5642 5678
5643 5606
5644 5074
5645 5506
5646 6242
5647 5445
5648 5918
5649 6507
5650 7237
5651 5330
5652 5244
5653 5218
5654 6225
5655 6749
5656 5749
5657 5612
5658 5597
5659 6487
5660 6049
5661 6317
5662 5827
5663 5413
5664 5072
5665 5676
5666 6193
5667 5278
5668 6387
5669 5262
5670 4856
5671 5313
5672 6924
5673 5575
5674 5020
5675 5805
5676 6031
5677 5269
5678 5238
5679 5324
5680 5605
5681 5223
5682 5480
5683 5748
5684 5877
5685 -994896
5686 5444
5687 4983
5688 5168
5689 5354
5690 6444
5691 5683
5692 5631
5693 6674
5694 5396
5695 5027
5696 6328
5697 5202
5698 5675
5699 6983
5700 5927
5701 5913
5702 5588
5703 5738
5704 5643
5705 6003
5706 5637
5707 6373
5708 5214
5709 5675
5710 5436
5711 5327
5712 8207
5713 5621
5714 5808
5715 5251
5716 6015
5717 5407
5718 6571
5719 5243
5720 4949
5721 5951
5722 5329
5723 5699
5724 5207
5725 5822
5726 5704
5727 4826
5728 5085
5729 5197
5730 4975
5731 5055
5732 5328
5733 5204
5734 5329
5735 5451
5736 5085
5737 5189
5738 5078
5739 5079
5740 5657
5741 5247
5742 5840
5743 5566
5744 6341
5745 5318
5746 5307
5747 5454
5748 5077
5749 4954
5750 5203
5751 5078
5752 6152
5753 5257
5754 6011
5755 5395
5756 5452
5757 4953
5758 4955
5759 4958
5760 4950
5761 5394
5762 5393
5763 6324
5764 5139
5765 5269
5766 4956
5767 5327
5768 5205
5769 5453
5770 5207
5771 5080
5772 5579
5773 5462
5774 5818
5775 5077
5776 5081
5777 4964
5778 5314
5779 6956
5780 5571
5781 5527
5782 6542
5783 5478
5784 5262
5785 5065
5786 5844
5787 5186
5788 5189
5789 5079
5790 6158
5791 5435
5792 5262
5793 5074
5794 5619
5795 5533
5796 5323
5797 5359
5798 6531
5799 5207
5800 6448
5801 5603
5802 5418
5803 5866
5804 5177
5805 4948
5806 6767
5807 5141
5808 4939
5809 6037
5810 5508
5811 5369
5812 5003
5813 5959
5814 5350
5815 5766
5816 5642
5817 5710
5818 7595
5819 5952
5820 4966
5821 5731
5822 5310
5823 5215
5824 5212
5825 5735
5826 6355
5827 5662
5828 5080
5829 7014
5830 6113
5831 5137
5832 5000
5833 5056
5834 5091
5835 5202
5836 7056
5837 5620
5838 5080
5839 5461
5840 5334
5841 5093
5842 5336
5843 5339
5844 5338
5845 5340
5846 5083
5847 5339
5848 5213
5849 4967
5850 4968
5851 5083
5852 5463
5853 5087
5854 5590
5855 6336
5856 5337
5857 5338
5858 5712
5859 5087
5860 5361
5861 5192
5862 5087
5863 6020
5864 5928
5865 -994812
5866 5341
5867 5896
5868 5774
5869 5586
5870 5675
5871 5252
5872 4964
5873 5965
5874 6458
5875 5590
5876 4963
5877 6335
5878 5095
5879 5579
5880 5721
5881 5827
5882 9334
5883 6087
5884 5480
5885 5692
5886 5959
5887 5091
5888 5461
5889 5462
5890 5095
5891 7355
5892 5563
5893 5459
5894 5235
5895 4939
5896 7662
5897 5261
5898 5465
5899 5958
5900 5589
5901 5713
5902 6092
5903 5216
5904 5210
5905 5712
5906 5216
5907 5533
5908 5763
5909 5837
5910 5090
5911 6214
5912 5339
5913 4961
5914 5464
5915 5338
5916 5720
5917 6076
5918 5214
5919 5108
5920 5330
5921 5064
5922 5338
5923 5216
5924 5219
5925 5333
5926 5703
5927 5410
5928 6882
5929 5337
5930 5715
5931 6377
5932 5172
5933 4962
5934 5757
5935 5541
5936 5490
5937 6068
5938 5083
5939 5090
5940 5835
5941 5343
5942 5086
5943 5227
5944 5322
5945 5090
5946 6970
5947 6024
5948 5142
5949 5088
5950 5964
5951 4964
5952 5094
5953 5707
5954 5102
5955 5191
5956 5133
5957 5563
5958 5568
5959 5578
5960 5695
5961 5450
5962 5119
5963 5186
5964 5568
5965 6350
5966 5932
5967 5302
5968 5994
5969 5914
5970 5618
5971 5209
5972 5379
5973 5010
5974 5289
5975 5459
5976 5678
5977 5249
5978 5082
5979 6194
5980 5388
5981 5701
5982 6858
5983 6460
5984 5329
5985 6348
5986 5390
5987 5585
5988 6056
5989 5209
5990 5710
5991 6122
5992 5267
5993 5054
5994 5074
5995 5071
5996 5746
5997 5413
5998 5068
5999 5183
6000 5112
6001 6655
6002 5930
6003 5191
6004 5341
6005 5463
6006 5069
6007 5463
6008 5086
6009 5077
6010 4969
6011 5323
6012 5357
6013 5081
6014 5592
6015 5699
6016 5465
6017 5210
6018 4960
6019 5097
6020 6200
6021 5210
6022 5098
6023 6382
6024 5905
6025 4960
6026 5512
6027 5928
6028 5321
6029 4979
6030 5219
6031 5354
6032 5071
6033 5531
6034 5213
6035 5437
6036 5443
6037 5199
6038 5306
6039 6860
6040 5197
6041 5442
6042 5114
6043 -993888
6044 6748
6045 5880
6046 5739
6047 5467
6048 6043
6049 5727
6050 5646
6051 5484
6052 5171
6053 6092
6054 5170
6055 5398
6056 6510
6057 5311
6058 5078
6059 5589
6060 5189
6061 5457
6062 4957
6063 5201
6064 5702
6065 4970
6066 5577
6067 5813
6068 5078
6069 4949
6070 4947
6071 5468
6072 5569
6073 5246
6074 5033
6075 6304
6076 5262
6077 5404
6078 5999
6079 5287
6080 5554
6081 5204
6082 5102
6083 5331
6084 5179
6085 5324
6086 6388
6087 5833
6088 5708
6089 5645
6090 5188
6091 4964
6092 5637
6093 5266
6094 5964
6095 5690
6096 5072
6097 5209
6098 5078
6099 5695
6100 5089
6101 5382
6102 5522
6103 5079
6104 5451
6105 5195
6106 5715
6107 5071
6108 4963
6109 5698
6110 5083
6111 5326
6112 5088
6113 6206
6114 5067
6115 5182
6116 5444
6117 5652
6118 5583
6119 5490
6120 5347
6121 4923
6122 5167
6123 5126
6124 6755
6125 5734
6126 5068
6127 10471
6128 5955
6129 5905
6130 6927
6131 5718
6132 5219
6133 5609
6134 5162
6135 5427
6136 6149
6137 5709
6138 6264
6139 5381
6140 5692
6141 5355
6142 5503
6143 4937
6144 6492
6145 5136
6146 5485
6147 5271
6148 6942
6149 5191
6150 4940
6151 4939
6152 5064
6153 5314
6154 5235
6155 6270
6156 6323
6157 5179
6158 5688
6159 5324
6160 5099
6161 5147
6162 5470
6163 5226
6164 5377
6165 5212
6166 6670
6167 5088
6168 5792
6169 4943
6170 4940
6171 5196
6172 5818
6173 5567
6174 5068
6175 5192
6176 6887
6177 6083
6178 5480
6179 5692
6180 6067
6181 4947
6182 5067
6183 5692
6184 6944
6185 6067
6186 5320
6187 5196
6188 5312
6189 5480
6190 5339
6191 5387
6192 5697
6193 4935
6194 5065
6195 5074
6196 5689
6197 6486
6198 5831
6199 5380
6200 5254
6201 5510
6202 6373
6203 7363
6204 5083
6205 4925
6206 5070
6207 4943
6208 5321
6209 5190
6210 5820
6211 5074
6212 4818
6213 5086
6214 5300
6215 5071
6216 5619
6217 5646
6218 5249
6219 6289
6220 5170
6221 6455
6222 -994558
6223 4933
6224 4950
6225 5240
6226 5264
6227 5067
6228 5569
6229 5245
6230 5640
6231 5338
6232 5169
6233 5446
6234 5979
6235 5935
6236 5306
6237 5024
6238 5585
6239 5863
6240 7077
6241 5414
6242 5560
6243 5198
6244 6590
6245 4950
6246 5869
6247 5938
6248 5193
6249 5655
6250 4983
6251 5930
6252 5410
6253 5157
6254 5716
6255 6499
6256 4987
6257 5382
6258 7084
6259 5236
6260 5068
6261 5496
6262 5350
6263 4908
6264 5739
6265 5343
6266 5644
6267 5319
6268 4981
6269 5301
6270 5695
6271 5079
6272 5083
6273 5077
6274 5597
6275 5462
6276 7466
6277 5386
6278 6576
6279 5401
6280 5680
6281 5181
6282 5940
6283 6022
6284 5854
6285 4964
6286 5785
6287 5064
6288 6277
6289 5982
6290 5432
6291 5947
6292 5192
6293 5641
6294 6130
6295 5750
6296 5438
6297 4961
6298 5033
6299 5443
6300 5197
6301 5313
6302 5624
6303 5508
6304 5591
6305 5586
6306 5403
6307 5302
6308 5317
6309 5505
6310 6129
6311 5185
6312 7409
6313 5346
6314 5836
6315 5731
6316 5392
6317 5290
6318 6283
6319 5233
6320 5283
6321 5238
6322 5256
6323 5007
6324 8549
6325 5535
6326 6431
6327 5195
6328 5102
6329 5357
6330 6403
6331 5303
6332 5712
6333 5325
6334 5084
6335 5122
6336 5177
6337 5322
6338 4968
6339 6351
6340 5546
6341 5337
6342 5319
6343 4923
6344 8251
6345 5340
6346 5270
6347 5210
6348 6710
6349 6074
6350 5077
6351 5462
6352 5080
6353 5089
6354 5087
6355 4961
6356 5120
6357 5295
6358 5134
6359 5439
6360 5689
6361 5913
6362 5634
6363 5698
6364 5326
6365 5445
6366 5852
6367 6998
6368 5296
6369 5753
6370 5456
6371 5483
6372 5439
6373 5120
6374 5469
6375 5415
6376 5701
6377 5692
6378 5721
6379 5404
6380 5229
6381 6306
6382 5060
6383 5052
6384 5101
6385 6161
6386 5195
6387 4987
6388 5323
6389 5592
6390 5851
6391 5363
6392 5441
6393 5563
6394 5065
6395 5564
6396 5068
6397 5943
6398 5388
6399 5238
6400 -993729
6401 5367
6402 5926
6403 5693
6404 6315
6405 5055
6406 5953
6407 4925
6408 5574
6409 5050
6410 5326
6411 5799
6412 6265
6413 6329
6414 5923
6415 5490
6416 5758
6417 5495
6418 6244
6419 5253
6420 5593
6421 5033
6422 6645
6423 5856
6424 4950
6425 5195
6426 5313
6427 5082
6428 6199
6429 5001
6430 5946
6431 5257
6432 5133
6433 5070
6434 4948
6435 5319
6436 4947
6437 5831
6438 5312
6439 5699
6440 5830
6441 5936
6442 5071
6443 5319
6444 5874
6445 5143
6446 5319
6447 6387
6448 5877
6449 5694
6450 5974
6451 6367
6452 5129
6453 5261
6454 5531
6455 5121
6456 5508
6457 5568
6458 6448
6459 5212
6460 5811
6461 5531
6462 5109
6463 5585
6464 5303
6465 5714
6466 5064
6467 5947
6468 5062
6469 5582
6470 6178
6471 5616
6472 5713
6473 5597
6474 5750
6475 5722
6476 8255
6477 5742
6478 5518
6479 5328
6480 5947
6481 5487
6482 5193
6483 5860
6484 5075
6485 5593
6486 5778
6487 5375
6488 5470
6489 5418
6490 5842
6491 5934
6492 5831
6493 5330
6494 6206
6495 7523
6496 5389
6497 5603
6498 5432
6499 5206
6500 5833
6501 5326
6502 6106
6503 5181
6504 5080
6505 5334
6506 6130
6507 5154
6508 5336
6509 5084
6510 5195
6511 5107
6512 6673
6513 5210
6514 5848
6515 5685
6516 5702
6517 5448
6518 6407
6519 5264
6520 5070
6521 5711
6522 4951
6523 6459
6524 5061
6525 4836
6526 4950
6527 5228
6528 5454
6529 5902
6530 6600
6531 5238
6532 5324
6533 5336
6534 5204
6535 6320
6536 5248
6537 6962
6538 5657
6539 5340
6540 5688
6541 5452
6542 6646
6543 5147
6544 5259
6545 5419
6546 5935
6547 5280
6548 6346
6549 5494
6550 6451
6551 5089
6552 5011
6553 5904
6554 5572
6555 5461
6556 6099
6557 5304
6558 6106
6559 6408
6560 5218
6561 5942
6562 5726
6563 5381
6564 5679
6565 5956
6566 6828
6567 5528
6568 5261
6569 5193
6570 4954
6571 5123
6572 7393
6573 5770
6574 5597
6575 6059
6576 -994108
6577 5011
6578 6160
6579 5409
6580 5690
6581 5248
6582 6169
6583 7372
6584 5187
6585 5839
6586 5431
6587 5321
6588 4972
6589 5570
6590 6330
6591 5205
6592 5315
6593 5343
6594 5317
6595 5214
6596 4961
6597 5347
6598 6297
6599 5314
6600 5865
6601 5727
6602 6574
6603 4961
6604 5732
6605 5405
6606 5850
6607 5697
6608 5399
6609 4953
6610 5358
6611 5557
6612 5073
6613 5394
6614 5258
6615 5093
6616 5812
6617 5077
6618 5458
6619 5543
6620 6492
6621 5078
6622 4953
6623 5605
6624 5054
6625 5353
6626 5055
6627 5771
6628 5325
6629 5890
6630 5578
6631 5331
6632 5956
6633 5898
6634 5697
6635 5819
6636 5642
6637 5581
6638 7118
6639 5411
6640 5079
6641 5332
6642 5328
6643 6020
6644 5649
6645 5194
6646 5086
6647 5075
6648 5389
6649 5266
6650 5061
6651 5096
6652 7366
6653 5293
6654 5586
6655 6500
6656 5541
6657 6704
6658 5863
6659 6196
6660 6185
6661 5593
6662 5460
6663 5175
6664 5855
6665 5394
6666 5699
6667 5313
6668 5344
6669 5331
6670 7015
6671 5604
6672 5645
6673 5376
6674 6469
6675 5722
6676 5983
6677 5371
6678 5349
6679 6528
6680 5160
6681 5023
6682 5085
6683 5108
6684 5773
6685 5445
6686 5554
6687 5681
6688 5852
6689 5937
6690 5446
6691 5075
6692 5951
6693 6141
6694 5008
6695 5083
6696 5067
6697 5317
6698 5960
6699 5548
6700 5083
6701 5188
6702 5397
6703 5622
6704 5083
6705 5939
6706 5088
6707 6494
6708 6265
6709 5924
6710 6586
6711 5066
6712 6045
6713 5935
6714 5436
6715 5453
6716 5993
6717 6234
6718 5434
6719 5954
6720 5328
6721 5390
6722 5521
6723 5331
6724 4950
6725 6457
6726 5203
6727 5454
6728 6521
6729 5406
6730 6227
6731 5769
6732 5561
6733 5256
6734 5432
6735 6075
6736 4948
6737 5657
6738 5237
6739 4952
6740 5195
6741 5827
6742 5450
6743 5042
6744 5578
6745 5549
6746 5624
6747 6075
6748 6449
6749 5316
6750 5952
6751 5201
6752 5147
6753 -994199
6754 5888
6755 5392
6756 5082
6757 5698
6758 5435
6759 5872
6760 5791
6761 4999
6762 5589
6763 5418
6764 5337
6765 6466
6766 4951
6767 6218
6768 5127
6769 5793
6770 4826
6771 5092
6772 5746
6773 5812
6774 6017
6775 6150
6776 6032
6777 5018
6778 5589
6779 6209
6780 5478
6781 5764
6782 5145
6783 5842
6784 5265
6785 5293
6786 5073
6787 5491
6788 5448
6789 5750
6790 6024
6791 6376
6792 5809
6793 6017
6794 5108
6795 4982
6796 5232
6797 5014
6798 5466
6799 5529
6800 5270
6801 6213
6802 5719
6803 5740
6804 5428
6805 5348
6806 5408
6807 5746
6808 24079
6809 5440
6810 5070
6811 5970
6812 5546
6813 5070
6814 6132
6815 5769
6816 4967
6817 5851
6818 5756
6819 4959
6820 5567
6821 4960
6822 5322
6823 5098
6824 5182
6825 5342
6826 5063
6827 5830
6828 5458
6829 4941
6830 5838
6831 5193
6832 5210
6833 5947
6834 5584
6835 5066
6836 6578
6837 5700
6838 5314
6839 5109
6840 5298
6841 5207
6842 5266
6843 5524
6844 5191
6845 5336
6846 5444
6847 5086
6848 5815
6849 5833
6850 5461
6851 5188
6852 4996
6853 5657
6854 5608
6855 5290
6856 5887
6857 5879
6858 5093
6859 5835
6860 5559
6861 5454
6862 5199
6863 6192
6864 5454
6865 5703
6866 7088
6867 5701
6868 5071
6869 5340
6870 5063
6871 4947
6872 5450
6873 6067
6874 5173
6875 5358
6876 6130
6877 5233
6878 5218
6879 5119
6880 5895
6881 5554
6882 5580
6883 5704
6884 5957
6885 6820
6886 5083
6887 5202
6888 5336
6889 6314
6890 5710
6891 5889
6892 5394
6893 5875
6894 5410
6895 5079
6896 5702
6897 5082
6898 5321
6899 5702
6900 5331
6901 5956
6902 5326
6903 6582
6904 5263
6905 5929
6906 5796
6907 5068
6908 5832
6909 5200
6910 5479
6911 5628
6912 5517
6913 5568
6914 4953
6915 5332
6916 5080
6917 5693
6918 5712
6919 6375
6920 5397
6921 6852
6922 5047
6923 5094
6924 5543
6925 5076
6926 5063
6927 5647
6928 5388
6929 -995055
6930 5081
6931 5084
6932 5328
6933 5710
6934 6270
6935 5437
6936 5345
6937 5338
6938 6366
6939 5418
6940 6661
6941 5415
6942 5889
6943 5720
6944 5189
6945 5208
6946 7075
6947 6451
6948 5451
6949 5080
6950 6483
6951 4926
6952 5329
6953 5895
6954 5396
6955 5709
6956 5634
6957 6523
6958 5327
6959 5343
6960 5202
6961 6525
6962 5898
6963 5214
6964 5088
6965 5338
6966 5467
6967 4959
6968 5769
6969 6031
6970 5593
6971 5646
6972 6711
6973 5276
6974 7112
6975 6445
6976 5851
6977 5445
6978 5334
6979 5659
6980 5272
6981 5085
6982 5713
6983 5340
6984 5460
6985 5158
6986 5672
6987 5874
6988 6306
6989 5432
6990 5588
6991 5457
6992 5588
6993 6591
6994 5612
6995 5681
6996 4961
6997 5338
6998 5339
6999 4963
7000 5109
7001 5701
7002 5257
7003 5283
7004 5206
7005 5840
7006 5368
7007 5490
7008 5149
7009 5089
7010 5842
7011 5578
7012 7142
7013 5539
7014 7137
7015 5400
7016 5463
7017 5213
7018 5213
7019 5463
7020 5087
7021 5098
7022 5847
7023 5065
7024 5088
7025 5587
7026 5332
7027 5925
7028 5559
7029 6839
7030 6024
7031 5445
7032 5659
7033 6038
7034 5440
7035 4961
7036 5733
7037 5229
7038 5303
7039 5455
7040 5461
7041 6107
7042 5058
7043 5848
7044 5073
7045 5735
7046 5192
7047 5711
7048 6465
7049 5453
7050 5222
7051 5704
7052 5590
7053 5579
7054 6148
7055 5400
7056 6235
7057 5315
7058 5516
7059 6088
7060 5775
7061 5340
7062 5585
7063 5836
7064 5766
7065 5681
7066 6910
7067 5335
7068 5341
7069 5210
7070 5712
7071 5340
7072 5462
7073 5341
7074 4961
7075 5338
7076 5088
7077 6338
7078 6028
7079 6650
7080 5964
7081 5336
7082 5336
7083 5589
7084 6088
7085 5086
7086 5468
7087 5653
7088 5516
7089 5862
7090 5564
7091 5590
7092 5714
7093 5247
7094 5552
7095 6344
7096 5444
7097 5461
7098 6237
7099 5314
7100 5020
7101 5911
7102 6602
7103 5502
7104 5670
7105 -994796
7106 5947
7107 5590
7108 5337
7109 5340
7110 5709
7111 5841
7112 5712
7113 4961
7114 6028
7115 5774
7116 5338
7117 5336
7118 5713
7119 6091
7120 6959
7121 5713
7122 5713
7123 5733
7124 5693
7125 5087
7126 6215
7127 5712
7128 5107
7129 5946
7130 5087
7131 5216
7132 5086
7133 5087
7134 5355
7135 5319
7136 5339
7137 5466
7138 5081
7139 5838
7140 5588
7141 5214
7142 4962
7143 5338
7144 5338
7145 5846
7146 4934
7147 5480
7148 5090
7149 5212
7150 4963
7151 5338
7152 4982
7153 5071
7154 5521
7155 5411
7156 5397
7157 5267
7158 7338
7159 4994
7160 4916
7161 5363
7162 5866
7163 5286
7164 5578
7165 5594
7166 5325
7167 5709
7168 5090
7169 4962
7170 5212
7171 5091
7172 4963
7173 5087
7174 5471
7175 5078
7176 5087
7177 6591
7178 5362
7179 5186
7180 5342
7181 4961
7182 5963
7183 4966
7184 5585
7185 5090
7186 5340
7187 5645
7188 5845
7189 5131
7190 5088
7191 4965
7192 5587
7193 5091
7194 5084
7195 5092
7196 6084
7197 5606
7198 5321
7199 5838
7200 4964
7201 5088
7202 5086
7203 5484
7204 5568
7205 5534
7206 5141
7207 4964
7208 5084
7209 6273
7210 6356
7211 5443
7212 5517
7213 5209
7214 4965
7215 6770
7216 5828
7217 5164
7218 4965
7219 5338
7220 5092
7221 5111
7222 5535
7223 5112
7224 5478
7225 5314
7226 5463
7227 5121
7228 5551
7229 5336
7230 5735
7231 5057
7232 5206
7233 6219
7234 5327
7235 5339
7236 5209
7237 6150
7238 5782
7239 5076
7240 5847
7241 5331
7242 5090
7243 5956
7244 5786
7245 5885
7246 5593
7247 5905
7248 5517
7249 5351
7250 5447
7251 4965
7252 6837
7253 5339
7254 5711
7255 5714
7256 5340
7257 5804
7258 5252
7259 5085
7260 4968
7261 5834
7262 5087
7263 5809
7264 6428
7265 5278
7266 5580
7267 5263
7268 5538
7269 5587
7270 6090
7271 5334
7272 5975
7273 5325
7274 5777
7275 5529
7276 6085
7277 5838
7278 5733
7279 5692
7280 5090
7281 5966
7282 5341
7283 6209
7284 5716
7285 5746
7286 -994697
7287 4978
7288 6999
7289 5853
7290 5138
7291 5718
7292 5261
7293 5166
7294 6155
7295 5262
7296 5084
7297 5202
7298 5103
7299 5945
7300 5223
7301 5084
7302 5083
7303 4957
7304 5717
7305 5331
7306 6850
7307 5824
7308 5215
7309 5506
7310 6103
7311 5401
7312 5106
7313 6754
7314 5152
7315 6079
7316 5587
7317 5582
7318 5589
7319 5463
7320 5085
7321 5261
7322 7604
7323 5940
7324 6046
7325 5589
7326 5732
7327 5568
7328 5092
7329 5709
7330 5089
7331 5088
7332 5214
7333 5648
7334 5403
7335 5899
7336 5664
7337 5223
7338 5539
7339 5026
7340 4939
7341 6120
7342 5354
7343 6296
7344 6231
7345 5314
7346 5465
7347 5291
7348 5514
7349 5357
7350 5090
7351 5079
7352 5719
7353 4958
7354 5339
7355 5222
7356 5324
7357 5088
7358 5362
7359 5940
7360 6051
7361 6870
7362 5776
7363 5962
7364 5905
7365 5465
7366 5460
7367 6528
7368 5822
7369 5792
7370 5587
7371 5838
7372 5463
7373 5429
7374 5873
7375 5978
7376 5699
7377 5469
7378 5454
7379 6463
7380 6405
7381 5024
7382 5836
7383 5101
7384 5324
7385 6088
7386 5581
7387 5570
7388 5008
7389 7042
7390 6708
7391 6170
7392 6291
7393 6188
7394 5968
7395 6075
7396 6620
7397 5512
7398 5818
7399 5510
7400 5152
7401 5110
7402 5670
7403 5115
7404 6086
7405 5485
7406 5512
7407 5196
7408 5567
7409 5962
7410 5868
7411 5151
7412 5078
7413 5432
7414 6849
7415 5031
7416 6512
7417 5999
7418 6070
7419 5968
7420 5524
7421 5475
7422 5108
7423 5635
7424 6004
7425 5170
7426 5209
7427 5070
7428 5582
7429 5582
7430 5065
7431 5212
7432 6444
7433 5212
7434 5319
7435 5459
7436 5440
7437 5584
7438 5448
7439 5081
7440 5079
7441 4983
7442 5062
7443 6341
7444 6933
7445 6070
7446 5081
7447 5594
7448 5929
7449 5607
7450 6920
7451 6038
7452 5314
7453 5066
7454 5940
7455 6065
7456 5455
7457 5927
7458 6057
7459 5884
7460 6074
7461 6581
7462 -994401
7463 5362
7464 5395
7465 5523
7466 5236
7467 5059
7468 6696
7469 5591
7470 5911
7471 5630
7472 5486
7473 5689
7474 5816
7475 5441
7476 4938
7477 5062
7478 5441
7479 5022
7480 5691
7481 5208
7482 6131
7483 5987
7484 5438
7485 5061
7486 7192
7487 5269
7488 5763
7489 5665
7490 5308
7491 5064
7492 4938
7493 6260
7494 5871
7495 5234
7496 5019
7497 5315
7498 5461
7499 5673
7500 5065
7501 5945
7502 5519
7503 4989
7504 6438
7505 5816
7506 5317
7507 5939
7508 5191
7509 6270
7510 5244
7511 5306
7512 6090
7513 5290
7514 5637
7515 5371
7516 5314
7517 6541
7518 6335
7519 6068
7520 5069
7521 5060
7522 6689
7523 5315
7524 5691
7525 5218
7526 5285
7527 5442
7528 5068
7529 6246
7530 5834
7531 6113
7532 5319
7533 5688
7534 5692
7535 5443
7536 5063
7537 5691
7538 5446
7539 6390
7540 6867
7541 5563
7542 5064
7543 4948
7544 5060
7545 5442
7546 5198
7547 5304
7548 5315
7549 5598
7550 6413
7551 5317
7552 6005
7553 5370
7554 5067
7555 4943
7556 5065
7557 5441
7558 5065
7559 5944
7560 5561
7561 6379
7562 5128
7563 5728
7564 6650
7565 5566
7566 4943
7567 5062
7568 5440
7569 5944
7570 5187
7571 5565
7572 6067
7573 5063
7574 5101
7575 5613
7576 5854
7577 6316
7578 5317
7579 5069
7580 5333
7581 5694
7582 5290
7583 5440
7584 5077
7585 5929
7586 5065
7587 5620
7588 5634
7589 4949
7590 5809
7591 5319
7592 5312
7593 5815
7594 5315
7595 6274
7596 5356
7597 5274
7598 5860
7599 6335
7600 5546
7601 4938
7602 5319
7603 5064
7604 4944
7605 4939
7606 6065
7607 5067
7608 5441
7609 5311
7610 5569
7611 5065
7612 5189
7613 5066
7614 6691
7615 5590
7616 5167
7617 4938
7618 4943
7619 6188
7620 5316
7621 5815
7622 5316
7623 5694
7624 5315
7625 5056
7626 5066
7627 5065
7628 5317
7629 5442
7630 5940
7631 5317
7632 7320
7633 5185
7634 5066
7635 5817
7636 6063
7637 5567
7638 5065
7639 5570
7640 6687
7641 -994310
7642 5316
7643 5062
7644 5690
7645 5065
7646 5816
7647 5066
7648 5691
7649 5719
7650 5166
7651 6688
7652 5190
7653 4940
7654 5446
7655 5060
7656 5818
7657 5813
7658 5067
7659 5316
7660 4947
7661 5060
7662 5064
7663 5321
7664 5058
7665 5067
7666 4941
7667 5504
7668 6380
7669 6958
7670 5293
7671 5689
7672 5420
7673 5449
7674 5340
7675 5298
7676 5820
7677 5194
7678 5484
7679 4906
7680 5074
7681 5320
7682 5324
7683 5260
7684 5255
7685 5646
7686 5246
7687 5321
7688 6571
7689 5075
7690 5070
7691 5321
7692 5696
7693 4946
7694 6018
7695 5252
7696 5817
7697 5697
7698 5069
7699 6321
7700 6194
7701 4945
7702 6198
7703 6017
7704 5251
7705 5192
7706 7223
7707 5292
7708 4945
7709 5073
7710 5267
7711 5650
7712 5667
7713 5390
7714 5124
7715 5076
7716 5946
7717 4943
7718 5319
7719 5320
7720 6197
7721 5323
7722 5315
7723 5072
7724 6476
7725 5793
7726 5070
7727 5723
7728 6395
7729 5434
7730 5558
7731 5517
7732 5372
7733 5324
7734 4941
7735 5898
7736 5394
7737 5968
7738 5149
7739 5326
7740 5956
7741 5791
7742 5074
7743 6443
7744 5308
7745 5199
7746 5978
7747 5800
7748 5920
7749 5893
7750 6249
7751 5817
7752 5809
7753 5978
7754 6418
7755 7566
7756 6212
7757 5536
7758 5447
7759 5563
7760 5820
7761 5948
7762 5319
7763 5077
7764 5441
7765 5443
7766 5571
7767 5196
7768 5071
7769 5570
7770 5445
7771 5070
7772 5702
7773 5315
7774 5696
7775 4946
7776 5319
7777 5821
7778 5069
7779 6326
7780 5314
7781 5072
7782 5070
7783 5193
7784 5727
7785 5479
7786 5934
7787 5263
7788 5321
7789 5663
7790 6433
7791 5303
7792 5823
7793 5465
7794 5702
7795 5588
7796 4954
7797 6099
7798 5578
7799 5077
7800 4965
7801 5454
7802 4969
7803 6078
7804 5086
7805 5212
7806 5093
7807 5654
7808 5710
7809 5270
7810 5087
7811 5086
7812 5783
7813 5142
7814 4962
7815 5216
7816 6585
7817 5092
7818 4959
7819 6283
7820 -994162
7821 5642
7822 4963
7823 5709
7824 5338
7825 5342
7826 6709
7827 6087
7828 5090
7829 5084
7830 4962
7831 5087
7832 5087
7833 5840
7834 6978
7835 5320
7836 5339
7837 5248
7838 5048
7839 6161
7840 5638
7841 5089
7842 5336
7843 5590
7844 4958
7845 5587
7846 5217
7847 5330
7848 5090
7849 5088
7850 5465
7851 5337
7852 5151
7853 6589
7854 5831
7855 7279
7856 5120
7857 5192
7858 6172
7859 6733
7860 5193
7861 5980
7862 5476
7863 5676
7864 5211
7865 4964
7866 5084
7867 5217
7868 5216
7869 5208
7870 5087
7871 6211
7872 5094
7873 5453
7874 5463
7875 5587
7876 5485
7877 6387
7878 5519
7879 5081
7880 5090
7881 5460
7882 5221
7883 5325
7884 4963
7885 4961
7886 5901
7887 5904
7888 5582
7889 5473
7890 7512
7891 6025
7892 5463
7893 5465
7894 5338
7895 5153
7896 5645
7897 5832
7898 4963
7899 5352
7900 5323
7901 5363
7902 5687
7903 5465
7904 6717
7905 5332
7906 5591
7907 5085
7908 6555
7909 6440
7910 5766
7911 5088
7912 5459
7913 5964
7914 5086
7915 6092
7916 5333
7917 5464
7918 5660
7919 5263
7920 7336
7921 6367
7922 5183
7923 5462
7924 6239
7925 6658
7926 5360
7927 5863
7928 5686
7929 5656
7930 6341
7931 5884
7932 5711
7933 5590
7934 5212
7935 4967
7936 5531
7937 6167
7938 5493
7939 6435
7940 5176
7941 5087
7942 5210
7943 6463
7944 5784
7945 5244
7946 5211
7947 5481
7948 5640
7949 5272
7950 5086
7951 5334
7952 5086
7953 5591
7954 5211
7955 4961
7956 5088
7957 4964
7958 5461
7959 4962
7960 5340
7961 5266
7962 6783
7963 5214
7964 5085
7965 5090
7966 5710
7967 4964
7968 5462
7969 5219
7970 5714
7971 5578
7972 5234
7973 5727
7974 5426
7975 5087
7976 5211
7977 5280
7978 5394
7979 5468
7980 5705
7981 6468
7982 4955
7983 5609
7984 6127
7985 5897
7986 5451
7987 5215
7988 5086
7989 5462
7990 5707
7991 5089
7992 5458
7993 5339
7994 5634
7995 5247
7996 5339
7997 5745
7998 6464
7999 -993703
8000 5456
8001 5083
8002 5090
8003 5395
8004 6149
8005 5092
8006 5204
8007 5087
8008 6520
8009 5901
8010 5086
8011 5461
8012 5461
8013 5213
8014 5331
8015 5837
8016 5464
8017 5078
8018 6343
8019 5328
8020 4971
8021 6020
8022 5144
8023 5331
8024 4965
8025 5272
8026 5465
8027 5396
8028 5110
8029 4899
8030 5083
8031 4963
8032 5088
8033 5086
8034 6275
8035 6210
8036 5272
8037 5713
8038 5712
8039 5337
8040 5341
8041 5279
8042 5555
8043 5051
8044 5341
8045 5083
8046 4964
8047 5908
8048 5769
8049 5962
8050 5210
8051 5089
8052 4964
8053 6915
8054 5387
8055 6595
8056 6318
8057 5967
8058 5454
8059 5088
8060 5586
8061 5209
8062 5834
8063 5090
8064 7086
8065 5202
8066 5095
8067 5511
8068 5282
8069 5325
8070 4972
8071 5074
8072 6410
8073 6953
8074 5254
8075 5173
8076 5585
8077 5430
8078 5364
8079 6042
8080 5246
8081 5480
8082 5557
8083 6339
8084 5267
8085 5527
8086 6080
8087 5089
8088 5081
8089 5703
8090 6343
8091 6847
8092 5190
8093 5465
8094 5458
8095 5210
8096 4953
8097 5321
8098 5845
8099 5111
8100 5316
8101 5460
8102 5210
8103 5458
8104 5577
8105 5466
8106 4963
8107 5077
8108 5789
8109 5139
8110 5962
8111 5327
8112 4959
8113 5077
8114 5094
8115 5081
8116 5838
8117 5705
8118 5089
8119 5461
8120 5216
8121 4961
8122 5214
8123 5087
8124 5837
8125 5469
8126 5082
8127 6031
8128 5189
8129 6156
8130 5644
8131 5402
8132 5329
8133 5120
8134 5058
8135 5324
8136 5841
8137 5214
8138 6621
8139 5294
8140 5585
8141 5115
8142 5419
8143 5095
8144 5351
8145 5443
8146 5355
8147 5204
8148 6311
8149 5343
8150 5834
8151 5105
8152 5188
8153 5092
8154 5826
8155 5616
8156 5189
8157 5328
8158 5337
8159 5088
8160 5749
8161 6295
8162 6080
8163 5125
8164 5992
8165 5158
8166 5973
8167 4993
8168 5388
8169 5561
8170 5125
8171 5423
8172 5134
8173 5777
8174 5076
8175 6018
8176 5538
8177 5442
8178 5315
8179 5334
8180 -994061
8181 5107
8182 5067
8183 5086
8184 5111
8185 6236
8186 6339
8187 6431
8188 5996
8189 5023
8190 4973
8191 5059
8192 5082
8193 5379
8194 5425
8195 5580
8196 5087
8197 5343
8198 6228
8199 5302
8200 5452
8201 5081
8202 5844
8203 4942
8204 6595
8205 5213
8206 5075
8207 5591
8208 5465
8209 5327
8210 5462
8211 5404
8212 5149
8213 5838
8214 5215
8215 6005
8216 5289
8217 5837
8218 5109
8219 5689
8220 5344
8221 5212
8222 6205
8223 4969
8224 5583
8225 5079
8226 5337
8227 4984
8228 5187
8229 5343
8230 5080
8231 5334
8232 5968
8233 5469
8234 5071
8235 5843
8236 5590
8237 4977
8238 5064
8239 5213
8240 5339
8241 6211
8242 5087
8243 5094
8244 5334
8245 5281
8246 5773
8247 5088
8248 5345
8249 5520
8250 5275
8251 5466
8252 5865
8253 5309
8254 5335
8255 5859
8256 5054
8257 5715
8258 5649
8259 5627
8260 6359
8261 5077
8262 6342
8263 5773
8264 5892
8265 4973
8266 5604
8267 5686
8268 5328
8269 5465
8270 5889
8271 5402
8272 5095
8273 5324
8274 5097
8275 5081
8276 5578
8277 5095
8278 6712
8279 6087
8280 5700
8281 5098
8282 5093
8283 5069
8284 5085
8285 5367
8286 5743
8287 5446
8288 5303
8289 5544
8290 5329
8291 5104
8292 5077
8293 5312
8294 5330
8295 5255
8296 5161
8297 6316
8298 5079
8299 5636
8300 5162
8301 4968
8302 5882
8303 5653
8304 5081
8305 6106
8306 6482
8307 6363
8308 5766
8309 5101
8310 5314
8311 6356
8312 6152
8313 6017
8314 5838
8315 5951
8316 6471
8317 5203
8318 5086
8319 5965
8320 5587
8321 5215
8322 5339
8323 6463
8324 5093
8325 5580
8326 4963
8327 5590
8328 5712
8329 5491
8330 5436
8331 5224
8332 5958
8333 6199
8334 5097
8335 5451
8336 5213
8337 5220
8338 4959
8339 5337
8340 5764
8341 5419
8342 4850
8343 5819
8344 5845
8345 5615
8346 5054
8347 5346
8348 5638
8349 5280
8350 5077
8351 5400
8352 6403
8353 5958
8354 5276
8355 5588
8356 5778
8357 5344
8358 5347
8359 5068
8360 4971
8361 -995047
8362 5088
8363 4954
8364 5093
8365 5257
8366 5292
8367 5331
8368 5522
8369 5611
8370 5339
8371 6337
8372 4965
8373 6286
8374 5266
8375 4963
8376 5837
8377 5339
8378 4964
8379 5471
8380 5329
8381 4961
8382 5217
8383 5715
8384 5710
8385 6714
8386 5839
8387 5780
8388 5901
8389 6717
8390 5094
8391 6696
8392 6075
8393 4839
8394 5203
8395 5094
8396 5251
8397 6221
8398 5655
8399 5083
8400 5434
8401 5372
8402 5076
8403 6403
8404 5018
8405 5143
8406 5382
8407 6533
8408 5801
8409 6082
8410 5233
8411 5573
8412 5517
8413 5166
8414 5820
8415 5087
8416 5649
8417 5962
8418 5026
8419 5089
8420 5402
8421 5149
8422 5338
8423 5088
8424 5343
8425 6028
8426 6412
8427 5074
8428 5960
8429 5840
8430 5212
8431 5217
8432 5219
8433 5078
8434 4835
8435 5106
8436 6252
8437 5279
8438 5836
8439 5204
8440 5090
8441 5590
8442 5077
8443 6215
8444 6535
8445 5013
8446 5332
8447 5340
8448 6078
8449 5687
8450 4975
8451 5775
8452 5547
8453 6059
8454 4957
8455 5354
8456 5310
8457 5087
8458 5547
8459 6130
8460 5462
8461 5209
8462 5193
8463 6091
8464 5104
8465 5323
8466 5455
8467 5852
8468 5118
8469 5545
8470 5054
8471 5146
8472 5819
8473 5402
8474 5347
8475 5320
8476 5323
8477 5759
8478 5489
8479 5381
8480 5219
8481 6214
8482 5568
8483 5220
8484 5671
8485 5125
8486 6145
8487 5756
8488 4970
8489 5680
8490 6000
8491 5577
8492 5090
8493 5086
8494 5338
8495 5091
8496 5085
8497 5339
8498 5001
8499 5424
8500 6500
8501 5801
8502 5714
8503 4971
8504 5333
8505 4965
8506 5148
8507 5782
8508 6204
8509 5070
8510 4970
8511 6589
8512 5343
8513 5075
8514 5717
8515 5656
8516 5143
8517 5208
8518 4963
8519 6095
8520 5208
8521 5338
8522 4967
8523 5709
8524 5471
8525 5455
8526 5712
8527 5636
8528 5293
8529 5518
8530 6399
8531 5466
8532 5495
8533 6045
8534 4954
8535 4870
8536 5047
8537 6301
8538 5378
8539 5077
8540 6340
8541 5589
8542 -994609
8543 5275
8544 4966
8545 5262
8546 5155
8547 6343
8548 5003
8549 5655
8550 5585
8551 5105
8552 5064
8553 5095
8554 5205
8555 5335
8556 6090
8557 5087
8558 5086
8559 7157
8560 5677
8561 5553
8562 5090
8563 5339
8564 6893
8565 6777
8566 5587
8567 5842
8568 5336
8569 4960
8570 5277
8571 5382
8572 5216
8573 5469
8574 6336
8575 5202
8576 5095
8577 5337
8578 5839
8579 5324
8580 5734
8581 5499
8582 5968
8583 5659
8584 5339
8585 6377
8586 5174
8587 5286
8588 5393
8589 5847
8590 5548
8591 5219
8592 6302
8593 4954
8594 5470
8595 5225
8596 4841
8597 5480
8598 5842
8599 5024
8600 5416
8601 5483
8602 8514
8603 5361
8604 5474
8605 5535
8606 5333
8607 5073
8608 5473
8609 5320
8610 6697
8611 5139
8612 5798
8613 5256
8614 5835
8615 5492
8616 5472
8617 5515
8618 5251
8619 5362
8620 6674
8621 5202
8622 5055
8623 6477
8624 5308
8625 6287
8626 5158
8627 6024
8628 7188
8629 7219
8630 5547
8631 6017
8632 6181
8633 5192
8634 4845
8635 5076
8636 5515
8637 5193
8638 5028
8639 5538
8640 5691
8641 5118
8642 5421
8643 5354
8644 6263
8645 5724
8646 6445
8647 5796
8648 5182
8649 6743
8650 5196
8651 5070
8652 5788
8653 5060
8654 6031
8655 5610
8656 5844
8657 5545
8658 5445
8659 5880
8660 5293
8661 5139
8662 5719
8663 5184
8664 6469
8665 5452
8666 5775
8667 5659
8668 5077
8669 5965
8670 5481
8671 5435
8672 5707
8673 6467
8674 5832
8675 5711
8676 5331
8677 4947
8678 5215
8679 5840
8680 5207
8681 5192
8682 6451
8683 5723
8684 5325
8685 5208
8686 5364
8687 5307
8688 5710
8689 5901
8690 6334
8691 5526
8692 5267
8693 5280
8694 5086
8695 5083
8696 5089
8697 5692
8698 5229
8699 6339
8700 5084
8701 6842
8702 5362
8703 5309
8704 5204
8705 5085
8706 5890
8707 6156
8708 4962
8709 5087
8710 5482
8711 4936
8712 5333
8713 5212
8714 4958
8715 5768
8716 5525
8717 5335
8718 5839
8719 6833
8720 -994234
8721 5532
8722 5341
8723 5206
8724 5111
8725 5309
8726 5713
8727 5960
8728 5211
8729 5336
8730 5729
8731 5763
8732 5393
8733 5713
8734 5337
8735 5334
8736 5584
8737 5611
8738 6188
8739 5712
8740 5119
8741 5782
8742 5086
8743 4968
8744 5082
8745 5711
8746 5711
8747 5461
8748 5346
8749 5081
8750 6080
8751 5964
8752 5461
8753 5343
8754 5204
8755 5336
8756 6895
8757 5529
8758 4965
8759 5086
8760 4974
8761 5327
8762 6269
8763 5904
8764 5138
8765 5408
8766 5231
8767 5562
8768 6094
8769 5213
8770 5827
8771 5665
8772 5257
8773 5088
8774 7475
8775 5450
8776 5086
8777 6091
8778 5088
8779 5584
8780 4963
8781 5338
8782 5480
8783 5062
8784 5592
8785 5209
8786 5339
8787 5103
8788 5493
8789 5536
8790 5714
8791 5210
8792 5463
8793 6484
8794 5066
8795 4966
8796 5266
8797 5528
8798 4995
8799 5452
8800 5438
8801 5483
8802 5190
8803 5590
8804 5211
8805 5273
8806 5775
8807 5464
8808 5335
8809 5087
8810 5588
8811 4964
8812 5974
8813 5448
8814 5280
8815 5478
8816 5381
8817 5460
8818 6032
8819 5390
8820 5345
8821 5327
8822 5719
8823 5578
8824 5962
8825 5583
8826 4963
8827 5334
8828 4967
8829 6085
8830 6594
8831 5949
8832 6408
8833 6132
8834 5258
8835 5407
8836 4968
8837 5204
8838 5843
8839 4952
8840 5969
8841 5119
8842 5075
8843 6062
8844 5216
8845 5343
8846 6171
8847 5176
8848 5797
8849 6168
8850 6262
8851 5968
8852 5459
8853 5489
8854 5401
8855 6199
8856 5350
8857 5405
8858 5381
8859 5345
8860 5974
8861 5956
8862 5315
8863 5438
8864 5063
8865 6030
8866 5254
8867 5925
8868 4823
8869 5092
8870 5590
8871 5189
8872 6505
8873 5276
8874 5673
8875 5194
8876 5135
8877 5452
8878 5460
8879 6648
8880 5502
8881 5282
8882 4950
8883 5351
8884 5498
8885 6568
8886 5197
8887 5077
8888 5712
8889 6341
8890 4951
8891 5007
8892 5358
8893 5396
8894 5083
8895 5091
8896 5089
8897 5353
8898 5308
8899 5092
8900 5331
8901 -993740
8902 5286
8903 5094
8904 7712
8905 5074
8906 5847
8907 5075
8908 5598
8909 5515
8910 5406
8911 5455
8912 5094
8913 5008
8914 5535
8915 5081
8916 5092
8917 5898
8918 5146
8919 5475
8920 7196
8921 5088
8922 6685
8923 5108
8924 5271
8925 5276
8926 5083
8927 5089
8928 5087
8929 5588
8930 6216
8931 5207
8932 6594
8933 5074
8934 5092
8935 5077
8936 5201
8937 5091
8938 5219
8939 5580
8940 5651
8941 6149
8942 5211
8943 4970
8944 5830
8945 5120
8946 5287
8947 5215
8948 6712
8949 5337
8950 5525
8951 5828
8952 6350
8953 5651
8954 5213
8955 5102
8956 5997
8957 5468
8958 5284
8959 6714
8960 5986
8961 5318
8962 5467
8963 5342
8964 5834
8965 5339
8966 5340
8967 5017
8968 5408
8969 4960
8970 4964
8971 4962
8972 5341
8973 5086
8974 4965
8975 5085
8976 5339
8977 5586
8978 6340
8979 4963
8980 5785
8981 5407
8982 5499
8983 5282
8984 5838
8985 5215
8986 5342
8987 5888
8988 5535
8989 5333
8990 5963
8991 5830
8992 5589
8993 5965
8994 6221
8995 5079
8996 6576
8997 5090
8998 5209
8999 5088
9000 6084
9001 5588
9002 5095
9003 5706
9004 5998
9005 5554
9006 5772
9007 5529
9008 5089
9009 5588
9010 5591
9011 5083
9012 5339
9013 4964
9014 6211
9015 5839
9016 5590
9017 5089
9018 5087
9019 5089
9020 5338
9021 5339
9022 5211
9023 5346
9024 5203
9025 4963
9026 5212
9027 4968
9028 5585
9029 5077
9030 5465
9031 5392
9032 5402
9033 5089
9034 7024
9035 5321
9036 5856
9037 5891
9038 5834
9039 5211
9040 5070
9041 5906
9042 5429
9043 5505
9044 5399
9045 5099
9046 5205
9047 4960
9048 5476
9049 5880
9050 5717
9051 5268
9052 6607
9053 5307
9054 5714
9055 5713
9056 5092
9057 5086
9058 5600
9059 5576
9060 5712
9061 5214
9062 5520
9063 5283
9064 5093
9065 5364
9066 6178
9067 5355
9068 6114
9069 5168
9070 5079
9071 5972
9072 5722
9073 5567
9074 4961
9075 5088
9076 5383
9077 5171
9078 4954
9079 5088
9080 5587
9081 5087
9082 -994732
9083 5657
9084 5599
9085 5078
9086 5460
9087 5399
9088 5581
9089 6831
9090 5666
9091 5796
9092 5221
9093 4954
9094 5450
9095 5332
9096 5337
9097 5335
9098 5501
9099 4876
9100 5190
9101 5668
9102 5091
9103 5103
9104 5754
9105 5990
9106 5448
9107 5457
9108 6359
9109 5837
9110 5419
9111 6801
9112 6646
9113 5672
9114 5164
9115 5314
9116 5694
9117 5144
9118 4805
9119 4964
9120 5662
9121 5771
9122 5154
9123 5281
9124 5524
9125 5337
9126 6765
9127 5839
9128 5812
9129 5404
9130 5492
9131 5175
9132 5578
9133 5828
9134 5081
9135 5077
9136 5395
9137 5262
9138 5089
9139 6445
9140 7132
9141 5938
9142 6111
9143 5654
9144 6186
9145 5126
9146 5443
9147 5312
9148 6123
9149 5351
9150 5066
9151 5572
9152 5307
9153 5446
9154 5012
9155 5499
9156 5763
9157 5246
9158 5299
9159 5981
9160 5502
9161 5067
9162 6447
9163 5433
9164 5692
9165 5069
9166 5076
9167 5304
9168 5059
9169 6270
9170 5490
9171 4937
9172 5326
9173 5052
9174 5065
9175 4947
9176 6304
9177 5320
9178 5066
9179 4815
9180 5943
9181 6570
9182 5563
9183 5441
9184 5201
9185 5567
9186 5798
9187 5754
9188 6603
9189 5575
9190 5398
9191 6169
9192 6156
9193 5167
9194 5306
9195 5608
9196 5314
9197 6273
9198 5048
9199 5969
9200 5347
9201 5080
9202 5936
9203 5072
9204 5319
9205 5519
9206 6136
9207 5311
9208 5314
9209 5306
9210 5818
9211 5865
9212 5132
9213 5063
9214 5813
9215 5700
9216 4926
9217 6440
9218 4939
9219 5065
9220 5566
9221 5768
9222 5237
9223 4901
9224 5188
9225 5189
9226 5202
9227 5048
9228 4946
9229 5229
9230 5277
9231 4938
9232 4942
9233 4940
9234 5064
9235 5440
9236 4817
9237 6566
9238 5832
9239 5796
9240 5067
9241 5766
9242 5991
9243 5565
9244 4939
9245 5326
9246 5753
9247 6565
9248 5486
9249 4941
9250 6001
9251 5253
9252 5442
9253 5185
9254 5314
9255 7131
9256 5876
9257 5440
9258 5190
9259 5314
9260 5072
9261 -994610
9262 5360
9263 5444
9264 5683
9265 4953
9266 5091
9267 5066
9268 4952
9269 5147
9270 5388
9271 5205
9272 5329
9273 5200
9274 6391
9275 5764
9276 6199
9277 5332
9278 5452
9279 5874
9280 5162
9281 5687
9282 5456
9283 6157
9284 5034
9285 5043
9286 5581
9287 5960
9288 5092
9289 5302
9290 5194
9291 5081
9292 6087
9293 6582
9294 5156
9295 5260
9296 5283
9297 5330
9298 4965
9299 5091
9300 4945
9301 5597
9302 5460
9303 5063
9304 5391
9305 6253
9306 5836
9307 6296
9308 5834
9309 5446
9310 6961
9311 5068
9312 6758
9313 5878
9314 5974
9315 4907
9316 5635
9317 6335
9318 5649
9319 5171
9320 5354
9321 6040
9322 5773
9323 6454
9324 5494
9325 5677
9326 5565
9327 7231
9328 5382
9329 5039
9330 5189
9331 5413
9332 6003
9333 5657
9334 6208
9335 5465
9336 5092
9337 6314
9338 6273
9339 5982
9340 6646
9341 5477
9342 6139
9343 4720
9344 5105
9345 7083
9346 5451
9347 5100
9348 5404
9349 6142
9350 5699
9351 7383
9352 5142
9353 5287
9354 5056
9355 5300
9356 5318
9357 5437
9358 5314
9359 5317
9360 5458
9361 5161
9362 5213
9363 6292
9364 5401
9365 5495
9366 5700
9367 5732
9368 5591
9369 5776
9370 6762
9371 6273
9372 5797
9373 6115
9374 5184
9375 5108
9376 5538
9377 5078
9378 5613
9379 5684
9380 6060
9381 6605
9382 5561
9383 5687
9384 5354
9385 4965
9386 5834
9387 5126
9388 5401
9389 4956
9390 7421
9391 5495
9392 5468
9393 5435
9394 8381
9395 5439
9396 5178
9397 6059
9398 6750
9399 5296
9400 5578
9401 5040
9402 5400
9403 5260
9404 5673
9405 5498
9406 5865
9407 5611
9408 5465
9409 5983
9410 5068
9411 5333
9412 5133
9413 5184
9414 5445
9415 5316
9416 5580
9417 6536
9418 6229
9419 5452
9420 5659
9421 5682
9422 5125
9423 5196
9424 5422
9425 5076
9426 5518
9427 5052
9428 5402
9429 5555
9430 5397
9431 5776
9432 5773
9433 7003
9434 5288
9435 7016
9436 5955
9437 -994648
9438 5343
9439 5844
9440 5038
9441 5917
9442 5170
9443 5664
9444 5990
9445 5603
9446 5533
9447 5777
9448 5775
9449 5065
9450 5867
9451 6648
9452 6773
9453 5523
9454 6222
9455 5943
9456 6475
9457 5723
9458 6008
9459 5737
9460 5549
9461 5280
9462 5329
9463 6233
9464 5274
9465 5101
9466 5297
9467 5317
9468 5225
9469 5683
9470 7082
9471 4951
9472 4957
9473 4960
9474 5320
9475 5337
9476 5450
9477 5075
9478 5512
9479 5666
9480 5058
9481 4955
9482 5453
9483 5574
9484 5498
9485 5291
9486 5065
9487 5831
9488 5391
9489 6514
9490 5840
9491 6006
9492 5963
9493 5883
9494 6067
9495 5076
9496 4951
9497 5080
9498 5078
9499 4951
9500 5085
9501 5205
9502 5324
9503 5368
9504 5046
9505 6565
9506 5331
9507 6224
9508 5557
9509 6643
9510 5275
9511 6138
9512 5253
9513 5594
9514 5760
9515 5400
9516 5434
9517 5764
9518 5891
9519 5830
9520 5084
9521 5692
9522 5080
9523 5204
9524 5325
9525 7453
9526 5080
9527 5713
9528 5452
9529 5821
9530 5198
9531 5452
9532 5454
9533 5328
9534 5463
9535 5074
9536 5079
9537 6827
9538 5091
9539 4940
9540 5205
9541 5080
9542 6377
9543 6413
9544 5449
9545 5334
9546 5317
9547 6654
9548 5303
9549 6143
9550 5079
9551 5326
9552 5581
9553 5454
9554 5336
9555 6634
9556 5393
9557 5719
9558 5789
9559 6278
9560 5271
9561 7025
9562 5781
9563 5205
9564 5468
9565 5702
9566 5526
9567 5022
9568 5462
9569 5339
9570 5718
9571 5581
9572 5088
9573 5120
9574 6435
9575 5526
9576 5143
9577 6083
9578 5747
9579 7553
9580 5978
9581 5199
9582 5299
9583 5581
9584 5217
9585 5334
9586 5839
9587 5735
9588 5067
9589 5841
9590 5084
9591 5965
9592 5209
9593 5473
9594 5180
9595 5711
9596 5590
9597 4964
9598 5854
9599 5066
9600 5088
9601 5590
9602 5461
9603 4981
9604 5469
9605 5315
9606 5986
9607 5439
9608 4984
9609 5206
9610 5199
9611 5528
9612 6726
9613 5510
9614 -994086
9615 5828
9616 6412
9617 6444
9618 5211
9619 5968
9620 6790
9621 5629
9622 5619
9623 5545
9624 5090
9625 5639
9626 5198
9627 5907
9628 4962
9629 5085
9630 5088
9631 5963
9632 5882
9633 5419
9634 6102
9635 5128
9636 5926
9637 5104
9638 5414
9639 5900
9640 5751
9641 5092
9642 5100
9643 5069
9644 5974
9645 5446
9646 4959
9647 5963
9648 4964
9649 5088
9650 5585
9651 5452
9652 5720
9653 6995
9654 5924
9655 5329
9656 5462
9657 5224
9658 5071
9659 5095
9660 5627
9661 5293
9662 5327
9663 5848
9664 5073
9665 6340
9666 5357
9667 5564
9668 5082
9669 5218
9670 5721
9671 6889
9672 5143
9673 5840
9674 6149
9675 5281
9676 6018
9677 5272
9678 5339
9679 5345
9680 5957
9681 6086
9682 5713
9683 5713
9684 4961
9685 5216
9686 5333
9687 6386
9688 5298
9689 6831
9690 5084
9691 6085
9692 6338
9693 5647
9694 5903
9695 5655
9696 5269
9697 5471
9698 5872
9699 5293
9700 5898
9701 5276
9702 5082
9703 5339
9704 5643
9705 6848
9706 5530
9707 6318
9708 5092
9709 4957
9710 5089
9711 5121
9712 5553
9713 5392
9714 6339
9715 6457
9716 5635
9717 5210
9718 5331
9719 6151
9720 5392
9721 5715
9722 5468
9723 5460
9724 5594
9725 5958
9726 5454
9727 5579
9728 5466
9729 5336
9730 5206
9731 5853
9732 5636
9733 5170
9734 5185
9735 5123
9736 5058
9737 5833
9738 5083
9739 5086
9740 5452
9741 5096
9742 5581
9743 5836
9744 7205
9745 5463
9746 5343
9747 5326
9748 5843
9749 5767
9750 5720
9751 5788
9752 5315
9753 5458
9754 5090
9755 5834
9756 5591
9757 5836
9758 5203
9759 5660
9760 5432
9761 6051
9762 6579
9763 5338
9764 5217
9765 5580
9766 5338
9767 5214
9768 4960
9769 5498
9770 5179
9771 4963
9772 5589
9773 5087
9774 5084
9775 5342
9776 6401
9777 5291
9778 5068
9779 5339
9780 5669
9781 5885
9782 5516
9783 5281
9784 5338
9785 5477
9786 4929
9787 5096
9788 5454
9789 6279
9790 5770
9791 4963
9792 5589
9793 -994531
9794 5951
9795 5524
9796 6533
9797 5333
9798 6332
9799 6212
9800 6087
9801 5342
9802 6078
9803 6028
9804 5399
9805 5114
9806 5317
9807 5577
9808 5837
9809 5735
9810 5874
9811 5278
9812 5716
9813 5652
9814 5528
9815 6325
9816 5476
9817 6182
9818 5491
9819 5101
9820 5080
9821 4959
9822 5451
9823 5096
9824 5078
9825 5092
9826 5077
9827 4968
9828 5225
9829 5074
9830 5703
9831 5970
9832 5952
9833 5839
9834 5596
9835 6696
9836 5844
9837 5828
9838 6462
9839 5838
9840 6006
9841 5042
9842 5634
9843 5410
9844 5978
9845 5691
9846 5207
9847 5086
9848 5085
9849 5467
9850 5082
9851 5588
9852 5347
9853 7069
9854 5220
9855 5326
9856 5863
9857 5185
9858 5339
9859 6007
9860 6851
9861 5527
9862 5277
9863 5652
9864 6023
9865 5274
9866 5122
9867 5471
9868 5423
9869 5075
9870 5338
9871 5859
9872 6192
9873 5088
9874 6089
9875 5713
9876 5086
9877 5337
9878 5338
9879 5652
9880 5148
9881 5462
9882 5089
9883 5591
9884 5212
9885 5588
9886 5085
9887 5137
9888 5787
9889 5085
9890 5968
9891 5831
9892 5086
9893 5465
9894 5088
9895 5088
9896 5091
9897 4958
9898 5337
9899 5718
9900 5835
9901 5337
9902 5734
9903 5322
9904 5466
9905 5197
9906 5968
9907 4979
9908 5315
9909 6208
9910 5963
9911 5767
9912 5494
9913 5092
9914 5455
9915 6362
9916 5568
9917 5453
9918 5083
9919 5465
9920 5753
9921 5292
9922 6108
9923 5182
9924 4803
9925 6393
9926 6115
9927 7005
9928 5711
9929 5512
9930 5023
9931 5913
9932 5838
9933 5609
9934 5304
9935 5605
9936 6065
9937 5077
9938 5105
9939 5704
9940 5203
9941 5328
9942 5467
9943 5204
9944 5345
9945 6292
9946 5255
9947 6600
9948 5946
9949 5209
9950 5601
9951 5071
9952 5077
9953 5971
9954 5827
9955 9344
9956 5082
9957 6255
9958 5291
9959 5080
9960 6216
9961 5243
9962 5055
9963 6459
9964 5082
9965 5344
9966 5475
9967 5821
9968 5996
9969 5296
9970 -993736
9971 5664
9972 5958
9973 5580
9974 6032
9975 5264
9976 5588
9977 5726
9978 5698
9979 5346
9980 5571
9981 6720
9982 5077
9983 4972
9984 4952
9985 4969
9986 5325
9987 5662
9988 5011
9989 6030
9990 5893
9991 5736
9992 5084
9993 5944
9994 5337
9995 5336
9996 5489
9997 4935
9998 6063
9999 6939
