0 71
1 20
2 19
3 18
4 35
5 19
6 18
7 18
8 17
9 18
10 18
11 17
12 17
13 17
14 18
15 18
16 18
17 19
18 17
19 18
20 17
21 18
22 18
23 18
24 17
25 18
26 18
27 18
28 18
29 17
30 17
31 19
32 17
33 19
34 18
35 18
36 18
37 20
38 18
39 17
40 17
41 17
42 17
43 18
44 18
45 18
46 31
47 19
48 18
49 18
50 17
51 17
52 19
53 17
54 18
55 17
56 17
57 17
58 17
59 18
60 17
61 17
62 17
63 31
64 19
65 18
66 19
67 17
68 17
69 17
70 18
71 17
72 18
73 18
74 17
75 17
76 18
77 18
78 18
79 27
80 19
81 17
82 18
83 17
84 17
85 17
86 30
87 17
88 18
89 17
90 18
91 17
92 17
93 18
94 17
95 17
96 18
97 18
98 17
99 18
100 18
101 18
102 19
103 18
104 17
105 17
106 18
107 17
108 17
109 17
110 18
111 17
112 18
113 18
114 19
115 17
116 17
117 18
118 18
119 17
120 18
121 18
122 18
123 18
124 18
125 18
126 18
127 17
128 27
129 19
130 17
131 18
132 17
133 25
134 18
135 18
136 18
137 18
138 17
139 18
140 18
141 18
142 17
143 17
144 17
145 17
146 17
147 17
148 17
149 17
150 18
151 19
152 18
153 18
154 18
155 17
156 17
157 17
158 17
159 17
160 17
161 17
162 17
163 18
164 17
165 18
166 18
167 17
168 17
169 18
170 19
171 18
172 17
173 17
174 18
175 17
176 18
177 18
178 27
179 19
180 18
181 17
182 17
183 17
184 17
185 17
186 17
187 17
188 17
189 17
190 17
191 17
192 17
193 17
194 17
195 19
196 18
197 18
198 18
199 17
200 17
201 17
202 18
203 17
204 18
205 17
206 18
207 18
208 18
209 18
210 18
211 18
212 18
213 19
214 17
215 18
216 17
217 27
218 18
219 18
220 18
221 18
222 17
223 17
224 17
225 17
226 17
227 17
228 18
229 19
230 18
231 18
232 18
233 18
234 17
235 19
236 17
237 19
238 18
239 19
240 19
241 19
242 17
243 17
244 18
245 21
246 21
247 20
248 19
249 18
250 17
251 18
252 19
253 18
254 19
255 20
256 22
257 18
258 19
259 18
260 17
261 18
262 18
263 20
264 17
265 18
266 18
267 17
268 19
269 18
270 18
271 19
272 18
273 18
274 17
275 20
276 18
277 17
278 17
279 19
280 18
281 18
282 17
283 18
284 20
285 18
286 18
287 18
288 18
289 18
290 18
291 17
292 19
293 19
294 19
295 17
296 19
297 17
298 20
299 21
300 18
301 18
302 18
303 20
304 22
305 19
306 19
307 20
308 19
309 18
310 18
311 18
312 18
313 17
314 19
315 17
316 19
317 18
318 18
319 18
320 19
321 19
322 18
323 18
324 19
325 19
326 18
327 17
328 18
329 17
330 18
331 19
332 20
333 21
334 17
335 20
336 21
337 20
338 18
339 18
340 18
341 18
342 17
343 18
344 17
345 19
346 19
347 22
348 20
349 19
350 19
351 21
352 22
353 20
354 19
355 19
356 18
357 17
358 17
359 19
360 19
361 20
362 21
363 21
364 20
365 18
366 21
367 23
368 20
369 18
370 19
371 18
372 20
373 18
374 18
375 18
376 19
377 17
378 18
379 17
380 18
381 18
382 17
383 22
384 17
385 17
386 18
387 17
388 18
389 19
390 17
391 17
392 17
393 17
394 17
395 17
396 17
397 18
398 18
399 18
400 18
401 18
402 18
403 17
404 18
405 18
406 17
407 17
408 17
409 17
410 17
411 18
412 18
413 17
414 17
415 17
416 17
417 17
418 17
419 17
420 17
421 17
422 18
423 18
424 19
425 18
426 17
427 17
428 17
429 17
430 18
431 18
432 17
433 17
434 17
435 267
436 18
437 17
438 18
439 17
440 17
441 18
442 18
443 18
444 18
445 17
446 17
447 17
448 17
449 17
450 17
451 17
452 17
453 17
454 19
455 17
456 27
457 19
458 17
459 17
460 18
461 18
462 18
463 18
464 17
465 17
466 17
467 17
468 18
469 18
470 18
471 24
472 18
473 18
474 17
475 17
476 17
477 17
478 17
479 20
480 17
481 17
482 18
483 18
484 18
485 17
486 17
487 17
488 18
489 18
490 18
491 17
492 17
493 17
494 17
495 17
496 17
497 17
498 17
499 18
500 18
501 18
502 18
503 17
504 18
505 17
506 17
507 17
508 17
509 17
510 17
511 17
512 17
513 17
514 18
515 17
516 18
517 18
518 18
519 18
520 18
521 17
522 17
523 17
524 17
525 17
526 17
527 18
528 18
529 18
530 17
531 17
532 17
533 17
534 17
535 17
536 17
537 17
538 17
539 17
540 17
541 17
542 17
543 17
544 18
545 18
546 18
547 17
548 17
549 18
550 18
551 17
552 17
553 17
554 17
555 18
556 19
557 18
558 17
559 17
560 17
561 18
562 18
563 18
564 17
565 17
566 26
567 18
568 17
569 17
570 17
571 18
572 18
573 18
574 18
575 18
576 17
577 18
578 19
579 18
580 17
581 17
582 17
583 17
584 17
585 17
586 17
587 17
588 18
589 17
590 17
591 18
592 17
593 17
594 17
595 19
596 18
597 17
598 17
599 17
600 17
601 17
602 28
603 17
604 17
605 18
606 19
607 17
608 18
609 18
610 18
611 17
612 17
613 17
614 17
615 17
616 18
617 19
618 18
619 17
620 18
621 17
622 17
623 17
624 17
625 17
626 18
627 18
628 17
629 17
630 18
631 17
632 18
633 17
634 18
635 18
636 18
637 17
638 19
639 18
640 18
641 18
642 17
643 18
644 18
645 17
646 17
647 17
648 18
649 17
650 19
651 17
652 18
653 17
654 17
655 19
656 19
657 18
658 18
659 20
660 17
661 18
662 17
663 18
664 17
665 17
666 18
667 18
668 17
669 17
670 18
671 17
672 19
673 17
674 17
675 18
676 17
677 18
678 19
679 17
680 18
681 18
682 18
683 19
684 17
685 17
686 17
687 17
688 18
689 17
690 17
691 17
692 17
693 17
694 17
695 17
696 18
697 17
698 17
699 17
700 17
701 17
702 17
703 17
704 17
705 17
706 17
707 18
708 18
709 18
710 18
711 18
712 17
713 17
714 17
715 18
716 18
717 18
718 17
719 18
720 17
721 17
722 17
723 20
724 18
725 17
726 17
727 17
728 18
729 18
730 18
731 17
732 17
733 26
734 18
735 17
736 17
737 17
738 17
739 19
740 17
741 18
742 17
743 17
744 18
745 18
746 17
747 17
748 17
749 17
750 17
751 17
752 17
753 17
754 17
755 26
756 18
757 17
758 17
759 17
760 17
761 17
762 17
763 17
764 17
765 17
766 17
767 17
768 17
769 17
770 17
771 17
772 18
773 17
774 17
775 17
776 17
777 17
778 17
779 19
780 29
781 19
782 17
783 19
784 18
785 18
786 17
787 19
788 18
789 18
790 18
791 17
792 17
793 17
794 17
795 17
796 17
797 17
798 18
799 18
800 19
801 18
802 18
803 17
804 17
805 18
806 18
807 18
808 17
809 17
810 17
811 17
812 18
813 17
814 17
815 18
816 28
817 18
818 17
819 17
820 17
821 17
822 17
823 17
824 18
825 16
826 17
827 17
828 17
829 17
830 18
831 18
832 18
833 17
834 18
835 18
836 17
837 17
838 17
839 17
840 17
841 17
842 17
843 17
844 17
845 17
846 18
847 17
848 17
849 18
850 18
851 20
852 18
853 17
854 18
855 18
856 18
857 18
858 18
859 17
860 17
861 18
862 19
863 18
864 17
865 17
866 17
867 17
868 17
869 17
870 17
871 16
872 27
873 18
874 17
875 17
876 17
877 17
878 17
879 17
880 17
881 17
882 17
883 25
884 18
885 17
886 17
887 17
888 17
889 17
890 17
891 17
892 17
893 17
894 25
895 19
896 18
897 17
898 17
899 18
900 19
901 17
902 17
903 17
904 17
905 17
906 17
907 17
908 17
909 17
910 17
911 17
912 18
913 18
914 17
915 19
916 17
917 17
918 17
919 17
920 17
921 17
922 18
923 18
924 18
925 18
926 18
927 18
928 19
929 17
930 18
931 17
932 17
933 17
934 17
935 17
936 17
937 17
938 18
939 18
940 19
941 18
942 17
943 18
944 18
945 17
946 18
947 18
948 17
949 18
950 17
951 18
952 18
953 18
954 18
955 18
956 18
957 18
958 28
959 17
960 18
961 18
962 17
963 18
964 17
965 18
966 18
967 18
968 19
969 17
970 18
971 17
972 18
973 17
974 18
975 17
976 18
977 18
978 20
979 20
980 17
981 17
982 17
983 18
984 18
985 18
986 18
987 17
988 18
989 18
990 18
991 18
992 17
993 17
994 17
995 17
996 18
997 17
998 17
999 17
1000 17
1001 17
1002 18
1003 17
1004 17
1005 17
1006 18
1007 18
1008 18
1009 19
1010 18
1011 17
1012 17
1013 17
1014 17
1015 17
1016 17
1017 17
1018 17
1019 17
1020 17
1021 16
1022 18
1023 18
1024 17
1025 18
1026 18
1027 17
1028 17
1029 17
1030 17
1031 17
1032 17
1033 17
1034 17
1035 17
1036 18
1037 18
1038 18
1039 17
1040 19
1041 18
1042 17
1043 19
1044 17
1045 17
1046 17
1047 17
1048 18
1049 18
1050 17
1051 17
1052 17
1053 17
1054 17
1055 17
1056 19
1057 18
1058 18
1059 17
1060 17
1061 27
1062 18
1063 17
1064 18
1065 18
1066 18
1067 18
1068 17
1069 17
1070 17
1071 17
1072 17
1073 19
1074 18
1075 17
1076 17
1077 17
1078 19
1079 18
1080 18
1081 18
1082 17
1083 18
1084 18
1085 18
1086 17
1087 18
1088 17
1089 18
1090 18
1091 17
1092 17
1093 18
1094 19
1095 19
1096 17
1097 18
1098 18
1099 17
1100 19
1101 18
1102 18
1103 18
1104 18
1105 18
1106 18
1107 20
1108 17
1109 18
1110 18
1111 18
1112 18
1113 17
1114 18
1115 17
1116 18
1117 20
1118 18
1119 17
1120 18
1121 17
1122 18
1123 18
1124 17
1125 17
1126 18
1127 27
1128 18
1129 18
1130 17
1131 17
1132 17
1133 18
1134 17
1135 30
1136 17
1137 18
1138 19
1139 18
1140 17
1141 17
1142 17
1143 17
1144 17
1145 16
1146 17
1147 17
1148 17
1149 17
1150 17
1151 17
1152 17
1153 17
1154 17
1155 18
1156 17
1157 18
1158 18
1159 17
1160 17
1161 17
1162 17
1163 17
1164 17
1165 17
1166 19
1167 17
1168 18
1169 17
1170 17
1171 19
1172 17
1173 17
1174 17
1175 17
1176 17
1177 18
1178 18
1179 18
1180 17
1181 17
1182 17
1183 17
1184 18
1185 18
1186 17
1187 17
1188 18
1189 17
1190 17
1191 17
1192 17
1193 17
1194 18
1195 19
1196 19
1197 18
1198 17
1199 17
1200 17
1201 17
1202 17
1203 17
1204 17
1205 17
1206 17
1207 17
1208 26
1209 18
1210 18
1211 17
1212 17
1213 18
1214 17
1215 17
1216 17
1217 17
1218 18
1219 17
1220 17
1221 17
1222 19
1223 18
1224 17
1225 17
1226 17
1227 17
1228 19
1229 19
1230 18
1231 18
1232 17
1233 17
1234 18
1235 19
1236 17
1237 17
1238 26
1239 18
1240 17
1241 17
1242 17
1243 17
1244 17
1245 17
1246 17
1247 17
1248 17
1249 17
1250 17
1251 17
1252 18
1253 17
1254 17
1255 18
1256 18
1257 18
1258 17
1259 17
1260 17
1261 17
1262 17
1263 17
1264 17
1265 16
1266 19
1267 18
1268 18
1269 17
1270 18
1271 17
1272 17
1273 17
1274 18
1275 18
1276 18
1277 17
1278 18
1279 18
1280 18
1281 18
1282 17
1283 17
1284 19
1285 17
1286 17
1287 17
1288 17
1289 17
1290 17
1291 17
1292 17
1293 17
1294 17
1295 17
1296 17
1297 17
1298 17
1299 19
1300 18
1301 18
1302 18
1303 17
1304 17
1305 17
1306 19
1307 18
1308 18
1309 17
1310 17
1311 17
1312 17
1313 17
1314 29
1315 17
1316 17
1317 17
1318 17
1319 17
1320 17
1321 17
1322 17
1323 19
1324 18
1325 18
1326 18
1327 18
1328 17
1329 18
1330 18
1331 18
1332 17
1333 17
1334 18
1335 17
1336 17
1337 18
1338 18
1339 19
1340 18
1341 18
1342 18
1343 18
1344 18
1345 17
1346 17
1347 17
1348 18
1349 18
1350 19
1351 19
1352 17
1353 18
1354 18
1355 17
1356 17
1357 17
1358 18
1359 18
1360 17
1361 17
1362 18
1363 19
1364 17
1365 18
1366 18
1367 18
1368 18
1369 18
1370 17
1371 17
1372 18
1373 18
1374 18
1375 17
1376 17
1377 17
1378 19
1379 18
1380 17
1381 17
1382 18
1383 18
1384 17
1385 18
1386 17
1387 17
1388 18
1389 17
1390 18
1391 18
1392 17
1393 17
1394 17
1395 18
1396 18
1397 17
1398 17
1399 17
1400 18
1401 19
1402 18
1403 17
1404 17
1405 18
1406 19
1407 18
1408 18
1409 17
1410 17
1411 18
1412 19
1413 17
1414 17
1415 18
1416 17
1417 17
1418 18
1419 18
1420 18
1421 18
1422 27
1423 18
1424 17
1425 17
1426 17
1427 20
1428 17
1429 17
1430 17
1431 17
1432 17
1433 18
1434 18
1435 18
1436 17
1437 17
1438 17
1439 19
1440 17
1441 17
1442 17
1443 17
1444 17
1445 17
1446 17
1447 17
1448 17
1449 17
1450 18
1451 18
1452 18
1453 17
1454 17
1455 17
1456 17
1457 17
1458 17
1459 17
1460 17
1461 17
1462 17
1463 17
1464 17
1465 17
1466 17
1467 17
1468 19
1469 18
1470 17
1471 17
1472 18
1473 17
1474 17
1475 17
1476 17
1477 17
1478 17
1479 17
1480 17
1481 17
1482 17
1483 17
1484 18
1485 19
1486 17
1487 17
1488 17
1489 27
1490 18
1491 30
1492 17
1493 17
1494 17
1495 17
1496 17
1497 17
1498 18
1499 18
1500 19
1501 19
1502 17
1503 18
1504 17
1505 17
1506 17
1507 17
1508 17
1509 17
1510 17
1511 17
1512 17
1513 17
1514 17
1515 17
1516 17
1517 18
1518 17
1519 18
1520 17
1521 18
1522 17
1523 17
1524 17
1525 17
1526 18
1527 17
1528 17
1529 17
1530 17
1531 17
1532 17
1533 17
1534 18
1535 18
1536 18
1537 17
1538 17
1539 17
1540 17
1541 17
1542 17
1543 17
1544 17
1545 18
1546 18
1547 18
1548 18
1549 17
1550 17
1551 17
1552 17
1553 17
1554 17
1555 19
1556 18
1557 18
1558 18
1559 18
1560 18
1561 17
1562 18
1563 19
1564 18
1565 17
1566 17
1567 17
1568 18
1569 17
1570 18
1571 17
1572 17
1573 17
1574 17
1575 18
1576 17
1577 17
1578 17
1579 18
1580 19
1581 18
1582 17
1583 17
1584 18
1585 18
1586 18
1587 18
1588 17
1589 17
1590 17
1591 18
1592 18
1593 17
1594 17
1595 17
1596 17
1597 17
1598 17
1599 17
1600 18
1601 27
1602 18
1603 18
1604 17
1605 17
1606 18
1607 17
1608 17
1609 17
1610 17
1611 17
1612 18
1613 18
1614 18
1615 17
1616 17
1617 17
1618 18
1619 20
1620 18
1621 17
1622 17
1623 17
1624 18
1625 17
1626 17
1627 17
1628 17
1629 17
1630 19
1631 17
1632 17
1633 17
1634 18
1635 17
1636 17
1637 18
1638 18
1639 17
1640 17
1641 17
1642 17
1643 17
1644 17
1645 17
1646 17
1647 18
1648 18
1649 17
1650 17
1651 17
1652 16
1653 17
1654 17
1655 17
1656 17
1657 18
1658 18
1659 18
1660 17
1661 17
1662 17
1663 18
1664 17
1665 17
1666 17
1667 17
1668 17
1669 17
1670 17
1671 25
1672 19
1673 18
1674 17
1675 17
1676 18
1677 17
1678 18
1679 18
1680 18
1681 18
1682 18
1683 20
1684 18
1685 18
1686 17
1687 17
1688 17
1689 17
1690 18
1691 17
1692 17
1693 17
1694 17
1695 17
1696 17
1697 19
1698 17
1699 18
1700 17
1701 17
1702 19
1703 19
1704 18
1705 18
1706 18
1707 18
1708 17
1709 17
1710 17
1711 17
1712 17
1713 27
1714 18
1715 18
1716 18
1717 17
1718 17
1719 17
1720 17
1721 17
1722 17
1723 17
1724 17
1725 17
1726 17
1727 18
1728 17
1729 17
1730 18
1731 18
1732 18
1733 18
1734 17
1735 17
1736 17
1737 17
1738 17
1739 17
1740 17
1741 17
1742 17
1743 17
1744 17
1745 17
1746 17
1747 19
1748 18
1749 18
1750 17
1751 17
1752 18
1753 17
1754 17
1755 18
1756 18
1757 17
1758 18
1759 18
1760 18
1761 17
1762 17
1763 17
1764 18
1765 18
1766 18
1767 17
1768 17
1769 18
1770 18
1771 18
1772 18
1773 17
1774 18
1775 18
1776 17
1777 17
1778 18
1779 18
1780 27
1781 18
1782 17
1783 17
1784 17
1785 17
1786 19
1787 17
1788 18
1789 18
1790 17
1791 18
1792 17
1793 17
1794 18
1795 17
1796 18
1797 19
1798 18
1799 17
1800 18
1801 18
1802 17
1803 17
1804 17
1805 17
1806 17
1807 17
1808 17
1809 18
1810 18
1811 19
1812 17
1813 27
1814 18
1815 18
1816 17
1817 17
1818 17
1819 18
1820 18
1821 18
1822 18
1823 18
1824 17
1825 17
1826 17
1827 17
1828 18
1829 18
1830 18
1831 18
1832 17
1833 17
1834 17
1835 17
1836 17
1837 18
1838 18
1839 18
1840 17
1841 17
1842 17
1843 18
1844 18
1845 18
1846 17
1847 17
1848 17
1849 176
1850 22
1851 18
1852 18
1853 19
1854 17
1855 18
1856 17
1857 18
1858 18
1859 17
1860 17
1861 17
1862 17
1863 17
1864 17
1865 17
1866 17
1867 17
1868 17
1869 17
1870 18
1871 17
1872 17
1873 19
1874 19
1875 18
1876 17
1877 17
1878 17
1879 17
1880 17
1881 17
1882 17
1883 17
1884 18
1885 19
1886 18
1887 17
1888 17
1889 18
1890 18
1891 18
1892 18
1893 18
1894 17
1895 18
1896 18
1897 17
1898 18
1899 18
1900 17
1901 17
1902 18
1903 18
1904 17
1905 18
1906 18
1907 19
1908 18
1909 18
1910 18
1911 18
1912 18
1913 18
1914 18
1915 18
1916 18
1917 18
1918 18
1919 17
1920 17
1921 18
1922 18
1923 17
1924 17
1925 17
1926 17
1927 17
1928 17
1929 17
1930 19
1931 18
1932 17
1933 18
1934 18
1935 17
1936 17
1937 17
1938 17
1939 17
1940 17
1941 19
1942 18
1943 18
1944 18
1945 17
1946 17
1947 18
1948 17
1949 17
1950 18
1951 17
1952 18
1953 17
1954 17
1955 17
1956 17
1957 18
1958 19
1959 18
1960 17
1961 17
1962 17
1963 17
1964 17
1965 18
1966 17
1967 17
1968 29
1969 18
1970 18
1971 18
1972 17
1973 16
1974 18
1975 18
1976 17
1977 17
1978 17
1979 17
1980 17
1981 18
1982 17
1983 17
1984 17
1985 18
1986 19
1987 17
1988 17
1989 17
1990 17
1991 17
1992 17
1993 17
1994 17
1995 17
1996 17
1997 17
1998 17
1999 17
2000 17
2001 17
2002 19
2003 17
2004 18
2005 18
2006 18
2007 17
2008 17
2009 17
2010 17
2011 17
2012 17
2013 18
2014 18
2015 18
2016 17
2017 17
2018 17
2019 17
2020 17
2021 28
2022 18
2023 17
2024 18
2025 17
2026 18
2027 17
2028 17
2029 18
2030 19
2031 18
2032 17
2033 18
2034 18
2035 18
2036 17
2037 17
2038 17
2039 17
2040 17
2041 17
2042 18
2043 18
2044 18
2045 18
2046 19
2047 19
2048 18
2049 17
2050 17
2051 17
2052 17
2053 17
2054 17
2055 17
2056 18
2057 17
2058 17
2059 18
2060 18
2061 18
2062 18
2063 17
2064 18
2065 18
2066 18
2067 18
2068 27
2069 18
2070 18
2071 17
2072 17
2073 18
2074 19
2075 17
2076 17
2077 18
2078 18
2079 18
2080 17
2081 17
2082 17
2083 18
2084 17
2085 18
2086 17
2087 18
2088 17
2089 17
2090 18
2091 19
2092 17
2093 17
2094 18
2095 17
2096 18
2097 18
2098 18
2099 18
2100 18
2101 26
2102 18
2103 18
2104 17
2105 17
2106 18
2107 19
2108 17
2109 18
2110 17
2111 18
2112 18
2113 18
2114 17
2115 17
2116 17
2117 17
2118 18
2119 18
2120 18
2121 17
2122 17
2123 17
2124 18
2125 18
2126 17
2127 17
2128 17
2129 18
2130 18
2131 18
2132 18
2133 18
2134 26
2135 18
2136 18
2137 17
2138 17
2139 17
2140 18
2141 17
2142 17
2143 18
2144 18
2145 18
2146 19
2147 18
2148 17
2149 17
2150 17
2151 17
2152 17
2153 17
2154 18
2155 18
2156 18
2157 17
2158 17
2159 17
2160 17
2161 17
2162 19
2163 19
2164 18
2165 17
2166 17
2167 17
2168 17
2169 17
2170 17
2171 17
2172 17
2173 18
2174 19
2175 17
2176 17
2177 18
2178 18
2179 17
2180 17
2181 17
2182 18
2183 17
2184 27
2185 18
2186 18
2187 17
2188 17
2189 18
2190 19
2191 18
2192 18
2193 17
2194 17
2195 18
2196 18
2197 17
2198 18
2199 17
2200 17
2201 17
2202 17
2203 17
2204 17
2205 17
2206 17
2207 18
2208 18
2209 17
2210 17
2211 18
2212 18
2213 17
2214 17
2215 17
2216 17
2217 17
2218 17
2219 17
2220 17
2221 17
2222 18
2223 18
2224 18
2225 17
2226 17
2227 17
2228 17
2229 17
2230 26
2231 18
2232 18
2233 18
2234 17
2235 18
2236 18
2237 18
2238 17
2239 18
2240 18
2241 19
2242 18
2243 18
2244 18
2245 17
2246 17
2247 17
2248 18
2249 18
2250 18
2251 18
2252 18
2253 17
2254 17
2255 17
2256 17
2257 18
2258 17
2259 17
2260 17
2261 17
2262 18
2263 18
2264 18
2265 18
2266 18
2267 18
2268 18
2269 17
2270 18
2271 17
2272 18
2273 18
2274 19
2275 18
2276 18
2277 17
2278 18
2279 19
2280 17
2281 17
2282 17
2283 18
2284 18
2285 19
2286 17
2287 18
2288 17
2289 18
2290 17
2291 18
2292 17
2293 17
2294 18
2295 17
2296 18
2297 18
2298 17
2299 18
2300 18
2301 19
2302 18
2303 17
2304 18
2305 18
2306 17
2307 17
2308 18
2309 18
2310 17
2311 18
2312 17
2313 18
2314 18
2315 17
2316 17
2317 27
2318 19
2319 17
2320 17
2321 17
2322 17
2323 17
2324 17
2325 17
2326 17
2327 17
2328 18
2329 19
2330 18
2331 17
2332 17
2333 17
2334 18
2335 18
2336 18
2337 17
2338 17
2339 27
2340 18
2341 17
2342 18
2343 18
2344 17
2345 18
2346 18
2347 17
2348 17
2349 17
2350 17
2351 17
2352 17
2353 17
2354 17
2355 17
2356 17
2357 17
2358 17
2359 17
2360 17
2361 17
2362 17
2363 18
2364 17
2365 17
2366 17
2367 17
2368 18
2369 17
2370 19
2371 18
2372 18
2373 17
2374 18
2375 28
2376 18
2377 18
2378 18
2379 17
2380 17
2381 17
2382 18
2383 18
2384 18
2385 18
2386 18
2387 17
2388 17
2389 17
2390 19
2391 18
2392 17
2393 18
2394 18
2395 18
2396 17
2397 17
2398 18
2399 18
2400 17
2401 17
2402 17
2403 17
2404 17
2405 17
2406 18
2407 18
2408 18
2409 18
2410 18
2411 18
2412 17
2413 17
2414 17
2415 18
2416 18
2417 18
2418 17
2419 18
2420 19
2421 18
2422 17
2423 18
2424 18
2425 17
2426 18
2427 18
2428 17
2429 18
2430 18
2431 17
2432 17
2433 17
2434 19
2435 18
2436 18
2437 18
2438 18
2439 18
2440 17
2441 18
2442 17
2443 18
2444 18
2445 17
2446 17
2447 18
2448 18
2449 17
2450 27
2451 18
2452 17
2453 17
2454 17
2455 17
2456 19
2457 17
2458 18
2459 18
2460 18
2461 17
2462 18
2463 18
2464 17
2465 17
2466 17
2467 18
2468 18
2469 17
2470 17
2471 17
2472 17
2473 17
2474 17
2475 17
2476 17
2477 17
2478 17
2479 17
2480 17
2481 17
2482 17
2483 17
2484 18
2485 18
2486 18
2487 17
2488 17
2489 17
2490 17
2491 17
2492 17
2493 18
2494 17
2495 18
2496 18
2497 18
2498 17
2499 17
2500 18
2501 19
2502 17
2503 18
2504 18
2505 17
2506 18
2507 19
2508 18
2509 17
2510 18
2511 17
2512 19
2513 17
2514 18
2515 17
2516 17
2517 17
2518 17
2519 17
2520 17
2521 17
2522 17
2523 18
2524 18
2525 16
2526 17
2527 17
2528 18
2529 18
2530 17
2531 17
2532 17
2533 18
2534 17
2535 17
2536 18
2537 18
2538 18
2539 18
2540 18
2541 18
2542 17
2543 18
2544 17
2545 17
2546 17
2547 17
2548 17
2549 17
2550 17
2551 17
2552 17
2553 17
2554 18
2555 18
2556 17
2557 18
2558 18
2559 17
2560 17
2561 17
2562 17
2563 17
2564 17
2565 18
2566 18
2567 17
2568 18
2569 19
2570 17
2571 17
2572 18
2573 17
2574 18
2575 18
2576 17
2577 17
2578 18
2579 18
2580 19
2581 18
2582 17
2583 18
2584 19
2585 18
2586 18
2587 18
2588 17
2589 18
2590 17
2591 18
2592 18
2593 17
2594 17
2595 18
2596 17
2597 18
2598 18
2599 17
2600 18
2601 18
2602 19
2603 18
2604 17
2605 18
2606 17
2607 18
2608 19
2609 18
2610 17
2611 17
2612 18
2613 19
2614 18
2615 17
2616 18
2617 17
2618 17
2619 18
2620 18
2621 17
2622 17
2623 17
2624 18
2625 17
2626 17
2627 17
2628 17
2629 18
2630 18
2631 17
2632 17
2633 17
2634 18
2635 17
2636 17
2637 18
2638 18
2639 18
2640 17
2641 17
2642 17
2643 17
2644 17
2645 18
2646 18
2647 18
2648 17
2649 17
2650 17
2651 17
2652 17
2653 17
2654 17
2655 17
2656 18
2657 17
2658 17
2659 18
2660 18
2661 18
2662 18
2663 17
2664 26
2665 18
2666 18
2667 17
2668 17
2669 17
2670 17
2671 17
2672 17
2673 18
2674 17
2675 17
2676 17
2677 17
2678 17
2679 18
2680 18
2681 18
2682 18
2683 18
2684 18
2685 19
2686 18
2687 17
2688 17
2689 18
2690 17
2691 18
2692 18
2693 19
2694 18
2695 18
2696 19
2697 17
2698 18
2699 17
2700 17
2701 17
2702 17
2703 17
2704 17
2705 18
2706 17
2707 17
2708 18
2709 18
2710 17
2711 17
2712 17
2713 17
2714 17
2715 17
2716 17
2717 17
2718 18
2719 17
2720 17
2721 17
2722 17
2723 17
2724 18
2725 18
2726 18
2727 17
2728 17
2729 17
2730 17
2731 17
2732 26
2733 18
2734 17
2735 17
2736 17
2737 17
2738 17
2739 18
2740 18
2741 17
2742 17
2743 17
2744 17
2745 17
2746 17
2747 18
2748 23
2749 17
2750 18
2751 17
2752 18
2753 17
2754 18
2755 18
2756 18
2757 18
2758 18
2759 18
2760 18
2761 17
2762 17
2763 26
2764 18
2765 17
2766 17
2767 17
2768 17
2769 17
2770 16
2771 17
2772 17
2773 17
2774 17
2775 17
2776 17
2777 17
2778 17
2779 17
2780 17
2781 17
2782 17
2783 18
2784 17
2785 18
2786 18
2787 18
2788 18
2789 18
2790 17
2791 18
2792 18
2793 18
2794 17
2795 17
2796 17
2797 17
2798 17
2799 17
2800 17
2801 17
2802 17
2803 17
2804 17
2805 17
2806 17
2807 18
2808 18
2809 18
2810 17
2811 17
2812 19
2813 17
2814 17
2815 17
2816 17
2817 17
2818 18
2819 17
2820 17
2821 17
2822 17
2823 17
2824 17
2825 18
2826 18
2827 18
2828 17
2829 17
2830 17
2831 17
2832 17
2833 18
2834 18
2835 18
2836 17
2837 17
2838 17
2839 17
2840 17
2841 17
2842 17
2843 17
2844 17
2845 17
2846 17
2847 17
2848 17
2849 17
2850 17
2851 17
2852 17
2853 17
2854 17
2855 18
2856 19
2857 18
2858 17
2859 17
2860 17
2861 17
2862 17
2863 16
2864 18
2865 19
2866 17
2867 18
2868 18
2869 17
2870 17
2871 17
2872 17
2873 17
2874 17
2875 17
2876 20
2877 17
2878 18
2879 17
2880 17
2881 17
2882 17
2883 17
2884 17
2885 17
2886 17
2887 17
2888 17
2889 17
2890 17
2891 17
2892 17
2893 17
2894 17
2895 17
2896 17
2897 18
2898 17
2899 17
2900 17
2901 17
2902 17
2903 17
2904 17
2905 17
2906 17
2907 17
2908 17
2909 17
2910 17
2911 25
2912 32
2913 18
2914 18
2915 17
2916 17
2917 17
2918 17
2919 18
2920 17
2921 17
2922 17
2923 17
2924 17
2925 18
2926 17
2927 17
2928 17
2929 17
2930 17
2931 17
2932 18
2933 18
2934 18
2935 17
2936 17
2937 18
2938 17
2939 17
2940 19
2941 17
2942 17
2943 17
2944 17
2945 17
2946 17
2947 18
2948 18
2949 17
2950 17
2951 17
2952 17
2953 17
2954 18
2955 17
2956 17
2957 18
2958 17
2959 17
2960 17
2961 17
2962 17
2963 17
2964 17
2965 18
2966 18
2967 18
2968 18
2969 18
2970 18
2971 18
2972 18
2973 17
2974 17
2975 17
2976 17
2977 17
2978 17
2979 17
2980 17
2981 17
2982 17
2983 17
2984 18
2985 18
2986 17
2987 17
2988 17
2989 17
2990 17
2991 17
2992 18
2993 17
2994 17
2995 17
2996 17
2997 17
2998 17
2999 17
3000 17
3001 17
3002 17
3003 17
3004 18
3005 17
3006 17
3007 17
3008 17
3009 17
3010 17
3011 17
3012 17
3013 17
3014 17
3015 17
3016 17
3017 18
3018 17
3019 17
3020 17
3021 17
3022 18
3023 17
3024 17
3025 17
3026 17
3027 17
3028 18
3029 17
3030 17
3031 17
3032 17
3033 17
3034 17
3035 17
3036 17
3037 18
3038 17
3039 18
3040 17
3041 17
3042 17
3043 17
3044 17
3045 17
3046 17
3047 17
3048 17
3049 17
3050 17
3051 17
3052 17
3053 17
3054 17
3055 17
3056 17
3057 17
3058 17
3059 17
3060 17
3061 17
3062 18
3063 17
3064 17
3065 18
3066 17
3067 17
3068 19
3069 17
3070 17
3071 17
3072 17
3073 17
3074 17
3075 18
3076 17
3077 17
3078 17
3079 17
3080 18
3081 17
3082 17
3083 17
3084 17
3085 17
3086 17
3087 17
3088 17
3089 17
3090 17
3091 17
3092 17
3093 25
3094 18
3095 17
3096 17
3097 17
3098 17
3099 17
3100 17
3101 17
3102 17
3103 18
3104 17
3105 18
3106 17
3107 18
3108 18
3109 17
3110 17
3111 17
3112 17
3113 17
3114 17
3115 17
3116 17
3117 17
3118 17
3119 17
3120 18
3121 17
3122 17
3123 17
3124 17
3125 17
3126 17
3127 18
3128 18
3129 17
3130 17
3131 17
3132 19
3133 17
3134 17
3135 17
3136 17
3137 17
3138 17
3139 17
3140 17
3141 17
3142 17
3143 17
3144 17
3145 17
3146 17
3147 17
3148 17
3149 17
3150 17
3151 17
3152 17
3153 17
3154 17
3155 17
3156 17
3157 17
3158 17
3159 17
3160 17
3161 17
3162 17
3163 17
3164 17
3165 17
3166 17
3167 17
3168 17
3169 17
3170 17
3171 17
3172 17
3173 17
3174 17
3175 17
3176 18
3177 17
3178 17
3179 17
3180 17
3181 17
3182 18
3183 17
3184 17
3185 17
3186 17
3187 17
3188 17
3189 17
3190 17
3191 17
3192 17
3193 17
3194 17
3195 17
3196 19
3197 18
3198 18
3199 17
3200 17
3201 18
3202 18
3203 17
3204 17
3205 17
3206 17
3207 17
3208 17
3209 17
3210 17
3211 18
3212 17
3213 17
3214 18
3215 17
3216 17
3217 17
3218 18
3219 18
3220 17
3221 18
3222 17
3223 17
3224 17
3225 17
3226 17
3227 16
3228 18
3229 17
3230 17
3231 17
3232 17
3233 17
3234 18
3235 17
3236 17
3237 18
3238 18
3239 18
3240 17
3241 17
3242 17
3243 17
3244 17
3245 17
3246 17
3247 18
3248 17
3249 17
3250 17
3251 18
3252 17
3253 17
3254 17
3255 17
3256 17
3257 17
3258 17
3259 17
3260 19
3261 17
3262 17
3263 17
3264 17
3265 17
3266 17
3267 17
3268 17
3269 17
3270 17
3271 17
3272 17
3273 17
3274 236
3275 25
3276 18
3277 17
3278 16
3279 18
3280 17
3281 18
3282 18
3283 17
3284 17
3285 17
3286 17
3287 17
3288 18
3289 18
3290 17
3291 17
3292 17
3293 17
3294 18
3295 17
3296 17
3297 17
3298 17
3299 18
3300 17
3301 17
3302 18
3303 17
3304 17
3305 17
3306 17
3307 17
3308 16
3309 17
3310 17
3311 17
3312 17
3313 17
3314 17
3315 17
3316 17
3317 18
3318 18
3319 18
3320 17
3321 17
3322 17
3323 17
3324 18
3325 17
3326 17
3327 17
3328 17
3329 17
3330 18
3331 17
3332 17
3333 17
3334 17
3335 17
3336 17
3337 17
3338 17
3339 17
3340 17
3341 17
3342 17
3343 18
3344 18
3345 17
3346 18
3347 18
3348 17
3349 17
3350 17
3351 17
3352 17
3353 17
3354 17
3355 17
3356 17
3357 17
3358 17
3359 17
3360 17
3361 17
3362 17
3363 17
3364 17
3365 17
3366 17
3367 17
3368 17
3369 17
3370 18
3371 17
3372 17
3373 17
3374 18
3375 17
3376 18
3377 17
3378 17
3379 17
3380 17
3381 17
3382 17
3383 17
3384 17
3385 17
3386 17
3387 18
3388 18
3389 17
3390 17
3391 17
3392 18
3393 17
3394 17
3395 17
3396 18
3397 18
3398 18
3399 17
3400 17
3401 18
3402 17
3403 18
3404 18
3405 18
3406 17
3407 17
3408 17
3409 17
3410 17
3411 17
3412 17
3413 17
3414 17
3415 17
3416 17
3417 18
3418 17
3419 17
3420 17
3421 17
3422 17
3423 17
3424 17
3425 17
3426 17
3427 17
3428 17
3429 17
3430 17
3431 17
3432 18
3433 17
3434 19
3435 18
3436 18
3437 18
3438 18
3439 17
3440 18
3441 18
3442 18
3443 18
3444 17
3445 17
3446 34
3447 17
3448 17
3449 17
3450 17
3451 17
3452 18
3453 18
3454 19
3455 18
3456 18
3457 18
3458 17
3459 17
3460 17
3461 17
3462 17
3463 17
3464 17
3465 17
3466 17
3467 17
3468 18
3469 17
3470 17
3471 17
3472 18
3473 18
3474 18
3475 17
3476 17
3477 18
3478 18
3479 18
3480 17
3481 17
3482 18
3483 18
3484 18
3485 18
3486 18
3487 18
3488 18
3489 17
3490 18
3491 17
3492 17
3493 17
3494 18
3495 18
3496 18
3497 18
3498 18
3499 17
3500 17
3501 17
3502 17
3503 17
3504 17
3505 17
3506 17
3507 17
3508 17
3509 17
3510 17
3511 17
3512 18
3513 18
3514 18
3515 18
3516 18
3517 17
3518 17
3519 17
3520 17
3521 18
3522 18
3523 18
3524 17
3525 17
3526 17
3527 17
3528 17
3529 17
3530 17
3531 17
3532 17
3533 17
3534 17
3535 17
3536 17
3537 17
3538 17
3539 17
3540 17
3541 17
3542 17
3543 17
3544 17
3545 17
3546 17
3547 17
3548 17
3549 18
3550 18
3551 18
3552 17
3553 18
3554 18
3555 17
3556 17
3557 17
3558 17
3559 17
3560 17
3561 17
3562 17
3563 17
3564 17
3565 17
3566 18
3567 17
3568 17
3569 17
3570 17
3571 17
3572 17
3573 17
3574 17
3575 17
3576 17
3577 17
3578 17
3579 17
3580 17
3581 17
3582 17
3583 17
3584 17
3585 17
3586 17
3587 19
3588 18
3589 17
3590 17
3591 17
3592 17
3593 17
3594 17
3595 17
3596 17
3597 17
3598 17
3599 17
3600 17
3601 17
3602 17
3603 17
3604 17
3605 17
3606 17
3607 17
3608 17
3609 16
3610 18
3611 17
3612 17
3613 17
3614 17
3615 17
3616 17
3617 17
3618 17
3619 17
3620 17
3621 17
3622 17
3623 17
3624 17
3625 18
3626 18
3627 26
3628 18
3629 17
3630 17
3631 17
3632 18
3633 17
3634 17
3635 17
3636 17
3637 17
3638 17
3639 17
3640 17
3641 17
3642 18
3643 18
3644 17
3645 17
3646 17
3647 17
3648 17
3649 17
3650 17
3651 19
3652 18
3653 17
3654 17
3655 17
3656 17
3657 18
3658 18
3659 17
3660 17
3661 17
3662 17
3663 17
3664 18
3665 17
3666 17
3667 17
3668 17
3669 17
3670 17
3671 17
3672 17
3673 18
3674 17
3675 17
3676 17
3677 17
3678 17
3679 17
3680 17
3681 17
3682 17
3683 17
3684 17
3685 17
3686 18
3687 18
3688 18
3689 18
3690 17
3691 18
3692 17
3693 18
3694 18
3695 17
3696 17
3697 17
3698 17
3699 17
3700 17
3701 17
3702 17
3703 17
3704 17
3705 17
3706 17
3707 17
3708 17
3709 17
3710 17
3711 17
3712 17
3713 17
3714 17
3715 19
3716 17
3717 18
3718 17
3719 17
3720 17
3721 17
3722 17
3723 17
3724 18
3725 18
3726 18
3727 18
3728 17
3729 17
3730 17
3731 17
3732 17
3733 17
3734 17
3735 17
3736 17
3737 17
3738 17
3739 17
3740 18
3741 17
3742 17
3743 17
3744 17
3745 17
3746 17
3747 17
3748 17
3749 18
3750 18
3751 17
3752 17
3753 17
3754 18
3755 17
3756 17
3757 17
3758 17
3759 17
3760 17
3761 17
3762 17
3763 17
3764 17
3765 17
3766 17
3767 18
3768 17
3769 17
3770 17
3771 17
3772 17
3773 17
3774 17
3775 17
3776 17
3777 17
3778 17
3779 19
3780 17
3781 17
3782 17
3783 17
3784 18
3785 18
3786 18
3787 18
3788 18
3789 17
3790 17
3791 17
3792 17
3793 17
3794 17
3795 17
3796 17
3797 17
3798 17
3799 17
3800 18
3801 17
3802 18
3803 17
3804 17
3805 17
3806 17
3807 17
3808 29
3809 18
3810 18
3811 17
3812 18
3813 17
3814 17
3815 17
3816 17
3817 17
3818 17
3819 17
3820 18
3821 17
3822 17
3823 17
3824 17
3825 17
3826 18
3827 18
3828 18
3829 17
3830 17
3831 17
3832 17
3833 18
3834 18
3835 18
3836 17
3837 17
3838 17
3839 17
3840 17
3841 17
3842 17
3843 19
3844 17
3845 17
3846 17
3847 17
3848 17
3849 17
3850 17
3851 17
3852 17
3853 17
3854 17
3855 17
3856 17
3857 17
3858 17
3859 17
3860 18
3861 17
3862 17
3863 17
3864 17
3865 18
3866 17
3867 17
3868 17
3869 17
3870 17
3871 18
3872 18
3873 18
3874 18
3875 18
3876 18
3877 18
3878 18
3879 18
3880 17
3881 18
3882 17
3883 17
3884 17
3885 17
3886 17
3887 17
3888 17
3889 17
3890 17
3891 17
3892 17
3893 17
3894 17
3895 17
3896 17
3897 17
3898 17
3899 18
3900 18
3901 17
3902 17
3903 17
3904 17
3905 17
3906 17
3907 19
3908 17
3909 17
3910 17
3911 17
3912 17
3913 17
3914 17
3915 18
3916 18
3917 18
3918 18
3919 17
3920 17
3921 17
3922 17
3923 17
3924 17
3925 17
3926 17
3927 17
3928 17
3929 17
3930 17
3931 17
3932 17
3933 17
3934 17
3935 17
3936 17
3937 17
3938 17
3939 17
3940 17
3941 17
3942 17
3943 17
3944 17
3945 17
3946 17
3947 17
3948 17
3949 17
3950 17
3951 17
3952 18
3953 17
3954 18
3955 17
3956 17
3957 17
3958 17
3959 17
3960 17
3961 17
3962 17
3963 18
3964 17
3965 17
3966 17
3967 17
3968 17
3969 17
3970 17
3971 19
3972 17
3973 17
3974 17
3975 18
3976 17
3977 17
3978 17
3979 17
3980 17
3981 17
3982 17
3983 17
3984 17
3985 17
3986 17
3987 17
3988 17
3989 17
3990 28
3991 17
3992 17
3993 17
3994 17
3995 18
3996 18
3997 18
3998 18
3999 18
4000 17
4001 17
4002 17
4003 17
4004 17
4005 17
4006 17
4007 17
4008 17
4009 17
4010 17
4011 17
4012 17
4013 18
4014 18
4015 17
4016 17
4017 17
4018 17
4019 17
4020 17
4021 17
4022 17
4023 17
4024 17
4025 17
4026 17
4027 17
4028 17
4029 17
4030 17
4031 17
4032 17
4033 18
4034 18
4035 19
4036 18
4037 18
4038 17
4039 18
4040 18
4041 17
4042 17
4043 17
4044 17
4045 17
4046 17
4047 17
4048 18
4049 17
4050 17
4051 17
4052 17
4053 17
4054 17
4055 17
4056 17
4057 17
4058 17
4059 17
4060 17
4061 17
4062 17
4063 17
4064 17
4065 17
4066 17
4067 17
4068 17
4069 17
4070 17
4071 17
4072 17
4073 17
4074 17
4075 17
4076 17
4077 17
4078 17
4079 17
4080 17
4081 17
4082 17
4083 17
4084 17
4085 18
4086 17
4087 17
4088 17
4089 17
4090 17
4091 17
4092 17
4093 17
4094 17
4095 17
4096 17
4097 17
4098 17
4099 19
4100 17
4101 17
4102 17
4103 17
4104 17
4105 17
4106 17
4107 17
4108 17
4109 17
4110 17
4111 17
4112 17
4113 17
4114 17
4115 17
4116 17
4117 17
4118 17
4119 17
4120 17
4121 17
4122 17
4123 17
4124 17
4125 17
4126 17
4127 17
4128 17
4129 17
4130 17
4131 17
4132 17
4133 17
4134 17
4135 18
4136 17
4137 17
4138 17
4139 17
4140 17
4141 17
4142 17
4143 17
4144 17
4145 17
4146 17
4147 17
4148 18
4149 18
4150 17
4151 17
4152 17
4153 17
4154 17
4155 17
4156 17
4157 17
4158 17
4159 18
4160 17
4161 17
4162 17
4163 19
4164 17
4165 17
4166 17
4167 17
4168 17
4169 18
4170 18
4171 21
4172 18
4173 17
4174 17
4175 18
4176 17
4177 17
4178 17
4179 17
4180 17
4181 17
4182 17
4183 17
4184 17
4185 17
4186 17
4187 17
4188 17
4189 17
4190 17
4191 17
4192 17
4193 18
4194 17
4195 17
4196 17
4197 17
4198 17
4199 17
4200 17
4201 18
4202 17
4203 17
4204 17
4205 18
4206 18
4207 17
4208 17
4209 17
4210 17
4211 17
4212 17
4213 17
4214 17
4215 17
4216 17
4217 17
4218 18
4219 18
4220 18
4221 17
4222 17
4223 18
4224 18
4225 17
4226 18
4227 19
4228 17
4229 17
4230 17
4231 17
4232 17
4233 17
4234 17
4235 17
4236 17
4237 17
4238 17
4239 17
4240 18
4241 18
4242 17
4243 17
4244 17
4245 17
4246 17
4247 17
4248 16
4249 17
4250 17
4251 17
4252 17
4253 17
4254 17
4255 17
4256 17
4257 17
4258 17
4259 17
4260 17
4261 17
4262 17
4263 17
4264 17
4265 17
4266 17
4267 17
4268 17
4269 17
4270 17
4271 17
4272 18
4273 17
4274 17
4275 17
4276 17
4277 18
4278 17
4279 17
4280 18
4281 17
4282 17
4283 17
4284 17
4285 17
4286 17
4287 18
4288 18
4289 17
4290 17
4291 19
4292 17
4293 17
4294 17
4295 17
4296 17
4297 17
4298 17
4299 17
4300 17
4301 17
4302 17
4303 17
4304 17
4305 17
4306 17
4307 17
4308 17
4309 17
4310 17
4311 17
4312 17
4313 17
4314 17
4315 17
4316 17
4317 17
4318 17
4319 17
4320 17
4321 17
4322 17
4323 18
4324 17
4325 17
4326 17
4327 17
4328 17
4329 17
4330 17
4331 17
4332 17
4333 17
4334 17
4335 17
4336 17
4337 17
4338 17
4339 17
4340 17
4341 17
4342 17
4343 17
4344 18
4345 18
4346 17
4347 17
4348 17
4349 17
4350 17
4351 17
4352 17
4353 17
4354 27
4355 19
4356 17
4357 17
4358 17
4359 17
4360 17
4361 17
4362 17
4363 17
4364 17
4365 17
4366 17
4367 17
4368 18
4369 18
4370 18
4371 17
4372 17
4373 17
4374 17
4375 17
4376 17
4377 17
4378 17
4379 17
4380 17
4381 17
4382 17
4383 18
4384 17
4385 17
4386 17
4387 17
4388 17
4389 17
4390 17
4391 17
4392 17
4393 17
4394 17
4395 17
4396 17
4397 18
4398 17
4399 17
4400 17
4401 17
4402 18
4403 17
4404 18
4405 17
4406 17
4407 17
4408 17
4409 18
4410 18
4411 18
4412 17
4413 17
4414 17
4415 17
4416 17
4417 17
4418 17
4419 19
4420 17
4421 17
4422 17
4423 17
4424 17
4425 17
4426 17
4427 17
4428 17
4429 17
4430 17
4431 17
4432 17
4433 17
4434 17
4435 17
4436 17
4437 17
4438 17
4439 17
4440 17
4441 17
4442 17
4443 17
4444 17
4445 17
4446 17
4447 17
4448 17
4449 17
4450 17
4451 17
4452 17
4453 17
4454 17
4455 17
4456 17
4457 17
4458 17
4459 17
4460 17
4461 17
4462 18
4463 18
4464 18
4465 17
4466 17
4467 17
4468 17
4469 17
4470 17
4471 17
4472 17
4473 17
4474 17
4475 17
4476 17
4477 17
4478 18
4479 18
4480 17
4481 17
4482 17
4483 19
4484 17
4485 17
4486 17
4487 17
4488 17
4489 17
4490 17
4491 17
4492 18
4493 17
4494 17
4495 17
4496 17
4497 17
4498 17
4499 17
4500 18
4501 17
4502 17
4503 18
4504 17
4505 18
4506 17
4507 17
4508 17
4509 17
4510 17
4511 17
4512 17
4513 16
4514 18
4515 17
4516 17
4517 17
4518 17
4519 17
4520 17
4521 18
4522 17
4523 17
4524 17
4525 17
4526 17
4527 17
4528 17
4529 17
4530 17
4531 17
4532 16
4533 17
4534 17
4535 30
4536 18
4537 17
4538 17
4539 18
4540 17
4541 17
4542 17
4543 17
4544 17
4545 17
4546 17
4547 19
4548 18
4549 17
4550 18
4551 17
4552 17
4553 17
4554 17
4555 17
4556 17
4557 17
4558 17
4559 17
4560 18
4561 17
4562 17
4563 17
4564 17
4565 17
4566 17
4567 18
4568 18
4569 18
4570 17
4571 17
4572 17
4573 17
4574 17
4575 17
4576 17
4577 17
4578 17
4579 17
4580 17
4581 17
4582 17
4583 17
4584 17
4585 18
4586 18
4587 17
4588 17
4589 17
4590 17
4591 17
4592 17
4593 17
4594 17
4595 18
4596 18
4597 17
4598 17
4599 17
4600 17
4601 18
4602 18
4603 18
4604 17
4605 17
4606 17
4607 17
4608 17
4609 17
4610 17
4611 19
4612 17
4613 17
4614 17
4615 17
4616 17
4617 17
4618 17
4619 17
4620 17
4621 17
4622 17
4623 17
4624 17
4625 17
4626 17
4627 17
4628 17
4629 17
4630 17
4631 17
4632 17
4633 17
4634 17
4635 17
4636 17
4637 17
4638 17
4639 17
4640 17
4641 18
4642 18
4643 18
4644 17
4645 17
4646 17
4647 17
4648 17
4649 17
4650 17
4651 18
4652 18
4653 18
4654 18
4655 18
4656 18
4657 18
4658 18
4659 18
4660 17
4661 17
4662 17
4663 17
4664 17
4665 17
4666 17
4667 17
4668 17
4669 17
4670 18
4671 17
4672 17
4673 18
4674 18
4675 20
4676 18
4677 18
4678 18
4679 17
4680 17
4681 17
4682 17
4683 17
4684 17
4685 18
4686 17
4687 17
4688 17
4689 17
4690 17
4691 17
4692 17
4693 17
4694 17
4695 17
4696 17
4697 17
4698 17
4699 17
4700 17
4701 17
4702 18
4703 18
4704 17
4705 17
4706 17
4707 17
4708 17
4709 18
4710 17
4711 17
4712 17
4713 17
4714 17
4715 17
4716 17
4717 244
4718 19
4719 17
4720 17
4721 17
4722 17
4723 18
4724 17
4725 17
4726 17
4727 17
4728 17
4729 17
4730 17
4731 17
4732 17
4733 17
4734 17
4735 17
4736 16
4737 17
4738 17
4739 17
4740 17
4741 17
4742 17
4743 17
4744 17
4745 17
4746 17
4747 17
4748 17
4749 17
4750 18
4751 17
4752 18
4753 17
4754 17
4755 17
4756 17
4757 18
4758 17
4759 18
4760 18
4761 18
4762 17
4763 17
4764 17
4765 17
4766 17
4767 17
4768 17
4769 17
4770 17
4771 17
4772 17
4773 17
4774 17
4775 17
4776 17
4777 17
4778 17
4779 17
4780 17
4781 17
4782 18
4783 18
4784 17
4785 17
4786 18
4787 18
4788 18
4789 17
4790 17
4791 17
4792 17
4793 17
4794 17
4795 17
4796 18
4797 17
4798 17
4799 18
4800 17
4801 17
4802 17
4803 18
4804 17
4805 17
4806 17
4807 17
4808 18
4809 18
4810 17
4811 17
4812 18
4813 17
4814 17
4815 17
4816 17
4817 17
4818 18
4819 18
4820 18
4821 17
4822 17
4823 17
4824 17
4825 17
4826 17
4827 17
4828 17
4829 18
4830 18
4831 17
4832 17
4833 17
4834 17
4835 17
4836 17
4837 17
4838 18
4839 18
4840 17
4841 17
4842 17
4843 17
4844 17
4845 17
4846 17
4847 17
4848 17
4849 17
4850 17
4851 17
4852 17
4853 18
4854 17
4855 18
4856 17
4857 17
4858 18
4859 17
4860 17
4861 18
4862 18
4863 17
4864 17
4865 18
4866 17
4867 17
4868 17
4869 17
4870 17
4871 17
4872 17
4873 17
4874 17
4875 18
4876 18
4877 18
4878 17
4879 17
4880 18
4881 18
4882 18
4883 18
4884 17
4885 17
4886 17
4887 17
4888 24
4889 18
4890 17
4891 18
4892 17
4893 18
4894 18
4895 18
4896 17
4897 17
4898 17
4899 18
4900 17
4901 17
4902 17
4903 17
4904 17
4905 17
4906 18
4907 17
4908 17
4909 17
4910 17
4911 17
4912 18
4913 18
4914 17
4915 17
4916 17
4917 17
4918 17
4919 17
4920 17
4921 17
4922 17
4923 17
4924 17
4925 17
4926 17
4927 18
4928 17
4929 18
4930 18
4931 17
4932 17
4933 17
4934 18
4935 18
4936 18
4937 18
4938 17
4939 17
4940 18
4941 17
4942 17
4943 18
4944 18
4945 17
4946 17
4947 17
4948 17
4949 17
4950 17
4951 17
4952 17
4953 17
4954 17
4955 17
4956 18
4957 17
4958 17
4959 17
4960 17
4961 17
4962 17
4963 17
4964 17
4965 17
4966 17
4967 17
4968 17
4969 17
4970 17
4971 17
4972 17
4973 17
4974 17
4975 17
4976 17
4977 17
4978 18
4979 18
4980 17
4981 18
4982 18
4983 17
4984 17
4985 17
4986 18
4987 17
4988 18
4989 17
4990 17
4991 17
4992 17
4993 17
4994 17
4995 18
4996 17
4997 17
4998 17
4999 18
5000 17
5001 18
5002 18
5003 18
5004 18
5005 17
5006 18
5007 18
5008 18
5009 17
5010 17
5011 17
5012 17
5013 17
5014 17
5015 18
5016 17
5017 18
5018 17
5019 17
5020 17
5021 17
5022 18
5023 18
5024 17
5025 17
5026 17
5027 17
5028 18
5029 18
5030 18
5031 17
5032 18
5033 17
5034 17
5035 18
5036 18
5037 17
5038 17
5039 17
5040 17
5041 17
5042 17
5043 17
5044 17
5045 17
5046 17
5047 17
5048 17
5049 17
5050 17
5051 17
5052 17
5053 17
5054 18
5055 18
5056 17
5057 17
5058 17
5059 17
5060 17
5061 17
5062 17
5063 17
5064 17
5065 17
5066 18
5067 18
5068 18
5069 25
5070 18
5071 18
5072 17
5073 17
5074 17
5075 17
5076 17
5077 17
5078 17
5079 18
5080 17
5081 17
5082 17
5083 17
5084 17
5085 17
5086 17
5087 17
5088 18
5089 18
5090 18
5091 18
5092 18
5093 17
5094 17
5095 18
5096 17
5097 17
5098 18
5099 18
5100 18
5101 18
5102 18
5103 18
5104 18
5105 17
5106 17
5107 17
5108 18
5109 17
5110 17
5111 17
5112 17
5113 17
5114 18
5115 18
5116 17
5117 17
5118 17
5119 18
5120 17
5121 17
5122 17
5123 17
5124 17
5125 17
5126 17
5127 17
5128 17
5129 18
5130 18
5131 18
5132 17
5133 17
5134 17
5135 17
5136 17
5137 17
5138 17
5139 18
5140 18
5141 18
5142 17
5143 17
5144 18
5145 18
5146 18
5147 18
5148 18
5149 17
5150 17
5151 17
5152 17
5153 18
5154 17
5155 17
5156 17
5157 17
5158 17
5159 17
5160 17
5161 17
5162 17
5163 17
5164 17
5165 17
5166 17
5167 18
5168 17
5169 18
5170 18
5171 18
5172 17
5173 17
5174 17
5175 17
5176 17
5177 17
5178 17
5179 17
5180 17
5181 17
5182 17
5183 17
5184 17
5185 17
5186 17
5187 18
5188 18
5189 18
5190 17
5191 17
5192 17
5193 18
5194 18
5195 17
5196 17
5197 17
5198 17
5199 18
5200 18
5201 18
5202 18
5203 18
5204 18
5205 18
5206 18
5207 18
5208 17
5209 17
5210 17
5211 17
5212 17
5213 17
5214 17
5215 18
5216 18
5217 17
5218 17
5219 17
5220 17
5221 17
5222 17
5223 17
5224 17
5225 17
5226 17
5227 17
5228 17
5229 17
5230 17
5231 17
5232 17
5233 17
5234 17
5235 17
5236 17
5237 17
5238 17
5239 17
5240 17
5241 17
5242 17
5243 17
5244 17
5245 17
5246 17
5247 17
5248 17
5249 17
5250 25
5251 17
5252 18
5253 18
5254 17
5255 17
5256 17
5257 18
5258 18
5259 18
5260 18
5261 17
5262 17
5263 17
5264 17
5265 18
5266 18
5267 18
5268 17
5269 17
5270 17
5271 17
5272 17
5273 17
5274 17
5275 17
5276 17
5277 17
5278 17
5279 17
5280 18
5281 17
5282 17
5283 17
5284 17
5285 17
5286 17
5287 17
5288 17
5289 17
5290 17
5291 18
5292 18
5293 17
5294 17
5295 17
5296 17
5297 18
5298 18
5299 18
5300 17
5301 17
5302 17
5303 17
5304 18
5305 17
5306 17
5307 17
5308 17
5309 17
5310 17
5311 17
5312 17
5313 17
5314 17
5315 17
5316 17
5317 17
5318 17
5319 17
5320 17
5321 17
5322 17
5323 17
5324 17
5325 18
5326 18
5327 18
5328 18
5329 17
5330 17
5331 17
5332 17
5333 17
5334 17
5335 17
5336 17
5337 18
5338 18
5339 17
5340 17
5341 17
5342 17
5343 17
5344 17
5345 17
5346 17
5347 17
5348 17
5349 17
5350 17
5351 17
5352 17
5353 17
5354 17
5355 17
5356 18
5357 17
5358 17
5359 17
5360 17
5361 17
5362 17
5363 18
5364 18
5365 18
5366 18
5367 18
5368 18
5369 18
5370 18
5371 16
5372 17
5373 18
5374 18
5375 18
5376 17
5377 17
5378 18
5379 18
5380 17
5381 17
5382 17
5383 18
5384 18
5385 17
5386 17
5387 17
5388 17
5389 18
5390 18
5391 18
5392 18
5393 17
5394 18
5395 17
5396 17
5397 17
5398 17
5399 17
5400 17
5401 17
5402 17
5403 18
5404 17
5405 17
5406 18
5407 18
5408 17
5409 18
5410 17
5411 18
5412 18
5413 17
5414 17
5415 17
5416 18
5417 18
5418 17
5419 17
5420 17
5421 17
5422 17
5423 17
5424 17
5425 17
5426 17
5427 17
5428 17
5429 18
5430 18
5431 23
5432 17
5433 18
5434 18
5435 18
5436 18
5437 18
5438 18
5439 17
5440 17
5441 18
5442 18
5443 17
5444 17
5445 17
5446 17
5447 18
5448 17
5449 17
5450 17
5451 17
5452 17
5453 18
5454 18
5455 17
5456 17
5457 17
5458 17
5459 17
5460 17
5461 18
5462 18
5463 17
5464 17
5465 17
5466 17
5467 17
5468 17
5469 17
5470 17
5471 17
5472 17
5473 17
5474 17
5475 17
5476 17
5477 18
5478 18
5479 18
5480 17
5481 17
5482 17
5483 17
5484 18
5485 18
5486 17
5487 17
5488 17
5489 17
5490 17
5491 17
5492 17
5493 17
5494 17
5495 17
5496 17
5497 17
5498 17
5499 18
5500 18
5501 18
5502 17
5503 17
5504 17
5505 17
5506 17
5507 17
5508 17
5509 17
5510 18
5511 18
5512 18
5513 17
5514 18
5515 18
5516 18
5517 17
5518 18
5519 17
5520 17
5521 18
5522 17
5523 18
5524 18
5525 17
5526 18
5527 18
5528 18
5529 18
5530 18
5531 18
5532 17
5533 17
5534 17
5535 17
5536 17
5537 17
5538 17
5539 17
5540 17
5541 18
5542 18
5543 18
5544 18
5545 17
5546 17
5547 17
5548 17
5549 17
5550 17
5551 17
5552 19
5553 18
5554 18
5555 18
5556 18
5557 17
5558 17
5559 17
5560 17
5561 17
5562 17
5563 17
5564 17
5565 17
5566 17
5567 18
5568 17
5569 17
5570 17
5571 17
5572 17
5573 17
5574 17
5575 17
5576 17
5577 17
5578 17
5579 17
5580 17
5581 18
5582 17
5583 17
5584 17
5585 17
5586 17
5587 17
5588 18
5589 17
5590 17
5591 17
5592 17
5593 17
5594 17
5595 17
5596 17
5597 18
5598 18
5599 18
5600 17
5601 17
5602 17
5603 17
5604 17
5605 17
5606 17
5607 17
5608 17
5609 17
5610 18
5611 18
5612 30
5613 19
5614 18
5615 18
5616 18
5617 17
5618 18
5619 17
5620 18
5621 18
5622 18
5623 17
5624 18
5625 17
5626 17
5627 17
5628 17
5629 17
5630 18
5631 18
5632 17
5633 17
5634 17
5635 17
5636 17
5637 17
5638 17
5639 18
5640 18
5641 17
5642 17
5643 17
5644 18
5645 17
5646 17
5647 17
5648 17
5649 17
5650 17
5651 17
5652 19
5653 17
5654 18
5655 17
5656 18
5657 17
5658 17
5659 17
5660 17
5661 17
5662 17
5663 17
5664 17
5665 17
5666 17
5667 17
5668 17
5669 17
5670 17
5671 17
5672 17
5673 17
5674 17
5675 17
5676 17
5677 17
5678 17
5679 17
5680 17
5681 17
5682 18
5683 18
5684 17
5685 18
5686 17
5687 17
5688 17
5689 17
5690 17
5691 17
5692 17
5693 17
5694 17
5695 17
5696 17
5697 17
5698 17
5699 17
5700 19
5701 17
5702 17
5703 17
5704 17
5705 18
5706 18
5707 17
5708 17
5709 17
5710 17
5711 17
5712 17
5713 17
5714 17
5715 17
5716 18
5717 17
5718 17
5719 17
5720 18
5721 18
5722 18
5723 18
5724 18
5725 18
5726 18
5727 17
5728 17
5729 17
5730 17
5731 17
5732 17
5733 17
5734 18
5735 17
5736 17
5737 17
5738 17
5739 17
5740 17
5741 17
5742 17
5743 17
5744 17
5745 17
5746 17
5747 17
5748 17
5749 17
5750 17
5751 18
5752 16
5753 17
5754 17
5755 17
5756 17
5757 17
5758 17
5759 17
5760 17
5761 17
5762 17
5763 18
5764 18
5765 17
5766 17
5767 17
5768 17
5769 18
5770 18
5771 18
5772 18
5773 18
5774 18
5775 17
5776 17
5777 17
5778 17
5779 17
5780 19
5781 17
5782 17
5783 17
5784 17
5785 17
5786 17
5787 17
5788 17
5789 17
5790 17
5791 17
5792 17
5793 17
5794 18
5795 18
5796 17
5797 17
5798 17
5799 17
5800 18
5801 18
5802 17
5803 17
5804 17
5805 17
5806 17
5807 18
5808 18
5809 17
5810 17
5811 17
5812 17
5813 17
5814 18
5815 17
5816 17
5817 17
5818 17
5819 17
5820 17
5821 17
5822 17
5823 18
5824 18
5825 17
5826 17
5827 17
5828 17
5829 17
5830 18
5831 17
5832 17
5833 17
5834 17
5835 17
5836 17
5837 17
5838 17
5839 18
5840 18
5841 18
5842 17
5843 17
5844 20
5845 17
5846 17
5847 17
5848 17
5849 18
5850 18
5851 18
5852 17
5853 17
5854 17
5855 17
5856 17
5857 17
5858 17
5859 17
5860 18
5861 18
5862 17
5863 17
5864 17
5865 17
5866 17
5867 17
5868 17
5869 17
5870 17
5871 17
5872 17
5873 17
5874 17
5875 17
5876 18
5877 17
5878 17
5879 17
5880 17
5881 17
5882 17
5883 17
5884 17
5885 17
5886 17
5887 17
5888 17
5889 17
5890 17
5891 17
5892 17
5893 17
5894 17
5895 17
5896 17
5897 17
5898 18
5899 18
5900 17
5901 18
5902 17
5903 17
5904 17
5905 17
5906 18
5907 17
5908 19
5909 17
5910 17
5911 17
5912 18
5913 17
5914 17
5915 18
5916 17
5917 17
5918 18
5919 17
5920 17
5921 17
5922 17
5923 17
5924 17
5925 17
5926 17
5927 17
5928 17
5929 17
5930 17
5931 18
5932 17
5933 17
5934 17
5935 17
5936 17
5937 17
5938 17
5939 17
5940 17
5941 17
5942 17
5943 17
5944 17
5945 17
5946 17
5947 17
5948 17
5949 17
5950 17
5951 17
5952 17
5953 17
5954 17
5955 17
5956 17
5957 17
5958 17
5959 17
5960 17
5961 17
5962 17
5963 16
5964 18
5965 17
5966 17
5967 17
5968 17
5969 17
5970 17
5971 17
5972 19
5973 17
5974 17
5975 29
5976 17
5977 18
5978 18
5979 18
5980 17
5981 17
5982 17
5983 17
5984 18
5985 17
5986 17
5987 17
5988 17
5989 17
5990 17
5991 17
5992 17
5993 17
5994 16
5995 17
5996 17
5997 17
5998 17
5999 17
6000 17
6001 17
6002 17
6003 17
6004 17
6005 17
6006 17
6007 17
6008 17
6009 17
6010 17
6011 17
6012 17
6013 17
6014 17
6015 17
6016 18
6017 17
6018 17
6019 17
6020 17
6021 17
6022 17
6023 17
6024 16
6025 17
6026 17
6027 17
6028 17
6029 17
6030 17
6031 18
6032 18
6033 18
6034 17
6035 18
6036 20
6037 18
6038 18
6039 18
6040 18
6041 17
6042 17
6043 17
6044 17
6045 17
6046 17
6047 17
6048 17
6049 17
6050 17
6051 17
6052 18
6053 17
6054 17
6055 17
6056 17
6057 17
6058 17
6059 17
6060 18
6061 17
6062 17
6063 18
6064 18
6065 18
6066 17
6067 17
6068 17
6069 17
6070 17
6071 17
6072 17
6073 17
6074 17
6075 17
6076 18
6077 17
6078 17
6079 17
6080 17
6081 17
6082 17
6083 17
6084 17
6085 17
6086 17
6087 17
6088 17
6089 17
6090 18
6091 17
6092 17
6093 17
6094 17
6095 17
6096 17
6097 18
6098 16
6099 17
6100 19
6101 17
6102 17
6103 17
6104 17
6105 17
6106 17
6107 17
6108 17
6109 17
6110 17
6111 17
6112 17
6113 17
6114 17
6115 17
6116 17
6117 17
6118 17
6119 17
6120 17
6121 17
6122 17
6123 17
6124 17
6125 17
6126 17
6127 18
6128 18
6129 18
6130 18
6131 17
6132 17
6133 17
6134 17
6135 17
6136 17
6137 17
6138 17
6139 17
6140 17
6141 17
6142 17
6143 17
6144 18
6145 17
6146 17
6147 17
6148 17
6149 18
6150 17
6151 17
6152 17
6153 17
6154 17
6155 17
6156 17
6157 249
6158 19
6159 18
6160 18
6161 17
6162 17
6163 17
6164 18
6165 17
6166 17
6167 17
6168 17
6169 17
6170 18
6171 17
6172 17
6173 17
6174 18
6175 18
6176 17
6177 17
6178 18
6179 18
6180 17
6181 18
6182 18
6183 18
6184 17
6185 17
6186 17
6187 18
6188 18
6189 17
6190 17
6191 17
6192 17
6193 17
6194 17
6195 17
6196 18
6197 18
6198 17
6199 17
6200 17
6201 17
6202 17
6203 17
6204 17
6205 17
6206 17
6207 17
6208 17
6209 17
6210 18
6211 18
6212 18
6213 17
6214 17
6215 17
6216 17
6217 17
6218 17
6219 17
6220 17
6221 17
6222 17
6223 17
6224 17
6225 17
6226 17
6227 18
6228 17
6229 17
6230 17
6231 17
6232 17
6233 17
6234 17
6235 17
6236 18
6237 17
6238 17
6239 17
6240 17
6241 17
6242 17
6243 17
6244 17
6245 18
6246 17
6247 17
6248 17
6249 17
6250 17
6251 17
6252 17
6253 17
6254 17
6255 17
6256 17
6257 17
6258 17
6259 17
6260 17
6261 17
6262 17
6263 17
6264 17
6265 17
6266 17
6267 17
6268 17
6269 17
6270 17
6271 17
6272 17
6273 17
6274 17
6275 17
6276 17
6277 17
6278 18
6279 18
6280 17
6281 17
6282 17
6283 17
6284 17
6285 17
6286 17
6287 17
6288 17
6289 17
6290 17
6291 17
6292 17
6293 17
6294 17
6295 17
6296 17
6297 17
6298 17
6299 18
6300 17
6301 17
6302 17
6303 18
6304 18
6305 18
6306 17
6307 17
6308 17
6309 17
6310 17
6311 17
6312 17
6313 17
6314 18
6315 18
6316 18
6317 17
6318 17
6319 18
6320 17
6321 17
6322 17
6323 17
6324 17
6325 18
6326 17
6327 17
6328 18
6329 17
6330 17
6331 18
6332 17
6333 17
6334 17
6335 17
6336 17
6337 17
6338 17
6339 18
6340 18
6341 18
6342 18
6343 18
6344 17
6345 17
6346 17
6347 17
6348 18
6349 17
6350 17
6351 17
6352 17
6353 17
6354 17
6355 17
6356 17
6357 17
6358 17
6359 17
6360 17
6361 17
6362 17
6363 18
6364 18
6365 17
6366 17
6367 17
6368 17
6369 17
6370 17
6371 17
6372 17
6373 17
6374 17
6375 17
6376 17
6377 17
6378 18
6379 18
6380 17
6381 17
6382 17
6383 17
6384 17
6385 17
6386 17
6387 17
6388 17
6389 17
6390 17
6391 18
6392 18
6393 18
6394 18
6395 18
6396 18
6397 17
6398 17
6399 17
6400 17
6401 17
6402 17
6403 17
6404 17
6405 17
6406 17
6407 17
6408 17
6409 17
6410 17
6411 17
6412 17
6413 17
6414 17
6415 17
6416 17
6417 17
6418 17
6419 17
6420 18
6421 18
6422 17
6423 18
6424 18
6425 17
6426 18
6427 18
6428 17
6429 18
6430 18
6431 17
6432 17
6433 17
6434 17
6435 17
6436 17
6437 17
6438 17
6439 17
6440 17
6441 17
6442 17
6443 17
6444 18
6445 17
6446 17
6447 17
6448 17
6449 19
6450 17
6451 17
6452 17
6453 17
6454 17
6455 17
6456 17
6457 17
6458 17
6459 17
6460 17
6461 17
6462 17
6463 17
6464 17
6465 17
6466 17
6467 18
6468 17
6469 17
6470 17
6471 17
6472 17
6473 17
6474 18
6475 17
6476 17
6477 17
6478 17
6479 17
6480 17
6481 17
6482 17
6483 17
6484 17
6485 17
6486 17
6487 17
6488 17
6489 17
6490 17
6491 17
6492 17
6493 17
6494 17
6495 17
6496 18
6497 18
6498 18
6499 18
6500 17
6501 17
6502 17
6503 18
6504 18
6505 17
6506 17
6507 17
6508 17
6509 22
6510 17
6511 17
6512 17
6513 17
6514 17
6515 17
6516 18
6517 17
6518 19
6519 18
6520 17
6521 17
6522 17
6523 17
6524 18
6525 17
6526 17
6527 17
6528 18
6529 18
6530 17
6531 18
6532 17
6533 18
6534 18
6535 17
6536 17
6537 17
6538 17
6539 17
6540 17
6541 17
6542 17
6543 17
6544 17
6545 17
6546 17
6547 18
6548 17
6549 17
6550 17
6551 17
6552 17
6553 17
6554 17
6555 17
6556 17
6557 17
6558 17
6559 17
6560 17
6561 17
6562 17
6563 17
6564 17
6565 17
6566 17
6567 17
6568 17
6569 17
6570 17
6571 17
6572 17
6573 17
6574 17
6575 17
6576 17
6577 17
6578 17
6579 18
6580 17
6581 17
6582 19
6583 17
6584 17
6585 17
6586 17
6587 17
6588 17
6589 17
6590 17
6591 17
6592 17
6593 17
6594 17
6595 17
6596 17
6597 17
6598 17
6599 17
6600 17
6601 17
6602 17
6603 17
6604 17
6605 17
6606 17
6607 17
6608 17
6609 17
6610 17
6611 17
6612 17
6613 18
6614 17
6615 17
6616 17
6617 18
6618 17
6619 17
6620 17
6621 17
6622 17
6623 17
6624 17
6625 17
6626 17
6627 17
6628 17
6629 17
6630 17
6631 18
6632 17
6633 17
6634 17
6635 17
6636 17
6637 17
6638 17
6639 17
6640 17
6641 17
6642 17
6643 17
6644 17
6645 17
6646 19
6647 17
6648 17
6649 17
6650 17
6651 17
6652 17
6653 -999983
6654 17
6655 17
6656 17
6657 17
6658 17
6659 17
6660 17
6661 17
6662 17
6663 17
6664 17
6665 17
6666 17
6667 18
6668 17
6669 17
6670 17
6671 17
6672 17
6673 17
6674 17
6675 17
6676 17
6677 17
6678 17
6679 17
6680 17
6681 17
6682 18
6683 17
6684 17
6685 18
6686 17
6687 17
6688 17
6689 17
6690 17
6691 25
6692 17
6693 17
6694 17
6695 17
6696 17
6697 18
6698 18
6699 17
6700 17
6701 17
6702 17
6703 17
6704 17
6705 17
6706 18
6707 18
6708 17
6709 17
6710 19
6711 17
6712 18
6713 18
6714 17
6715 17
6716 18
6717 17
6718 17
6719 17
6720 17
6721 18
6722 17
6723 17
6724 17
6725 17
6726 17
6727 17
6728 17
6729 17
6730 17
6731 17
6732 17
6733 17
6734 17
6735 17
6736 17
6737 17
6738 18
6739 18
6740 18
6741 17
6742 17
6743 17
6744 17
6745 17
6746 17
6747 17
6748 17
6749 17
6750 17
6751 17
6752 17
6753 17
6754 17
6755 17
6756 17
6757 17
6758 17
6759 17
6760 17
6761 17
6762 17
6763 17
6764 17
6765 17
6766 17
6767 17
6768 17
6769 17
6770 17
6771 18
6772 18
6773 17
6774 19
6775 17
6776 17
6777 17
6778 17
6779 18
6780 17
6781 17
6782 17
6783 16
6784 17
6785 17
6786 17
6787 18
6788 17
6789 17
6790 17
6791 17
6792 17
6793 17
6794 16
6795 17
6796 17
6797 17
6798 17
6799 16
6800 17
6801 17
6802 17
6803 17
6804 17
6805 17
6806 17
6807 17
6808 17
6809 17
6810 18
6811 18
6812 17
6813 17
6814 17
6815 17
6816 17
6817 17
6818 17
6819 18
6820 18
6821 17
6822 18
6823 17
6824 17
6825 17
6826 17
6827 17
6828 17
6829 17
6830 17
6831 17
6832 17
6833 17
6834 17
6835 17
6836 17
6837 17
6838 19
6839 18
6840 18
6841 18
6842 18
6843 17
6844 17
6845 17
6846 17
6847 17
6848 17
6849 17
6850 17
6851 17
6852 17
6853 17
6854 17
6855 17
6856 17
6857 17
6858 17
6859 17
6860 17
6861 17
6862 17
6863 17
6864 17
6865 17
6866 18
6867 17
6868 17
6869 17
6870 18
6871 17
6872 17
6873 21
6874 18
6875 17
6876 17
6877 17
6878 17
6879 17
6880 17
6881 17
6882 17
6883 17
6884 17
6885 17
6886 17
6887 17
6888 17
6889 16
6890 17
6891 17
6892 17
6893 17
6894 17
6895 17
6896 17
6897 17
6898 17
6899 17
6900 17
6901 17
6902 18
6903 17
6904 17
6905 17
6906 17
6907 17
6908 17
6909 18
6910 17
6911 17
6912 17
6913 17
6914 17
6915 17
6916 17
6917 18
6918 17
6919 17
6920 17
6921 17
6922 17
6923 17
6924 17
6925 17
6926 17
6927 17
6928 17
6929 17
6930 17
6931 17
6932 17
6933 18
6934 18
6935 17
6936 17
6937 17
6938 17
6939 16
6940 17
6941 17
6942 17
6943 17
6944 17
6945 17
6946 17
6947 17
6948 17
6949 17
6950 17
6951 16
6952 17
6953 17
6954 17
6955 17
6956 17
6957 17
6958 17
6959 17
6960 17
6961 17
6962 17
6963 18
6964 17
6965 17
6966 20
6967 16
6968 18
6969 17
6970 17
6971 17
6972 17
6973 17
6974 17
6975 18
6976 18
6977 18
6978 17
6979 17
6980 17
6981 17
6982 18
6983 17
6984 17
6985 17
6986 17
6987 17
6988 17
6989 17
6990 17
6991 17
6992 17
6993 18
6994 17
6995 17
6996 17
6997 17
6998 18
6999 17
7000 17
7001 18
7002 18
7003 17
7004 17
7005 17
7006 17
7007 18
7008 17
7009 17
7010 17
7011 17
7012 17
7013 17
7014 17
7015 17
7016 17
7017 17
7018 17
7019 17
7020 16
7021 17
7022 17
7023 17
7024 17
7025 18
7026 17
7027 17
7028 17
7029 17
7030 19
7031 17
7032 17
7033 18
7034 17
7035 17
7036 17
7037 17
7038 17
7039 17
7040 17
7041 17
7042 17
7043 17
7044 17
7045 17
7046 17
7047 18
7048 18
7049 17
7050 17
7051 17
7052 17
7053 17
7054 17
7055 17
7056 25
7057 17
7058 17
7059 17
7060 17
7061 17
7062 17
7063 17
7064 17
7065 17
7066 17
7067 17
7068 17
7069 17
7070 17
7071 17
7072 17
7073 17
7074 17
7075 17
7076 17
7077 17
7078 18
7079 18
7080 17
7081 17
7082 17
7083 17
7084 17
7085 17
7086 17
7087 16
7088 17
7089 17
7090 17
7091 17
7092 18
7093 17
7094 19
7095 17
7096 17
7097 18
7098 17
7099 17
7100 17
7101 17
7102 17
7103 17
7104 17
7105 17
7106 17
7107 17
7108 17
7109 17
7110 18
7111 17
7112 17
7113 17
7114 17
7115 18
7116 17
7117 17
7118 17
7119 17
7120 17
7121 17
7122 17
7123 17
7124 17
7125 17
7126 17
7127 18
7128 18
7129 17
7130 17
7131 17
7132 17
7133 17
7134 17
7135 17
7136 18
7137 17
7138 17
7139 17
7140 17
7141 17
7142 17
7143 17
7144 17
7145 17
7146 17
7147 17
7148 18
7149 17
7150 17
7151 17
7152 17
7153 17
7154 17
7155 17
7156 17
7157 17
7158 19
7159 17
7160 17
7161 17
7162 17
7163 17
7164 17
7165 17
7166 17
7167 18
7168 17
7169 17
7170 17
7171 17
7172 17
7173 17
7174 17
7175 17
7176 17
7177 17
7178 17
7179 17
7180 17
7181 17
7182 17
7183 17
7184 17
7185 17
7186 17
7187 17
7188 17
7189 17
7190 17
7191 17
7192 17
7193 17
7194 17
7195 18
7196 18
7197 17
7198 17
7199 18
7200 16
7201 18
7202 18
7203 18
7204 18
7205 17
7206 17
7207 17
7208 17
7209 17
7210 17
7211 17
7212 17
7213 17
7214 17
7215 17
7216 17
7217 17
7218 17
7219 17
7220 17
7221 17
7222 19
7223 17
7224 17
7225 17
7226 17
7227 16
7228 17
7229 17
7230 17
7231 17
7232 17
7233 17
7234 17
7235 17
7236 18
7237 17
7238 25
7239 18
7240 17
7241 17
7242 17
7243 17
7244 17
7245 17
7246 17
7247 17
7248 17
7249 17
7250 18
7251 17
7252 17
7253 17
7254 17
7255 17
7256 17
7257 17
7258 17
7259 17
7260 17
7261 17
7262 17
7263 17
7264 17
7265 17
7266 17
7267 18
7268 17
7269 17
7270 17
7271 17
7272 17
7273 17
7274 17
7275 17
7276 17
7277 18
7278 17
7279 17
7280 17
7281 17
7282 16
7283 17
7284 18
7285 17
7286 19
7287 17
7288 17
7289 17
7290 17
7291 18
7292 17
7293 17
7294 17
7295 17
7296 17
7297 17
7298 17
7299 17
7300 17
7301 17
7302 18
7303 17
7304 17
7305 17
7306 17
7307 17
7308 17
7309 17
7310 17
7311 17
7312 17
7313 17
7314 17
7315 17
7316 17
7317 17
7318 17
7319 18
7320 17
7321 17
7322 17
7323 17
7324 17
7325 17
7326 17
7327 17
7328 17
7329 18
7330 17
7331 17
7332 17
7333 17
7334 17
7335 17
7336 17
7337 17
7338 17
7339 17
7340 17
7341 17
7342 17
7343 17
7344 17
7345 17
7346 17
7347 17
7348 17
7349 17
7350 19
7351 17
7352 17
7353 17
7354 17
7355 17
7356 17
7357 17
7358 17
7359 17
7360 17
7361 17
7362 17
7363 17
7364 18
7365 18
7366 17
7367 17
7368 17
7369 17
7370 17
7371 17
7372 17
7373 17
7374 17
7375 17
7376 17
7377 17
7378 17
7379 17
7380 17
7381 17
7382 17
7383 17
7384 17
7385 17
7386 17
7387 17
7388 17
7389 17
7390 17
7391 17
7392 17
7393 17
7394 18
7395 17
7396 17
7397 17
7398 18
7399 18
7400 17
7401 18
7402 17
7403 17
7404 17
7405 17
7406 17
7407 17
7408 17
7409 17
7410 17
7411 17
7412 17
7413 17
7414 19
7415 17
7416 17
7417 17
7418 17
7419 17
7420 21
7421 18
7422 18
7423 17
7424 17
7425 17
7426 17
7427 17
7428 18
7429 17
7430 17
7431 17
7432 17
7433 17
7434 18
7435 18
7436 18
7437 18
7438 17
7439 17
7440 17
7441 17
7442 17
7443 17
7444 17
7445 17
7446 17
7447 18
7448 17
7449 17
7450 17
7451 17
7452 16
7453 18
7454 17
7455 17
7456 17
7457 17
7458 17
7459 17
7460 17
7461 17
7462 17
7463 17
7464 17
7465 17
7466 17
7467 17
7468 17
7469 17
7470 17
7471 18
7472 17
7473 17
7474 17
7475 17
7476 17
7477 17
7478 19
7479 17
7480 17
7481 18
7482 17
7483 17
7484 17
7485 17
7486 17
7487 18
7488 17
7489 17
7490 17
7491 17
7492 18
7493 17
7494 17
7495 17
7496 18
7497 18
7498 18
7499 17
7500 18
7501 17
7502 18
7503 17
7504 17
7505 17
7506 17
7507 18
7508 17
7509 17
7510 17
7511 17
7512 17
7513 17
7514 17
7515 17
7516 17
7517 17
7518 17
7519 17
7520 17
7521 17
7522 17
7523 17
7524 17
7525 16
7526 17
7527 18
7528 17
7529 17
7530 17
7531 17
7532 17
7533 17
7534 17
7535 17
7536 17
7537 18
7538 18
7539 18
7540 17
7541 17
7542 19
7543 17
7544 17
7545 17
7546 17
7547 17
7548 17
7549 17
7550 17
7551 17
7552 17
7553 17
7554 17
7555 17
7556 17
7557 17
7558 17
7559 16
7560 17
7561 17
7562 17
7563 17
7564 17
7565 17
7566 17
7567 17
7568 17
7569 17
7570 17
7571 17
7572 17
7573 17
7574 17
7575 17
7576 18
7577 17
7578 17
7579 17
7580 17
7581 17
7582 18
7583 17
7584 17
7585 17
7586 16
7587 17
7588 17
7589 17
7590 17
7591 17
7592 17
7593 17
7594 17
7595 17
7596 17
7597 18
7598 17
7599 17
7600 17
7601 17
7602 34
7603 25
7604 17
7605 17
7606 17
7607 17
7608 17
7609 17
7610 18
7611 17
7612 17
7613 17
7614 18
7615 17
7616 18
7617 18
7618 17
7619 17
7620 17
7621 17
7622 17
7623 17
7624 17
7625 17
7626 17
7627 17
7628 17
7629 18
7630 17
7631 17
7632 18
7633 17
7634 17
7635 17
7636 17
7637 17
7638 17
7639 17
7640 17
7641 18
7642 17
7643 17
7644 17
7645 17
7646 17
7647 17
7648 17
7649 17
7650 17
7651 17
7652 17
7653 17
7654 18
7655 18
7656 18
7657 18
7658 18
7659 18
7660 17
7661 18
7662 17
7663 17
7664 17
7665 17
7666 17
7667 18
7668 17
7669 17
7670 17
7671 17
7672 17
7673 17
7674 17
7675 17
7676 17
7677 17
7678 17
7679 17
7680 17
7681 17
7682 17
7683 17
7684 17
7685 17
7686 17
7687 17
7688 17
7689 18
7690 17
7691 17
7692 17
7693 17
7694 17
7695 17
7696 17
7697 17
7698 17
7699 18
7700 17
7701 18
7702 18
7703 17
7704 17
7705 17
7706 17
7707 17
7708 17
7709 17
7710 18
7711 18
7712 17
7713 18
7714 17
7715 17
7716 17
7717 18
7718 18
7719 18
7720 17
7721 18
7722 17
7723 17
7724 17
7725 17
7726 18
7727 18
7728 17
7729 17
7730 18
7731 18
7732 18
7733 17
7734 17
7735 17
7736 17
7737 17
7738 17
7739 17
7740 17
7741 17
7742 17
7743 17
7744 18
7745 17
7746 17
7747 17
7748 17
7749 17
7750 17
7751 17
7752 17
7753 17
7754 17
7755 17
7756 17
7757 17
7758 17
7759 17
7760 16
7761 17
7762 17
7763 17
7764 17
7765 17
7766 17
7767 17
7768 17
7769 17
7770 17
7771 17
7772 18
7773 17
7774 31
7775 17
7776 17
7777 17
7778 17
7779 17
7780 17
7781 17
7782 17
7783 17
7784 17
7785 17
7786 17
7787 17
7788 17
7789 17
7790 17
7791 17
7792 17
7793 17
7794 17
7795 17
7796 17
7797 17
7798 17
7799 17
7800 17
7801 17
7802 17
7803 17
7804 17
7805 17
7806 17
7807 18
7808 18
7809 18
7810 18
7811 17
7812 17
7813 17
7814 17
7815 17
7816 17
7817 18
7818 17
7819 17
7820 17
7821 17
7822 17
7823 17
7824 17
7825 17
7826 17
7827 17
7828 17
7829 17
7830 17
7831 17
7832 17
7833 17
7834 17
7835 17
7836 18
7837 17
7838 18
7839 18
7840 18
7841 16
7842 17
7843 18
7844 18
7845 17
7846 17
7847 17
7848 17
7849 17
7850 17
7851 17
7852 17
7853 17
7854 17
7855 17
7856 17
7857 17
7858 17
7859 17
7860 17
7861 17
7862 17
7863 17
7864 17
7865 17
7866 17
7867 17
7868 17
7869 17
7870 18
7871 18
7872 17
7873 17
7874 17
7875 17
7876 17
7877 17
7878 18
7879 17
7880 18
7881 18
7882 17
7883 18
7884 18
7885 17
7886 18
7887 17
7888 18
7889 18
7890 18
7891 17
7892 18
7893 18
7894 17
7895 17
7896 18
7897 17
7898 17
7899 17
7900 17
7901 17
7902 17
7903 17
7904 18
7905 17
7906 17
7907 17
7908 17
7909 17
7910 17
7911 17
7912 18
7913 17
7914 17
7915 17
7916 17
7917 17
7918 17
7919 17
7920 17
7921 17
7922 17
7923 17
7924 17
7925 17
7926 17
7927 17
7928 17
7929 17
7930 17
7931 17
7932 17
7933 17
7934 17
7935 17
7936 17
7937 17
7938 18
7939 18
7940 18
7941 17
7942 17
7943 18
7944 17
7945 17
7946 18
7947 17
7948 17
7949 17
7950 17
7951 18
7952 18
7953 18
7954 18
7955 26
7956 17
7957 17
7958 18
7959 18
7960 18
7961 18
7962 17
7963 17
7964 18
7965 18
7966 18
7967 17
7968 17
7969 17
7970 17
7971 18
7972 17
7973 17
7974 17
7975 18
7976 18
7977 18
7978 17
7979 17
7980 17
7981 17
7982 17
7983 17
7984 18
7985 17
7986 17
7987 18
7988 18
7989 18
7990 18
7991 17
7992 17
7993 18
7994 17
7995 17
7996 17
7997 17
7998 17
7999 17
8000 17
8001 17
8002 17
8003 17
8004 17
8005 17
8006 17
8007 17
8008 17
8009 17
8010 17
8011 17
8012 18
8013 17
8014 17
8015 17
8016 17
8017 17
8018 18
8019 18
8020 17
8021 17
8022 17
8023 17
8024 17
8025 17
8026 17
8027 17
8028 18
8029 17
8030 17
8031 18
8032 18
8033 17
8034 18
8035 17
8036 18
8037 17
8038 17
8039 17
8040 17
8041 17
8042 17
8043 18
8044 17
8045 17
8046 18
8047 18
8048 18
8049 18
8050 17
8051 17
8052 17
8053 17
8054 17
8055 17
8056 17
8057 17
8058 17
8059 17
8060 17
8061 17
8062 17
8063 17
8064 17
8065 17
8066 17
8067 17
8068 17
8069 17
8070 17
8071 17
8072 17
8073 17
8074 17
8075 17
8076 17
8077 17
8078 17
8079 18
8080 18
8081 17
8082 17
8083 17
8084 17
8085 17
8086 17
8087 17
8088 17
8089 17
8090 17
8091 17
8092 17
8093 17
8094 17
8095 17
8096 17
8097 17
8098 17
8099 17
8100 17
8101 17
8102 17
8103 18
8104 17
8105 18
8106 18
8107 18
8108 18
8109 17
8110 17
8111 17
8112 17
8113 17
8114 17
8115 17
8116 17
8117 17
8118 17
8119 17
8120 17
8121 17
8122 17
8123 17
8124 17
8125 17
8126 17
8127 17
8128 17
8129 17
8130 17
8131 17
8132 17
8133 17
8134 17
8135 17
8136 17
8137 18
8138 17
8139 17
8140 17
8141 17
8142 17
8143 17
8144 17
8145 17
8146 17
8147 17
8148 17
8149 17
8150 17
8151 17
8152 18
8153 17
8154 18
8155 17
8156 17
8157 17
8158 17
8159 17
8160 17
8161 17
8162 18
8163 17
8164 17
8165 17
8166 17
8167 17
8168 17
8169 17
8170 17
8171 17
8172 17
8173 18
8174 17
8175 17
8176 17
8177 17
8178 18
8179 18
8180 17
8181 17
8182 17
8183 17
8184 17
8185 18
8186 18
8187 17
8188 17
8189 17
8190 17
8191 17
8192 17
8193 17
8194 18
8195 17
8196 17
8197 17
8198 17
8199 18
8200 17
8201 18
8202 18
8203 17
8204 17
8205 17
8206 17
8207 17
8208 17
8209 18
8210 17
8211 17
8212 17
8213 17
8214 17
8215 18
8216 18
8217 17
8218 17
8219 17
8220 17
8221 17
8222 17
8223 17
8224 17
8225 17
8226 17
8227 17
8228 17
8229 17
8230 17
8231 17
8232 17
8233 17
8234 17
8235 18
8236 17
8237 17
8238 17
8239 17
8240 17
8241 17
8242 17
8243 17
8244 17
8245 17
8246 17
8247 17
8248 17
8249 17
8250 18
8251 17
8252 17
8253 17
8254 17
8255 17
8256 17
8257 18
8258 18
8259 18
8260 18
8261 18
8262 17
8263 17
8264 17
8265 17
8266 17
8267 17
8268 17
8269 18
8270 17
8271 17
8272 17
8273 17
8274 17
8275 17
8276 17
8277 17
8278 18
8279 18
8280 17
8281 17
8282 17
8283 17
8284 18
8285 18
8286 18
8287 17
8288 17
8289 18
8290 18
8291 18
8292 17
8293 17
8294 17
8295 17
8296 17
8297 17
8298 17
8299 17
8300 17
8301 17
8302 17
8303 17
8304 17
8305 17
8306 17
8307 17
8308 17
8309 17
8310 17
8311 17
8312 18
8313 17
8314 18
8315 17
8316 18
8317 17
8318 25
8319 18
8320 17
8321 17
8322 17
8323 17
8324 17
8325 17
8326 17
8327 17
8328 17
8329 17
8330 17
8331 17
8332 17
8333 20
8334 18
8335 18
8336 17
8337 17
8338 17
8339 17
8340 17
8341 17
8342 17
8343 17
8344 17
8345 17
8346 17
8347 17
8348 17
8349 17
8350 17
8351 17
8352 18
8353 17
8354 17
8355 17
8356 17
8357 18
8358 18
8359 17
8360 17
8361 17
8362 17
8363 17
8364 17
8365 17
8366 17
8367 17
8368 17
8369 18
8370 17
8371 17
8372 18
8373 17
8374 17
8375 17
8376 17
8377 17
8378 17
8379 17
8380 17
8381 17
8382 17
8383 17
8384 17
8385 17
8386 17
8387 18
8388 18
8389 18
8390 17
8391 17
8392 17
8393 17
8394 17
8395 17
8396 17
8397 17
8398 17
8399 17
8400 17
8401 17
8402 18
8403 17
8404 18
8405 18
8406 17
8407 17
8408 17
8409 17
8410 17
8411 17
8412 18
8413 17
8414 18
8415 18
8416 18
8417 17
8418 17
8419 17
8420 17
8421 17
8422 17
8423 18
8424 18
8425 17
8426 17
8427 17
8428 17
8429 17
8430 17
8431 17
8432 17
8433 17
8434 17
8435 18
8436 17
8437 17
8438 17
8439 17
8440 17
8441 17
8442 17
8443 17
8444 17
8445 17
8446 17
8447 17
8448 17
8449 17
8450 17
8451 17
8452 17
8453 17
8454 18
8455 17
8456 17
8457 17
8458 17
8459 17
8460 17
8461 18
8462 18
8463 17
8464 18
8465 18
8466 17
8467 17
8468 17
8469 17
8470 17
8471 17
8472 17
8473 18
8474 18
8475 17
8476 18
8477 17
8478 17
8479 17
8480 17
8481 17
8482 17
8483 18
8484 17
8485 16
8486 17
8487 17
8488 17
8489 17
8490 17
8491 17
8492 17
8493 17
8494 18
8495 17
8496 17
8497 17
8498 17
8499 18
8500 25
8501 18
8502 18
8503 18
8504 17
8505 17
8506 17
8507 17
8508 17
8509 17
8510 17
8511 17
8512 17
8513 17
8514 18
8515 17
8516 17
8517 17
8518 17
8519 17
8520 18
8521 17
8522 17
8523 17
8524 17
8525 18
8526 17
8527 18
8528 18
8529 17
8530 18
8531 17
8532 17
8533 17
8534 17
8535 17
8536 17
8537 17
8538 17
8539 17
8540 17
8541 17
8542 17
8543 18
8544 17
8545 17
8546 17
8547 17
8548 17
8549 17
8550 17
8551 17
8552 17
8553 17
8554 17
8555 17
8556 17
8557 17
8558 17
8559 17
8560 17
8561 17
8562 17
8563 18
8564 17
8565 17
8566 18
8567 17
8568 17
8569 18
8570 18
8571 18
8572 18
8573 18
8574 18
8575 17
8576 17
8577 18
8578 18
8579 17
8580 17
8581 17
8582 17
8583 17
8584 17
8585 17
8586 17
8587 17
8588 17
8589 17
8590 17
8591 17
8592 17
8593 17
8594 17
8595 17
8596 17
8597 17
8598 20
8599 17
8600 17
8601 17
8602 17
8603 17
8604 17
8605 17
8606 17
8607 17
8608 17
8609 17
8610 17
8611 17
8612 16
8613 17
8614 17
8615 17
8616 17
8617 17
8618 17
8619 17
8620 17
8621 17
8622 17
8623 17
8624 17
8625 17
8626 17
8627 17
8628 17
8629 17
8630 17
8631 17
8632 17
8633 17
8634 17
8635 17
8636 17
8637 17
8638 17
8639 17
8640 17
8641 17
8642 17
8643 17
8644 17
8645 18
8646 17
8647 18
8648 18
8649 17
8650 17
8651 17
8652 17
8653 17
8654 17
8655 17
8656 17
8657 17
8658 17
8659 17
8660 17
8661 17
8662 20
8663 17
8664 17
8665 18
8666 18
8667 17
8668 17
8669 17
8670 17
8671 17
8672 17
8673 17
8674 17
8675 17
8676 17
8677 17
8678 17
8679 18
8680 18
8681 21
8682 17
8683 17
8684 17
8685 17
8686 17
8687 17
8688 18
8689 17
8690 17
8691 17
8692 17
8693 17
8694 18
8695 17
8696 18
8697 18
8698 17
8699 17
8700 17
8701 17
8702 17
8703 17
8704 17
8705 17
8706 17
8707 17
8708 17
8709 17
8710 17
8711 17
8712 17
8713 17
8714 17
8715 17
8716 17
8717 17
8718 17
8719 17
8720 17
8721 17
8722 17
8723 17
8724 17
8725 17
8726 19
8727 18
8728 18
8729 17
8730 17
8731 17
8732 17
8733 17
8734 17
8735 17
8736 17
8737 17
8738 17
8739 18
8740 17
8741 17
8742 17
8743 17
8744 18
8745 17
8746 18
8747 17
8748 17
8749 17
8750 17
8751 18
8752 18
8753 18
8754 18
8755 17
8756 17
8757 17
8758 18
8759 17
8760 18
8761 17
8762 18
8763 18
8764 17
8765 17
8766 17
8767 18
8768 18
8769 18
8770 18
8771 17
8772 18
8773 18
8774 17
8775 17
8776 17
8777 18
8778 17
8779 17
8780 17
8781 17
8782 17
8783 18
8784 18
8785 18
8786 17
8787 17
8788 17
8789 17
8790 19
8791 17
8792 17
8793 18
8794 18
8795 18
8796 17
8797 18
8798 17
8799 17
8800 17
8801 17
8802 17
8803 17
8804 17
8805 17
8806 17
8807 17
8808 17
8809 17
8810 17
8811 17
8812 17
8813 17
8814 17
8815 17
8816 17
8817 17
8818 17
8819 17
8820 17
8821 17
8822 17
8823 17
8824 17
8825 17
8826 17
8827 17
8828 17
8829 17
8830 17
8831 17
8832 17
8833 17
8834 17
8835 17
8836 17
8837 17
8838 17
8839 17
8840 17
8841 17
8842 17
8843 17
8844 17
8845 17
8846 17
8847 17
8848 17
8849 17
8850 17
8851 17
8852 17
8853 17
8854 18
8855 18
8856 18
8857 17
8858 18
8859 18
8860 17
8861 17
8862 17
8863 32
8864 18
8865 17
8866 17
8867 17
8868 17
8869 17
8870 18
8871 18
8872 17
8873 17
8874 18
8875 17
8876 18
8877 17
8878 17
8879 17
8880 17
8881 16
8882 17
8883 17
8884 17
8885 16
8886 18
8887 17
8888 17
8889 17
8890 17
8891 17
8892 17
8893 17
8894 17
8895 17
8896 18
8897 17
8898 17
8899 17
8900 17
8901 16
8902 18
8903 17
8904 17
8905 18
8906 18
8907 17
8908 17
8909 17
8910 17
8911 17
8912 17
8913 17
8914 17
8915 17
8916 17
8917 17
8918 20
8919 18
8920 18
8921 17
8922 17
8923 17
8924 17
8925 17
8926 17
8927 17
8928 17
8929 17
8930 17
8931 17
8932 18
8933 17
8934 17
8935 17
8936 17
8937 18
8938 18
8939 17
8940 17
8941 17
8942 17
8943 17
8944 18
8945 17
8946 17
8947 17
8948 17
8949 17
8950 17
8951 17
8952 18
8953 17
8954 17
8955 17
8956 17
8957 17
8958 17
8959 17
8960 17
8961 17
8962 17
8963 17
8964 17
8965 17
8966 17
8967 17
8968 17
8969 18
8970 17
8971 17
8972 17
8973 17
8974 17
8975 17
8976 17
8977 16
8978 17
8979 17
8980 17
8981 17
8982 19
8983 17
8984 17
8985 17
8986 17
8987 17
8988 17
8989 17
8990 18
8991 17
8992 17
8993 17
8994 17
8995 17
8996 17
8997 17
8998 17
8999 17
9000 17
9001 17
9002 17
9003 18
9004 17
9005 17
9006 17
9007 17
9008 18
9009 17
9010 17
9011 17
9012 17
9013 16
9014 17
9015 18
9016 17
9017 17
9018 17
9019 17
9020 17
9021 17
9022 17
9023 17
9024 17
9025 17
9026 17
9027 17
9028 17
9029 16
9030 17
9031 17
9032 17
9033 17
9034 18
9035 18
9036 17
9037 17
9038 16
9039 17
9040 17
9041 17
9042 17
9043 18
9044 17
9045 232
9046 22
9047 18
9048 18
9049 18
9050 18
9051 18
9052 18
9053 17
9054 18
9055 17
9056 17
9057 17
9058 17
9059 17
9060 17
9061 17
9062 17
9063 18
9064 18
9065 17
9066 17
9067 18
9068 17
9069 17
9070 17
9071 17
9072 17
9073 17
9074 18
9075 17
9076 17
9077 17
9078 17
9079 17
9080 17
9081 17
9082 17
9083 17
9084 17
9085 17
9086 17
9087 17
9088 18
9089 18
9090 17
9091 17
9092 17
9093 17
9094 17
9095 18
9096 17
9097 17
9098 17
9099 18
9100 18
9101 17
9102 17
9103 17
9104 18
9105 17
9106 18
9107 17
9108 17
9109 18
9110 17
9111 17
9112 17
9113 17
9114 17
9115 18
9116 17
9117 17
9118 18
9119 18
9120 17
9121 17
9122 17
9123 17
9124 17
9125 18
9126 18
9127 18
9128 17
9129 17
9130 17
9131 17
9132 17
9133 17
9134 17
9135 17
9136 17
9137 17
9138 17
9139 17
9140 17
9141 17
9142 17
9143 17
9144 17
9145 17
9146 17
9147 17
9148 17
9149 17
9150 17
9151 18
9152 17
9153 17
9154 17
9155 17
9156 17
9157 17
9158 17
9159 17
9160 17
9161 18
9162 18
9163 17
9164 18
9165 18
9166 18
9167 18
9168 17
9169 17
9170 17
9171 17
9172 17
9173 17
9174 17
9175 17
9176 17
9177 17
9178 17
9179 17
9180 17
9181 17
9182 17
9183 18
9184 17
9185 17
9186 17
9187 18
9188 17
9189 17
9190 17
9191 17
9192 17
9193 17
9194 17
9195 17
9196 17
9197 17
9198 17
9199 17
9200 17
9201 16
9202 18
9203 18
9204 18
9205 18
9206 17
9207 17
9208 17
9209 17
9210 17
9211 17
9212 18
9213 18
9214 18
9215 17
9216 17
9217 17
9218 18
9219 17
9220 18
9221 18
9222 17
9223 17
9224 18
9225 18
9226 18
9227 17
9228 17
9229 17
9230 17
9231 17
9232 17
9233 17
9234 17
9235 17
9236 17
9237 17
9238 17
9239 17
9240 18
9241 18
9242 17
9243 17
9244 18
9245 18
9246 18
9247 18
9248 18
9249 17
9250 17
9251 17
9252 17
9253 17
9254 17
9255 17
9256 17
9257 17
9258 17
9259 17
9260 17
9261 17
9262 17
9263 17
9264 17
9265 17
9266 18
9267 18
9268 18
9269 17
9270 17
9271 17
9272 17
9273 17
9274 17
9275 17
9276 17
9277 17
9278 17
9279 17
9280 17
9281 17
9282 17
9283 18
9284 17
9285 17
9286 17
9287 17
9288 17
9289 17
9290 17
9291 17
9292 17
9293 18
9294 18
9295 18
9296 17
9297 17
9298 17
9299 17
9300 17
9301 17
9302 17
9303 18
9304 17
9305 17
9306 17
9307 17
9308 17
9309 17
9310 17
9311 17
9312 17
9313 17
9314 17
9315 17
9316 17
9317 17
9318 17
9319 18
9320 17
9321 17
9322 17
9323 17
9324 17
9325 17
9326 17
9327 17
9328 17
9329 17
9330 17
9331 17
9332 17
9333 18
9334 17
9335 17
9336 18
9337 17
9338 17
9339 17
9340 17
9341 17
9342 17
9343 17
9344 18
9345 17
9346 17
9347 18
9348 18
9349 18
9350 18
9351 17
9352 17
9353 16
9354 17
9355 18
9356 17
9357 17
9358 17
9359 17
9360 17
9361 18
9362 18
9363 17
9364 18
9365 18
9366 17
9367 18
9368 18
9369 17
9370 17
9371 17
9372 17
9373 17
9374 17
9375 17
9376 17
9377 17
9378 17
9379 17
9380 17
9381 17
9382 17
9383 18
9384 17
9385 17
9386 17
9387 17
9388 17
9389 17
9390 17
9391 17
9392 17
9393 17
9394 17
9395 17
9396 17
9397 18
9398 17
9399 32
9400 19
9401 17
9402 17
9403 17
9404 17
9405 17
9406 17
9407 17
9408 17
9409 17
9410 17
9411 17
9412 18
9413 18
9414 17
9415 17
9416 17
9417 17
9418 17
9419 17
9420 17
9421 17
9422 17
9423 17
9424 17
9425 17
9426 17
9427 18
9428 17
9429 17
9430 17
9431 17
9432 18
9433 18
9434 17
9435 17
9436 17
9437 17
9438 17
9439 17
9440 17
9441 17
9442 17
9443 17
9444 17
9445 17
9446 17
9447 17
9448 17
9449 16
9450 17
9451 17
9452 17
9453 17
9454 17
9455 18
9456 18
9457 17
9458 17
9459 17
9460 17
9461 17
9462 17
9463 17
9464 17
9465 17
9466 18
9467 17
9468 19
9469 17
9470 17
9471 17
9472 20
9473 17
9474 17
9475 17
9476 17
9477 17
9478 17
9479 17
9480 18
9481 17
9482 17
9483 17
9484 17
9485 17
9486 17
9487 17
9488 17
9489 17
9490 17
9491 16
9492 18
9493 17
9494 17
9495 17
9496 17
9497 17
9498 17
9499 18
9500 17
9501 17
9502 17
9503 17
9504 17
9505 17
9506 17
9507 17
9508 17
9509 17
9510 17
9511 18
9512 18
9513 17
9514 17
9515 17
9516 18
9517 17
9518 17
9519 17
9520 17
9521 17
9522 17
9523 17
9524 17
9525 17
9526 17
9527 17
9528 17
9529 17
9530 17
9531 17
9532 18
9533 17
9534 17
9535 17
9536 17
9537 17
9538 17
9539 17
9540 18
9541 17
9542 17
9543 17
9544 16
9545 17
9546 17
9547 17
9548 17
9549 17
9550 17
9551 17
9552 17
9553 17
9554 17
9555 17
9556 17
9557 17
9558 17
9559 17
9560 17
9561 17
9562 17
9563 17
9564 17
9565 17
9566 17
9567 17
9568 17
9569 17
9570 17
9571 17
9572 17
9573 17
9574 18
9575 17
9576 17
9577 17
9578 17
9579 18
9580 17
9581 20
9582 18
9583 17
9584 17
9585 17
9586 17
9587 17
9588 17
9589 17
9590 17
9591 17
9592 16
9593 17
9594 17
9595 17
9596 19
9597 17
9598 17
9599 17
9600 17
9601 17
9602 17
9603 17
9604 17
9605 18
9606 17
9607 17
9608 17
9609 17
9610 17
9611 17
9612 18
9613 17
9614 16
9615 17
9616 17
9617 17
9618 17
9619 17
9620 17
9621 18
9622 18
9623 17
9624 18
9625 18
9626 17
9627 17
9628 17
9629 17
9630 17
9631 17
9632 17
9633 17
9634 17
9635 17
9636 17
9637 17
9638 17
9639 17
9640 16
9641 18
9642 17
9643 17
9644 17
9645 17
9646 17
9647 17
9648 17
9649 17
9650 17
9651 17
9652 17
9653 17
9654 17
9655 17
9656 17
9657 17
9658 18
9659 17
9660 19
9661 17
9662 17
9663 17
9664 17
9665 17
9666 17
9667 17
9668 17
9669 17
9670 17
9671 17
9672 17
9673 17
9674 17
9675 17
9676 17
9677 17
9678 17
9679 17
9680 17
9681 17
9682 17
9683 17
9684 17
9685 17
9686 17
9687 17
9688 17
9689 17
9690 18
9691 18
9692 18
9693 17
9694 17
9695 17
9696 17
9697 17
9698 17
9699 17
9700 17
9701 17
9702 17
9703 17
9704 17
9705 17
9706 18
9707 17
9708 18
9709 17
9710 17
9711 17
9712 17
9713 17
9714 17
9715 17
9716 17
9717 17
9718 17
9719 18
9720 17
9721 17
9722 17
9723 17
9724 19
9725 17
9726 17
9727 17
9728 17
9729 17
9730 17
9731 17
9732 17
9733 17
9734 17
9735 17
9736 17
9737 17
9738 17
9739 18
9740 17
9741 17
9742 17
9743 17
9744 17
9745 17
9746 17
9747 17
9748 17
9749 17
9750 17
9751 18
9752 18
9753 17
9754 17
9755 17
9756 17
9757 17
9758 18
9759 17
9760 17
9761 17
9762 18
9763 17
9764 18
9765 17
9766 17
9767 18
9768 18
9769 18
9770 17
9771 17
9772 17
9773 17
9774 17
9775 17
9776 17
9777 17
9778 17
9779 17
9780 17
9781 18
9782 17
9783 17
9784 17
9785 17
9786 17
9787 17
9788 19
9789 17
9790 17
9791 17
9792 17
9793 17
9794 17
9795 17
9796 17
9797 17
9798 17
9799 17
9800 17
9801 17
9802 17
9803 17
9804 17
9805 17
9806 17
9807 17
9808 17
9809 17
9810 17
9811 17
9812 17
9813 17
9814 17
9815 18
9816 17
9817 17
9818 18
9819 17
9820 17
9821 17
9822 17
9823 17
9824 17
9825 17
9826 17
9827 17
9828 17
9829 17
9830 16
9831 17
9832 17
9833 17
9834 17
9835 18
9836 17
9837 17
9838 18
9839 17
9840 17
9841 17
9842 17
9843 17
9844 17
9845 17
9846 17
9847 17
9848 17
9849 17
9850 17
9851 17
9852 19
9853 18
9854 17
9855 17
9856 17
9857 17
9858 17
9859 18
9860 17
9861 18
9862 18
9863 17
9864 17
9865 17
9866 18
9867 17
9868 18
9869 18
9870 17
9871 17
9872 18
9873 17
9874 17
9875 17
9876 17
9877 17
9878 16
9879 17
9880 17
9881 17
9882 17
9883 17
9884 17
9885 17
9886 17
9887 17
9888 17
9889 17
9890 17
9891 17
9892 17
9893 17
9894 18
9895 18
9896 18
9897 18
9898 17
9899 18
9900 18
9901 17
9902 17
9903 17
9904 17
9905 17
9906 17
9907 17
9908 17
9909 17
9910 17
9911 17
9912 17
9913 17
9914 17
9915 17
9916 19
9917 17
9918 17
9919 17
9920 17
9921 17
9922 17
9923 17
9924 17
9925 17
9926 17
9927 17
9928 17
9929 17
9930 17
9931 17
9932 17
9933 17
9934 17
9935 17
9936 17
9937 17
9938 17
9939 17
9940 17
9941 17
9942 17
9943 16
9944 17
9945 17
9946 18
9947 18
9948 17
9949 17
9950 18
9951 18
9952 17
9953 17
9954 17
9955 17
9956 18
9957 17
9958 17
9959 17
9960 17
9961 17
9962 17
9963 17
9964 17
9965 17
9966 17
9967 17
9968 17
9969 18
9970 17
9971 17
9972 17
9973 17
9974 17
9975 17
9976 18
9977 17
9978 17
9979 17
9980 19
9981 17
9982 17
9983 17
9984 17
9985 17
9986 17
9987 17
9988 17
9989 17
9990 17
9991 17
9992 17
9993 17
9994 18
9995 17
9996 17
9997 17
9998 17
9999 17
