0 121
1 20
2 19
3 19
4 18
5 19
6 18
7 20
8 18
9 35
10 19
11 19
12 20
13 18
14 18
15 18
16 19
17 17
18 19
19 18
20 17
21 17
22 18
23 20
24 18
25 18
26 18
27 17
28 17
29 18
30 18
31 17
32 19
33 17
34 18
35 19
36 20
37 21
38 35
39 19
40 19
41 17
42 18
43 18
44 18
45 17
46 17
47 17
48 18
49 17
50 17
51 17
52 17
53 17
54 18
55 17
56 18
57 17
58 17
59 18
60 18
61 18
62 18
63 18
64 17
65 17
66 18
67 18
68 17
69 17
70 17
71 17
72 18
73 18
74 18
75 18
76 17
77 19
78 17
79 18
80 17
81 17
82 18
83 19
84 18
85 17
86 17
87 17
88 18
89 18
90 17
91 18
92 17
93 17
94 17
95 17
96 17
97 18
98 18
99 18
100 18
101 18
102 17
103 17
104 17
105 17
106 17
107 17
108 18
109 17
110 17
111 18
112 18
113 17
114 17
115 17
116 17
117 17
118 17
119 17
120 17
121 17
122 19
123 17
124 18
125 17
126 17
127 18
128 17
129 18
130 17
131 17
132 17
133 18
134 18
135 18
136 17
137 17
138 17
139 17
140 17
141 17
142 17
143 17
144 18
145 20
146 17
147 17
148 17
149 18
150 17
151 17
152 17
153 18
154 18
155 17
156 18
157 18
158 17
159 17
160 17
161 18
162 17
163 17
164 17
165 17
166 17
167 17
168 17
169 17
170 17
171 17
172 18
173 19
174 18
175 18
176 18
177 18
178 18
179 18
180 17
181 18
182 18
183 17
184 18
185 18
186 19
187 17
188 19
189 19
190 17
191 18
192 18
193 18
194 18
195 17
196 18
197 18
198 18
199 18
200 19
201 18
202 18
203 17
204 18
205 18
206 17
207 18
208 18
209 17
210 18
211 18
212 20
213 17
214 18
215 18
216 19
217 18
218 17
219 18
220 17
221 18
222 18
223 17
224 17
225 18
226 17
227 17
228 18
229 17
230 18
231 17
232 17
233 28
234 18
235 17
236 17
237 18
238 17
239 17
240 18
241 18
242 17
243 17
244 17
245 17
246 17
247 17
248 17
249 18
250 18
251 18
252 17
253 17
254 18
255 19
256 23
257 18
258 18
259 17
260 17
261 17
262 19
263 17
264 17
265 18
266 19
267 18
268 17
269 17
270 17
271 18
272 17
273 17
274 17
275 17
276 18
277 18
278 18
279 17
280 17
281 18
282 18
283 18
284 18
285 17
286 17
287 18
288 18
289 18
290 18
291 18
292 17
293 17
294 17
295 17
296 18
297 18
298 18
299 17
300 17
301 18
302 18
303 18
304 17
305 17
306 18
307 18
308 17
309 17
310 17
311 17
312 18
313 16
314 18
315 17
316 18
317 17
318 18
319 17
320 17
321 17
322 17
323 17
324 17
325 18
326 19
327 17
328 17
329 17
330 17
331 18
332 18
333 18
334 17
335 18
336 17
337 17
338 17
339 17
340 17
341 17
342 18
343 18
344 19
345 17
346 18
347 18
348 17
349 17
350 17
351 17
352 17
353 18
354 17
355 17
356 17
357 17
358 17
359 17
360 17
361 19
362 17
363 39
364 18
365 17
366 19
367 17
368 17
369 17
370 17
371 18
372 18
373 18
374 18
375 17
376 18
377 17
378 17
379 17
380 18
381 18
382 18
383 20
384 18
385 17
386 17
387 18
388 19
389 17
390 19
391 18
392 18
393 18
394 18
395 17
396 17
397 18
398 18
399 17
400 18
401 17
402 17
403 18
404 17
405 18
406 18
407 17
408 17
409 17
410 19
411 17
412 18
413 18
414 18
415 17
416 18
417 18
418 17
419 18
420 17
421 19
422 19
423 18
424 17
425 18
426 18
427 19
428 18
429 17
430 18
431 18
432 18
433 17
434 19
435 18
436 17
437 18
438 19
439 18
440 17
441 17
442 19
443 20
444 19
445 18
446 18
447 19
448 21
449 19
450 18
451 18
452 17
453 18
454 21
455 17
456 18
457 18
458 18
459 36
460 25
461 24
462 23
463 24
464 24
465 24
466 23
467 24
468 24
469 24
470 24
471 23
472 24
473 24
474 25
475 23
476 23
477 24
478 24
479 21
480 27
481 24
482 24
483 23
484 23
485 24
486 23
487 24
488 24
489 24
490 24
491 24
492 23
493 24
494 23
495 23
496 23
497 23
498 23
499 23
500 24
501 24
502 23
503 23
504 24
505 24
506 23
507 23
508 21
509 24
510 23
511 23
512 23
513 23
514 24
515 23
516 23
517 23
518 27
519 25
520 23
521 19
522 26
523 23
524 23
525 24
526 23
527 23
528 22
529 23
530 23
531 24
532 23
533 23
534 23
535 23
536 26
537 23
538 18
539 25
540 24
541 23
542 21
543 24
544 24
545 24
546 23
547 23
548 25
549 24
550 23
551 23
552 24
553 23
554 22
555 24
556 23
557 23
558 25
559 23
560 24
561 23
562 24
563 22
564 23
565 23
566 24
567 23
568 23
569 23
570 24
571 23
572 23
573 23
574 23
575 24
576 23
577 23
578 23
579 21
580 20
581 24
582 27
583 24
584 22
585 23
586 23
587 23
588 23
589 21
590 25
591 24
592 24
593 23
594 24
595 24
596 23
597 24
598 23
599 23
600 23
601 24
602 23
603 23
604 24
605 22
606 23
607 23
608 24
609 23
610 23
611 23
612 23
613 23
614 23
615 23
616 24
617 23
618 23
619 24
620 23
621 24
622 23
623 23
624 23
625 23
626 23
627 18
628 25
629 24
630 25
631 26
632 24
633 24
634 23
635 24
636 23
637 23
638 22
639 23
640 18
641 25
642 24
643 23
644 24
645 23
646 25
647 23
648 23
649 23
650 23
651 24
652 20
653 27
654 29
655 24
656 23
657 23
658 24
659 23
660 23
661 23
662 24
663 24
664 23
665 23
666 24
667 23
668 23
669 23
670 187
671 21
672 19
673 19
674 19
675 23
676 20
677 20
678 20
679 19
680 18
681 18
682 18
683 18
684 17
685 17
686 17
687 18
688 18
689 19
690 17
691 18
692 18
693 18
694 18
695 18
696 18
697 19
698 17
699 18
700 17
701 18
702 17
703 18
704 17
705 18
706 18
707 18
708 18
709 18
710 23
711 18
712 18
713 18
714 17
715 18
716 18
717 17
718 17
719 17
720 17
721 17
722 17
723 17
724 18
725 18
726 17
727 18
728 18
729 17
730 18
731 18
732 17
733 17
734 17
735 18
736 19
737 169
738 19
739 18
740 19
741 17
742 18
743 18
744 18
745 26
746 19
747 18
748 17
749 17
750 17
751 18
752 18
753 18
754 18
755 19
756 42
757 20
758 24
759 17
760 18
761 21
762 20
763 20
764 18
765 18
766 21
767 21
768 20
769 18
770 19
771 27
772 29
773 19
774 23
775 29
776 19
777 21
778 19
779 21
780 21
781 20
782 17
783 21
784 17
785 17
786 18
787 17
788 19
789 23
790 57
791 43
792 24
793 25
794 20
795 20
796 20
797 20
798 19
799 17
800 19
801 17
802 21
803 20
804 18
805 19
806 21
807 38
808 21
809 22
810 21
811 16
812 21
813 17
814 18
815 18
816 23
817 19
818 19
819 23
820 19
821 22
822 21
823 28
824 21
825 20
826 19
827 21
828 20
829 17
830 19
831 22
832 21
833 19
834 20
835 20
836 19
837 18
838 20
839 58
840 22
841 23
842 20
843 20
844 17
845 21
846 19
847 20
848 19
849 18
850 18
851 18
852 20
853 18
854 18
855 18
856 18
857 20
858 19
859 16
860 21
861 19
862 21
863 34
864 24
865 19
866 24
867 21
868 19
869 20
870 19
871 22
872 20
873 18
874 19
875 18
876 21
877 17
878 18
879 18
880 19
881 20
882 19
883 18
884 19
885 20
886 25
887 35
888 19
889 19
890 19
891 21
892 20
893 20
894 18
895 20
896 18
897 19
898 19
899 20
900 21
901 45
902 22
903 42
904 21
905 20
906 18
907 19
908 22
909 22
910 20
911 19
912 20
913 23
914 20
915 19
916 22
917 18
918 19
919 18
920 20
921 19
922 20
923 18
924 18
925 17
926 19
927 18
928 18
929 20
930 17
931 17
932 18
933 19
934 19
935 17
936 18
937 18
938 19
939 19
940 20
941 18
942 19
943 19
944 20
945 19
946 18
947 19
948 20
949 20
950 19
951 19
952 21
953 18
954 24
955 19
956 19
957 20
958 18
959 41
960 35
961 20
962 22
963 19
964 17
965 19
966 17
967 25
968 17
969 17
970 18
971 33
972 20
973 19
974 18
975 18
976 20
977 18
978 18
979 17
980 17
981 18
982 18
983 18
984 17
985 17
986 17
987 17
988 20
989 18
990 19
991 18
992 18
993 18
994 19
995 17
996 16
997 17
998 17
999 17
1000 18
1001 16
1002 17
1003 17
1004 18
1005 21
1006 20
1007 30
1008 20
1009 20
1010 18
1011 17
1012 18
1013 18
1014 18
1015 17
1016 17
1017 17
1018 18
1019 22
1020 23
1021 18
1022 18
1023 21
1024 17
1025 19
1026 18
1027 20
1028 20
1029 18
1030 19
1031 26
1032 18
1033 18
1034 17
1035 18
1036 20
1037 19
1038 18
1039 18
1040 18
1041 18
1042 19
1043 17
1044 19
1045 18
1046 18
1047 17
1048 18
1049 33
1050 869
1051 23
1052 19
1053 19
1054 17
1055 20
1056 17
1057 18
1058 20
1059 21
1060 23
1061 20
1062 18
1063 19
1064 18
1065 17
1066 18
1067 18
1068 19
1069 46
1070 20
1071 22
1072 19
1073 18
1074 19
1075 20
1076 18
1077 18
1078 18
1079 18
1080 17
1081 18
1082 17
1083 19
1084 19
1085 21
1086 19
1087 18
1088 18
1089 17
1090 18
1091 17
1092 17
1093 18
1094 18
1095 18
1096 19
1097 18
1098 18
1099 17
1100 17
1101 17
1102 17
1103 18
1104 21
1105 18
1106 19
1107 19
1108 18
1109 18
1110 20
1111 34
1112 22
1113 20
1114 17
1115 17
1116 20
1117 22
1118 19
1119 20
1120 23
1121 22
1122 22
1123 18
1124 19
1125 18
1126 38
1127 20
1128 18
1129 18
1130 18
1131 18
1132 18
1133 17
1134 19
1135 19
1136 18
1137 21
1138 19
1139 18
1140 20
1141 18
1142 23
1143 19
1144 20
1145 21
1146 18
1147 18
1148 17
1149 19
1150 18
1151 17
1152 19
1153 17
1154 19
1155 18
1156 19
1157 18
1158 18
1159 18
1160 19
1161 18
1162 18
1163 17
1164 18
1165 17
1166 19
1167 19
1168 19
1169 18
1170 19
1171 17
1172 18
1173 17
1174 18
1175 19
1176 19
1177 19
1178 17
1179 19
1180 17
1181 45
1182 19
1183 17
1184 18
1185 33
1186 21
1187 19
1188 18
1189 18
1190 18
1191 19
1192 17
1193 20
1194 20
1195 18
1196 21
1197 19
1198 18
1199 19
1200 19
1201 18
1202 18
1203 35
1204 21
1205 19
1206 18
1207 18
1208 19
1209 25
1210 20
1211 18
1212 18
1213 19
1214 24
1215 20
1216 19
1217 18
1218 20
1219 20
1220 18
1221 17
1222 18
1223 20
1224 24
1225 19
1226 17
1227 18
1228 18
1229 18
1230 17
1231 18
1232 18
1233 21
1234 18
1235 17
1236 17
1237 32
1238 20
1239 20
1240 17
1241 19
1242 18
1243 17
1244 18
1245 21
1246 18
1247 19
1248 20
1249 19
1250 19
1251 20
1252 20
1253 19
1254 18
1255 19
1256 19
1257 19
1258 19
1259 18
1260 19
1261 19
1262 17
1263 17
1264 18
1265 18
1266 19
1267 18
1268 18
1269 18
1270 20
1271 19
1272 18
1273 19
1274 18
1275 34
1276 20
1277 17
1278 18
1279 20
1280 19
1281 18
1282 17
1283 18
1284 17
1285 20
1286 19
1287 19
1288 20
1289 18
1290 19
1291 19
1292 21
1293 24
1294 20
1295 17
1296 19
1297 18
1298 17
1299 19
1300 18
1301 34
1302 21
1303 22
1304 19
1305 19
1306 19
1307 20
1308 19
1309 18
1310 19
1311 17
1312 18
1313 19
1314 19
1315 18
1316 19
1317 18
1318 18
1319 18
1320 18
1321 18
1322 19
1323 17
1324 19
1325 18
1326 18
1327 19
1328 19
1329 18
1330 20
1331 18
1332 17
1333 18
1334 17
1335 19
1336 19
1337 19
1338 20
1339 20
1340 20
1341 18
1342 17
1343 20
1344 18
1345 32
1346 19
1347 20
1348 17
1349 18
1350 17
1351 18
1352 18
1353 17
1354 19
1355 19
1356 18
1357 19
1358 19
1359 20
1360 24
1361 18
1362 18
1363 18
1364 20
1365 21
1366 19
1367 18
1368 17
1369 17
1370 18
1371 19
1372 18
1373 18
1374 18
1375 18
1376 18
1377 19
1378 18
1379 17
1380 19
1381 18
1382 18
1383 18
1384 19
1385 19
1386 17
1387 17
1388 18
1389 18
1390 18
1391 18
1392 18
1393 18
1394 18
1395 18
1396 19
1397 19
1398 19
1399 18
1400 41
1401 20
1402 20
1403 17
1404 19
1405 18
1406 19
1407 19
1408 21
1409 18
1410 20
1411 19
1412 21
1413 19
1414 19
1415 17
1416 34
1417 19
1418 19
1419 17
1420 18
1421 21
1422 18
1423 18
1424 19
1425 18
1426 19
1427 18
1428 20
1429 20
1430 19
1431 18
1432 18
1433 18
1434 18
1435 17
1436 21
1437 20
1438 20
1439 20
1440 20
1441 41
1442 19
1443 20
1444 20
1445 17
1446 19
1447 19
1448 19
1449 18
1450 17
1451 18
1452 20
1453 19
1454 18
1455 19
1456 19
1457 20
1458 23
1459 20
1460 19
1461 20
1462 21
1463 20
1464 18
1465 17
1466 19
1467 20
1468 18
1469 18
1470 19
1471 18
1472 17
1473 17
1474 19
1475 19
1476 18
1477 19
1478 19
1479 19
1480 19
1481 19
1482 18
1483 21
1484 20
1485 18
1486 18
1487 18
1488 20
1489 18
1490 20
1491 19
1492 19
1493 17
1494 19
1495 19
1496 20
1497 20
1498 18
1499 18
1500 19
1501 18
1502 17
1503 17
1504 18
1505 18
1506 21
1507 22
1508 18
1509 19
1510 56
1511 22
1512 20
1513 20
1514 19
1515 18
1516 20
1517 19
1518 18
1519 18
1520 18
1521 20
1522 18
1523 17
1524 17
1525 17
1526 18
1527 18
1528 17
1529 17
1530 17
1531 18
1532 20
1533 20
1534 18
1535 29
1536 19
1537 19
1538 18
1539 18
1540 19
1541 18
1542 17
1543 17
1544 28
1545 18
1546 17
1547 19
1548 19
1549 17
1550 17
1551 17
1552 17
1553 17
1554 17
1555 18
1556 17
1557 17
1558 18
1559 17
1560 17
1561 17
1562 17
1563 17
1564 18
1565 17
1566 17
1567 18
1568 17
1569 17
1570 17
1571 17
1572 18
1573 17
1574 17
1575 17
1576 17
1577 18
1578 17
1579 17
1580 17
1581 17
1582 17
1583 17
1584 17
1585 17
1586 17
1587 17
1588 17
1589 19
1590 18
1591 18
1592 19
1593 19
1594 18
1595 17
1596 18
1597 17
1598 18
1599 18
1600 18
1601 18
1602 18
1603 17
1604 17
1605 17
1606 18
1607 20
1608 18
1609 17
1610 17
1611 17
1612 17
1613 17
1614 18
1615 17
1616 17
1617 19
1618 17
1619 18
1620 17
1621 17
1622 17
1623 17
1624 17
1625 17
1626 17
1627 18
1628 17
1629 17
1630 16
1631 17
1632 17
1633 17
1634 17
1635 17
1636 17
1637 17
1638 18
1639 17
1640 17
1641 16
1642 17
1643 17
1644 18
1645 17
1646 17
1647 17
1648 17
1649 17
1650 17
1651 17
1652 18
1653 17
1654 17
1655 17
1656 17
1657 17
1658 17
1659 17
1660 17
1661 17
1662 17
1663 17
1664 17
1665 17
1666 17
1667 17
1668 17
1669 17
1670 17
1671 18
1672 17
1673 18
1674 17
1675 17
1676 17
1677 17
1678 17
1679 17
1680 17
1681 17
1682 17
1683 18
1684 18
1685 18
1686 17
1687 17
1688 17
1689 21
1690 18
1691 17
1692 18
1693 18
1694 17
1695 17
1696 18
1697 17
1698 18
1699 17
1700 17
1701 17
1702 18
1703 19
1704 18
1705 17
1706 20
1707 18
1708 17
1709 17
1710 17
1711 17
1712 17
1713 16
1714 17
1715 17
1716 17
1717 17
1718 18
1719 18
1720 18
1721 17
1722 17
1723 17
1724 17
1725 17
1726 17
1727 17
1728 18
1729 18
1730 17
1731 18
1732 27
1733 18
1734 19
1735 17
1736 17
1737 18
1738 17
1739 17
1740 17
1741 18
1742 18
1743 19
1744 19
1745 18
1746 17
1747 17
1748 17
1749 17
1750 18
1751 17
1752 17
1753 17
1754 17
1755 17
1756 17
1757 28
1758 18
1759 17
1760 17
1761 17
1762 17
1763 17
1764 18
1765 17
1766 17
1767 18
1768 17
1769 17
1770 20
1771 18
1772 17
1773 18
1774 19
1775 22
1776 23
1777 19
1778 17
1779 19
1780 21
1781 18
1782 18
1783 18
1784 18
1785 18
1786 18
1787 17
1788 20
1789 18
1790 18
1791 19
1792 19
1793 17
1794 17
1795 18
1796 19
1797 19
1798 18
1799 18
1800 18
1801 19
1802 19
1803 18
1804 17
1805 18
1806 31
1807 21
1808 18
1809 18
1810 20
1811 19
1812 18
1813 18
1814 18
1815 18
1816 18
1817 18
1818 19
1819 19
1820 17
1821 19
1822 19
1823 17
1824 17
1825 17
1826 16
1827 21
1828 21
1829 19
1830 19
1831 18
1832 20
1833 18
1834 26
1835 17
1836 17
1837 18
1838 17
1839 17
1840 17
1841 18
1842 18
1843 18
1844 18
1845 17
1846 17
1847 17
1848 18
1849 18
1850 18
1851 18
1852 17
1853 18
1854 17
1855 17
1856 18
1857 18
1858 17
1859 19
1860 19
1861 18
1862 30
1863 18
1864 17
1865 17
1866 17
1867 17
1868 17
1869 17
1870 18
1871 17
1872 18
1873 17
1874 17
1875 18
1876 18
1877 17
1878 17
1879 18
1880 18
1881 18
1882 17
1883 17
1884 17
1885 17
1886 17
1887 17
1888 17
1889 18
1890 18
1891 17
1892 17
1893 17
1894 17
1895 17
1896 17
1897 17
1898 24
1899 17
1900 18
1901 17
1902 17
1903 17
1904 19
1905 17
1906 17
1907 17
1908 17
1909 18
1910 17
1911 17
1912 18
1913 17
1914 16
1915 17
1916 17
1917 17
1918 17
1919 17
1920 17
1921 18
1922 17
1923 17
1924 17
1925 17
1926 18
1927 17
1928 17
1929 17
1930 17
1931 17
1932 19
1933 18
1934 17
1935 17
1936 18
1937 18
1938 17
1939 18
1940 17
1941 17
1942 18
1943 18
1944 18
1945 18
1946 17
1947 18
1948 18
1949 17
1950 18
1951 18
1952 18
1953 17
1954 17
1955 17
1956 17
1957 18
1958 18
1959 18
1960 19
1961 17
1962 20
1963 17
1964 17
1965 17
1966 18
1967 17
1968 17
1969 17
1970 17
1971 18
1972 18
1973 17
1974 17
1975 18
1976 17
1977 18
1978 17
1979 18
1980 17
1981 17
1982 17
1983 17
1984 17
1985 17
1986 17
1987 17
1988 17
1989 18
1990 17
1991 18
1992 18
1993 17
1994 19
1995 18
1996 18
1997 17
1998 17
1999 17
2000 18
2001 18
2002 17
2003 17
2004 18
2005 17
2006 19
2007 18
2008 17
2009 17
2010 18
2011 18
2012 18
2013 17
2014 17
2015 17
2016 17
2017 17
2018 17
2019 17
2020 18
2021 18
2022 18
2023 17
2024 17
2025 18
2026 19
2027 18
2028 18
2029 16
2030 18
2031 18
2032 17
2033 17
2034 17
2035 17
2036 17
2037 17
2038 17
2039 17
2040 17
2041 17
2042 27
2043 17
2044 17
2045 17
2046 17
2047 17
2048 17
2049 17
2050 19
2051 17
2052 17
2053 17
2054 17
2055 17
2056 18
2057 18
2058 17
2059 17
2060 17
2061 17
2062 18
2063 17
2064 17
2065 17
2066 17
2067 18
2068 18
2069 17
2070 17
2071 17
2072 17
2073 18
2074 18
2075 17
2076 17
2077 17
2078 17
2079 17
2080 17
2081 17
2082 17
2083 17
2084 19
2085 18
2086 18
2087 18
2088 17
2089 18
2090 19
2091 17
2092 17
2093 17
2094 17
2095 18
2096 18
2097 17
2098 17
2099 17
2100 17
2101 17
2102 17
2103 17
2104 17
2105 17
2106 18
2107 19
2108 18
2109 17
2110 17
2111 17
2112 18
2113 17
2114 18
2115 17
2116 18
2117 18
2118 17
2119 17
2120 17
2121 17
2122 17
2123 17
2124 17
2125 17
2126 18
2127 16
2128 17
2129 18
2130 17
2131 17
2132 17
2133 17
2134 18
2135 18
2136 17
2137 17
2138 18
2139 17
2140 17
2141 17
2142 18
2143 17
2144 17
2145 17
2146 17
2147 17
2148 17
2149 17
2150 17
2151 17
2152 17
2153 17
2154 19
2155 17
2156 17
2157 17
2158 28
2159 18
2160 17
2161 17
2162 17
2163 17
2164 18
2165 18
2166 18
2167 18
2168 18
2169 18
2170 18
2171 17
2172 17
2173 18
2174 19
2175 18
2176 18
2177 17
2178 17
2179 17
2180 17
2181 17
2182 17
2183 17
2184 17
2185 18
2186 17
2187 18
2188 17
2189 17
2190 17
2191 18
2192 17
2193 17
2194 17
2195 17
2196 25
2197 18
2198 17
2199 17
2200 17
2201 17
2202 17
2203 17
2204 18
2205 17
2206 17
2207 17
2208 17
2209 17
2210 17
2211 17
2212 17
2213 17
2214 17
2215 17
2216 18
2217 18
2218 19
2219 17
2220 17
2221 17
2222 19
2223 17
2224 18
2225 18
2226 18
2227 17
2228 17
2229 17
2230 17
2231 17
2232 17
2233 17
2234 17
2235 19
2236 17
2237 18
2238 17
2239 17
2240 17
2241 17
2242 17
2243 17
2244 17
2245 17
2246 17
2247 17
2248 17
2249 17
2250 17
2251 17
2252 17
2253 18
2254 18
2255 17
2256 18
2257 18
2258 17
2259 17
2260 17
2261 18
2262 17
2263 18
2264 19
2265 18
2266 18
2267 17
2268 17
2269 18
2270 18
2271 18
2272 18
2273 18
2274 18
2275 18
2276 17
2277 18
2278 17
2279 17
2280 17
2281 17
2282 19
2283 17
2284 17
2285 17
2286 18
2287 17
2288 18
2289 18
2290 17
2291 17
2292 17
2293 17
2294 17
2295 17
2296 18
2297 17
2298 18
2299 17
2300 17
2301 17
2302 17
2303 17
2304 18
2305 17
2306 17
2307 17
2308 17
2309 18
2310 17
2311 17
2312 17
2313 17
2314 17
2315 17
2316 17
2317 17
2318 17
2319 17
2320 25
2321 19
2322 17
2323 17
2324 17
2325 17
2326 17
2327 17
2328 17
2329 17
2330 17
2331 24
2332 18
2333 17
2334 18
2335 17
2336 17
2337 19
2338 18
2339 18
2340 18
2341 17
2342 17
2343 17
2344 17
2345 17
2346 19
2347 17
2348 17
2349 17
2350 17
2351 17
2352 17
2353 17
2354 17
2355 17
2356 17
2357 17
2358 17
2359 17
2360 18
2361 18
2362 18
2363 18
2364 18
2365 17
2366 17
2367 17
2368 17
2369 17
2370 17
2371 17
2372 17
2373 17
2374 17
2375 17
2376 17
2377 18
2378 17
2379 17
2380 17
2381 17
2382 18
2383 17
2384 17
2385 17
2386 17
2387 17
2388 18
2389 18
2390 17
2391 17
2392 17
2393 17
2394 18
2395 18
2396 17
2397 17
2398 17
2399 17
2400 17
2401 17
2402 23
2403 17
2404 18
2405 18
2406 18
2407 17
2408 17
2409 17
2410 19
2411 17
2412 17
2413 17
2414 17
2415 17
2416 18
2417 18
2418 18
2419 17
2420 17
2421 17
2422 17
2423 17
2424 17
2425 17
2426 17
2427 17
2428 18
2429 17
2430 17
2431 17
2432 17
2433 17
2434 17
2435 17
2436 17
2437 17
2438 17
2439 17
2440 17
2441 18
2442 18
2443 17
2444 18
2445 18
2446 17
2447 17
2448 18
2449 17
2450 18
2451 17
2452 17
2453 18
2454 17
2455 17
2456 19
2457 17
2458 18
2459 18
2460 17
2461 18
2462 19
2463 18
2464 17
2465 17
2466 18
2467 17
2468 17
2469 17
2470 18
2471 17
2472 17
2473 19
2474 19
2475 17
2476 18
2477 18
2478 17
2479 17
2480 17
2481 17
2482 17
2483 17
2484 18
2485 17
2486 17
2487 17
2488 17
2489 18
2490 19
2491 18
2492 17
2493 17
2494 17
2495 18
2496 17
2497 18
2498 17
2499 17
2500 17
2501 17
2502 17
2503 17
2504 17
2505 17
2506 17
2507 18
2508 17
2509 17
2510 17
2511 17
2512 17
2513 17
2514 17
2515 18
2516 18
2517 18
2518 18
2519 17
2520 17
2521 17
2522 17
2523 26
2524 18
2525 17
2526 17
2527 17
2528 17
2529 18
2530 18
2531 18
2532 18
2533 18
2534 18
2535 19
2536 17
2537 17
2538 19
2539 17
2540 17
2541 17
2542 18
2543 18
2544 17
2545 26
2546 18
2547 17
2548 18
2549 18
2550 18
2551 17
2552 17
2553 17
2554 18
2555 17
2556 17
2557 17
2558 18
2559 17
2560 18
2561 17
2562 17
2563 17
2564 17
2565 17
2566 18
2567 19
2568 18
2569 18
2570 19
2571 18
2572 17
2573 18
2574 17
2575 18
2576 18
2577 18
2578 18
2579 18
2580 17
2581 26
2582 18
2583 18
2584 17
2585 17
2586 17
2587 17
2588 17
2589 27
2590 18
2591 17
2592 17
2593 18
2594 17
2595 18
2596 18
2597 18
2598 17
2599 18
2600 17
2601 17
2602 19
2603 17
2604 17
2605 18
2606 19
2607 18
2608 18
2609 17
2610 17
2611 17
2612 17
2613 17
2614 17
2615 17
2616 17
2617 18
2618 17
2619 18
2620 17
2621 17
2622 17
2623 19
2624 17
2625 17
2626 17
2627 17
2628 17
2629 17
2630 17
2631 17
2632 17
2633 17
2634 18
2635 18
2636 18
2637 17
2638 17
2639 17
2640 17
2641 17
2642 18
2643 18
2644 17
2645 17
2646 17
2647 17
2648 17
2649 17
2650 17
2651 17
2652 17
2653 17
2654 17
2655 17
2656 17
2657 17
2658 17
2659 17
2660 17
2661 18
2662 17
2663 17
2664 17
2665 17
2666 19
2667 17
2668 17
2669 17
2670 17
2671 17
2672 17
2673 17
2674 17
2675 17
2676 18
2677 18
2678 18
2679 17
2680 17
2681 16
2682 17
2683 17
2684 17
2685 17
2686 17
2687 17
2688 18
2689 17
2690 17
2691 18
2692 18
2693 18
2694 17
2695 17
2696 17
2697 18
2698 16
2699 17
2700 17
2701 17
2702 17
2703 17
2704 17
2705 17
2706 17
2707 17
2708 17
2709 17
2710 17
2711 17
2712 17
2713 17
2714 17
2715 16
2716 17
2717 17
2718 18
2719 17
2720 17
2721 18
2722 18
2723 18
2724 17
2725 17
2726 18
2727 18
2728 17
2729 17
2730 19
2731 17
2732 17
2733 17
2734 17
2735 16
2736 17
2737 17
2738 17
2739 17
2740 17
2741 17
2742 17
2743 17
2744 17
2745 17
2746 17
2747 17
2748 17
2749 25
2750 19
2751 17
2752 17
2753 17
2754 18
2755 17
2756 17
2757 17
2758 17
2759 18
2760 18
2761 17
2762 29
2763 17
2764 17
2765 17
2766 17
2767 17
2768 17
2769 17
2770 18
2771 18
2772 17
2773 17
2774 17
2775 17
2776 18
2777 18
2778 17
2779 17
2780 17
2781 17
2782 17
2783 17
2784 17
2785 17
2786 17
2787 17
2788 17
2789 17
2790 17
2791 17
2792 17
2793 16
2794 19
2795 17
2796 17
2797 17
2798 18
2799 17
2800 17
2801 17
2802 17
2803 17
2804 17
2805 18
2806 17
2807 17
2808 17
2809 18
2810 17
2811 17
2812 17
2813 17
2814 17
2815 22
2816 18
2817 17
2818 18
2819 17
2820 17
2821 17
2822 17
2823 17
2824 17
2825 17
2826 17
2827 18
2828 17
2829 18
2830 17
2831 17
2832 17
2833 18
2834 17
2835 17
2836 17
2837 17
2838 18
2839 17
2840 18
2841 18
2842 17
2843 17
2844 17
2845 17
2846 17
2847 17
2848 17
2849 17
2850 17
2851 17
2852 17
2853 17
2854 17
2855 18
2856 17
2857 18
2858 19
2859 17
2860 17
2861 17
2862 17
2863 17
2864 17
2865 18
2866 18
2867 18
2868 17
2869 17
2870 17
2871 17
2872 18
2873 18
2874 18
2875 17
2876 18
2877 18
2878 17
2879 17
2880 18
2881 18
2882 17
2883 17
2884 19
2885 18
2886 17
2887 18
2888 18
2889 17
2890 18
2891 18
2892 18
2893 17
2894 18
2895 17
2896 17
2897 18
2898 18
2899 18
2900 18
2901 17
2902 17
2903 17
2904 17
2905 18
2906 18
2907 17
2908 17
2909 18
2910 18
2911 17
2912 17
2913 18
2914 17
2915 18
2916 17
2917 18
2918 17
2919 17
2920 18
2921 18
2922 19
2923 18
2924 18
2925 18
2926 18
2927 17
2928 17
2929 18
2930 20
2931 18
2932 18
2933 17
2934 18
2935 18
2936 18
2937 17
2938 18
2939 19
2940 18
2941 18
2942 28
2943 17
2944 18
2945 18
2946 18
2947 17
2948 17
2949 17
2950 18
2951 17
2952 17
2953 17
2954 17
2955 18
2956 17
2957 17
2958 17
2959 17
2960 18
2961 18
2962 18
2963 18
2964 18
2965 17
2966 17
2967 18
2968 17
2969 18
2970 17
2971 17
2972 17
2973 17
2974 17
2975 17
2976 17
2977 17
2978 17
2979 17
2980 17
2981 17
2982 17
2983 17
2984 17
2985 17
2986 19
2987 17
2988 17
2989 17
2990 17
2991 17
2992 18
2993 17
2994 17
2995 17
2996 17
2997 17
2998 17
2999 17
3000 17
3001 17
3002 17
3003 17
3004 17
3005 18
3006 17
3007 17
3008 17
3009 17
3010 17
3011 17
3012 21
3013 18
3014 18
3015 18
3016 18
3017 17
3018 18
3019 17
3020 17
3021 17
3022 17
3023 17
3024 17
3025 17
3026 17
3027 17
3028 17
3029 17
3030 18
3031 17
3032 17
3033 17
3034 17
3035 17
3036 17
3037 17
3038 17
3039 17
3040 17
3041 17
3042 17
3043 17
3044 17
3045 17
3046 17
3047 18
3048 17
3049 18
3050 20
3051 18
3052 18
3053 17
3054 17
3055 17
3056 18
3057 18
3058 19
3059 17
3060 18
3061 17
3062 17
3063 17
3064 17
3065 18
3066 18
3067 18
3068 18
3069 19
3070 18
3071 17
3072 17
3073 17
3074 17
3075 18
3076 18
3077 17
3078 17
3079 17
3080 17
3081 17
3082 17
3083 18
3084 18
3085 18
3086 17
3087 17
3088 17
3089 17
3090 17
3091 17
3092 17
3093 17
3094 17
3095 17
3096 17
3097 17
3098 17
3099 18
3100 18
3101 17
3102 17
3103 17
3104 17
3105 17
3106 18
3107 17
3108 17
3109 17
3110 17
3111 17
3112 17
3113 17
3114 19
3115 18
3116 17
3117 17
3118 17
3119 17
3120 17
3121 18
3122 17
3123 355
3124 22
3125 17
3126 18
3127 17
3128 18
3129 19
3130 17
3131 17
3132 17
3133 17
3134 17
3135 17
3136 17
3137 17
3138 32
3139 19
3140 18
3141 17
3142 17
3143 17
3144 17
3145 17
3146 17
3147 17
3148 17
3149 17
3150 17
3151 17
3152 17
3153 17
3154 17
3155 18
3156 17
3157 17
3158 18
3159 18
3160 18
3161 19
3162 18
3163 18
3164 18
3165 18
3166 18
3167 18
3168 18
3169 17
3170 17
3171 18
3172 19
3173 18
3174 18
3175 18
3176 18
3177 17
3178 17
3179 17
3180 18
3181 18
3182 17
3183 18
3184 17
3185 18
3186 18
3187 18
3188 17
3189 18
3190 17
3191 17
3192 17
3193 17
3194 18
3195 17
3196 17
3197 18
3198 18
3199 18
3200 18
3201 18
3202 17
3203 17
3204 17
3205 18
3206 18
3207 17
3208 17
3209 17
3210 18
3211 19
3212 18
3213 17
3214 18
3215 18
3216 18
3217 18
3218 17
3219 18
3220 18
3221 17
3222 17
3223 17
3224 17
3225 17
3226 17
3227 17
3228 17
3229 17
3230 17
3231 17
3232 18
3233 17
3234 26
3235 19
3236 18
3237 18
3238 18
3239 17
3240 18
3241 18
3242 18
3243 17
3244 17
3245 17
3246 17
3247 17
3248 17
3249 18
3250 18
3251 18
3252 17
3253 17
3254 18
3255 18
3256 17
3257 17
3258 17
3259 17
3260 17
3261 17
3262 17
3263 17
3264 17
3265 18
3266 18
3267 17
3268 17
3269 17
3270 18
3271 17
3272 18
3273 17
3274 18
3275 17
3276 17
3277 17
3278 17
3279 25
3280 18
3281 17
3282 17
3283 17
3284 18
3285 18
3286 30
3287 17
3288 18
3289 18
3290 17
3291 17
3292 17
3293 18
3294 18
3295 18
3296 18
3297 18
3298 18
3299 18
3300 17
3301 17
3302 18
3303 17
3304 17
3305 17
3306 17
3307 18
3308 17
3309 18
3310 18
3311 18
3312 17
3313 18
3314 18
3315 18
3316 18
3317 17
3318 18
3319 17
3320 17
3321 17
3322 17
3323 17
3324 17
3325 17
3326 17
3327 17
3328 18
3329 17
3330 18
3331 17
3332 18
3333 17
3334 17
3335 18
3336 17
3337 18
3338 18
3339 18
3340 19
3341 18
3342 17
3343 18
3344 18
3345 19
3346 17
3347 18
3348 18
3349 18
3350 18
3351 19
3352 17
3353 17
3354 17
3355 18
3356 18
3357 18
3358 18
3359 17
3360 17
3361 17
3362 18
3363 18
3364 17
3365 17
3366 17
3367 18
3368 18
3369 18
3370 17
3371 17
3372 17
3373 19
3374 18
3375 18
3376 18
3377 17
3378 17
3379 17
3380 17
3381 17
3382 18
3383 17
3384 18
3385 18
3386 18
3387 17
3388 17
3389 17
3390 18
3391 17
3392 18
3393 18
3394 17
3395 18
3396 18
3397 18
3398 18
3399 17
3400 17
3401 18
3402 18
3403 18
3404 17
3405 17
3406 17
3407 17
3408 17
3409 17
3410 17
3411 17
3412 17
3413 17
3414 17
3415 17
3416 17
3417 18
3418 18
3419 19
3420 18
3421 17
3422 17
3423 17
3424 18
3425 17
3426 18
3427 17
3428 17
3429 17
3430 17
3431 16
3432 18
3433 17
3434 17
3435 17
3436 17
3437 17
3438 17
3439 17
3440 17
3441 19
3442 18
3443 18
3444 17
3445 17
3446 18
3447 19
3448 17
3449 17
3450 17
3451 17
3452 17
3453 18
3454 18
3455 17
3456 17
3457 17
3458 17
3459 17
3460 17
3461 17
3462 18
3463 17
3464 19
3465 18
3466 24
3467 17
3468 17
3469 19
3470 17
3471 18
3472 17
3473 17
3474 17
3475 17
3476 17
3477 17
3478 17
3479 17
3480 17
3481 18
3482 18
3483 17
3484 17
3485 17
3486 17
3487 18
3488 18
3489 17
3490 17
3491 17
3492 17
3493 17
3494 17
3495 17
3496 18
3497 17
3498 17
3499 17
3500 17
3501 17
3502 17
3503 17
3504 17
3505 18
3506 18
3507 18
3508 18
3509 17
3510 17
3511 17
3512 17
3513 17
3514 17
3515 17
3516 17
3517 17
3518 17
3519 17
3520 20
3521 18
3522 19
3523 18
3524 17
3525 17
3526 17
3527 17
3528 17
3529 17
3530 17
3531 17
3532 17
3533 18
3534 17
3535 18
3536 17
3537 18
3538 17
3539 17
3540 17
3541 17
3542 17
3543 17
3544 17
3545 17
3546 17
3547 17
3548 17
3549 17
3550 17
3551 17
3552 17
3553 17
3554 18
3555 17
3556 18
3557 18
3558 18
3559 18
3560 17
3561 17
3562 17
3563 17
3564 17
3565 18
3566 18
3567 18
3568 17
3569 18
3570 17
3571 17
3572 18
3573 17
3574 17
3575 17
3576 17
3577 17
3578 17
3579 17
3580 18
3581 18
3582 17
3583 17
3584 17
3585 17
3586 17
3587 17
3588 17
3589 17
3590 17
3591 17
3592 17
3593 17
3594 18
3595 18
3596 18
3597 17
3598 17
3599 26
3600 18
3601 17
3602 18
3603 17
3604 17
3605 17
3606 17
3607 17
3608 17
3609 17
3610 17
3611 18
3612 17
3613 17
3614 17
3615 17
3616 17
3617 18
3618 18
3619 17
3620 17
3621 17
3622 17
3623 17
3624 17
3625 17
3626 18
3627 18
3628 25
3629 18
3630 17
3631 17
3632 17
3633 17
3634 18
3635 17
3636 17
3637 17
3638 18
3639 18
3640 17
3641 17
3642 18
3643 17
3644 18
3645 17
3646 34
3647 19
3648 17
3649 26
3650 18
3651 17
3652 18
3653 17
3654 18
3655 17
3656 17
3657 17
3658 17
3659 18
3660 18
3661 18
3662 19
3663 17
3664 18
3665 17
3666 18
3667 18
3668 18
3669 17
3670 17
3671 18
3672 18
3673 17
3674 17
3675 18
3676 18
3677 18
3678 19
3679 18
3680 17
3681 18
3682 19
3683 22
3684 18
3685 18
3686 18
3687 23
3688 18
3689 17
3690 17
3691 18
3692 18
3693 19
3694 17
3695 17
3696 18
3697 18
3698 18
3699 17
3700 17
3701 18
3702 17
3703 17
3704 17
3705 17
3706 17
3707 18
3708 19
3709 18
3710 19
3711 17
3712 17
3713 17
3714 17
3715 19
3716 18
3717 18
3718 17
3719 17
3720 27
3721 18
3722 18
3723 17
3724 18
3725 18
3726 17
3727 17
3728 17
3729 18
3730 18
3731 18
3732 17
3733 17
3734 18
3735 18
3736 18
3737 20
3738 18
3739 17
3740 18
3741 18
3742 17
3743 17
3744 18
3745 18
3746 18
3747 18
3748 18
3749 18
3750 18
3751 18
3752 18
3753 17
3754 18
3755 17
3756 18
3757 18
3758 18
3759 18
3760 18
3761 17
3762 18
3763 18
3764 18
3765 18
3766 17
3767 17
3768 18
3769 18
3770 17
3771 18
3772 18
3773 29
3774 19
3775 18
3776 18
3777 17
3778 18
3779 18
3780 18
3781 18
3782 18
3783 17
3784 17
3785 17
3786 19
3787 19
3788 17
3789 18
3790 18
3791 18
3792 18
3793 19
3794 19
3795 17
3796 18
3797 17
3798 17
3799 17
3800 18
3801 17
3802 18
3803 17
3804 17
3805 18
3806 17
3807 17
3808 17
3809 20
3810 17
3811 28
3812 18
3813 17
3814 17
3815 17
3816 17
3817 17
3818 17
3819 17
3820 17
3821 17
3822 30
3823 18
3824 17
3825 18
3826 18
3827 17
3828 17
3829 17
3830 17
3831 17
3832 17
3833 17
3834 17
3835 17
3836 17
3837 18
3838 19
3839 18
3840 17
3841 17
3842 17
3843 17
3844 17
3845 17
3846 17
3847 17
3848 17
3849 17
3850 18
3851 18
3852 17
3853 17
3854 17
3855 17
3856 17
3857 17
3858 18
3859 18
3860 17
3861 18
3862 18
3863 18
3864 21
3865 18
3866 27
3867 18
3868 17
3869 17
3870 18
3871 17
3872 17
3873 17
3874 17
3875 18
3876 17
3877 19
3878 17
3879 17
3880 17
3881 17
3882 17
3883 17
3884 18
3885 18
3886 17
3887 19
3888 18
3889 18
3890 17
3891 17
3892 17
3893 17
3894 18
3895 17
3896 17
3897 17
3898 19
3899 18
3900 18
3901 17
3902 17
3903 17
3904 17
3905 17
3906 17
3907 17
3908 17
3909 17
3910 17
3911 18
3912 17
3913 17
3914 18
3915 19
3916 17
3917 18
3918 18
3919 18
3920 18
3921 18
3922 18
3923 17
3924 17
3925 18
3926 19
3927 19
3928 18
3929 18
3930 18
3931 17
3932 18
3933 17
3934 18
3935 18
3936 17
3937 19
3938 19
3939 18
3940 18
3941 18
3942 19
3943 17
3944 18
3945 18
3946 18
3947 18
3948 17
3949 17
3950 17
3951 17
3952 17
3953 18
3954 18
3955 17
3956 18
3957 18
3958 18
3959 17
3960 17
3961 18
3962 18
3963 18
3964 17
3965 17
3966 18
3967 19
3968 19
3969 18
3970 18
3971 17
3972 18
3973 17
3974 18
3975 18
3976 28
3977 19
3978 18
3979 18
3980 18
3981 18
3982 17
3983 18
3984 17
3985 17
3986 17
3987 18
3988 19
3989 17
3990 18
3991 18
3992 17
3993 17
3994 17
3995 18
3996 18
3997 18
3998 17
3999 17
4000 17
4001 19
4002 18
4003 28
4004 18
4005 18
4006 18
4007 18
4008 18
4009 18
4010 17
4011 17
4012 17
4013 17
4014 18
4015 17
4016 17
4017 17
4018 17
4019 17
4020 17
4021 17
4022 18
4023 17
4024 17
4025 18
4026 18
4027 25
4028 18
4029 17
4030 17
4031 17
4032 17
4033 17
4034 17
4035 20
4036 18
4037 18
4038 18
4039 17
4040 17
4041 17
4042 17
4043 17
4044 17
4045 17
4046 17
4047 18
4048 18
4049 17
4050 18
4051 17
4052 18
4053 18
4054 17
4055 17
4056 17
4057 17
4058 18
4059 18
4060 18
4061 17
4062 17
4063 17
4064 17
4065 19
4066 17
4067 17
4068 18
4069 18
4070 17
4071 17
4072 17
4073 17
4074 17
4075 17
4076 18
4077 18
4078 18
4079 18
4080 17
4081 27
4082 18
4083 17
4084 17
4085 17
4086 17
4087 17
4088 17
4089 17
4090 18
4091 18
4092 26
4093 18
4094 17
4095 17
4096 17
4097 17
4098 19
4099 20
4100 17
4101 17
4102 17
4103 17
4104 17
4105 17
4106 17
4107 18
4108 18
4109 18
4110 18
4111 18
4112 17
4113 17
4114 18
4115 18
4116 17
4117 17
4118 17
4119 18
4120 17
4121 17
4122 18
4123 18
4124 18
4125 17
4126 18
4127 18
4128 18
4129 18
4130 17
4131 18
4132 18
4133 17
4134 17
4135 17
4136 17
4137 17
4138 18
4139 17
4140 17
4141 17
4142 21
4143 17
4144 18
4145 17
4146 17
4147 18
4148 17
4149 17
4150 17
4151 17
4152 18
4153 18
4154 26
4155 18
4156 18
4157 17
4158 17
4159 17
4160 18
4161 18
4162 17
4163 19
4164 18
4165 17
4166 17
4167 16
4168 17
4169 18
4170 17
4171 17
4172 17
4173 17
4174 17
4175 17
4176 18
4177 18
4178 18
4179 27
4180 19
4181 18
4182 19
4183 18
4184 17
4185 18
4186 17
4187 18
4188 18
4189 17
4190 18
4191 17
4192 18
4193 17
4194 17
4195 17
4196 17
4197 17
4198 18
4199 17
4200 17
4201 17
4202 18
4203 18
4204 18
4205 18
4206 18
4207 18
4208 18
4209 17
4210 18
4211 17
4212 17
4213 18
4214 18
4215 18
4216 19
4217 17
4218 17
4219 18
4220 17
4221 18
4222 17
4223 17
4224 18
4225 17
4226 17
4227 18
4228 17
4229 17
4230 17
4231 17
4232 17
4233 17
4234 17
4235 18
4236 17
4237 17
4238 17
4239 17
4240 17
4241 28
4242 18
4243 18
4244 18
4245 17
4246 17
4247 17
4248 17
4249 17
4250 17
4251 17
4252 17
4253 17
4254 17
4255 18
4256 17
4257 18
4258 17
4259 17
4260 17
4261 17
4262 17
4263 17
4264 17
4265 17
4266 17
4267 17
4268 17
4269 17
4270 17
4271 17
4272 17
4273 17
4274 17
4275 17
4276 17
4277 17
4278 18
4279 17
4280 17
4281 17
4282 17
4283 17
4284 17
4285 18
4286 17
4287 17
4288 17
4289 18
4290 17
4291 19
4292 17
4293 17
4294 17
4295 17
4296 17
4297 17
4298 17
4299 17
4300 17
4301 16
4302 17
4303 17
4304 17
4305 17
4306 17
4307 17
4308 17
4309 17
4310 18
4311 18
4312 17
4313 17
4314 17
4315 17
4316 17
4317 17
4318 17
4319 17
4320 17
4321 17
4322 17
4323 17
4324 17
4325 17
4326 17
4327 17
4328 17
4329 17
4330 17
4331 17
4332 17
4333 17
4334 17
4335 17
4336 17
4337 17
4338 19
4339 17
4340 17
4341 17
4342 17
4343 17
4344 18
4345 17
4346 17
4347 17
4348 17
4349 17
4350 17
4351 17
4352 17
4353 17
4354 17
4355 19
4356 17
4357 17
4358 17
4359 272
4360 32
4361 17
4362 28
4363 19
4364 17
4365 17
4366 18
4367 17
4368 17
4369 17
4370 17
4371 17
4372 17
4373 17
4374 17
4375 17
4376 17
4377 17
4378 17
4379 17
4380 17
4381 18
4382 17
4383 17
4384 17
4385 18
4386 17
4387 19
4388 18
4389 17
4390 17
4391 18
4392 18
4393 17
4394 17
4395 16
4396 18
4397 20
4398 17
4399 17
4400 17
4401 21
4402 18
4403 17
4404 17
4405 17
4406 17
4407 19
4408 17
4409 17
4410 18
4411 18
4412 17
4413 17
4414 17
4415 16
4416 17
4417 17
4418 17
4419 18
4420 17
4421 17
4422 17
4423 18
4424 19
4425 18
4426 17
4427 17
4428 17
4429 17
4430 17
4431 17
4432 19
4433 17
4434 17
4435 17
4436 17
4437 17
4438 16
4439 17
4440 27
4441 18
4442 17
4443 17
4444 18
4445 20
4446 17
4447 17
4448 17
4449 17
4450 17
4451 17
4452 17
4453 17
4454 17
4455 17
4456 17
4457 17
4458 18
4459 17
4460 17
4461 17
4462 17
4463 17
4464 17
4465 17
4466 17
4467 17
4468 17
4469 17
4470 17
4471 17
4472 17
4473 16
4474 18
4475 19
4476 17
4477 17
4478 17
4479 18
4480 17
4481 17
4482 17
4483 17
4484 17
4485 17
4486 17
4487 17
4488 18
4489 18
4490 18
4491 18
4492 19
4493 17
4494 18
4495 18
4496 26
4497 18
4498 17
4499 17
4500 17
4501 17
4502 17
4503 18
4504 18
4505 21
4506 18
4507 18
4508 17
4509 19
4510 17
4511 17
4512 17
4513 18
4514 19
4515 18
4516 18
4517 18
4518 18
4519 19
4520 17
4521 18
4522 17
4523 17
4524 19
4525 19
4526 29
4527 18
4528 17
4529 17
4530 17
4531 17
4532 17
4533 17
4534 18
4535 18
4536 18
4537 17
4538 18
4539 18
4540 17
4541 17
4542 17
4543 17
4544 17
4545 17
4546 27
4547 19
4548 17
4549 17
4550 17
4551 17
4552 18
4553 18
4554 17
4555 17
4556 18
4557 17
4558 17
4559 18
4560 17
4561 18
4562 18
4563 18
4564 17
4565 18
4566 17
4567 17
4568 17
4569 17
4570 18
4571 18
4572 18
4573 20
4574 18
4575 18
4576 17
4577 17
4578 17
4579 18
4580 18
4581 18
4582 19
4583 18
4584 17
4585 17
4586 18
4587 18
4588 18
4589 18
4590 17
4591 17
4592 17
4593 17
4594 17
4595 17
4596 18
4597 18
4598 17
4599 18
4600 18
4601 18
4602 18
4603 18
4604 18
4605 18
4606 17
4607 17
4608 18
4609 18
4610 18
4611 17
4612 18
4613 17
4614 18
4615 17
4616 17
4617 18
4618 17
4619 18
4620 18
4621 18
4622 18
4623 17
4624 17
4625 17
4626 17
4627 17
4628 17
4629 17
4630 17
4631 17
4632 17
4633 17
4634 17
4635 17
4636 18
4637 20
4638 18
4639 18
4640 18
4641 18
4642 19
4643 18
4644 18
4645 17
4646 17
4647 19
4648 18
4649 18
4650 17
4651 17
4652 17
4653 17
4654 17
4655 17
4656 17
4657 17
4658 17
4659 17
4660 18
4661 18
4662 18
4663 18
4664 17
4665 17
4666 17
4667 17
4668 18
4669 18
4670 18
4671 17
4672 18
4673 18
4674 18
4675 18
4676 31
4677 18
4678 17
4679 17
4680 17
4681 17
4682 17
4683 17
4684 17
4685 17
4686 17
4687 19
4688 17
4689 17
4690 17
4691 18
4692 19
4693 18
4694 17
4695 18
4696 17
4697 17
4698 17
4699 17
4700 17
4701 20
4702 17
4703 17
4704 17
4705 31
4706 17
4707 17
4708 17
4709 17
4710 18
4711 17
4712 17
4713 17
4714 17
4715 17
4716 17
4717 17
4718 17
4719 17
4720 17
4721 17
4722 17
4723 17
4724 17
4725 18
4726 17
4727 17
4728 17
4729 17
4730 17
4731 17
4732 17
4733 17
4734 17
4735 17
4736 18
4737 17
4738 19
4739 18
4740 17
4741 17
4742 18
4743 19
4744 17
4745 17
4746 17
4747 17
4748 17
4749 18
4750 17
4751 19
4752 18
4753 17
4754 17
4755 17
4756 17
4757 17
4758 18
4759 18
4760 17
4761 18
4762 18
4763 17
4764 17
4765 19
4766 17
4767 17
4768 17
4769 17
4770 17
4771 17
4772 16
4773 17
4774 17
4775 17
4776 17
4777 17
4778 17
4779 17
4780 17
4781 17
4782 17
4783 17
4784 17
4785 17
4786 17
4787 17
4788 17
4789 17
4790 17
4791 16
4792 17
4793 17
4794 17
4795 18
4796 17
4797 17
4798 17
4799 17
4800 17
4801 17
4802 16
4803 17
4804 17
4805 17
4806 17
4807 17
4808 17
4809 17
4810 17
4811 17
4812 17
4813 16
4814 18
4815 17
4816 17
4817 17
4818 18
4819 17
4820 17
4821 17
4822 17
4823 17
4824 17
4825 17
4826 17
4827 17
4828 17
4829 19
4830 17
4831 18
4832 17
4833 17
4834 17
4835 18
4836 17
4837 17
4838 19
4839 17
4840 17
4841 17
4842 17
4843 17
4844 17
4845 18
4846 17
4847 17
4848 17
4849 18
4850 17
4851 17
4852 17
4853 17
4854 17
4855 17
4856 17
4857 17
4858 17
4859 17
4860 17
4861 18
4862 18
4863 17
4864 17
4865 17
4866 17
4867 17
4868 17
4869 17
4870 17
4871 17
4872 17
4873 17
4874 17
4875 16
4876 17
4877 17
4878 17
4879 17
4880 18
4881 17
4882 17
4883 18
4884 17
4885 17
4886 17
4887 17
4888 19
4889 17
4890 17
4891 17
4892 17
4893 19
4894 17
4895 18
4896 17
4897 17
4898 17
4899 17
4900 17
4901 17
4902 18
4903 17
4904 17
4905 17
4906 17
4907 17
4908 17
4909 17
4910 17
4911 17
4912 17
4913 17
4914 17
4915 17
4916 17
4917 17
4918 17
4919 17
4920 17
4921 17
4922 17
4923 17
4924 17
4925 18
4926 17
4927 17
4928 17
4929 17
4930 17
4931 17
4932 17
4933 17
4934 17
4935 17
4936 17
4937 26
4938 18
4939 17
4940 17
4941 17
4942 18
4943 19
4944 17
4945 17
4946 17
4947 17
4948 17
4949 16
4950 17
4951 17
4952 18
4953 17
4954 17
4955 17
4956 16
4957 19
4958 17
4959 18
4960 18
4961 17
4962 17
4963 18
4964 18
4965 17
4966 18
4967 17
4968 18
4969 17
4970 17
4971 17
4972 17
4973 17
4974 17
4975 18
4976 19
4977 18
4978 18
4979 17
4980 17
4981 19
4982 17
4983 17
4984 17
4985 17
4986 17
4987 18
4988 18
4989 17
4990 17
4991 18
4992 17
4993 17
4994 17
4995 17
4996 17
4997 18
4998 18
4999 18
5000 17
5001 18
5002 18
5003 18
5004 17
5005 17
5006 17
5007 17
5008 17
5009 17
5010 17
5011 17
5012 18
5013 18
5014 18
5015 19
5016 18
5017 17
5018 18
5019 16
5020 17
5021 18
5022 17
5023 16
5024 17
5025 17
5026 17
5027 19
5028 18
5029 17
5030 17
5031 17
5032 17
5033 17
5034 17
5035 17
5036 17
5037 17
5038 17
5039 17
5040 17
5041 17
5042 17
5043 18
5044 18
5045 17
5046 17
5047 18
5048 17
5049 19
5050 18
5051 18
5052 17
5053 17
5054 17
5055 18
5056 18
5057 18
5058 17
5059 17
5060 18
5061 18
5062 17
5063 17
5064 17
5065 18
5066 18
5067 17
5068 27
5069 18
5070 22
5071 18
5072 28
5073 18
5074 17
5075 18
5076 18
5077 18
5078 18
5079 17
5080 17
5081 17
5082 18
5083 18
5084 18
5085 20
5086 18
5087 17
5088 17
5089 17
5090 17
5091 17
5092 17
5093 17
5094 17
5095 17
5096 17
5097 17
5098 17
5099 18
5100 18
5101 19
5102 18
5103 17
5104 18
5105 18
5106 19
5107 17
5108 18
5109 19
5110 17
5111 19
5112 19
5113 18
5114 17
5115 19
5116 18
5117 17
5118 17
5119 17
5120 17
5121 18
5122 18
5123 19
5124 17
5125 17
5126 17
5127 17
5128 17
5129 16
5130 17
5131 17
5132 18
5133 17
5134 18
5135 17
5136 17
5137 17
5138 17
5139 17
5140 17
5141 17
5142 17
5143 17
5144 25
5145 18
5146 17
5147 17
5148 18
5149 20
5150 18
5151 17
5152 18
5153 17
5154 17
5155 17
5156 16
5157 17
5158 17
5159 17
5160 17
5161 17
5162 18
5163 17
5164 17
5165 17
5166 17
5167 17
5168 17
5169 17
5170 17
5171 17
5172 17
5173 17
5174 17
5175 17
5176 17
5177 17
5178 17
5179 17
5180 20
5181 17
5182 17
5183 17
5184 17
5185 17
5186 17
5187 17
5188 17
5189 17
5190 17
5191 17
5192 17
5193 17
5194 18
5195 17
5196 19
5197 17
5198 17
5199 17
5200 17
5201 17
5202 17
5203 17
5204 17
5205 17
5206 17
5207 17
5208 17
5209 17
5210 17
5211 18
5212 18
5213 20
5214 18
5215 18
5216 27
5217 18
5218 17
5219 17
5220 17
5221 17
5222 17
5223 18
5224 18
5225 18
5226 17
5227 17
5228 17
5229 17
5230 17
5231 17
5232 17
5233 17
5234 17
5235 17
5236 17
5237 17
5238 18
5239 19
5240 18
5241 17
5242 18
5243 18
5244 17
5245 17
5246 18
5247 27
5248 18
5249 18
5250 19
5251 18
5252 18
5253 17
5254 18
5255 18
5256 18
5257 17
5258 17
5259 17
5260 18
5261 19
5262 18
5263 18
5264 18
5265 18
5266 17
5267 17
5268 17
5269 17
5270 17
5271 17
5272 18
5273 17
5274 18
5275 17
5276 17
5277 20
5278 17
5279 17
5280 18
5281 17
5282 17
5283 19
5284 19
5285 18
5286 17
5287 17
5288 17
5289 17
5290 17
5291 17
5292 17
5293 17
5294 17
5295 17
5296 17
5297 17
5298 17
5299 17
5300 17
5301 19
5302 18
5303 17
5304 17
5305 17
5306 18
5307 17
5308 17
5309 17
5310 17
5311 18
5312 18
5313 17
5314 17
5315 17
5316 17
5317 17
5318 18
5319 18
5320 17
5321 17
5322 17
5323 17
5324 17
5325 17
5326 17
5327 17
5328 17
5329 17
5330 17
5331 17
5332 17
5333 17
5334 18
5335 19
5336 18
5337 17
5338 17
5339 17
5340 17
5341 19
5342 17
5343 17
5344 17
5345 17
5346 17
5347 17
5348 16
5349 17
5350 17
5351 17
5352 17
5353 17
5354 17
5355 17
5356 17
5357 17
5358 17
5359 17
5360 17
5361 17
5362 16
5363 17
5364 17
5365 17
5366 17
5367 17
5368 17
5369 17
5370 17
5371 17
5372 17
5373 17
5374 17
5375 17
5376 18
5377 18
5378 18
5379 17
5380 17
5381 17
5382 18
5383 17
5384 17
5385 17
5386 18
5387 19
5388 18
5389 17
5390 17
5391 27
5392 18
5393 17
5394 17
5395 17
5396 18
5397 19
5398 17
5399 18
5400 17
5401 17
5402 17
5403 17
5404 17
5405 20
5406 18
5407 17
5408 17
5409 17
5410 17
5411 17
5412 17
5413 17
5414 17
5415 17
5416 17
5417 17
5418 17
5419 18
5420 17
5421 17
5422 17
5423 18
5424 17
5425 17
5426 17
5427 17
5428 31
5429 18
5430 18
5431 18
5432 19
5433 17
5434 18
5435 18
5436 17
5437 17
5438 17
5439 18
5440 17
5441 17
5442 17
5443 17
5444 18
5445 18
5446 18
5447 17
5448 17
5449 18
5450 18
5451 18
5452 18
5453 18
5454 28
5455 18
5456 17
5457 17
5458 17
5459 17
5460 17
5461 17
5462 17
5463 17
5464 17
5465 17
5466 17
5467 17
5468 17
5469 17
5470 17
5471 17
5472 17
5473 17
5474 18
5475 17
5476 17
5477 17
5478 18
5479 17
5480 17
5481 17
5482 17
5483 17
5484 18
5485 18
5486 18
5487 18
5488 17
5489 18
5490 17
5491 18
5492 18
5493 17
5494 17
5495 17
5496 18
5497 18
5498 17
5499 18
5500 18
5501 17
5502 17
5503 18
5504 18
5505 17
5506 17
5507 17
5508 17
5509 18
5510 18
5511 18
5512 18
5513 18
5514 17
5515 17
5516 19
5517 17
5518 17
5519 17
5520 18
5521 18
5522 20
5523 18
5524 17
5525 17
5526 18
5527 17
5528 17
5529 17
5530 17
5531 17
5532 18
5533 18
5534 17
5535 17
5536 18
5537 18
5538 18
5539 17
5540 17
5541 17
5542 17
5543 17
5544 18
5545 18
5546 18
5547 18
5548 17
5549 17
5550 18
5551 17
5552 17
5553 17
5554 18
5555 18
5556 18
5557 18
5558 18
5559 17
5560 17
5561 20
5562 18
5563 18
5564 17
5565 18
5566 18
5567 18
5568 18
5569 17
5570 17
5571 18
5572 18
5573 17
5574 17
5575 17
5576 17
5577 17
5578 17
5579 17
5580 18
5581 17
5582 18
5583 19
5584 19
5585 17
5586 17
5587 17
5588 18
5589 17
5590 18
5591 17
5592 17
5593 17
5594 17
5595 16
5596 17
5597 19
5598 17
5599 18
5600 18
5601 18
5602 17
5603 17
5604 18
5605 18
5606 17
5607 17
5608 17
5609 16
5610 27
5611 18
5612 18
5613 18
5614 18
5615 18
5616 18
5617 17
5618 18
5619 17
5620 17
5621 17
5622 17
5623 17
5624 18
5625 17
5626 17
5627 18
5628 18
5629 18
5630 18
5631 17
5632 17
5633 17
5634 17
5635 17
5636 17
5637 17
5638 17
5639 17
5640 18
5641 17
5642 17
5643 17
5644 19
5645 19
5646 18
5647 17
5648 17
5649 17
5650 17
5651 17
5652 17
5653 17
5654 17
5655 27
5656 18
5657 17
5658 18
5659 18
5660 17
5661 17
5662 17
5663 17
5664 18
5665 18
5666 18
5667 20
5668 18
5669 18
5670 18
5671 18
5672 18
5673 18
5674 18
5675 18
5676 18
5677 27
5678 18
5679 17
5680 17
5681 17
5682 17
5683 17
5684 18
5685 17
5686 17
5687 17
5688 18
5689 20
5690 18
5691 17
5692 18
5693 18
5694 18
5695 18
5696 17
5697 17
5698 17
5699 17
5700 17
5701 18
5702 18
5703 17
5704 17
5705 18
5706 18
5707 17
5708 17
5709 18
5710 18
5711 19
5712 17
5713 18
5714 18
5715 18
5716 18
5717 17
5718 17
5719 18
5720 18
5721 17
5722 17
5723 17
5724 17
5725 17
5726 17
5727 27
5728 19
5729 17
5730 17
5731 17
5732 18
5733 18
5734 18
5735 18
5736 18
5737 18
5738 17
5739 19
5740 17
5741 18
5742 18
5743 18
5744 18
5745 17
5746 17
5747 17
5748 17
5749 27
5750 18
5751 17
5752 17
5753 17
5754 17
5755 17
5756 18
5757 18
5758 17
5759 17
5760 17
5761 17
5762 17
5763 17
5764 17
5765 18
5766 19
5767 18
5768 18
5769 18
5770 18
5771 17
5772 18
5773 18
5774 32
5775 18
5776 17
5777 17
5778 18
5779 18
5780 17
5781 17
5782 18
5783 19
5784 17
5785 17
5786 18
5787 18
5788 18
5789 17
5790 17
5791 17
5792 17
5793 18
5794 19
5795 17
5796 18
5797 17
5798 17
5799 18
5800 18
5801 18
5802 17
5803 18
5804 27
5805 19
5806 18
5807 18
5808 17
5809 17
5810 17
5811 17
5812 17
5813 18
5814 17
5815 24
5816 18
5817 18
5818 17
5819 18
5820 18
5821 18
5822 17
5823 17
5824 18
5825 18
5826 18
5827 17
5828 18
5829 17
5830 17
5831 17
5832 17
5833 17
5834 17
5835 17
5836 17
5837 17
5838 17
5839 19
5840 19
5841 18
5842 17
5843 17
5844 18
5845 17
5846 17
5847 17
5848 17
5849 19
5850 18
5851 17
5852 18
5853 18
5854 17
5855 17
5856 17
5857 17
5858 17
5859 17
5860 18
5861 18
5862 18
5863 18
5864 17
5865 17
5866 19
5867 18
5868 18
5869 17
5870 17
5871 18
5872 17
5873 17
5874 17
5875 17
5876 17
5877 17
5878 17
5879 17
5880 18
5881 18
5882 27
5883 18
5884 18
5885 18
5886 18
5887 17
5888 17
5889 17
5890 17
5891 18
5892 17
5893 17
5894 17
5895 17
5896 18
5897 17
5898 17
5899 18
5900 18
5901 17
5902 17
5903 17
5904 17
5905 17
5906 26
5907 18
5908 17
5909 17
5910 18
5911 17
5912 18
5913 18
5914 18
5915 18
5916 18
5917 17
5918 17
5919 17
5920 17
5921 25
5922 18
5923 18
5924 18
5925 18
5926 18
5927 18
5928 18
5929 17
5930 17
5931 17
5932 17
5933 18
5934 18
5935 17
5936 17
5937 17
5938 18
5939 19
5940 18
5941 17
5942 17
5943 18
5944 18
5945 17
5946 17
5947 17
5948 17
5949 18
5950 18
5951 38
5952 19
5953 18
5954 18
5955 19
5956 18
5957 18
5958 17
5959 18
5960 17
5961 17
5962 17
5963 17
5964 17
5965 18
5966 17
5967 17
5968 17
5969 17
5970 17
5971 19
5972 18
5973 17
5974 18
5975 17
5976 17
5977 17
5978 17
5979 17
5980 18
5981 18
5982 18
5983 18
5984 17
5985 17
5986 17
5987 26
5988 18
5989 17
5990 17
5991 17
5992 17
5993 17
5994 17
5995 17
5996 17
5997 17
5998 25
5999 19
6000 18
6001 17
6002 17
6003 17
6004 18
6005 17
6006 18
6007 18
6008 18
6009 18
6010 17
6011 17
6012 17
6013 18
6014 17
6015 18
6016 18
6017 17
6018 18
6019 18
6020 18
6021 17
6022 17
6023 18
6024 18
6025 18
6026 18
6027 18
6028 17
6029 18
6030 18
6031 17
6032 19
6033 18
6034 18
6035 17
6036 17
6037 17
6038 17
6039 17
6040 17
6041 17
6042 17
6043 19
6044 19
6045 18
6046 18
6047 18
6048 18
6049 17
6050 17
6051 18
6052 17
6053 17
6054 18
6055 18
6056 17
6057 18
6058 17
6059 17
6060 18
6061 17
6062 18
6063 17
6064 17
6065 17
6066 17
6067 17
6068 17
6069 17
6070 17
6071 18
6072 17
6073 18
6074 17
6075 17
6076 17
6077 17
6078 18
6079 17
6080 17
6081 17
6082 17
6083 17
6084 19
6085 18
6086 19
6087 18
6088 18
6089 18
6090 18
6091 17
6092 17
6093 17
6094 17
6095 17
6096 17
6097 17
6098 17
6099 17
6100 17
6101 17
6102 17
6103 17
6104 18
6105 27
6106 19
6107 18
6108 17
6109 18
6110 19
6111 19
6112 18
6113 17
6114 17
6115 18
6116 17
6117 17
6118 17
6119 18
6120 18
6121 17
6122 17
6123 17
6124 17
6125 17
6126 18
6127 18
6128 18
6129 18
6130 19
6131 18
6132 28
6133 18
6134 17
6135 17
6136 17
6137 25
6138 18
6139 17
6140 17
6141 17
6142 17
6143 17
6144 17
6145 17
6146 17
6147 17
6148 24
6149 18
6150 18
6151 18
6152 18
6153 18
6154 17
6155 17
6156 18
6157 18
6158 18
6159 17
6160 18
6161 17
6162 17
6163 17
6164 17
6165 17
6166 17
6167 17
6168 17
6169 17
6170 17
6171 18
6172 18
6173 18
6174 17
6175 17
6176 18
6177 17
6178 18
6179 18
6180 19
6181 18
6182 17
6183 17
6184 18
6185 18
6186 17
6187 17
6188 19
6189 18
6190 18
6191 17
6192 17
6193 17
6194 17
6195 17
6196 17
6197 17
6198 17
6199 17
6200 18
6201 18
6202 17
6203 17
6204 17
6205 17
6206 18
6207 17
6208 17
6209 17
6210 17
6211 17
6212 17
6213 17
6214 17
6215 17
6216 18
6217 18
6218 18
6219 18
6220 17
6221 27
6222 18
6223 18
6224 17
6225 17
6226 17
6227 17
6228 17
6229 17
6230 17
6231 17
6232 24
6233 18
6234 17
6235 18
6236 18
6237 17
6238 18
6239 17
6240 18
6241 18
6242 17
6243 18
6244 18
6245 18
6246 17
6247 18
6248 18
6249 18
6250 17
6251 17
6252 17
6253 17
6254 17
6255 17
6256 17
6257 17
6258 17
6259 17
6260 17
6261 17
6262 17
6263 18
6264 19
6265 18
6266 17
6267 18
6268 17
6269 17
6270 18
6271 17
6272 19
6273 17
6274 18
6275 17
6276 18
6277 17
6278 17
6279 18
6280 17
6281 18
6282 18
6283 17
6284 18
6285 18
6286 17
6287 17
6288 18
6289 19
6290 18
6291 18
6292 17
6293 17
6294 17
6295 17
6296 17
6297 17
6298 17
6299 16
6300 18
6301 17
6302 17
6303 17
6304 17
6305 17
6306 17
6307 17
6308 27
6309 17
6310 17
6311 28
6312 18
6313 17
6314 17
6315 17
6316 17
6317 17
6318 17
6319 17
6320 17
6321 17
6322 17
6323 17
6324 17
6325 17
6326 17
6327 25
6328 17
6329 18
6330 17
6331 17
6332 17
6333 18
6334 18
6335 18
6336 18
6337 18
6338 17
6339 17
6340 17
6341 17
6342 17
6343 17
6344 18
6345 18
6346 17
6347 17
6348 17
6349 20
6350 18
6351 27
6352 18
6353 18
6354 17
6355 17
6356 17
6357 17
6358 16
6359 17
6360 17
6361 18
6362 17
6363 18
6364 17
6365 18
6366 18
6367 18
6368 18
6369 18
6370 18
6371 17
6372 19
6373 17
6374 17
6375 18
6376 19
6377 18
6378 17
6379 17
6380 17
6381 17
6382 18
6383 18
6384 18
6385 18
6386 20
6387 17
6388 17
6389 17
6390 18
6391 17
6392 17
6393 18
6394 18
6395 18
6396 17
6397 17
6398 18
6399 18
6400 19
6401 17
6402 17
6403 17
6404 17
6405 17
6406 17
6407 17
6408 17
6409 17
6410 18
6411 17
6412 17
6413 17
6414 16
6415 17
6416 17
6417 16
6418 17
6419 16
6420 17
6421 17
6422 17
6423 17
6424 17
6425 17
6426 19
6427 17
6428 18
6429 19
6430 18
6431 17
6432 18
6433 18
6434 17
6435 17
6436 17
6437 17
6438 17
6439 18
6440 17
6441 17
6442 17
6443 17
6444 17
6445 18
6446 18
6447 17
6448 18
6449 17
6450 29
6451 19
6452 18
6453 18
6454 17
6455 17
6456 17
6457 17
6458 18
6459 18
6460 18
6461 18
6462 19
6463 17
6464 18
6465 17
6466 18
6467 19
6468 18
6469 17
6470 18
6471 17
6472 17
6473 17
6474 17
6475 17
6476 17
6477 17
6478 17
6479 18
6480 17
6481 17
6482 17
6483 17
6484 18
6485 27
6486 35
6487 17
6488 18
6489 18
6490 19
6491 17
6492 17
6493 17
6494 17
6495 17
6496 17
6497 17
6498 18
6499 17
6500 17
6501 17
6502 17
6503 17
6504 17
6505 17
6506 17
6507 17
6508 17
6509 18
6510 17
6511 17
6512 27
6513 18
6514 20
6515 17
6516 16
6517 18
6518 17
6519 17
6520 17
6521 17
6522 17
6523 17
6524 17
6525 17
6526 17
6527 17
6528 19
6529 19
6530 18
6531 18
6532 17
6533 17
6534 16
6535 17
6536 17
6537 17
6538 17
6539 17
6540 18
6541 17
6542 17
6543 17
6544 17
6545 17
6546 17
6547 17
6548 17
6549 17
6550 17
6551 27
6552 18
6553 17
6554 18
6555 18
6556 18
6557 17
6558 17
6559 17
6560 17
6561 17
6562 17
6563 17
6564 17
6565 17
6566 17
6567 17
6568 18
6569 17
6570 17
6571 17
6572 17
6573 17
6574 17
6575 17
6576 17
6577 17
6578 19
6579 17
6580 17
6581 17
6582 17
6583 17
6584 18
6585 17
6586 17
6587 17
6588 17
6589 17
6590 17
6591 17
6592 17
6593 17
6594 17
6595 17
6596 17
6597 18
6598 27
6599 18
6600 18
6601 17
6602 17
6603 17
6604 17
6605 17
6606 17
6607 18
6608 27
6609 18
6610 18
6611 17
6612 17
6613 17
6614 17
6615 17
6616 17
6617 17
6618 18
6619 19
6620 18
6621 17
6622 17
6623 17
6624 17
6625 17
6626 17
6627 17
6628 17
6629 18
6630 18
6631 18
6632 17
6633 17
6634 17
6635 18
6636 18
6637 18
6638 18
6639 17
6640 17
6641 17
6642 19
6643 17
6644 17
6645 17
6646 17
6647 18
6648 18
6649 18
6650 17
6651 27
6652 18
6653 17
6654 18
6655 17
6656 17
6657 17
6658 18
6659 18
6660 17
6661 17
6662 18
6663 18
6664 193
6665 24
6666 17
6667 17
6668 18
6669 18
6670 17
6671 28
6672 19
6673 18
6674 17
6675 17
6676 17
6677 17
6678 17
6679 17
6680 17
6681 18
6682 19
6683 18
6684 17
6685 18
6686 18
6687 17
6688 18
6689 18
6690 18
6691 17
6692 18
6693 18
6694 18
6695 18
6696 17
6697 17
6698 27
6699 18
6700 18
6701 17
6702 17
6703 18
6704 18
6705 18
6706 18
6707 17
6708 17
6709 18
6710 19
6711 18
6712 17
6713 17
6714 18
6715 19
6716 17
6717 17
6718 18
6719 17
6720 17
6721 17
6722 17
6723 18
6724 17
6725 17
6726 18
6727 18
6728 18
6729 18
6730 18
6731 17
6732 18
6733 18
6734 18
6735 17
6736 18
6737 17
6738 17
6739 17
6740 17
6741 16
6742 17
6743 18
6744 17
6745 17
6746 17
6747 17
6748 17
6749 17
6750 17
6751 17
6752 17
6753 17
6754 18
6755 18
6756 17
6757 17
6758 18
6759 17
6760 18
6761 17
6762 18
6763 17
6764 17
6765 17
6766 17
6767 18
6768 17
6769 18
6770 18
6771 18
6772 18
6773 17
6774 17
6775 17
6776 17
6777 17
6778 17
6779 17
6780 17
6781 18
6782 18
6783 18
6784 18
6785 17
6786 17
6787 18
6788 17
6789 17
6790 17
6791 17
6792 17
6793 17
6794 17
6795 17
6796 17
6797 17
6798 17
6799 18
6800 18
6801 17
6802 17
6803 17
6804 17
6805 17
6806 17
6807 19
6808 19
6809 19
6810 17
6811 17
6812 19
6813 17
6814 20
6815 17
6816 17
6817 17
6818 17
6819 17
6820 17
6821 18
6822 18
6823 18
6824 18
6825 16
6826 18
6827 19
6828 17
6829 17
6830 16
6831 17
6832 17
6833 17
6834 17
6835 17
6836 18
6837 17
6838 17
6839 17
6840 18
6841 19
6842 19
6843 17
6844 29
6845 18
6846 18
6847 18
6848 17
6849 18
6850 19
6851 18
6852 19
6853 17
6854 17
6855 17
6856 17
6857 17
6858 18
6859 17
6860 18
6861 19
6862 17
6863 18
6864 17
6865 17
6866 18
6867 20
6868 19
6869 18
6870 17
6871 17
6872 17
6873 17
6874 17
6875 19
6876 18
6877 17
6878 26
6879 19
6880 17
6881 17
6882 40
6883 20
6884 22
6885 19
6886 18
6887 18
6888 18
6889 19
6890 19
6891 17
6892 17
6893 17
6894 17
6895 17
6896 17
6897 19
6898 20
6899 20
6900 24
6901 21
6902 20
6903 19
6904 20
6905 19
6906 18
6907 18
6908 18
6909 18
6910 39
6911 19
6912 21
6913 21
6914 24
6915 18
6916 19
6917 18
6918 19
6919 18
6920 19
6921 16
6922 17
6923 18
6924 17
6925 17
6926 17
6927 17
6928 17
6929 17
6930 19
6931 17
6932 18
6933 18
6934 16
6935 18
6936 19
6937 18
6938 18
6939 19
6940 18
6941 19
6942 27
6943 18
6944 18
6945 18
6946 19
6947 18
6948 17
6949 19
6950 19
6951 16
6952 17
6953 18
6954 19
6955 18
6956 18
6957 22
6958 20
6959 22
6960 17
6961 17
6962 18
6963 18
6964 18
6965 17
6966 17
6967 17
6968 17
6969 18
6970 17
6971 18
6972 18
6973 17
6974 17
6975 17
6976 18
6977 17
6978 18
6979 20
6980 18
6981 18
6982 18
6983 17
6984 18
6985 18
6986 17
6987 18
6988 19
6989 18
6990 20
6991 21
6992 22
6993 34
6994 20
6995 20
6996 17
6997 30
6998 18
6999 18
7000 18
7001 18
7002 18
7003 17
7004 34
7005 18
7006 28
7007 19
7008 20
7009 18
7010 19
7011 17
7012 22
7013 21
7014 19
7015 20
7016 19
7017 18
7018 19
7019 17
7020 18
7021 21
7022 17
7023 19
7024 19
7025 18
7026 17
7027 18
7028 18
7029 18
7030 19
7031 18
7032 18
7033 18
7034 18
7035 19
7036 19
7037 20
7038 18
7039 18
7040 19
7041 19
7042 16
7043 17
7044 19
7045 18
7046 18
7047 19
7048 18
7049 18
7050 18
7051 18
7052 18
7053 17
7054 18
7055 17
7056 19
7057 17
7058 19
7059 17
7060 18
7061 17
7062 20
7063 20
7064 22
7065 18
7066 18
7067 19
7068 18
7069 17
7070 23
7071 18
7072 18
7073 19
7074 17
7075 18
7076 18
7077 23
7078 21
7079 17
7080 19
7081 17
7082 17
7083 18
7084 17
7085 18
7086 17
7087 17
7088 18
7089 18
7090 18
7091 17
7092 19
7093 21
7094 17
7095 19
7096 19
7097 36
7098 21
7099 20
7100 18
7101 17
7102 17
7103 18
7104 19
7105 19
7106 18
7107 19
7108 20
7109 22
7110 19
7111 17
7112 17
7113 17
7114 18
7115 17
7116 18
7117 18
7118 19
7119 17
7120 18
7121 18
7122 17
7123 17
7124 20
7125 21
7126 17
7127 18
7128 18
7129 19
7130 18
7131 17
7132 19
7133 18
7134 22
7135 19
7136 19
7137 18
7138 18
7139 17
7140 20
7141 21
7142 18
7143 18
7144 18
7145 17
7146 18
7147 18
7148 17
7149 17
7150 19
7151 21
7152 20
7153 20
7154 18
7155 18
7156 19
7157 18
7158 17
7159 17
7160 19
7161 35
7162 19
7163 19
7164 18
7165 19
7166 19
7167 18
7168 18
7169 18
7170 17
7171 18
7172 19
7173 17
7174 20
7175 19
7176 18
7177 21
7178 20
7179 18
7180 19
7181 17
7182 20
7183 20
7184 17
7185 18
7186 18
7187 18
7188 18
7189 18
7190 17
7191 18
7192 17
7193 17
7194 19
7195 19
7196 18
7197 19
7198 22
7199 18
7200 17
7201 18
7202 19
7203 17
7204 17
7205 19
7206 18
7207 17
7208 18
7209 17
7210 19
7211 21
7212 20
7213 20
7214 17
7215 18
7216 17
7217 17
7218 17
7219 19
7220 18
7221 17
7222 19
7223 19
7224 17
7225 34
7226 20
7227 19
7228 18
7229 18
7230 18
7231 18
7232 18
7233 18
7234 17
7235 17
7236 17
7237 18
7238 18
7239 17
7240 17
7241 17
7242 18
7243 19
7244 18
7245 18
7246 18
7247 19
7248 30
7249 19
7250 19
7251 17
7252 19
7253 18
7254 18
7255 17
7256 19
7257 18
7258 18
7259 18
7260 19
7261 19
7262 23
7263 17
7264 18
7265 17
7266 18
7267 17
7268 17
7269 18
7270 18
7271 18
7272 18
7273 17
7274 18
7275 18
7276 18
7277 23
7278 18
7279 18
7280 18
7281 17
7282 17
7283 17
7284 18
7285 17
7286 17
7287 18
7288 17
7289 18
7290 21
7291 19
7292 20
7293 18
7294 18
7295 19
7296 18
7297 19
7298 17
7299 19
7300 19
7301 23
7302 19
7303 18
7304 18
7305 21
7306 19
7307 18
7308 18
7309 19
7310 18
7311 17
7312 19
7313 17
7314 18
7315 18
7316 18
7317 19
7318 18
7319 18
7320 20
7321 18
7322 18
7323 17
7324 17
7325 17
7326 25
7327 18
7328 17
7329 19
7330 18
7331 18
7332 20
7333 21
7334 19
7335 19
7336 18
7337 34
7338 21
7339 19
7340 18
7341 18
7342 18
7343 18
7344 25
7345 20
7346 18
7347 18
7348 19
7349 18
7350 19
7351 19
7352 17
7353 17
7354 18
7355 18
7356 18
7357 18
7358 21
7359 22
7360 18
7361 18
7362 17
7363 18
7364 17
7365 19
7366 18
7367 17
7368 18
7369 18
7370 18
7371 18
7372 18
7373 18
7374 19
7375 22
7376 18
7377 19
7378 16
7379 18
7380 18
7381 17
7382 17
7383 18
7384 17
7385 18
7386 17
7387 18
7388 18
7389 18
7390 24
7391 38
7392 20
7393 19
7394 17
7395 18
7396 18
7397 17
7398 17
7399 18
7400 17
7401 18
7402 17
7403 17
7404 18
7405 17
7406 17
7407 16
7408 18
7409 18
7410 19
7411 18
7412 18
7413 32
7414 19
7415 18
7416 19
7417 17
7418 17
7419 18
7420 17
7421 18
7422 17
7423 18
7424 18
7425 18
7426 18
7427 20
7428 18
7429 17
7430 18
7431 20
7432 21
7433 36
7434 22
7435 19
7436 17
7437 19
7438 17
7439 18
7440 18
7441 17
7442 18
7443 18
7444 22
7445 20
7446 18
7447 18
7448 17
7449 18
7450 18
7451 18
7452 17
7453 17
7454 20
7455 19
7456 17
7457 17
7458 17
7459 19
7460 21
7461 19
7462 18
7463 18
7464 19
7465 18
7466 18
7467 18
7468 18
7469 18
7470 18
7471 19
7472 17
7473 18
7474 17
7475 18
7476 17
7477 17
7478 17
7479 18
7480 18
7481 18
7482 18
7483 21
7484 20
7485 17
7486 20
7487 23
7488 19
7489 18
7490 18
7491 18
7492 18
7493 17
7494 18
7495 17
7496 18
7497 18
7498 17
7499 17
7500 18
7501 18
7502 18
7503 17
7504 18
7505 18
7506 18
7507 19
7508 18
7509 18
7510 17
7511 18
7512 17
7513 17
7514 17
7515 17
7516 45
7517 21
7518 23
7519 19
7520 19
7521 19
7522 18
7523 18
7524 22
7525 17
7526 19
7527 17
7528 18
7529 17
7530 17
7531 17
7532 17
7533 19
7534 18
7535 18
7536 17
7537 17
7538 18
7539 17
7540 21
7541 20
7542 19
7543 19
7544 17
7545 18
7546 20
7547 18
7548 19
7549 18
7550 18
7551 17
7552 18
7553 17
7554 18
7555 17
7556 17
7557 18
7558 18
7559 17
7560 17
7561 17
7562 18
7563 18
7564 19
7565 17
7566 19
7567 19
7568 18
7569 19
7570 20
7571 20
7572 18
7573 17
7574 16
7575 18
7576 16
7577 17
7578 17
7579 18
7580 16
7581 17
7582 25
7583 19
7584 21
7585 19
7586 18
7587 18
7588 17
7589 17
7590 17
7591 18
7592 17
7593 18
7594 17
7595 17
7596 17
7597 16
7598 17
7599 17
7600 23
7601 20
7602 20
7603 16
7604 18
7605 18
7606 19
7607 18
7608 18
7609 18
7610 19
7611 19
7612 17
7613 17
7614 17
7615 18
7616 19
7617 22
7618 18
7619 17
7620 18
7621 18
7622 18
7623 17
7624 17
7625 17
7626 18
7627 17
7628 17
7629 19
7630 18
7631 18
7632 20
7633 21
7634 19
7635 18
7636 18
7637 35
7638 20
7639 19
7640 18
7641 17
7642 19
7643 19
7644 18
7645 19
7646 22
7647 19
7648 23
7649 19
7650 17
7651 18
7652 17
7653 17
7654 17
7655 17
7656 17
7657 16
7658 19
7659 19
7660 17
7661 18
7662 17
7663 18
7664 18
7665 17
7666 17
7667 17
7668 18
7669 17
7670 17
7671 18
7672 18
7673 17
7674 18
7675 20
7676 18
7677 18
7678 18
7679 18
7680 19
7681 17
7682 17
7683 17
7684 17
7685 17
7686 17
7687 18
7688 22
7689 17
7690 17
7691 28
7692 18
7693 18
7694 17
7695 17
7696 17
7697 17
7698 17
7699 17
7700 17
7701 17
7702 18
7703 18
7704 17
7705 17
7706 17
7707 18
7708 17
7709 17
7710 19
7711 17
7712 18
7713 18
7714 18
7715 18
7716 17
7717 17
7718 17
7719 17
7720 17
7721 18
7722 18
7723 18
7724 17
7725 17
7726 18
7727 19
7728 17
7729 17
7730 17
7731 17
7732 17
7733 17
7734 17
7735 17
7736 19
7737 18
7738 18
7739 18
7740 17
7741 17
7742 17
7743 17
7744 17
7745 18
7746 18
7747 18
7748 18
7749 18
7750 18
7751 17
7752 27
7753 18
7754 18
7755 18
7756 18
7757 17
7758 17
7759 17
7760 17
7761 17
7762 18
7763 18
7764 19
7765 18
7766 17
7767 17
7768 17
7769 18
7770 18
7771 17
7772 17
7773 17
7774 19
7775 17
7776 17
7777 17
7778 17
7779 17
7780 19
7781 19
7782 18
7783 18
7784 17
7785 18
7786 17
7787 18
7788 18
7789 18
7790 18
7791 18
7792 17
7793 17
7794 17
7795 17
7796 17
7797 18
7798 18
7799 17
7800 19
7801 18
7802 18
7803 18
7804 18
7805 18
7806 19
7807 18
7808 18
7809 21
7810 19
7811 17
7812 17
7813 17
7814 17
7815 16
7816 17
7817 17
7818 17
7819 30
7820 19
7821 18
7822 18
7823 17
7824 27
7825 18
7826 18
7827 19
7828 17
7829 18
7830 17
7831 18
7832 17
7833 17
7834 44
7835 20
7836 18
7837 19
7838 24
7839 19
7840 22
7841 17
7842 17
7843 17
7844 17
7845 18
7846 19
7847 18
7848 18
7849 18
7850 17
7851 17
7852 17
7853 18
7854 17
7855 18
7856 18
7857 18
7858 17
7859 18
7860 17
7861 17
7862 17
7863 17
7864 19
7865 17
7866 17
7867 18
7868 18
7869 18
7870 18
7871 17
7872 18
7873 21
7874 18
7875 18
7876 17
7877 31
7878 19
7879 18
7880 17
7881 18
7882 18
7883 17
7884 17
7885 18
7886 17
7887 17
7888 17
7889 17
7890 18
7891 18
7892 17
7893 17
7894 29
7895 19
7896 18
7897 17
7898 18
7899 19
7900 21
7901 19
7902 23
7903 18
7904 17
7905 18
7906 19
7907 19
7908 18
7909 18
7910 18
7911 17
7912 17
7913 17
7914 17
7915 20
7916 22
7917 19
7918 19
7919 18
7920 18
7921 18
7922 17
7923 17
7924 18
7925 27
7926 18
7927 17
7928 18
7929 18
7930 17
7931 18
7932 17
7933 17
7934 17
7935 16
7936 17
7937 17
7938 17
7939 17
7940 17
7941 17
7942 25
7943 18
7944 17
7945 18
7946 18
7947 25
7948 18
7949 17
7950 17
7951 17
7952 17
7953 17
7954 17
7955 17
7956 17
7957 17
7958 16
7959 18
7960 17
7961 17
7962 17
7963 17
7964 18
7965 19
7966 20
7967 17
7968 17
7969 17
7970 17
7971 18
7972 18
7973 17
7974 17
7975 28
7976 18
7977 17
7978 17
7979 17
7980 18
7981 18
7982 18
7983 18
7984 18
7985 18
7986 17
7987 17
7988 17
7989 17
7990 18
7991 18
7992 18
7993 17
7994 17
7995 17
7996 18
7997 18
7998 18
7999 18
8000 18
8001 17
8002 16
8003 17
8004 17
8005 17
8006 18
8007 17
8008 17
8009 17
8010 17
8011 17
8012 17
8013 17
8014 17
8015 18
8016 17
8017 17
8018 17
8019 16
8020 17
8021 19
8022 18
8023 17
8024 17
8025 16
8026 17
8027 17
8028 17
8029 17
8030 20
8031 16
8032 17
8033 17
8034 17
8035 17
8036 17
8037 18
8038 17
8039 17
8040 237
8041 18
8042 18
8043 18
8044 17
8045 17
8046 17
8047 17
8048 17
8049 18
8050 18
8051 18
8052 18
8053 17
8054 28
8055 18
8056 18
8057 17
8058 17
8059 17
8060 17
8061 17
8062 17
8063 17
8064 17
8065 17
8066 17
8067 17
8068 17
8069 17
8070 17
8071 18
8072 18
8073 18
8074 17
8075 18
8076 17
8077 18
8078 17
8079 18
8080 18
8081 18
8082 17
8083 17
8084 17
8085 17
8086 17
8087 17
8088 17
8089 18
8090 17
8091 17
8092 17
8093 17
8094 17
8095 17
8096 17
8097 17
8098 17
8099 17
8100 17
8101 17
8102 17
8103 17
8104 17
8105 17
8106 17
8107 17
8108 18
8109 18
8110 17
8111 17
8112 17
8113 17
8114 17
8115 17
8116 17
8117 17
8118 17
8119 18
8120 17
8121 17
8122 17
8123 18
8124 18
8125 17
8126 18
8127 18
8128 17
8129 17
8130 17
8131 17
8132 17
8133 17
8134 17
8135 18
8136 17
8137 17
8138 17
8139 17
8140 18
8141 18
8142 18
8143 17
8144 17
8145 17
8146 26
8147 18
8148 17
8149 18
8150 18
8151 18
8152 18
8153 17
8154 17
8155 18
8156 19
8157 20
8158 18
8159 17
8160 17
8161 17
8162 18
8163 18
8164 18
8165 17
8166 17
8167 18
8168 18
8169 17
8170 18
8171 17
8172 17
8173 18
8174 17
8175 17
8176 17
8177 17
8178 18
8179 17
8180 17
8181 17
8182 17
8183 18
8184 18
8185 19
8186 18
8187 18
8188 17
8189 18
8190 18
8191 18
8192 18
8193 17
8194 17
8195 17
8196 17
8197 17
8198 17
8199 18
8200 18
8201 19
8202 17
8203 17
8204 18
8205 18
8206 19
8207 20
8208 18
8209 18
8210 18
8211 18
8212 17
8213 17
8214 18
8215 18
8216 17
8217 17
8218 17
8219 17
8220 18
8221 18
8222 18
8223 18
8224 18
8225 17
8226 18
8227 17
8228 18
8229 18
8230 17
8231 17
8232 17
8233 18
8234 18
8235 18
8236 18
8237 18
8238 18
8239 18
8240 17
8241 17
8242 17
8243 17
8244 17
8245 18
8246 20
8247 18
8248 17
8249 18
8250 17
8251 19
8252 18
8253 18
8254 17
8255 17
8256 17
8257 17
8258 17
8259 17
8260 18
8261 17
8262 17
8263 17
8264 18
8265 18
8266 18
8267 18
8268 19
8269 18
8270 17
8271 18
8272 17
8273 17
8274 18
8275 18
8276 18
8277 18
8278 18
8279 18
8280 18
8281 18
8282 18
8283 18
8284 27
8285 19
8286 17
8287 17
8288 17
8289 18
8290 18
8291 18
8292 17
8293 18
8294 18
8295 17
8296 17
8297 17
8298 17
8299 17
8300 17
8301 19
8302 19
8303 18
8304 17
8305 17
8306 17
8307 17
8308 17
8309 17
8310 18
8311 17
8312 21
8313 19
8314 18
8315 18
8316 17
8317 17
8318 18
8319 18
8320 17
8321 18
8322 18
8323 18
8324 19
8325 17
8326 18
8327 17
8328 17
8329 17
8330 17
8331 17
8332 18
8333 17
8334 17
8335 17
8336 17
8337 17
8338 18
8339 18
8340 18
8341 18
8342 18
8343 18
8344 17
8345 18
8346 18
8347 18
8348 18
8349 17
8350 17
8351 17
8352 17
8353 18
8354 18
8355 18
8356 18
8357 18
8358 18
8359 18
8360 18
8361 18
8362 17
8363 17
8364 18
8365 18
8366 18
8367 18
8368 18
8369 19
8370 17
8371 17
8372 17
8373 17
8374 17
8375 17
8376 18
8377 18
8378 17
8379 18
8380 17
8381 17
8382 17
8383 17
8384 17
8385 18
8386 17
8387 17
8388 18
8389 17
8390 17
8391 18
8392 19
8393 18
8394 18
8395 17
8396 18
8397 17
8398 17
8399 17
8400 17
8401 18
8402 18
8403 18
8404 17
8405 17
8406 17
8407 18
8408 18
8409 17
8410 18
8411 18
8412 17
8413 19
8414 17
8415 18
8416 17
8417 17
8418 17
8419 17
8420 17
8421 17
8422 17
8423 17
8424 18
8425 18
8426 18
8427 17
8428 17
8429 17
8430 17
8431 17
8432 17
8433 17
8434 17
8435 18
8436 17
8437 17
8438 17
8439 17
8440 18
8441 17
8442 17
8443 17
8444 17
8445 17
8446 17
8447 17
8448 27
8449 18
8450 17
8451 17
8452 17
8453 17
8454 17
8455 17
8456 18
8457 17
8458 17
8459 18
8460 18
8461 17
8462 17
8463 17
8464 17
8465 17
8466 17
8467 17
8468 17
8469 17
8470 18
8471 18
8472 18
8473 18
8474 17
8475 17
8476 25
8477 18
8478 17
8479 17
8480 18
8481 17
8482 17
8483 17
8484 18
8485 17
8486 17
8487 17
8488 17
8489 17
8490 17
8491 17
8492 17
8493 17
8494 18
8495 17
8496 17
8497 17
8498 18
8499 18
8500 18
8501 19
8502 17
8503 17
8504 17
8505 17
8506 18
8507 17
8508 17
8509 17
8510 18
8511 17
8512 17
8513 17
8514 27
8515 17
8516 18
8517 18
8518 17
8519 17
8520 17
8521 17
8522 17
8523 16
8524 17
8525 17
8526 17
8527 17
8528 17
8529 17
8530 17
8531 17
8532 19
8533 18
8534 17
8535 17
8536 18
8537 17
8538 17
8539 17
8540 17
8541 17
8542 17
8543 17
8544 18
8545 17
8546 17
8547 17
8548 18
8549 19
8550 17
8551 17
8552 17
8553 17
8554 17
8555 17
8556 17
8557 18
8558 18
8559 18
8560 17
8561 17
8562 18
8563 18
8564 18
8565 18
8566 17
8567 17
8568 19
8569 17
8570 17
8571 27
8572 18
8573 17
8574 17
8575 17
8576 17
8577 18
8578 17
8579 17
8580 17
8581 18
8582 19
8583 18
8584 17
8585 17
8586 17
8587 17
8588 19
8589 18
8590 17
8591 17
8592 26
8593 18
8594 17
8595 17
8596 17
8597 16
8598 17
8599 17
8600 17
8601 18
8602 18
8603 17
8604 17
8605 17
8606 17
8607 17
8608 17
8609 17
8610 17
8611 18
8612 17
8613 17
8614 17
8615 17
8616 17
8617 18
8618 17
8619 18
8620 18
8621 17
8622 17
8623 17
8624 18
8625 18
8626 18
8627 17
8628 18
8629 17
8630 17
8631 17
8632 17
8633 17
8634 17
8635 17
8636 17
8637 18
8638 17
8639 17
8640 17
8641 18
8642 18
8643 17
8644 17
8645 17
8646 17
8647 17
8648 18
8649 18
8650 18
8651 18
8652 18
8653 18
8654 17
8655 17
8656 19
8657 18
8658 17
8659 17
8660 17
8661 17
8662 17
8663 17
8664 17
8665 17
8666 18
8667 18
8668 17
8669 17
8670 17
8671 18
8672 17
8673 17
8674 17
8675 17
8676 17
8677 18
8678 18
8679 17
8680 18
8681 18
8682 18
8683 18
8684 19
8685 18
8686 18
8687 17
8688 17
8689 17
8690 17
8691 17
8692 17
8693 17
8694 17
8695 17
8696 18
8697 18
8698 18
8699 17
8700 18
8701 18
8702 17
8703 18
8704 18
8705 18
8706 18
8707 18
8708 17
8709 17
8710 18
8711 17
8712 17
8713 18
8714 18
8715 17
8716 17
8717 19
8718 17
8719 18
8720 18
8721 18
8722 17
8723 17
8724 18
8725 18
8726 17
8727 18
8728 17
8729 17
8730 17
8731 18
8732 18
8733 17
8734 17
8735 18
8736 18
8737 17
8738 17
8739 17
8740 20
8741 18
8742 18
8743 18
8744 17
8745 18
8746 17
8747 30
8748 17
8749 17
8750 17
8751 18
8752 17
8753 17
8754 18
8755 18
8756 18
8757 17
8758 17
8759 18
8760 18
8761 19
8762 19
8763 18
8764 18
8765 18
8766 18
8767 19
8768 18
8769 18
8770 17
8771 18
8772 18
8773 17
8774 17
8775 17
8776 18
8777 17
8778 17
8779 17
8780 17
8781 17
8782 18
8783 18
8784 18
8785 17
8786 18
8787 19
8788 18
8789 18
8790 17
8791 17
8792 17
8793 17
8794 17
8795 17
8796 17
8797 17
8798 17
8799 18
8800 17
8801 17
8802 17
8803 17
8804 17
8805 17
8806 17
8807 27
8808 18
8809 17
8810 18
8811 18
8812 17
8813 17
8814 17
8815 17
8816 17
8817 17
8818 17
8819 17
8820 17
8821 17
8822 17
8823 17
8824 18
8825 17
8826 18
8827 18
8828 18
8829 18
8830 17
8831 17
8832 17
8833 17
8834 17
8835 17
8836 17
8837 17
8838 18
8839 17
8840 18
8841 17
8842 18
8843 17
8844 18
8845 18
8846 18
8847 17
8848 17
8849 17
8850 17
8851 18
8852 18
8853 18
8854 17
8855 17
8856 17
8857 19
8858 17
8859 18
8860 18
8861 18
8862 18
8863 18
8864 17
8865 17
8866 17
8867 18
8868 18
8869 18
8870 18
8871 17
8872 18
8873 17
8874 18
8875 17
8876 18
8877 18
8878 17
8879 18
8880 18
8881 18
8882 18
8883 18
8884 17
8885 17
8886 17
8887 17
8888 18
8889 18
8890 17
8891 17
8892 18
8893 18
8894 18
8895 17
8896 17
8897 18
8898 18
8899 17
8900 17
8901 20
8902 18
8903 18
8904 19
8905 17
8906 18
8907 19
8908 20
8909 18
8910 17
8911 17
8912 17
8913 17
8914 17
8915 17
8916 18
8917 18
8918 18
8919 18
8920 17
8921 17
8922 17
8923 17
8924 18
8925 18
8926 23
8927 17
8928 17
8929 17
8930 17
8931 17
8932 17
8933 17
8934 17
8935 18
8936 19
8937 18
8938 18
8939 18
8940 17
8941 17
8942 17
8943 17
8944 17
8945 17
8946 17
8947 17
8948 17
8949 16
8950 18
8951 18
8952 17
8953 17
8954 17
8955 17
8956 17
8957 17
8958 17
8959 18
8960 18
8961 19
8962 18
8963 17
8964 17
8965 17
8966 17
8967 17
8968 17
8969 18
8970 17
8971 18
8972 17
8973 17
8974 27
8975 18
8976 18
8977 17
8978 17
8979 17
8980 17
8981 17
8982 17
8983 17
8984 17
8985 17
8986 17
8987 17
8988 17
8989 17
8990 17
8991 18
8992 18
8993 18
8994 17
8995 17
8996 17
8997 17
8998 17
8999 17
9000 17
9001 17
9002 28
9003 18
9004 18
9005 17
9006 17
9007 16
9008 17
9009 17
9010 17
9011 18
9012 17
9013 25
9014 18
9015 18
9016 17
9017 17
9018 17
9019 19
9020 18
9021 18
9022 17
9023 18
9024 17
9025 17
9026 17
9027 17
9028 17
9029 17
9030 18
9031 18
9032 18
9033 17
9034 17
9035 16
9036 18
9037 17
9038 17
9039 17
9040 17
9041 18
9042 19
9043 18
9044 17
9045 17
9046 18
9047 18
9048 17
9049 18
9050 17
9051 17
9052 18
9053 18
9054 18
9055 17
9056 17
9057 17
9058 17
9059 18
9060 18
9061 17
9062 17
9063 18
9064 19
9065 17
9066 18
9067 17
9068 18
9069 18
9070 18
9071 18
9072 18
9073 17
9074 17
9075 21
9076 18
9077 17
9078 17
9079 18
9080 27
9081 18
9082 18
9083 18
9084 18
9085 18
9086 17
9087 17
9088 18
9089 18
9090 18
9091 18
9092 17
9093 17
9094 17
9095 17
9096 17
9097 17
9098 17
9099 17
9100 17
9101 17
9102 17
9103 17
9104 18
9105 33
9106 19
9107 18
9108 17
9109 17
9110 17
9111 17
9112 18
9113 18
9114 19
9115 18
9116 17
9117 17
9118 18
9119 18
9120 17
9121 17
9122 17
9123 17
9124 17
9125 17
9126 18
9127 18
9128 18
9129 18
9130 18
9131 19
9132 17
9133 17
9134 17
9135 18
9136 18
9137 17
9138 18
9139 20
9140 17
9141 18
9142 18
9143 17
9144 17
9145 17
9146 18
9147 18
9148 17
9149 17
9150 18
9151 18
9152 18
9153 18
9154 17
9155 17
9156 17
9157 17
9158 18
9159 18
9160 17
9161 18
9162 18
9163 28
9164 18
9165 17
9166 18
9167 18
9168 18
9169 18
9170 17
9171 17
9172 17
9173 17
9174 17
9175 17
9176 17
9177 17
9178 17
9179 17
9180 17
9181 18
9182 17
9183 17
9184 17
9185 17
9186 17
9187 17
9188 17
9189 17
9190 18
9191 18
9192 17
9193 17
9194 17
9195 17
9196 20
9197 17
9198 25
9199 18
9200 18
9201 18
9202 17
9203 19
9204 17
9205 17
9206 17
9207 17
9208 17
9209 16
9210 18
9211 17
9212 17
9213 25
9214 18
9215 18
9216 18
9217 17
9218 17
9219 18
9220 18
9221 18
9222 17
9223 17
9224 17
9225 18
9226 17
9227 17
9228 17
9229 17
9230 17
9231 16
9232 17
9233 17
9234 17
9235 17
9236 18
9237 18
9238 18
9239 17
9240 17
9241 18
9242 17
9243 17
9244 17
9245 17
9246 17
9247 17
9248 17
9249 18
9250 18
9251 18
9252 17
9253 18
9254 18
9255 17
9256 17
9257 17
9258 18
9259 19
9260 18
9261 18
9262 17
9263 17
9264 18
9265 18
9266 18
9267 19
9268 17
9269 17
9270 18
9271 17
9272 17
9273 17
9274 18
9275 18
9276 19
9277 18
9278 18
9279 18
9280 17
9281 18
9282 17
9283 22
9284 17
9285 17
9286 17
9287 17
9288 17
9289 17
9290 17
9291 18
9292 18
9293 18
9294 18
9295 17
9296 17
9297 18
9298 18
9299 18
9300 17
9301 17
9302 17
9303 17
9304 19
9305 17
9306 18
9307 18
9308 18
9309 20
9310 17
9311 17
9312 17
9313 17
9314 17
9315 17
9316 17
9317 17
9318 17
9319 17
9320 17
9321 17
9322 17
9323 17
9324 17
9325 27
9326 19
9327 18
9328 17
9329 17
9330 17
9331 19
9332 17
9333 17
9334 17
9335 17
9336 18
9337 17
9338 17
9339 17
9340 17
9341 17
9342 18
9343 18
9344 18
9345 17
9346 18
9347 18
9348 18
9349 18
9350 18
9351 18
9352 18
9353 18
9354 19
9355 17
9356 18
9357 17
9358 18
9359 17
9360 17
9361 18
9362 18
9363 17
9364 17
9365 17
9366 18
9367 17
9368 17
9369 17
9370 17
9371 17
9372 17
9373 17
9374 17
9375 17
9376 17
9377 17
9378 19
9379 18
9380 17
9381 18
9382 17
9383 17
9384 17
9385 17
9386 17
9387 17
9388 19
9389 17
9390 17
9391 17
9392 18
9393 17
9394 17
9395 19
9396 17
9397 17
9398 17
9399 19
9400 18
9401 17
9402 17
9403 17
9404 18
9405 18
9406 18
9407 17
9408 17
9409 27
9410 18
9411 18
9412 18
9413 18
9414 17
9415 18
9416 18
9417 17
9418 17
9419 17
9420 24
9421 18
9422 18
9423 17
9424 17
9425 17
9426 17
9427 17
9428 17
9429 17
9430 17
9431 17
9432 17
9433 17
9434 17
9435 17
9436 17
9437 18
9438 19
9439 19
9440 18
9441 18
9442 18
9443 18
9444 18
9445 17
9446 17
9447 17
9448 26
9449 19
9450 18
9451 17
9452 16
9453 18
9454 17
9455 18
9456 18
9457 18
9458 18
9459 19
9460 19
9461 18
9462 29
9463 18
9464 18
9465 17
9466 18
9467 18
9468 17
9469 17
9470 17
9471 17
9472 18
9473 28
9474 18
9475 17
9476 18
9477 18
9478 18
9479 18
9480 17
9481 17
9482 18
9483 19
9484 18
9485 17
9486 18
9487 18
9488 17
9489 17
9490 17
9491 17
9492 17
9493 17
9494 17
9495 17
9496 17
9497 17
9498 17
9499 17
9500 17
9501 17
9502 17
9503 17
9504 17
9505 17
9506 18
9507 18
9508 19
9509 17
9510 17
9511 17
9512 17
9513 17
9514 18
9515 17
9516 17
9517 17
9518 17
9519 17
9520 17
9521 17
9522 18
9523 19
9524 17
9525 17
9526 17
9527 17
9528 17
9529 17
9530 17
9531 17
9532 17
9533 18
9534 19
9535 17
9536 18
9537 18
9538 18
9539 17
9540 17
9541 17
9542 17
9543 18
9544 18
9545 19
9546 18
9547 18
9548 17
9549 17
9550 18
9551 17
9552 18
9553 18
9554 17
9555 17
9556 17
9557 17
9558 17
9559 17
9560 17
9561 17
9562 17
9563 17
9564 17
9565 18
9566 17
9567 19
9568 17
9569 17
9570 18
9571 18
9572 19
9573 18
9574 18
9575 18
9576 18
9577 18
9578 18
9579 19
9580 17
9581 17
9582 18
9583 18
9584 17
9585 17
9586 18
9587 18
9588 18
9589 18
9590 18
9591 18
9592 17
9593 17
9594 17
9595 17
9596 18
9597 17
9598 17
9599 17
9600 17
9601 17
9602 17
9603 17
9604 18
9605 17
9606 18
9607 19
9608 18
9609 17
9610 17
9611 18
9612 19
9613 18
9614 18
9615 18
9616 18
9617 17
9618 18
9619 18
9620 17
9621 17
9622 17
9623 17
9624 17
9625 18
9626 17
9627 17
9628 28
9629 18
9630 33
9631 18
9632 17
9633 18
9634 18
9635 18
9636 18
9637 18
9638 17
9639 18
9640 18
9641 17
9642 17
9643 18
9644 17
9645 17
9646 17
9647 17
9648 17
9649 18
9650 19
9651 18
9652 18
9653 17
9654 18
9655 18
9656 19
9657 18
9658 17
9659 18
9660 17
9661 17
9662 17
9663 17
9664 17
9665 17
9666 18
9667 18
9668 18
9669 17
9670 18
9671 18
9672 21
9673 18
9674 18
9675 18
9676 17
9677 18
9678 17
9679 18
9680 17
9681 17
9682 20
9683 18
9684 18
9685 18
9686 17
9687 17
9688 17
9689 18
9690 19
9691 17
9692 18
9693 17
9694 17
9695 17
9696 17
9697 17
9698 17
9699 17
9700 17
9701 17
9702 17
9703 17
9704 17
9705 17
9706 18
9707 18
9708 18
9709 17
9710 17
9711 28
9712 18
9713 17
9714 17
9715 17
9716 17
9717 17
9718 17
9719 16
9720 17
9721 17
9722 25
9723 18
9724 18
9725 18
9726 17
9727 17
9728 19
9729 17
9730 17
9731 16
9732 17
9733 18
9734 19
9735 17
9736 17
9737 17
9738 17
9739 17
9740 17
9741 17
9742 17
9743 17
9744 17
9745 17
9746 19
9747 16
9748 17
9749 17
9750 17
9751 19
9752 18
9753 18
9754 17
9755 17
9756 17
9757 17
9758 17
9759 17
9760 17
9761 17
9762 17
9763 17
9764 17
9765 17
9766 17
9767 27
9768 19
9769 17
9770 17
9771 17
9772 17
9773 17
9774 17
9775 17
9776 17
9777 17
9778 17
9779 16
9780 17
9781 17
9782 17
9783 17
9784 18
9785 18
9786 18
9787 18
9788 17
9789 17
9790 18
9791 17
9792 17
9793 17
9794 17
9795 18
9796 20
9797 18
9798 17
9799 17
9800 17
9801 17
9802 17
9803 16
9804 17
9805 17
9806 17
9807 18
9808 17
9809 30
9810 19
9811 17
9812 17
9813 17
9814 17
9815 17
9816 17
9817 17
9818 17
9819 17
9820 16
9821 17
9822 17
9823 18
9824 19
9825 18
9826 17
9827 17
9828 17
9829 18
9830 17
9831 17
9832 17
9833 17
9834 17
9835 17
9836 18
9837 17
9838 17
9839 17
9840 18
9841 18
9842 18
9843 17
9844 17
9845 17
9846 17
9847 18
9848 17
9849 17
9850 17
9851 18
9852 18
9853 18
9854 18
9855 17
9856 18
9857 18
9858 17
9859 17
9860 17
9861 17
9862 17
9863 17
9864 17
9865 17
9866 17
9867 17
9868 17
9869 18
9870 17
9871 18
9872 20
9873 17
9874 20
9875 17
9876 17
9877 17
9878 17
9879 17
9880 18
9881 18
9882 17
9883 18
9884 18
9885 27
9886 18
9887 18
9888 18
9889 17
9890 18
9891 18
9892 18
9893 18
9894 18
9895 18
9896 18
9897 17
9898 18
9899 19
9900 17
9901 18
9902 18
9903 18
9904 17
9905 17
9906 17
9907 17
9908 18
9909 17
9910 18
9911 18
9912 18
9913 18
9914 17
9915 18
9916 19
9917 17
9918 18
9919 20
9920 18
9921 18
9922 18
9923 18
9924 18
9925 18
9926 17
9927 17
9928 17
9929 17
9930 17
9931 18
9932 17
9933 18
9934 18
9935 17
9936 18
9937 17
9938 19
9939 17
9940 17
9941 17
9942 17
9943 17
9944 17
9945 17
9946 17
9947 17
9948 18
9949 18
9950 17
9951 17
9952 17
9953 17
9954 17
9955 17
9956 17
9957 17
9958 17
9959 17
9960 18
9961 18
9962 18
9963 27
9964 19
9965 18
9966 18
9967 18
9968 18
9969 18
9970 17
9971 17
9972 18
9973 17
9974 18
9975 18
9976 17
9977 17
9978 17
9979 17
9980 18
9981 18
9982 18
9983 19
9984 17
9985 17
9986 17
9987 17
9988 31
9989 18
9990 17
9991 18
9992 19
9993 18
9994 17
9995 17
9996 17
9997 18
9998 18
9999 18
