0 4444
1 5057
2 4998
3 4599
4 4603
5 4898
6 6069
7 6075
8 5084
9 4963
10 4962
11 4711
12 5464
13 4840
14 4960
15 4838
16 4962
17 4965
18 4832
19 4717
20 5461
21 4966
22 5207
23 4964
24 4714
25 4776
26 5894
27 4838
28 6011
29 4789
30 4706
31 4976
32 5220
33 4817
34 5214
35 4963
36 5005
37 4547
38 4895
39 4648
40 5615
41 4793
42 5211
43 5087
44 5058
45 5739
46 5832
47 4897
48 4661
49 4703
50 4592
51 5836
52 4596
53 5337
54 5703
55 6053
56 5375
57 4831
58 5344
59 5081
60 4588
61 4833
62 4588
63 4838
64 4987
65 5627
66 5275
67 4590
68 4838
69 5084
70 4589
71 6034
72 4784
73 5444
74 4588
75 5336
76 4922
77 4886
78 5186
79 5124
80 4659
81 4709
82 4589
83 5095
84 4579
85 4876
86 6671
87 4724
88 4703
89 4827
90 4471
91 4831
92 4464
93 4457
94 4589
95 4609
96 5356
97 5182
98 4716
99 5079
100 5283
101 4889
102 6105
103 4684
104 5281
105 5180
106 5807
107 5220
108 5214
109 4743
110 5209
111 4596
112 5327
113 4466
114 5085
115 5345
116 4580
117 4849
118 6198
119 5337
120 4834
121 4586
122 5217
123 4837
124 4838
125 4834
126 6357
127 4833
128 5475
129 4558
130 4759
131 5035
132 4593
133 4702
134 5214
135 5093
136 5263
137 4780
138 4589
139 4963
140 5212
141 4717
142 4751
143 -995195
144 4583
145 4835
146 4839
147 5595
148 4460
149 5515
150 4779
151 4720
152 5328
153 5339
154 4587
155 4596
156 5454
157 5343
158 5202
159 4781
160 5212
161 4655
162 5029
163 4891
164 5196
165 5653
166 4773
167 5965
168 4770
169 4775
170 4596
171 5082
172 5084
173 4735
174 4815
175 4835
176 5084
177 5281
178 4896
179 4586
180 5084
181 5213
182 4591
183 4985
184 4813
185 4463
186 4712
187 4720
188 5452
189 5338
190 4714
191 4469
192 4953
193 4589
194 4592
195 4585
196 4953
197 4725
198 5766
199 5179
200 5052
201 4588
202 4584
203 4970
204 5279
205 4637
206 4589
207 5014
208 6674
209 5514
210 4770
211 4970
212 5339
213 4953
214 5048
215 5256
216 5209
217 4896
218 4658
219 4711
220 5084
221 5528
222 4526
223 4712
224 4584
225 4586
226 4968
227 5591
228 4579
229 5589
230 4711
231 4779
232 5150
233 5958
234 4961
235 4592
236 5085
237 4711
238 5340
239 5462
240 5399
241 4653
242 4588
243 5212
244 4958
245 4969
246 4584
247 4966
248 4958
249 5587
250 4715
251 5982
252 4828
253 5074
254 4612
255 4675
256 4973
257 4699
258 4707
259 5092
260 5581
261 4588
262 5425
263 4753
264 6583
265 4710
266 4717
267 5082
268 6213
269 5790
270 4643
271 5395
272 4771
273 4464
274 5219
275 5083
276 4714
277 4960
278 5090
279 4960
280 4836
281 5426
282 5253
283 4462
284 4965
285 5271
286 5095
287 5392
288 4962
289 6091
290 4714
291 4711
292 5211
293 5214
294 4714
295 4641
296 5718
297 5543
298 5071
299 4841
300 4832
301 4594
302 5709
303 4837
304 4960
305 5585
306 4589
307 5157
308 5212
309 6029
310 4577
311 5465
312 5211
313 4971
314 4581
315 5466
316 4459
317 4971
318 5326
319 4839
320 7997
321 5663
322 5453
323 5143
324 5045
325 4822
326 5214
327 5087
328 5974
329 4452
330 5380
331 5670
332 5092
333 5471
334 4823
335 4585
336 4969
337 5581
338 5112
339 -993900
340 5177
341 5085
342 4713
343 5470
344 4585
345 4709
346 4840
347 4889
348 6041
349 4953
350 5337
351 5096
352 4577
353 4846
354 4829
355 4966
356 4703
357 5149
358 4777
359 5119
360 4808
361 4587
362 6468
363 4895
364 5399
365 4838
366 5218
367 5591
368 5833
369 5213
370 4836
371 4706
372 5222
373 5448
374 4834
375 4738
376 4812
377 4717
378 4958
379 4968
380 4834
381 4603
382 5588
383 5203
384 4582
385 4714
386 5219
387 4578
388 6215
389 4826
390 5219
391 4454
392 4743
393 4915
394 5207
395 4590
396 5202
397 4463
398 5178
399 4704
400 4710
401 5086
402 4882
403 4664
404 4954
405 4584
406 4589
407 4583
408 4704
409 5976
410 5458
411 4589
412 4577
413 4771
414 4899
415 5458
416 5393
417 5024
418 4829
419 4721
420 5445
421 5405
422 5432
423 5038
424 4963
425 5206
426 4975
427 4934
428 4963
429 5955
430 4575
431 4970
432 4707
433 5084
434 4601
435 4686
436 6209
437 4712
438 5463
439 4694
440 5312
441 5835
442 5339
443 5453
444 4835
445 5086
446 4585
447 4704
448 4858
449 6186
450 4774
451 5204
452 5144
453 4583
454 4586
455 4954
456 4835
457 4711
458 4844
459 4444
460 5211
461 4708
462 5095
463 5069
464 4583
465 4709
466 4470
467 4550
468 5708
469 5979
470 5268
471 4880
472 6158
473 5010
474 4838
475 5201
476 4836
477 4717
478 4574
479 5326
480 4962
481 5473
482 5134
483 4770
484 5949
485 4584
486 4836
487 4957
488 4834
489 5797
490 5250
491 4945
492 4909
493 4701
494 5646
495 5071
496 5207
497 4847
498 5193
499 4588
500 4583
501 5001
502 4542
503 4584
504 5460
505 5235
506 5082
507 4686
508 4947
509 4786
510 6012
511 4702
512 4579
513 4633
514 4669
515 6444
516 5463
517 4962
518 5075
519 4774
520 5149
521 5462
522 4699
523 5713
524 4707
525 5092
526 4824
527 4709
528 4960
529 6680
530 4752
531 4936
532 4835
533 4587
534 4829
535 5526
536 -994730
537 4711
538 4835
539 4955
540 5221
541 5096
542 5247
543 4829
544 4902
545 4837
546 4706
547 4959
548 5399
549 5523
550 5578
551 5401
552 5521
553 5532
554 5188
555 4770
556 4591
557 4697
558 4834
559 4712
560 5201
561 4590
562 4583
563 5584
564 4841
565 5070
566 5711
567 4964
568 4838
569 4573
570 6460
571 5087
572 5209
573 5079
574 4710
575 5212
576 4585
577 4830
578 5211
579 4974
580 5197
581 5203
582 4829
583 4710
584 4586
585 4724
586 5068
587 4720
588 4575
589 4822
590 5958
591 4958
592 4711
593 4827
594 4587
595 5210
596 4593
597 4697
598 5149
599 4897
600 5086
601 4580
602 4583
603 5961
604 5219
605 4826
606 4704
607 4817
608 4937
609 4589
610 4746
611 6598
612 4755
613 5072
614 4961
615 4952
616 5588
617 4841
618 4699
619 4721
620 4574
621 4573
622 4773
623 5148
624 4591
625 5199
626 4718
627 4953
628 4715
629 4825
630 5365
631 5429
632 4912
633 4816
634 4654
635 4958
636 4717
637 4450
638 5208
639 5158
640 4769
641 5074
642 4757
643 6718
644 5405
645 4454
646 4836
647 5392
648 4777
649 5219
650 4791
651 6390
652 4784
653 4823
654 5335
655 5208
656 4962
657 4579
658 4584
659 4725
660 4945
661 4591
662 4569
663 4593
664 4706
665 4574
666 4770
667 4898
668 4961
669 5385
670 5138
671 5216
672 6595
673 5326
674 5199
675 5030
676 5136
677 5269
678 4642
679 4717
680 5075
681 5328
682 4710
683 5851
684 5067
685 4767
686 5245
687 4635
688 4813
689 4718
690 4946
691 5193
692 5594
693 4583
694 4587
695 5323
696 5101
697 4586
698 4588
699 5153
700 5149
701 4756
702 5154
703 4827
704 4715
705 4713
706 5213
707 5236
708 4690
709 4834
710 4702
711 4836
712 5716
713 5085
714 4711
715 5483
716 4565
717 4589
718 5994
719 4586
720 4738
721 4645
722 5801
723 4639
724 4573
725 4578
726 4589
727 4587
728 4715
729 4816
730 4729
731 5209
732 4591
733 5962
734 4709
735 -995161
736 4839
737 4708
738 4838
739 5068
740 4939
741 4635
742 4957
743 4985
744 5066
745 5208
746 4965
747 4836
748 5479
749 5195
750 4601
751 4767
752 4528
753 6545
754 5242
755 4713
756 5091
757 4582
758 5087
759 4733
760 4945
761 5276
762 5585
763 4776
764 4706
765 5274
766 5693
767 4861
768 4770
769 5326
770 4852
771 4712
772 4698
773 4958
774 6086
775 4738
776 4796
777 4582
778 5217
779 5147
780 4774
781 5150
782 4779
783 4587
784 4589
785 5335
786 4837
787 4716
788 5088
789 5337
790 5221
791 5099
792 5566
793 4838
794 6280
795 5154
796 5328
797 5212
798 5088
799 4973
800 4724
801 5316
802 4960
803 4968
804 4957
805 5463
806 4963
807 5466
808 4711
809 4772
810 5153
811 4840
812 4708
813 5588
814 7343
815 4705
816 4842
817 4584
818 5352
819 5256
820 6089
821 4779
822 4595
823 5579
824 4842
825 4958
826 4844
827 4843
828 4699
829 4837
830 4572
831 6725
832 4714
833 5838
834 5465
835 4959
836 4837
837 4588
838 4589
839 4834
840 4713
841 4780
842 4901
843 4903
844 4790
845 5334
846 5146
847 5204
848 5146
849 5026
850 4719
851 5339
852 5203
853 4587
854 5714
855 4836
856 4960
857 5090
858 4588
859 5708
860 4979
861 4939
862 4830
863 5090
864 4460
865 5728
866 5324
867 4839
868 4843
869 5215
870 5270
871 4896
872 5213
873 5097
874 6076
875 4962
876 4720
877 4585
878 4952
879 4719
880 5083
881 5160
882 5764
883 5086
884 4966
885 4588
886 4727
887 4818
888 5085
889 4597
890 5894
891 4699
892 4783
893 5217
894 6015
895 4782
896 4587
897 4716
898 5585
899 5210
900 4837
901 5092
902 4959
903 5318
904 4981
905 4842
906 4840
907 4452
908 4588
909 4589
910 4714
911 4836
912 4588
913 4845
914 6469
915 4845
916 4696
917 5405
918 5509
919 4962
920 5312
921 4867
922 5209
923 4737
924 4871
925 5033
926 4735
927 5309
928 4969
929 5020
930 4835
931 4650
932 -995414
933 5664
934 6405
935 5380
936 4759
937 5104
938 4954
939 4716
940 4479
941 5762
942 4761
943 5282
944 5272
945 5835
946 5085
947 4587
948 4586
949 4829
950 4591
951 5332
952 4840
953 4838
954 4954
955 6098
956 4453
957 5460
958 5140
959 4782
960 4834
961 4581
962 5087
963 5090
964 5213
965 5459
966 4701
967 5338
968 4905
969 5144
970 4837
971 4595
972 5213
973 5578
974 4837
975 5596
976 5076
977 5815
978 5214
979 5106
980 4568
981 4952
982 4616
983 5074
984 5198
985 5084
986 4781
987 4523
988 4707
989 5084
990 6212
991 5102
992 4812
993 5335
994 4589
995 6344
996 4770
997 4773
998 4833
999 4592
1000 5331
1001 5274
1002 5776
1003 4850
1004 4957
1005 4571
1006 4837
1007 5666
1008 4893
1009 4698
1010 4984
1011 5199
1012 4462
1013 4832
1014 5094
1015 5974
1016 5438
1017 4584
1018 4837
1019 4720
1020 5203
1021 4589
1022 4588
1023 4968
1024 5458
1025 5831
1026 5087
1027 4595
1028 4764
1029 5660
1030 5085
1031 4586
1032 5331
1033 4588
1034 5306
1035 5743
1036 4584
1037 5337
1038 5337
1039 4593
1040 5081
1041 4714
1042 4723
1043 4701
1044 4593
1045 4950
1046 4714
1047 4847
1048 4835
1049 4576
1050 5310
1051 4999
1052 5580
1053 4765
1054 5419
1055 6817
1056 4720
1057 5074
1058 4595
1059 4706
1060 4965
1061 4576
1062 4874
1063 6801
1064 4464
1065 4698
1066 5195
1067 4974
1068 5359
1069 4810
1070 5106
1071 4565
1072 4879
1073 5060
1074 4563
1075 6842
1076 4959
1077 4768
1078 4660
1079 4960
1080 4588
1081 4712
1082 4869
1083 4682
1084 4703
1085 5213
1086 4983
1087 5065
1088 5089
1089 4838
1090 4705
1091 4838
1092 4584
1093 4590
1094 5211
1095 5216
1096 5958
1097 4963
1098 4880
1099 4897
1100 5333
1101 4848
1102 4749
1103 4842
1104 5161
1105 5011
1106 4822
1107 4793
1108 4709
1109 4710
1110 4964
1111 5277
1112 5378
1113 4879
1114 4982
1115 5174
1116 6328
1117 4588
1118 4842
1119 5768
1120 4779
1121 5086
1122 4970
1123 4705
1124 5461
1125 5349
1126 5460
1127 4954
1128 -995163
1129 4609
1130 4705
1131 4574
1132 5025
1133 4904
1134 5344
1135 4829
1136 5844
1137 4712
1138 5218
1139 5457
1140 5459
1141 4718
1142 4835
1143 4709
1144 4897
1145 4780
1146 5345
1147 5076
1148 4714
1149 4715
1150 4909
1151 4640
1152 4960
1153 4844
1154 5407
1155 5261
1156 6856
1157 4697
1158 4763
1159 5832
1160 4807
1161 4567
1162 4758
1163 5529
1164 4839
1165 4594
1166 4575
1167 5340
1168 4962
1169 5097
1170 4829
1171 4591
1172 5723
1173 5078
1174 4587
1175 5331
1176 4844
1177 6579
1178 4584
1179 5773
1180 4902
1181 4839
1182 5087
1183 5203
1184 4464
1185 4986
1186 4812
1187 6433
1188 5369
1189 166862
1190 4925
1191 5462
1192 5116
1193 5725
1194 4771
1195 4589
1196 4713
1197 4585
1198 4945
1199 4743
1200 4771
1201 4765
1202 5339
1203 4898
1204 4660
1205 5828
1206 4963
1207 4712
1208 4720
1209 4972
1210 4441
1211 5462
1212 5689
1213 4983
1214 4839
1215 4962
1216 4846
1217 6203
1218 4463
1219 5223
1220 4578
1221 4585
1222 5215
1223 5334
1224 4596
1225 6581
1226 4584
1227 4706
1228 162478
1229 5333
1230 5083
1231 4712
1232 4718
1233 4831
1234 6855
1235 5681
1236 4605
1237 4839
1238 4453
1239 4587
1240 4722
1241 4583
1242 5007
1243 4789
1244 4591
1245 4705
1246 5276
1247 5029
1248 5211
1249 4453
1250 4958
1251 5021
1252 5264
1253 4986
1254 5767
1255 6397
1256 5485
1257 5490
1258 4787
1259 4576
1260 5093
1261 4764
1262 -995064
1263 5057
1264 4987
1265 4682
1266 5478
1267 163196
1268 5584
1269 4952
1270 5212
1271 5222
1272 5084
1273 4453
1274 4961
1275 4803
1276 5126
1277 4828
1278 6097
1279 4830
1280 4594
1281 5328
1282 5217
1283 4589
1284 6149
1285 5147
1286 5147
1287 4902
1288 5089
1289 4591
1290 4731
1291 4811
1292 5465
1293 4962
1294 5348
1295 4763
1296 4771
1297 4844
1298 4938
1299 4600
1300 4594
1301 4828
1302 5220
1303 4847
1304 5450
1305 4952
1306 180203
1307 4848
1308 6159
1309 4901
1310 5829
1311 4951
1312 4992
1313 5023
1314 4709
1315 4713
1316 4588
1317 4590
1318 5083
1319 4725
1320 4746
1321 4969
1322 5016
1323 4585
1324 5344
1325 5079
1326 4965
1327 4713
1328 4845
1329 4987
1330 4696
1331 5583
1332 5074
1333 4703
1334 4720
1335 4582
1336 5273
1337 5527
1338 4838
1339 5097
1340 4708
1341 4829
1342 4595
1343 5522
1344 4901
1345 -742778
1346 6018
1347 4632
1348 4830
1349 4842
1350 4583
1351 5077
1352 5220
1353 5513
1354 4908
1355 4701
1356 5714
1357 5709
1358 5348
1359 5069
1360 4592
1361 4569
1362 5711
1363 4837
1364 4834
1365 4966
1366 4834
1367 5333
1368 6085
1369 5212
1370 4437
1371 4584
1372 4704
1373 4959
1374 4945
1375 4574
1376 5836
1377 4980
1378 4803
1379 4611
1380 5575
1381 5352
1382 4565
1383 6093
1384 5206
1385 5335
1386 5076
1387 4838
1388 5088
1389 4827
1390 4577
1391 5092
1392 5206
1393 6089
1394 4823
1395 4592
1396 6204
1397 5213
1398 4747
1399 4937
1400 4823
1401 5093
1402 5760
1403 4902
1404 4888
1405 4781
1406 4584
1407 4959
1408 5072
1409 4962
1410 4726
1411 5195
1412 4836
1413 5214
1414 4954
1415 4943
1416 5731
1417 5100
1418 5325
1419 4954
1420 4713
1421 4728
1422 5251
1423 4657
1424 5508
1425 5403
1426 5077
1427 5213
1428 5206
1429 4586
1430 4707
1431 5714
1432 4797
1433 5958
1434 5212
1435 7522
1436 5238
1437 4858
1438 6577
1439 4970
1440 4575
1441 4961
1442 4711
1443 4856
1444 5004
1445 4520
1446 5781
1447 5275
1448 5326
1449 5085
1450 4462
1451 4595
1452 5450
1453 4961
1454 4715
1455 6213
1456 4769
1457 5518
1458 4457
1459 4778
1460 4764
1461 4923
1462 4747
1463 5722
1464 4821
1465 5404
1466 5536
1467 5069
1468 4706
1469 4837
1470 5336
1471 4588
1472 5082
1473 4960
1474 4712
1475 6594
1476 4827
1477 4836
1478 4584
1479 4861
1480 5561
1481 4835
1482 5186
1483 4473
1484 4693
1485 4970
1486 4704
1487 5200
1488 4812
1489 5461
1490 5211
1491 4720
1492 5826
1493 5848
1494 4756
1495 6164
1496 5070
1497 6152
1498 4899
1499 4703
1500 5707
1501 4764
1502 4660
1503 4581
1504 5540
1505 4759
1506 4830
1507 4701
1508 5086
1509 5337
1510 5089
1511 4956
1512 6028
1513 4894
1514 4969
1515 5829
1516 4706
1517 4849
1518 6392
1519 4890
1520 4594
1521 4577
1522 4712
1523 4706
1524 5277
1525 5265
1526 4584
1527 5206
1528 4586
1529 4838
1530 4586
1531 5082
1532 5897
1533 5200
1534 5164
1535 5949
1536 5612
1537 5064
1538 4576
1539 -994665
1540 4897
1541 4908
1542 5205
1543 4896
1544 5207
1545 4658
1546 5204
1547 4833
1548 5089
1549 5216
1550 4579
1551 4961
1552 5335
1553 5099
1554 5112
1555 6413
1556 4840
1557 5023
1558 5018
1559 4960
1560 5338
1561 5403
1562 4887
1563 4717
1564 5604
1565 4784
1566 4959
1567 5213
1568 4720
1569 4989
1570 5567
1571 4917
1572 4834
1573 5085
1574 4584
1575 7213
1576 4715
1577 5084
1578 5088
1579 4591
1580 4714
1581 4964
1582 4966
1583 4768
1584 5399
1585 4595
1586 5454
1587 4463
1588 4589
1589 4710
1590 5838
1591 5713
1592 4975
1593 5322
1594 4955
1595 6094
1596 4892
1597 4957
1598 4658
1599 4856
1600 4841
1601 4688
1602 4724
1603 4969
1604 4683
1605 4581
1606 4836
1607 4843
1608 4708
1609 4839
1610 4772
1611 4774
1612 4590
1613 4710
1614 4853
1615 5198
1616 5840
1617 5211
1618 4712
1619 4711
1620 5403
1621 5521
1622 4979
1623 5642
1624 5166
1625 5432
1626 5277
1627 4808
1628 4676
1629 4713
1630 4585
1631 4715
1632 5098
1633 4709
1634 6079
1635 4742
1636 5559
1637 4962
1638 4835
1639 4856
1640 5067
1641 4838
1642 4715
1643 5877
1644 4817
1645 4815
1646 5089
1647 4968
1648 4704
1649 4964
1650 4713
1651 5594
1652 4980
1653 4752
1654 4775
1655 4837
1656 7142
1657 4658
1658 4590
1659 4718
1660 5203
1661 4589
1662 5212
1663 4721
1664 4951
1665 4714
1666 4963
1667 5472
1668 4702
1669 4463
1670 5093
1671 4967
1672 4705
1673 4961
1674 4713
1675 4859
1676 6458
1677 4950
1678 4834
1679 4595
1680 5455
1681 4804
1682 5241
1683 5536
1684 5265
1685 4711
1686 5088
1687 4719
1688 4895
1689 4648
1690 5087
1691 4597
1692 5329
1693 4716
1694 4960
1695 5217
1696 4727
1697 5691
1698 4708
1699 4849
1700 4456
1701 4584
1702 4832
1703 4973
1704 4572
1705 5097
1706 4955
1707 5375
1708 5557
1709 4837
1710 5447
1711 5428
1712 4616
1713 4793
1714 4574
1715 4844
1716 4705
1717 6352
1718 5068
1719 5096
1720 4580
1721 4710
1722 4714
1723 4467
1724 5269
1725 5080
1726 4652
1727 4717
1728 4955
1729 4845
1730 4584
1731 4714
1732 4955
1733 5080
1734 4596
1735 5350
1736 5134
1737 -995239
1738 5971
1739 6211
1740 4584
1741 4705
1742 4736
1743 5192
1744 4844
1745 5133
1746 4922
1747 4693
1748 4717
1749 4573
1750 4961
1751 4712
1752 4827
1753 4590
1754 5087
1755 4753
1756 5552
1757 4827
1758 6465
1759 5725
1760 5301
1761 5732
1762 5340
1763 4714
1764 4957
1765 4465
1766 4785
1767 5272
1768 6449
1769 5464
1770 4740
1771 5190
1772 4969
1773 4568
1774 5595
1775 4580
1776 4716
1777 4710
1778 5960
1779 4577
1780 4988
1781 4999
1782 5288
1783 4947
1784 5443
1785 5234
1786 4971
1787 5328
1788 5155
1789 5141
1790 4731
1791 4573
1792 4829
1793 4454
1794 6017
1795 4912
1796 5254
1797 5788
1798 5587
1799 5334
1800 5029
1801 4648
1802 4695
1803 4979
1804 4846
1805 4580
1806 4779
1807 4768
1808 4963
1809 5341
1810 4824
1811 4725
1812 4837
1813 5588
1814 4970
1815 5272
1816 5144
1817 5088
1818 5719
1819 5204
1820 5088
1821 4588
1822 4589
1823 4960
1824 4838
1825 4964
1826 4716
1827 4721
1828 5673
1829 4994
1830 4770
1831 4765
1832 4590
1833 4723
1834 4832
1835 4585
1836 4710
1837 5148
1838 6867
1839 4752
1840 4703
1841 4616
1842 4682
1843 4708
1844 4776
1845 5027
1846 4590
1847 4711
1848 4962
1849 5213
1850 5597
1851 4577
1852 5467
1853 4580
1854 5221
1855 5201
1856 4839
1857 5332
1858 4589
1859 7153
1860 4649
1861 4579
1862 4589
1863 4709
1864 5649
1865 5286
1866 4950
1867 6274
1868 4903
1869 5226
1870 4582
1871 5595
1872 5849
1873 5104
1874 5157
1875 5537
1876 5393
1877 5022
1878 6145
1879 4967
1880 4771
1881 4649
1882 4952
1883 5220
1884 5706
1885 5468
1886 6201
1887 4925
1888 4640
1889 5258
1890 4765
1891 4969
1892 4707
1893 4839
1894 4578
1895 4593
1896 4831
1897 4466
1898 6080
1899 5464
1900 4779
1901 5028
1902 4954
1903 5350
1904 5092
1905 5319
1906 4832
1907 4590
1908 5060
1909 4861
1910 4957
1911 4828
1912 4720
1913 4828
1914 4592
1915 4583
1916 4595
1917 4888
1918 5460
1919 5906
1920 4584
1921 6030
1922 4464
1923 4584
1924 4969
1925 4579
1926 4595
1927 5269
1928 4704
1929 4906
1930 5457
1931 4588
1932 4965
1933 4835
1934 -995236
1935 5287
1936 4966
1937 5708
1938 4726
1939 6027
1940 4636
1941 4766
1942 5524
1943 5003
1944 5679
1945 5704
1946 4836
1947 5598
1948 4759
1949 5285
1950 4615
1951 5313
1952 5385
1953 5408
1954 5086
1955 4716
1956 4706
1957 5216
1958 5339
1959 5719
1960 5203
1961 5530
1962 4644
1963 4747
1964 5062
1965 5452
1966 4708
1967 4823
1968 5474
1969 4722
1970 4861
1971 4662
1972 4957
1973 4735
1974 5209
1975 5570
1976 5085
1977 5015
1978 5206
1979 5920
1980 4578
1981 5221
1982 5334
1983 4703
1984 4838
1985 4841
1986 5470
1987 5202
1988 4838
1989 5089
1990 4595
1991 4953
1992 5355
1993 5450
1994 4971
1995 4703
1996 4844
1997 4831
1998 4573
1999 6169
2000 4771
2001 4586
2002 4846
2003 5078
2004 4472
2005 5580
2006 5447
2007 4794
2008 5158
2009 5202
2010 4965
2011 4897
2012 5326
2013 4656
2014 4591
2015 5460
2016 4704
2017 4839
2018 4841
2019 6704
2020 4620
2021 4555
2022 5080
2023 4693
2024 5079
2025 4716
2026 4844
2027 5580
2028 4954
2029 4860
2030 4824
2031 5074
2032 4585
2033 4737
2034 4692
2035 4836
2036 5029
2037 4596
2038 4835
2039 4958
2040 5828
2041 5536
2042 5148
2043 5582
2044 4578
2045 4837
2046 4854
2047 5077
2048 4586
2049 5452
2050 4841
2051 5775
2052 4898
2053 4587
2054 5090
2055 4583
2056 4975
2057 4712
2058 5077
2059 5019
2060 6527
2061 4963
2062 4588
2063 4961
2064 4587
2065 4588
2066 4946
2067 4728
2068 5087
2069 4741
2070 4825
2071 4572
2072 4839
2073 4714
2074 4591
2075 4706
2076 5499
2077 5276
2078 4592
2079 6205
2080 5621
2081 5173
2082 5339
2083 4584
2084 4843
2085 4594
2086 5468
2087 5133
2088 4830
2089 4780
2090 5344
2091 4710
2092 4587
2093 5089
2094 4585
2095 4720
2096 4827
2097 4456
2098 4594
2099 5329
2100 4839
2101 5839
2102 5714
2103 4961
2104 4587
2105 5338
2106 4716
2107 4607
2108 4704
2109 4761
2110 5279
2111 4578
2112 4838
2113 4963
2114 4847
2115 4950
2116 5646
2117 5031
2118 4972
2119 5578
2120 5087
2121 5713
2122 5113
2123 4810
2124 5215
2125 5874
2126 4550
2127 5331
2128 5593
2129 4841
2130 5082
2131 -994856
2132 5653
2133 5346
2134 4829
2135 5099
2136 5075
2137 5340
2138 6334
2139 4722
2140 6595
2141 5075
2142 4828
2143 4587
2144 4587
2145 4720
2146 4703
2147 5090
2148 4587
2149 4843
2150 5081
2151 5530
2152 5398
2153 4841
2154 4968
2155 4706
2156 5087
2157 5089
2158 4832
2159 5464
2160 5597
2161 5577
2162 4592
2163 4586
2164 5216
2165 5087
2166 5208
2167 4462
2168 4721
2169 4826
2170 4594
2171 5340
2172 4960
2173 4577
2174 6295
2175 4878
2176 4714
2177 4838
2178 4837
2179 4962
2180 5219
2181 6952
2182 5525
2183 4948
2184 5169
2185 5451
2186 5090
2187 4600
2188 5449
2189 5343
2190 4957
2191 4844
2192 4582
2193 4962
2194 5089
2195 6596
2196 4708
2197 5083
2198 4718
2199 5212
2200 6338
2201 4829
2202 5212
2203 4822
2204 4669
2205 4896
2206 4589
2207 4839
2208 5527
2209 5144
2210 4589
2211 4795
2212 4630
2213 4773
2214 5023
2215 4713
2216 5337
2217 4713
2218 4837
2219 4845
2220 6452
2221 6092
2222 4707
2223 5092
2224 4958
2225 4898
2226 4651
2227 4710
2228 5275
2229 4653
2230 4964
2231 5334
2232 5078
2233 4594
2234 4580
2235 4596
2236 4577
2237 4846
2238 5202
2239 4982
2240 4816
2241 5594
2242 5140
2243 5660
2244 4705
2245 5342
2246 5078
2247 4846
2248 4579
2249 4586
2250 4591
2251 4836
2252 4585
2253 5106
2254 4675
2255 4845
2256 4825
2257 5209
2258 4962
2259 4595
2260 4705
2261 4962
2262 6338
2263 4728
2264 4945
2265 4590
2266 4773
2267 5337
2268 5277
2269 4588
2270 4713
2271 4595
2272 4765
2273 4775
2274 4586
2275 5291
2276 5402
2277 4819
2278 4590
2279 5720
2280 5710
2281 4703
2282 6469
2283 4579
2284 5339
2285 4706
2286 5218
2287 4832
2288 5097
2289 4944
2290 4786
2291 5019
2292 4707
2293 5397
2294 5448
2295 4658
2296 4581
2297 4965
2298 4959
2299 4840
2300 4710
2301 5464
2302 6260
2303 4914
2304 5205
2305 5210
2306 4634
2307 4726
2308 5148
2309 5710
2310 4871
2311 5673
2312 5145
2313 4778
2314 4575
2315 4590
2316 4710
2317 4899
2318 4813
2319 5427
2320 5455
2321 5210
2322 7012
2323 4783
2324 5226
2325 5195
2326 5470
2327 -995237
2328 4840
2329 4897
2330 5096
2331 5084
2332 4832
2333 5209
2334 4714
2335 5334
2336 4962
2337 5215
2338 4587
2339 4959
2340 4963
2341 4715
2342 6286
2343 5260
2344 5267
2345 5355
2346 5504
2347 5220
2348 5086
2349 4975
2350 4834
2351 4713
2352 5209
2353 4961
2354 5577
2355 5332
2356 4597
2357 4568
2358 4708
2359 4831
2360 4576
2361 4724
2362 5454
2363 4956
2364 4583
2365 4627
2366 4696
2367 4946
2368 4710
2369 4464
2370 5329
2371 4964
2372 4722
2373 4708
2374 4572
2375 4730
2376 4826
2377 4580
2378 5465
2379 5434
2380 4988
2381 4708
2382 4844
2383 6720
2384 4950
2385 4851
2386 5447
2387 5331
2388 4710
2389 4879
2390 4921
2391 4972
2392 4705
2393 4717
2394 5446
2395 5156
2396 4652
2397 5275
2398 4890
2399 5088
2400 4590
2401 5355
2402 5192
2403 5714
2404 4975
2405 4583
2406 4704
2407 4713
2408 4963
2409 4838
2410 4586
2411 5405
2412 5020
2413 4863
2414 4814
2415 5210
2416 5280
2417 5657
2418 5451
2419 4961
2420 5338
2421 5093
2422 4581
2423 6212
2424 4716
2425 4588
2426 4960
2427 4838
2428 5088
2429 4847
2430 4575
2431 5099
2432 5769
2433 5023
2434 4964
2435 4961
2436 4687
2437 4590
2438 4959
2439 4722
2440 4577
2441 4905
2442 4773
2443 4585
2444 5716
2445 4903
2446 4768
2447 4715
2448 4588
2449 4844
2450 4579
2451 4712
2452 5532
2453 5402
2454 5204
2455 4964
2456 4602
2457 5451
2458 4584
2459 5212
2460 5088
2461 4716
2462 6083
2463 4967
2464 6216
2465 4978
2466 4814
2467 4864
2468 4824
2469 5145
2470 5078
2471 5024
2472 4967
2473 4708
2474 4961
2475 4590
2476 4676
2477 4816
2478 4820
2479 4785
2480 4711
2481 4846
2482 5454
2483 5275
2484 6658
2485 5139
2486 4656
2487 4960
2488 4842
2489 5456
2490 4897
2491 4773
2492 5412
2493 4884
2494 4712
2495 4593
2496 4587
2497 4833
2498 4713
2499 5214
2500 4726
2501 4945
2502 4602
2503 5199
2504 4899
2505 6781
2506 4577
2507 5087
2508 4595
2509 5768
2510 5159
2511 5587
2512 5831
2513 4958
2514 5645
2515 5280
2516 4711
2517 5346
2518 5828
2519 5216
2520 5706
2521 4963
2522 5024
2523 5055
2524 6051
2525 -995412
2526 4588
2527 4724
2528 4700
2529 5100
2530 4947
2531 4468
2532 4584
2533 5460
2534 4963
2535 5421
2536 4629
2537 4834
2538 4589
2539 4723
2540 4575
2541 5213
2542 4839
2543 5106
2544 7288
2545 4738
2546 5090
2547 4843
2548 5636
2549 4905
2550 5338
2551 5092
2552 5960
2553 4463
2554 4959
2555 4988
2556 5321
2557 4831
2558 4587
2559 4717
2560 4584
2561 4904
2562 4644
2563 4966
2564 4956
2565 5971
2566 4705
2567 4589
2568 4958
2569 5218
2570 4834
2571 4775
2572 4771
2573 5309
2574 4618
2575 4722
2576 4828
2577 5085
2578 5144
2579 5040
2580 4820
2581 4839
2582 5656
2583 5147
2584 4584
2585 6717
2586 5478
2587 5321
2588 5022
2589 5401
2590 4600
2591 4948
2592 5328
2593 4463
2594 5073
2595 5172
2596 5011
2597 5836
2598 4763
2599 4788
2600 4463
2601 5719
2602 5088
2603 5215
2604 5079
2605 5714
2606 5657
2607 5140
2608 4715
2609 4588
2610 5845
2611 5254
2612 5286
2613 5089
2614 5089
2615 5317
2616 5022
2617 5471
2618 4650
2619 4882
2620 5969
2621 4929
2622 5555
2623 6345
2624 6078
2625 4594
2626 4836
2627 5334
2628 4579
2629 4595
2630 4701
2631 4982
2632 4818
2633 4736
2634 4423
2635 4713
2636 4967
2637 7154
2638 4647
2639 4584
2640 4963
2641 5215
2642 4830
2643 4588
2644 5965
2645 5474
2646 5531
2647 4879
2648 5086
2649 5531
2650 6141
2651 4844
2652 4712
2653 4892
2654 4651
2655 4841
2656 4979
2657 4695
2658 4962
2659 4711
2660 4589
2661 4716
2662 5397
2663 4899
2664 5845
2665 4954
2666 5466
2667 5088
2668 5400
2669 4773
2670 4836
2671 6465
2672 5215
2673 4846
2674 5201
2675 5276
2676 5152
2677 5459
2678 4589
2679 5462
2680 4718
2681 5333
2682 4709
2683 4589
2684 6467
2685 5278
2686 4764
2687 5001
2688 5055
2689 5328
2690 5463
2691 4716
2692 4584
2693 4837
2694 5222
2695 5462
2696 5077
2697 5239
2698 5295
2699 4843
2700 5020
2701 5961
2702 5022
2703 4965
2704 6142
2705 4902
2706 4962
2707 4964
2708 5401
2709 4774
2710 4710
2711 5110
2712 5188
2713 4838
2714 4772
2715 5849
2716 4638
2717 4714
2718 5224
2719 4952
2720 -995413
2721 4564
2722 4982
2723 4662
2724 5638
2725 4845
2726 5073
2727 4971
2728 4706
2729 5468
2730 4897
2731 4652
2732 4764
2733 4660
2734 5389
2735 5164
2736 4828
2737 5653
2738 5148
2739 4589
2740 5208
2741 4839
2742 4856
2743 5073
2744 6710
2745 5224
2746 4957
2747 4706
2748 4838
2749 5336
2750 4719
2751 4843
2752 4575
2753 6402
2754 4768
2755 5483
2756 4802
2757 4993
2758 4557
2759 4953
2760 4725
2761 4449
2762 4901
2763 5021
2764 6721
2765 4715
2766 5451
2767 5395
2768 5211
2769 4655
2770 5214
2771 5203
2772 4590
2773 4707
2774 4463
2775 5145
2776 5154
2777 4837
2778 5457
2779 4727
2780 4574
2781 5465
2782 5262
2783 4718
2784 5900
2785 4957
2786 4569
2787 5587
2788 4844
2789 5078
2790 5342
2791 4558
2792 4571
2793 5034
2794 5359
2795 5693
2796 5455
2797 5089
2798 5252
2799 5154
2800 4453
2801 5081
2802 5204
2803 4973
2804 6570
2805 5081
2806 5199
2807 4882
2808 4638
2809 4796
2810 4522
2811 4831
2812 5475
2813 4689
2814 5952
2815 5958
2816 4719
2817 4821
2818 4583
2819 4747
2820 4529
2821 5216
2822 5849
2823 5103
2824 5674
2825 4694
2826 4832
2827 4582
2828 4481
2829 4806
2830 4461
2831 4706
2832 5245
2833 5063
2834 4942
2835 4708
2836 5073
2837 4460
2838 5710
2839 4642
2840 5006
2841 5154
2842 5345
2843 4949
2844 5080
2845 6066
2846 5436
2847 5352
2848 5405
2849 4507
2850 4734
2851 4663
2852 4842
2853 4444
2854 4708
2855 5082
2856 4700
2857 5696
2858 4583
2859 4708
2860 4590
2861 4703
2862 4706
2863 4702
2864 5461
2865 5818
2866 5590
2867 5187
2868 5464
2869 5077
2870 4588
2871 4952
2872 4714
2873 5072
2874 5833
2875 4708
2876 4834
2877 4709
2878 4722
2879 5061
2880 4832
2881 4955
2882 5088
2883 5324
2884 4711
2885 6577
2886 4708
2887 4709
2888 4834
2889 4832
2890 5206
2891 4834
2892 4835
2893 4938
2894 5098
2895 5511
2896 4782
2897 5133
2898 5276
2899 4775
2900 5025
2901 5577
2902 4571
2903 5236
2904 4930
2905 6327
2906 4572
2907 4841
2908 4571
2909 4618
2910 4552
2911 4695
2912 4973
2913 4565
2914 5527
2915 5136
2916 4827
2917 -994799
2918 4961
2919 4701
2920 5211
2921 4915
2922 4807
2923 5020
2924 4961
2925 5077
2926 5584
2927 4599
2928 4668
2929 5326
2930 4585
2931 4713
2932 4965
2933 5024
2934 4521
2935 5337
2936 4971
2937 5578
2938 5211
2939 6469
2940 5204
2941 4713
2942 5147
2943 4786
2944 4827
2945 5087
2946 6712
2947 4606
2948 5314
2949 4713
2950 4587
2951 4895
2952 5301
2953 5566
2954 5212
2955 4841
2956 5332
2957 4970
2958 4577
2959 4712
2960 4841
2961 4774
2962 5273
2963 4591
2964 4845
2965 4829
2966 5959
2967 5154
2968 4519
2969 5465
2970 5213
2971 5216
2972 4830
2973 4771
2974 5964
2975 4658
2976 4577
2977 4586
2978 4589
2979 4710
2980 5459
2981 4588
2982 4713
2983 4838
2984 5334
2985 4588
2986 6282
2987 5396
2988 4958
2989 4585
2990 4715
2991 5339
2992 5460
2993 5087
2994 4593
2995 4962
2996 4600
2997 5571
2998 4712
2999 4586
3000 4959
3001 4963
3002 4583
3003 4612
3004 5186
3005 6339
3006 5843
3007 4702
3008 4731
3009 5193
3010 5215
3011 4703
3012 4584
3013 4720
3014 5121
3015 5047
3016 4577
3017 5217
3018 5344
3019 4827
3020 4953
3021 5032
3022 5028
3023 5200
3024 4895
3025 4901
3026 4667
3027 6819
3028 4635
3029 4716
3030 5086
3031 4710
3032 4891
3033 4778
3034 5460
3035 4772
3036 5267
3037 4719
3038 5211
3039 4958
3040 5267
3041 5778
3042 4584
3043 5444
3044 4595
3045 5117
3046 4737
3047 6272
3048 5136
3049 4766
3050 5223
3051 4847
3052 4574
3053 4869
3054 4801
3055 4632
3056 4802
3057 5204
3058 4590
3059 4835
3060 4838
3061 5233
3062 5191
3063 4832
3064 4591
3065 5333
3066 4837
3067 6107
3068 4817
3069 4856
3070 5068
3071 4955
3072 4964
3073 4852
3074 5324
3075 5327
3076 4587
3077 4842
3078 4965
3079 4695
3080 4972
3081 4957
3082 4715
3083 5576
3084 5215
3085 5087
3086 4708
3087 6039
3088 5504
3089 4711
3090 4828
3091 4581
3092 4846
3093 4837
3094 4959
3095 5015
3096 4783
3097 5206
3098 4710
3099 4705
3100 4844
3101 4841
3102 4529
3103 4841
3104 5138
3105 4658
3106 5652
3107 5018
3108 5744
3109 5681
3110 4613
3111 5055
3112 4985
3113 4711
3114 4680
3115 -995410
3116 4582
3117 4675
3118 5131
3119 4907
3120 5629
3121 4850
3122 4881
3123 4654
3124 5203
3125 5468
3126 5829
3127 5216
3128 6285
3129 4832
3130 4962
3131 5210
3132 4714
3133 4470
3134 4761
3135 4782
3136 5769
3137 5281
3138 4710
3139 4962
3140 5209
3141 4966
3142 5081
3143 4961
3144 5212
3145 4762
3146 4796
3147 5203
3148 6105
3149 4817
3150 5449
3151 5966
3152 4593
3153 6137
3154 5091
3155 5279
3156 4591
3157 5203
3158 5724
3159 4951
3160 5282
3161 4769
3162 5086
3163 4963
3164 4971
3165 5258
3166 5906
3167 6118
3168 5242
3169 4776
3170 5342
3171 4744
3172 4552
3173 4730
3174 4820
3175 5299
3176 5499
3177 4961
3178 4827
3179 5080
3180 4843
3181 4969
3182 5207
3183 4725
3184 5008
3185 5401
3186 4961
3187 4706
3188 8343
3189 5213
3190 5341
3191 5343
3192 4826
3193 5464
3194 4635
3195 4917
3196 4718
3197 4948
3198 5382
3199 5296
3200 5518
3201 4914
3202 4807
3203 5164
3204 5271
3205 5406
3206 4903
3207 6079
3208 4837
3209 5089
3210 5230
3211 4817
3212 5338
3213 6339
3214 4588
3215 4717
3216 5082
3217 5332
3218 5023
3219 5090
3220 4836
3221 4782
3222 5207
3223 4456
3224 4590
3225 4873
3226 4936
3227 5698
3228 4837
3229 5339
3230 4838
3231 5210
3232 4961
3233 4607
3234 4573
3235 4871
3236 4678
3237 4701
3238 4590
3239 4711
3240 4840
3241 4585
3242 4719
3243 4578
3244 5465
3245 4964
3246 5971
3247 4578
3248 6083
3249 4840
3250 5340
3251 5646
3252 4851
3253 4905
3254 4825
3255 5098
3256 4945
3257 5211
3258 5094
3259 4831
3260 5437
3261 4739
3262 5339
3263 5333
3264 5104
3265 4962
3266 5744
3267 6716
3268 5459
3269 4785
3270 4821
3271 4748
3272 5172
3273 4601
3274 5255
3275 5110
3276 4698
3277 4558
3278 4921
3279 5081
3280 4581
3281 4595
3282 4826
3283 4453
3284 4835
3285 4843
3286 4698
3287 4458
3288 6209
3289 4468
3290 4447
3291 4586
3292 4834
3293 4836
3294 5372
3295 4911
3296 4833
3297 5094
3298 4637
3299 5415
3300 4589
3301 4713
3302 4965
3303 4485
3304 4811
3305 4592
3306 5211
3307 4876
3308 4546
3309 6088
3310 4591
3311 -995543
3312 5713
3313 5089
3314 4840
3315 4461
3316 4712
3317 4588
3318 5386
3319 5164
3320 4587
3321 4967
3322 5337
3323 4958
3324 5212
3325 4589
3326 4589
3327 5082
3328 5383
3329 6427
3330 4952
3331 4462
3332 5714
3333 5096
3334 4453
3335 4838
3336 4712
3337 4838
3338 4591
3339 5207
3340 4590
3341 5231
3342 4581
3343 4837
3344 4731
3345 4830
3346 4948
3347 5212
3348 4858
3349 4936
3350 5348
3351 5024
3352 4752
3353 4737
3354 5009
3355 5274
3356 5210
3357 4718
3358 4705
3359 4962
3360 4842
3361 4708
3362 5275
3363 4777
3364 6745
3365 5314
3366 4960
3367 4578
3368 5325
3369 4978
3370 5595
3371 4652
3372 4838
3373 4587
3374 4578
3375 5230
3376 4946
3377 4596
3378 5203
3379 5586
3380 4840
3381 5410
3382 5387
3383 6214
3384 4856
3385 5428
3386 4747
3387 4675
3388 4953
3389 4599
3390 5950
3391 4835
3392 4590
3393 5090
3394 5459
3395 4836
3396 5469
3397 5206
3398 4717
3399 5333
3400 4606
3401 4944
3402 4964
3403 4587
3404 4934
3405 5864
3406 4584
3407 5086
3408 4610
3409 5064
3410 5964
3411 4963
3412 4591
3413 4581
3414 4588
3415 4714
3416 5035
3417 4791
3418 5055
3419 4964
3420 4713
3421 4590
3422 4583
3423 4964
3424 4710
3425 4779
3426 4645
3427 4590
3428 5465
3429 4837
3430 4710
3431 6836
3432 5516
3433 5164
3434 4709
3435 5208
3436 5651
3437 4772
3438 4711
3439 4839
3440 5107
3441 4805
3442 4583
3443 5089
3444 5398
3445 4648
3446 4592
3447 4770
3448 5702
3449 5364
3450 4631
3451 6967
3452 4720
3453 4763
3454 4774
3455 4837
3456 5787
3457 4635
3458 4770
3459 5225
3460 4901
3461 4830
3462 4963
3463 4714
3464 4995
3465 5426
3466 4714
3467 4714
3468 4844
3469 4897
3470 4777
3471 5952
3472 5094
3473 4580
3474 5222
3475 4707
3476 4716
3477 4578
3478 4737
3479 5396
3480 4708
3481 5339
3482 5127
3483 4918
3484 5463
3485 4717
3486 4619
3487 5572
3488 4943
3489 5090
3490 4968
3491 5955
3492 4587
3493 4840
3494 4719
3495 5454
3496 4714
3497 4837
3498 4904
3499 4769
3500 4964
3501 4841
3502 4598
3503 5074
3504 4962
3505 4842
3506 5285
3507 4947
3508 5906
3509 -994790
3510 4845
3511 4576
3512 6093
3513 4712
3514 4718
3515 4958
3516 5585
3517 5338
3518 4839
3519 4597
3520 5076
3521 5780
3522 4645
3523 4586
3524 4961
3525 4590
3526 4844
3527 4849
3528 4817
3529 4714
3530 5342
3531 5147
3532 6145
3533 5842
3534 4589
3535 4585
3536 4837
3537 4598
3538 4764
3539 5026
3540 5217
3541 4825
3542 4455
3543 5585
3544 4837
3545 4964
3546 4962
3547 5335
3548 4714
3549 5730
3550 5576
3551 4832
3552 6525
3553 4982
3554 4756
3555 5465
3556 5214
3557 5096
3558 4577
3559 4719
3560 4708
3561 7412
3562 5259
3563 4591
3564 5962
3565 4716
3566 4832
3567 4779
3568 4897
3569 5217
3570 5209
3571 4592
3572 5725
3573 5701
3574 4834
3575 5088
3576 4963
3577 5216
3578 5086
3579 5215
3580 4800
3581 5273
3582 4557
3583 4713
3584 5400
3585 4655
3586 4768
3587 5282
3588 5269
3589 5024
3590 4707
3591 5777
3592 5158
3593 4947
3594 4971
3595 4753
3596 5049
3597 4583
3598 4710
3599 5022
3600 4857
3601 5456
3602 4763
3603 4591
3604 5237
3605 5564
3606 4834
3607 5332
3608 4967
3609 5435
3610 4859
3611 4979
3612 6328
3613 4827
3614 5779
3615 4647
3616 4845
3617 4579
3618 4963
3619 4963
3620 4862
3621 4939
3622 5459
3623 5088
3624 4716
3625 5525
3626 5519
3627 4718
3628 4587
3629 5275
3630 5186
3631 5052
3632 6269
3633 4843
3634 5022
3635 4589
3636 4965
3637 5086
3638 4961
3639 5420
3640 5008
3641 4702
3642 4840
3643 4584
3644 4589
3645 4584
3646 4711
3647 5091
3648 5964
3649 4707
3650 5596
3651 5373
3652 6170
3653 4760
3654 4903
3655 4972
3656 4580
3657 4587
3658 4590
3659 4587
3660 4713
3661 4834
3662 4843
3663 4835
3664 5341
3665 5206
3666 4478
3667 4697
3668 4966
3669 5210
3670 4791
3671 7585
3672 5870
3673 4724
3674 4836
3675 4596
3676 5703
3677 4964
3678 4713
3679 4851
3680 4706
3681 5205
3682 4968
3683 5588
3684 4833
3685 4580
3686 4843
3687 6087
3688 4958
3689 4766
3690 5657
3691 5328
3692 5715
3693 4685
3694 5097
3695 5771
3696 4891
3697 5210
3698 4596
3699 5463
3700 4941
3701 4686
3702 4595
3703 5079
3704 4721
3705 -995176
3706 4970
3707 4830
3708 4849
3709 5221
3710 5260
3711 5389
3712 5843
3713 4827
3714 4969
3715 4717
3716 4959
3717 5320
3718 4599
3719 5214
3720 4944
3721 4588
3722 5351
3723 5316
3724 5085
3725 4972
3726 5075
3727 4572
3728 4591
3729 4732
3730 4921
3731 5089
3732 4785
3733 5679
3734 5114
3735 4556
3736 4711
3737 4989
3738 4735
3739 4655
3740 4682
3741 5339
3742 4687
3743 5088
3744 4805
3745 4709
3746 5085
3747 4832
3748 4458
3749 4825
3750 5147
3751 5080
3752 5018
3753 6832
3754 5842
3755 5388
3756 5644
3757 4956
3758 4587
3759 5335
3760 4568
3761 4715
3762 4711
3763 4696
3764 6026
3765 4643
3766 4588
3767 5388
3768 5150
3769 5709
3770 4693
3771 4960
3772 4838
3773 5903
3774 5008
3775 4838
3776 4956
3777 4721
3778 5066
3779 4954
3780 4828
3781 4596
3782 4568
3783 4774
3784 4909
3785 4839
3786 4795
3787 5081
3788 4837
3789 5231
3790 4554
3791 4709
3792 5550
3793 7881
3794 5055
3795 4820
3796 4961
3797 4775
3798 4659
3799 5235
3800 4537
3801 5095
3802 4707
3803 5081
3804 4839
3805 4969
3806 4577
3807 4983
3808 4832
3809 5099
3810 5677
3811 4712
3812 4963
3813 5096
3814 6076
3815 4591
3816 4965
3817 4713
3818 5171
3819 6153
3820 4660
3821 4701
3822 4959
3823 4837
3824 5598
3825 5576
3826 5083
3827 5337
3828 5033
3829 5016
3830 4646
3831 4982
3832 5070
3833 6415
3834 4818
3835 5589
3836 4843
3837 4969
3838 5137
3839 4770
3840 5595
3841 5328
3842 5836
3843 4926
3844 5123
3845 4834
3846 4586
3847 4715
3848 5462
3849 4961
3850 4710
3851 5090
3852 4469
3853 5838
3854 4704
3855 4588
3856 4594
3857 4706
3858 4588
3859 4588
3860 4593
3861 4828
3862 4896
3863 5407
3864 5508
3865 4971
3866 5470
3867 5023
3868 4595
3869 4955
3870 4837
3871 5336
3872 5094
3873 5645
3874 6162
3875 4822
3876 4714
3877 4839
3878 4582
3879 4713
3880 5090
3881 4833
3882 4586
3883 5145
3884 4912
3885 5264
3886 4649
3887 4838
3888 4965
3889 4581
3890 4714
3891 4589
3892 4716
3893 5581
3894 6337
3895 4586
3896 4603
3897 4821
3898 5524
3899 5038
3900 5203
3901 4836
3902 4585
3903 -995411
3904 4940
3905 5800
3906 4772
3907 5092
3908 4836
3909 4708
3910 4776
3911 4775
3912 4970
3913 4951
3914 4963
3915 6339
3916 4839
3917 4960
3918 4585
3919 4727
3920 5076
3921 5211
3922 5335
3923 5473
3924 4951
3925 5209
3926 4842
3927 5584
3928 4901
3929 4648
3930 4598
3931 5447
3932 4720
3933 4733
3934 4740
3935 6574
3936 4917
3937 4576
3938 4587
3939 4589
3940 5216
3941 5460
3942 5212
3943 5720
3944 4996
3945 5045
3946 4718
3947 4729
3948 4944
3949 4713
3950 4713
3951 4839
3952 4587
3953 5386
3954 5039
3955 6091
3956 5083
3957 5086
3958 4837
3959 4717
3960 4592
3961 4573
3962 4589
3963 4736
3964 5063
3965 4846
3966 5075
3967 4587
3968 5340
3969 4845
3970 5200
3971 5089
3972 5153
3973 4896
3974 4709
3975 4715
3976 6715
3977 5584
3978 4839
3979 4848
3980 5078
3981 4711
3982 5970
3983 5023
3984 4768
3985 4838
3986 4840
3987 5219
3988 5140
3989 5586
3990 4905
3991 4838
3992 4710
3993 4836
3994 5337
3995 6182
3996 4619
3997 4597
3998 4762
3999 5525
4000 4958
4001 4599
4002 4703
4003 4720
4004 5076
4005 5718
4006 4709
4007 4715
4008 4582
4009 5593
4010 5016
4011 4789
4012 4699
4013 5468
4014 5276
4015 4697
4016 6977
4017 4896
4018 4835
4019 5091
4020 5399
4021 4522
4022 4595
4023 5097
4024 5251
4025 4781
4026 4961
4027 4969
4028 4954
4029 5340
4030 5256
4031 4672
4032 4828
4033 4842
4034 5515
4035 4777
4036 6338
4037 5093
4038 5091
4039 5206
4040 4834
4041 5286
4042 5521
4043 4581
4044 4906
4045 6892
4046 6841
4047 4708
4048 5599
4049 5148
4050 5262
4051 4772
4052 4905
4053 4594
4054 5330
4055 5964
4056 5086
4057 4845
4058 4728
4059 5067
4060 5024
4061 4781
4062 4827
4063 5463
4064 4587
4065 4591
4066 4786
4067 4881
4068 5407
4069 4644
4070 4832
4071 5841
4072 5336
4073 4714
4074 5276
4075 6271
4076 5596
4077 4579
4078 5085
4079 5588
4080 5221
4081 4826
4082 4715
4083 4962
4084 4594
4085 4708
4086 4896
4087 5399
4088 4593
4089 5081
4090 4839
4091 4918
4092 4767
4093 5077
4094 4958
4095 5965
4096 5012
4097 5165
4098 4827
4099 -994411
4100 4596
4101 5327
4102 4588
4103 4838
4104 4606
4105 6134
4106 4896
4107 4463
4108 4719
4109 4708
4110 4960
4111 4590
4112 4589
4113 4955
4114 5088
4115 4839
4116 5846
4117 4951
4118 5089
4119 5213
4120 5220
4121 4765
4122 4776
4123 4963
4124 4970
4125 4829
4126 4969
4127 5207
4128 5777
4129 4765
4130 4768
4131 4776
4132 4597
4133 4952
4134 4714
4135 4960
4136 5845
4137 4453
4138 5589
4139 4963
4140 4971
4141 4702
4142 4592
4143 4775
4144 4909
4145 4827
4146 4713
4147 4647
4148 4922
4149 5065
4150 5088
4151 4966
4152 4845
4153 4825
4154 4586
4155 4840
4156 5488
4157 5809
4158 4586
4159 4590
4160 4771
4161 4715
4162 4958
4163 5151
4164 4864
4165 4519
4166 4560
4167 5213
4168 4839
4169 4585
4170 4712
4171 5710
4172 4586
4173 5341
4174 4568
4175 5712
4176 4714
4177 5713
4178 4959
4179 4595
4180 5853
4181 4813
4182 4588
4183 5336
4184 5130
4185 4922
4186 5213
4187 5090
4188 4967
4189 4579
4190 4715
4191 4962
4192 4743
4193 5685
4194 4452
4195 4587
4196 4837
4197 4841
4198 5979
4199 4816
4200 4772
4201 5408
4202 5078
4203 5210
4204 4605
4205 5196
4206 4710
4207 4713
4208 4758
4209 4547
4210 5076
4211 5337
4212 5230
4213 4947
4214 4962
4215 4836
4216 5473
4217 5452
4218 5962
4219 4712
4220 5098
4221 4665
4222 4873
4223 5529
4224 5159
4225 4822
4226 4718
4227 4959
4228 6216
4229 5525
4230 4893
4231 4586
4232 5216
4233 4582
4234 4588
4235 6215
4236 5095
4237 7095
4238 4820
4239 4469
4240 4581
4241 5403
4242 5273
4243 4841
4244 4581
4245 4718
4246 5020
4247 5146
4248 4858
4249 4690
4250 4963
4251 4717
4252 6336
4253 5270
4254 6046
4255 5019
4256 5261
4257 6086
4258 4585
4259 4591
4260 4957
4261 4964
4262 4710
4263 4969
4264 4840
4265 4580
4266 4775
4267 5905
4268 5456
4269 4589
4270 4737
4271 4817
4272 5282
4273 5390
4274 4775
4275 4775
4276 5900
4277 4648
4278 5666
4279 5325
4280 4641
4281 5337
4282 4714
4283 4842
4284 4590
4285 4831
4286 4713
4287 4967
4288 4581
4289 4965
4290 4588
4291 4845
4292 4466
4293 5090
4294 5194
4295 4849
4296 4951
4297 -995209
4298 6133
4299 4961
4300 4458
4301 4775
4302 4897
4303 5355
4304 4982
4305 4657
4306 5083
4307 4967
4308 4828
4309 4958
4310 5466
4311 4965
4312 4827
4313 4584
4314 4590
4315 6091
4316 4578
4317 4709
4318 4907
4319 5645
4320 4957
4321 4833
4322 4713
4323 4841
4324 4562
4325 4584
4326 4585
4327 4710
4328 5088
4329 4587
4330 5080
4331 5128
4332 4714
4333 5204
4334 5029
4335 4591
4336 4582
4337 4961
4338 5214
4339 6301
4340 5170
4341 5104
4342 4830
4343 4785
4344 4579
4345 4714
4346 4835
4347 4598
4348 5074
4349 4593
4350 4584
4351 6095
4352 4830
4353 5211
4354 5089
4355 4592
4356 4829
4357 5114
4358 4689
4359 5089
4360 5585
4361 4711
4362 4836
4363 6105
4364 5193
4365 4967
4366 4585
4367 4588
4368 4714
4369 5208
4370 4588
4371 4721
4372 4826
4373 4588
4374 4588
4375 4779
4376 4787
4377 5330
4378 4832
4379 4715
4380 4581
4381 5460
4382 4839
4383 4970
4384 4889
4385 5149
4386 4964
4387 5219
4388 5703
4389 4779
4390 4898
4391 4719
4392 4578
4393 4587
4394 4946
4395 4756
4396 4703
4397 5800
4398 5089
4399 5470
4400 5077
4401 6339
4402 4464
4403 4592
4404 5340
4405 4825
4406 5341
4407 5227
4408 4571
4409 4588
4410 4839
4411 4971
4412 4740
4413 4655
4414 4765
4415 4906
4416 4953
4417 4839
4418 5835
4419 5220
4420 5759
4421 6152
4422 6238
4423 5184
4424 5113
4425 4809
4426 4582
4427 4717
4428 5344
4429 5078
4430 4802
4431 4869
4432 4713
4433 4833
4434 4869
4435 4555
4436 4828
4437 5671
4438 5158
4439 5410
4440 4706
4441 6213
4442 5217
4443 4705
4444 5211
4445 5651
4446 5535
4447 4700
4448 4593
4449 4957
4450 5096
4451 4736
4452 4830
4453 5331
4454 4920
4455 4799
4456 4962
4457 4731
4458 5203
4459 5076
4460 4961
4461 5589
4462 4600
4463 4697
4464 4965
4465 4588
4466 4719
4467 4835
4468 4957
4469 4596
4470 4958
4471 4836
4472 5277
4473 4774
4474 4937
4475 4857
4476 4829
4477 5095
4478 4822
4479 5907
4480 4893
4481 4592
4482 5710
4483 4709
4484 5454
4485 4593
4486 5311
4487 4733
4488 5511
4489 4785
4490 5092
4491 4712
4492 4570
4493 4837
4494 4846
4495 5081
4496 -995287
4497 4834
4498 4727
4499 4821
4500 4965
4501 4837
4502 6591
4503 4700
4504 5588
4505 5583
4506 4841
4507 5209
4508 4588
4509 4838
4510 5030
4511 4895
4512 4834
4513 4862
4514 4946
4515 4702
4516 5213
4517 4838
4518 4722
4519 5326
4520 4840
4521 4711
4522 6097
4523 5140
4524 5655
4525 5387
4526 5659
4527 5076
4528 5403
4529 5072
4530 5279
4531 4582
4532 5589
4533 4604
4534 4570
4535 5214
4536 4963
4537 4864
4538 5938
4539 5077
4540 4778
4541 4837
4542 6225
4543 4887
4544 5337
4545 4970
4546 5328
4547 5601
4548 4825
4549 4718
4550 4581
4551 5154
4552 4775
4553 5213
4554 4708
4555 4589
4556 5837
4557 4593
4558 5208
4559 4936
4560 4801
4561 4784
4562 5958
4563 4832
4564 4896
4565 4910
4566 4833
4567 4966
4568 5210
4569 5214
4570 4710
4571 5088
4572 4731
4573 5070
4574 4583
4575 4852
4576 4700
4577 4972
4578 4704
4579 5337
4580 5384
4581 6110
4582 6078
4583 5652
4584 5791
4585 4879
4586 5716
4587 4964
4588 5721
4589 5126
4590 4912
4591 4980
4592 4693
4593 4581
4594 4734
4595 4569
4596 4847
4597 5201
4598 10089
4599 6465
4600 4708
4601 5714
4602 4782
4603 4770
4604 4840
4605 4775
4606 5461
4607 4776
4608 5210
4609 5211
4610 5090
4611 4589
4612 4713
4613 5458
4614 4715
4615 4588
4616 4583
4617 5089
4618 5089
4619 5526
4620 5023
4621 6088
4622 5265
4623 4658
4624 4582
4625 5091
4626 5612
4627 5052
4628 4767
4629 5028
4630 4970
4631 5449
4632 4829
4633 4721
4634 5361
4635 5426
4636 5089
4637 4841
4638 5714
4639 4580
4640 5090
4641 6714
4642 4839
4643 4582
4644 5339
4645 4964
4646 5088
4647 4714
4648 4584
4649 5151
4650 5471
4651 4643
4652 4710
4653 4963
4654 5091
4655 4583
4656 5216
4657 5094
4658 4953
4659 4958
4660 4594
4661 6221
4662 4577
4663 4855
4664 4566
4665 4856
4666 4820
4667 5585
4668 4705
4669 4948
4670 5224
4671 4717
4672 4585
4673 5233
4674 5065
4675 5713
4676 4612
4677 6073
4678 5703
4679 6340
4680 4467
4681 5585
4682 4604
4683 4998
4684 4537
4685 4771
4686 5772
4687 5015
4688 6415
4689 4837
4690 -995423
4691 4969
4692 4872
4693 4563
4694 5196
4695 6025
4696 4794
4697 4808
4698 5081
4699 5092
4700 4983
4701 5824
4702 4944
4703 5094
4704 5210
4705 4710
4706 5952
4707 4845
4708 5085
4709 6146
4710 5142
4711 5089
4712 4588
4713 4587
4714 5079
4715 5221
4716 4705
4717 4841
4718 4954
4719 4967
4720 5703
4721 6081
4722 4838
4723 4888
4724 4911
4725 5104
4726 5061
4727 5476
4728 4699
4729 4716
4730 4837
4731 4820
4732 4608
4733 4586
4734 4963
4735 4836
4736 4963
4737 4710
4738 5902
4739 5490
4740 4754
4741 5952
4742 4464
4743 4767
4744 4785
4745 4578
4746 5838
4747 5469
4748 4581
4749 4588
4750 4713
4751 5498
4752 4993
4753 4891
4754 4712
4755 4463
4756 4591
4757 4582
4758 4855
4759 5071
4760 4967
4761 5844
4762 5704
4763 4755
4764 4666
4765 4960
4766 4462
4767 5092
4768 4588
4769 4583
4770 5658
4771 5142
4772 4716
4773 4583
4774 5464
4775 4836
4776 4592
4777 4584
4778 4735
4779 4818
4780 4965
4781 5021
4782 6717
4783 5670
4784 4687
4785 4465
4786 4586
4787 4968
4788 5086
4789 4851
4790 4697
4791 4966
4792 5715
4793 4836
4794 5211
4795 4714
4796 5230
4797 4943
4798 6462
4799 4593
4800 4831
4801 4836
4802 6092
4803 4841
4804 5081
4805 4588
4806 5338
4807 5220
4808 4828
4809 4588
4810 4587
4811 4981
4812 5444
4813 5593
4814 4703
4815 4846
4816 5079
4817 5530
4818 5146
4819 5533
4820 4767
4821 4589
4822 5713
4823 4966
4824 5208
4825 4590
4826 5279
4827 4651
4828 4772
4829 4771
4830 4964
4831 4593
4832 4580
4833 4837
4834 5985
4835 5307
4836 4719
4837 4461
4838 5214
4839 5593
4840 4830
4841 4715
4842 4585
4843 6339
4844 4584
4845 4591
4846 4839
4847 4716
4848 4705
4849 4835
4850 4966
4851 4717
4852 5330
4853 5983
4854 4944
4855 4774
4856 5530
4857 4712
4858 4586
4859 4713
4860 4460
4861 4837
4862 4467
4863 7218
4864 4595
4865 5572
4866 4590
4867 4590
4868 4955
4869 4839
4870 4714
4871 4785
4872 5389
4873 5712
4874 4860
4875 4818
4876 4836
4877 5236
4878 4938
4879 5109
4880 5064
4881 4836
4882 5214
4883 6907
4884 4769
4885 5089
4886 4852
4887 4945
4888 -994911
4889 4963
4890 4876
4891 4795
4892 4595
4893 4585
4894 5214
4895 5592
4896 4708
4897 5087
4898 4659
4899 4895
4900 4703
4901 5212
4902 4838
4903 6685
4904 5242
4905 5473
4906 4903
4907 5327
4908 6279
4909 4897
4910 4984
4911 5259
4912 4647
4913 4586
4914 4780
4915 5204
4916 4656
4917 4728
4918 4948
4919 4583
4920 4593
4921 4586
4922 5346
4923 4577
4924 5590
4925 4713
4926 4739
4927 4831
4928 4816
4929 5213
4930 4846
4931 4577
4932 4839
4933 4963
4934 6221
4935 5270
4936 5147
4937 4712
4938 4594
4939 4705
4940 4839
4941 4462
4942 4972
4943 5328
4944 5713
4945 5090
4946 5589
4947 4713
4948 5085
4949 5465
4950 4521
4951 4777
4952 5640
4953 5391
4954 5848
4955 5587
4956 5715
4957 5028
4958 4645
4959 4794
4960 4883
4961 4989
4962 5806
4963 4586
4964 5338
4965 4593
4966 5708
4967 4835
4968 4837
4969 4842
4970 5396
4971 4654
4972 4709
4973 4965
4974 4707
4975 5231
4976 5322
4977 4842
4978 5081
4979 4720
4980 5276
4981 5150
4982 4457
4983 4821
4984 5855
4985 5158
4986 4641
4987 5466
4988 5336
4989 4589
4990 4583
4991 5590
4992 5140
4993 4789
4994 5336
4995 4837
4996 4588
4997 5338
4998 4708
4999 4588
5000 4588
5001 4718
5002 4709
5003 4841
5004 6596
5005 5012
5006 4528
5007 4711
5008 4589
5009 4839
5010 5637
5011 5285
5012 4838
5013 4840
5014 5461
5015 5091
5016 4585
5017 4716
5018 5334
5019 5084
5020 4839
5021 5022
5022 4897
5023 4840
5024 5089
5025 6087
5026 4833
5027 5089
5028 5482
5029 4692
5030 4715
5031 5281
5032 4841
5033 4767
5034 4961
5035 4589
5036 4589
5037 5215
5038 4586
5039 4588
5040 8844
5041 4702
5042 4967
5043 4587
5044 6843
5045 5101
5046 4817
5047 4712
5048 4625
5049 5048
5050 5461
5051 4783
5052 6660
5053 4954
5054 4689
5055 4581
5056 4734
5057 5699
5058 4840
5059 4916
5060 4759
5061 4710
5062 5651
5063 4653
5064 6094
5065 4705
5066 5715
5067 5392
5068 5028
5069 4719
5070 4584
5071 5450
5072 4973
5073 6345
5074 4702
5075 5278
5076 4900
5077 5089
5078 5145
5079 4903
5080 5387
5081 5285
5082 5014
5083 4790
5084 -992801
5085 4848
5086 4715
5087 4578
5088 5951
5089 5214
5090 4884
5091 5041
5092 4455
5093 4726
5094 5579
5095 4835
5096 4953
5097 5845
5098 4963
5099 4706
5100 5211
5101 5086
5102 4584
5103 5589
5104 5648
5105 5402
5106 4646
5107 5591
5108 4579
5109 4595
5110 4955
5111 4720
5112 5196
5113 4843
5114 5107
5115 5332
5116 5181
5117 4970
5118 4579
5119 4726
5120 4961
5121 4974
5122 4687
5123 5481
5124 6310
5125 4838
5126 4609
5127 4939
5128 4822
5129 4770
5130 5424
5131 6191
5132 5095
5133 4637
5134 4655
5135 4583
5136 4719
5137 5132
5138 5295
5139 5082
5140 5461
5141 5238
5142 4870
5143 5035
5144 5584
5145 5266
5146 4775
5147 5718
5148 4956
5149 5098
5150 5703
5151 5344
5152 5083
5153 4844
5154 4578
5155 4714
5156 4964
5157 4721
5158 4832
5159 4709
5160 5109
5161 4828
5162 4823
5163 4965
5164 6839
5165 5464
5166 4709
5167 4838
5168 4838
5169 4594
5170 5079
5171 4589
5172 4715
5173 5594
5174 4703
5175 4588
5176 4965
5177 4971
5178 4578
5179 4965
5180 6029
5181 4903
5182 5454
5183 4962
5184 7596
5185 4953
5186 5339
5187 4589
5188 4734
5189 5313
5190 4594
5191 5333
5192 4842
5193 4955
5194 4970
5195 4580
5196 4735
5197 5060
5198 4917
5199 5032
5200 5132
5201 5209
5202 5026
5203 4586
5204 5718
5205 5151
5206 4767
5207 4587
5208 4749
5209 4802
5210 5082
5211 5710
5212 5658
5213 4890
5214 4963
5215 4714
5216 4720
5217 4580
5218 5219
5219 5084
5220 4602
5221 5275
5222 4886
5223 4713
5224 4854
5225 6443
5226 5149
5227 4525
5228 4652
5229 4772
5230 4463
5231 5463
5232 5468
5233 4540
5234 4589
5235 4587
5236 4799
5237 4880
5238 5204
5239 4590
5240 4590
5241 5087
5242 4711
5243 5338
5244 4840
5245 5463
5246 5275
5247 4645
5248 5224
5249 4578
5250 4711
5251 4710
5252 4970
5253 4578
5254 4593
5255 4721
5256 5965
5257 5080
5258 5468
5259 5243
5260 4675
5261 4579
5262 5318
5263 4978
5264 5022
5265 5154
5266 5934
5267 5906
5268 5019
5269 5215
5270 5642
5271 4712
5272 5027
5273 4837
5274 5472
5275 5066
5276 5584
5277 4741
5278 5683
5279 4970
5280 4577
5281 -994323
5282 5000
5283 4967
5284 4614
5285 6302
5286 4455
5287 5093
5288 4956
5289 5398
5290 4770
5291 4847
5292 4828
5293 5088
5294 5529
5295 4900
5296 5058
5297 4716
5298 5586
5299 5215
5300 4583
5301 4715
5302 5149
5303 5657
5304 4964
5305 5894
5306 4960
5307 4777
5308 4832
5309 5485
5310 5455
5311 5391
5312 4896
5313 5840
5314 4718
5315 4830
5316 5088
5317 4840
5318 4593
5319 5203
5320 4971
5321 4832
5322 5592
5323 5169
5324 4749
5325 5576
5326 4596
5327 4703
5328 5215
5329 5089
5330 6100
5331 4699
5332 4589
5333 5090
5334 5094
5335 4549
5336 5112
5337 4814
5338 4594
5339 4578
5340 5341
5341 4962
5342 4969
5343 4908
5344 5070
5345 6272
5346 4594
5347 5075
5348 5088
5349 4589
5350 4981
5351 4941
5352 5587
5353 4842
5354 5148
5355 4648
5356 5023
5357 4771
5358 5465
5359 5083
5360 4588
5361 4588
5362 5718
5363 5902
5364 5150
5365 7335
5366 4952
5367 5214
5368 4463
5369 4845
5370 5081
5371 5268
5372 5280
5373 4969
5374 4953
5375 4963
5376 4837
5377 5476
5378 5072
5379 4594
5380 4584
5381 4595
5382 5391
5383 5029
5384 5519
5385 6903
5386 4953
5387 5093
5388 4585
5389 4713
5390 5642
5391 4668
5392 5451
5393 4860
5394 5188
5395 4964
5396 4963
5397 5214
5398 4772
5399 4780
5400 5083
5401 4717
5402 5599
5403 5069
5404 5045
5405 6634
5406 4577
5407 5025
5408 4786
5409 4709
5410 4581
5411 4588
5412 6345
5413 4704
5414 4837
5415 4715
5416 4606
5417 4815
5418 4763
5419 4783
5420 4581
5421 4774
5422 5528
5423 5355
5424 4858
5425 6921
5426 4956
5427 4894
5428 4918
5429 5323
5430 5214
5431 4976
5432 4957
5433 4953
5434 4777
5435 5523
5436 5114
5437 5999
5438 4534
5439 4977
5440 4694
5441 4714
5442 4705
5443 5213
5444 4777
5445 6033
5446 4694
5447 4589
5448 5109
5449 5378
5450 5149
5451 4967
5452 4587
5453 4709
5454 6213
5455 5213
5456 5480
5457 4693
5458 5713
5459 4718
5460 5208
5461 4777
5462 5270
5463 4852
5464 5639
5465 6024
5466 4458
5467 4599
5468 5452
5469 5088
5470 4976
5471 5206
5472 4578
5473 4590
5474 5087
5475 4847
5476 -995424
5477 4841
5478 4586
5479 4854
5480 5695
5481 5588
5482 4956
5483 5970
5484 5327
5485 6592
5486 4586
5487 4716
5488 5084
5489 4838
5490 4841
5491 5082
5492 4839
5493 5084
5494 5532
5495 4647
5496 4713
5497 5527
5498 4646
5499 5216
5500 4463
5501 4829
5502 4593
5503 4771
5504 6338
5505 5761
5506 5487
5507 5076
5508 4679
5509 5083
5510 4587
5511 4590
5512 5215
5513 5634
5514 4596
5515 5395
5516 5097
5517 4702
5518 4847
5519 4953
5520 4723
5521 5330
5522 4840
5523 5196
5524 5095
5525 6329
5526 4843
5527 4579
5528 5348
5529 4788
5530 4722
5531 5576
5532 4869
5533 4933
5534 5470
5535 4727
5536 4571
5537 5187
5538 4596
5539 4588
5540 5830
5541 4577
5542 4747
5543 4557
5544 4888
5545 5158
5546 6210
5547 4954
5548 4847
5549 4952
5550 4997
5551 5114
5552 5164
5553 4756
5554 4769
5555 5334
5556 4693
5557 4715
5558 4585
5559 5214
5560 5204
5561 5090
5562 4585
5563 4584
5564 5095
5565 5079
5566 6084
5567 4586
5568 4753
5569 5654
5570 5209
5571 5855
5572 4939
5573 4730
5574 4944
5575 5090
5576 5208
5577 4608
5578 5440
5579 4716
5580 5653
5581 5426
5582 4679
5583 5154
5584 5269
5585 5222
5586 6845
5587 5064
5588 4724
5589 5453
5590 4747
5591 4802
5592 5469
5593 4822
5594 5342
5595 4828
5596 4962
5597 4775
5598 4904
5599 4705
5600 4735
5601 4691
5602 4592
5603 4578
5604 4841
5605 5151
5606 6524
5607 4838
5608 5214
5609 4963
5610 5085
5611 5464
5612 4893
5613 5149
5614 5208
5615 5525
5616 5033
5617 4829
5618 4768
5619 4654
5620 4610
5621 4737
5622 5389
5623 4464
5624 4838
5625 4465
5626 6144
5627 4714
5628 4986
5629 4644
5630 4563
5631 5278
5632 5148
5633 5468
5634 4832
5635 4715
5636 4586
5637 4590
5638 5838
5639 4581
5640 4586
5641 5366
5642 4560
5643 4589
5644 4714
5645 4964
5646 5212
5647 6335
5648 5276
5649 4918
5650 5568
5651 5638
5652 4671
5653 4579
5654 4711
5655 5214
5656 4969
5657 4832
5658 5156
5659 4517
5660 5969
5661 4953
5662 4963
5663 4851
5664 5081
5665 4705
5666 4587
5667 5478
5668 4830
5669 4724
5670 4692
5671 4964
5672 4675
5673 -994876
5674 4784
5675 4639
5676 4853
5677 5448
5678 4965
5679 4828
5680 5843
5681 4769
5682 4651
5683 5086
5684 4854
5685 5433
5686 4708
5687 6647
5688 5408
5689 4703
5690 4820
5691 4855
5692 4849
5693 5200
5694 4775
5695 4772
5696 4592
5697 5329
5698 5774
5699 5924
5700 5201
5701 4943
5702 4601
5703 4703
5704 5472
5705 4999
5706 4849
5707 6164
5708 4930
5709 4465
5710 4968
5711 4968
5712 4581
5713 4709
5714 4463
5715 4587
5716 5214
5717 4950
5718 4704
5719 4981
5720 4836
5721 5093
5722 4723
5723 4944
5724 5214
5725 4969
5726 5142
5727 4777
5728 5837
5729 4943
5730 4835
5731 4739
5732 4942
5733 4959
5734 4586
5735 4839
5736 5090
5737 4714
5738 4656
5739 4708
5740 5338
5741 4834
5742 4965
5743 5973
5744 4886
5745 4778
5746 5525
5747 4781
5748 5959
5749 4850
5750 5508
5751 4802
5752 5056
5753 4986
5754 4692
5755 4652
5756 5532
5757 5101
5758 5693
5759 4766
5760 4897
5761 5588
5762 4843
5763 4719
5764 4699
5765 4840
5766 5468
5767 4713
5768 6455
5769 4965
5770 5394
5771 4659
5772 4834
5773 4843
5774 4834
5775 4845
5776 5578
5777 4839
5778 4963
5779 4965
5780 4830
5781 4963
5782 4589
5783 4846
5784 5519
5785 5289
5786 5071
5787 5841
5788 6211
5789 4959
5790 5356
5791 4569
5792 4777
5793 4647
5794 4588
5795 6039
5796 4748
5797 5097
5798 4981
5799 5068
5800 4589
5801 4587
5802 4712
5803 5464
5804 4460
5805 4733
5806 5983
5807 4817
5808 6867
5809 5026
5810 4723
5811 4885
5812 4966
5813 5272
5814 4596
5815 4951
5816 4596
5817 4703
5818 4835
5819 5089
5820 5469
5821 4590
5822 4813
5823 4597
5824 5364
5825 5437
5826 4969
5827 5827
5828 6283
5829 4779
5830 4704
5831 5126
5832 6152
5833 5443
5834 4731
5835 4713
5836 4704
5837 4838
5838 4874
5839 4673
5840 4838
5841 5087
5842 4589
5843 4631
5844 4542
5845 4854
5846 5260
5847 5023
5848 4843
5849 5835
5850 4591
5851 4720
5852 5521
5853 5644
5854 4782
5855 4768
5856 5466
5857 4960
5858 5090
5859 5583
5860 5088
5861 4726
5862 5013
5863 4772
5864 4713
5865 5213
5866 4839
5867 5208
5868 4714
5869 6914
5870 -995116
5871 4589
5872 5092
5873 5088
5874 4954
5875 4964
5876 4720
5877 4975
5878 5884
5879 4647
5880 4715
5881 4716
5882 4724
5883 5071
5884 5088
5885 4728
5886 5943
5887 4850
5888 4954
5889 5968
5890 4705
5891 5214
5892 4962
5893 5342
5894 4962
5895 4581
5896 4715
5897 4843
5898 4770
5899 4896
5900 5215
5901 4577
5902 4600
5903 4453
5904 5341
5905 4724
5906 4572
5907 5526
5908 4651
5909 6595
5910 5081
5911 4835
5912 4963
5913 5095
5914 4703
5915 5966
5916 6062
5917 5111
5918 4584
5919 4589
5920 4713
5921 5346
5922 4708
5923 5337
5924 4713
5925 4719
5926 4830
5927 5213
5928 4713
5929 6344
5930 4954
5931 4712
5932 4850
5933 4829
5934 5085
5935 4588
5936 4769
5937 5907
5938 6459
5939 5148
5940 5160
5941 4828
5942 4722
5943 4775
5944 6721
5945 5202
5946 4963
5947 5151
5948 4783
5949 5828
5950 4715
5951 4713
5952 6598
5953 4700
5954 5338
5955 4569
5956 4590
5957 4706
5958 4654
5959 4648
5960 5543
5961 4641
5962 4700
5963 4595
5964 4583
5965 4964
5966 4701
5967 5788
5968 4643
5969 6208
5970 5080
5971 4856
5972 5262
5973 5400
5974 4704
5975 5251
5976 5172
5977 4945
5978 5341
5979 4835
5980 4735
5981 4831
5982 4945
5983 4838
5984 5341
5985 4715
5986 5099
5987 4556
5988 4731
5989 4585
5990 5837
5991 4587
5992 5155
5993 4770
5994 5487
5995 5186
5996 5091
5997 5204
5998 4967
5999 5534
6000 5723
6001 4752
6002 5714
6003 8341
6004 4701
6005 5339
6006 4595
6007 4703
6008 4839
6009 6463
6010 4964
6011 4887
6012 4785
6013 6343
6014 4969
6015 5148
6016 4587
6017 5463
6018 4964
6019 5898
6020 6713
6021 4779
6022 5453
6023 5341
6024 5086
6025 4910
6026 5392
6027 4958
6028 6714
6029 4840
6030 5333
6031 4595
6032 5407
6033 4640
6034 5702
6035 4837
6036 5221
6037 4828
6038 4591
6039 4710
6040 4983
6041 4946
6042 5082
6043 4838
6044 5377
6045 4802
6046 5077
6047 4588
6048 6346
6049 4579
6050 4587
6051 4591
6052 4582
6053 4715
6054 5208
6055 4585
6056 5090
6057 5338
6058 4834
6059 5339
6060 4587
6061 5273
6062 4838
6063 5025
6064 4589
6065 -995285
6066 4709
6067 5461
6068 4963
6069 5649
6070 5024
6071 4844
6072 4455
6073 4907
6074 4830
6075 4653
6076 4830
6077 4968
6078 5081
6079 5214
6080 5212
6081 5284
6082 5231
6083 4640
6084 6075
6085 5092
6086 5201
6087 5337
6088 4720
6089 5705
6090 4962
6091 4969
6092 5337
6093 4952
6094 4937
6095 5963
6096 4592
6097 4590
6098 4574
6099 6159
6100 4759
6101 4715
6102 4964
6103 4705
6104 4585
6105 4735
6106 5301
6107 5322
6108 4577
6109 5667
6110 4574
6111 5218
6112 4705
6113 5151
6114 4756
6115 4945
6116 6093
6117 4729
6118 4862
6119 5290
6120 4940
6121 4819
6122 4830
6123 4451
6124 5232
6125 5136
6126 5267
6127 4813
6128 5958
6129 7149
6130 4594
6131 4620
6132 5403
6133 5080
6134 5081
6135 4965
6136 4578
6137 5266
6138 4903
6139 4855
6140 4743
6141 5397
6142 4836
6143 4962
6144 5201
6145 5164
6146 4880
6147 5339
6148 4842
6149 6190
6150 4584
6151 5221
6152 4944
6153 4960
6154 5209
6155 5962
6156 4954
6157 4708
6158 4581
6159 4592
6160 4572
6161 5211
6162 5084
6163 4720
6164 4694
6165 4452
6166 5092
6167 5835
6168 5004
6169 6155
6170 5320
6171 4838
6172 4703
6173 4708
6174 4600
6175 5570
6176 4705
6177 4706
6178 4708
6179 4571
6180 4701
6181 4953
6182 5583
6183 4702
6184 5514
6185 4640
6186 4766
6187 5278
6188 6012
6189 6090
6190 5052
6191 4862
6192 5454
6193 5138
6194 5213
6195 5701
6196 5267
6197 5342
6198 5027
6199 5012
6200 6144
6201 4819
6202 4587
6203 5204
6204 6141
6205 5491
6206 5054
6207 4769
6208 6227
6209 4813
6210 4590
6211 5236
6212 5491
6213 4666
6214 4806
6215 4695
6216 5330
6217 4589
6218 5200
6219 5327
6220 5588
6221 5108
6222 6432
6223 4831
6224 5662
6225 4967
6226 5198
6227 6207
6228 6558
6229 4585
6230 4950
6231 4671
6232 4720
6233 4727
6234 4880
6235 4841
6236 5534
6237 4734
6238 4712
6239 4643
6240 4778
6241 4992
6242 4709
6243 5964
6244 5125
6245 5894
6246 5067
6247 4587
6248 6065
6249 4837
6250 4558
6251 5095
6252 5192
6253 5320
6254 4857
6255 5013
6256 4812
6257 5577
6258 5311
6259 5068
6260 -995134
6261 4531
6262 4842
6263 5079
6264 4834
6265 4824
6266 5460
6267 5453
6268 6210
6269 5449
6270 5456
6271 4718
6272 5314
6273 5083
6274 4835
6275 4985
6276 4798
6277 4868
6278 4916
6279 5100
6280 5182
6281 4757
6282 4652
6283 5222
6284 4853
6285 5032
6286 4706
6287 5343
6288 6337
6289 4686
6290 5079
6291 5569
6292 5431
6293 4866
6294 4919
6295 6706
6296 5397
6297 5400
6298 4593
6299 4955
6300 4861
6301 5316
6302 5218
6303 4578
6304 5213
6305 4895
6306 4908
6307 7584
6308 4717
6309 4844
6310 4577
6311 5595
6312 5576
6313 5154
6314 5019
6315 4965
6316 6279
6317 5648
6318 5093
6319 4826
6320 4589
6321 5412
6322 5178
6323 4923
6324 4575
6325 4840
6326 5083
6327 6711
6328 4699
6329 5975
6330 4723
6331 4576
6332 5219
6333 4828
6334 4713
6335 4480
6336 4957
6337 4759
6338 4653
6339 4587
6340 5280
6341 6390
6342 5463
6343 4961
6344 4851
6345 5446
6346 4964
6347 5836
6348 4715
6349 6025
6350 5393
6351 5338
6352 4963
6353 5084
6354 4587
6355 4975
6356 4579
6357 4768
6358 4901
6359 4964
6360 4718
6361 4579
6362 4586
6363 4589
6364 5345
6365 4830
6366 5583
6367 6101
6368 4949
6369 5083
6370 4835
6371 5096
6372 4710
6373 4957
6374 4836
6375 4714
6376 4840
6377 5332
6378 4837
6379 4961
6380 4716
6381 4708
6382 4714
6383 4587
6384 4596
6385 4954
6386 5082
6387 4713
6388 5345
6389 4704
6390 5583
6391 4590
6392 4592
6393 4703
6394 4838
6395 5837
6396 4717
6397 4877
6398 4666
6399 4952
6400 5220
6401 5202
6402 5712
6403 4837
6404 5000
6405 5180
6406 4823
6407 4714
6408 5842
6409 4957
6410 5337
6411 4707
6412 4720
6413 5202
6414 4714
6415 4587
6416 4727
6417 4821
6418 4692
6419 5664
6420 4785
6421 4724
6422 4842
6423 4688
6424 5227
6425 4826
6426 4704
6427 4963
6428 6842
6429 5078
6430 5461
6431 4964
6432 4588
6433 4591
6434 5205
6435 5985
6436 5067
6437 5568
6438 4835
6439 4850
6440 5198
6441 5338
6442 5712
6443 4973
6444 5324
6445 4840
6446 4712
6447 4970
6448 5701
6449 4840
6450 5338
6451 4843
6452 4579
6453 5196
6454 4853
6455 -995154
6456 4827
6457 5089
6458 5463
6459 4970
6460 5099
6461 4999
6462 5658
6463 5586
6464 5400
6465 5147
6466 4963
6467 4841
6468 5723
6469 4821
6470 5480
6471 4804
6472 5271
6473 4653
6474 5227
6475 4944
6476 4718
6477 5334
6478 4856
6479 5066
6480 4589
6481 5087
6482 4759
6483 4920
6484 4703
6485 4839
6486 4837
6487 4836
6488 5958
6489 4838
6490 5501
6491 5423
6492 4692
6493 4983
6494 4624
6495 5049
6496 5712
6497 5087
6498 4777
6499 4908
6500 4762
6501 4653
6502 4864
6503 4682
6504 4712
6505 5336
6506 4611
6507 4986
6508 5141
6509 5966
6510 4572
6511 4599
6512 4714
6513 4837
6514 4594
6515 4585
6516 4834
6517 4592
6518 4960
6519 5399
6520 5187
6521 4529
6522 4699
6523 4718
6524 5458
6525 5087
6526 4837
6527 4843
6528 5082
6529 6213
6530 5335
6531 5214
6532 4711
6533 5462
6534 4826
6535 4724
6536 4839
6537 4586
6538 4588
6539 4840
6540 5334
6541 4962
6542 4729
6543 5072
6544 4472
6545 5017
6546 4895
6547 4590
6548 5083
6549 5214
6550 6112
6551 4694
6552 4772
6553 5526
6554 4719
6555 6142
6556 4714
6557 5463
6558 4969
6559 5452
6560 4714
6561 4588
6562 4850
6563 5573
6564 4588
6565 4588
6566 5222
6567 5453
6568 5334
6569 7340
6570 5351
6571 5073
6572 4589
6573 5646
6574 5717
6575 4772
6576 4712
6577 5122
6578 4618
6579 4712
6580 4713
6581 5401
6582 4525
6583 4959
6584 5399
6585 4779
6586 4598
6587 4890
6588 4899
6589 6109
6590 4688
6591 4963
6592 5155
6593 4773
6594 4959
6595 4838
6596 4963
6597 4842
6598 4707
6599 4897
6600 4844
6601 5405
6602 4581
6603 4835
6604 5090
6605 5156
6606 4892
6607 4589
6608 5090
6609 5094
6610 8142
6611 5293
6612 4845
6613 4692
6614 5998
6615 4916
6616 5715
6617 5211
6618 4830
6619 4591
6620 5003
6621 4913
6622 5392
6623 4780
6624 5845
6625 5026
6626 4962
6627 4715
6628 5717
6629 6082
6630 4896
6631 4659
6632 5279
6633 4515
6634 4962
6635 5217
6636 5528
6637 4641
6638 4641
6639 4914
6640 5717
6641 4577
6642 4963
6643 5589
6644 4591
6645 4581
6646 4840
6647 4716
6648 5407
6649 6012
6650 5781
6651 4787
6652 -994553
6653 4956
6654 5092
6655 4591
6656 5708
6657 4583
6658 4588
6659 5320
6660 4854
6661 6403
6662 4896
6663 6095
6664 5724
6665 5898
6666 5267
6667 5086
6668 6312
6669 4704
6670 4970
6671 4956
6672 5087
6673 5533
6674 4790
6675 5066
6676 4459
6677 5717
6678 5094
6679 4733
6680 5194
6681 5211
6682 4928
6683 5339
6684 4711
6685 4975
6686 5305
6687 4590
6688 6211
6689 5396
6690 5280
6691 4583
6692 5338
6693 5604
6694 4948
6695 5090
6696 4586
6697 5220
6698 4454
6699 4595
6700 5348
6701 4625
6702 5281
6703 4577
6704 5589
6705 5842
6706 5461
6707 4958
6708 6086
6709 4597
6710 4577
6711 4592
6712 4829
6713 4584
6714 5588
6715 4596
6716 4825
6717 4857
6718 5371
6719 4656
6720 5087
6721 4729
6722 4949
6723 4709
6724 4715
6725 5228
6726 4698
6727 5078
6728 5214
6729 5836
6730 6777
6731 5966
6732 4832
6733 5655
6734 4834
6735 5213
6736 5084
6737 5213
6738 4961
6739 4840
6740 4590
6741 4585
6742 4960
6743 5088
6744 4839
6745 4716
6746 4833
6747 4963
6748 4838
6749 5403
6750 5276
6751 4584
6752 4588
6753 5215
6754 4831
6755 4720
6756 4707
6757 5664
6758 5954
6759 4765
6760 5213
6761 4838
6762 4708
6763 5238
6764 4814
6765 4590
6766 4708
6767 4840
6768 5091
6769 6342
6770 4851
6771 4880
6772 5195
6773 5034
6774 4584
6775 4838
6776 4963
6777 5047
6778 5124
6779 5463
6780 4854
6781 5195
6782 5023
6783 4903
6784 5359
6785 4939
6786 5589
6787 5089
6788 5469
6789 5955
6790 4600
6791 4574
6792 4719
6793 4580
6794 6465
6795 4720
6796 4957
6797 4567
6798 4837
6799 5463
6800 4722
6801 5385
6802 5032
6803 4837
6804 4623
6805 5615
6806 4628
6807 4733
6808 5018
6809 6411
6810 4951
6811 5588
6812 4845
6813 4953
6814 4839
6815 5089
6816 4715
6817 4530
6818 4715
6819 5711
6820 4731
6821 4606
6822 4906
6823 4590
6824 4713
6825 4837
6826 4586
6827 5155
6828 4776
6829 6348
6830 4693
6831 4592
6832 5534
6833 4762
6834 4836
6835 5220
6836 4836
6837 5959
6838 4836
6839 4589
6840 5219
6841 5457
6842 4711
6843 5089
6844 5090
6845 4708
6846 4962
6847 4589
6848 -995162
6849 4686
6850 6087
6851 4592
6852 5089
6853 4460
6854 4588
6855 4715
6856 5159
6857 5147
6858 4700
6859 4462
6860 5464
6861 4589
6862 5460
6863 5086
6864 5191
6865 5416
6866 4650
6867 5023
6868 4906
6869 5761
6870 5785
6871 4837
6872 5033
6873 5389
6874 4588
6875 5027
6876 5149
6877 5336
6878 5343
6879 4468
6880 4566
6881 4963
6882 5103
6883 5451
6884 5956
6885 6466
6886 4967
6887 5085
6888 5207
6889 4718
6890 5341
6891 5204
6892 4986
6893 5625
6894 5157
6895 4586
6896 4957
6897 4715
6898 5219
6899 4580
6900 4984
6901 5013
6902 5040
6903 5189
6904 4829
6905 4977
6906 4700
6907 5872
6908 4763
6909 4739
6910 6065
6911 5581
6912 4963
6913 5079
6914 5563
6915 4983
6916 5595
6917 4930
6918 4801
6919 4848
6920 5326
6921 4599
6922 4697
6923 5222
6924 5450
6925 4574
6926 4723
6927 4628
6928 4678
6929 5485
6930 6064
6931 5326
6932 4457
6933 4743
6934 4562
6935 4587
6936 4579
6937 4709
6938 4588
6939 5084
6940 4594
6941 4705
6942 5535
6943 5010
6944 4718
6945 5278
6946 4597
6947 4950
6948 4595
6949 4707
6950 4781
6951 5265
6952 5344
6953 5579
6954 4597
6955 5141
6956 4660
6957 6093
6958 5038
6959 4766
6960 4776
6961 4577
6962 4589
6963 4834
6964 4709
6965 5840
6966 4961
6967 5024
6968 5950
6969 4798
6970 4821
6971 6320
6972 4817
6973 4736
6974 5369
6975 5797
6976 4963
6977 5536
6978 4821
6979 5280
6980 4842
6981 7236
6982 5433
6983 4591
6984 4587
6985 5089
6986 4460
6987 4588
6988 5094
6989 4829
6990 5960
6991 5964
6992 5093
6993 4586
6994 5330
6995 5208
6996 4847
6997 5203
6998 4589
6999 5214
7000 4592
7001 4836
7002 4859
7003 5812
7004 4709
7005 5339
7006 5340
7007 4464
7008 4982
7009 5254
7010 6399
7011 4774
7012 4780
7013 5336
7014 4586
7015 5714
7016 5088
7017 4583
7018 5219
7019 4956
7020 4592
7021 5333
7022 4797
7023 4755
7024 4968
7025 5081
7026 5161
7027 4832
7028 4965
7029 4765
7030 6086
7031 5151
7032 5336
7033 5156
7034 4765
7035 4798
7036 6070
7037 4895
7038 4778
7039 4709
7040 5714
7041 4834
7042 5340
7043 -994672
7044 5154
7045 5656
7046 4965
7047 5092
7048 4703
7049 4836
7050 7463
7051 4589
7052 5035
7053 5760
7054 5213
7055 4969
7056 5455
7057 4838
7058 5249
7059 4932
7060 4575
7061 4591
7062 5147
7063 5777
7064 4460
7065 4589
7066 5393
7067 6596
7068 5646
7069 5724
7070 4952
7071 4591
7072 4576
7073 4708
7074 4683
7075 5120
7076 5420
7077 5019
7078 4953
7079 4705
7080 5239
7081 4439
7082 4717
7083 5204
7084 4965
7085 5213
7086 4723
7087 5704
7088 5213
7089 4838
7090 5590
7091 4588
7092 5650
7093 5335
7094 4649
7095 4839
7096 4893
7097 4655
7098 4595
7099 4825
7100 5986
7101 4817
7102 5323
7103 4597
7104 4837
7105 4713
7106 4845
7107 5579
7108 4722
7109 4828
7110 5593
7111 4828
7112 4900
7113 4771
7114 4785
7115 5514
7116 5096
7117 4954
7118 4596
7119 5453
7120 4843
7121 4772
7122 4991
7123 4614
7124 4588
7125 4590
7126 5593
7127 5453
7128 5209
7129 5464
7130 6776
7131 4890
7132 5596
7133 4711
7134 4833
7135 4704
7136 5218
7137 4709
7138 4712
7139 5077
7140 5000
7141 4801
7142 5238
7143 5248
7144 5270
7145 4834
7146 5585
7147 4714
7148 5522
7149 6267
7150 6319
7151 4709
7152 4719
7153 4580
7154 4590
7155 4705
7156 4967
7157 4954
7158 4621
7159 4930
7160 4765
7161 5153
7162 4594
7163 5204
7164 5338
7165 5215
7166 5061
7167 4590
7168 4832
7169 4594
7170 6222
7171 4943
7172 4841
7173 4579
7174 4571
7175 4857
7176 4860
7177 5925
7178 5344
7179 5630
7180 5154
7181 5202
7182 4709
7183 4589
7184 5091
7185 4706
7186 4708
7187 4839
7188 4713
7189 5441
7190 4716
7191 5778
7192 4904
7193 5079
7194 4836
7195 4841
7196 5094
7197 4953
7198 4586
7199 4591
7200 4717
7201 5092
7202 5326
7203 5358
7204 5273
7205 4755
7206 5399
7207 4903
7208 4719
7209 4643
7210 4652
7211 5833
7212 4771
7213 5295
7214 4938
7215 4965
7216 4907
7217 4640
7218 4588
7219 4713
7220 5596
7221 4455
7222 5855
7223 4821
7224 4970
7225 5077
7226 4587
7227 4712
7228 5097
7229 4577
7230 5023
7231 4776
7232 5316
7233 5377
7234 4943
7235 4778
7236 4660
7237 4699
7238 5108
7239 5444
7240 -995152
7241 5075
7242 4602
7243 4571
7244 4594
7245 4835
7246 5579
7247 5338
7248 4845
7249 5080
7250 5086
7251 5086
7252 5978
7253 5070
7254 5103
7255 4749
7256 4664
7257 4831
7258 4587
7259 4963
7260 5162
7261 4829
7262 4996
7263 5365
7264 4845
7265 6269
7266 5021
7267 4963
7268 4592
7269 4964
7270 5113
7271 4907
7272 6466
7273 4582
7274 4838
7275 4963
7276 5339
7277 5765
7278 4663
7279 5981
7280 4884
7281 4791
7282 4695
7283 4586
7284 4846
7285 4829
7286 4589
7287 5465
7288 5088
7289 4586
7290 4835
7291 4587
7292 6089
7293 5210
7294 6029
7295 5153
7296 5520
7297 4649
7298 5462
7299 4718
7300 4708
7301 4711
7302 4973
7303 5527
7304 5012
7305 4768
7306 5030
7307 4652
7308 5660
7309 4568
7310 4840
7311 5093
7312 6080
7313 4593
7314 4581
7315 4596
7316 4580
7317 4586
7318 4612
7319 4718
7320 5125
7321 5076
7322 4775
7323 4746
7324 5304
7325 4711
7326 4838
7327 4588
7328 4721
7329 4827
7330 5210
7331 4715
7332 5465
7333 6209
7334 5589
7335 4719
7336 5828
7337 4724
7338 5077
7339 4846
7340 5330
7341 5035
7342 5517
7343 4593
7344 4577
7345 5399
7346 5277
7347 4598
7348 5708
7349 6533
7350 5295
7351 4794
7352 5957
7353 4712
7354 4942
7355 4820
7356 4963
7357 4587
7358 4900
7359 5157
7360 5952
7361 4716
7362 5089
7363 4709
7364 4460
7365 4838
7366 4775
7367 4908
7368 4830
7369 5337
7370 5233
7371 4678
7372 4708
7373 6214
7374 5093
7375 5454
7376 4586
7377 5342
7378 4718
7379 4710
7380 4702
7381 4839
7382 4728
7383 4570
7384 5086
7385 4840
7386 6219
7387 4793
7388 4800
7389 4910
7390 4966
7391 4894
7392 5132
7393 6109
7394 5773
7395 5275
7396 5711
7397 4588
7398 4969
7399 5140
7400 5153
7401 4902
7402 4655
7403 5080
7404 5029
7405 4897
7406 5215
7407 5215
7408 4704
7409 5351
7410 4829
7411 4978
7412 4755
7413 5884
7414 4858
7415 5150
7416 4897
7417 4593
7418 5212
7419 4581
7420 4591
7421 4587
7422 4844
7423 5206
7424 4964
7425 4587
7426 5910
7427 4895
7428 4702
7429 4715
7430 5215
7431 5458
7432 5521
7433 6264
7434 4601
7435 4965
7436 5527
7437 -995350
7438 5082
7439 4848
7440 4578
7441 4759
7442 4669
7443 4828
7444 4462
7445 5215
7446 4966
7447 4711
7448 4705
7449 4967
7450 4839
7451 4954
7452 5213
7453 5213
7454 6215
7455 5101
7456 5322
7457 4615
7458 4872
7459 4647
7460 4591
7461 4711
7462 4965
7463 4708
7464 5343
7465 4710
7466 4710
7467 4838
7468 4717
7469 5317
7470 4594
7471 4708
7472 4837
7473 5202
7474 6402
7475 4782
7476 4614
7477 5380
7478 4767
7479 5968
7480 5460
7481 4842
7482 5831
7483 4842
7484 5397
7485 5027
7486 4952
7487 5778
7488 4924
7489 4568
7490 5778
7491 6072
7492 5171
7493 6347
7494 4695
7495 5406
7496 4647
7497 5087
7498 5464
7499 4962
7500 4963
7501 4837
7502 5719
7503 4576
7504 4714
7505 5401
7506 5025
7507 4953
7508 4713
7509 5585
7510 5590
7511 4857
7512 5321
7513 6578
7514 4717
7515 4717
7516 4725
7517 5064
7518 5094
7519 4841
7520 5079
7521 5586
7522 5656
7523 4654
7524 5202
7525 4605
7526 6134
7527 4648
7528 4958
7529 5214
7530 5214
7531 4718
7532 4706
7533 6341
7534 4959
7535 4967
7536 4708
7537 4838
7538 5214
7539 4803
7540 4744
7541 4596
7542 4705
7543 4718
7544 4583
7545 4595
7546 5205
7547 4753
7548 5168
7549 4949
7550 5228
7551 6480
7552 5445
7553 5592
7554 5042
7555 5372
7556 5586
7557 4599
7558 4952
7559 5139
7560 5151
7561 4601
7562 4811
7563 5226
7564 4962
7565 4964
7566 5206
7567 4708
7568 4954
7569 4469
7570 4701
7571 4723
7572 5763
7573 6652
7574 5276
7575 5449
7576 4525
7577 4717
7578 4718
7579 4950
7580 5091
7581 5462
7582 5097
7583 4710
7584 4726
7585 4570
7586 5402
7587 6643
7588 4956
7589 4840
7590 5084
7591 4836
7592 4830
7593 6731
7594 5072
7595 4704
7596 4767
7597 5057
7598 4688
7599 4578
7600 5462
7601 4713
7602 4970
7603 4575
7604 5588
7605 5475
7606 4822
7607 5149
7608 5031
7609 5338
7610 5015
7611 5905
7612 4964
7613 5967
7614 4708
7615 4898
7616 4650
7617 5838
7618 4682
7619 4586
7620 4838
7621 5411
7622 6010
7623 4717
7624 4711
7625 5742
7626 5679
7627 4588
7628 5679
7629 5374
7630 5089
7631 4835
7632 -995024
7633 5687
7634 4966
7635 4586
7636 4728
7637 4699
7638 4703
7639 4588
7640 5106
7641 4821
7642 4967
7643 4851
7644 5313
7645 5095
7646 4952
7647 5098
7648 4578
7649 4679
7650 5371
7651 4587
7652 4843
7653 4836
7654 5833
7655 4814
7656 6026
7657 4830
7658 5111
7659 5166
7660 4851
7661 5667
7662 4754
7663 5122
7664 4907
7665 5459
7666 4705
7667 4713
7668 4969
7669 5252
7670 5103
7671 4649
7672 4695
7673 4577
7674 6109
7675 5072
7676 6098
7677 5680
7678 5107
7679 4851
7680 4952
7681 5223
7682 5194
7683 4843
7684 4585
7685 5992
7686 5305
7687 5424
7688 4623
7689 5144
7690 4649
7691 5247
7692 5493
7693 5641
7694 4591
7695 4604
7696 4943
7697 5130
7698 5052
7699 4833
7700 5954
7701 4848
7702 4578
7703 4574
7704 4849
7705 5340
7706 4963
7707 4735
7708 5063
7709 5463
7710 4588
7711 4604
7712 4817
7713 4722
7714 5208
7715 5362
7716 4814
7717 5213
7718 4963
7719 4604
7720 4944
7721 4591
7722 4840
7723 5386
7724 4542
7725 4710
7726 4731
7727 4910
7728 4590
7729 4958
7730 4841
7731 5461
7732 5283
7733 5144
7734 6528
7735 5408
7736 5700
7737 4837
7738 4714
7739 5718
7740 4765
7741 4800
7742 5078
7743 5210
7744 4577
7745 4966
7746 4940
7747 5796
7748 5646
7749 5090
7750 6133
7751 5371
7752 6128
7753 6348
7754 4585
7755 4578
7756 5529
7757 4898
7758 4841
7759 4834
7760 5210
7761 5223
7762 4830
7763 4713
7764 4587
7765 4901
7766 4647
7767 6085
7768 4711
7769 4973
7770 5202
7771 4906
7772 5022
7773 5852
7774 5953
7775 4830
7776 4960
7777 5027
7778 4898
7779 4816
7780 6543
7781 5113
7782 4626
7783 5084
7784 4838
7785 5091
7786 4960
7787 4712
7788 4589
7789 5215
7790 4834
7791 4838
7792 4841
7793 6840
7794 5334
7795 5211
7796 4743
7797 5492
7798 5026
7799 5213
7800 4840
7801 4704
7802 5522
7803 4905
7804 4839
7805 4829
7806 5213
7807 5959
7808 5778
7809 5403
7810 4829
7811 4847
7812 4953
7813 6111
7814 5057
7815 4843
7816 5207
7817 4599
7818 4821
7819 4835
7820 4582
7821 4833
7822 4841
7823 5211
7824 4591
7825 4720
7826 5397
7827 5021
7828 -994517
7829 4689
7830 5464
7831 4712
7832 5847
7833 5954
7834 4711
7835 5346
7836 4828
7837 4712
7838 5090
7839 4859
7840 4690
7841 5213
7842 4585
7843 4726
7844 4706
7845 4959
7846 4960
7847 5510
7848 5229
7849 4898
7850 4713
7851 4843
7852 4778
7853 6026
7854 5328
7855 5094
7856 4703
7857 4589
7858 4730
7859 5002
7860 4828
7861 5470
7862 4779
7863 4890
7864 4551
7865 5179
7866 4584
7867 4962
7868 4840
7869 5583
7870 5089
7871 4882
7872 5030
7873 5082
7874 5853
7875 4467
7876 4694
7877 5462
7878 5638
7879 4798
7880 5079
7881 4853
7882 5071
7883 4842
7884 4704
7885 4463
7886 4611
7887 5262
7888 4890
7889 5462
7890 4593
7891 4750
7892 5432
7893 4452
7894 6089
7895 4570
7896 4614
7897 4569
7898 4713
7899 5155
7900 4525
7901 5203
7902 4965
7903 4973
7904 4455
7905 4835
7906 5209
7907 4715
7908 5285
7909 5583
7910 4645
7911 4714
7912 4775
7913 4899
7914 4465
7915 5587
7916 4464
7917 4585
7918 5280
7919 4835
7920 4653
7921 4581
7922 4592
7923 4779
7924 5277
7925 5219
7926 4647
7927 4588
7928 4718
7929 5081
7930 5155
7931 5465
7932 4775
7933 5054
7934 4714
7935 4714
7936 6215
7937 5275
7938 4895
7939 4782
7940 4772
7941 4583
7942 5402
7943 5286
7944 4828
7945 4960
7946 4773
7947 4903
7948 5340
7949 4710
7950 5023
7951 4841
7952 4657
7953 4954
7954 5090
7955 4713
7956 7089
7957 4835
7958 5338
7959 4904
7960 5214
7961 4702
7962 5170
7963 5147
7964 5011
7965 4706
7966 4463
7967 4586
7968 4967
7969 4707
7970 4963
7971 5088
7972 4866
7973 5684
7974 5215
7975 4591
7976 6336
7977 4588
7978 5649
7979 5030
7980 5081
7981 4962
7982 5088
7983 4488
7984 4685
7985 4845
7986 5082
7987 5847
7988 4451
7989 4593
7990 4835
7991 5107
7992 4879
7993 4780
7994 4828
7995 4588
7996 6090
7997 5131
7998 4900
7999 4653
8000 4892
8001 4821
8002 4679
8003 5311
8004 4796
8005 4453
8006 4715
8007 4588
8008 5464
8009 4731
8010 5067
8011 5229
8012 4894
8013 4634
8014 4719
8015 5084
8016 5966
8017 6333
8018 5339
8019 4856
8020 5068
8021 4964
8022 5397
8023 4784
8024 5888
8025 4904
8026 -995412
8027 4721
8028 4703
8029 5212
8030 5301
8031 5009
8032 4704
8033 4963
8034 4964
8035 5281
8036 5458
8037 6272
8038 6004
8039 4802
8040 4809
8041 4731
8042 5087
8043 5041
8044 4759
8045 5340
8046 6188
8047 5052
8048 4896
8049 4838
8050 4967
8051 5378
8052 5274
8053 5212
8054 4969
8055 4825
8056 6274
8057 4666
8058 4723
8059 4943
8060 4464
8061 5718
8062 5832
8063 4961
8064 4713
8065 4972
8066 4953
8067 4836
8068 5216
8069 5855
8070 4442
8071 4714
8072 4838
8073 4595
8074 4705
8075 4711
8076 6552
8077 4882
8078 4579
8079 4976
8080 5070
8081 4971
8082 4703
8083 4588
8084 4570
8085 5865
8086 4827
8087 4593
8088 5214
8089 5462
8090 4587
8091 4569
8092 4968
8093 5270
8094 4640
8095 5149
8096 4903
8097 5720
8098 4456
8099 4772
8100 5028
8101 4843
8102 4952
8103 4590
8104 4976
8105 4732
8106 4744
8107 5024
8108 4963
8109 4761
8110 5294
8111 5080
8112 5263
8113 4677
8114 4695
8115 4839
8116 4844
8117 4707
8118 8536
8119 5201
8120 4901
8121 4590
8122 4834
8123 4838
8124 4464
8125 5160
8126 4763
8127 4715
8128 4966
8129 4847
8130 5446
8131 4712
8132 4965
8133 4780
8134 4644
8135 4589
8136 6156
8137 4777
8138 5451
8139 4824
8140 4854
8141 4595
8142 4704
8143 4965
8144 4712
8145 4595
8146 4771
8147 4647
8148 4968
8149 4834
8150 4713
8151 5585
8152 4718
8153 5340
8154 5452
8155 4589
8156 4947
8157 4612
8158 5708
8159 5099
8160 5017
8161 5028
8162 4952
8163 4464
8164 5040
8165 5268
8166 5330
8167 4962
8168 5373
8169 5187
8170 4725
8171 5690
8172 4713
8173 5763
8174 5289
8175 5085
8176 5230
8177 4827
8178 6368
8179 5742
8180 4892
8181 4955
8182 4589
8183 4771
8184 5294
8185 5013
8186 4521
8187 5091
8188 5751
8189 4855
8190 5032
8191 5462
8192 4844
8193 6158
8194 4756
8195 5464
8196 4719
8197 5771
8198 6234
8199 4885
8200 4524
8201 4711
8202 4586
8203 4587
8204 4716
8205 4835
8206 4713
8207 4713
8208 5114
8209 5186
8210 5088
8211 5529
8212 4900
8213 4834
8214 5213
8215 4713
8216 4726
8217 4572
8218 6347
8219 4578
8220 5216
8221 5581
8222 4588
8223 -994848
8224 4775
8225 4961
8226 5156
8227 5022
8228 5591
8229 4708
8230 5215
8231 4959
8232 4716
8233 4708
8234 5840
8235 4461
8236 4840
8237 5350
8238 6450
8239 5709
8240 4955
8241 5088
8242 5648
8243 5161
8244 4952
8245 5268
8246 4784
8247 5341
8248 4582
8249 5212
8250 5341
8251 4587
8252 4581
8253 4717
8254 5082
8255 4598
8256 4824
8257 4845
8258 6458
8259 5460
8260 4959
8261 4767
8262 4789
8263 4768
8264 4652
8265 4590
8266 5214
8267 4975
8268 5326
8269 4838
8270 5838
8271 4716
8272 5583
8273 4963
8274 4713
8275 4965
8276 5537
8277 4754
8278 6787
8279 4761
8280 4459
8281 4714
8282 5013
8283 5038
8284 4957
8285 5084
8286 4653
8287 4652
8288 5612
8289 4683
8290 4450
8291 4590
8292 4583
8293 5090
8294 4837
8295 4739
8296 5061
8297 4840
8298 5715
8299 5712
8300 5229
8301 4821
8302 4893
8303 4912
8304 4593
8305 4573
8306 5341
8307 4840
8308 5417
8309 5126
8310 5109
8311 4919
8312 4835
8313 5962
8314 4587
8315 4585
8316 5089
8317 5400
8318 5149
8319 6340
8320 4836
8321 4591
8322 4969
8323 4833
8324 4588
8325 4588
8326 5003
8327 5048
8328 6212
8329 4963
8330 4594
8331 5259
8332 4784
8333 4589
8334 4592
8335 5126
8336 5155
8337 4896
8338 5036
8339 5703
8340 4463
8341 5144
8342 5040
8343 4579
8344 5401
8345 4840
8346 4780
8347 6022
8348 4647
8349 5339
8350 4716
8351 5266
8352 5289
8353 4959
8354 4580
8355 4714
8356 4587
8357 4909
8358 5144
8359 6578
8360 4964
8361 4970
8362 5209
8363 4704
8364 4591
8365 4719
8366 4830
8367 4711
8368 6089
8369 4969
8370 4829
8371 4712
8372 4841
8373 5469
8374 5580
8375 4724
8376 4825
8377 4597
8378 5019
8379 6533
8380 4954
8381 4774
8382 4904
8383 4835
8384 4963
8385 4704
8386 4844
8387 4719
8388 4833
8389 5244
8390 5053
8391 4715
8392 4714
8393 4970
8394 4895
8395 4536
8396 4824
8397 4695
8398 5727
8399 5340
8400 6334
8401 5515
8402 5284
8403 4840
8404 4588
8405 5096
8406 4769
8407 5148
8408 4838
8409 4901
8410 4897
8411 4863
8412 4899
8413 4630
8414 4715
8415 4960
8416 5587
8417 4590
8418 4834
8419 5345
8420 -994172
8421 4862
8422 4812
8423 5339
8424 5090
8425 4910
8426 5511
8427 4588
8428 5219
8429 4585
8430 4834
8431 4962
8432 5233
8433 4821
8434 4732
8435 4816
8436 4586
8437 4805
8438 4871
8439 6406
8440 6173
8441 4809
8442 4835
8443 4725
8444 6583
8445 4704
8446 4600
8447 5082
8448 4596
8449 5570
8450 4650
8451 4893
8452 5970
8453 4828
8454 4721
8455 5517
8456 5531
8457 5078
8458 4711
8459 4840
8460 5725
8461 5078
8462 4960
8463 5464
8464 4715
8465 4897
8466 4649
8467 5532
8468 5146
8469 4960
8470 5338
8471 5089
8472 4715
8473 5207
8474 5089
8475 5089
8476 4842
8477 5831
8478 5088
8479 5109
8480 6320
8481 4583
8482 4839
8483 5413
8484 5016
8485 5022
8486 4774
8487 4842
8488 4455
8489 4610
8490 5188
8491 5091
8492 5837
8493 5585
8494 4837
8495 4596
8496 5203
8497 4988
8498 4813
8499 4824
8500 5598
8501 4714
8502 4963
8503 5095
8504 4831
8505 4527
8506 4715
8507 5467
8508 4704
8509 4742
8510 4809
8511 4971
8512 4703
8513 5590
8514 4774
8515 5029
8516 4714
8517 4952
8518 4839
8519 5217
8520 4705
8521 5963
8522 4838
8523 4595
8524 4710
8525 6401
8526 5897
8527 4841
8528 5457
8529 5102
8530 5573
8531 4649
8532 5025
8533 4608
8534 5320
8535 5966
8536 4711
8537 4836
8538 5108
8539 5567
8540 7204
8541 4839
8542 4597
8543 4701
8544 5271
8545 5030
8546 5115
8547 5310
8548 4586
8549 5026
8550 4786
8551 4828
8552 5086
8553 4591
8554 4732
8555 5084
8556 5447
8557 4587
8558 6097
8559 5451
8560 5464
8561 4965
8562 5590
8563 4586
8564 4717
8565 4459
8566 4592
8567 4584
8568 5088
8569 4967
8570 5216
8571 4703
8572 4462
8573 5838
8574 5214
8575 4584
8576 4899
8577 6153
8578 5840
8579 4966
8580 6331
8581 4970
8582 5303
8583 4590
8584 4963
8585 4592
8586 4706
8587 4965
8588 4589
8589 5491
8590 4932
8591 4839
8592 4589
8593 5348
8594 5326
8595 5278
8596 5090
8597 5152
8598 5077
8599 4716
8600 6841
8601 4466
8602 5327
8603 5266
8604 5036
8605 4967
8606 4955
8607 4845
8608 4585
8609 5090
8610 4958
8611 4589
8612 4838
8613 4721
8614 5701
8615 5218
8616 -994789
8617 4963
8618 4832
8619 4969
8620 6211
8621 4591
8622 4708
8623 5339
8624 5589
8625 5595
8626 4832
8627 4587
8628 5028
8629 5900
8630 4829
8631 5153
8632 5156
8633 5201
8634 4714
8635 4961
8636 4974
8637 4952
8638 5088
8639 4904
8640 7032
8641 5202
8642 4720
8643 5352
8644 4944
8645 4579
8646 4860
8647 5583
8648 4820
8649 4587
8650 5087
8651 5345
8652 4953
8653 4462
8654 4619
8655 4938
8656 5706
8657 4586
8658 5087
8659 4849
8660 5705
8661 4968
8662 6208
8663 4967
8664 4592
8665 4725
8666 4816
8667 5219
8668 4958
8669 4711
8670 5464
8671 5221
8672 5075
8673 5090
8674 4590
8675 4965
8676 5209
8677 4964
8678 5211
8679 5718
8680 6333
8681 4969
8682 5473
8683 4757
8684 5463
8685 4841
8686 4969
8687 4828
8688 4712
8689 5216
8690 4788
8691 5135
8692 4588
8693 4714
8694 4829
8695 4843
8696 4617
8697 5305
8698 5231
8699 4680
8700 6207
8701 6109
8702 5076
8703 4957
8704 5836
8705 4587
8706 4595
8707 5084
8708 5337
8709 5836
8710 4967
8711 5209
8712 4963
8713 4965
8714 4714
8715 4902
8716 4770
8717 4737
8718 5074
8719 5079
8720 6337
8721 5022
8722 5029
8723 4703
8724 4964
8725 5245
8726 5433
8727 4897
8728 4784
8729 4457
8730 4592
8731 4956
8732 4589
8733 5714
8734 4966
8735 5206
8736 4839
8737 4965
8738 5214
8739 4458
8740 5973
8741 4916
8742 4994
8743 4838
8744 4595
8745 4581
8746 4905
8747 4769
8748 5212
8749 4838
8750 5282
8751 5144
8752 4837
8753 4590
8754 4589
8755 5458
8756 4713
8757 5590
8758 6407
8759 5765
8760 5722
8761 5204
8762 5333
8763 6349
8764 5594
8765 5194
8766 4589
8767 5214
8768 4806
8769 5363
8770 4863
8771 4501
8772 4588
8773 4590
8774 4587
8775 5463
8776 5088
8777 4714
8778 5774
8779 5049
8780 5945
8781 4575
8782 5722
8783 4831
8784 5343
8785 5584
8786 5096
8787 4952
8788 5218
8789 5084
8790 4594
8791 4703
8792 4840
8793 4963
8794 4969
8795 4579
8796 4838
8797 4714
8798 5095
8799 4579
8800 5964
8801 5401
8802 4910
8803 6126
8804 5039
8805 5086
8806 5568
8807 4981
8808 5467
8809 4711
8810 5097
8811 -995172
8812 4714
8813 4963
8814 4973
8815 4948
8816 5217
8817 4959
8818 5218
8819 5333
8820 6162
8821 4901
8822 5328
8823 4578
8824 5215
8825 5595
8826 4579
8827 4588
8828 4713
8829 5346
8830 5329
8831 5714
8832 5108
8833 4881
8834 5020
8835 5282
8836 5394
8837 5091
8838 5082
8839 5214
8840 6344
8841 5085
8842 4709
8843 4588
8844 4664
8845 4892
8846 5082
8847 4713
8848 5212
8849 4841
8850 5083
8851 4964
8852 4588
8853 4592
8854 4959
8855 4587
8856 4590
8857 4595
8858 6078
8859 4963
8860 6590
8861 5339
8862 4834
8863 5089
8864 4837
8865 4842
8866 4707
8867 5462
8868 4589
8869 4840
8870 5277
8871 4895
8872 4842
8873 4586
8874 4709
8875 4714
8876 4588
8877 5220
8878 4765
8879 5027
8880 5213
8881 5842
8882 4894
8883 4653
8884 4713
8885 4967
8886 4833
8887 4964
8888 5273
8889 5848
8890 4765
8891 4648
8892 4918
8893 5326
8894 4960
8895 5238
8896 4562
8897 4714
8898 5210
8899 5336
8900 4713
8901 5966
8902 5473
8903 5824
8904 5218
8905 5205
8906 4963
8907 4900
8908 5675
8909 4812
8910 4713
8911 4778
8912 5401
8913 4937
8914 4714
8915 5653
8916 4668
8917 4710
8918 4941
8919 5156
8920 5276
8921 5359
8922 5194
8923 4574
8924 4601
8925 4698
8926 4836
8927 4714
8928 4598
8929 5205
8930 4842
8931 4704
8932 5720
8933 6142
8934 4902
8935 4578
8936 4724
8937 5448
8938 4968
8939 5174
8940 5002
8941 6637
8942 4778
8943 4833
8944 5215
8945 5290
8946 5262
8947 4771
8948 4895
8949 4577
8950 4600
8951 4573
8952 4845
8953 6825
8954 4846
8955 5461
8956 4585
8957 4579
8958 4844
8959 5115
8960 5179
8961 5715
8962 5577
8963 6523
8964 5018
8965 4837
8966 4839
8967 4586
8968 4591
8969 4953
8970 4971
8971 4590
8972 4705
8973 4955
8974 6469
8975 4708
8976 4962
8977 5077
8978 4973
8979 5264
8980 4653
8981 5831
8982 5218
8983 4829
8984 5466
8985 4828
8986 4595
8987 4581
8988 4838
8989 5332
8990 5095
8991 4578
8992 4885
8993 4908
8994 4844
8995 5337
8996 4457
8997 4962
8998 5270
8999 5097
9000 4645
9001 5989
9002 4814
9003 5089
9004 4709
9005 6087
9006 4603
9007 -994799
9008 4710
9009 4462
9010 4838
9011 4835
9012 4960
9013 4717
9014 4456
9015 4723
9016 4575
9017 4974
9018 4825
9019 4728
9020 5320
9021 4720
9022 5580
9023 4606
9024 5319
9025 4972
9026 5204
9027 4848
9028 4766
9029 5033
9030 6269
9031 4971
9032 4762
9033 4974
9034 5103
9035 5438
9036 5460
9037 4989
9038 5352
9039 5046
9040 5317
9041 4710
9042 5469
9043 5208
9044 4584
9045 4695
9046 4542
9047 5099
9048 5011
9049 4587
9050 5091
9051 4591
9052 4710
9053 4960
9054 5588
9055 4715
9056 5645
9057 5152
9058 5108
9059 4821
9060 5753
9061 5753
9062 5630
9063 4729
9064 4925
9065 4838
9066 4971
9067 4579
9068 4730
9069 4813
9070 4843
9071 5204
9072 5467
9073 4787
9074 4771
9075 4841
9076 5138
9077 4642
9078 4895
9079 5152
9080 5974
9081 5116
9082 6428
9083 5642
9084 4900
9085 5091
9086 5328
9087 5585
9088 5339
9089 5156
9090 4762
9091 5462
9092 5545
9093 5010
9094 4824
9095 4715
9096 4844
9097 4581
9098 5335
9099 5280
9100 5284
9101 4568
9102 5838
9103 4726
9104 4615
9105 4798
9106 4954
9107 4583
9108 4969
9109 4832
9110 5400
9111 5077
9112 4910
9113 5208
9114 5334
9115 5006
9116 4814
9117 4818
9118 4835
9119 5077
9120 5063
9121 5236
9122 5852
9123 4821
9124 4595
9125 4829
9126 4721
9127 4833
9128 4758
9129 5417
9130 5456
9131 4803
9132 4729
9133 5192
9134 5349
9135 5473
9136 5386
9137 4766
9138 4837
9139 4781
9140 5151
9141 5329
9142 6964
9143 5094
9144 4834
9145 5520
9146 4902
9147 4840
9148 4591
9149 5107
9150 5314
9151 4716
9152 5217
9153 5332
9154 4588
9155 4837
9156 4593
9157 4706
9158 4716
9159 5211
9160 5092
9161 4583
9162 6469
9163 4583
9164 4841
9165 5583
9166 5485
9167 4747
9168 4532
9169 5087
9170 4589
9171 4840
9172 5532
9173 4889
9174 4594
9175 4688
9176 5213
9177 4834
9178 5360
9179 5127
9180 6403
9181 4579
9182 6089
9183 4739
9184 4694
9185 4953
9186 4715
9187 5411
9188 5011
9189 4839
9190 4712
9191 5469
9192 4588
9193 4831
9194 4587
9195 5595
9196 5770
9197 4773
9198 4713
9199 4594
9200 5208
9201 4585
9202 4838
9203 6597
9204 -995424
9205 5341
9206 5026
9207 6154
9208 5830
9209 5281
9210 5687
9211 4920
9212 5523
9213 5530
9214 4593
9215 4710
9216 5333
9217 5713
9218 4850
9219 4573
9220 5338
9221 4588
9222 5599
9223 4783
9224 4756
9225 4587
9226 4594
9227 5331
9228 5461
9229 4964
9230 4721
9231 4929
9232 4589
9233 5642
9234 4811
9235 5440
9236 4581
9237 5213
9238 5222
9239 4721
9240 5317
9241 4713
9242 5848
9243 5101
9244 4568
9245 4791
9246 4886
9247 4832
9248 4900
9249 4652
9250 4971
9251 4955
9252 5027
9253 5021
9254 4724
9255 5199
9256 4587
9257 6140
9258 5665
9259 4833
9260 5337
9261 5030
9262 5897
9263 4584
9264 5215
9265 4591
9266 4837
9267 5835
9268 4837
9269 5482
9270 5077
9271 4578
9272 5839
9273 5481
9274 4566
9275 5338
9276 4838
9277 5846
9278 4453
9279 4738
9280 5562
9281 4722
9282 6137
9283 4649
9284 5211
9285 4841
9286 4836
9287 4460
9288 4588
9289 4612
9290 5254
9291 4650
9292 5212
9293 4846
9294 4596
9295 4698
9296 5454
9297 4481
9298 5191
9299 4622
9300 4828
9301 4947
9302 4825
9303 6502
9304 4662
9305 4725
9306 4950
9307 4835
9308 4588
9309 4606
9310 4944
9311 4829
9312 4972
9313 4740
9314 5181
9315 5198
9316 4594
9317 4894
9318 4776
9319 4827
9320 4971
9321 4953
9322 5220
9323 6037
9324 4709
9325 4720
9326 5202
9327 4454
9328 4720
9329 5344
9330 5076
9331 5263
9332 4661
9333 4711
9334 4757
9335 4584
9336 5581
9337 5114
9338 5059
9339 6090
9340 6534
9341 5454
9342 4792
9343 5937
9344 4591
9345 4769
9346 5280
9347 5389
9348 5792
9349 4944
9350 4713
9351 4959
9352 5732
9353 4691
9354 4720
9355 5459
9356 5089
9357 4704
9358 4596
9359 4953
9360 5356
9361 6011
9362 5146
9363 6711
9364 5463
9365 4837
9366 4711
9367 4964
9368 4589
9369 4584
9370 4598
9371 4763
9372 4782
9373 5083
9374 4588
9375 4964
9376 4594
9377 4580
9378 4720
9379 4888
9380 4914
9381 5204
9382 4839
9383 4584
9384 5937
9385 5239
9386 4581
9387 5342
9388 4712
9389 4577
9390 4585
9391 5216
9392 4837
9393 4833
9394 5083
9395 4716
9396 5714
9397 5079
9398 4708
9399 4840
9400 5213
9401 -995412
9402 5201
9403 5348
9404 7401
9405 5135
9406 4714
9407 4714
9408 4963
9409 6152
9410 4647
9411 4611
9412 5178
9413 4824
9414 4780
9415 4768
9416 4838
9417 4596
9418 4579
9419 5212
9420 4589
9421 4708
9422 5840
9423 4963
9424 6720
9425 5204
9426 4586
9427 5845
9428 4829
9429 4587
9430 4586
9431 5280
9432 4777
9433 4704
9434 5463
9435 5091
9436 4576
9437 5967
9438 4979
9439 4829
9440 4681
9441 4719
9442 4713
9443 4763
9444 6410
9445 4590
9446 4961
9447 4723
9448 5199
9449 4570
9450 4733
9451 4901
9452 5843
9453 4884
9454 4590
9455 4720
9456 4580
9457 4586
9458 5091
9459 4855
9460 4570
9461 5210
9462 4589
9463 5229
9464 4811
9465 6201
9466 5213
9467 4718
9468 5705
9469 4964
9470 4463
9471 5471
9472 5097
9473 5539
9474 5871
9475 4587
9476 4709
9477 5214
9478 4840
9479 5341
9480 5082
9481 5339
9482 4897
9483 4905
9484 6334
9485 4588
9486 4713
9487 4717
9488 5021
9489 5149
9490 4712
9491 5593
9492 4709
9493 5339
9494 4836
9495 4779
9496 4771
9497 5088
9498 4588
9499 4904
9500 4778
9501 5327
9502 4595
9503 5206
9504 5090
9505 6454
9506 4793
9507 4906
9508 4687
9509 4578
9510 4595
9511 4581
9512 5215
9513 4701
9514 5001
9515 4556
9516 4764
9517 4776
9518 4590
9519 5341
9520 4708
9521 4595
9522 4960
9523 6348
9524 4950
9525 6339
9526 4712
9527 4994
9528 4930
9529 5090
9530 5177
9531 5009
9532 4695
9533 4710
9534 5220
9535 4437
9536 4582
9537 4714
9538 4591
9539 5339
9540 4834
9541 4778
9542 5583
9543 5156
9544 5455
9545 4714
9546 5888
9547 5419
9548 4826
9549 5086
9550 5846
9551 5080
9552 5099
9553 4702
9554 4594
9555 4580
9556 4714
9557 4592
9558 4715
9559 4837
9560 4588
9561 4833
9562 4588
9563 4969
9564 4707
9565 5872
9566 6300
9567 4714
9568 5212
9569 4711
9570 5104
9571 4571
9572 4589
9573 4713
9574 4716
9575 6459
9576 4959
9577 4845
9578 4956
9579 5896
9580 5443
9581 5056
9582 5774
9583 4752
9584 4855
9585 4772
9586 5531
9587 5329
9588 5337
9589 4818
9590 5237
9591 4589
9592 5400
9593 4667
9594 4551
9595 4585
9596 5091
9597 4836
9598 -995153
9599 4716
9600 4870
9601 4542
9602 4595
9603 5327
9604 4719
9605 5459
9606 6597
9607 4827
9608 4589
9609 4962
9610 4598
9611 4825
9612 4861
9613 5380
9614 4785
9615 4582
9616 4772
9617 4648
9618 4596
9619 4701
9620 4589
9621 4713
9622 4761
9623 4662
9624 5330
9625 4844
9626 4834
9627 5843
9628 4581
9629 4721
9630 5296
9631 4495
9632 4584
9633 4711
9634 5092
9635 4589
9636 4725
9637 5266
9638 4898
9639 4837
9640 5335
9641 6031
9642 4709
9643 5026
9644 4974
9645 5316
9646 4905
9647 6651
9648 5208
9649 5112
9650 4696
9651 5080
9652 4773
9653 4908
9654 4709
9655 5335
9656 4583
9657 5281
9658 4524
9659 4967
9660 4701
9661 5088
9662 4593
9663 4705
9664 4591
9665 4530
9666 5483
9667 5064
9668 5838
9669 4859
9670 5193
9671 4585
9672 4964
9673 5094
9674 4460
9675 4954
9676 5463
9677 5215
9678 4595
9679 5213
9680 5579
9681 6212
9682 4987
9683 5063
9684 5213
9685 5605
9686 4945
9687 4586
9688 5589
9689 4986
9690 4688
9691 5527
9692 5028
9693 4968
9694 4828
9695 4715
9696 5090
9697 5341
9698 4580
9699 4714
9700 4976
9701 6456
9702 5076
9703 5465
9704 4722
9705 5212
9706 5076
9707 5215
9708 6088
9709 5091
9710 4457
9711 4710
9712 4597
9713 4712
9714 5078
9715 4716
9716 4587
9717 5094
9718 5085
9719 5582
9720 4962
9721 5468
9722 4708
9723 4965
9724 4713
9725 4718
9726 5079
9727 4712
9728 6090
9729 5214
9730 4834
9731 5590
9732 5339
9733 5086
9734 5771
9735 4657
9736 4649
9737 5150
9738 5782
9739 4636
9740 4978
9741 4694
9742 4837
9743 4780
9744 5170
9745 5615
9746 5458
9747 4963
9748 6717
9749 4704
9750 4714
9751 5593
9752 4714
9753 4578
9754 5212
9755 5088
9756 5095
9757 4706
9758 5463
9759 4963
9760 4965
9761 4958
9762 4464
9763 5586
9764 4716
9765 4708
9766 5089
9767 4962
9768 5738
9769 4959
9770 4943
9771 5346
9772 4702
9773 5210
9774 4714
9775 4463
9776 5111
9777 4938
9778 4715
9779 4963
9780 5017
9781 5406
9782 5213
9783 4966
9784 4966
9785 5333
9786 5087
9787 5800
9788 6397
9789 5185
9790 4590
9791 4590
9792 4706
9793 4968
9794 4960
9795 5098
9796 -994411
9797 5073
9798 4714
9799 4717
9800 4830
9801 4839
9802 4712
9803 5223
9804 4826
9805 5588
9806 5092
9807 4592
9808 6579
9809 4712
9810 4638
9811 4666
9812 4711
9813 4831
9814 5215
9815 4719
9816 4907
9817 5011
9818 4965
9819 4839
9820 4834
9821 4589
9822 5462
9823 4966
9824 4707
9825 5211
9826 4716
9827 5343
9828 4711
9829 6325
9830 4625
9831 4930
9832 4575
9833 4588
9834 4839
9835 5075
9836 4847
9837 4839
9838 5341
9839 4477
9840 4824
9841 4478
9842 4825
9843 5389
9844 4789
9845 5081
9846 4648
9847 4901
9848 5964
9849 5798
9850 5718
9851 5458
9852 4959
9853 4461
9854 4591
9855 4720
9856 5561
9857 5190
9858 5588
9859 4842
9860 4584
9861 4587
9862 5759
9863 4923
9864 4950
9865 4465
9866 4713
9867 4970
9868 4830
9869 6339
9870 4782
9871 4652
9872 4699
9873 4587
9874 4964
9875 4600
9876 4949
9877 4905
9878 4899
9879 4717
9880 5540
9881 4838
9882 4961
9883 4971
9884 4577
9885 4589
9886 4775
9887 5285
9888 4709
9889 4979
9890 5849
9891 5181
9892 4725
9893 4941
9894 4839
9895 4969
9896 5079
9897 5092
9898 4713
9899 5342
9900 4579
9901 5587
9902 5103
9903 4579
9904 4829
9905 5155
9906 4772
9907 5095
9908 4828
9909 5401
9910 5784
9911 4953
9912 4960
9913 5223
9914 5328
9915 4592
9916 5085
9917 5339
9918 4589
9919 6967
9920 4578
9921 4590
9922 4586
9923 4590
9924 4584
9925 5339
9926 4467
9927 4733
9928 4812
9929 4589
9930 6304
9931 4754
9932 5198
9933 5906
9934 4770
9935 4717
9936 4583
9937 5088
9938 5589
9939 5090
9940 4585
9941 4838
9942 4714
9943 4839
9944 5214
9945 4708
9946 4850
9947 8455
9948 4696
9949 5352
9950 6074
9951 4709
9952 4840
9953 4851
9954 5572
9955 5022
9956 4655
9957 5711
9958 4969
9959 5460
9960 4964
9961 4588
9962 5088
9963 4959
9964 5658
9965 4774
9966 5778
9967 5019
9968 5087
9969 4594
9970 6579
9971 4836
9972 4465
9973 4992
9974 5059
9975 4838
9976 4588
9977 4720
9978 4687
9979 5459
9980 4712
9981 4718
9982 5081
9983 4975
9984 5197
9985 5225
9986 4577
9987 4947
9988 5576
9989 5009
9990 6983
9991 5035
9992 4732
9993 -994815
9994 4765
9995 4785
9996 5962
9997 5339
9998 4586
9999 5835
