0 5553
1 4926
2 4517
3 5026
4 4822
5 5777
6 4951
7 4442
8 5258
9 5456
10 4709
11 5618
12 5498
13 5550
14 4901
15 5055
16 5599
17 4628
18 5508
19 4617
20 5772
21 4956
22 4877
23 5427
24 5172
25 5194
26 5643
27 4781
28 6245
29 5854
30 5188
31 5594
32 6484
33 4812
34 4745
35 5968
36 5004
37 5828
38 6768
39 5461
40 6096
41 8093
42 5634
43 7239
44 8354
45 5252
46 6425
47 5445
48 5698
49 5202
50 4835
51 5089
52 6463
53 4837
54 4716
55 6092
56 4737
57 5558
58 4952
59 4958
60 4714
61 4591
62 4585
63 5214
64 4712
65 6390
66 5171
67 5078
68 4581
69 5086
70 5629
71 5424
72 5835
73 6499
74 4678
75 7254
76 6156
77 4713
78 5214
79 5634
80 5065
81 5224
82 5447
83 4487
84 6433
85 5201
86 5464
87 4738
88 5823
89 4573
90 5204
91 5215
92 5960
93 4708
94 5706
95 4964
96 4712
97 4587
98 5225
99 4824
100 4966
101 4845
102 5780
103 6366
104 5076
105 4835
106 5864
107 6562
108 5078
109 4712
110 5126
111 4924
112 4478
113 6415
114 4852
115 4901
116 4585
117 4836
118 4584
119 4471
120 5206
121 6212
122 4713
123 4583
124 6408
125 4785
126 4833
127 4700
128 5471
129 5069
130 4460
131 5203
132 5069
133 7077
134 5858
135 4938
136 5344
137 5335
138 5207
139 4589
140 5211
141 4589
142 4714
143 5213
144 4594
145 4578
146 5094
147 4833
148 5461
149 4584
150 5840
151 4713
152 5087
153 5840
154 4590
155 4586
156 5964
157 5106
158 4819
159 4464
160 4962
161 4725
162 4575
163 5623
164 5276
165 5038
166 4944
167 4667
168 4825
169 4577
170 5653
171 5022
172 4461
173 6549
174 4875
175 4578
176 6090
177 4710
178 4903
179 4772
180 4850
181 5811
182 4732
183 5209
184 4669
185 -995292
186 5327
187 4465
188 5280
189 5654
190 5230
191 6299
192 5475
193 7311
194 5073
195 4575
196 4919
197 5340
198 4591
199 4591
200 5191
201 4961
202 5458
203 5467
204 5330
205 4966
206 4961
207 5210
208 4587
209 5615
210 4555
211 5345
212 4584
213 5699
214 4852
215 9081
216 5344
217 4583
218 5092
219 5327
220 4587
221 4836
222 4841
223 5209
224 5461
225 7114
226 4602
227 5172
228 4829
229 4883
230 5159
231 4581
232 6463
233 5213
234 4709
235 5216
236 5343
237 4693
238 4601
239 5210
240 4837
241 5462
242 4833
243 4779
244 5549
245 4812
246 5345
247 5191
248 5097
249 5198
250 4943
251 7469
252 4955
253 6336
254 5087
255 5086
256 5222
257 5076
258 4712
259 4606
260 6321
261 4824
262 4838
263 4839
264 4469
265 5513
266 5271
267 4829
268 5211
269 4966
270 4712
271 5715
272 5450
273 5091
274 5201
275 5416
276 5008
277 5457
278 5701
279 4974
280 4803
281 5874
282 5842
283 5384
284 5899
285 5460
286 5336
287 5597
288 4576
289 5836
290 7366
291 5681
292 4839
293 7041
294 4633
295 4712
296 4961
297 5208
298 4701
299 5593
300 5578
301 4720
302 5772
303 6342
304 5515
305 5651
306 5704
307 5522
308 6430
309 5593
310 5197
311 7514
312 6404
313 6582
314 5337
315 5588
316 6771
317 8157
318 5186
319 5702
320 5218
321 5583
322 5333
323 6347
324 6012
325 8528
326 8405
327 5774
328 7323
329 5338
330 5707
331 6089
332 5202
333 5463
334 5338
335 6067
336 7430
337 5328
338 6034
339 5700
340 7030
341 6648
342 6202
343 5153
344 5644
345 5584
346 5460
347 5427
348 6339
349 5204
350 6040
351 5574
352 5651
353 5837
354 5084
355 7966
356 5700
357 6839
358 7964
359 5849
360 7189
361 5560
362 6454
363 6220
364 -995047
365 5589
366 4832
367 5333
368 5712
369 5336
370 4957
371 5591
372 5650
373 5144
374 6716
375 5576
376 6980
377 4829
378 4927
379 5259
380 5575
381 5210
382 5964
383 6288
384 6531
385 5996
386 6538
387 5825
388 5552
389 5637
390 5272
391 5356
392 6701
393 4951
394 6088
395 5964
396 6145
397 5650
398 6901
399 5682
400 6183
401 7026
402 5158
403 6273
404 6198
405 6461
406 6028
407 5590
408 5207
409 5597
410 5578
411 6352
412 5197
413 6108
414 6312
415 7123
416 4785
417 4578
418 5434
419 5994
420 5224
421 6577
422 4582
423 4838
424 4724
425 4698
426 5085
427 4603
428 5325
429 7234
430 6013
431 5827
432 5271
433 5382
434 5787
435 5052
436 6223
437 4830
438 5081
439 4839
440 5903
441 4899
442 4720
443 5327
444 4715
445 5668
446 5464
447 4966
448 6709
449 5464
450 5485
451 4942
452 4961
453 6390
454 5651
455 4961
456 6595
457 6074
458 4712
459 5276
460 5567
461 6170
462 6139
463 6415
464 8090
465 9155
466 5532
467 9757
468 5891
469 6840
470 4950
471 5226
472 5949
473 5589
474 5357
475 4695
476 5465
477 5584
478 5332
479 5582
480 5513
481 5150
482 6606
483 5432
484 6027
485 4897
486 6341
487 5370
488 5491
489 4851
490 5183
491 5405
492 5579
493 4972
494 5518
495 4527
496 4961
497 4700
498 5088
499 4598
500 5602
501 5441
502 5454
503 5095
504 5703
505 5088
506 4593
507 5397
508 4777
509 5153
510 6007
511 5512
512 5823
513 4839
514 5469
515 5234
516 5175
517 4838
518 5216
519 5842
520 4718
521 6696
522 5209
523 4966
524 4906
525 5144
526 4715
527 4839
528 4720
529 4834
530 5082
531 5463
532 4965
533 5128
534 4702
535 5343
536 5468
537 4650
538 5974
539 5132
540 5279
541 6333
542 5213
543 -995416
544 5591
545 5208
546 4588
547 5714
548 6598
549 5063
550 4691
551 4821
552 4962
553 4464
554 5468
555 4459
556 5647
557 6553
558 5701
559 4978
560 5823
561 5342
562 5327
563 5218
564 5650
565 5767
566 5597
567 4702
568 4961
569 5843
570 5205
571 4695
572 6015
573 4531
574 4578
575 5449
576 4844
577 5340
578 5243
579 5864
580 4922
581 5448
582 5927
583 6705
584 6203
585 7125
586 5001
587 5417
588 5814
589 4934
590 4947
591 4818
592 5079
593 6371
594 4748
595 5130
596 4873
597 7194
598 4811
599 5814
600 5443
601 5315
602 6240
603 5148
604 5049
605 5316
606 5317
607 5192
608 4694
609 4811
610 5321
611 5817
612 5446
613 5553
614 5318
615 5328
616 6921
617 6327
618 7986
619 8312
620 6506
621 10504
622 5499
623 5566
624 5812
625 5569
626 5963
627 5942
628 5034
629 5184
630 5435
631 5567
632 6568
633 6596
634 5789
635 6244
636 5041
637 4722
638 5229
639 5708
640 5041
641 5832
642 5554
643 5506
644 5627
645 4932
646 5293
647 5743
648 7715
649 5479
650 5685
651 4908
652 5532
653 5780
654 5190
655 6740
656 5869
657 5197
658 5856
659 5223
660 4784
661 6532
662 5070
663 5101
664 5185
665 5729
666 5916
667 5801
668 6328
669 5023
670 6115
671 5172
672 6587
673 7251
674 4580
675 4985
676 5230
677 5627
678 5469
679 5516
680 5247
681 5029
682 5252
683 5692
684 5048
685 5106
686 6022
687 5136
688 4964
689 4940
690 4764
691 5461
692 6252
693 5309
694 5181
695 5325
696 4800
697 4455
698 4484
699 5113
700 4881
701 5001
702 5290
703 4960
704 4587
705 4562
706 6288
707 5284
708 5560
709 5556
710 4611
711 4776
712 5819
713 5729
714 5701
715 5079
716 5242
717 4553
718 4859
719 5305
720 4689
721 6517
722 4721
723 -994376
724 5031
725 6831
726 6180
727 6952
728 5340
729 4847
730 6212
731 5573
732 5253
733 6033
734 4971
735 5228
736 5537
737 5581
738 5830
739 5101
740 4705
741 5884
742 5241
743 7195
744 5085
745 5964
746 4856
747 5119
748 6374
749 5866
750 5245
751 5609
752 5226
753 5026
754 6098
755 5259
756 6161
757 5965
758 5122
759 5790
760 5259
761 6154
762 5940
763 5262
764 4920
765 5105
766 5360
767 6027
768 5058
769 4651
770 5044
771 5248
772 5390
773 5644
774 4555
775 4799
776 4855
777 4696
778 5212
779 6215
780 6807
781 5054
782 4819
783 5571
784 5833
785 7165
786 5828
787 4678
788 5242
789 5685
790 4577
791 4812
792 5047
793 4560
794 4942
795 5184
796 4702
797 4553
798 5077
799 4860
800 5629
801 5591
802 5449
803 4592
804 4699
805 4715
806 4582
807 4907
808 4645
809 4582
810 4891
811 5132
812 5360
813 5391
814 5124
815 7308
816 11705
817 6469
818 6181
819 5161
820 5408
821 5136
822 4987
823 5316
824 5079
825 4968
826 5086
827 5327
828 4902
829 5281
830 5452
831 4715
832 4815
833 4753
834 5065
835 4827
836 5463
837 5026
838 5517
839 5220
840 4594
841 4821
842 5400
843 4993
844 4752
845 4831
846 5327
847 5966
848 4715
849 5299
850 4875
851 5083
852 4830
853 4961
854 5091
855 4835
856 5087
857 4985
858 6067
859 6644
860 4663
861 5072
862 5463
863 5227
864 5505
865 4966
866 5288
867 5188
868 5097
869 5539
870 5059
871 4786
872 4698
873 5581
874 4965
875 6093
876 5324
877 5987
878 6011
879 5351
880 5573
881 5858
882 4794
883 5362
884 4813
885 5496
886 5938
887 5813
888 5389
889 4838
890 5782
891 6232
892 5573
893 7119
894 5069
895 6431
896 5423
897 5749
898 5608
899 5260
900 6059
901 6089
902 4823
903 5293
904 5204
905 5609
906 -993894
907 4789
908 5366
909 5448
910 5205
911 5467
912 4941
913 7463
914 5831
915 5316
916 5572
917 5194
918 5475
919 5764
920 4627
921 5765
922 5381
923 5196
924 5845
925 5064
926 5327
927 5213
928 6459
929 4964
930 5460
931 5350
932 6144
933 5150
934 5208
935 5196
936 5860
937 4587
938 6526
939 4782
940 5204
941 5216
942 4589
943 5462
944 5776
945 4776
946 6373
947 6327
948 5190
949 4711
950 6799
951 4771
952 4690
953 4962
954 5091
955 5336
956 4836
957 6339
958 4714
959 4963
960 4843
961 5083
962 5213
963 5839
964 5780
965 5522
966 5012
967 5295
968 5836
969 5696
970 6382
971 5425
972 5219
973 4821
974 4727
975 5831
976 5077
977 5313
978 5138
979 5440
980 5610
981 5547
982 5351
983 5597
984 5891
985 4764
986 5704
987 6001
988 5790
989 4824
990 5590
991 4837
992 6503
993 4570
994 6313
995 4974
996 5378
997 5023
998 5215
999 5341
1000 5327
1001 5147
1002 4797
1003 5328
1004 5206
1005 5210
1006 6084
1007 6345
1008 4836
1009 5962
1010 4721
1011 5830
1012 5355
1013 5072
1014 5215
1015 5338
1016 4840
1017 5215
1018 6300
1019 4621
1020 5710
1021 6834
1022 4838
1023 5519
1024 4902
1025 5084
1026 6714
1027 4713
1028 5208
1029 4714
1030 5090
1031 5213
1032 5465
1033 4840
1034 5209
1035 4714
1036 5586
1037 5363
1038 5567
1039 5205
1040 5446
1041 6084
1042 5332
1043 5619
1044 5044
1045 6746
1046 5175
1047 5205
1048 5576
1049 4968
1050 5219
1051 4581
1052 5700
1053 5214
1054 5093
1055 5330
1056 5095
1057 5211
1058 5784
1059 5145
1060 5212
1061 5213
1062 5218
1063 5710
1064 6343
1065 4564
1066 5984
1067 5343
1068 5585
1069 4847
1070 5201
1071 5424
1072 5654
1073 5524
1074 6213
1075 5219
1076 5709
1077 5713
1078 5464
1079 5839
1080 5448
1081 5979
1082 5092
1083 6211
1084 5837
1085 5214
1086 5022
1087 5654
1088 5214
1089 5090
1090 -994662
1091 5399
1092 5048
1093 5444
1094 5963
1095 5589
1096 5754
1097 5613
1098 5024
1099 5904
1100 4771
1101 6965
1102 5089
1103 5726
1104 5397
1105 4767
1106 5265
1107 4930
1108 5328
1109 5111
1110 5287
1111 5325
1112 5024
1113 5663
1114 6506
1115 5544
1116 5068
1117 5586
1118 5357
1119 6729
1120 6933
1121 4825
1122 5445
1123 5439
1124 5284
1125 5643
1126 5311
1127 5622
1128 5191
1129 5867
1130 5684
1131 5322
1132 5358
1133 5535
1134 4624
1135 5459
1136 4572
1137 7070
1138 5645
1139 4991
1140 5356
1141 5265
1142 5205
1143 5194
1144 5308
1145 5913
1146 4734
1147 5564
1148 4947
1149 5022
1150 5245
1151 5387
1152 5446
1153 4756
1154 5802
1155 4846
1156 6065
1157 6412
1158 5038
1159 5827
1160 5985
1161 5011
1162 4848
1163 5320
1164 5319
1165 5310
1166 5894
1167 6046
1168 5198
1169 5176
1170 5341
1171 5834
1172 5586
1173 5583
1174 4842
1175 6090
1176 5702
1177 7036
1178 4769
1179 5461
1180 5715
1181 5209
1182 5336
1183 5463
1184 5843
1185 4827
1186 6220
1187 4580
1188 5841
1189 5233
1190 5445
1191 5342
1192 5701
1193 4853
1194 4826
1195 6442
1196 5710
1197 5094
1198 5080
1199 5337
1200 5716
1201 5524
1202 5151
1203 5212
1204 5213
1205 6087
1206 5341
1207 5463
1208 5300
1209 7254
1210 5826
1211 5710
1212 4611
1213 7316
1214 4965
1215 5556
1216 4965
1217 5212
1218 4590
1219 4588
1220 5340
1221 5213
1222 5215
1223 5588
1224 4837
1225 5340
1226 5088
1227 5462
1228 5283
1229 5143
1230 5718
1231 5649
1232 5637
1233 5222
1234 5584
1235 5340
1236 5714
1237 5961
1238 5465
1239 5463
1240 5155
1241 4644
1242 5194
1243 5274
1244 5403
1245 5698
1246 4709
1247 5215
1248 5966
1249 6086
1250 5588
1251 5839
1252 5589
1253 5213
1254 5216
1255 5224
1256 5202
1257 5591
1258 4840
1259 5213
1260 5212
1261 5850
1262 5949
1263 5469
1264 5525
1265 5389
1266 5213
1267 5217
1268 6166
1269 7377
1270 5105
1271 5814
1272 -995048
1273 5713
1274 5958
1275 4968
1276 5590
1277 5960
1278 4989
1279 5181
1280 6531
1281 5028
1282 5577
1283 5717
1284 5657
1285 4507
1286 5596
1287 5894
1288 5917
1289 5690
1290 5713
1291 4790
1292 5762
1293 5472
1294 4829
1295 4713
1296 5086
1297 6338
1298 4839
1299 5716
1300 6351
1301 5001
1302 4807
1303 5177
1304 5219
1305 5450
1306 6482
1307 4826
1308 5610
1309 4434
1310 5452
1311 5703
1312 5083
1313 5552
1314 5128
1315 5215
1316 5204
1317 5593
1318 5209
1319 5349
1320 5993
1321 4668
1322 6075
1323 4710
1324 6077
1325 5965
1326 4960
1327 5762
1328 4690
1329 5996
1330 4663
1331 5337
1332 6136
1333 5143
1334 6098
1335 6376
1336 5937
1337 5533
1338 5217
1339 5203
1340 5462
1341 5713
1342 5979
1343 4989
1344 5412
1345 5207
1346 5602
1347 5830
1348 4612
1349 5312
1350 5331
1351 5471
1352 5075
1353 5205
1354 5842
1355 4834
1356 6465
1357 5212
1358 5327
1359 5340
1360 5590
1361 5586
1362 6713
1363 4714
1364 5256
1365 6117
1366 5259
1367 5105
1368 6068
1369 5214
1370 5222
1371 5316
1372 5227
1373 5235
1374 5794
1375 5582
1376 4570
1377 5414
1378 4860
1379 5841
1380 4782
1381 7478
1382 5051
1383 5715
1384 4879
1385 5164
1386 5224
1387 5196
1388 5197
1389 5366
1390 5248
1391 5256
1392 5383
1393 5649
1394 4782
1395 5242
1396 5682
1397 5192
1398 5699
1399 6248
1400 5810
1401 5331
1402 5221
1403 5075
1404 5709
1405 5342
1406 5577
1407 5102
1408 6445
1409 5196
1410 5702
1411 5212
1412 5516
1413 4893
1414 4988
1415 5577
1416 5398
1417 5405
1418 5215
1419 6712
1420 5588
1421 5286
1422 4895
1423 4874
1424 5900
1425 6124
1426 5307
1427 5378
1428 5194
1429 5597
1430 4815
1431 5231
1432 5223
1433 6027
1434 5113
1435 5310
1436 6016
1437 6313
1438 5288
1439 4573
1440 5430
1441 5338
1442 5060
1443 5197
1444 5333
1445 5948
1446 5070
1447 5827
1448 5203
1449 5095
1450 5782
1451 5793
1452 5304
1453 6022
1454 4987
1455 -994542
1456 8126
1457 5150
1458 5187
1459 5458
1460 5377
1461 5014
1462 10279
1463 4749
1464 5216
1465 5277
1466 4589
1467 5831
1468 5015
1469 6568
1470 4860
1471 5774
1472 5197
1473 5474
1474 5839
1475 5392
1476 5156
1477 5197
1478 5307
1479 5299
1480 6516
1481 5169
1482 5198
1483 5436
1484 6121
1485 5017
1486 6020
1487 5214
1488 5715
1489 5352
1490 5340
1491 5101
1492 6596
1493 4940
1494 5300
1495 5323
1496 5195
1497 5444
1498 5224
1499 5214
1500 5176
1501 5581
1502 5319
1503 5222
1504 5476
1505 5170
1506 5466
1507 5385
1508 5682
1509 5475
1510 5059
1511 7180
1512 5516
1513 5021
1514 4881
1515 4790
1516 4743
1517 5703
1518 5201
1519 5558
1520 5201
1521 4967
1522 4697
1523 5561
1524 5201
1525 5953
1526 4953
1527 5581
1528 5075
1529 5084
1530 6520
1531 4773
1532 4820
1533 6454
1534 4704
1535 5454
1536 5398
1537 4632
1538 4952
1539 5458
1540 5189
1541 5209
1542 5075
1543 5208
1544 5570
1545 5210
1546 4825
1547 4837
1548 5445
1549 4837
1550 5320
1551 5459
1552 4699
1553 5210
1554 5450
1555 6477
1556 5179
1557 6208
1558 4578
1559 4830
1560 5346
1561 5563
1562 5578
1563 5333
1564 4836
1565 5396
1566 4760
1567 4583
1568 5199
1569 5957
1570 5345
1571 4920
1572 5360
1573 4568
1574 5230
1575 4752
1576 4757
1577 5106
1578 4948
1579 4538
1580 5189
1581 5075
1582 4428
1583 5344
1584 5166
1585 5367
1586 5026
1587 4704
1588 4612
1589 6158
1590 5012
1591 4650
1592 4847
1593 4570
1594 4758
1595 5021
1596 5756
1597 4890
1598 5507
1599 4716
1600 5154
1601 5309
1602 5533
1603 4823
1604 4959
1605 4822
1606 5405
1607 5386
1608 4953
1609 6256
1610 5276
1611 4949
1612 5402
1613 5135
1614 4951
1615 4586
1616 4575
1617 5108
1618 5174
1619 5444
1620 5335
1621 5072
1622 4584
1623 4950
1624 5491
1625 5292
1626 5023
1627 5420
1628 7133
1629 4745
1630 5195
1631 5094
1632 5568
1633 4958
1634 4694
1635 4744
1636 5307
1637 5697
1638 4441
1639 4582
1640 5824
1641 4951
1642 4705
1643 -995419
1644 4712
1645 4576
1646 5341
1647 5132
1648 4772
1649 5336
1650 5445
1651 5087
1652 4591
1653 4807
1654 4842
1655 6085
1656 4559
1657 5089
1658 5664
1659 4738
1660 4757
1661 5773
1662 4696
1663 5520
1664 4747
1665 5583
1666 6823
1667 4741
1668 6067
1669 5085
1670 4702
1671 5362
1672 4527
1673 5483
1674 5795
1675 4850
1676 5272
1677 5559
1678 4656
1679 4768
1680 5487
1681 5376
1682 5446
1683 4971
1684 6081
1685 4756
1686 5772
1687 5950
1688 4960
1689 5215
1690 6005
1691 4692
1692 5058
1693 5481
1694 5541
1695 5135
1696 4459
1697 5323
1698 5467
1699 4839
1700 5200
1701 5090
1702 5230
1703 5443
1704 4714
1705 5603
1706 5127
1707 6036
1708 4959
1709 4711
1710 5213
1711 5712
1712 5471
1713 4592
1714 5077
1715 4575
1716 5214
1717 5338
1718 4991
1719 4685
1720 5962
1721 4967
1722 6526
1723 5023
1724 4964
1725 5708
1726 6340
1727 5904
1728 5771
1729 5336
1730 4963
1731 4968
1732 4732
1733 5434
1734 5209
1735 4837
1736 4714
1737 6087
1738 5214
1739 5019
1740 6157
1741 4586
1742 4790
1743 5827
1744 5020
1745 6706
1746 5216
1747 4457
1748 4714
1749 4716
1750 5209
1751 4724
1752 4705
1753 5202
1754 5967
1755 4833
1756 5088
1757 5212
1758 4592
1759 4834
1760 5088
1761 4587
1762 4846
1763 5641
1764 5149
1765 7485
1766 4444
1767 5959
1768 4588
1769 4775
1770 4903
1771 5346
1772 4576
1773 4588
1774 5588
1775 7403
1776 4771
1777 5086
1778 4715
1779 5587
1780 5340
1781 5341
1782 4582
1783 5336
1784 4837
1785 5965
1786 6535
1787 4767
1788 4587
1789 4712
1790 4973
1791 4701
1792 5211
1793 5211
1794 4915
1795 4889
1796 5031
1797 4895
1798 4588
1799 4440
1800 5226
1801 5201
1802 4951
1803 5485
1804 5275
1805 6462
1806 5213
1807 4718
1808 5085
1809 4842
1810 4725
1811 5062
1812 5084
1813 5708
1814 4646
1815 4841
1816 5034
1817 5190
1818 4570
1819 5840
1820 5001
1821 5207
1822 4800
1823 4967
1824 4711
1825 6088
1826 5628
1827 4675
1828 5380
1829 5848
1830 4658
1831 4587
1832 4714
1833 4843
1834 -995166
1835 5588
1836 6085
1837 4589
1838 5087
1839 5345
1840 5080
1841 4462
1842 5838
1843 5837
1844 6089
1845 5589
1846 4713
1847 4589
1848 4972
1849 4835
1850 5701
1851 5713
1852 4589
1853 4962
1854 4839
1855 4713
1856 5218
1857 4961
1858 5470
1859 5078
1860 4838
1861 4836
1862 5838
1863 5352
1864 5723
1865 4581
1866 5584
1867 6244
1868 5934
1869 5076
1870 4703
1871 5216
1872 4834
1873 4838
1874 5275
1875 5025
1876 4715
1877 5720
1878 4953
1879 4839
1880 4711
1881 4843
1882 5841
1883 6417
1884 5509
1885 6210
1886 5224
1887 4588
1888 4760
1889 5275
1890 5089
1891 4590
1892 5833
1893 5466
1894 5588
1895 5588
1896 4721
1897 5576
1898 4840
1899 4982
1900 4820
1901 5444
1902 4588
1903 7089
1904 4589
1905 4595
1906 4645
1907 5145
1908 4835
1909 5215
1910 5405
1911 4772
1912 5336
1913 4591
1914 5715
1915 4617
1916 5181
1917 5075
1918 4724
1919 5578
1920 4582
1921 5640
1922 4904
1923 5828
1924 4582
1925 4845
1926 5334
1927 5077
1928 4841
1929 5615
1930 4806
1931 5212
1932 4959
1933 4588
1934 5220
1935 4835
1936 5087
1937 5350
1938 4940
1939 4586
1940 4666
1941 5266
1942 4596
1943 6815
1944 5222
1945 5080
1946 4877
1947 5179
1948 5444
1949 4658
1950 5209
1951 4773
1952 4962
1953 5089
1954 4970
1955 7189
1956 4607
1957 5586
1958 5339
1959 4839
1960 4838
1961 4587
1962 6345
1963 4891
1964 4905
1965 5082
1966 5084
1967 4713
1968 6214
1969 4466
1970 5459
1971 4839
1972 5594
1973 5242
1974 4931
1975 5581
1976 5929
1977 6461
1978 4588
1979 4965
1980 4899
1981 5281
1982 6548
1983 4810
1984 5392
1985 4713
1986 5215
1987 4591
1988 4838
1989 6155
1990 4837
1991 4783
1992 5584
1993 5324
1994 4964
1995 4838
1996 4590
1997 5232
1998 5072
1999 4963
2000 6462
2001 6684
2002 5202
2003 4805
2004 4768
2005 5030
2006 4963
2007 4595
2008 5336
2009 4775
2010 5150
2011 4715
2012 5465
2013 4587
2014 5089
2015 4839
2016 6214
2017 4777
2018 5776
2019 4964
2020 5089
2021 6215
2022 5586
2023 5462
2024 4714
2025 5213
2026 -994161
2027 4711
2028 5589
2029 5588
2030 5321
2031 5230
2032 6029
2033 5468
2034 4646
2035 4593
2036 5461
2037 4650
2038 4902
2039 5464
2040 6467
2041 5835
2042 5087
2043 5731
2044 5193
2045 5334
2046 5840
2047 5983
2048 4813
2049 4968
2050 4836
2051 5091
2052 4583
2053 5215
2054 5211
2055 5657
2056 4777
2057 4587
2058 5518
2059 6155
2060 4965
2061 5210
2062 4587
2063 4593
2064 6279
2065 4771
2066 5485
2067 4818
2068 5463
2069 4968
2070 5276
2071 5523
2072 4837
2073 4588
2074 5216
2075 5085
2076 5346
2077 5834
2078 5214
2079 6842
2080 4831
2081 5215
2082 4963
2083 4710
2084 5588
2085 4842
2086 4961
2087 5714
2088 4842
2089 5210
2090 4977
2091 4573
2092 4965
2093 5708
2094 5027
2095 4902
2096 5108
2097 5076
2098 5199
2099 6338
2100 5089
2101 5090
2102 4945
2103 4967
2104 5586
2105 5464
2106 5092
2107 5456
2108 4842
2109 4712
2110 4839
2111 5713
2112 4929
2113 4588
2114 5589
2115 5338
2116 5348
2117 5202
2118 5903
2119 4774
2120 5460
2121 6408
2122 5214
2123 4900
2124 5086
2125 4891
2126 5656
2127 5778
2128 5458
2129 5407
2130 4462
2131 5398
2132 4904
2133 5089
2134 4965
2135 4849
2136 4951
2137 6713
2138 5085
2139 4844
2140 4586
2141 4588
2142 5213
2143 5213
2144 5448
2145 4708
2146 5327
2147 5089
2148 5839
2149 5214
2150 5340
2151 4712
2152 5589
2153 5714
2154 5091
2155 4583
2156 5713
2157 5964
2158 5090
2159 5321
2160 5662
2161 5265
2162 4711
2163 4976
2164 4698
2165 4588
2166 5340
2167 4591
2168 5208
2169 4584
2170 5184
2171 4730
2172 4647
2173 4714
2174 4841
2175 4834
2176 5400
2177 6282
2178 4836
2179 5338
2180 5214
2181 4613
2182 5628
2183 4758
2184 4663
2185 4645
2186 4580
2187 4966
2188 4595
2189 4752
2190 5414
2191 4463
2192 5333
2193 5226
2194 5262
2195 5077
2196 4906
2197 6713
2198 4953
2199 5230
2200 5827
2201 4950
2202 5093
2203 5340
2204 4951
2205 4963
2206 4592
2207 4710
2208 5597
2209 5735
2210 5057
2211 4960
2212 5856
2213 4961
2214 5315
2215 4898
2216 5148
2217 -993738
2218 4702
2219 5299
2220 4955
2221 5576
2222 5088
2223 5024
2224 4773
2225 4850
2226 5209
2227 5201
2228 4708
2229 4593
2230 5335
2231 4966
2232 4905
2233 4890
2234 7287
2235 4901
2236 5968
2237 5396
2238 4773
2239 4589
2240 5338
2241 4592
2242 4579
2243 5089
2244 5338
2245 4586
2246 6967
2247 4729
2248 4699
2249 5330
2250 6219
2251 4834
2252 4712
2253 5236
2254 5939
2255 4842
2256 6083
2257 4589
2258 4967
2259 4585
2260 4964
2261 5337
2262 5100
2263 5576
2264 4712
2265 5720
2266 4965
2267 5271
2268 5397
2269 4962
2270 5470
2271 5335
2272 4707
2273 5712
2274 5594
2275 4593
2276 5953
2277 5493
2278 5464
2279 5682
2280 5103
2281 4706
2282 5573
2283 4589
2284 4954
2285 5348
2286 4586
2287 4597
2288 4583
2289 5100
2290 4693
2291 5213
2292 4843
2293 4732
2294 5193
2295 5214
2296 7088
2297 5718
2298 4783
2299 5011
2300 4599
2301 4822
2302 4720
2303 5459
2304 6272
2305 4657
2306 5590
2307 5211
2308 4714
2309 5214
2310 4959
2311 5086
2312 4841
2313 4965
2314 5281
2315 5898
2316 5093
2317 4952
2318 4744
2319 4809
2320 4590
2321 4712
2322 5089
2323 4870
2324 5058
2325 4588
2326 4978
2327 5367
2328 4683
2329 5201
2330 4948
2331 6215
2332 4464
2333 5335
2334 5215
2335 7641
2336 4911
2337 5986
2338 5192
2339 5215
2340 4588
2341 5727
2342 4571
2343 4708
2344 5277
2345 4525
2346 4723
2347 4958
2348 5223
2349 4575
2350 5593
2351 4721
2352 4571
2353 5344
2354 5332
2355 6839
2356 6345
2357 4955
2358 6085
2359 5705
2360 4839
2361 5218
2362 5206
2363 5588
2364 4601
2365 5201
2366 5288
2367 5385
2368 5589
2369 4842
2370 4705
2371 6215
2372 5587
2373 4715
2374 6527
2375 4645
2376 7279
2377 5397
2378 4964
2379 5206
2380 4720
2381 6154
2382 4705
2383 5518
2384 5090
2385 4963
2386 4584
2387 4716
2388 5214
2389 5090
2390 5209
2391 5466
2392 5712
2393 7660
2394 5263
2395 4842
2396 5211
2397 4713
2398 4836
2399 4841
2400 5463
2401 5965
2402 4715
2403 4957
2404 4840
2405 5584
2406 4849
2407 4577
2408 -994036
2409 5238
2410 5246
2411 4903
2412 6851
2413 5322
2414 5603
2415 5069
2416 6281
2417 4830
2418 5156
2419 4464
2420 5214
2421 4874
2422 5817
2423 5447
2424 4924
2425 4715
2426 5588
2427 5212
2428 4587
2429 5091
2430 4784
2431 4896
2432 5711
2433 6261
2434 4791
2435 5088
2436 5086
2437 5217
2438 4989
2439 4932
2440 5620
2441 5368
2442 4772
2443 5217
2444 4705
2445 5337
2446 5651
2447 5022
2448 4840
2449 5338
2450 4713
2451 5716
2452 4587
2453 5589
2454 4464
2455 4550
2456 5587
2457 5158
2458 5395
2459 5215
2460 4588
2461 5598
2462 4700
2463 4715
2464 4455
2465 4589
2466 4964
2467 5549
2468 4589
2469 6214
2470 5386
2471 6297
2472 5207
2473 5215
2474 4964
2475 5091
2476 4840
2477 4960
2478 4965
2479 5534
2480 5393
2481 5090
2482 4963
2483 4588
2484 4839
2485 4589
2486 4964
2487 5071
2488 4965
2489 5464
2490 4593
2491 6333
2492 4652
2493 5404
2494 6085
2495 4714
2496 5340
2497 5090
2498 4585
2499 5354
2500 4581
2501 5330
2502 4711
2503 4714
2504 4718
2505 5466
2506 5335
2507 5090
2508 4963
2509 5589
2510 4837
2511 6964
2512 4715
2513 4713
2514 4965
2515 5209
2516 5276
2517 5662
2518 5205
2519 4852
2520 4945
2521 4777
2522 4900
2523 4714
2524 5368
2525 5310
2526 4588
2527 4590
2528 6023
2529 5905
2530 6715
2531 4702
2532 4587
2533 4844
2534 5336
2535 5588
2536 4843
2537 5090
2538 5080
2539 5033
2540 4769
2541 5335
2542 5212
2543 4586
2544 4719
2545 5211
2546 4587
2547 4771
2548 5029
2549 4874
2550 4657
2551 5727
2552 4698
2553 4460
2554 5712
2555 4737
2556 4691
2557 5337
2558 5091
2559 4713
2560 5209
2561 4717
2562 4959
2563 4965
2564 4712
2565 5405
2566 4648
2567 4709
2568 5036
2569 4893
2570 5327
2571 6224
2572 4957
2573 4832
2574 4834
2575 4972
2576 6207
2577 4894
2578 4723
2579 5154
2580 5953
2581 5338
2582 4586
2583 4840
2584 4596
2585 4954
2586 4843
2587 5381
2588 4541
2589 5467
2590 4712
2591 5643
2592 5153
2593 5589
2594 4965
2595 5964
2596 4714
2597 4776
2598 5717
2599 4651
2600 5328
2601 4590
2602 -995411
2603 5051
2604 5254
2605 4586
2606 4899
2607 4783
2608 4590
2609 4958
2610 5091
2611 5968
2612 4585
2613 4715
2614 5338
2615 4841
2616 5275
2617 4898
2618 5089
2619 4839
2620 6086
2621 5028
2622 5588
2623 5334
2624 4651
2625 4714
2626 5191
2627 4805
2628 6583
2629 5214
2630 4586
2631 6467
2632 5226
2633 4705
2634 5331
2635 5318
2636 5493
2637 5667
2638 4568
2639 5244
2640 4812
2641 4638
2642 4957
2643 4595
2644 4585
2645 4952
2646 5210
2647 4776
2648 4903
2649 5344
2650 6085
2651 5605
2652 4763
2653 4773
2654 5213
2655 5696
2656 4875
2657 4569
2658 4837
2659 5092
2660 4808
2661 5960
2662 4589
2663 5087
2664 5344
2665 4711
2666 6339
2667 5460
2668 5595
2669 6273
2670 6403
2671 5394
2672 5037
2673 4582
2674 4837
2675 4721
2676 4580
2677 4961
2678 4719
2679 5397
2680 4778
2681 4588
2682 5776
2683 4776
2684 4715
2685 5589
2686 5861
2687 5029
2688 5594
2689 5083
2690 6964
2691 4533
2692 4663
2693 4819
2694 5775
2695 4654
2696 5459
2697 4839
2698 4713
2699 4589
2700 4714
2701 4839
2702 4589
2703 4716
2704 5144
2705 4783
2706 5213
2707 5397
2708 4905
2709 5462
2710 6906
2711 4649
2712 5713
2713 4590
2714 4602
2715 4694
2716 5592
2717 4460
2718 6339
2719 5463
2720 5091
2721 4587
2722 4715
2723 5219
2724 6084
2725 5088
2726 4839
2727 5217
2728 4954
2729 4597
2730 6077
2731 5596
2732 5086
2733 4602
2734 4568
2735 5217
2736 5189
2737 5149
2738 5267
2739 4459
2740 4578
2741 5900
2742 5646
2743 4718
2744 4704
2745 4933
2746 4886
2747 4925
2748 5767
2749 4904
2750 5580
2751 4798
2752 5706
2753 5247
2754 5227
2755 4654
2756 5338
2757 4828
2758 5014
2759 4851
2760 5019
2761 5237
2762 4853
2763 4787
2764 5449
2765 5623
2766 4932
2767 6097
2768 4947
2769 5722
2770 4442
2771 5101
2772 4581
2773 5201
2774 4591
2775 5468
2776 4957
2777 6341
2778 4736
2779 4927
2780 4593
2781 5398
2782 4760
2783 5960
2784 4824
2785 5966
2786 5208
2787 5496
2788 5183
2789 6839
2790 5577
2791 5210
2792 5208
2793 5962
2794 -994465
2795 4758
2796 5830
2797 5010
2798 5788
2799 4904
2800 4643
2801 5331
2802 5095
2803 5006
2804 4657
2805 4729
2806 5074
2807 5353
2808 7188
2809 4751
2810 5191
2811 5313
2812 4972
2813 5218
2814 5222
2815 5449
2816 5336
2817 4607
2818 4747
2819 5660
2820 5003
2821 4773
2822 5148
2823 5983
2824 4753
2825 6022
2826 4778
2827 7093
2828 5149
2829 4754
2830 4846
2831 4744
2832 4665
2833 4689
2834 5576
2835 5444
2836 4598
2837 4702
2838 5203
2839 5873
2840 4923
2841 5455
2842 5847
2843 6000
2844 5402
2845 4838
2846 5097
2847 5811
2848 5592
2849 6017
2850 4950
2851 5141
2852 5488
2853 5054
2854 4593
2855 5208
2856 5193
2857 4572
2858 4735
2859 4711
2860 4438
2861 4574
2862 5318
2863 5265
2864 5094
2865 5353
2866 7317
2867 5836
2868 5785
2869 4942
2870 4964
2871 5977
2872 4885
2873 4543
2874 5158
2875 5075
2876 4947
2877 5642
2878 4737
2879 5148
2880 4340
2881 4690
2882 5589
2883 4980
2884 5110
2885 5271
2886 5934
2887 5271
2888 5159
2889 4535
2890 6771
2891 5113
2892 5377
2893 5484
2894 5743
2895 4977
2896 4608
2897 4545
2898 5079
2899 5216
2900 4927
2901 4881
2902 4957
2903 5081
2904 5034
2905 5611
2906 5163
2907 4640
2908 5044
2909 4713
2910 4940
2911 5326
2912 5779
2913 5023
2914 5652
2915 4812
2916 4685
2917 5744
2918 4700
2919 4949
2920 5322
2921 4834
2922 4776
2923 5939
2924 5074
2925 6392
2926 4832
2927 5320
2928 4815
2929 6074
2930 4712
2931 5198
2932 4587
2933 5192
2934 5716
2935 4570
2936 4600
2937 6255
2938 5334
2939 4693
2940 4769
2941 6824
2942 5397
2943 5270
2944 5689
2945 4708
2946 6206
2947 5583
2948 5439
2949 4588
2950 4691
2951 5369
2952 5201
2953 4855
2954 5400
2955 4921
2956 5330
2957 5703
2958 4906
2959 5695
2960 5189
2961 4903
2962 5056
2963 6463
2964 4597
2965 5180
2966 5326
2967 5719
2968 5686
2969 5209
2970 4832
2971 5426
2972 4592
2973 4696
2974 5209
2975 4834
2976 4944
2977 4835
2978 5436
2979 5467
2980 4828
2981 5472
2982 4809
2983 5714
2984 -994757
2985 5787
2986 5325
2987 4598
2988 4679
2989 5071
2990 4937
2991 5085
2992 4959
2993 5444
2994 5967
2995 5265
2996 4754
2997 5335
2998 4709
2999 4697
3000 5330
3001 4711
3002 4828
3003 6278
3004 4770
3005 5075
3006 4832
3007 5775
3008 4898
3009 5445
3010 6080
3011 5208
3012 4578
3013 4769
3014 4809
3015 4679
3016 5567
3017 4830
3018 4707
3019 5444
3020 4706
3021 6125
3022 5787
3023 4833
3024 5503
3025 4661
3026 5208
3027 4716
3028 4702
3029 4701
3030 4583
3031 6144
3032 4896
3033 4957
3034 4831
3035 4581
3036 4707
3037 5458
3038 4583
3039 4582
3040 4956
3041 4958
3042 5065
3043 5975
3044 6335
3045 4832
3046 5582
3047 4830
3048 5201
3049 4621
3050 4923
3051 5188
3052 4584
3053 4580
3054 4826
3055 5085
3056 5082
3057 4572
3058 5082
3059 4970
3060 5185
3061 4831
3062 5369
3063 5913
3064 5076
3065 4785
3066 4881
3067 4828
3068 4820
3069 5214
3070 4713
3071 5502
3072 4497
3073 4782
3074 4836
3075 5271
3076 4949
3077 5079
3078 4591
3079 5816
3080 5189
3081 4709
3082 4758
3083 5905
3084 6086
3085 5693
3086 5094
3087 4826
3088 4828
3089 5020
3090 4934
3091 4517
3092 5215
3093 5076
3094 4974
3095 5325
3096 4970
3097 4578
3098 5223
3099 5448
3100 4472
3101 4828
3102 4464
3103 6461
3104 5216
3105 4651
3106 5531
3107 5073
3108 4839
3109 5589
3110 5213
3111 4963
3112 4714
3113 4589
3114 4596
3115 4828
3116 4858
3117 5056
3118 5273
3119 5195
3120 4820
3121 4957
3122 4686
3123 5713
3124 4582
3125 4576
3126 5338
3127 5706
3128 5092
3129 5578
3130 4729
3131 4793
3132 5247
3133 4581
3134 5076
3135 5216
3136 4714
3137 5456
3138 5343
3139 4941
3140 5014
3141 5281
3142 5468
3143 6445
3144 4587
3145 4808
3146 5195
3147 5496
3148 5059
3149 4711
3150 4837
3151 5463
3152 5409
3153 5521
3154 4584
3155 5159
3156 4647
3157 5757
3158 5916
3159 4593
3160 5318
3161 4713
3162 4713
3163 5340
3164 6258
3165 5291
3166 6023
3167 5279
3168 5210
3169 5219
3170 5213
3171 4465
3172 4710
3173 4714
3174 5214
3175 4551
3176 5531
3177 4644
3178 5859
3179 -993560
3180 5090
3181 4585
3182 6213
3183 4722
3184 6037
3185 4840
3186 4963
3187 4696
3188 4715
3189 4587
3190 5837
3191 4803
3192 5088
3193 5465
3194 5465
3195 6087
3196 4969
3197 4958
3198 4589
3199 5090
3200 5716
3201 4586
3202 5777
3203 5028
3204 5205
3205 4714
3206 4964
3207 5585
3208 4718
3209 5338
3210 5220
3211 4834
3212 4713
3213 4847
3214 6202
3215 4975
3216 4825
3217 5592
3218 4582
3219 4717
3220 4816
3221 4733
3222 6470
3223 4954
3224 5342
3225 4729
3226 5194
3227 5273
3228 5277
3229 5215
3230 4587
3231 4792
3232 5265
3233 5336
3234 4713
3235 5225
3236 4698
3237 4716
3238 4713
3239 5843
3240 5210
3241 4712
3242 6345
3243 4880
3244 5669
3245 5575
3246 5093
3247 4953
3248 5841
3249 5205
3250 5092
3251 5330
3252 4965
3253 4778
3254 5697
3255 4850
3256 4650
3257 5340
3258 4841
3259 4708
3260 5736
3261 6323
3262 4953
3263 4715
3264 5839
3265 5465
3266 5588
3267 4972
3268 4579
3269 5463
3270 6214
3271 5214
3272 4586
3273 5591
3274 5212
3275 5212
3276 6089
3277 5401
3278 5656
3279 5090
3280 5703
3281 4793
3282 4767
3283 4578
3284 5213
3285 5910
3286 4648
3287 5702
3288 5091
3289 5333
3290 4717
3291 5020
3292 5904
3293 5211
3294 5590
3295 5088
3296 5713
3297 5714
3298 5363
3299 6433
3300 4591
3301 4587
3302 4588
3303 5214
3304 5398
3305 5530
3306 5463
3307 5338
3308 4962
3309 4591
3310 4595
3311 4993
3312 5151
3313 5339
3314 5590
3315 7241
3316 5059
3317 4857
3318 5054
3319 5835
3320 4714
3321 5405
3322 5147
3323 5400
3324 5151
3325 5715
3326 5658
3327 5833
3328 4964
3329 4772
3330 4591
3331 4713
3332 4816
3333 5216
3334 4587
3335 4588
3336 4717
3337 4841
3338 5226
3339 5696
3340 4537
3341 4586
3342 5590
3343 5213
3344 4959
3345 4962
3346 5089
3347 4694
3348 5757
3349 5191
3350 5463
3351 4837
3352 5711
3353 5468
3354 5211
3355 6090
3356 6061
3357 5201
3358 6215
3359 5910
3360 4644
3361 4959
3362 4715
3363 5340
3364 4823
3365 5227
3366 5215
3367 5088
3368 5117
3369 5433
3370 -995416
3371 4722
3372 5082
3373 4585
3374 4773
3375 6281
3376 4954
3377 5212
3378 5842
3379 5211
3380 4589
3381 4839
3382 4476
3383 4822
3384 4846
3385 5203
3386 4852
3387 4997
3388 4905
3389 4577
3390 4589
3391 5275
3392 4926
3393 5688
3394 5382
3395 4915
3396 5462
3397 5958
3398 5467
3399 5555
3400 4995
3401 5585
3402 4828
3403 5101
3404 4828
3405 5078
3406 5467
3407 5204
3408 4585
3409 4895
3410 6090
3411 4767
3412 4594
3413 4703
3414 5216
3415 6332
3416 4713
3417 5841
3418 5215
3419 4778
3420 4774
3421 4587
3422 5090
3423 4711
3424 5532
3425 5141
3426 5215
3427 5350
3428 5200
3429 5078
3430 4841
3431 5145
3432 5021
3433 6041
3434 5138
3435 5082
3436 4578
3437 7085
3438 4836
3439 5360
3440 5565
3441 4953
3442 4773
3443 4659
3444 4581
3445 4959
3446 4592
3447 4578
3448 4588
3449 5417
3450 5590
3451 6215
3452 4963
3453 4459
3454 4724
3455 5573
3456 5703
3457 6715
3458 6586
3459 4838
3460 4585
3461 5654
3462 4959
3463 5272
3464 5340
3465 4668
3466 5817
3467 4895
3468 4679
3469 6175
3470 4652
3471 4582
3472 5333
3473 6654
3474 5281
3475 5817
3476 5965
3477 4853
3478 5570
3479 5371
3480 4930
3481 4976
3482 5448
3483 5354
3484 4679
3485 4593
3486 4958
3487 4963
3488 5088
3489 4589
3490 5095
3491 5221
3492 5199
3493 5705
3494 4856
3495 4816
3496 5344
3497 4950
3498 4705
3499 4721
3500 5087
3501 5579
3502 4843
3503 5650
3504 5010
3505 4971
3506 5758
3507 4531
3508 6197
3509 5082
3510 4593
3511 5213
3512 4731
3513 5323
3514 4807
3515 6462
3516 5693
3517 4636
3518 4713
3519 4924
3520 4846
3521 4808
3522 5727
3523 4606
3524 5159
3525 5245
3526 4942
3527 4714
3528 5133
3529 5030
3530 4969
3531 4928
3532 5354
3533 4593
3534 5384
3535 6284
3536 4930
3537 5079
3538 5034
3539 5520
3540 5226
3541 4695
3542 4456
3543 4591
3544 5980
3545 4916
3546 4823
3547 5097
3548 5478
3549 5067
3550 4584
3551 4709
3552 5087
3553 4588
3554 4840
3555 5088
3556 6088
3557 4714
3558 5195
3559 5285
3560 5031
3561 4784
3562 5021
3563 -995418
3564 4705
3565 5715
3566 5470
3567 5326
3568 4974
3569 5200
3570 5087
3571 5214
3572 5348
3573 5705
3574 4962
3575 7145
3576 4781
3577 5070
3578 5191
3579 5647
3580 4705
3581 5640
3582 4472
3583 4758
3584 5658
3585 6282
3586 5231
3587 4894
3588 5286
3589 5298
3590 4547
3591 5354
3592 4915
3593 5435
3594 6440
3595 5062
3596 4727
3597 4792
3598 4825
3599 4675
3600 4521
3601 5226
3602 6153
3603 5440
3604 4591
3605 4655
3606 5759
3607 4890
3608 5207
3609 5210
3610 4522
3611 4588
3612 4722
3613 5252
3614 4600
3615 7182
3616 4678
3617 4823
3618 4845
3619 4439
3620 5463
3621 5250
3622 4724
3623 4538
3624 4861
3625 4506
3626 4989
3627 5654
3628 5032
3629 5176
3630 4821
3631 4676
3632 4395
3633 6797
3634 6517
3635 4869
3636 5606
3637 6509
3638 4795
3639 4791
3640 5084
3641 5079
3642 4590
3643 4622
3644 5406
3645 5438
3646 5173
3647 4771
3648 4969
3649 7666
3650 5688
3651 5425
3652 5415
3653 5802
3654 4434
3655 4836
3656 4986
3657 5110
3658 5424
3659 4781
3660 5675
3661 4966
3662 5301
3663 4800
3664 4577
3665 4678
3666 4823
3667 5573
3668 4587
3669 4686
3670 4756
3671 5019
3672 4713
3673 5947
3674 5016
3675 4755
3676 5455
3677 6448
3678 4449
3679 4696
3680 4621
3681 4526
3682 4688
3683 5054
3684 5101
3685 4929
3686 4835
3687 4879
3688 5031
3689 4948
3690 5269
3691 5008
3692 4700
3693 5693
3694 6031
3695 4933
3696 5016
3697 4941
3698 4960
3699 4937
3700 4583
3701 5121
3702 4700
3703 4921
3704 6488
3705 5013
3706 5087
3707 4829
3708 4971
3709 4851
3710 4871
3711 5772
3712 5589
3713 6837
3714 5608
3715 5366
3716 4915
3717 5214
3718 4819
3719 4707
3720 4716
3721 4844
3722 4952
3723 4826
3724 5354
3725 4815
3726 4721
3727 5919
3728 4625
3729 4710
3730 5458
3731 4720
3732 6328
3733 5451
3734 4961
3735 4720
3736 6077
3737 5460
3738 4464
3739 4703
3740 5586
3741 4704
3742 4969
3743 5064
3744 6541
3745 4632
3746 4589
3747 4959
3748 4593
3749 4580
3750 5090
3751 5148
3752 5401
3753 6085
3754 4964
3755 -995415
3756 4583
3757 5210
3758 4712
3759 6015
3760 4797
3761 4695
3762 5092
3763 5209
3764 4838
3765 6975
3766 5194
3767 4765
3768 5035
3769 5628
3770 5043
3771 5521
3772 5776
3773 4595
3774 5207
3775 4837
3776 5078
3777 4722
3778 4702
3779 5094
3780 4828
3781 5843
3782 5329
3783 5218
3784 4705
3785 4611
3786 4696
3787 5832
3788 4952
3789 4997
3790 5553
3791 6670
3792 6125
3793 5741
3794 5464
3795 4972
3796 5180
3797 4813
3798 5709
3799 5454
3800 5323
3801 6268
3802 4670
3803 4566
3804 4584
3805 5205
3806 4591
3807 5962
3808 4584
3809 4830
3810 5131
3811 6167
3812 4594
3813 5471
3814 4825
3815 5653
3816 5143
3817 5087
3818 4832
3819 4572
3820 5713
3821 4959
3822 5211
3823 5340
3824 5152
3825 4840
3826 6083
3827 4666
3828 5200
3829 4711
3830 4971
3831 7340
3832 4580
3833 4712
3834 5337
3835 5340
3836 4962
3837 5089
3838 4778
3839 4778
3840 5212
3841 4774
3842 5776
3843 5468
3844 4836
3845 4968
3846 4715
3847 4823
3848 5780
3849 5396
3850 6616
3851 4683
3852 5715
3853 4962
3854 5589
3855 4963
3856 5096
3857 5090
3858 5205
3859 5184
3860 4577
3861 5463
3862 5657
3863 5774
3864 5339
3865 4588
3866 4709
3867 4597
3868 5199
3869 4592
3870 6093
3871 4703
3872 5589
3873 4774
3874 4778
3875 4837
3876 4843
3877 5060
3878 4589
3879 4837
3880 4589
3881 4969
3882 4961
3883 4841
3884 5165
3885 4884
3886 4827
3887 4834
3888 5111
3889 6313
3890 7664
3891 5759
3892 5339
3893 5338
3894 4715
3895 5483
3896 5161
3897 4827
3898 4901
3899 4650
3900 4719
3901 5076
3902 4705
3903 4963
3904 4841
3905 4952
3906 4842
3907 5342
3908 4950
3909 6252
3910 6040
3911 4588
3912 4591
3913 4901
3914 5031
3915 4958
3916 4966
3917 5209
3918 4972
3919 5208
3920 5336
3921 4588
3922 4594
3923 4711
3924 5341
3925 4926
3926 5250
3927 4721
3928 5504
3929 4652
3930 6464
3931 4837
3932 5472
3933 5751
3934 4792
3935 5839
3936 4861
3937 5316
3938 5603
3939 5506
3940 4786
3941 4890
3942 5035
3943 5088
3944 4833
3945 4844
3946 4710
3947 5336
3948 -994846
3949 4648
3950 5837
3951 5587
3952 4713
3953 5841
3954 5963
3955 4711
3956 4966
3957 4837
3958 5219
3959 4961
3960 5094
3961 4852
3962 4943
3963 5448
3964 4851
3965 4954
3966 5383
3967 6288
3968 5588
3969 5694
3970 5221
3971 4593
3972 4698
3973 5087
3974 5644
3975 4935
3976 4930
3977 5090
3978 5506
3979 5035
3980 5588
3981 4854
3982 4953
3983 5828
3984 4714
3985 5092
3986 5337
3987 4959
3988 4747
3989 6622
3990 5323
3991 5538
3992 4597
3993 5202
3994 4593
3995 4705
3996 5781
3997 4775
3998 4856
3999 4819
4000 5082
4001 4455
4002 4965
4003 4686
4004 5262
4005 4648
4006 4589
4007 5336
4008 4842
4009 5826
4010 4964
4011 5090
4012 5210
4013 4716
4014 4591
4015 4584
4016 4590
4017 4962
4018 4590
4019 4723
4020 5332
4021 4577
4022 5397
4023 5966
4024 5652
4025 5124
4026 5162
4027 5585
4028 5461
4029 5834
4030 4974
4031 5257
4032 5529
4033 5372
4034 5053
4035 4713
4036 5402
4037 5214
4038 4662
4039 4711
4040 5200
4041 4585
4042 4615
4043 4565
4044 5203
4045 5522
4046 4777
4047 5962
4048 4597
4049 5699
4050 4840
4051 4701
4052 5339
4053 5384
4054 4786
4055 5213
4056 5595
4057 4578
4058 5215
4059 4585
4060 6028
4061 5157
4062 5731
4063 5314
4064 4958
4065 4701
4066 5589
4067 5715
4068 6338
4069 4846
4070 4578
4071 5593
4072 5460
4073 5215
4074 5353
4075 4574
4076 6211
4077 5216
4078 4704
4079 4840
4080 4586
4081 5469
4082 4829
4083 4782
4084 5017
4085 5341
4086 4712
4087 5960
4088 6217
4089 4462
4090 5398
4091 5143
4092 4588
4093 5222
4094 5327
4095 5214
4096 4463
4097 5962
4098 4965
4099 4899
4100 5965
4101 4903
4102 4615
4103 4685
4104 5324
4105 4968
4106 5208
4107 4899
4108 6029
4109 4589
4110 4732
4111 5321
4112 4843
4113 4834
4114 4712
4115 4838
4116 4964
4117 4840
4118 5840
4119 5251
4120 5302
4121 4708
4122 5462
4123 4451
4124 4714
4125 4714
4126 4710
4127 4590
4128 7213
4129 5089
4130 5124
4131 4552
4132 5293
4133 5010
4134 5466
4135 5345
4136 4831
4137 5340
4138 6088
4139 4703
4140 4966
4141 -995402
4142 5371
4143 5465
4144 5039
4145 4568
4146 5220
4147 4450
4148 6610
4149 4821
4150 5327
4151 4822
4152 5087
4153 4667
4154 4764
4155 4964
4156 5404
4157 4521
4158 4713
4159 4968
4160 4710
4161 4774
4162 5031
4163 5363
4164 4991
4165 4525
4166 4838
4167 4967
4168 6482
4169 5192
4170 4624
4171 5360
4172 4906
4173 5838
4174 5326
4175 4839
4176 5356
4177 5055
4178 4838
4179 4594
4180 5460
4181 5463
4182 5218
4183 4827
4184 4970
4185 5842
4186 5081
4187 4836
4188 6228
4189 4818
4190 4593
4191 6027
4192 4647
4193 5095
4194 4958
4195 4714
4196 4835
4197 4969
4198 4896
4199 4648
4200 4644
4201 5529
4202 4852
4203 4982
4204 4975
4205 5289
4206 4799
4207 4749
4208 6607
4209 5784
4210 4830
4211 7713
4212 4597
4213 4579
4214 5556
4215 5434
4216 5217
4217 5276
4218 4910
4219 5348
4220 5303
4221 4826
4222 5458
4223 4964
4224 4595
4225 5457
4226 4852
4227 6445
4228 5153
4229 5148
4230 4590
4231 4588
4232 4592
4233 4585
4234 6070
4235 5109
4236 5213
4237 5399
4238 5285
4239 4956
4240 5463
4241 4713
4242 5967
4243 4848
4244 4703
4245 4839
4246 4838
4247 6340
4248 4837
4249 5085
4250 4587
4251 4574
4252 5587
4253 5214
4254 5546
4255 4758
4256 4829
4257 5087
4258 5350
4259 5203
4260 4592
4261 4706
4262 5588
4263 4705
4264 4842
4265 4703
4266 4970
4267 5455
4268 5102
4269 4826
4270 4723
4271 4822
4272 4848
4273 4575
4274 5222
4275 4960
4276 4578
4277 4715
4278 4840
4279 5438
4280 4585
4281 4594
4282 5460
4283 4711
4284 5708
4285 5344
4286 5018
4287 6405
4288 4589
4289 5210
4290 4835
4291 4702
4292 4910
4293 4766
4294 4771
4295 5262
4296 5346
4297 5211
4298 4708
4299 4460
4300 5275
4301 5281
4302 5994
4303 4685
4304 4571
4305 4966
4306 4709
4307 4965
4308 5833
4309 5465
4310 4585
4311 5340
4312 4961
4313 4989
4314 4683
4315 5091
4316 4709
4317 4839
4318 4733
4319 4687
4320 5382
4321 4774
4322 4833
4323 5220
4324 4955
4325 5090
4326 5336
4327 4715
4328 6208
4329 4842
4330 5458
4331 4839
4332 5209
4333 5217
4334 5144
4335 4661
4336 4575
4337 -994777
4338 4583
4339 5828
4340 4587
4341 4774
4342 5147
4343 5468
4344 4709
4345 4840
4346 4960
4347 4720
4348 6389
4349 5036
4350 4576
4351 5845
4352 4975
4353 5945
4354 4837
4355 4587
4356 4584
4357 5096
4358 4828
4359 5214
4360 4711
4361 5342
4362 5210
4363 5213
4364 4586
4365 5212
4366 5105
4367 5050
4368 6574
4369 5477
4370 4702
4371 5841
4372 4741
4373 5495
4374 5326
4375 4685
4376 5823
4377 4910
4378 5410
4379 5629
4380 4889
4381 5091
4382 4584
4383 4585
4384 4732
4385 4721
4386 4941
4387 4767
4388 5525
4389 4704
4390 4843
4391 5484
4392 6064
4393 5432
4394 4835
4395 4588
4396 5780
4397 4939
4398 5041
4399 4824
4400 5214
4401 5093
4402 4892
4403 5402
4404 5087
4405 4965
4406 5504
4407 5805
4408 4584
4409 5088
4410 5341
4411 4970
4412 4577
4413 4611
4414 4820
4415 4743
4416 4928
4417 4839
4418 4778
4419 5046
4420 4710
4421 4824
4422 5201
4423 5966
4424 4466
4425 5078
4426 5093
4427 5214
4428 5951
4429 5466
4430 4840
4431 4578
4432 6341
4433 4859
4434 4808
4435 4590
4436 4848
4437 6375
4438 4806
4439 4728
4440 6142
4441 4825
4442 4781
4443 4588
4444 4586
4445 5337
4446 6093
4447 6586
4448 4716
4449 5337
4450 4838
4451 4589
4452 4736
4453 6591
4454 4823
4455 5644
4456 5521
4457 5339
4458 5429
4459 5219
4460 4703
4461 5590
4462 4588
4463 6029
4464 5149
4465 5089
4466 4712
4467 5619
4468 5305
4469 5587
4470 4842
4471 5208
4472 5464
4473 4779
4474 5146
4475 5211
4476 4839
4477 5590
4478 5224
4479 5821
4480 4675
4481 5338
4482 5588
4483 5340
4484 5280
4485 4653
4486 5575
4487 4748
4488 4957
4489 4947
4490 4840
4491 5037
4492 5010
4493 4578
4494 5385
4495 4665
4496 5455
4497 5301
4498 4738
4499 5210
4500 7404
4501 4646
4502 5338
4503 5341
4504 5239
4505 4815
4506 5712
4507 4587
4508 5215
4509 4712
4510 4839
4511 5972
4512 4952
4513 4463
4514 5215
4515 4861
4516 5064
4517 6214
4518 4713
4519 4778
4520 5025
4521 4818
4522 4840
4523 4712
4524 4715
4525 5362
4526 6828
4527 4587
4528 5308
4529 5352
4530 -994304
4531 5712
4532 4615
4533 4535
4534 4774
4535 4836
4536 5093
4537 4709
4538 5218
4539 4460
4540 4965
4541 5147
4542 4967
4543 5028
4544 4962
4545 4772
4546 6030
4547 4961
4548 4966
4549 4964
4550 4680
4551 5092
4552 5082
4553 4590
4554 5366
4555 4811
4556 4751
4557 5049
4558 5342
4559 5644
4560 5168
4561 4729
4562 5047
4563 4943
4564 5098
4565 5169
4566 6628
4567 5160
4568 5083
4569 5079
4570 4846
4571 4577
4572 6344
4573 5086
4574 5332
4575 4460
4576 4470
4577 5202
4578 4951
4579 5329
4580 5591
4581 4951
4582 4949
4583 4761
4584 4803
4585 5791
4586 5838
4587 4734
4588 6179
4589 4714
4590 5090
4591 5197
4592 5216
4593 4705
4594 5591
4595 5084
4596 5215
4597 5333
4598 4704
4599 5340
4600 4586
4601 4592
4602 4713
4603 4962
4604 4897
4605 6657
4606 4899
4607 5026
4608 4716
4609 5085
4610 4959
4611 4587
4612 4714
4613 4591
4614 4587
4615 5275
4616 5023
4617 4594
4618 4584
4619 4715
4620 5087
4621 5213
4622 5216
4623 4961
4624 5587
4625 5841
4626 5961
4627 5459
4628 5781
4629 5799
4630 4555
4631 4713
4632 4587
4633 4965
4634 4594
4635 5459
4636 5152
4637 5028
4638 5834
4639 5109
4640 5186
4641 5716
4642 5212
4643 5840
4644 5461
4645 5711
4646 5781
4647 4521
4648 5218
4649 4956
4650 5273
4651 4902
4652 5338
4653 4713
4654 5589
4655 5464
4656 4713
4657 4836
4658 5279
4659 4526
4660 4966
4661 4705
4662 5338
4663 5623
4664 5368
4665 6330
4666 4526
4667 5215
4668 5332
4669 5212
4670 4716
4671 4586
4672 4715
4673 4714
4674 4553
4675 5089
4676 5335
4677 4715
4678 4591
4679 4835
4680 4713
4681 4838
4682 4589
4683 4962
4684 4778
4685 7525
4686 5025
4687 4905
4688 5211
4689 5209
4690 4836
4691 4714
4692 4962
4693 5159
4694 5134
4695 4845
4696 4832
4697 5336
4698 4586
4699 4841
4700 4956
4701 4842
4702 4954
4703 4846
4704 5769
4705 6278
4706 5226
4707 5692
4708 5325
4709 4721
4710 5578
4711 5341
4712 5531
4713 4772
4714 4577
4715 4590
4716 5347
4717 7226
4718 4957
4719 4585
4720 5902
4721 4762
4722 5459
4723 4731
4724 -994043
4725 5018
4726 4605
4727 4589
4728 4713
4729 5332
4730 4581
4731 4577
4732 4845
4733 4829
4734 5863
4735 5560
4736 5847
4737 4814
4738 5224
4739 4571
4740 5595
4741 5086
4742 4899
4743 5265
4744 6591
4745 5831
4746 6022
4747 4896
4748 4458
4749 5208
4750 4589
4751 4710
4752 5712
4753 4589
4754 4886
4755 5036
4756 4877
4757 5055
4758 5082
4759 4703
4760 4995
4761 4678
4762 5094
4763 4770
4764 5784
4765 4945
4766 4846
4767 4951
4768 4786
4769 4886
4770 4717
4771 5204
4772 4972
4773 5328
4774 5094
4775 5516
4776 4782
4777 4703
4778 5720
4779 5290
4780 4973
4781 5077
4782 5338
4783 5714
4784 5845
4785 5203
4786 5466
4787 5208
4788 4966
4789 4956
4790 5217
4791 4588
4792 4841
4793 4729
4794 5185
4795 4708
4796 4697
4797 5083
4798 5217
4799 4709
4800 5767
4801 5031
4802 5215
4803 5222
4804 6309
4805 5027
4806 4648
4807 4582
4808 4966
4809 5339
4810 4439
4811 5729
4812 4820
4813 4591
4814 4772
4815 5522
4816 5340
4817 4710
4818 4590
4819 4707
4820 6219
4821 5580
4822 4966
4823 4466
4824 5954
4825 5333
4826 5303
4827 4746
4828 5089
4829 4961
4830 4589
4831 5087
4832 4982
4833 4814
4834 4841
4835 4588
4836 5087
4837 5462
4838 4588
4839 5334
4840 5088
4841 5606
4842 4946
4843 4710
4844 6968
4845 5401
4846 4765
4847 5846
4848 5954
4849 5891
4850 4783
4851 5214
4852 5884
4853 5539
4854 4966
4855 5212
4856 5208
4857 4844
4858 4706
4859 4963
4860 4679
4861 5222
4862 4831
4863 7212
4864 4776
4865 4900
4866 4963
4867 4590
4868 5339
4869 4587
4870 4968
4871 4706
4872 4861
4873 4556
4874 4712
4875 4591
4876 4837
4877 5094
4878 4580
4879 4718
4880 5831
4881 5354
4882 4952
4883 5212
4884 6410
4885 4889
4886 5087
4887 4837
4888 4839
4889 5093
4890 4836
4891 5338
4892 4839
4893 4592
4894 4902
4895 5523
4896 4712
4897 5467
4898 4711
4899 5463
4900 4590
4901 4595
4902 4957
4903 5092
4904 6087
4905 5089
4906 4587
4907 5085
4908 5463
4909 5405
4910 5024
4911 4719
4912 4896
4913 4655
4914 5085
4915 5344
4916 4586
4917 4766
4918 4660
4919 -995412
4920 4969
4921 5214
4922 4832
4923 4872
4924 6175
4925 4465
4926 4580
4927 4844
4928 5405
4929 4640
4930 4715
4931 4774
4932 5655
4933 5463
4934 5203
4935 5601
4936 5080
4937 4956
4938 5210
4939 4465
4940 4831
4941 4845
4942 4826
4943 4718
4944 6086
4945 4960
4946 4718
4947 6401
4948 4768
4949 4773
4950 4788
4951 4596
4952 5011
4953 5891
4954 4461
4955 4719
4956 4953
4957 5065
4958 4741
4959 4831
4960 5035
4961 4889
4962 4846
4963 5274
4964 4640
4965 5841
4966 5091
4967 4730
4968 4686
4969 5049
4970 4627
4971 5719
4972 4700
4973 4967
4974 4835
4975 4706
4976 6715
4977 4591
4978 5327
4979 4622
4980 4628
4981 5013
4982 5332
4983 4961
4984 5329
4985 5582
4986 4844
4987 4750
4988 5413
4989 4827
4990 5840
4991 4965
4992 5829
4993 4588
4994 5213
4995 5089
4996 5338
4997 4592
4998 5767
4999 5227
5000 4774
5001 4949
5002 5838
5003 5377
5004 6298
5005 4591
5006 4577
5007 4698
5008 5026
5009 4773
5010 4578
5011 5361
5012 4690
5013 5586
5014 4575
5015 4839
5016 5216
5017 5210
5018 4715
5019 5966
5020 5077
5021 5324
5022 4853
5023 4845
5024 7401
5025 4644
5026 4866
5027 4810
5028 4839
5029 4713
5030 4713
5031 5281
5032 4776
5033 5159
5034 4892
5035 4842
5036 4825
5037 5510
5038 5032
5039 4855
5040 5195
5041 4750
5042 5455
5043 4940
5044 6083
5045 5448
5046 4718
5047 5468
5048 4456
5049 5093
5050 5336
5051 5212
5052 4578
5053 5223
5054 4701
5055 5041
5056 4758
5057 4722
5058 4709
5059 4704
5060 5401
5061 4773
5062 4466
5063 5208
5064 5465
5065 5966
5066 5214
5067 5704
5068 5574
5069 5133
5070 4789
5071 5341
5072 4711
5073 5083
5074 4636
5075 5158
5076 4834
5077 5471
5078 4582
5079 5258
5080 5416
5081 5082
5082 4966
5083 5078
5084 5827
5085 4973
5086 4707
5087 4585
5088 4582
5089 4850
5090 4580
5091 4629
5092 5033
5093 4723
5094 6205
5095 5078
5096 5219
5097 4955
5098 4595
5099 4959
5100 5329
5101 4462
5102 4964
5103 4832
5104 5465
5105 5838
5106 4963
5107 4833
5108 4715
5109 5459
5110 4841
5111 5584
5112 4468
5113 4965
5114 4705
5115 -995161
5116 5084
5117 5718
5118 4580
5119 4834
5120 6658
5121 5016
5122 4735
5123 4817
5124 4468
5125 6077
5126 5090
5127 5210
5128 5087
5129 5209
5130 4857
5131 4941
5132 4591
5133 6109
5134 4841
5135 4702
5136 4656
5137 4837
5138 4717
5139 5392
5140 4584
5141 5075
5142 5714
5143 5210
5144 4837
5145 6729
5146 5070
5147 4622
5148 5306
5149 4779
5150 4891
5151 4582
5152 4848
5153 4947
5154 5339
5155 4961
5156 4591
5157 4957
5158 4836
5159 4896
5160 5278
5161 4710
5162 4591
5163 5274
5164 4655
5165 6769
5166 5528
5167 4705
5168 4714
5169 4591
5170 5704
5171 4555
5172 5336
5173 4832
5174 5504
5175 4921
5176 5096
5177 5203
5178 4714
5179 4468
5180 4578
5181 5650
5182 5148
5183 5086
5184 5590
5185 6210
5186 4581
5187 4710
5188 4698
5189 4640
5190 5195
5191 5839
5192 4723
5193 5202
5194 4838
5195 5089
5196 4842
5197 4830
5198 4840
5199 6464
5200 5088
5201 4590
5202 5278
5203 4899
5204 5588
5205 5854
5206 4659
5207 5637
5208 5158
5209 5268
5210 4783
5211 5095
5212 5098
5213 5288
5214 5334
5215 4593
5216 5204
5217 5595
5218 5271
5219 6218
5220 4829
5221 4780
5222 4456
5223 5821
5224 6079
5225 5324
5226 4710
5227 4590
5228 4584
5229 4726
5230 4698
5231 4596
5232 5082
5233 5219
5234 5762
5235 4909
5236 4700
5237 4673
5238 5002
5239 4601
5240 4947
5241 5515
5242 4532
5243 5229
5244 4821
5245 6722
5246 4954
5247 4591
5248 5081
5249 4726
5250 4697
5251 4846
5252 4578
5253 4840
5254 4964
5255 5084
5256 4711
5257 5089
5258 5212
5259 4891
5260 4783
5261 4833
5262 4837
5263 4833
5264 4966
5265 6064
5266 4863
5267 5584
5268 5087
5269 4833
5270 4849
5271 5450
5272 4931
5273 4837
5274 5591
5275 4832
5276 4961
5277 4835
5278 4588
5279 4709
5280 4868
5281 4556
5282 4596
5283 4703
5284 4846
5285 5204
5286 5838
5287 4626
5288 4679
5289 4705
5290 4833
5291 4591
5292 4590
5293 4706
5294 4841
5295 5086
5296 4768
5297 5030
5298 4842
5299 4588
5300 5778
5301 4647
5302 4588
5303 5074
5304 5277
5305 4961
5306 6721
5307 5270
5308 4841
5309 5086
5310 6214
5311 -995411
5312 5088
5313 4838
5314 6349
5315 4616
5316 4798
5317 4827
5318 5719
5319 6329
5320 4964
5321 4585
5322 6088
5323 4963
5324 4773
5325 4965
5326 5467
5327 4838
5328 5086
5329 4707
5330 4846
5331 4578
5332 5223
5333 5203
5334 4595
5335 4703
5336 4724
5337 5386
5338 4781
5339 4580
5340 4621
5341 4683
5342 5087
5343 4827
5344 5727
5345 4927
5346 6336
5347 4965
5348 5590
5349 5586
5350 5212
5351 5212
5352 4713
5353 4989
5354 4844
5355 5057
5356 4459
5357 5277
5358 5028
5359 5713
5360 4589
5361 4717
5362 4463
5363 4584
5364 4839
5365 4775
5366 7028
5367 4468
5368 4769
5369 4654
5370 5264
5371 4771
5372 4839
5373 5623
5374 4676
5375 5086
5376 5337
5377 4967
5378 5029
5379 5085
5380 5847
5381 4767
5382 4898
5383 4778
5384 5486
5385 4958
5386 6954
5387 4825
5388 4587
5389 4590
5390 4583
5391 4714
5392 6606
5393 5072
5394 5198
5395 4588
5396 4587
5397 4987
5398 4941
5399 4589
5400 4587
5401 4588
5402 4590
5403 4713
5404 5874
5405 4788
5406 4590
5407 5614
5408 5124
5409 4652
5410 4963
5411 4592
5412 4584
5413 4606
5414 4702
5415 4941
5416 4830
5417 5468
5418 4579
5419 5093
5420 4710
5421 5465
5422 4830
5423 4968
5424 6331
5425 4588
5426 5586
5427 6346
5428 4702
5429 5965
5430 4586
5431 4714
5432 4958
5433 4843
5434 5333
5435 5465
5436 5085
5437 5339
5438 5459
5439 4966
5440 4713
5441 4839
5442 4961
5443 4765
5444 5034
5445 4901
5446 4652
5447 5847
5448 4699
5449 5717
5450 5087
5451 5461
5452 4742
5453 5684
5454 5285
5455 4755
5456 5095
5457 4607
5458 4809
5459 6031
5460 4895
5461 4925
5462 5309
5463 4883
5464 4944
5465 5211
5466 5247
5467 6181
5468 4584
5469 5452
5470 5347
5471 6116
5472 7116
5473 5268
5474 5367
5475 5446
5476 4822
5477 5192
5478 4987
5479 5776
5480 4639
5481 4991
5482 5228
5483 4548
5484 4824
5485 4843
5486 5959
5487 4709
5488 4588
5489 4593
5490 4711
5491 6032
5492 5448
5493 4657
5494 4591
5495 4962
5496 5214
5497 4836
5498 5111
5499 4690
5500 4590
5501 4716
5502 4586
5503 4774
5504 5030
5505 4960
5506 6215
5507 -995037
5508 5044
5509 4902
5510 4690
5511 4903
5512 5403
5513 4500
5514 4792
5515 4839
5516 4567
5517 4734
5518 6088
5519 4962
5520 4713
5521 5794
5522 5025
5523 5320
5524 4898
5525 4650
5526 6346
5527 4705
5528 5848
5529 5203
5530 4844
5531 5328
5532 5215
5533 5083
5534 4971
5535 4578
5536 4841
5537 5104
5538 4782
5539 4830
5540 4595
5541 4955
5542 4972
5543 5366
5544 5242
5545 4769
5546 6179
5547 4747
5548 4712
5549 4827
5550 5222
5551 4953
5552 4968
5553 4832
5554 4594
5555 4828
5556 4845
5557 5580
5558 4719
5559 4705
5560 5593
5561 5705
5562 6116
5563 4809
5564 4786
5565 5160
5566 6071
5567 5511
5568 4658
5569 5223
5570 4703
5571 5831
5572 4836
5573 4732
5574 5193
5575 5015
5576 5161
5577 5580
5578 5838
5579 4584
5580 5563
5581 4581
5582 4956
5583 5201
5584 4901
5585 5171
5586 6564
5587 4881
5588 4719
5589 5919
5590 4571
5591 5720
5592 5332
5593 4829
5594 4649
5595 5032
5596 5213
5597 4464
5598 6709
5599 5591
5600 5084
5601 4588
5602 5342
5603 4968
5604 4826
5605 4715
5606 6092
5607 5203
5608 4840
5609 5587
5610 4719
5611 5202
5612 5136
5613 5418
5614 4824
5615 4840
5616 5084
5617 4907
5618 4647
5619 4961
5620 4713
5621 4601
5622 5703
5623 4589
5624 5247
5625 4932
5626 6212
5627 5472
5628 5078
5629 4714
5630 5341
5631 4839
5632 4831
5633 5213
5634 4716
5635 5213
5636 5461
5637 4714
5638 4840
5639 4832
5640 5041
5641 5164
5642 5422
5643 4470
5644 5586
5645 5088
5646 5451
5647 4782
5648 5206
5649 5322
5650 4540
5651 4580
5652 5203
5653 5378
5654 5244
5655 5264
5656 5086
5657 5593
5658 4708
5659 4955
5660 4758
5661 5531
5662 4714
5663 4838
5664 5229
5665 4805
5666 5859
5667 5413
5668 4950
5669 4719
5670 5461
5671 4957
5672 4837
5673 4711
5674 4845
5675 4709
5676 4966
5677 4968
5678 4579
5679 4735
5680 6365
5681 4646
5682 5838
5683 5473
5684 5135
5685 4783
5686 6952
5687 5090
5688 4580
5689 5591
5690 4884
5691 5472
5692 4653
5693 5659
5694 5263
5695 5826
5696 4635
5697 4537
5698 5214
5699 4705
5700 5340
5701 -995242
5702 5236
5703 5262
5704 4942
5705 6108
5706 4773
5707 4693
5708 4661
5709 5715
5710 4705
5711 4588
5712 4714
5713 5215
5714 4713
5715 5086
5716 5341
5717 5398
5718 5276
5719 4714
5720 4970
5721 5013
5722 5154
5723 4833
5724 5848
5725 6711
5726 4578
5727 4585
5728 4716
5729 4841
5730 5081
5731 5483
5732 4965
5733 4818
5734 4707
5735 4839
5736 5089
5737 5341
5738 4713
5739 4587
5740 4590
5741 4838
5742 5090
5743 4838
5744 4716
5745 4846
5746 6081
5747 4961
5748 5339
5749 4469
5750 4583
5751 4962
5752 5213
5753 5860
5754 4884
5755 5399
5756 4717
5757 5528
5758 4769
5759 4465
5760 4837
5761 5404
5762 5277
5763 4960
5764 5226
5765 5089
5766 5721
5767 4942
5768 5467
5769 5345
5770 5641
5771 4776
5772 5950
5773 5479
5774 5057
5775 4984
5776 4612
5777 5072
5778 5253
5779 5215
5780 5975
5781 5394
5782 5098
5783 4815
5784 5592
5785 5961
5786 4830
5787 5395
5788 5532
5789 4588
5790 4849
5791 5848
5792 5447
5793 4829
5794 5397
5795 4902
5796 5211
5797 4576
5798 5342
5799 5090
5800 5076
5801 6088
5802 4840
5803 4828
5804 6746
5805 5056
5806 5845
5807 5077
5808 4953
5809 5789
5810 4642
5811 6024
5812 5512
5813 5215
5814 5586
5815 5578
5816 5091
5817 6661
5818 5142
5819 5704
5820 5220
5821 5461
5822 5083
5823 6331
5824 4591
5825 4731
5826 5562
5827 4584
5828 5714
5829 6087
5830 6740
5831 4695
5832 4696
5833 4838
5834 4840
5835 5840
5836 5458
5837 4591
5838 5088
5839 5098
5840 4705
5841 5341
5842 6173
5843 4621
5844 4827
5845 4601
5846 5846
5847 5448
5848 4828
5849 5594
5850 4579
5851 4594
5852 4958
5853 4851
5854 4571
5855 4587
5856 4714
5857 5837
5858 4965
5859 5085
5860 5582
5861 5482
5862 5959
5863 4942
5864 4972
5865 5381
5866 4779
5867 4968
5868 4739
5869 5309
5870 4590
5871 4994
5872 5052
5873 4625
5874 5173
5875 5814
5876 4449
5877 4846
5878 4490
5879 4930
5880 4847
5881 4574
5882 4840
5883 6156
5884 5016
5885 4707
5886 4717
5887 5331
5888 4594
5889 4956
5890 4971
5891 4579
5892 4715
5893 5153
5894 -994599
5895 4705
5896 4840
5897 4959
5898 4596
5899 4590
5900 5080
5901 4579
5902 5595
5903 6829
5904 4588
5905 5044
5906 4631
5907 4837
5908 4589
5909 5088
5910 5218
5911 4834
5912 6097
5913 4854
5914 4563
5915 5335
5916 4891
5917 4903
5918 4843
5919 5329
5920 4834
5921 4589
5922 4838
5923 4835
5924 6838
5925 4715
5926 4963
5927 5213
5928 4715
5929 4769
5930 4651
5931 4587
5932 5116
5933 8694
5934 4571
5935 5270
5936 4656
5937 5963
5938 4845
5939 5888
5940 5033
5941 5334
5942 4591
5943 5966
5944 5839
5945 4585
5946 4720
5947 5209
5948 4714
5949 5089
5950 4722
5951 5077
5952 4963
5953 4905
5954 5026
5955 5006
5956 4727
5957 5453
5958 4763
5959 4719
5960 4579
5961 5462
5962 6282
5963 5915
5964 4696
5965 4719
5966 5569
5967 4594
5968 5706
5969 4990
5970 4681
5971 4969
5972 4656
5973 5062
5974 4788
5975 4712
5976 4971
5977 4829
5978 4840
5979 4586
5980 4714
5981 5089
5982 4712
5983 6084
5984 5465
5985 4709
5986 5214
5987 4584
5988 4967
5989 4834
5990 4713
5991 4835
5992 5219
5993 5349
5994 4965
5995 4939
5996 6090
5997 4835
5998 4965
5999 4722
6000 5449
6001 4835
6002 4973
6003 7377
6004 4783
6005 4587
6006 4714
6007 4588
6008 4586
6009 4588
6010 5092
6011 4960
6012 4839
6013 5464
6014 4963
6015 4839
6016 5150
6017 5026
6018 4602
6019 4698
6020 5096
6021 4827
6022 4847
6023 4913
6024 6464
6025 5341
6026 4719
6027 4703
6028 4839
6029 5215
6030 5241
6031 4682
6032 4588
6033 4840
6034 5886
6035 4525
6036 4710
6037 4713
6038 5314
6039 4837
6040 5089
6041 4965
6042 5214
6043 4840
6044 6463
6045 4586
6046 4841
6047 4772
6048 4655
6049 4734
6050 4909
6051 5250
6052 4537
6053 5200
6054 4777
6055 4778
6056 4699
6057 4966
6058 4964
6059 4712
6060 4578
6061 4965
6062 5338
6063 4964
6064 6727
6065 5103
6066 5080
6067 5131
6068 4990
6069 4839
6070 4713
6071 5725
6072 4955
6073 4610
6074 4632
6075 5229
6076 4730
6077 5841
6078 5356
6079 5055
6080 5379
6081 4956
6082 4685
6083 4496
6084 6214
6085 5184
6086 5044
6087 5274
6088 5353
6089 5194
6090 4872
6091 -993716
6092 4587
6093 5191
6094 4585
6095 4613
6096 4951
6097 5036
6098 4489
6099 5074
6100 5663
6101 5214
6102 4807
6103 5494
6104 6561
6105 4693
6106 5349
6107 4860
6108 5915
6109 4677
6110 4602
6111 5301
6112 4707
6113 4618
6114 5201
6115 5070
6116 5344
6117 5674
6118 4719
6119 5197
6120 4927
6121 4573
6122 5495
6123 5213
6124 5556
6125 5067
6126 4715
6127 4586
6128 4982
6129 5024
6130 4729
6131 4794
6132 4605
6133 5298
6134 5189
6135 4473
6136 5246
6137 4934
6138 5435
6139 4568
6140 5206
6141 4992
6142 5572
6143 4706
6144 6331
6145 5788
6146 4983
6147 4640
6148 5102
6149 4942
6150 4710
6151 5291
6152 4633
6153 4595
6154 4761
6155 5031
6156 5200
6157 5285
6158 4676
6159 4888
6160 4647
6161 5318
6162 5536
6163 5340
6164 6201
6165 4724
6166 5382
6167 4944
6168 5382
6169 5262
6170 4910
6171 4576
6172 4828
6173 4965
6174 4697
6175 5114
6176 5038
6177 5348
6178 4828
6179 4768
6180 5489
6181 5737
6182 4929
6183 5522
6184 6530
6185 5171
6186 4694
6187 4543
6188 5602
6189 4875
6190 5005
6191 4809
6192 5824
6193 4577
6194 5209
6195 4586
6196 4606
6197 5611
6198 4537
6199 4585
6200 5084
6201 5074
6202 5086
6203 4960
6204 5727
6205 4976
6206 4692
6207 5621
6208 4591
6209 4828
6210 4754
6211 5134
6212 4975
6213 4924
6214 4760
6215 7160
6216 5066
6217 5799
6218 5029
6219 5077
6220 4833
6221 4675
6222 5459
6223 6947
6224 4784
6225 5063
6226 5295
6227 4859
6228 5109
6229 4851
6230 5248
6231 5408
6232 5220
6233 4533
6234 4711
6235 4700
6236 5229
6237 4559
6238 4712
6239 4979
6240 4894
6241 5093
6242 4958
6243 4578
6244 6909
6245 4718
6246 4841
6247 4954
6248 6746
6249 5341
6250 4836
6251 4586
6252 5086
6253 5333
6254 5597
6255 4680
6256 5077
6257 6065
6258 4804
6259 5203
6260 5915
6261 5345
6262 7291
6263 5152
6264 4675
6265 6044
6266 5336
6267 5234
6268 5337
6269 5613
6270 5069
6271 5833
6272 4693
6273 4691
6274 5315
6275 6078
6276 5363
6277 5044
6278 5097
6279 5766
6280 5411
6281 5732
6282 4575
6283 -994789
6284 5594
6285 4578
6286 4589
6287 4957
6288 6012
6289 5094
6290 5763
6291 5978
6292 5087
6293 4682
6294 4828
6295 4827
6296 5464
6297 4964
6298 4731
6299 4813
6300 5217
6301 6387
6302 5191
6303 4708
6304 5091
6305 6407
6306 5564
6307 4657
6308 4688
6309 5586
6310 4699
6311 5093
6312 5339
6313 6944
6314 4847
6315 5360
6316 5203
6317 5014
6318 4844
6319 5193
6320 6617
6321 4547
6322 6363
6323 5731
6324 4576
6325 7123
6326 4760
6327 4579
6328 4835
6329 5470
6330 4585
6331 4944
6332 4867
6333 4958
6334 5581
6335 5109
6336 4925
6337 5230
6338 4836
6339 6715
6340 5374
6341 4473
6342 4582
6343 4779
6344 5420
6345 4584
6346 4650
6347 4714
6348 5968
6349 5859
6350 5195
6351 5102
6352 5175
6353 6647
6354 5488
6355 5093
6356 4852
6357 4720
6358 6608
6359 4851
6360 5077
6361 6214
6362 4995
6363 5381
6364 4861
6365 4801
6366 5774
6367 4886
6368 5572
6369 4700
6370 6710
6371 4490
6372 4594
6373 4775
6374 4665
6375 5013
6376 6041
6377 4829
6378 5631
6379 5631
6380 4809
6381 5399
6382 4775
6383 4579
6384 5440
6385 5255
6386 5531
6387 4694
6388 5218
6389 6347
6390 4973
6391 5596
6392 4980
6393 5411
6394 6410
6395 4802
6396 7251
6397 6680
6398 5192
6399 7344
6400 6183
6401 7062
6402 8511
6403 9966
6404 17983
6405 5113
6406 6507
6407 5647
6408 5119
6409 5903
6410 6853
6411 5966
6412 5602
6413 5602
6414 5637
6415 5319
6416 5840
6417 5206
6418 6221
6419 5995
6420 5593
6421 5330
6422 6622
6423 4863
6424 5202
6425 5094
6426 5595
6427 5486
6428 6408
6429 5402
6430 4997
6431 5693
6432 4859
6433 4697
6434 5333
6435 4842
6436 8002
6437 5090
6438 4841
6439 6074
6440 4907
6441 5105
6442 5083
6443 5188
6444 5532
6445 5663
6446 6672
6447 5072
6448 6200
6449 5512
6450 4656
6451 4946
6452 7083
6453 5477
6454 4857
6455 5697
6456 5463
6457 4735
6458 4757
6459 4964
6460 5083
6461 5668
6462 -994491
6463 5473
6464 4691
6465 6058
6466 4582
6467 5519
6468 4687
6469 4873
6470 5217
6471 5174
6472 5208
6473 5946
6474 5593
6475 4849
6476 5585
6477 4597
6478 4947
6479 7228
6480 4889
6481 4801
6482 5466
6483 5096
6484 6988
6485 5341
6486 5185
6487 6006
6488 5300
6489 4722
6490 5572
6491 7004
6492 4711
6493 5065
6494 5839
6495 5466
6496 5445
6497 5136
6498 5976
6499 4612
6500 4873
6501 5340
6502 6720
6503 5211
6504 5214
6505 4970
6506 5410
6507 4830
6508 7091
6509 4717
6510 4713
6511 4832
6512 5718
6513 6097
6514 5109
6515 5320
6516 5326
6517 5362
6518 5226
6519 5586
6520 5711
6521 7009
6522 6253
6523 5702
6524 5831
6525 4930
6526 6030
6527 4907
6528 5569
6529 6968
6530 4756
6531 5047
6532 5448
6533 6461
6534 4621
6535 5699
6536 5199
6537 6783
6538 4899
6539 6136
6540 6196
6541 5154
6542 5468
6543 5958
6544 4967
6545 6840
6546 5014
6547 5935
6548 4834
6549 5572
6550 5151
6551 5324
6552 4713
6553 4819
6554 5843
6555 5576
6556 4983
6557 5853
6558 5871
6559 5099
6560 5186
6561 5589
6562 4463
6563 5613
6564 4569
6565 5155
6566 5028
6567 5202
6568 4957
6569 4903
6570 6159
6571 5231
6572 4992
6573 5235
6574 5348
6575 5066
6576 7229
6577 5332
6578 4580
6579 6095
6580 4598
6581 5325
6582 5604
6583 4613
6584 4699
6585 5596
6586 5687
6587 4473
6588 5349
6589 6097
6590 4719
6591 5229
6592 5377
6593 5575
6594 5975
6595 6187
6596 4841
6597 4698
6598 5587
6599 5087
6600 5479
6601 5100
6602 5331
6603 6382
6604 4912
6605 4580
6606 4725
6607 5199
6608 5018
6609 4513
6610 4578
6611 4580
6612 6005
6613 5245
6614 5072
6615 6463
6616 4711
6617 4941
6618 5322
6619 4869
6620 5333
6621 6014
6622 5632
6623 4680
6624 5584
6625 5588
6626 5865
6627 5856
6628 4986
6629 5130
6630 5068
6631 5620
6632 5218
6633 5229
6634 6156
6635 6184
6636 4920
6637 5195
6638 5195
6639 6975
6640 5608
6641 5710
6642 5086
6643 7267
6644 5141
6645 -995014
6646 5203
6647 5549
6648 5029
6649 5600
6650 5321
6651 4712
6652 7235
6653 4746
6654 6202
6655 6521
6656 5732
6657 5207
6658 4596
6659 5708
6660 7230
6661 4867
6662 5335
6663 5066
6664 5757
6665 4948
6666 6357
6667 4959
6668 4831
6669 4835
6670 6492
6671 5019
6672 5615
6673 5970
6674 5355
6675 5211
6676 5587
6677 5102
6678 6310
6679 4984
6680 5100
6681 6333
6682 5943
6683 5352
6684 4839
6685 5967
6686 5090
6687 5984
6688 6553
6689 4552
6690 5692
6691 5424
6692 5220
6693 6832
6694 4590
6695 6100
6696 4865
6697 5337
6698 5191
6699 5362
6700 6128
6701 4952
6702 5721
6703 4591
6704 5210
6705 5795
6706 5326
6707 6600
6708 6216
6709 5212
6710 5654
6711 4513
6712 5316
6713 6022
6714 4627
6715 5201
6716 5861
6717 5650
6718 5829
6719 4860
6720 5347
6721 5398
6722 5441
6723 5590
6724 5616
6725 7887
6726 4896
6727 4792
6728 5704
6729 5208
6730 5844
6731 5978
6732 5124
6733 5197
6734 6957
6735 4699
6736 5508
6737 5746
6738 5197
6739 5542
6740 5046
6741 4869
6742 4829
6743 5232
6744 6064
6745 4736
6746 5702
6747 4845
6748 7089
6749 4641
6750 4561
6751 5710
6752 5556
6753 5015
6754 5457
6755 4486
6756 5192
6757 5841
6758 6194
6759 5454
6760 4579
6761 5333
6762 5616
6763 6416
6764 4671
6765 5029
6766 6600
6767 5991
6768 4768
6769 4947
6770 7271
6771 5116
6772 5485
6773 5197
6774 6468
6775 6173
6776 5003
6777 4602
6778 4928
6779 5616
6780 6347
6781 6074
6782 5464
6783 6621
6784 4932
6785 4677
6786 5719
6787 5819
6788 5250
6789 6201
6790 5226
6791 5443
6792 5988
6793 5111
6794 4695
6795 4824
6796 5845
6797 6019
6798 4496
6799 6870
6800 5431
6801 4568
6802 5623
6803 4979
6804 4916
6805 6498
6806 4807
6807 5071
6808 5677
6809 6225
6810 5573
6811 5920
6812 4552
6813 5819
6814 5626
6815 5388
6816 5393
6817 5198
6818 6328
6819 5003
6820 5422
6821 6517
6822 4968
6823 5839
6824 -993740
6825 5571
6826 5486
6827 5437
6828 6635
6829 5686
6830 5143
6831 6110
6832 6153
6833 4995
6834 5373
6835 6398
6836 4936
6837 6462
6838 5389
6839 5693
6840 4979
6841 4982
6842 6379
6843 4682
6844 5162
6845 5520
6846 7152
6847 5037
6848 6182
6849 6307
6850 5322
6851 4909
6852 4710
6853 6256
6854 5228
6855 5043
6856 4602
6857 4587
6858 6776
6859 4437
6860 6429
6861 6206
6862 5029
6863 5287
6864 4904
6865 5074
6866 5364
6867 4812
6868 5072
6869 4556
6870 4804
6871 5170
6872 6816
6873 5786
6874 5617
6875 4932
6876 5362
6877 5536
6878 6154
6879 5273
6880 5681
6881 5739
6882 5979
6883 5430
6884 5651
6885 5544
6886 6673
6887 5232
6888 6555
6889 5359
6890 7076
6891 6096
6892 5164
6893 4691
6894 4860
6895 8207
6896 5270
6897 5865
6898 5287
6899 5091
6900 5214
6901 5760
6902 4990
6903 6121
6904 5767
6905 5405
6906 4832
6907 6113
6908 4737
6909 4858
6910 5630
6911 4579
6912 5129
6913 6151
6914 4969
6915 5577
6916 5721
6917 5268
6918 5574
6919 6934
6920 5951
6921 4886
6922 4475
6923 5420
6924 5809
6925 4576
6926 6228
6927 4432
6928 4456
6929 4578
6930 4579
6931 4466
6932 4589
6933 5080
6934 6185
6935 4695
6936 5191
6937 5492
6938 4903
6939 5457
6940 5317
6941 4940
6942 5281
6943 5244
6944 6234
6945 5613
6946 6449
6947 5042
6948 4829
6949 5892
6950 4532
6951 4707
6952 5579
6953 5483
6954 4768
6955 5699
6956 4705
6957 4697
6958 4579
6959 4885
6960 4889
6961 5353
6962 4897
6963 6487
6964 5633
6965 6481
6966 4846
6967 5499
6968 4585
6969 5333
6970 4686
6971 5323
6972 4733
6973 6074
6974 4681
6975 5100
6976 4826
6977 5242
6978 5643
6979 5033
6980 4935
6981 5533
6982 4825
6983 6249
6984 6719
6985 4677
6986 5195
6987 4713
6988 4923
6989 4721
6990 4668
6991 5284
6992 5378
6993 4875
6994 5357
6995 5143
6996 5339
6997 4682
6998 7320
6999 5035
7000 5245
7001 4582
7002 5333
7003 5064
7004 6434
7005 5596
7006 5443
7007 -995416
7008 4958
7009 4716
7010 6377
7011 5092
7012 4899
7013 5598
7014 5031
7015 5795
7016 5078
7017 5179
7018 4948
7019 5106
7020 5159
7021 5223
7022 5127
7023 6385
7024 5565
7025 5219
7026 4853
7027 5493
7028 5524
7029 5596
7030 4702
7031 6343
7032 4896
7033 5334
7034 4802
7035 5621
7036 4734
7037 5385
7038 6690
7039 4980
7040 4799
7041 5105
7042 6557
7043 4893
7044 4965
7045 4739
7046 4542
7047 4710
7048 6025
7049 4655
7050 4703
7051 5339
7052 4591
7053 4962
7054 5153
7055 5337
7056 4695
7057 5538
7058 5509
7059 4757
7060 5643
7061 4684
7062 7399
7063 4982
7064 4972
7065 4847
7066 4880
7067 5013
7068 4884
7069 5446
7070 5306
7071 4974
7072 5165
7073 5102
7074 4740
7075 5483
7076 5431
7077 4796
7078 5095
7079 4884
7080 4646
7081 6173
7082 5371
7083 4460
7084 4837
7085 4832
7086 4767
7087 5027
7088 4736
7089 5989
7090 5776
7091 5543
7092 4584
7093 5468
7094 4947
7095 4585
7096 5333
7097 4847
7098 5766
7099 4879
7100 5345
7101 6487
7102 5774
7103 4686
7104 5755
7105 4523
7106 4811
7107 5278
7108 4853
7109 4938
7110 4930
7111 4828
7112 4555
7113 4682
7114 5440
7115 4723
7116 5081
7117 5007
7118 5028
7119 4999
7120 5128
7121 6507
7122 4826
7123 4943
7124 5052
7125 4625
7126 4832
7127 4862
7128 5298
7129 4972
7130 5180
7131 4895
7132 4652
7133 4955
7134 4836
7135 4563
7136 4783
7137 5510
7138 4723
7139 5354
7140 4851
7141 5744
7142 4962
7143 4834
7144 6342
7145 5105
7146 5338
7147 5803
7148 4820
7149 4927
7150 4733
7151 5992
7152 6202
7153 5037
7154 4885
7155 4968
7156 4504
7157 5274
7158 4525
7159 4802
7160 4722
7161 6171
7162 5692
7163 4789
7164 5152
7165 4579
7166 5360
7167 4979
7168 5536
7169 5338
7170 4695
7171 4830
7172 4567
7173 5211
7174 5925
7175 4570
7176 5579
7177 5121
7178 4792
7179 6664
7180 6320
7181 4642
7182 4574
7183 4970
7184 4954
7185 4712
7186 4677
7187 4636
7188 4694
7189 5457
7190 4574
7191 4964
7192 5212
7193 4963
7194 5103
7195 5739
7196 5149
7197 5116
7198 5123
7199 -994851
7200 6090
7201 5088
7202 4712
7203 4714
7204 5095
7205 5086
7206 5393
7207 5074
7208 4540
7209 4965
7210 5477
7211 4747
7212 4545
7213 8942
7214 4862
7215 4934
7216 4922
7217 5985
7218 5601
7219 6470
7220 5020
7221 5667
7222 4717
7223 5379
7224 5057
7225 4636
7226 4988
7227 5361
7228 5589
7229 4870
7230 5203
7231 4863
7232 4709
7233 4814
7234 4646
7235 5260
7236 5194
7237 6153
7238 5090
7239 6683
7240 5717
7241 4986
7242 5204
7243 5049
7244 5386
7245 4711
7246 5468
7247 5348
7248 6221
7249 5176
7250 5520
7251 5007
7252 4836
7253 4711
7254 5088
7255 4971
7256 4827
7257 4586
7258 5591
7259 5082
7260 4965
7261 4961
7262 4855
7263 5191
7264 4590
7265 4589
7266 4840
7267 4996
7268 4648
7269 4585
7270 4695
7271 5825
7272 6092
7273 4927
7274 5059
7275 4601
7276 4969
7277 5876
7278 5716
7279 4959
7280 5293
7281 5177
7282 4731
7283 4531
7284 5312
7285 4950
7286 5593
7287 4496
7288 4857
7289 4531
7290 4614
7291 4438
7292 5339
7293 4644
7294 6228
7295 5255
7296 5247
7297 4449
7298 5969
7299 4970
7300 4674
7301 4830
7302 5449
7303 5716
7304 4695
7305 5035
7306 5131
7307 5905
7308 5141
7309 4688
7310 5345
7311 4458
7312 4836
7313 4841
7314 4839
7315 4693
7316 4585
7317 5584
7318 6180
7319 4801
7320 5334
7321 4638
7322 5597
7323 5216
7324 4883
7325 5124
7326 4709
7327 5676
7328 5601
7329 4675
7330 4672
7331 5510
7332 5827
7333 4733
7334 5560
7335 5372
7336 4830
7337 5205
7338 6082
7339 4660
7340 4436
7341 4987
7342 5306
7343 4720
7344 5605
7345 4570
7346 4522
7347 4796
7348 4628
7349 4823
7350 4835
7351 5222
7352 4809
7353 4840
7354 4571
7355 5087
7356 4989
7357 4678
7358 6717
7359 4572
7360 4579
7361 4835
7362 4457
7363 5711
7364 4832
7365 4706
7366 5085
7367 5036
7368 5136
7369 5572
7370 4955
7371 4712
7372 5457
7373 5083
7374 5335
7375 5081
7376 5027
7377 4891
7378 6335
7379 4578
7380 4709
7381 5333
7382 4709
7383 4724
7384 5334
7385 4812
7386 5311
7387 5188
7388 4973
7389 5484
7390 5941
7391 5663
7392 -995130
7393 4448
7394 4661
7395 4570
7396 5581
7397 5052
7398 5984
7399 5705
7400 5245
7401 4857
7402 5483
7403 5123
7404 5234
7405 5115
7406 4852
7407 6005
7408 5215
7409 6248
7410 4936
7411 4578
7412 4767
7413 4891
7414 4576
7415 5609
7416 6170
7417 5704
7418 5089
7419 5067
7420 5342
7421 5184
7422 4973
7423 4807
7424 5113
7425 5501
7426 4827
7427 5146
7428 5534
7429 5450
7430 4502
7431 5162
7432 4942
7433 4941
7434 5655
7435 4959
7436 5181
7437 5820
7438 5086
7439 4579
7440 5583
7441 4710
7442 4834
7443 4457
7444 5461
7445 4454
7446 4827
7447 5505
7448 5155
7449 4706
7450 4711
7451 4957
7452 4958
7453 4841
7454 5074
7455 4706
7456 5078
7457 5958
7458 4821
7459 4579
7460 4581
7461 4592
7462 5075
7463 5841
7464 4821
7465 4836
7466 4950
7467 4496
7468 5298
7469 4820
7470 5086
7471 4704
7472 5334
7473 4714
7474 4571
7475 4468
7476 5318
7477 4584
7478 6708
7479 4832
7480 5708
7481 4463
7482 4704
7483 6707
7484 4840
7485 4821
7486 5333
7487 5458
7488 4581
7489 4877
7490 4918
7491 4692
7492 4957
7493 4633
7494 4672
7495 5187
7496 5958
7497 6845
7498 5318
7499 5083
7500 4959
7501 4586
7502 4588
7503 4569
7504 5210
7505 4952
7506 4586
7507 5583
7508 5207
7509 5334
7510 5082
7511 5208
7512 5216
7513 5202
7514 5327
7515 5449
7516 5079
7517 6457
7518 5066
7519 5575
7520 5210
7521 5559
7522 4580
7523 5163
7524 4596
7525 4855
7526 5765
7527 5105
7528 4475
7529 5180
7530 6206
7531 4965
7532 5196
7533 6085
7534 9005
7535 5283
7536 5707
7537 7212
7538 5457
7539 5463
7540 6368
7541 7198
7542 6672
7543 5335
7544 7457
7545 7861
7546 6438
7547 5706
7548 8047
7549 15314
7550 6387
7551 5251
7552 5575
7553 5289
7554 5153
7555 5545
7556 5228
7557 5780
7558 7292
7559 5449
7560 5254
7561 5548
7562 5324
7563 5439
7564 6216
7565 7731
7566 7951
7567 7037
7568 5205
7569 5199
7570 4585
7571 5196
7572 4579
7573 5953
7574 5204
7575 5580
7576 -994043
7577 5077
7578 4580
7579 4578
7580 5210
7581 5303
7582 5578
7583 7075
7584 5329
7585 5203
7586 6455
7587 5206
7588 6088
7589 5442
7590 5581
7591 5200
7592 5829
7593 5204
7594 5203
7595 5956
7596 5082
7597 5116
7598 5595
7599 4786
7600 5577
7601 5570
7602 5517
7603 4892
7604 6602
7605 4796
7606 5313
7607 5331
7608 5394
7609 5674
7610 4818
7611 6223
7612 5331
7613 5212
7614 5341
7615 5403
7616 5649
7617 4961
7618 5589
7619 6463
7620 5149
7621 5150
7622 5589
7623 6340
7624 5370
7625 5684
7626 5599
7627 5816
7628 6029
7629 4897
7630 5463
7631 7117
7632 5423
7633 5449
7634 5048
7635 4951
7636 5801
7637 4573
7638 4706
7639 4801
7640 4917
7641 5102
7642 5039
7643 5440
7644 5048
7645 4822
7646 5150
7647 5311
7648 5180
7649 5339
7650 5556
7651 5443
7652 4687
7653 4722
7654 5792
7655 6628
7656 4743
7657 4560
7658 5374
7659 5274
7660 5163
7661 5320
7662 5528
7663 4715
7664 4563
7665 4581
7666 5312
7667 4544
7668 5183
7669 4817
7670 5086
7671 5303
7672 4895
7673 5338
7674 4576
7675 6009
7676 4850
7677 5393
7678 5631
7679 5497
7680 5762
7681 5500
7682 5192
7683 5541
7684 4834
7685 4549
7686 5201
7687 5813
7688 5317
7689 4698
7690 5690
7691 5441
7692 4575
7693 4859
7694 4528
7695 5566
7696 4568
7697 6184
7698 5041
7699 4696
7700 6316
7701 5943
7702 5065
7703 4827
7704 5554
7705 5187
7706 6072
7707 4935
7708 5318
7709 5762
7710 4877
7711 4445
7712 5308
7713 5316
7714 6199
7715 4936
7716 5201
7717 5188
7718 5819
7719 4946
7720 4574
7721 4805
7722 5078
7723 4800
7724 4512
7725 6063
7726 4692
7727 5514
7728 4495
7729 5874
7730 5561
7731 5403
7732 5312
7733 5800
7734 5071
7735 4694
7736 5950
7737 5450
7738 5454
7739 5575
7740 4941
7741 4578
7742 5175
7743 5073
7744 4586
7745 5190
7746 5704
7747 5073
7748 5714
7749 5180
7750 4704
7751 4824
7752 4829
7753 5696
7754 5707
7755 4601
7756 5934
7757 4435
7758 5568
7759 4944
7760 4867
7761 4541
7762 4698
7763 -994931
7764 4703
7765 4822
7766 5328
7767 7350
7768 4785
7769 5459
7770 5239
7771 5014
7772 6699
7773 4730
7774 6400
7775 4935
7776 4764
7777 4818
7778 5329
7779 4859
7780 6059
7781 5164
7782 5961
7783 4817
7784 5070
7785 5572
7786 4862
7787 4837
7788 4631
7789 4698
7790 6077
7791 8650
7792 4880
7793 5270
7794 5495
7795 5348
7796 5316
7797 5285
7798 5077
7799 5327
7800 4958
7801 4987
7802 6010
7803 5318
7804 5352
7805 6157
7806 4892
7807 5088
7808 5414
7809 5838
7810 5964
7811 5975
7812 5383
7813 4777
7814 5231
7815 5187
7816 5199
7817 5078
7818 4719
7819 5456
7820 5230
7821 5195
7822 5863
7823 5309
7824 5499
7825 4577
7826 4585
7827 4585
7828 5214
7829 6584
7830 5499
7831 5056
7832 6324
7833 5455
7834 5213
7835 4460
7836 4577
7837 5429
7838 4850
7839 5812
7840 6045
7841 4752
7842 5047
7843 5263
7844 5907
7845 4711
7846 5367
7847 5176
7848 6984
7849 4452
7850 5527
7851 5160
7852 5320
7853 5515
7854 5909
7855 5956
7856 4584
7857 5214
7858 5854
7859 5321
7860 5242
7861 4889
7862 5027
7863 5309
7864 5520
7865 5476
7866 5887
7867 7492
7868 5431
7869 5689
7870 5472
7871 4944
7872 5868
7873 5032
7874 5329
7875 5747
7876 5552
7877 4849
7878 5946
7879 5429
7880 5428
7881 5085
7882 5041
7883 5341
7884 5225
7885 6171
7886 5702
7887 5398
7888 5382
7889 4696
7890 5805
7891 5210
7892 4579
7893 4816
7894 5703
7895 5742
7896 4901
7897 5573
7898 5212
7899 4567
7900 5206
7901 5356
7902 5021
7903 6294
7904 6318
7905 5207
7906 4687
7907 5105
7908 5046
7909 4727
7910 5691
7911 5194
7912 5324
7913 5071
7914 5310
7915 4914
7916 5176
7917 5478
7918 5300
7919 5130
7920 4561
7921 4583
7922 5330
7923 5476
7924 6036
7925 4967
7926 4819
7927 4831
7928 5205
7929 5329
7930 4587
7931 5826
7932 5331
7933 4582
7934 4706
7935 5215
7936 5568
7937 5207
7938 5640
7939 4648
7940 5455
7941 5080
7942 5206
7943 4459
7944 6213
7945 5826
7946 6193
7947 5455
7948 4999
7949 -995336
7950 5205
7951 5422
7952 5206
7953 4455
7954 4967
7955 5188
7956 5580
7957 5209
7958 5999
7959 5160
7960 5333
7961 5456
7962 5375
7963 6786
7964 5993
7965 4787
7966 6083
7967 5079
7968 5206
7969 4704
7970 5334
7971 4838
7972 5212
7973 5446
7974 5704
7975 5191
7976 5554
7977 4707
7978 5608
7979 4899
7980 5164
7981 7334
7982 4947
7983 4638
7984 6402
7985 5104
7986 4438
7987 6564
7988 4943
7989 5201
7990 5330
7991 4811
7992 5082
7993 5450
7994 4582
7995 4454
7996 5331
7997 5707
7998 4829
7999 5396
8000 5639
8001 6327
8002 4581
8003 5208
8004 5703
8005 4831
8006 5330
8007 5584
8008 4704
8009 5899
8010 5525
8011 5453
8012 5979
8013 5180
8014 6207
8015 4828
8016 6723
8017 4840
8018 4840
8019 6727
8020 5385
8021 5328
8022 4833
8023 6003
8024 5282
8025 5331
8026 5582
8027 6057
8028 5582
8029 5207
8030 5205
8031 4704
8032 5209
8033 5325
8034 5209
8035 5211
8036 5956
8037 5210
8038 7065
8039 6579
8040 5392
8041 5019
8042 5457
8043 5209
8044 4578
8045 5331
8046 5836
8047 4946
8048 6767
8049 4652
8050 4565
8051 4961
8052 5197
8053 5580
8054 4936
8055 5319
8056 4870
8057 7026
8058 5009
8059 5502
8060 5278
8061 5581
8062 5830
8063 5331
8064 5470
8065 5563
8066 6338
8067 5070
8068 5212
8069 5131
8070 5653
8071 4944
8072 5330
8073 5522
8074 5010
8075 6202
8076 4579
8077 5459
8078 5316
8079 6713
8080 5311
8081 5290
8082 4723
8083 7709
8084 4808
8085 5457
8086 6098
8087 5043
8088 5297
8089 4726
8090 5828
8091 6465
8092 5323
8093 7335
8094 5071
8095 4943
8096 5332
8097 5323
8098 4702
8099 5479
8100 4871
8101 5195
8102 6419
8103 5560
8104 5390
8105 6268
8106 4829
8107 5081
8108 6643
8109 5705
8110 5135
8111 5578
8112 6582
8113 6150
8114 5508
8115 5205
8116 5459
8117 5334
8118 5828
8119 4968
8120 5185
8121 5208
8122 5207
8123 5950
8124 6329
8125 5831
8126 5702
8127 5085
8128 5825
8129 5079
8130 7644
8131 -994486
8132 5393
8133 5018
8134 5329
8135 5342
8136 5194
8137 6454
8138 4705
8139 6194
8140 4593
8141 5197
8142 5081
8143 4580
8144 5331
8145 5391
8146 4642
8147 5461
8148 4952
8149 6588
8150 6262
8151 5390
8152 5583
8153 5450
8154 4830
8155 4719
8156 5564
8157 5207
8158 5208
8159 4580
8160 5478
8161 5543
8162 4573
8163 4710
8164 4757
8165 4896
8166 4969
8167 5957
8168 6562
8169 4974
8170 5408
8171 5221
8172 4986
8173 5667
8174 4851
8175 5477
8176 4975
8177 5357
8178 5850
8179 5726
8180 5378
8181 5472
8182 6141
8183 4652
8184 5463
8185 5589
8186 5715
8187 6219
8188 5828
8189 6236
8190 5318
8191 5085
8192 4949
8193 5921
8194 4647
8195 5467
8196 5585
8197 5462
8198 5217
8199 5836
8200 5226
8201 5200
8202 5965
8203 5711
8204 5464
8205 8630
8206 5413
8207 4581
8208 5453
8209 5229
8210 5209
8211 6090
8212 5714
8213 6100
8214 6457
8215 5884
8216 5276
8217 6978
8218 4695
8219 5715
8220 5339
8221 5591
8222 5712
8223 6463
8224 5213
8225 5467
8226 5230
8227 5986
8228 5284
8229 5344
8230 5203
8231 5337
8232 5338
8233 6143
8234 5406
8235 5830
8236 5617
8237 6667
8238 5205
8239 5473
8240 5200
8241 6986
8242 5204
8243 5335
8244 4838
8245 5204
8246 5286
8247 5525
8248 5535
8249 5579
8250 5660
8251 4643
8252 6339
8253 5463
8254 5703
8255 5081
8256 5342
8257 5084
8258 5338
8259 5835
8260 6715
8261 5467
8262 5709
8263 5088
8264 4948
8265 5652
8266 4896
8267 6215
8268 5459
8269 4595
8270 5455
8271 4716
8272 5083
8273 5212
8274 5331
8275 4967
8276 5718
8277 5080
8278 5585
8279 5953
8280 5088
8281 5466
8282 4614
8283 5664
8284 5710
8285 5715
8286 6087
8287 4460
8288 4589
8289 4714
8290 5230
8291 4828
8292 5345
8293 6480
8294 5178
8295 5839
8296 4956
8297 5712
8298 6341
8299 5601
8300 5070
8301 5714
8302 5962
8303 5216
8304 5214
8305 5462
8306 5597
8307 5020
8308 5149
8309 5364
8310 5046
8311 5235
8312 5198
8313 -994802
8314 5592
8315 5579
8316 5198
8317 6222
8318 5830
8319 5324
8320 5222
8321 5455
8322 5220
8323 5125
8324 5176
8325 5202
8326 5335
8327 5175
8328 5208
8329 5462
8330 4689
8331 5591
8332 8105
8333 5070
8334 5461
8335 6587
8336 5211
8337 6361
8338 4821
8339 5087
8340 5208
8341 5721
8342 4702
8343 5341
8344 5337
8345 5906
8346 4771
8347 5212
8348 5214
8349 5338
8350 5339
8351 5784
8352 5018
8353 5214
8354 6315
8355 5982
8356 4948
8357 5816
8358 5325
8359 5723
8360 5462
8361 5338
8362 5589
8363 5256
8364 5161
8365 5201
8366 5471
8367 6084
8368 4586
8369 5965
8370 5338
8371 5967
8372 7282
8373 5894
8374 5715
8375 5463
8376 5588
8377 5406
8378 5144
8379 5724
8380 5203
8381 4564
8382 5335
8383 6089
8384 5319
8385 5335
8386 5474
8387 5927
8388 5717
8389 5574
8390 5025
8391 5714
8392 5458
8393 5964
8394 5307
8395 4834
8396 5214
8397 4591
8398 5335
8399 5407
8400 5267
8401 5469
8402 5525
8403 4635
8404 5172
8405 5596
8406 4948
8407 5230
8408 5447
8409 5195
8410 6343
8411 5641
8412 4774
8413 5585
8414 5276
8415 5024
8416 5833
8417 5018
8418 5277
8419 6590
8420 4717
8421 4820
8422 5596
8423 5205
8424 5091
8425 4816
8426 5669
8427 5509
8428 4843
8429 6452
8430 5336
8431 5334
8432 5588
8433 5706
8434 5217
8435 5245
8436 6584
8437 5921
8438 5878
8439 5158
8440 5892
8441 5155
8442 5202
8443 5465
8444 5339
8445 7878
8446 5409
8447 5854
8448 5067
8449 5338
8450 5341
8451 5575
8452 5475
8453 5825
8454 4737
8455 5039
8456 5354
8457 6220
8458 4699
8459 5344
8460 6157
8461 5136
8462 5282
8463 5026
8464 5593
8465 6811
8466 4967
8467 6078
8468 5108
8469 4922
8470 5222
8471 4802
8472 5578
8473 4729
8474 4582
8475 5774
8476 4907
8477 4705
8478 6706
8479 4465
8480 4962
8481 5649
8482 4523
8483 6777
8484 5147
8485 5522
8486 5278
8487 4462
8488 4905
8489 5896
8490 4836
8491 4963
8492 4583
8493 5213
8494 6026
8495 4648
8496 -994536
8497 5708
8498 4712
8499 5274
8500 6399
8501 4592
8502 5203
8503 5412
8504 5884
8505 5714
8506 5958
8507 5709
8508 6094
8509 5078
8510 5210
8511 4463
8512 4961
8513 4820
8514 5270
8515 4960
8516 5153
8517 6778
8518 5146
8519 5083
8520 5212
8521 4969
8522 5201
8523 7468
8524 4726
8525 5196
8526 5325
8527 6018
8528 6276
8529 4767
8530 4781
8531 5463
8532 4838
8533 5209
8534 5341
8535 4481
8536 6174
8537 4705
8538 5339
8539 4964
8540 5964
8541 5345
8542 6084
8543 5840
8544 5772
8545 4650
8546 5341
8547 5986
8548 5030
8549 5342
8550 5215
8551 5838
8552 5963
8553 5086
8554 5217
8555 7439
8556 5112
8557 4939
8558 6465
8559 5209
8560 6382
8561 5040
8562 5338
8563 4755
8564 6175
8565 5949
8566 5713
8567 5463
8568 5962
8569 4964
8570 5874
8571 5321
8572 4693
8573 5587
8574 5213
8575 4841
8576 8082
8577 5588
8578 7028
8579 5024
8580 5470
8581 5720
8582 5198
8583 5724
8584 5945
8585 6469
8586 4578
8587 5214
8588 5590
8589 5214
8590 5217
8591 5645
8592 4836
8593 6156
8594 4842
8595 5650
8596 4902
8597 6336
8598 5335
8599 5090
8600 5512
8601 4798
8602 5318
8603 4732
8604 5320
8605 5367
8606 5062
8607 4950
8608 5182
8609 5409
8610 4680
8611 5490
8612 5228
8613 6141
8614 5346
8615 5926
8616 6744
8617 5307
8618 4841
8619 5327
8620 5588
8621 5090
8622 6028
8623 5019
8624 5719
8625 5034
8626 5098
8627 5325
8628 5341
8629 5083
8630 4717
8631 5211
8632 5088
8633 5333
8634 5720
8635 6774
8636 5141
8637 5719
8638 4952
8639 4974
8640 5340
8641 5740
8642 5179
8643 5314
8644 5213
8645 5224
8646 4727
8647 5138
8648 7122
8649 6141
8650 5580
8651 4836
8652 7166
8653 6385
8654 4592
8655 4723
8656 5195
8657 4716
8658 4968
8659 4956
8660 5466
8661 4964
8662 5339
8663 5587
8664 5090
8665 5652
8666 5148
8667 4577
8668 4717
8669 4693
8670 5360
8671 5564
8672 5465
8673 5719
8674 5449
8675 5098
8676 5452
8677 5475
8678 5198
8679 -994654
8680 4956
8681 5092
8682 5961
8683 5329
8684 5959
8685 5093
8686 6095
8687 6058
8688 5381
8689 6515
8690 5360
8691 7531
8692 5148
8693 5604
8694 6694
8695 5218
8696 5211
8697 5197
8698 5463
8699 5473
8700 5568
8701 5326
8702 5712
8703 4734
8704 4807
8705 5701
8706 6339
8707 4725
8708 5834
8709 5212
8710 6590
8711 4836
8712 5214
8713 4838
8714 5588
8715 4835
8716 5339
8717 5215
8718 5085
8719 5338
8720 4974
8721 6054
8722 5677
8723 5519
8724 5714
8725 5214
8726 6354
8727 4695
8728 6462
8729 5058
8730 4714
8731 4591
8732 5462
8733 6981
8734 4651
8735 5209
8736 5216
8737 4713
8738 5709
8739 5393
8740 4656
8741 5342
8742 6084
8743 5100
8744 4953
8745 5586
8746 5222
8747 6795
8748 4615
8749 5216
8750 4708
8751 4588
8752 5215
8753 5715
8754 5709
8755 5089
8756 5214
8757 5224
8758 5198
8759 4587
8760 4590
8761 5209
8762 5214
8763 4714
8764 5212
8765 5090
8766 4778
8767 6272
8768 4586
8769 5462
8770 4874
8771 4677
8772 4734
8773 5691
8774 4587
8775 5628
8776 4903
8777 5708
8778 5081
8779 4962
8780 6211
8781 4585
8782 5215
8783 5251
8784 5351
8785 4654
8786 4712
8787 6585
8788 4585
8789 5966
8790 5113
8791 4824
8792 4714
8793 4962
8794 4842
8795 5019
8796 5651
8797 4726
8798 6199
8799 6212
8800 4835
8801 4716
8802 4711
8803 5713
8804 4773
8805 5276
8806 6587
8807 5337
8808 5467
8809 5337
8810 5086
8811 4964
8812 5211
8813 5399
8814 5402
8815 5176
8816 5209
8817 5460
8818 4817
8819 5088
8820 4789
8821 4510
8822 5213
8823 5214
8824 6971
8825 7076
8826 4801
8827 4594
8828 5209
8829 4586
8830 5712
8831 5713
8832 5342
8833 6064
8834 4981
8835 4717
8836 6083
8837 4838
8838 5336
8839 5966
8840 4897
8841 5343
8842 4772
8843 4962
8844 5212
8845 6031
8846 4650
8847 5208
8848 6585
8849 5211
8850 4963
8851 5339
8852 4589
8853 5589
8854 5356
8855 5064
8856 5089
8857 5196
8858 5887
8859 4663
8860 5097
8861 4955
8862 5722
8863 4577
8864 6460
8865 4590
8866 -995181
8867 5105
8868 4516
8869 4715
8870 4650
8871 6292
8872 4755
8873 5503
8874 5985
8875 4770
8876 4963
8877 4944
8878 5464
8879 4837
8880 5216
8881 5284
8882 4887
8883 4713
8884 6340
8885 5507
8886 5555
8887 5091
8888 5220
8889 5340
8890 4830
8891 5080
8892 5336
8893 4578
8894 5583
8895 4839
8896 5730
8897 4573
8898 5456
8899 5339
8900 4719
8901 4577
8902 6042
8903 5776
8904 4570
8905 6099
8906 5211
8907 4704
8908 5215
8909 5712
8910 5320
8911 4722
8912 6964
8913 5478
8914 5709
8915 5209
8916 5174
8917 5019
8918 5336
8919 4698
8920 4728
8921 5712
8922 5828
8923 5425
8924 5228
8925 5272
8926 4698
8927 5902
8928 5331
8929 4573
8930 5363
8931 4550
8932 4595
8933 4955
8934 6190
8935 5126
8936 4585
8937 5116
8938 5092
8939 4564
8940 5472
8941 4614
8942 6048
8943 5292
8944 4636
8945 4729
8946 4941
8947 4964
8948 4950
8949 4860
8950 4934
8951 4705
8952 4787
8953 5134
8954 5198
8955 5091
8956 4587
8957 4837
8958 4586
8959 4590
8960 4587
8961 5339
8962 4713
8963 5965
8964 4590
8965 4723
8966 6402
8967 5137
8968 4585
8969 5382
8970 5331
8971 5161
8972 4700
8973 4738
8974 4731
8975 4910
8976 4584
8977 4590
8978 4719
8979 4950
8980 4849
8981 4704
8982 4840
8983 6338
8984 5787
8985 4764
8986 5091
8987 5961
8988 5336
8989 4599
8990 4575
8991 4768
8992 4911
8993 4966
8994 4590
8995 5213
8996 4588
8997 5977
8998 5327
8999 4694
9000 4706
9001 6186
9002 4734
9003 6514
9004 5547
9005 5143
9006 5396
9007 4727
9008 6312
9009 4768
9010 6113
9011 5238
9012 5207
9013 5042
9014 5259
9015 5374
9016 5007
9017 4641
9018 5874
9019 4811
9020 5452
9021 5698
9022 5827
9023 5336
9024 5195
9025 5455
9026 5145
9027 5124
9028 5359
9029 5559
9030 5190
9031 5709
9032 6209
9033 4712
9034 5572
9035 5218
9036 5203
9037 5471
9038 4702
9039 5095
9040 5576
9041 5573
9042 5706
9043 5213
9044 5210
9045 6087
9046 4545
9047 5211
9048 4585
9049 6157
9050 4894
9051 4589
9052 4587
9053 6337
9054 4713
9055 4712
9056 4964
9057 5461
9058 -995163
9059 5333
9060 6465
9061 4846
9062 5072
9063 4695
9064 4578
9065 5717
9066 4579
9067 5082
9068 5213
9069 5336
9070 4592
9071 4740
9072 4866
9073 5096
9074 4733
9075 4943
9076 4965
9077 5275
9078 5532
9079 4971
9080 5824
9081 5111
9082 5319
9083 4823
9084 4840
9085 5212
9086 4982
9087 4551
9088 4843
9089 4845
9090 4954
9091 4981
9092 4809
9093 4717
9094 5071
9095 5002
9096 4559
9097 4678
9098 5640
9099 4779
9100 4581
9101 5827
9102 5348
9103 4448
9104 4585
9105 4704
9106 5203
9107 4717
9108 4694
9109 5096
9110 4615
9111 5402
9112 4964
9113 6103
9114 5051
9115 6210
9116 5227
9117 4742
9118 5406
9119 5223
9120 4567
9121 5892
9122 4827
9123 4916
9124 5229
9125 4930
9126 5216
9127 5466
9128 4829
9129 5148
9130 4770
9131 5216
9132 4947
9133 5127
9134 4792
9135 5706
9136 4780
9137 6203
9138 4947
9139 4577
9140 6420
9141 4704
9142 4780
9143 4633
9144 5272
9145 4527
9146 4587
9147 5025
9148 6010
9149 4588
9150 5260
9151 4536
9152 4583
9153 4579
9154 5332
9155 4673
9156 4635
9157 5346
9158 5115
9159 5031
9160 4575
9161 5840
9162 4920
9163 4833
9164 5262
9165 5083
9166 6130
9167 5339
9168 4785
9169 4579
9170 4725
9171 6314
9172 4868
9173 5542
9174 4587
9175 5213
9176 5464
9177 5214
9178 5088
9179 5215
9180 6224
9181 4852
9182 5308
9183 4837
9184 5457
9185 5088
9186 5587
9187 4589
9188 4837
9189 4963
9190 5714
9191 4962
9192 5633
9193 5420
9194 4588
9195 5464
9196 5213
9197 6103
9198 4949
9199 4715
9200 5731
9201 5447
9202 5209
9203 5084
9204 5338
9205 5839
9206 5088
9207 5547
9208 5589
9209 5214
9210 5463
9211 5211
9212 5591
9213 6222
9214 5325
9215 5089
9216 5213
9217 5465
9218 5709
9219 6216
9220 5209
9221 5584
9222 4840
9223 5212
9224 5464
9225 5340
9226 5212
9227 5214
9228 5089
9229 5212
9230 5213
9231 6387
9232 4916
9233 5713
9234 5216
9235 5962
9236 5341
9237 6467
9238 4584
9239 5205
9240 5087
9241 5507
9242 4923
9243 5588
9244 5213
9245 7773
9246 4821
9247 5555
9248 5340
9249 -994567
9250 5557
9251 4779
9252 5404
9253 6004
9254 5333
9255 5245
9256 6678
9257 5204
9258 5203
9259 5337
9260 5206
9261 5851
9262 5053
9263 5452
9264 5586
9265 5081
9266 5455
9267 4593
9268 4824
9269 5494
9270 4568
9271 5488
9272 4540
9273 5720
9274 5242
9275 6432
9276 4697
9277 4474
9278 4619
9279 5067
9280 5198
9281 5336
9282 5706
9283 4465
9284 5209
9285 5216
9286 5249
9287 5160
9288 5581
9289 5218
9290 4957
9291 4901
9292 4520
9293 5469
9294 5891
9295 6160
9296 5514
9297 4646
9298 5220
9299 4580
9300 5221
9301 5952
9302 6220
9303 5355
9304 4826
9305 5200
9306 4596
9307 4954
9308 5224
9309 5198
9310 4722
9311 4766
9312 4913
9313 5330
9314 6714
9315 4449
9316 5841
9317 4709
9318 4720
9319 5082
9320 5150
9321 5275
9322 5213
9323 4584
9324 4722
9325 4579
9326 4779
9327 4960
9328 4654
9329 4579
9330 4619
9331 5187
9332 4534
9333 6364
9334 4939
9335 5439
9336 6540
9337 4885
9338 4848
9339 5328
9340 4595
9341 4829
9342 5220
9343 4577
9344 4596
9345 5387
9346 5161
9347 5203
9348 4740
9349 4687
9350 5090
9351 5077
9352 5776
9353 5026
9354 6849
9355 5638
9356 5827
9357 5914
9358 5841
9359 5808
9360 4576
9361 5347
9362 5076
9363 4740
9364 5061
9365 5347
9366 5212
9367 5718
9368 5693
9369 4965
9370 4711
9371 5470
9372 4456
9373 7092
9374 4962
9375 5531
9376 5146
9377 4714
9378 5272
9379 4656
9380 4589
9381 5338
9382 5215
9383 5712
9384 5343
9385 6335
9386 4589
9387 5465
9388 5462
9389 4773
9390 5403
9391 6587
9392 5766
9393 5032
9394 6158
9395 4517
9396 5528
9397 5278
9398 4586
9399 4770
9400 5158
9401 5212
9402 5637
9403 4648
9404 5212
9405 5362
9406 5192
9407 5213
9408 4990
9409 4940
9410 5333
9411 5344
9412 6652
9413 5022
9414 5569
9415 5838
9416 5339
9417 5213
9418 5337
9419 4593
9420 5835
9421 5588
9422 5214
9423 5839
9424 5592
9425 4835
9426 5713
9427 6280
9428 4772
9429 5338
9430 6605
9431 5197
9432 5467
9433 5088
9434 5836
9435 5215
9436 5963
9437 5340
9438 -994912
9439 5840
9440 5589
9441 5711
9442 5468
9443 5211
9444 5339
9445 5465
9446 5960
9447 4839
9448 5215
9449 6854
9450 5204
9451 5768
9452 5144
9453 5466
9454 5335
9455 5092
9456 4590
9457 5587
9458 5086
9459 5215
9460 5963
9461 5588
9462 5169
9463 5401
9464 5149
9465 4835
9466 6035
9467 6270
9468 5336
9469 5342
9470 5338
9471 5088
9472 6365
9473 5062
9474 5212
9475 5962
9476 4590
9477 5462
9478 5715
9479 6031
9480 5276
9481 5269
9482 5156
9483 5206
9484 5210
9485 5337
9486 6713
9487 5089
9488 5214
9489 5215
9490 5462
9491 4962
9492 6589
9493 5589
9494 5339
9495 5212
9496 5640
9497 5037
9498 6401
9499 4776
9500 5593
9501 5708
9502 5215
9503 5338
9504 5841
9505 6458
9506 5346
9507 4708
9508 5209
9509 4581
9510 6214
9511 5657
9512 5145
9513 5200
9514 5293
9515 5593
9516 5327
9517 5340
9518 5346
9519 6081
9520 5964
9521 5903
9522 4773
9523 6979
9524 5454
9525 4839
9526 4716
9527 5232
9528 4798
9529 5974
9530 6211
9531 5088
9532 5714
9533 4714
9534 4966
9535 4711
9536 5626
9537 5429
9538 4956
9539 5090
9540 5394
9541 6220
9542 4829
9543 6161
9544 4588
9545 5568
9546 6107
9547 5340
9548 5217
9549 5362
9550 4811
9551 5402
9552 5668
9553 5009
9554 6143
9555 4840
9556 4708
9557 5720
9558 5207
9559 4587
9560 5709
9561 7496
9562 5062
9563 5200
9564 4595
9565 5205
9566 5971
9567 5837
9568 4873
9569 5424
9570 5457
9571 5472
9572 6260
9573 4642
9574 5830
9575 5734
9576 5202
9577 5322
9578 5462
9579 6036
9580 6014
9581 6216
9582 6307
9583 4859
9584 5653
9585 4642
9586 5594
9587 5203
9588 5346
9589 5085
9590 5587
9591 7081
9592 6521
9593 4649
9594 5206
9595 5219
9596 7139
9597 5278
9598 7601
9599 6206
9600 5751
9601 5407
9602 5738
9603 5099
9604 5159
9605 4460
9606 5221
9607 4454
9608 5088
9609 4843
9610 5376
9611 5043
9612 4883
9613 4796
9614 5214
9615 4752
9616 5178
9617 7592
9618 5196
9619 4714
9620 4459
9621 -995040
9622 5105
9623 4927
9624 4708
9625 4834
9626 4594
9627 4458
9628 4762
9629 5544
9630 4962
9631 5367
9632 4801
9633 4579
9634 4845
9635 4805
9636 4689
9637 4965
9638 7380
9639 4799
9640 4828
9641 5454
9642 5082
9643 5119
9644 5796
9645 4995
9646 4924
9647 4607
9648 4533
9649 4600
9650 4694
9651 5003
9652 5228
9653 5652
9654 4938
9655 4896
9656 4891
9657 6053
9658 4909
9659 4807
9660 4644
9661 5073
9662 5220
9663 4725
9664 5444
9665 5083
9666 5108
9667 4994
9668 5024
9669 4827
9670 4591
9671 4752
9672 4665
9673 5831
9674 4785
9675 5260
9676 4957
9677 4823
9678 7092
9679 4693
9680 4808
9681 6322
9682 4940
9683 4941
9684 5054
9685 5455
9686 4575
9687 5219
9688 4831
9689 5085
9690 5582
9691 4698
9692 5403
9693 4817
9694 5206
9695 5546
9696 4715
9697 6216
9698 4449
9699 4847
9700 5401
9701 4524
9702 5195
9703 5082
9704 5318
9705 5478
9706 4574
9707 4730
9708 5627
9709 4919
9710 5397
9711 5167
9712 4690
9713 5342
9714 4817
9715 4727
9716 5080
9717 6327
9718 5210
9719 4715
9720 4746
9721 5166
9722 4966
9723 4769
9724 4656
9725 4582
9726 4717
9727 5469
9728 5575
9729 5896
9730 4776
9731 5709
9732 4713
9733 5313
9734 4825
9735 4957
9736 4710
9737 5812
9738 5217
9739 6092
9740 4588
9741 4579
9742 4712
9743 4578
9744 4964
9745 4841
9746 5026
9747 4642
9748 5726
9749 5086
9750 4958
9751 4830
9752 5898
9753 5084
9754 5713
9755 5417
9756 5598
9757 5950
9758 5471
9759 6057
9760 4883
9761 4581
9762 5131
9763 4667
9764 5086
9765 4826
9766 5088
9767 4576
9768 4837
9769 4840
9770 5227
9771 5464
9772 5003
9773 4789
9774 5444
9775 5190
9776 5127
9777 5436
9778 5390
9779 4784
9780 4598
9781 5075
9782 4965
9783 5712
9784 4594
9785 5155
9786 5996
9787 4841
9788 4897
9789 4900
9790 5780
9791 4650
9792 5582
9793 5586
9794 15981
9795 12312
9796 5222
9797 5089
9798 5567
9799 5552
9800 4820
9801 6601
9802 5958
9803 5526
9804 5215
9805 4963
9806 5462
9807 4964
9808 5336
9809 5716
9810 5982
9811 -994808
9812 5591
9813 5240
9814 5313
9815 5475
9816 5067
9817 5718
9818 6261
9819 5333
9820 4914
9821 5463
9822 4736
9823 5191
9824 4965
9825 5363
9826 5444
9827 4950
9828 5753
9829 4920
9830 5240
9831 6178
9832 5573
9833 4725
9834 4821
9835 5839
9836 4589
9837 4845
9838 5837
9839 4824
9840 6090
9841 6087
9842 5382
9843 4795
9844 5373
9845 5572
9846 5947
9847 5605
9848 5444
9849 7062
9850 4853
9851 5393
9852 5262
9853 5862
9854 5333
9855 5021
9856 5774
9857 5348
9858 5578
9859 6092
9860 4765
9861 4916
9862 5324
9863 5513
9864 5156
9865 5090
9866 5329
9867 5152
9868 6279
9869 5702
9870 5975
9871 4952
9872 5395
9873 5018
9874 5025
9875 5148
9876 5596
9877 5327
9878 4725
9879 5330
9880 5708
9881 5378
9882 4789
9883 4955
9884 5090
9885 4835
9886 6156
9887 6365
9888 4860
9889 5895
9890 5418
9891 4882
9892 5454
9893 5408
9894 5262
9895 5216
9896 5591
9897 5337
9898 6515
9899 4662
9900 5214
9901 5089
9902 5658
9903 4831
9904 5785
9905 5079
9906 6494
9907 4956
9908 5184
9909 4614
9910 4685
9911 5342
9912 5465
9913 4705
9914 5961
9915 5339
9916 4777
9917 5949
9918 5169
9919 4828
9920 5588
9921 4963
9922 4964
9923 5089
9924 5464
9925 4587
9926 7091
9927 5714
9928 4584
9929 6590
9930 5401
9931 5530
9932 5207
9933 5463
9934 5213
9935 4591
9936 4586
9937 5023
9938 4652
9939 4965
9940 5714
9941 4963
9942 4844
9943 5079
9944 5089
9945 5964
9946 4712
9947 4715
9948 4964
9949 6030
9950 5525
9951 5591
9952 4947
9953 5402
9954 5148
9955 5715
9956 5834
9957 5212
9958 5467
9959 6336
9960 5214
9961 4837
9962 5347
9963 5080
9964 7094
9965 4960
9966 5085
9967 4712
9968 4590
9969 5091
9970 4707
9971 4838
9972 4963
9973 4715
9974 4963
9975 4964
9976 5537
9977 5446
9978 5024
9979 5466
9980 5306
9981 5315
9982 5101
9983 4982
9984 6398
9985 4968
9986 4718
9987 4980
9988 5558
9989 4592
9990 6078
9991 4835
9992 5955
9993 5221
9994 4828
9995 5592
9996 5203
9997 -994157
9998 5580
9999 5090
