0 91
1 20
2 20
3 19
4 17
5 19
6 18
7 18
8 19
9 18
10 19
11 18
12 17
13 18
14 19
15 17
16 17
17 18
18 18
19 18
20 18
21 18
22 17
23 17
24 18
25 42
26 19
27 18
28 18
29 18
30 18
31 18
32 18
33 19
34 18
35 18
36 18
37 20
38 18
39 26
40 19
41 18
42 21
43 17
44 25
45 19
46 18
47 17
48 18
49 17
50 18
51 18
52 18
53 17
54 17
55 17
56 17
57 37
58 18
59 18
60 31
61 27
62 19
63 18
64 18
65 17
66 18
67 17
68 17
69 17
70 17
71 17
72 18
73 19
74 18
75 27
76 19
77 18
78 17
79 17
80 26
81 21
82 19
83 17
84 18
85 17
86 17
87 17
88 18
89 18
90 18
91 17
92 17
93 17
94 18
95 18
96 17
97 19
98 18
99 19
100 18
101 17
102 17
103 17
104 17
105 17
106 18
107 18
108 27
109 19
110 18
111 18
112 18
113 18
114 18
115 18
116 17
117 18
118 18
119 19
120 19
121 18
122 18
123 18
124 18
125 18
126 17
127 19
128 17
129 27
130 19
131 17
132 18
133 17
134 18
135 19
136 18
137 18
138 19
139 19
140 17
141 18
142 18
143 18
144 18
145 18
146 19
147 19
148 21
149 18
150 19
151 17
152 19
153 18
154 19
155 18
156 21
157 34
158 21
159 19
160 20
161 20
162 26
163 18
164 18
165 19
166 19
167 19
168 18
169 19
170 18
171 19
172 24
173 19
174 18
175 17
176 18
177 17
178 17
179 17
180 17
181 19
182 20
183 21
184 19
185 17
186 17
187 20
188 23
189 17
190 19
191 20
192 19
193 18
194 18
195 18
196 19
197 18
198 18
199 18
200 18
201 18
202 18
203 17
204 18
205 17
206 18
207 18
208 19
209 33
210 20
211 19
212 19
213 18
214 19
215 18
216 19
217 18
218 17
219 18
220 18
221 18
222 18
223 17
224 18
225 18
226 25
227 18
228 18
229 18
230 18
231 17
232 17
233 17
234 18
235 17
236 17
237 18
238 17
239 17
240 17
241 17
242 17
243 17
244 18
245 18
246 17
247 18
248 18
249 18
250 17
251 17
252 18
253 28
254 19
255 17
256 17
257 17
258 17
259 17
260 17
261 17
262 18
263 18
264 17
265 17
266 18
267 18
268 18
269 18
270 18
271 18
272 17
273 18
274 18
275 18
276 17
277 18
278 17
279 18
280 18
281 17
282 17
283 18
284 18
285 17
286 17
287 18
288 18
289 17
290 22
291 17
292 18
293 18
294 18
295 18
296 17
297 17
298 18
299 17
300 17
301 18
302 18
303 18
304 18
305 18
306 27
307 19
308 18
309 18
310 18
311 18
312 18
313 17
314 18
315 17
316 18
317 18
318 17
319 18
320 18
321 17
322 25
323 19
324 19
325 18
326 18
327 18
328 18
329 18
330 17
331 18
332 18
333 18
334 18
335 17
336 18
337 18
338 17
339 20
340 18
341 18
342 17
343 17
344 18
345 18
346 17
347 18
348 17
349 18
350 19
351 18
352 19
353 17
354 20
355 18
356 18
357 18
358 17
359 18
360 27
361 19
362 18
363 18
364 18
365 18
366 18
367 17
368 18
369 17
370 17
371 18
372 20
373 18
374 17
375 17
376 18
377 18
378 17
379 18
380 17
381 17
382 18
383 19
384 18
385 17
386 18
387 18
388 18
389 17
390 18
391 17
392 18
393 17
394 18
395 27
396 18
397 18
398 17
399 26
400 333
401 21
402 19
403 18
404 18
405 18
406 19
407 18
408 17
409 18
410 18
411 19
412 18
413 19
414 18
415 17
416 18
417 17
418 17
419 17
420 17
421 18
422 18
423 17
424 17
425 17
426 18
427 17
428 18
429 18
430 18
431 17
432 17
433 18
434 17
435 17
436 18
437 18
438 17
439 17
440 17
441 18
442 18
443 17
444 18
445 18
446 18
447 18
448 18
449 22
450 17
451 18
452 17
453 17
454 18
455 18
456 20
457 17
458 18
459 18
460 18
461 17
462 18
463 18
464 17
465 18
466 18
467 17
468 18
469 17
470 19
471 18
472 19
473 18
474 18
475 18
476 18
477 18
478 18
479 18
480 18
481 18
482 18
483 18
484 17
485 17
486 18
487 18
488 18
489 18
490 18
491 18
492 18
493 17
494 18
495 18
496 19
497 18
498 18
499 18
500 19
501 18
502 17
503 17
504 17
505 19
506 18
507 18
508 18
509 18
510 17
511 17
512 17
513 18
514 17
515 17
516 20
517 18
518 18
519 17
520 17
521 17
522 18
523 17
524 17
525 18
526 17
527 17
528 17
529 17
530 17
531 18
532 19
533 18
534 18
535 18
536 19
537 17
538 17
539 18
540 18
541 17
542 17
543 17
544 17
545 18
546 17
547 17
548 17
549 18
550 19
551 18
552 17
553 17
554 18
555 17
556 19
557 17
558 17
559 19
560 17
561 17
562 35
563 22
564 18
565 18
566 18
567 18
568 17
569 18
570 18
571 19
572 18
573 18
574 17
575 18
576 20
577 17
578 18
579 17
580 18
581 18
582 19
583 18
584 18
585 18
586 18
587 19
588 18
589 18
590 18
591 17
592 18
593 18
594 17
595 18
596 17
597 18
598 17
599 17
600 18
601 17
602 18
603 18
604 29
605 20
606 18
607 18
608 17
609 18
610 18
611 18
612 18
613 18
614 17
615 17
616 17
617 18
618 17
619 17
620 17
621 20
622 18
623 17
624 29
625 19
626 18
627 18
628 18
629 26
630 19
631 18
632 18
633 17
634 25
635 19
636 17
637 18
638 18
639 18
640 18
641 17
642 19
643 18
644 18
645 18
646 20
647 18
648 18
649 18
650 18
651 17
652 18
653 18
654 17
655 18
656 18
657 17
658 18
659 17
660 17
661 17
662 17
663 18
664 18
665 18
666 18
667 18
668 19
669 19
670 18
671 18
672 18
673 18
674 18
675 18
676 17
677 17
678 18
679 18
680 17
681 17
682 18
683 17
684 18
685 17
686 18
687 17
688 18
689 17
690 17
691 17
692 17
693 18
694 17
695 17
696 17
697 19
698 17
699 22
700 17
701 26
702 18
703 17
704 18
705 18
706 20
707 17
708 18
709 17
710 18
711 17
712 18
713 18
714 18
715 17
716 17
717 18
718 18
719 18
720 18
721 27
722 19
723 18
724 18
725 18
726 18
727 17
728 17
729 19
730 19
731 18
732 18
733 18
734 27
735 18
736 17
737 17
738 18
739 19
740 18
741 19
742 17
743 19
744 18
745 18
746 18
747 18
748 18
749 18
750 18
751 18
752 17
753 19
754 17
755 17
756 18
757 18
758 17
759 17
760 18
761 18
762 18
763 18
764 18
765 18
766 17
767 19
768 18
769 18
770 18
771 19
772 19
773 18
774 18
775 17
776 17
777 18
778 17
779 17
780 17
781 18
782 17
783 17
784 18
785 17
786 27
787 19
788 18
789 19
790 17
791 25
792 18
793 18
794 17
795 17
796 18
797 17
798 18
799 17
800 17
801 17
802 17
803 17
804 17
805 18
806 17
807 17
808 19
809 17
810 18
811 18
812 17
813 18
814 19
815 18
816 17
817 17
818 18
819 18
820 17
821 18
822 17
823 17
824 19
825 19
826 18
827 17
828 17
829 18
830 18
831 17
832 17
833 17
834 18
835 17
836 18
837 18
838 18
839 17
840 17
841 18
842 17
843 17
844 17
845 18
846 17
847 17
848 19
849 18
850 18
851 17
852 17
853 17
854 17
855 18
856 17
857 17
858 17
859 18
860 19
861 18
862 17
863 18
864 17
865 18
866 17
867 17
868 18
869 17
870 18
871 17
872 17
873 17
874 18
875 18
876 19
877 18
878 18
879 18
880 17
881 17
882 17
883 17
884 17
885 19
886 19
887 18
888 18
889 18
890 18
891 19
892 17
893 18
894 17
895 17
896 18
897 18
898 18
899 18
900 18
901 17
902 17
903 17
904 18
905 18
906 18
907 18
908 18
909 172
910 21
911 19
912 19
913 17
914 18
915 17
916 18
917 17
918 18
919 17
920 18
921 18
922 18
923 18
924 17
925 17
926 17
927 17
928 19
929 17
930 17
931 17
932 17
933 17
934 18
935 18
936 18
937 17
938 18
939 18
940 19
941 18
942 18
943 18
944 18
945 17
946 18
947 17
948 18
949 17
950 30
951 18
952 18
953 17
954 18
955 17
956 18
957 18
958 18
959 18
960 18
961 18
962 18
963 18
964 18
965 18
966 18
967 17
968 18
969 19
970 18
971 18
972 19
973 18
974 18
975 17
976 17
977 17
978 17
979 17
980 17
981 17
982 17
983 18
984 18
985 18
986 18
987 18
988 18
989 18
990 18
991 18
992 17
993 17
994 18
995 32
996 19
997 17
998 18
999 17
1000 18
1001 18
1002 18
1003 17
1004 18
1005 17
1006 17
1007 17
1008 17
1009 17
1010 25
1011 18
1012 17
1013 17
1014 17
1015 18
1016 18
1017 17
1018 18
1019 17
1020 17
1021 17
1022 17
1023 17
1024 17
1025 17
1026 17
1027 17
1028 17
1029 18
1030 18
1031 17
1032 18
1033 17
1034 17
1035 17
1036 17
1037 17
1038 17
1039 17
1040 17
1041 18
1042 17
1043 17
1044 17
1045 18
1046 18
1047 18
1048 18
1049 17
1050 17
1051 17
1052 17
1053 17
1054 17
1055 17
1056 17
1057 17
1058 17
1059 17
1060 17
1061 18
1062 17
1063 17
1064 17
1065 17
1066 17
1067 17
1068 17
1069 17
1070 17
1071 17
1072 17
1073 17
1074 17
1075 17
1076 17
1077 17
1078 17
1079 17
1080 17
1081 19
1082 18
1083 18
1084 18
1085 17
1086 17
1087 17
1088 17
1089 17
1090 17
1091 17
1092 17
1093 17
1094 17
1095 17
1096 17
1097 17
1098 17
1099 17
1100 18
1101 18
1102 18
1103 17
1104 17
1105 17
1106 18
1107 18
1108 17
1109 17
1110 17
1111 17
1112 17
1113 17
1114 17
1115 18
1116 18
1117 17
1118 17
1119 17
1120 17
1121 17
1122 17
1123 17
1124 17
1125 17
1126 17
1127 17
1128 18
1129 17
1130 17
1131 17
1132 17
1133 17
1134 17
1135 17
1136 17
1137 17
1138 17
1139 18
1140 18
1141 18
1142 17
1143 17
1144 17
1145 17
1146 18
1147 18
1148 18
1149 18
1150 18
1151 18
1152 17
1153 17
1154 18
1155 18
1156 28
1157 18
1158 17
1159 17
1160 17
1161 17
1162 17
1163 17
1164 17
1165 17
1166 17
1167 17
1168 17
1169 17
1170 17
1171 18
1172 17
1173 18
1174 19
1175 17
1176 18
1177 18
1178 19
1179 18
1180 17
1181 18
1182 18
1183 17
1184 18
1185 18
1186 17
1187 18
1188 18
1189 18
1190 20
1191 18
1192 18
1193 18
1194 17
1195 18
1196 18
1197 17
1198 17
1199 18
1200 17
1201 19
1202 18
1203 18
1204 18
1205 18
1206 18
1207 17
1208 18
1209 17
1210 18
1211 18
1212 19
1213 17
1214 18
1215 17
1216 18
1217 18
1218 18
1219 18
1220 18
1221 18
1222 18
1223 17
1224 17
1225 17
1226 18
1227 18
1228 18
1229 18
1230 17
1231 17
1232 17
1233 18
1234 19
1235 19
1236 18
1237 18
1238 18
1239 18
1240 18
1241 17
1242 18
1243 18
1244 18
1245 18
1246 18
1247 17
1248 17
1249 18
1250 18
1251 19
1252 18
1253 18
1254 18
1255 18
1256 17
1257 18
1258 19
1259 18
1260 18
1261 17
1262 18
1263 18
1264 17
1265 18
1266 17
1267 19
1268 18
1269 18
1270 18
1271 17
1272 17
1273 17
1274 18
1275 18
1276 18
1277 17
1278 17
1279 18
1280 17
1281 17
1282 17
1283 27
1284 18
1285 17
1286 17
1287 17
1288 18
1289 18
1290 17
1291 17
1292 17
1293 17
1294 17
1295 17
1296 17
1297 18
1298 17
1299 17
1300 18
1301 18
1302 18
1303 17
1304 18
1305 28
1306 18
1307 18
1308 18
1309 17
1310 18
1311 19
1312 17
1313 17
1314 18
1315 18
1316 18
1317 19
1318 18
1319 17
1320 18
1321 18
1322 17
1323 18
1324 18
1325 17
1326 17
1327 18
1328 17
1329 17
1330 18
1331 17
1332 17
1333 19
1334 18
1335 18
1336 17
1337 18
1338 18
1339 18
1340 18
1341 20
1342 17
1343 18
1344 18
1345 17
1346 18
1347 17
1348 17
1349 27
1350 19
1351 17
1352 18
1353 18
1354 17
1355 18
1356 17
1357 17
1358 17
1359 17
1360 17
1361 19
1362 18
1363 17
1364 18
1365 18
1366 18
1367 18
1368 17
1369 17
1370 17
1371 18
1372 18
1373 18
1374 18
1375 18
1376 18
1377 19
1378 19
1379 18
1380 17
1381 18
1382 17
1383 17
1384 17
1385 17
1386 17
1387 17
1388 17
1389 17
1390 17
1391 17
1392 17
1393 17
1394 18
1395 19
1396 18
1397 18
1398 18
1399 18
1400 17
1401 18
1402 18
1403 18
1404 18
1405 19
1406 19
1407 18
1408 18
1409 18
1410 18
1411 19
1412 18
1413 17
1414 19
1415 18
1416 17
1417 17
1418 17
1419 18
1420 18
1421 18
1422 17
1423 17
1424 18
1425 18
1426 17
1427 17
1428 17
1429 27
1430 18
1431 18
1432 21
1433 26
1434 27
1435 18
1436 17
1437 25
1438 18
1439 17
1440 17
1441 17
1442 17
1443 17
1444 17
1445 17
1446 17
1447 17
1448 17
1449 18
1450 18
1451 17
1452 17
1453 18
1454 17
1455 17
1456 17
1457 17
1458 17
1459 18
1460 17
1461 17
1462 17
1463 17
1464 17
1465 17
1466 18
1467 18
1468 18
1469 18
1470 17
1471 18
1472 18
1473 18
1474 18
1475 17
1476 17
1477 18
1478 17
1479 17
1480 17
1481 18
1482 17
1483 18
1484 18
1485 18
1486 17
1487 18
1488 19
1489 18
1490 18
1491 17
1492 17
1493 17
1494 17
1495 17
1496 17
1497 17
1498 17
1499 17
1500 17
1501 17
1502 18
1503 18
1504 18
1505 19
1506 18
1507 17
1508 17
1509 17
1510 17
1511 17
1512 17
1513 17
1514 17
1515 17
1516 17
1517 17
1518 17
1519 17
1520 17
1521 18
1522 19
1523 17
1524 17
1525 17
1526 17
1527 17
1528 17
1529 18
1530 17
1531 17
1532 18
1533 19
1534 17
1535 18
1536 18
1537 17
1538 18
1539 17
1540 18
1541 18
1542 17
1543 17
1544 19
1545 18
1546 18
1547 18
1548 19
1549 18
1550 19
1551 18
1552 18
1553 17
1554 18
1555 17
1556 18
1557 18
1558 17
1559 17
1560 18
1561 18
1562 17
1563 17
1564 18
1565 18
1566 19
1567 18
1568 18
1569 18
1570 18
1571 18
1572 17
1573 18
1574 18
1575 18
1576 17
1577 17
1578 18
1579 17
1580 18
1581 18
1582 17
1583 19
1584 17
1585 18
1586 18
1587 19
1588 18
1589 17
1590 17
1591 17
1592 17
1593 17
1594 18
1595 18
1596 17
1597 18
1598 17
1599 17
1600 18
1601 18
1602 17
1603 18
1604 18
1605 17
1606 18
1607 19
1608 19
1609 18
1610 18
1611 17
1612 18
1613 167
1614 18
1615 18
1616 19
1617 18
1618 18
1619 17
1620 17
1621 17
1622 17
1623 17
1624 17
1625 17
1626 18
1627 18
1628 18
1629 17
1630 17
1631 17
1632 17
1633 17
1634 17
1635 17
1636 17
1637 18
1638 19
1639 18
1640 18
1641 18
1642 18
1643 19
1644 18
1645 18
1646 17
1647 18
1648 18
1649 17
1650 17
1651 17
1652 18
1653 18
1654 17
1655 17
1656 18
1657 18
1658 17
1659 29
1660 18
1661 18
1662 18
1663 17
1664 17
1665 18
1666 18
1667 18
1668 17
1669 17
1670 17
1671 18
1672 18
1673 18
1674 17
1675 18
1676 19
1677 18
1678 18
1679 17
1680 17
1681 18
1682 17
1683 18
1684 18
1685 17
1686 17
1687 18
1688 17
1689 18
1690 18
1691 18
1692 28
1693 18
1694 17
1695 18
1696 18
1697 18
1698 19
1699 17
1700 18
1701 18
1702 17
1703 18
1704 19
1705 18
1706 17
1707 18
1708 18
1709 17
1710 18
1711 18
1712 17
1713 18
1714 18
1715 17
1716 17
1717 17
1718 17
1719 17
1720 18
1721 19
1722 19
1723 19
1724 18
1725 18
1726 18
1727 17
1728 17
1729 17
1730 17
1731 17
1732 17
1733 17
1734 18
1735 17
1736 16
1737 18
1738 17
1739 17
1740 17
1741 18
1742 17
1743 18
1744 18
1745 17
1746 17
1747 19
1748 17
1749 18
1750 18
1751 19
1752 18
1753 17
1754 17
1755 18
1756 17
1757 17
1758 18
1759 18
1760 17
1761 17
1762 17
1763 17
1764 18
1765 18
1766 18
1767 18
1768 17
1769 18
1770 18
1771 18
1772 17
1773 18
1774 17
1775 17
1776 18
1777 18
1778 17
1779 17
1780 18
1781 22
1782 17
1783 19
1784 24
1785 19
1786 18
1787 27
1788 19
1789 18
1790 18
1791 18
1792 18
1793 17
1794 17
1795 17
1796 18
1797 18
1798 18
1799 18
1800 18
1801 18
1802 18
1803 26
1804 18
1805 17
1806 18
1807 18
1808 17
1809 17
1810 17
1811 17
1812 18
1813 18
1814 27
1815 18
1816 18
1817 17
1818 17
1819 18
1820 19
1821 17
1822 18
1823 18
1824 18
1825 17
1826 17
1827 18
1828 17
1829 18
1830 17
1831 18
1832 18
1833 17
1834 17
1835 18
1836 18
1837 18
1838 17
1839 18
1840 18
1841 17
1842 18
1843 18
1844 17
1845 17
1846 18
1847 17
1848 17
1849 18
1850 18
1851 17
1852 27
1853 18
1854 17
1855 18
1856 18
1857 17
1858 18
1859 18
1860 17
1861 18
1862 18
1863 17
1864 17
1865 18
1866 17
1867 17
1868 18
1869 18
1870 18
1871 17
1872 30
1873 18
1874 17
1875 18
1876 17
1877 18
1878 18
1879 25
1880 19
1881 18
1882 18
1883 18
1884 17
1885 17
1886 17
1887 18
1888 17
1889 17
1890 18
1891 18
1892 17
1893 18
1894 18
1895 17
1896 19
1897 18
1898 18
1899 18
1900 18
1901 18
1902 19
1903 18
1904 17
1905 18
1906 18
1907 19
1908 17
1909 18
1910 18
1911 17
1912 18
1913 17
1914 17
1915 17
1916 17
1917 17
1918 18
1919 19
1920 18
1921 17
1922 17
1923 18
1924 18
1925 18
1926 18
1927 17
1928 18
1929 19
1930 18
1931 18
1932 18
1933 18
1934 19
1935 18
1936 18
1937 17
1938 17
1939 18
1940 18
1941 18
1942 18
1943 17
1944 18
1945 18
1946 17
1947 18
1948 18
1949 18
1950 18
1951 18
1952 18
1953 18
1954 17
1955 17
1956 18
1957 17
1958 17
1959 31
1960 18
1961 17
1962 17
1963 18
1964 17
1965 17
1966 17
1967 18
1968 17
1969 18
1970 18
1971 17
1972 17
1973 17
1974 17
1975 17
1976 17
1977 17
1978 17
1979 17
1980 17
1981 17
1982 17
1983 17
1984 17
1985 18
1986 18
1987 17
1988 17
1989 17
1990 17
1991 17
1992 17
1993 17
1994 17
1995 17
1996 17
1997 17
1998 17
1999 17
2000 17
2001 18
2002 17
2003 17
2004 17
2005 17
2006 17
2007 18
2008 17
2009 17
2010 17
2011 17
2012 18
2013 18
2014 18
2015 18
2016 18
2017 18
2018 17
2019 18
2020 18
2021 18
2022 18
2023 18
2024 18
2025 18
2026 17
2027 17
2028 17
2029 17
2030 17
2031 17
2032 18
2033 18
2034 19
2035 18
2036 18
2037 18
2038 17
2039 17
2040 17
2041 18
2042 17
2043 17
2044 17
2045 17
2046 17
2047 17
2048 18
2049 17
2050 17
2051 17
2052 17
2053 17
2054 17
2055 18
2056 17
2057 17
2058 18
2059 18
2060 18
2061 18
2062 18
2063 17
2064 17
2065 17
2066 17
2067 17
2068 17
2069 17
2070 17
2071 17
2072 17
2073 17
2074 18
2075 18
2076 17
2077 18
2078 18
2079 17
2080 17
2081 17
2082 17
2083 17
2084 17
2085 18
2086 18
2087 18
2088 17
2089 18
2090 17
2091 17
2092 18
2093 17
2094 17
2095 17
2096 18
2097 21
2098 18
2099 18
2100 17
2101 18
2102 18
2103 17
2104 17
2105 17
2106 17
2107 17
2108 17
2109 18
2110 17
2111 17
2112 17
2113 17
2114 17
2115 17
2116 17
2117 17
2118 17
2119 17
2120 17
2121 17
2122 16
2123 17
2124 17
2125 18
2126 17
2127 17
2128 17
2129 17
2130 17
2131 18
2132 18
2133 17
2134 17
2135 17
2136 17
2137 17
2138 17
2139 17
2140 17
2141 19
2142 17
2143 17
2144 17
2145 17
2146 17
2147 17
2148 17
2149 17
2150 17
2151 17
2152 17
2153 17
2154 17
2155 17
2156 17
2157 17
2158 17
2159 17
2160 17
2161 19
2162 17
2163 17
2164 17
2165 17
2166 18
2167 17
2168 17
2169 17
2170 17
2171 17
2172 17
2173 17
2174 19
2175 17
2176 18
2177 18
2178 18
2179 17
2180 18
2181 18
2182 17
2183 19
2184 17
2185 17
2186 17
2187 18
2188 18
2189 18
2190 18
2191 18
2192 17
2193 18
2194 17
2195 17
2196 17
2197 18
2198 18
2199 18
2200 19
2201 18
2202 17
2203 17
2204 17
2205 18
2206 18
2207 18
2208 17
2209 17
2210 18
2211 18
2212 17
2213 18
2214 17
2215 17
2216 17
2217 18
2218 18
2219 17
2220 17
2221 17
2222 17
2223 18
2224 19
2225 19
2226 18
2227 18
2228 18
2229 18
2230 18
2231 17
2232 17
2233 17
2234 17
2235 18
2236 17
2237 17
2238 28
2239 19
2240 17
2241 17
2242 17
2243 18
2244 20
2245 17
2246 18
2247 18
2248 17
2249 17
2250 17
2251 18
2252 17
2253 18
2254 18
2255 19
2256 17
2257 18
2258 17
2259 19
2260 18
2261 17
2262 17
2263 18
2264 18
2265 17
2266 17
2267 17
2268 17
2269 17
2270 18
2271 17
2272 17
2273 18
2274 18
2275 17
2276 17
2277 17
2278 26
2279 19
2280 18
2281 17
2282 17
2283 18
2284 18
2285 18
2286 17
2287 17
2288 18
2289 19
2290 17
2291 18
2292 18
2293 18
2294 19
2295 19
2296 17
2297 18
2298 18
2299 17
2300 17
2301 17
2302 18
2303 18
2304 19
2305 20
2306 18
2307 17
2308 18
2309 17
2310 18
2311 18
2312 17
2313 17
2314 17
2315 17
2316 18
2317 18
2318 171
2319 20
2320 20
2321 18
2322 17
2323 17
2324 17
2325 17
2326 17
2327 18
2328 18
2329 18
2330 17
2331 17
2332 17
2333 17
2334 17
2335 17
2336 17
2337 19
2338 17
2339 18
2340 18
2341 17
2342 18
2343 17
2344 17
2345 18
2346 17
2347 17
2348 19
2349 17
2350 17
2351 18
2352 17
2353 18
2354 19
2355 18
2356 17
2357 18
2358 18
2359 19
2360 17
2361 17
2362 18
2363 19
2364 18
2365 17
2366 17
2367 17
2368 18
2369 17
2370 18
2371 18
2372 17
2373 18
2374 17
2375 28
2376 19
2377 17
2378 17
2379 18
2380 17
2381 17
2382 17
2383 17
2384 17
2385 17
2386 17
2387 17
2388 17
2389 17
2390 17
2391 17
2392 18
2393 18
2394 17
2395 18
2396 17
2397 18
2398 18
2399 19
2400 18
2401 18
2402 17
2403 18
2404 19
2405 17
2406 18
2407 17
2408 18
2409 18
2410 17
2411 17
2412 18
2413 18
2414 18
2415 18
2416 18
2417 18
2418 18
2419 18
2420 18
2421 17
2422 18
2423 18
2424 18
2425 17
2426 18
2427 17
2428 17
2429 18
2430 18
2431 19
2432 17
2433 17
2434 18
2435 18
2436 17
2437 17
2438 17
2439 18
2440 18
2441 18
2442 19
2443 18
2444 17
2445 18
2446 18
2447 18
2448 18
2449 17
2450 17
2451 18
2452 18
2453 18
2454 18
2455 17
2456 18
2457 17
2458 27
2459 18
2460 18
2461 17
2462 17
2463 18
2464 17
2465 18
2466 18
2467 18
2468 18
2469 18
2470 18
2471 18
2472 17
2473 18
2474 18
2475 18
2476 17
2477 18
2478 17
2479 17
2480 18
2481 18
2482 18
2483 18
2484 17
2485 22
2486 17
2487 27
2488 19
2489 18
2490 17
2491 18
2492 18
2493 17
2494 18
2495 18
2496 18
2497 19
2498 18
2499 18
2500 17
2501 17
2502 18
2503 18
2504 17
2505 18
2506 18
2507 19
2508 19
2509 18
2510 17
2511 18
2512 28
2513 18
2514 18
2515 18
2516 18
2517 17
2518 17
2519 17
2520 17
2521 18
2522 17
2523 18
2524 18
2525 18
2526 17
2527 18
2528 18
2529 19
2530 17
2531 18
2532 17
2533 18
2534 17
2535 17
2536 17
2537 18
2538 18
2539 17
2540 17
2541 17
2542 17
2543 18
2544 18
2545 17
2546 18
2547 18
2548 18
2549 18
2550 17
2551 18
2552 17
2553 18
2554 18
2555 18
2556 18
2557 17
2558 17
2559 18
2560 18
2561 18
2562 28
2563 18
2564 18
2565 18
2566 18
2567 17
2568 18
2569 17
2570 18
2571 17
2572 17
2573 17
2574 17
2575 17
2576 18
2577 17
2578 18
2579 18
2580 19
2581 17
2582 18
2583 18
2584 19
2585 19
2586 18
2587 17
2588 17
2589 17
2590 17
2591 17
2592 18
2593 17
2594 18
2595 18
2596 18
2597 18
2598 18
2599 18
2600 18
2601 18
2602 18
2603 18
2604 17
2605 18
2606 18
2607 17
2608 17
2609 17
2610 18
2611 19
2612 17
2613 17
2614 17
2615 17
2616 17
2617 17
2618 17
2619 17
2620 17
2621 17
2622 18
2623 18
2624 18
2625 19
2626 18
2627 17
2628 17
2629 17
2630 17
2631 17
2632 17
2633 18
2634 18
2635 18
2636 18
2637 18
2638 17
2639 17
2640 17
2641 17
2642 18
2643 17
2644 18
2645 18
2646 17
2647 19
2648 18
2649 20
2650 18
2651 18
2652 18
2653 18
2654 18
2655 18
2656 17
2657 18
2658 18
2659 17
2660 17
2661 18
2662 17
2663 19
2664 18
2665 40
2666 18
2667 18
2668 18
2669 17
2670 18
2671 17
2672 18
2673 17
2674 17
2675 18
2676 18
2677 18
2678 29
2679 19
2680 18
2681 18
2682 18
2683 18
2684 17
2685 18
2686 18
2687 17
2688 19
2689 18
2690 18
2691 18
2692 17
2693 17
2694 18
2695 18
2696 17
2697 17
2698 17
2699 17
2700 18
2701 19
2702 18
2703 18
2704 18
2705 17
2706 17
2707 18
2708 17
2709 17
2710 17
2711 18
2712 18
2713 18
2714 18
2715 18
2716 18
2717 17
2718 17
2719 18
2720 17
2721 18
2722 18
2723 18
2724 17
2725 17
2726 17
2727 18
2728 18
2729 19
2730 18
2731 18
2732 17
2733 17
2734 17
2735 17
2736 18
2737 17
2738 17
2739 18
2740 18
2741 18
2742 17
2743 18
2744 18
2745 18
2746 17
2747 18
2748 17
2749 17
2750 17
2751 16
2752 18
2753 18
2754 17
2755 17
2756 19
2757 18
2758 18
2759 17
2760 17
2761 17
2762 17
2763 17
2764 17
2765 17
2766 17
2767 17
2768 17
2769 17
2770 17
2771 17
2772 18
2773 18
2774 17
2775 18
2776 18
2777 17
2778 18
2779 18
2780 18
2781 18
2782 19
2783 17
2784 18
2785 18
2786 18
2787 18
2788 17
2789 17
2790 19
2791 19
2792 17
2793 17
2794 17
2795 18
2796 19
2797 18
2798 18
2799 18
2800 17
2801 17
2802 17
2803 17
2804 17
2805 17
2806 26
2807 19
2808 17
2809 17
2810 17
2811 17
2812 17
2813 17
2814 17
2815 17
2816 17
2817 17
2818 17
2819 17
2820 17
2821 18
2822 18
2823 18
2824 18
2825 18
2826 17
2827 18
2828 17
2829 17
2830 17
2831 17
2832 17
2833 17
2834 17
2835 18
2836 27
2837 18
2838 17
2839 18
2840 17
2841 17
2842 26
2843 18
2844 17
2845 17
2846 18
2847 18
2848 18
2849 18
2850 28
2851 18
2852 17
2853 18
2854 18
2855 17
2856 19
2857 18
2858 17
2859 17
2860 19
2861 19
2862 18
2863 17
2864 17
2865 18
2866 18
2867 18
2868 19
2869 17
2870 18
2871 17
2872 18
2873 18
2874 18
2875 18
2876 18
2877 18
2878 17
2879 19
2880 18
2881 18
2882 18
2883 18
2884 17
2885 17
2886 17
2887 17
2888 17
2889 18
2890 18
2891 18
2892 17
2893 18
2894 18
2895 17
2896 17
2897 17
2898 17
2899 18
2900 18
2901 18
2902 18
2903 17
2904 17
2905 17
2906 17
2907 17
2908 17
2909 17
2910 17
2911 17
2912 17
2913 17
2914 17
2915 17
2916 17
2917 18
2918 18
2919 18
2920 17
2921 17
2922 17
2923 17
2924 18
2925 17
2926 17
2927 18
2928 17
2929 17
2930 17
2931 17
2932 17
2933 18
2934 18
2935 18
2936 18
2937 17
2938 17
2939 17
2940 18
2941 18
2942 18
2943 17
2944 17
2945 17
2946 17
2947 18
2948 18
2949 17
2950 17
2951 18
2952 17
2953 18
2954 17
2955 18
2956 27
2957 18
2958 18
2959 17
2960 17
2961 17
2962 17
2963 18
2964 18
2965 18
2966 18
2967 25
2968 18
2969 18
2970 18
2971 17
2972 18
2973 18
2974 18
2975 18
2976 18
2977 17
2978 17
2979 17
2980 18
2981 17
2982 17
2983 17
2984 18
2985 18
2986 18
2987 17
2988 17
2989 27
2990 18
2991 18
2992 17
2993 17
2994 18
2995 18
2996 18
2997 18
2998 18
2999 18
3000 18
3001 18
3002 18
3003 17
3004 17
3005 17
3006 17
3007 17
3008 17
3009 17
3010 17
3011 17
3012 17
3013 17
3014 17
3015 17
3016 17
3017 17
3018 17
3019 18
3020 33
3021 18
3022 17
3023 17
3024 17
3025 18
3026 17
3027 18
3028 17
3029 17
3030 18
3031 18
3032 18
3033 18
3034 18
3035 17
3036 17
3037 17
3038 17
3039 28
3040 18
3041 18
3042 18
3043 18
3044 18
3045 17
3046 17
3047 17
3048 17
3049 17
3050 18
3051 19
3052 19
3053 18
3054 17
3055 18
3056 20
3057 18
3058 18
3059 18
3060 17
3061 18
3062 18
3063 17
3064 18
3065 18
3066 17
3067 17
3068 17
3069 17
3070 17
3071 17
3072 17
3073 19
3074 18
3075 17
3076 17
3077 17
3078 17
3079 17
3080 18
3081 18
3082 17
3083 26
3084 19
3085 18
3086 18
3087 17
3088 18
3089 18
3090 18
3091 17
3092 17
3093 18
3094 18
3095 19
3096 18
3097 18
3098 18
3099 18
3100 18
3101 17
3102 18
3103 18
3104 17
3105 19
3106 20
3107 18
3108 17
3109 18
3110 18
3111 17
3112 17
3113 18
3114 17
3115 17
3116 27
3117 18
3118 17
3119 18
3120 20
3121 17
3122 17
3123 17
3124 17
3125 16
3126 17
3127 18
3128 19
3129 18
3130 18
3131 17
3132 18
3133 20
3134 18
3135 17
3136 17
3137 17
3138 17
3139 17
3140 17
3141 17
3142 18
3143 17
3144 17
3145 17
3146 17
3147 18
3148 17
3149 17
3150 17
3151 17
3152 17
3153 17
3154 17
3155 17
3156 17
3157 18
3158 18
3159 18
3160 18
3161 17
3162 18
3163 17
3164 17
3165 18
3166 18
3167 17
3168 17
3169 18
3170 18
3171 17
3172 17
3173 17
3174 18
3175 18
3176 17
3177 17
3178 18
3179 18
3180 17
3181 18
3182 18
3183 17
3184 20
3185 18
3186 17
3187 18
3188 18
3189 18
3190 18
3191 20
3192 19
3193 18
3194 18
3195 17
3196 17
3197 20
3198 19
3199 18
3200 18
3201 18
3202 18
3203 18
3204 18
3205 18
3206 17
3207 18
3208 18
3209 17
3210 17
3211 18
3212 18
3213 18
3214 17
3215 17
3216 18
3217 18
3218 17
3219 17
3220 17
3221 18
3222 19
3223 19
3224 18
3225 17
3226 18
3227 17
3228 17
3229 17
3230 17
3231 17
3232 17
3233 17
3234 17
3235 18
3236 18
3237 18
3238 18
3239 17
3240 18
3241 18
3242 17
3243 17
3244 17
3245 18
3246 18
3247 18
3248 20
3249 18
3250 18
3251 18
3252 18
3253 17
3254 17
3255 17
3256 17
3257 18
3258 18
3259 17
3260 17
3261 17
3262 17
3263 18
3264 18
3265 17
3266 17
3267 17
3268 17
3269 17
3270 17
3271 17
3272 18
3273 18
3274 17
3275 18
3276 18
3277 18
3278 17
3279 17
3280 17
3281 17
3282 17
3283 18
3284 18
3285 17
3286 17
3287 17
3288 17
3289 17
3290 17
3291 18
3292 18
3293 17
3294 17
3295 18
3296 18
3297 17
3298 18
3299 18
3300 18
3301 18
3302 18
3303 17
3304 17
3305 18
3306 18
3307 18
3308 17
3309 17
3310 17
3311 17
3312 19
3313 18
3314 17
3315 17
3316 17
3317 17
3318 17
3319 17
3320 17
3321 18
3322 18
3323 18
3324 17
3325 17
3326 17
3327 17
3328 17
3329 18
3330 18
3331 18
3332 17
3333 17
3334 17
3335 18
3336 18
3337 18
3338 17
3339 17
3340 17
3341 17
3342 18
3343 18
3344 18
3345 17
3346 17
3347 18
3348 18
3349 17
3350 17
3351 17
3352 17
3353 17
3354 18
3355 18
3356 18
3357 18
3358 18
3359 17
3360 17
3361 17
3362 28
3363 18
3364 17
3365 17
3366 17
3367 18
3368 17
3369 17
3370 17
3371 17
3372 17
3373 17
3374 17
3375 17
3376 24
3377 29
3378 19
3379 18
3380 19
3381 18
3382 25
3383 19
3384 18
3385 18
3386 17
3387 17
3388 17
3389 17
3390 17
3391 18
3392 18
3393 18
3394 18
3395 18
3396 18
3397 18
3398 17
3399 17
3400 17
3401 17
3402 17
3403 17
3404 17
3405 17
3406 17
3407 17
3408 17
3409 17
3410 18
3411 18
3412 18
3413 18
3414 18
3415 18
3416 17
3417 18
3418 18
3419 18
3420 18
3421 17
3422 18
3423 18
3424 18
3425 18
3426 17
3427 19
3428 17
3429 18
3430 18
3431 18
3432 18
3433 19
3434 17
3435 18
3436 18
3437 18
3438 17
3439 18
3440 18
3441 17
3442 18
3443 18
3444 18
3445 18
3446 17
3447 18
3448 17
3449 19
3450 18
3451 18
3452 17
3453 18
3454 18
3455 18
3456 17
3457 18
3458 17
3459 18
3460 18
3461 17
3462 17
3463 18
3464 18
3465 27
3466 19
3467 18
3468 18
3469 17
3470 17
3471 19
3472 17
3473 18
3474 18
3475 18
3476 18
3477 19
3478 18
3479 17
3480 17
3481 18
3482 17
3483 18
3484 18
3485 17
3486 17
3487 18
3488 19
3489 18
3490 17
3491 17
3492 17
3493 18
3494 18
3495 17
3496 17
3497 17
3498 17
3499 18
3500 17
3501 17
3502 17
3503 17
3504 17
3505 17
3506 18
3507 18
3508 17
3509 18
3510 17
3511 18
3512 18
3513 19
3514 18
3515 18
3516 18
3517 18
3518 18
3519 18
3520 17
3521 19
3522 18
3523 18
3524 18
3525 18
3526 18
3527 17
3528 17
3529 17
3530 17
3531 18
3532 17
3533 17
3534 17
3535 17
3536 17
3537 17
3538 18
3539 18
3540 18
3541 18
3542 17
3543 18
3544 18
3545 19
3546 24
3547 18
3548 18
3549 18
3550 17
3551 18
3552 17
3553 17
3554 18
3555 17
3556 17
3557 17
3558 17
3559 18
3560 27
3561 18
3562 17
3563 18
3564 18
3565 17
3566 18
3567 19
3568 18
3569 18
3570 18
3571 18
3572 18
3573 18
3574 17
3575 17
3576 17
3577 17
3578 17
3579 17
3580 17
3581 18
3582 17
3583 17
3584 18
3585 17
3586 17
3587 17
3588 18
3589 19
3590 17
3591 18
3592 17
3593 18
3594 18
3595 18
3596 17
3597 18
3598 17
3599 18
3600 18
3601 17
3602 18
3603 18
3604 17
3605 18
3606 17
3607 17
3608 18
3609 18
3610 17
3611 17
3612 18
3613 19
3614 18
3615 17
3616 18
3617 18
3618 18
3619 18
3620 17
3621 17
3622 27
3623 19
3624 18
3625 17
3626 17
3627 17
3628 17
3629 18
3630 18
3631 18
3632 18
3633 17
3634 17
3635 18
3636 17
3637 17
3638 17
3639 17
3640 18
3641 17
3642 17
3643 17
3644 17
3645 17
3646 18
3647 17
3648 17
3649 17
3650 25
3651 18
3652 18
3653 18
3654 18
3655 17
3656 17
3657 18
3658 17
3659 17
3660 18
3661 18
3662 17
3663 17
3664 18
3665 25
3666 19
3667 18
3668 18
3669 18
3670 17
3671 17
3672 17
3673 17
3674 17
3675 18
3676 18
3677 18
3678 19
3679 17
3680 18
3681 17
3682 17
3683 17
3684 17
3685 17
3686 17
3687 26
3688 18
3689 17
3690 18
3691 17
3692 18
3693 18
3694 17
3695 18
3696 17
3697 17
3698 18
3699 18
3700 17
3701 18
3702 18
3703 17
3704 18
3705 18
3706 18
3707 18
3708 19
3709 17
3710 18
3711 17
3712 18
3713 17
3714 18
3715 18
3716 17
3717 18
3718 17
3719 17
3720 27
3721 19
3722 35
3723 18
3724 18
3725 19
3726 18
3727 17
3728 18
3729 18
3730 18
3731 18
3732 21
3733 19
3734 17
3735 18
3736 19
3737 18
3738 17
3739 17
3740 17
3741 17
3742 17
3743 17
3744 17
3745 18
3746 18
3747 19
3748 17
3749 18
3750 17
3751 18
3752 18
3753 18
3754 18
3755 18
3756 17
3757 18
3758 18
3759 18
3760 18
3761 17
3762 18
3763 18
3764 17
3765 18
3766 18
3767 18
3768 17
3769 18
3770 17
3771 17
3772 18
3773 17
3774 17
3775 28
3776 19
3777 19
3778 18
3779 18
3780 18
3781 17
3782 18
3783 18
3784 17
3785 25
3786 18
3787 18
3788 18
3789 17
3790 18
3791 20
3792 18
3793 17
3794 17
3795 18
3796 18
3797 18
3798 17
3799 18
3800 17
3801 17
3802 17
3803 18
3804 23
3805 18
3806 18
3807 18
3808 17
3809 17
3810 17
3811 17
3812 17
3813 18
3814 18
3815 18
3816 18
3817 17
3818 17
3819 17
3820 17
3821 18
3822 18
3823 18
3824 18
3825 18
3826 17
3827 18
3828 17
3829 26
3830 19
3831 18
3832 17
3833 17
3834 17
3835 18
3836 18
3837 18
3838 17
3839 17
3840 18
3841 18
3842 18
3843 18
3844 17
3845 17
3846 17
3847 17
3848 19
3849 18
3850 17
3851 19
3852 17
3853 18
3854 18
3855 18
3856 18
3857 18
3858 18
3859 17
3860 17
3861 18
3862 18
3863 17
3864 17
3865 18
3866 18
3867 17
3868 19
3869 18
3870 18
3871 17
3872 17
3873 18
3874 17
3875 17
3876 18
3877 18
3878 17
3879 18
3880 17
3881 17
3882 20
3883 18
3884 18
3885 18
3886 17
3887 18
3888 17
3889 20
3890 20
3891 18
3892 18
3893 17
3894 18
3895 21
3896 17
3897 17
3898 22
3899 18
3900 18
3901 18
3902 17
3903 17
3904 17
3905 18
3906 18
3907 19
3908 17
3909 17
3910 17
3911 17
3912 18
3913 17
3914 18
3915 17
3916 18
3917 17
3918 18
3919 18
3920 17
3921 18
3922 18
3923 17
3924 17
3925 17
3926 18
3927 17
3928 17
3929 18
3930 18
3931 18
3932 17
3933 18
3934 18
3935 18
3936 17
3937 17
3938 17
3939 18
3940 17
3941 19
3942 17
3943 17
3944 17
3945 18
3946 19
3947 18
3948 17
3949 17
3950 18
3951 17
3952 17
3953 19
3954 18
3955 18
3956 18
3957 18
3958 18
3959 18
3960 17
3961 18
3962 18
3963 17
3964 17
3965 17
3966 17
3967 17
3968 17
3969 18
3970 17
3971 17
3972 18
3973 18
3974 18
3975 18
3976 18
3977 17
3978 17
3979 19
3980 18
3981 18
3982 17
3983 17
3984 18
3985 18
3986 17
3987 18
3988 17
3989 17
3990 18
3991 19
3992 18
3993 17
3994 17
3995 17
3996 18
3997 18
3998 18
3999 17
4000 18
4001 18
4002 18
4003 17
4004 17
4005 17
4006 17
4007 18
4008 18
4009 18
4010 17
4011 17
4012 18
4013 18
4014 17
4015 18
4016 18
4017 19
4018 17
4019 18
4020 18
4021 18
4022 17
4023 18
4024 18
4025 17
4026 18
4027 18
4028 18
4029 18
4030 17
4031 17
4032 17
4033 18
4034 18
4035 18
4036 17
4037 17
4038 17
4039 17
4040 17
4041 24
4042 17
4043 17
4044 17
4045 18
4046 18
4047 17
4048 17
4049 17
4050 18
4051 18
4052 18
4053 17
4054 17
4055 18
4056 18
4057 18
4058 18
4059 17
4060 17
4061 17
4062 18
4063 28
4064 18
4065 17
4066 18
4067 18
4068 17
4069 17
4070 17
4071 18
4072 17
4073 18
4074 17
4075 17
4076 201
4077 19
4078 18
4079 18
4080 18
4081 18
4082 18
4083 18
4084 18
4085 18
4086 18
4087 18
4088 17
4089 18
4090 17
4091 18
4092 18
4093 17
4094 18
4095 18
4096 17
4097 18
4098 17
4099 18
4100 18
4101 17
4102 17
4103 18
4104 17
4105 18
4106 18
4107 17
4108 17
4109 18
4110 18
4111 17
4112 18
4113 18
4114 17
4115 17
4116 18
4117 18
4118 17
4119 18
4120 18
4121 17
4122 19
4123 18
4124 18
4125 17
4126 18
4127 19
4128 17
4129 18
4130 18
4131 18
4132 17
4133 17
4134 17
4135 18
4136 17
4137 17
4138 18
4139 17
4140 18
4141 17
4142 17
4143 18
4144 19
4145 18
4146 18
4147 17
4148 18
4149 18
4150 17
4151 18
4152 18
4153 17
4154 17
4155 18
4156 18
4157 17
4158 17
4159 17
4160 18
4161 18
4162 17
4163 18
4164 19
4165 18
4166 17
4167 17
4168 17
4169 17
4170 17
4171 17
4172 18
4173 17
4174 17
4175 18
4176 17
4177 19
4178 18
4179 18
4180 17
4181 18
4182 18
4183 19
4184 17
4185 17
4186 17
4187 18
4188 18
4189 17
4190 18
4191 18
4192 17
4193 18
4194 18
4195 17
4196 18
4197 18
4198 17
4199 18
4200 18
4201 17
4202 18
4203 18
4204 17
4205 19
4206 18
4207 17
4208 17
4209 18
4210 18
4211 18
4212 17
4213 18
4214 18
4215 17
4216 17
4217 18
4218 18
4219 18
4220 17
4221 18
4222 19
4223 18
4224 18
4225 17
4226 18
4227 18
4228 18
4229 17
4230 18
4231 18
4232 17
4233 18
4234 17
4235 18
4236 18
4237 18
4238 17
4239 18
4240 17
4241 18
4242 17
4243 19
4244 18
4245 18
4246 30
4247 19
4248 18
4249 18
4250 17
4251 18
4252 18
4253 18
4254 18
4255 18
4256 19
4257 18
4258 18
4259 18
4260 19
4261 19
4262 18
4263 17
4264 17
4265 18
4266 18
4267 17
4268 17
4269 18
4270 18
4271 17
4272 18
4273 17
4274 18
4275 18
4276 31
4277 19
4278 18
4279 18
4280 17
4281 18
4282 19
4283 18
4284 18
4285 18
4286 17
4287 18
4288 19
4289 18
4290 17
4291 18
4292 18
4293 20
4294 17
4295 17
4296 17
4297 17
4298 17
4299 17
4300 17
4301 17
4302 17
4303 17
4304 17
4305 17
4306 17
4307 18
4308 18
4309 18
4310 19
4311 18
4312 18
4313 18
4314 18
4315 18
4316 18
4317 17
4318 17
4319 17
4320 18
4321 19
4322 18
4323 18
4324 17
4325 18
4326 18
4327 18
4328 17
4329 18
4330 17
4331 18
4332 19
4333 18
4334 17
4335 18
4336 18
4337 18
4338 18
4339 17
4340 17
4341 17
4342 20
4343 17
4344 18
4345 17
4346 18
4347 18
4348 19
4349 17
4350 17
4351 18
4352 18
4353 18
4354 17
4355 17
4356 18
4357 18
4358 17
4359 19
4360 19
4361 18
4362 17
4363 18
4364 18
4365 17
4366 18
4367 18
4368 17
4369 18
4370 17
4371 17
4372 18
4373 18
4374 17
4375 17
4376 17
4377 18
4378 18
4379 17
4380 17
4381 18
4382 18
4383 17
4384 17
4385 18
4386 21
4387 18
4388 18
4389 19
4390 18
4391 18
4392 18
4393 17
4394 17
4395 17
4396 17
4397 17
4398 17
4399 17
4400 18
4401 18
4402 17
4403 17
4404 18
4405 17
4406 18
4407 17
4408 18
4409 17
4410 17
4411 17
4412 17
4413 17
4414 18
4415 19
4416 19
4417 18
4418 17
4419 18
4420 18
4421 18
4422 18
4423 18
4424 18
4425 17
4426 17
4427 18
4428 17
4429 19
4430 17
4431 18
4432 18
4433 18
4434 18
4435 17
4436 18
4437 19
4438 19
4439 19
4440 17
4441 18
4442 18
4443 19
4444 18
4445 18
4446 17
4447 18
4448 18
4449 18
4450 17
4451 17
4452 18
4453 17
4454 17
4455 18
4456 18
4457 18
4458 18
4459 20
4460 18
4461 18
4462 18
4463 19
4464 18
4465 18
4466 19
4467 17
4468 17
4469 18
4470 20
4471 18
4472 18
4473 18
4474 19
4475 18
4476 19
4477 18
4478 17
4479 18
4480 29
4481 18
4482 17
4483 18
4484 18
4485 18
4486 18
4487 17
4488 17
4489 17
4490 17
4491 25
4492 18
4493 18
4494 18
4495 17
4496 18
4497 20
4498 18
4499 18
4500 17
4501 18
4502 18
4503 17
4504 18
4505 18
4506 18
4507 18
4508 20
4509 17
4510 18
4511 17
4512 18
4513 17
4514 18
4515 18
4516 17
4517 18
4518 18
4519 17
4520 18
4521 17
4522 18
4523 17
4524 19
4525 18
4526 18
4527 19
4528 19
4529 18
4530 19
4531 18
4532 19
4533 18
4534 18
4535 19
4536 18
4537 18
4538 19
4539 17
4540 19
4541 19
4542 18
4543 19
4544 18
4545 19
4546 18
4547 19
4548 18
4549 18
4550 18
4551 20
4552 20
4553 17
4554 18
4555 18
4556 18
4557 18
4558 18
4559 17
4560 19
4561 18
4562 17
4563 18
4564 17
4565 17
4566 18
4567 17
4568 17
4569 17
4570 17
4571 17
4572 18
4573 17
4574 17
4575 17
4576 18
4577 17
4578 18
4579 18
4580 17
4581 18
4582 18
4583 17
4584 17
4585 29
4586 19
4587 17
4588 18
4589 18
4590 18
4591 18
4592 18
4593 18
4594 17
4595 17
4596 17
4597 23
4598 18
4599 18
4600 18
4601 19
4602 19
4603 18
4604 18
4605 17
4606 17
4607 17
4608 17
4609 18
4610 17
4611 18
4612 19
4613 18
4614 19
4615 18
4616 17
4617 18
4618 18
4619 17
4620 18
4621 17
4622 17
4623 18
4624 17
4625 17
4626 18
4627 18
4628 18
4629 20
4630 18
4631 18
4632 18
4633 18
4634 17
4635 18
4636 18
4637 18
4638 17
4639 18
4640 18
4641 17
4642 17
4643 18
4644 19
4645 20
4646 18
4647 19
4648 18
4649 27
4650 18
4651 17
4652 18
4653 18
4654 17
4655 18
4656 17
4657 17
4658 18
4659 20
4660 18
4661 21
4662 19
4663 18
4664 17
4665 18
4666 19
4667 19
4668 19
4669 18
4670 19
4671 17
4672 20
4673 20
4674 17
4675 19
4676 21
4677 22
4678 18
4679 17
4680 19
4681 28
4682 18
4683 20
4684 20
4685 18
4686 18
4687 18
4688 19
4689 19
4690 20
4691 17
4692 18
4693 19
4694 17
4695 18
4696 18
4697 18
4698 17
4699 18
4700 18
4701 18
4702 18
4703 17
4704 17
4705 18
4706 18
4707 17
4708 18
4709 18
4710 17
4711 18
4712 18
4713 18
4714 28
4715 19
4716 17
4717 18
4718 18
4719 17
4720 18
4721 18
4722 18
4723 17
4724 25
4725 19
4726 18
4727 18
4728 19
4729 19
4730 18
4731 18
4732 18
4733 18
4734 18
4735 18
4736 18
4737 18
4738 18
4739 17
4740 18
4741 18
4742 19
4743 19
4744 18
4745 18
4746 19
4747 19
4748 20
4749 18
4750 19
4751 18
4752 18
4753 17
4754 17
4755 17
4756 17
4757 18
4758 19
4759 18
4760 18
4761 18
4762 17
4763 18
4764 17
4765 17
4766 18
4767 18
4768 17
4769 18
4770 31
4771 18
4772 18
4773 20
4774 17
4775 18
4776 19
4777 17
4778 18
4779 20
4780 19
4781 17
4782 18
4783 20
4784 23
4785 18
4786 18
4787 17
4788 18
4789 22
4790 20
4791 19
4792 18
4793 18
4794 18
4795 18
4796 18
4797 19
4798 18
4799 18
4800 18
4801 18
4802 19
4803 18
4804 18
4805 20
4806 18
4807 18
4808 17
4809 18
4810 19
4811 20
4812 19
4813 18
4814 18
4815 20
4816 26
4817 18
4818 19
4819 19
4820 19
4821 19
4822 19
4823 20
4824 19
4825 19
4826 19
4827 20
4828 19
4829 20
4830 21
4831 25
4832 18
4833 20
4834 20
4835 22
4836 25
4837 18
4838 19
4839 19
4840 22
4841 23
4842 19
4843 19
4844 20
4845 25
4846 20
4847 21
4848 19
4849 20
4850 24
4851 18
4852 18
4853 22
4854 20
4855 20
4856 20
4857 20
4858 19
4859 18
4860 25
4861 22
4862 18
4863 18
4864 20
4865 19
4866 18
4867 20
4868 19
4869 22
4870 20
4871 20
4872 21
4873 21
4874 20
4875 20
4876 18
4877 19
4878 21
4879 20
4880 21
4881 21
4882 24
4883 32
4884 19
4885 19
4886 17
4887 18
4888 19
4889 20
4890 19
4891 17
4892 18
4893 18
4894 18
4895 21
4896 22
4897 21
4898 19
4899 17
4900 20
4901 18
4902 19
4903 19
4904 17
4905 20
4906 19
4907 20
4908 17
4909 17
4910 18
4911 22
4912 19
4913 19
4914 18
4915 20
4916 19
4917 18
4918 18
4919 18
4920 18
4921 18
4922 19
4923 19
4924 20
4925 22
4926 18
4927 20
4928 22
4929 19
4930 18
4931 19
4932 18
4933 639
4934 40
4935 20
4936 19
4937 19
4938 20
4939 18
4940 19
4941 22
4942 18
4943 21
4944 21
4945 19
4946 19
4947 17
4948 19
4949 19
4950 18
4951 20
4952 17
4953 19
4954 19
4955 19
4956 19
4957 22
4958 19
4959 18
4960 19
4961 20
4962 20
4963 18
4964 19
4965 19
4966 20
4967 40
4968 21
4969 20
4970 20
4971 21
4972 18
4973 19
4974 19
4975 19
4976 19
4977 20
4978 18
4979 21
4980 19
4981 20
4982 18
4983 19
4984 18
4985 35
4986 21
4987 19
4988 20
4989 18
4990 20
4991 19
4992 20
4993 18
4994 20
4995 20
4996 19
4997 19
4998 20
4999 19
5000 18
5001 20
5002 32
5003 21
5004 19
5005 20
5006 18
5007 18
5008 18
5009 19
5010 32
5011 21
5012 20
5013 20
5014 18
5015 19
5016 19
5017 18
5018 19
5019 19
5020 19
5021 20
5022 20
5023 20
5024 18
5025 19
5026 19
5027 25
5028 21
5029 20
5030 20
5031 20
5032 18
5033 20
5034 18
5035 18
5036 18
5037 18
5038 18
5039 17
5040 18
5041 20
5042 20
5043 21
5044 17
5045 21
5046 22
5047 19
5048 20
5049 19
5050 21
5051 24
5052 19
5053 19
5054 18
5055 18
5056 23
5057 19
5058 19
5059 18
5060 19
5061 21
5062 19
5063 19
5064 19
5065 19
5066 20
5067 18
5068 32
5069 20
5070 20
5071 20
5072 18
5073 18
5074 17
5075 19
5076 23
5077 21
5078 20
5079 20
5080 18
5081 21
5082 20
5083 18
5084 19
5085 18
5086 21
5087 20
5088 18
5089 18
5090 20
5091 20
5092 20
5093 20
5094 18
5095 19
5096 22
5097 18
5098 20
5099 20
5100 18
5101 19
5102 19
5103 19
5104 19
5105 18
5106 19
5107 25
5108 19
5109 19
5110 18
5111 19
5112 20
5113 18
5114 18
5115 18
5116 18
5117 20
5118 19
5119 18
5120 17
5121 18
5122 20
5123 20
5124 17
5125 18
5126 19
5127 18
5128 19
5129 19
5130 18
5131 19
5132 19
5133 21
5134 18
5135 19
5136 18
5137 18
5138 19
5139 18
5140 19
5141 17
5142 17
5143 17
5144 18
5145 17
5146 18
5147 18
5148 18
5149 20
5150 19
5151 18
5152 17
5153 18
5154 18
5155 18
5156 17
5157 17
5158 17
5159 17
5160 18
5161 17
5162 17
5163 17
5164 17
5165 17
5166 18
5167 17
5168 18
5169 17
5170 17
5171 20
5172 20
5173 18
5174 18
5175 17
5176 18
5177 18
5178 18
5179 18
5180 18
5181 17
5182 18
5183 18
5184 17
5185 18
5186 17
5187 18
5188 23
5189 19
5190 19
5191 19
5192 18
5193 17
5194 18
5195 18
5196 18
5197 18
5198 17
5199 18
5200 18
5201 18
5202 17
5203 17
5204 19
5205 19
5206 18
5207 18
5208 17
5209 17
5210 17
5211 18
5212 17
5213 18
5214 17
5215 18
5216 18
5217 18
5218 17
5219 17
5220 28
5221 19
5222 17
5223 18
5224 18
5225 19
5226 18
5227 18
5228 18
5229 18
5230 17
5231 17
5232 17
5233 17
5234 18
5235 18
5236 17
5237 19
5238 17
5239 29
5240 18
5241 17
5242 18
5243 18
5244 18
5245 18
5246 18
5247 17
5248 18
5249 19
5250 18
5251 17
5252 18
5253 18
5254 20
5255 18
5256 18
5257 18
5258 18
5259 18
5260 17
5261 18
5262 17
5263 18
5264 18
5265 18
5266 17
5267 18
5268 18
5269 21
5270 17
5271 30
5272 21
5273 18
5274 18
5275 18
5276 18
5277 18
5278 18
5279 18
5280 18
5281 18
5282 18
5283 17
5284 18
5285 18
5286 19
5287 19
5288 19
5289 18
5290 18
5291 18
5292 18
5293 18
5294 17
5295 18
5296 18
5297 18
5298 17
5299 18
5300 17
5301 17
5302 19
5303 17
5304 17
5305 18
5306 18
5307 17
5308 29
5309 20
5310 17
5311 18
5312 18
5313 18
5314 18
5315 18
5316 18
5317 19
5318 18
5319 18
5320 18
5321 18
5322 18
5323 27
5324 19
5325 17
5326 17
5327 18
5328 17
5329 17
5330 17
5331 18
5332 17
5333 18
5334 18
5335 21
5336 18
5337 18
5338 18
5339 17
5340 18
5341 19
5342 17
5343 18
5344 18
5345 19
5346 20
5347 17
5348 19
5349 17
5350 17
5351 17
5352 18
5353 17
5354 17
5355 17
5356 18
5357 19
5358 18
5359 18
5360 18
5361 18
5362 18
5363 18
5364 17
5365 17
5366 17
5367 18
5368 17
5369 17
5370 17
5371 18
5372 19
5373 21
5374 18
5375 20
5376 18
5377 18
5378 19
5379 18
5380 18
5381 18
5382 17
5383 18
5384 18
5385 18
5386 17
5387 17
5388 17
5389 18
5390 18
5391 18
5392 17
5393 19
5394 19
5395 18
5396 19
5397 17
5398 17
5399 21
5400 17
5401 28
5402 19
5403 18
5404 18
5405 17
5406 18
5407 17
5408 18
5409 17
5410 28
5411 18
5412 27
5413 18
5414 18
5415 17
5416 17
5417 17
5418 17
5419 18
5420 17
5421 19
5422 18
5423 19
5424 18
5425 19
5426 18
5427 18
5428 18
5429 18
5430 17
5431 18
5432 19
5433 18
5434 18
5435 18
5436 18
5437 17
5438 18
5439 17
5440 18
5441 17
5442 17
5443 18
5444 20
5445 18
5446 17
5447 18
5448 18
5449 18
5450 18
5451 18
5452 18
5453 18
5454 17
5455 18
5456 17
5457 18
5458 18
5459 18
5460 20
5461 18
5462 18
5463 17
5464 17
5465 18
5466 17
5467 17
5468 17
5469 17
5470 18
5471 18
5472 18
5473 17
5474 18
5475 18
5476 18
5477 19
5478 18
5479 18
5480 17
5481 18
5482 17
5483 17
5484 17
5485 17
5486 18
5487 18
5488 20
5489 17
5490 18
5491 17
5492 17
5493 18
5494 17
5495 17
5496 17
5497 17
5498 17
5499 17
5500 17
5501 17
5502 17
5503 18
5504 17
5505 19
5506 17
5507 18
5508 18
5509 17
5510 18
5511 17
5512 18
5513 18
5514 18
5515 18
5516 17
5517 17
5518 17
5519 17
5520 17
5521 19
5522 17
5523 18
5524 18
5525 17
5526 19
5527 19
5528 18
5529 17
5530 18
5531 18
5532 17
5533 18
5534 18
5535 17
5536 18
5537 18
5538 17
5539 17
5540 18
5541 18
5542 17
5543 17
5544 18
5545 17
5546 17
5547 18
5548 18
5549 18
5550 18
5551 19
5552 18
5553 18
5554 19
5555 19
5556 18
5557 17
5558 19
5559 17
5560 18
5561 17
5562 18
5563 17
5564 17
5565 18
5566 17
5567 18
5568 18
5569 18
5570 29
5571 19
5572 18
5573 18
5574 19
5575 18
5576 18
5577 18
5578 17
5579 18
5580 17
5581 17
5582 18
5583 19
5584 18
5585 17
5586 18
5587 19
5588 18
5589 23
5590 18
5591 17
5592 19
5593 19
5594 18
5595 18
5596 18
5597 17
5598 17
5599 17
5600 17
5601 17
5602 17
5603 18
5604 18
5605 18
5606 18
5607 17
5608 18
5609 17
5610 18
5611 18
5612 17
5613 18
5614 18
5615 17
5616 17
5617 18
5618 18
5619 18
5620 18
5621 18
5622 17
5623 17
5624 18
5625 17
5626 28
5627 18
5628 18
5629 17
5630 17
5631 18
5632 18
5633 18
5634 17
5635 18
5636 18
5637 19
5638 18
5639 18
5640 17
5641 18
5642 17
5643 17
5644 17
5645 18
5646 17
5647 18
5648 18
5649 18
5650 18
5651 18
5652 28
5653 18
5654 18
5655 18
5656 17
5657 18
5658 17
5659 18
5660 18
5661 17
5662 18
5663 18
5664 18
5665 18
5666 18
5667 18
5668 17
5669 19
5670 18
5671 19
5672 17
5673 17
5674 17
5675 17
5676 17
5677 17
5678 17
5679 17
5680 17
5681 17
5682 17
5683 17
5684 17
5685 27
5686 18
5687 18
5688 18
5689 17
5690 25
5691 19
5692 18
5693 17
5694 18
5695 18
5696 18
5697 18
5698 17
5699 18
5700 17
5701 18
5702 18
5703 18
5704 17
5705 18
5706 18
5707 19
5708 19
5709 18
5710 18
5711 18
5712 17
5713 19
5714 18
5715 17
5716 18
5717 18
5718 19
5719 18
5720 17
5721 17
5722 18
5723 18
5724 18
5725 17
5726 18
5727 17
5728 18
5729 19
5730 20
5731 18
5732 18
5733 18
5734 18
5735 18
5736 18
5737 18
5738 18
5739 18
5740 20
5741 17
5742 18
5743 18
5744 18
5745 17
5746 18
5747 18
5748 18
5749 18
5750 17
5751 21
5752 18
5753 18
5754 17
5755 19
5756 18
5757 18
5758 18
5759 17
5760 17
5761 18
5762 19
5763 18
5764 33
5765 18
5766 19
5767 17
5768 18
5769 18
5770 19
5771 18
5772 18
5773 20
5774 18
5775 19
5776 17
5777 19
5778 19
5779 18
5780 17
5781 17
5782 17
5783 17
5784 17
5785 18
5786 18
5787 17
5788 18
5789 19
5790 19
5791 17
5792 17
5793 18
5794 20
5795 18
5796 19
5797 17
5798 17
5799 18
5800 19
5801 18
5802 18
5803 18
5804 17
5805 20
5806 19
5807 19
5808 17
5809 18
5810 18
5811 17
5812 18
5813 18
5814 18
5815 17
5816 18
5817 17
5818 18
5819 18
5820 18
5821 17
5822 18
5823 18
5824 18
5825 17
5826 18
5827 17
5828 18
5829 18
5830 18
5831 19
5832 18
5833 18
5834 19
5835 19
5836 17
5837 17
5838 20
5839 18
5840 18
5841 17
5842 17
5843 17
5844 17
5845 18
5846 17
5847 18
5848 17
5849 18
5850 18
5851 18
5852 18
5853 19
5854 17
5855 18
5856 17
5857 18
5858 18
5859 18
5860 18
5861 19
5862 19
5863 18
5864 18
5865 17
5866 17
5867 17
5868 18
5869 18
5870 17
5871 18
5872 18
5873 17
5874 17
5875 17
5876 28
5877 19
5878 17
5879 18
5880 18
5881 17
5882 18
5883 17
5884 18
5885 18
5886 18
5887 19
5888 20
5889 18
5890 18
5891 19
5892 18
5893 17
5894 18
5895 17
5896 18
5897 17
5898 18
5899 17
5900 17
5901 17
5902 18
5903 29
5904 18
5905 18
5906 17
5907 18
5908 18
5909 18
5910 18
5911 17
5912 22
5913 18
5914 17
5915 18
5916 18
5917 17
5918 17
5919 18
5920 18
5921 18
5922 18
5923 17
5924 17
5925 18
5926 17
5927 17
5928 18
5929 17
5930 17
5931 18
5932 18
5933 18
5934 17
5935 17
5936 17
5937 17
5938 18
5939 19
5940 17
5941 18
5942 18
5943 17
5944 17
5945 18
5946 17
5947 18
5948 18
5949 17
5950 17
5951 18
5952 18
5953 17
5954 17
5955 19
5956 18
5957 18
5958 17
5959 29
5960 18
5961 18
5962 18
5963 18
5964 17
5965 18
5966 17
5967 17
5968 17
5969 17
5970 17
5971 17
5972 18
5973 18
5974 18
5975 17
5976 19
5977 18
5978 18
5979 18
5980 17
5981 18
5982 19
5983 18
5984 17
5985 17
5986 17
5987 19
5988 19
5989 18
5990 17
5991 18
5992 17
5993 17
5994 17
5995 17
5996 28
5997 18
5998 17
5999 18
6000 18
6001 18
6002 18
6003 17
6004 17
6005 18
6006 17
6007 18
6008 19
6009 18
6010 18
6011 17
6012 17
6013 17
6014 17
6015 17
6016 18
6017 18
6018 18
6019 20
6020 18
6021 18
6022 17
6023 18
6024 18
6025 17
6026 17
6027 17
6028 18
6029 19
6030 20
6031 18
6032 17
6033 18
6034 18
6035 18
6036 17
6037 18
6038 18
6039 17
6040 21
6041 18
6042 17
6043 18
6044 18
6045 18
6046 18
6047 18
6048 18
6049 18
6050 18
6051 19
6052 30
6053 20
6054 19
6055 20
6056 19
6057 19
6058 18
6059 18
6060 17
6061 19
6062 19
6063 19
6064 19
6065 18
6066 19
6067 18
6068 18
6069 18
6070 17
6071 17
6072 18
6073 19
6074 18
6075 17
6076 18
6077 17
6078 17
6079 18
6080 18
6081 20
6082 19
6083 17
6084 32
6085 20
6086 19
6087 19
6088 19
6089 19
6090 18
6091 18
6092 18
6093 19
6094 18
6095 17
6096 17
6097 19
6098 18
6099 19
6100 18
6101 19
6102 18
6103 18
6104 19
6105 31
6106 21
6107 17
6108 17
6109 20
6110 18
6111 24
6112 18
6113 19
6114 19
6115 18
6116 19
6117 18
6118 18
6119 18
6120 22
6121 18
6122 17
6123 17
6124 18
6125 17
6126 18
6127 18
6128 18
6129 17
6130 18
6131 18
6132 18
6133 18
6134 18
6135 17
6136 18
6137 18
6138 17
6139 17
6140 17
6141 18
6142 18
6143 18
6144 18
6145 18
6146 16
6147 21
6148 23
6149 19
6150 19
6151 18
6152 17
6153 19
6154 17
6155 19
6156 17
6157 17
6158 17
6159 18
6160 17
6161 17
6162 18
6163 19
6164 18
6165 17
6166 17
6167 18
6168 24
6169 30
6170 19
6171 18
6172 18
6173 18
6174 18
6175 18
6176 18
6177 17
6178 17
6179 17
6180 18
6181 18
6182 18
6183 18
6184 19
6185 23
6186 21
6187 17
6188 17
6189 17
6190 17
6191 18
6192 18
6193 17
6194 16
6195 19
6196 18
6197 20
6198 17
6199 17
6200 18
6201 25
6202 19
6203 18
6204 18
6205 18
6206 20
6207 17
6208 18
6209 18
6210 18
6211 17
6212 17
6213 18
6214 17
6215 17
6216 17
6217 17
6218 18
6219 18
6220 17
6221 18
6222 18
6223 19
6224 17
6225 17
6226 17
6227 17
6228 17
6229 17
6230 17
6231 17
6232 20
6233 18
6234 17
6235 18
6236 18
6237 18
6238 17
6239 27
6240 18
6241 18
6242 18
6243 18
6244 18
6245 17
6246 18
6247 17
6248 17
6249 17
6250 17
6251 18
6252 17
6253 17
6254 17
6255 18
6256 18
6257 20
6258 18
6259 17
6260 18
6261 17
6262 17
6263 17
6264 17
6265 18
6266 18
6267 19
6268 18
6269 18
6270 18
6271 17
6272 18
6273 17
6274 18
6275 18
6276 17
6277 18
6278 20
6279 19
6280 18
6281 17
6282 18
6283 18
6284 17
6285 92
6286 17
6287 18
6288 17
6289 17
6290 18
6291 17
6292 18
6293 18
6294 17
6295 18
6296 18
6297 18
6298 18
6299 20
6300 18
6301 20
6302 21
6303 18
6304 18
6305 18
6306 18
6307 21
6308 20
6309 21
6310 18
6311 18
6312 20
6313 18
6314 20
6315 18
6316 21
6317 22
6318 27
6319 20
6320 20
6321 47
6322 23
6323 19
6324 21
6325 37
6326 22
6327 19
6328 20
6329 20
6330 24
6331 24
6332 21
6333 20
6334 22
6335 20
6336 20
6337 19
6338 19
6339 19
6340 20
6341 17
6342 18
6343 18
6344 20
6345 19
6346 20
6347 21
6348 19
6349 20
6350 56
6351 20
6352 18
6353 19
6354 19
6355 21
6356 20
6357 19
6358 21
6359 23
6360 21
6361 22
6362 18
6363 17
6364 19
6365 17
6366 20
6367 20
6368 18
6369 18
6370 20
6371 20
6372 20
6373 19
6374 19
6375 19
6376 18
6377 19
6378 18
6379 18
6380 20
6381 20
6382 21
6383 19
6384 19
6385 19
6386 19
6387 19
6388 17
6389 22
6390 19
6391 19
6392 18
6393 18
6394 19
6395 19
6396 20
6397 20
6398 19
6399 18
6400 19
6401 19
6402 19
6403 20
6404 18
6405 18
6406 19
6407 18
6408 19
6409 21
6410 18
6411 21
6412 19
6413 18
6414 18
6415 20
6416 23
6417 19
6418 19
6419 19
6420 19
6421 20
6422 20
6423 18
6424 18
6425 19
6426 20
6427 18
6428 20
6429 19
6430 18
6431 18
6432 21
6433 20
6434 18
6435 19
6436 21
6437 21
6438 19
6439 18
6440 18
6441 21
6442 18
6443 20
6444 19
6445 18
6446 20
6447 18
6448 19
6449 18
6450 20
6451 17
6452 19
6453 19
6454 18
6455 17
6456 18
6457 18
6458 19
6459 18
6460 20
6461 19
6462 18
6463 19
6464 19
6465 18
6466 18
6467 19
6468 18
6469 18
6470 18
6471 19
6472 18
6473 21
6474 24
6475 23
6476 23
6477 20
6478 18
6479 19
6480 18
6481 19
6482 20
6483 20
6484 19
6485 18
6486 18
6487 36
6488 22
6489 21
6490 19
6491 17
6492 19
6493 18
6494 20
6495 19
6496 19
6497 18
6498 19
6499 18
6500 19
6501 19
6502 19
6503 18
6504 19
6505 18
6506 18
6507 19
6508 18
6509 19
6510 21
6511 23
6512 19
6513 18
6514 19
6515 19
6516 18
6517 19
6518 21
6519 20
6520 20
6521 20
6522 18
6523 22
6524 21
6525 24
6526 21
6527 20
6528 18
6529 21
6530 20
6531 19
6532 19
6533 19
6534 18
6535 20
6536 19
6537 20
6538 20
6539 19
6540 20
6541 19
6542 18
6543 19
6544 40
6545 20
6546 21
6547 21
6548 24
6549 22
6550 19
6551 20
6552 20
6553 24
6554 20
6555 20
6556 18
6557 19
6558 18
6559 20
6560 19
6561 20
6562 18
6563 19
6564 20
6565 21
6566 18
6567 18
6568 17
6569 19
6570 18
6571 19
6572 19
6573 19
6574 21
6575 21
6576 20
6577 40
6578 21
6579 19
6580 18
6581 18
6582 18
6583 18
6584 19
6585 19
6586 19
6587 21
6588 28
6589 20
6590 20
6591 19
6592 18
6593 18
6594 18
6595 19
6596 19
6597 18
6598 19
6599 20
6600 18
6601 18
6602 20
6603 25
6604 39
6605 20
6606 18
6607 19
6608 19
6609 18
6610 19
6611 17
6612 19
6613 20
6614 19
6615 19
6616 20
6617 19
6618 18
6619 18
6620 19
6621 20
6622 19
6623 36
6624 20
6625 19
6626 33
6627 22
6628 21
6629 19
6630 19
6631 18
6632 20
6633 31
6634 20
6635 17
6636 20
6637 24
6638 19
6639 18
6640 20
6641 23
6642 17
6643 19
6644 19
6645 18
6646 18
6647 19
6648 19
6649 18
6650 18
6651 18
6652 17
6653 18
6654 18
6655 17
6656 19
6657 22
6658 18
6659 18
6660 17
6661 19
6662 18
6663 18
6664 18
6665 18
6666 17
6667 18
6668 18
6669 18
6670 18
6671 18
6672 18
6673 21
6674 18
6675 17
6676 18
6677 20
6678 19
6679 23
6680 19
6681 18
6682 19
6683 18
6684 18
6685 18
6686 18
6687 18
6688 17
6689 18
6690 17
6691 18
6692 17
6693 18
6694 18
6695 17
6696 18
6697 19
6698 17
6699 17
6700 17
6701 18
6702 20
6703 18
6704 17
6705 18
6706 17
6707 17
6708 17
6709 17
6710 17
6711 17
6712 18
6713 18
6714 18
6715 18
6716 18
6717 18
6718 18
6719 18
6720 18
6721 17
6722 18
6723 18
6724 17
6725 17
6726 18
6727 18
6728 17
6729 18
6730 18
6731 17
6732 17
6733 18
6734 18
6735 18
6736 17
6737 18
6738 17
6739 17
6740 18
6741 18
6742 17
6743 17
6744 17
6745 18
6746 18
6747 17
6748 17
6749 17
6750 17
6751 17
6752 18
6753 17
6754 17
6755 17
6756 18
6757 18
6758 18
6759 17
6760 18
6761 20
6762 17
6763 17
6764 18
6765 17
6766 18
6767 17
6768 27
6769 19
6770 17
6771 17
6772 18
6773 18
6774 272
6775 21
6776 18
6777 17
6778 19
6779 19
6780 18
6781 17
6782 19
6783 19
6784 18
6785 17
6786 18
6787 19
6788 17
6789 18
6790 19
6791 18
6792 17
6793 17
6794 19
6795 18
6796 17
6797 18
6798 18
6799 18
6800 18
6801 17
6802 18
6803 18
6804 18
6805 19
6806 18
6807 18
6808 17
6809 18
6810 18
6811 18
6812 17
6813 17
6814 18
6815 32
6816 18
6817 18
6818 18
6819 18
6820 18
6821 18
6822 17
6823 18
6824 18
6825 18
6826 18
6827 18
6828 17
6829 19
6830 18
6831 18
6832 19
6833 18
6834 18
6835 18
6836 18
6837 17
6838 17
6839 18
6840 18
6841 17
6842 18
6843 18
6844 18
6845 17
6846 18
6847 18
6848 19
6849 20
6850 18
6851 18
6852 18
6853 18
6854 18
6855 19
6856 17
6857 18
6858 18
6859 18
6860 18
6861 18
6862 17
6863 18
6864 18
6865 17
6866 17
6867 18
6868 17
6869 17
6870 18
6871 17
6872 18
6873 19
6874 17
6875 17
6876 17
6877 18
6878 18
6879 18
6880 18
6881 17
6882 29
6883 19
6884 17
6885 17
6886 18
6887 19
6888 18
6889 18
6890 18
6891 26
6892 19
6893 19
6894 18
6895 19
6896 18
6897 17
6898 18
6899 18
6900 17
6901 18
6902 19
6903 17
6904 18
6905 19
6906 19
6907 19
6908 19
6909 19
6910 18
6911 17
6912 18
6913 18
6914 18
6915 20
6916 18
6917 17
6918 18
6919 18
6920 17
6921 17
6922 18
6923 17
6924 17
6925 17
6926 18
6927 17
6928 18
6929 17
6930 18
6931 17
6932 17
6933 17
6934 18
6935 19
6936 20
6937 24
6938 18
6939 17
6940 18
6941 17
6942 17
6943 17
6944 18
6945 18
6946 18
6947 19
6948 18
6949 18
6950 18
6951 20
6952 20
6953 18
6954 18
6955 18
6956 20
6957 20
6958 18
6959 19
6960 18
6961 20
6962 18
6963 18
6964 18
6965 17
6966 18
6967 19
6968 19
6969 18
6970 18
6971 18
6972 31
6973 20
6974 19
6975 18
6976 17
6977 18
6978 17
6979 18
6980 18
6981 17
6982 18
6983 18
6984 17
6985 17
6986 18
6987 18
6988 18
6989 18
6990 17
6991 18
6992 18
6993 17
6994 17
6995 18
6996 17
6997 17
6998 17
6999 17
7000 18
7001 17
7002 17
7003 18
7004 17
7005 17
7006 17
7007 17
7008 17
7009 17
7010 21
7011 17
7012 25
7013 19
7014 18
7015 17
7016 17
7017 17
7018 17
7019 18
7020 17
7021 17
7022 18
7023 21
7024 18
7025 18
7026 18
7027 18
7028 18
7029 18
7030 17
7031 17
7032 17
7033 19
7034 17
7035 18
7036 18
7037 18
7038 18
7039 19
7040 18
7041 18
7042 18
7043 18
7044 19
7045 19
7046 18
7047 18
7048 17
7049 17
7050 18
7051 18
7052 18
7053 18
7054 18
7055 18
7056 18
7057 18
7058 18
7059 18
7060 28
7061 19
7062 18
7063 18
7064 17
7065 17
7066 17
7067 17
7068 17
7069 17
7070 17
7071 18
7072 17
7073 17
7074 21
7075 17
7076 17
7077 17
7078 18
7079 18
7080 18
7081 17
7082 18
7083 18
7084 18
7085 19
7086 19
7087 18
7088 17
7089 18
7090 18
7091 17
7092 17
7093 27
7094 18
7095 17
7096 18
7097 17
7098 18
7099 18
7100 18
7101 17
7102 18
7103 18
7104 18
7105 17
7106 18
7107 18
7108 17
7109 18
7110 19
7111 17
7112 30
7113 18
7114 18
7115 17
7116 18
7117 18
7118 17
7119 17
7120 19
7121 19
7122 18
7123 17
7124 17
7125 29
7126 18
7127 18
7128 18
7129 17
7130 18
7131 17
7132 18
7133 18
7134 17
7135 18
7136 17
7137 17
7138 18
7139 18
7140 18
7141 17
7142 19
7143 18
7144 18
7145 18
7146 19
7147 18
7148 18
7149 18
7150 18
7151 18
7152 18
7153 18
7154 18
7155 17
7156 18
7157 17
7158 18
7159 19
7160 18
7161 18
7162 18
7163 18
7164 18
7165 18
7166 17
7167 17
7168 17
7169 18
7170 17
7171 18
7172 17
7173 17
7174 17
7175 18
7176 18
7177 18
7178 17
7179 17
7180 17
7181 18
7182 18
7183 17
7184 17
7185 18
7186 18
7187 18
7188 18
7189 18
7190 17
7191 18
7192 17
7193 18
7194 18
7195 17
7196 18
7197 17
7198 17
7199 18
7200 18
7201 18
7202 17
7203 19
7204 18
7205 18
7206 17
7207 18
7208 18
7209 17
7210 17
7211 18
7212 18
7213 18
7214 19
7215 18
7216 18
7217 18
7218 19
7219 18
7220 17
7221 18
7222 17
7223 18
7224 18
7225 17
7226 18
7227 17
7228 17
7229 18
7230 18
7231 19
7232 17
7233 18
7234 17
7235 18
7236 19
7237 18
7238 17
7239 17
7240 19
7241 18
7242 19
7243 18
7244 17
7245 18
7246 18
7247 17
7248 17
7249 18
7250 17
7251 17
7252 18
7253 17
7254 18
7255 17
7256 18
7257 17
7258 19
7259 18
7260 19
7261 19
7262 18
7263 18
7264 18
7265 17
7266 18
7267 17
7268 18
7269 18
7270 17
7271 18
7272 18
7273 17
7274 18
7275 20
7276 19
7277 19
7278 17
7279 18
7280 18
7281 18
7282 18
7283 19
7284 17
7285 18
7286 19
7287 18
7288 19
7289 19
7290 17
7291 17
7292 17
7293 17
7294 18
7295 18
7296 19
7297 19
7298 18
7299 18
7300 17
7301 18
7302 17
7303 18
7304 17
7305 17
7306 17
7307 19
7308 18
7309 18
7310 18
7311 18
7312 18
7313 18
7314 18
7315 18
7316 18
7317 19
7318 19
7319 18
7320 18
7321 17
7322 19
7323 19
7324 19
7325 18
7326 18
7327 18
7328 17
7329 17
7330 18
7331 17
7332 17
7333 18
7334 17
7335 18
7336 18
7337 17
7338 18
7339 18
7340 17
7341 17
7342 18
7343 17
7344 17
7345 17
7346 17
7347 18
7348 17
7349 17
7350 17
7351 18
7352 18
7353 18
7354 17
7355 19
7356 18
7357 19
7358 18
7359 18
7360 17
7361 18
7362 18
7363 17
7364 17
7365 18
7366 17
7367 17
7368 19
7369 17
7370 18
7371 18
7372 17
7373 19
7374 17
7375 18
7376 17
7377 17
7378 18
7379 17
7380 17
7381 18
7382 18
7383 18
7384 18
7385 21
7386 17
7387 18
7388 18
7389 18
7390 18
7391 17
7392 18
7393 18
7394 18
7395 19
7396 19
7397 18
7398 18
7399 18
7400 18
7401 17
7402 17
7403 17
7404 17
7405 17
7406 17
7407 17
7408 17
7409 18
7410 17
7411 17
7412 17
7413 17
7414 18
7415 18
7416 18
7417 17
7418 17
7419 18
7420 18
7421 19
7422 18
7423 17
7424 19
7425 17
7426 18
7427 18
7428 17
7429 18
7430 18
7431 17
7432 17
7433 18
7434 17
7435 18
7436 18
7437 17
7438 17
7439 18
7440 17
7441 19
7442 18
7443 18
7444 19
7445 18
7446 20
7447 18
7448 19
7449 18
7450 19
7451 18
7452 18
7453 18
7454 18
7455 17
7456 18
7457 18
7458 18
7459 17
7460 18
7461 17
7462 18
7463 18
7464 24
7465 18
7466 18
7467 17
7468 18
7469 18
7470 18
7471 18
7472 17
7473 18
7474 18
7475 20
7476 18
7477 17
7478 18
7479 17
7480 18
7481 18
7482 17
7483 19
7484 21
7485 18
7486 18
7487 18
7488 18
7489 18
7490 17
7491 18
7492 17
7493 17
7494 18
7495 18
7496 18
7497 17
7498 18
7499 18
7500 19
7501 19
7502 19
7503 18
7504 17
7505 18
7506 17
7507 17
7508 17
7509 17
7510 17
7511 17
7512 17
7513 18
7514 17
7515 18
7516 32
7517 20
7518 17
7519 17
7520 18
7521 17
7522 18
7523 18
7524 18
7525 17
7526 17
7527 18
7528 17
7529 18
7530 18
7531 18
7532 26
7533 19
7534 19
7535 17
7536 18
7537 18
7538 18
7539 17
7540 18
7541 18
7542 18
7543 20
7544 18
7545 18
7546 19
7547 18
7548 18
7549 20
7550 18
7551 18
7552 17
7553 19
7554 18
7555 17
7556 17
7557 18
7558 18
7559 17
7560 18
7561 17
7562 17
7563 18
7564 18
7565 18
7566 18
7567 18
7568 17
7569 18
7570 18
7571 17
7572 18
7573 18
7574 17
7575 19
7576 19
7577 19
7578 18
7579 17
7580 18
7581 18
7582 23
7583 20
7584 19
7585 19
7586 18
7587 18
7588 18
7589 18
7590 17
7591 20
7592 18
7593 18
7594 18
7595 18
7596 19
7597 18
7598 20
7599 18
7600 17
7601 17
7602 19
7603 21
7604 19
7605 18
7606 18
7607 22
7608 18
7609 31
7610 20
7611 18
7612 17
7613 18
7614 18
7615 18
7616 18
7617 20
7618 32
7619 22
7620 20
7621 19
7622 18
7623 19
7624 18
7625 18
7626 18
7627 18
7628 19
7629 19
7630 18
7631 18
7632 19
7633 19
7634 21
7635 35
7636 22
7637 20
7638 18
7639 20
7640 18
7641 18
7642 19
7643 19
7644 19
7645 20
7646 20
7647 19
7648 20
7649 19
7650 18
7651 20
7652 18
7653 19
7654 18
7655 18
7656 18
7657 18
7658 20
7659 20
7660 19
7661 18
7662 18
7663 19
7664 20
7665 20
7666 20
7667 20
7668 18
7669 19
7670 19
7671 19
7672 19
7673 19
7674 19
7675 18
7676 18
7677 18
7678 20
7679 19
7680 19
7681 18
7682 19
7683 19
7684 18
7685 19
7686 17
7687 18
7688 17
7689 18
7690 21
7691 18
7692 17
7693 18
7694 17
7695 18
7696 18
7697 17
7698 17
7699 17
7700 17
7701 18
7702 18
7703 17
7704 17
7705 18
7706 17
7707 17
7708 18
7709 18
7710 17
7711 17
7712 18
7713 17
7714 17
7715 18
7716 18
7717 17
7718 17
7719 17
7720 18
7721 18
7722 17
7723 18
7724 18
7725 17
7726 18
7727 18
7728 17
7729 17
7730 18
7731 18
7732 17
7733 18
7734 17
7735 17
7736 18
7737 17
7738 17
7739 18
7740 18
7741 18
7742 18
7743 18
7744 18
7745 17
7746 18
7747 18
7748 17
7749 17
7750 18
7751 17
7752 17
7753 18
7754 18
7755 18
7756 17
7757 18
7758 17
7759 18
7760 18
7761 18
7762 18
7763 17
7764 18
7765 18
7766 17
7767 17
7768 18
7769 17
7770 18
7771 17
7772 17
7773 17
7774 18
7775 17
7776 18
7777 18
7778 18
7779 17
7780 18
7781 18
7782 18
7783 18
7784 17
7785 18
7786 18
7787 19
7788 18
7789 18
7790 17
7791 18
7792 18
7793 18
7794 18
7795 18
7796 18
7797 18
7798 18
7799 18
7800 18
7801 17
7802 18
7803 19
7804 18
7805 18
7806 18
7807 21
7808 18
7809 50
7810 20
7811 20
7812 23
7813 20
7814 21
7815 20
7816 21
7817 19
7818 20
7819 19
7820 18
7821 20
7822 20
7823 21
7824 19
7825 19
7826 23
7827 21
7828 21
7829 22
7830 18
7831 18
7832 19
7833 20
7834 19
7835 20
7836 17
7837 20
7838 18
7839 20
7840 19
7841 19
7842 20
7843 19
7844 19
7845 19
7846 20
7847 21
7848 24
7849 24
7850 19
7851 18
7852 20
7853 19
7854 18
7855 18
7856 31
7857 17
7858 19
7859 17
7860 17
7861 20
7862 24
7863 18
7864 21
7865 18
7866 18
7867 17
7868 41
7869 22
7870 20
7871 19
7872 18
7873 18
7874 18
7875 18
7876 19
7877 21
7878 22
7879 19
7880 18
7881 17
7882 18
7883 18
7884 17
7885 17
7886 17
7887 17
7888 19
7889 18
7890 18
7891 18
7892 19
7893 17
7894 18
7895 19
7896 18
7897 18
7898 37
7899 21
7900 22
7901 17
7902 17
7903 18
7904 17
7905 19
7906 18
7907 20
7908 23
7909 18
7910 18
7911 17
7912 19
7913 17
7914 17
7915 18
7916 17
7917 17
7918 17
7919 19
7920 23
7921 17
7922 20
7923 21
7924 20
7925 20
7926 18
7927 18
7928 20
7929 18
7930 18
7931 17
7932 18
7933 20
7934 22
7935 18
7936 19
7937 19
7938 20
7939 21
7940 17
7941 17
7942 18
7943 18
7944 17
7945 19
7946 17
7947 19
7948 19
7949 21
7950 23
7951 20
7952 19
7953 18
7954 19
7955 18
7956 19
7957 19
7958 18
7959 18
7960 19
7961 18
7962 19
7963 18
7964 18
7965 18
7966 18
7967 18
7968 17
7969 18
7970 19
7971 29
7972 20
7973 18
7974 18
7975 21
7976 22
7977 18
7978 18
7979 18
7980 19
7981 18
7982 18
7983 20
7984 26
7985 17
7986 19
7987 18
7988 20
7989 18
7990 36
7991 21
7992 19
7993 20
7994 19
7995 19
7996 17
7997 18
7998 17
7999 18
8000 17
8001 17
8002 19
8003 18
8004 17
8005 19
8006 19
8007 23
8008 19
8009 19
8010 20
8011 19
8012 18
8013 17
8014 18
8015 19
8016 18
8017 18
8018 19
8019 17
8020 17
8021 37
8022 19
8023 20
8024 18
8025 20
8026 17
8027 18
8028 19
8029 19
8030 19
8031 18
8032 18
8033 17
8034 17
8035 18
8036 18
8037 19
8038 23
8039 19
8040 18
8041 19
8042 18
8043 19
8044 18
8045 18
8046 18
8047 18
8048 30
8049 19
8050 17
8051 17
8052 20
8053 23
8054 19
8055 20
8056 18
8057 20
8058 18
8059 18
8060 18
8061 17
8062 18
8063 18
8064 19
8065 20
8066 17
8067 19
8068 19
8069 25
8070 20
8071 19
8072 18
8073 19
8074 19
8075 17
8076 18
8077 18
8078 18
8079 17
8080 18
8081 17
8082 18
8083 19
8084 19
8085 20
8086 19
8087 17
8088 17
8089 21
8090 24
8091 18
8092 20
8093 17
8094 21
8095 19
8096 18
8097 19
8098 19
8099 19
8100 18
8101 17
8102 19
8103 18
8104 19
8105 19
8106 19
8107 18
8108 18
8109 18
8110 19
8111 17
8112 24
8113 18
8114 17
8115 17
8116 18
8117 18
8118 18
8119 18
8120 18
8121 18
8122 21
8123 22
8124 20
8125 17
8126 19
8127 20
8128 20
8129 18
8130 17
8131 18
8132 18
8133 18
8134 18
8135 17
8136 17
8137 19
8138 37
8139 28
8140 18
8141 20
8142 20
8143 19
8144 18
8145 18
8146 20
8147 19
8148 19
8149 18
8150 18
8151 18
8152 19
8153 18
8154 18
8155 18
8156 18
8157 19
8158 21
8159 17
8160 18
8161 19
8162 18
8163 18
8164 18
8165 18
8166 18
8167 18
8168 20
8169 23
8170 18
8171 17
8172 18
8173 20
8174 23
8175 18
8176 19
8177 19
8178 18
8179 18
8180 18
8181 19
8182 19
8183 18
8184 17
8185 18
8186 17
8187 17
8188 18
8189 18
8190 17
8191 18
8192 17
8193 18
8194 17
8195 17
8196 17
8197 17
8198 18
8199 17
8200 17
8201 18
8202 21
8203 17
8204 17
8205 17
8206 18
8207 18
8208 17
8209 17
8210 17
8211 17
8212 18
8213 18
8214 18
8215 17
8216 18
8217 18
8218 18
8219 20
8220 18
8221 18
8222 17
8223 17
8224 18
8225 18
8226 18
8227 17
8228 18
8229 18
8230 19
8231 17
8232 17
8233 17
8234 17
8235 18
8236 18
8237 18
8238 17
8239 17
8240 17
8241 17
8242 17
8243 17
8244 17
8245 18
8246 18
8247 18
8248 17
8249 17
8250 18
8251 19
8252 18
8253 17
8254 17
8255 17
8256 17
8257 17
8258 18
8259 18
8260 17
8261 18
8262 17
8263 18
8264 17
8265 17
8266 17
8267 18
8268 18
8269 18
8270 17
8271 17
8272 17
8273 17
8274 17
8275 17
8276 18
8277 17
8278 18
8279 18
8280 18
8281 17
8282 17
8283 18
8284 17
8285 17
8286 17
8287 17
8288 17
8289 17
8290 18
8291 17
8292 17
8293 17
8294 17
8295 17
8296 17
8297 17
8298 17
8299 17
8300 17
8301 19
8302 18
8303 19
8304 17
8305 18
8306 19
8307 19
8308 18
8309 19
8310 17
8311 18
8312 18
8313 19
8314 17
8315 17
8316 17
8317 17
8318 18
8319 18
8320 18
8321 18
8322 19
8323 17
8324 17
8325 19
8326 18
8327 18
8328 19
8329 18
8330 18
8331 17
8332 19
8333 17
8334 17
8335 18
8336 18
8337 18
8338 17
8339 18
8340 18
8341 17
8342 18
8343 17
8344 20
8345 17
8346 18
8347 18
8348 18
8349 17
8350 18
8351 17
8352 17
8353 18
8354 17
8355 17
8356 18
8357 18
8358 18
8359 18
8360 29
8361 19
8362 18
8363 17
8364 18
8365 18
8366 18
8367 17
8368 18
8369 18
8370 18
8371 24
8372 18
8373 18
8374 17
8375 18
8376 18
8377 18
8378 17
8379 18
8380 18
8381 18
8382 19
8383 18
8384 17
8385 18
8386 18
8387 19
8388 18
8389 18
8390 18
8391 18
8392 18
8393 19
8394 17
8395 18
8396 18
8397 19
8398 18
8399 17
8400 18
8401 18
8402 19
8403 19
8404 20
8405 20
8406 19
8407 19
8408 18
8409 17
8410 17
8411 17
8412 18
8413 18
8414 18
8415 17
8416 17
8417 17
8418 18
8419 19
8420 20
8421 18
8422 18
8423 18
8424 18
8425 21
8426 19
8427 18
8428 18
8429 18
8430 19
8431 17
8432 18
8433 17
8434 18
8435 18
8436 18
8437 17
8438 17
8439 18
8440 18
8441 19
8442 20
8443 18
8444 18
8445 18
8446 18
8447 18
8448 18
8449 18
8450 18
8451 18
8452 17
8453 19
8454 17
8455 18
8456 18
8457 18
8458 21
8459 19
8460 19
8461 18
8462 18
8463 18
8464 18
8465 17
8466 18
8467 18
8468 19
8469 21
8470 17
8471 18
8472 18
8473 19
8474 21
8475 19
8476 18
8477 18
8478 18
8479 19
8480 18
8481 17
8482 28
8483 17
8484 17
8485 18
8486 17
8487 18
8488 18
8489 18
8490 19
8491 17
8492 18
8493 18
8494 18
8495 18
8496 17
8497 18
8498 18
8499 17
8500 18
8501 18
8502 17
8503 18
8504 17
8505 17
8506 17
8507 18
8508 18
8509 18
8510 17
8511 18
8512 18
8513 18
8514 18
8515 17
8516 18
8517 18
8518 17
8519 17
8520 18
8521 18
8522 17
8523 18
8524 17
8525 17
8526 18
8527 18
8528 18
8529 17
8530 18
8531 18
8532 18
8533 18
8534 17
8535 18
8536 18
8537 21
8538 18
8539 18
8540 18
8541 17
8542 18
8543 18
8544 17
8545 17
8546 18
8547 18
8548 17
8549 17
8550 18
8551 17
8552 18
8553 18
8554 17
8555 18
8556 18
8557 17
8558 18
8559 17
8560 17
8561 17
8562 18
8563 17
8564 18
8565 17
8566 17
8567 18
8568 18
8569 18
8570 18
8571 17
8572 17
8573 18
8574 17
8575 17
8576 18
8577 17
8578 17
8579 17
8580 18
8581 17
8582 17
8583 17
8584 17
8585 18
8586 17
8587 18
8588 17
8589 18
8590 17
8591 17
8592 17
8593 18
8594 17
8595 18
8596 18
8597 17
8598 17
8599 17
8600 17
8601 19
8602 18
8603 17
8604 17
8605 17
8606 18
8607 18
8608 17
8609 18
8610 18
8611 17
8612 17
8613 18
8614 17
8615 18
8616 17
8617 17
8618 18
8619 18
8620 17
8621 18
8622 18
8623 17
8624 17
8625 18
8626 17
8627 17
8628 17
8629 18
8630 18
8631 18
8632 17
8633 18
8634 17
8635 18
8636 18
8637 18
8638 17
8639 18
8640 18
8641 18
8642 19
8643 17
8644 18
8645 17
8646 18
8647 17
8648 18
8649 17
8650 18
8651 18
8652 19
8653 18
8654 17
8655 17
8656 18
8657 17
8658 17
8659 17
8660 19
8661 18
8662 17
8663 19
8664 18
8665 20
8666 18
8667 17
8668 17
8669 18
8670 17
8671 18
8672 18
8673 18
8674 19
8675 17
8676 18
8677 17
8678 17
8679 18
8680 18
8681 18
8682 17
8683 17
8684 27
8685 18
8686 18
8687 18
8688 18
8689 18
8690 18
8691 17
8692 18
8693 18
8694 17
8695 19
8696 18
8697 17
8698 17
8699 18
8700 18
8701 17
8702 18
8703 17
8704 16
8705 18
8706 19
8707 18
8708 18
8709 17
8710 18
8711 18
8712 18
8713 17
8714 17
8715 17
8716 18
8717 17
8718 17
8719 18
8720 18
8721 17
8722 17
8723 18
8724 17
8725 17
8726 17
8727 17
8728 17
8729 21
8730 17
8731 17
8732 17
8733 17
8734 18
8735 18
8736 18
8737 18
8738 17
8739 17
8740 18
8741 17
8742 17
8743 17
8744 17
8745 17
8746 17
8747 17
8748 17
8749 17
8750 17
8751 17
8752 17
8753 17
8754 17
8755 17
8756 18
8757 17
8758 17
8759 17
8760 17
8761 17
8762 17
8763 17
8764 17
8765 17
8766 19
8767 17
8768 17
8769 17
8770 19
8771 18
8772 17
8773 17
8774 17
8775 17
8776 17
8777 17
8778 17
8779 18
8780 18
8781 18
8782 18
8783 18
8784 17
8785 19
8786 17
8787 18
8788 17
8789 17
8790 17
8791 17
8792 17
8793 20
8794 17
8795 18
8796 17
8797 17
8798 17
8799 17
8800 17
8801 17
8802 18
8803 17
8804 18
8805 17
8806 17
8807 18
8808 20
8809 19
8810 17
8811 17
8812 18
8813 17
8814 18
8815 18
8816 17
8817 17
8818 18
8819 18
8820 17
8821 18
8822 17
8823 17
8824 18
8825 19
8826 17
8827 17
8828 17
8829 17
8830 17
8831 16
8832 18
8833 17
8834 18
8835 18
8836 17
8837 17
8838 35
8839 18
8840 17
8841 17
8842 17
8843 17
8844 17
8845 17
8846 17
8847 18
8848 17
8849 17
8850 18
8851 29
8852 19
8853 18
8854 18
8855 18
8856 17
8857 21
8858 18
8859 17
8860 17
8861 17
8862 17
8863 18
8864 17
8865 18
8866 17
8867 17
8868 18
8869 17
8870 17
8871 17
8872 17
8873 17
8874 17
8875 17
8876 17
8877 18
8878 18
8879 18
8880 17
8881 18
8882 17
8883 18
8884 17
8885 19
8886 18
8887 17
8888 17
8889 17
8890 17
8891 17
8892 18
8893 17
8894 17
8895 17
8896 17
8897 19
8898 18
8899 17
8900 17
8901 17
8902 17
8903 17
8904 17
8905 17
8906 17
8907 17
8908 17
8909 17
8910 18
8911 18
8912 17
8913 17
8914 18
8915 17
8916 17
8917 17
8918 17
8919 19
8920 17
8921 20
8922 17
8923 18
8924 25
8925 19
8926 18
8927 17
8928 18
8929 18
8930 19
8931 18
8932 17
8933 18
8934 17
8935 17
8936 18
8937 17
8938 17
8939 18
8940 17
8941 18
8942 17
8943 18
8944 17
8945 17
8946 18
8947 18
8948 17
8949 18
8950 17
8951 19
8952 19
8953 17
8954 18
8955 18
8956 18
8957 18
8958 18
8959 17
8960 18
8961 17
8962 18
8963 18
8964 18
8965 17
8966 17
8967 18
8968 17
8969 17
8970 17
8971 18
8972 18
8973 19
8974 19
8975 19
8976 18
8977 18
8978 17
8979 17
8980 17
8981 17
8982 19
8983 20
8984 18
8985 21
8986 18
8987 19
8988 18
8989 18
8990 20
8991 18
8992 18
8993 18
8994 18
8995 19
8996 18
8997 17
8998 18
8999 17
9000 18
9001 19
9002 18
9003 17
9004 17
9005 18
9006 17
9007 17
9008 17
9009 19
9010 17
9011 17
9012 18
9013 18
9014 22
9015 18
9016 18
9017 18
9018 18
9019 18
9020 18
9021 18
9022 18
9023 20
9024 17
9025 17
9026 17
9027 18
9028 19
9029 18
9030 18
9031 18
9032 17
9033 18
9034 18
9035 17
9036 18
9037 18
9038 18
9039 20
9040 18
9041 18
9042 17
9043 19
9044 17
9045 18
9046 17
9047 19
9048 17
9049 21
9050 19
9051 17
9052 18
9053 18
9054 18
9055 17
9056 17
9057 17
9058 17
9059 17
9060 17
9061 19
9062 18
9063 18
9064 17
9065 18
9066 17
9067 19
9068 18
9069 18
9070 18
9071 17
9072 19
9073 18
9074 18
9075 17
9076 17
9077 30
9078 18
9079 18
9080 18
9081 18
9082 17
9083 19
9084 18
9085 18
9086 19
9087 18
9088 19
9089 22
9090 19
9091 18
9092 18
9093 18
9094 18
9095 19
9096 18
9097 17
9098 18
9099 18
9100 17
9101 17
9102 18
9103 17
9104 17
9105 18
9106 17
9107 19
9108 18
9109 17
9110 32
9111 20
9112 18
9113 20
9114 19
9115 21
9116 19
9117 18
9118 20
9119 19
9120 18
9121 18
9122 18
9123 18
9124 17
9125 17
9126 21
9127 19
9128 18
9129 18
9130 18
9131 21
9132 19
9133 17
9134 18
9135 21
9136 17
9137 18
9138 17
9139 18
9140 17
9141 20
9142 21
9143 19
9144 18
9145 18
9146 19
9147 24
9148 18
9149 19
9150 17
9151 18
9152 17
9153 17
9154 17
9155 20
9156 17
9157 18
9158 17
9159 17
9160 17
9161 18
9162 17
9163 17
9164 18
9165 17
9166 17
9167 17
9168 17
9169 17
9170 17
9171 17
9172 17
9173 17
9174 19
9175 17
9176 18
9177 19
9178 17
9179 17
9180 17
9181 17
9182 17
9183 17
9184 17
9185 17
9186 17
9187 31
9188 17
9189 17
9190 18
9191 18
9192 17
9193 18
9194 17
9195 17
9196 17
9197 17
9198 17
9199 17
9200 17
9201 18
9202 18
9203 17
9204 17
9205 17
9206 18
9207 19
9208 18
9209 18
9210 17
9211 17
9212 17
9213 17
9214 17
9215 17
9216 17
9217 17
9218 17
9219 17
9220 17
9221 17
9222 17
9223 18
9224 17
9225 17
9226 18
9227 19
9228 17
9229 17
9230 17
9231 17
9232 17
9233 18
9234 18
9235 17
9236 17
9237 17
9238 18
9239 18
9240 17
9241 20
9242 18
9243 17
9244 17
9245 17
9246 17
9247 18
9248 18
9249 18
9250 18
9251 18
9252 18
9253 18
9254 18
9255 17
9256 17
9257 18
9258 17
9259 17
9260 17
9261 18
9262 18
9263 17
9264 17
9265 17
9266 18
9267 17
9268 18
9269 18
9270 18
9271 18
9272 17
9273 18
9274 17
9275 17
9276 18
9277 18
9278 17
9279 18
9280 19
9281 17
9282 18
9283 17
9284 18
9285 20
9286 18
9287 17
9288 18
9289 17
9290 18
9291 17
9292 17
9293 17
9294 18
9295 18
9296 17
9297 18
9298 18
9299 17
9300 17
9301 18
9302 18
9303 18
9304 17
9305 20
9306 18
9307 18
9308 19
9309 17
9310 18
9311 17
9312 18
9313 17
9314 18
9315 18
9316 17
9317 17
9318 17
9319 18
9320 17
9321 18
9322 17
9323 17
9324 17
9325 18
9326 17
9327 18
9328 18
9329 18
9330 18
9331 17
9332 17
9333 17
9334 17
9335 19
9336 17
9337 17
9338 17
9339 18
9340 17
9341 18
9342 17
9343 17
9344 18
9345 18
9346 18
9347 18
9348 18
9349 18
9350 18
9351 17
9352 18
9353 17
9354 18
9355 17
9356 17
9357 19
9358 18
9359 18
9360 18
9361 17
9362 17
9363 18
9364 17
9365 42
9366 18
9367 17
9368 17
9369 19
9370 18
9371 17
9372 17
9373 17
9374 17
9375 17
9376 18
9377 18
9378 17
9379 18
9380 17
9381 18
9382 17
9383 17
9384 17
9385 17
9386 17
9387 17
9388 17
9389 17
9390 17
9391 18
9392 18
9393 18
9394 18
9395 18
9396 18
9397 18
9398 17
9399 17
9400 18
9401 17
9402 17
9403 17
9404 17
9405 18
9406 18
9407 18
9408 17
9409 18
9410 17
9411 17
9412 18
9413 17
9414 18
9415 18
9416 17
9417 17
9418 17
9419 17
9420 17
9421 17
9422 17
9423 17
9424 17
9425 17
9426 17
9427 17
9428 17
9429 17
9430 17
9431 17
9432 17
9433 19
9434 17
9435 18
9436 18
9437 18
9438 18
9439 18
9440 17
9441 17
9442 17
9443 17
9444 17
9445 17
9446 18
9447 17
9448 17
9449 18
9450 18
9451 17
9452 17
9453 17
9454 17
9455 18
9456 18
9457 18
9458 17
9459 18
9460 17
9461 17
9462 17
9463 17
9464 17
9465 17
9466 18
9467 17
9468 17
9469 17
9470 17
9471 17
9472 17
9473 17
9474 17
9475 18
9476 18
9477 17
9478 17
9479 18
9480 18
9481 18
9482 17
9483 18
9484 17
9485 17
9486 18
9487 18
9488 17
9489 17
9490 17
9491 19
9492 17
9493 18
9494 18
9495 18
9496 18
9497 19
9498 18
9499 17
9500 17
9501 17
9502 17
9503 17
9504 17
9505 17
9506 17
9507 17
9508 17
9509 18
9510 17
9511 17
9512 18
9513 18
9514 19
9515 18
9516 18
9517 18
9518 17
9519 18
9520 17
9521 17
9522 18
9523 18
9524 17
9525 19
9526 17
9527 17
9528 17
9529 18
9530 18
9531 18
9532 18
9533 17
9534 18
9535 17
9536 19
9537 18
9538 17
9539 18
9540 17
9541 18
9542 17
9543 17
9544 306
9545 19
9546 18
9547 18
9548 18
9549 18
9550 18
9551 18
9552 18
9553 17
9554 17
9555 18
9556 18
9557 18
9558 17
9559 17
9560 17
9561 17
9562 17
9563 17
9564 17
9565 17
9566 17
9567 17
9568 17
9569 17
9570 18
9571 17
9572 17
9573 18
9574 18
9575 18
9576 17
9577 18
9578 18
9579 18
9580 17
9581 17
9582 18
9583 18
9584 17
9585 17
9586 18
9587 17
9588 18
9589 17
9590 19
9591 18
9592 18
9593 18
9594 18
9595 18
9596 18
9597 18
9598 17
9599 18
9600 17
9601 18
9602 17
9603 18
9604 17
9605 17
9606 18
9607 17
9608 17
9609 18
9610 18
9611 17
9612 18
9613 19
9614 17
9615 17
9616 18
9617 18
9618 17
9619 17
9620 18
9621 18
9622 17
9623 18
9624 18
9625 18
9626 17
9627 17
9628 18
9629 18
9630 18
9631 17
9632 17
9633 17
9634 17
9635 18
9636 18
9637 18
9638 18
9639 18
9640 18
9641 17
9642 18
9643 17
9644 17
9645 19
9646 18
9647 18
9648 18
9649 17
9650 18
9651 17
9652 17
9653 17
9654 18
9655 17
9656 17
9657 17
9658 18
9659 17
9660 17
9661 18
9662 17
9663 18
9664 17
9665 18
9666 17
9667 18
9668 19
9669 19
9670 18
9671 18
9672 18
9673 18
9674 17
9675 17
9676 17
9677 17
9678 17
9679 17
9680 17
9681 17
9682 17
9683 17
9684 17
9685 17
9686 17
9687 17
9688 17
9689 18
9690 17
9691 18
9692 17
9693 18
9694 17
9695 18
9696 18
9697 17
9698 17
9699 18
9700 17
9701 18
9702 20
9703 18
9704 18
9705 17
9706 18
9707 18
9708 17
9709 22
9710 18
9711 18
9712 19
9713 20
9714 17
9715 19
9716 19
9717 18
9718 18
9719 18
9720 18
9721 18
9722 17
9723 18
9724 17
9725 17
9726 18
9727 17
9728 18
9729 19
9730 18
9731 18
9732 17
9733 18
9734 19
9735 18
9736 18
9737 18
9738 17
9739 18
9740 17
9741 17
9742 18
9743 18
9744 17
9745 18
9746 17
9747 17
9748 18
9749 18
9750 18
9751 17
9752 17
9753 18
9754 17
9755 18
9756 18
9757 18
9758 20
9759 17
9760 18
9761 17
9762 19
9763 17
9764 18
9765 18
9766 17
9767 18
9768 17
9769 17
9770 18
9771 18
9772 17
9773 18
9774 18
9775 18
9776 18
9777 18
9778 18
9779 17
9780 17
9781 18
9782 18
9783 18
9784 17
9785 18
9786 17
9787 17
9788 18
9789 18
9790 17
9791 17
9792 17
9793 17
9794 17
9795 17
9796 30
9797 19
9798 18
9799 17
9800 17
9801 17
9802 17
9803 17
9804 17
9805 17
9806 18
9807 17
9808 17
9809 17
9810 18
9811 18
9812 17
9813 17
9814 17
9815 17
9816 18
9817 17
9818 18
9819 17
9820 17
9821 18
9822 17
9823 18
9824 18
9825 19
9826 17
9827 18
9828 17
9829 18
9830 17
9831 18
9832 18
9833 18
9834 18
9835 17
9836 18
9837 18
9838 17
9839 18
9840 18
9841 17
9842 18
9843 17
9844 18
9845 18
9846 18
9847 17
9848 18
9849 18
9850 17
9851 19
9852 18
9853 18
9854 17
9855 18
9856 17
9857 18
9858 17
9859 18
9860 17
9861 18
9862 19
9863 18
9864 17
9865 18
9866 18
9867 18
9868 19
9869 18
9870 18
9871 18
9872 17
9873 18
9874 18
9875 17
9876 17
9877 17
9878 17
9879 17
9880 17
9881 17
9882 17
9883 17
9884 17
9885 18
9886 18
9887 19
9888 18
9889 18
9890 17
9891 17
9892 18
9893 17
9894 18
9895 18
9896 17
9897 18
9898 17
9899 17
9900 19
9901 19
9902 18
9903 17
9904 17
9905 17
9906 17
9907 17
9908 18
9909 17
9910 17
9911 18
9912 18
9913 17
9914 18
9915 17
9916 18
9917 19
9918 18
9919 17
9920 17
9921 18
9922 17
9923 18
9924 17
9925 17
9926 17
9927 18
9928 18
9929 18
9930 17
9931 18
9932 18
9933 17
9934 18
9935 18
9936 18
9937 18
9938 17
9939 19
9940 18
9941 18
9942 18
9943 17
9944 18
9945 18
9946 18
9947 17
9948 17
9949 18
9950 19
9951 17
9952 18
9953 17
9954 17
9955 18
9956 18
9957 17
9958 17
9959 18
9960 17
9961 18
9962 17
9963 17
9964 17
9965 18
9966 17
9967 18
9968 18
9969 17
9970 18
9971 17
9972 17
9973 18
9974 17
9975 18
9976 18
9977 18
9978 17
9979 17
9980 18
9981 17
9982 18
9983 18
9984 17
9985 18
9986 18
9987 17
9988 17
9989 18
9990 18
9991 18
9992 18
9993 17
9994 17
9995 17
9996 17
9997 17
9998 18
9999 17
