0 5626
1 5362
2 5362
3 6070
4 5271
5 5174
6 5417
7 5594
8 5196
9 5108
10 5192
11 5086
12 5077
13 5240
14 6365
15 6258
16 5105
17 5339
18 5842
19 5324
20 5096
21 5079
22 6584
23 5090
24 5219
25 5079
26 5708
27 5296
28 5092
29 4956
30 5465
31 6219
32 5204
33 6283
34 5142
35 5061
36 4951
37 5087
38 5837
39 5216
40 7422
41 5998
42 5222
43 5577
44 5087
45 5338
46 5839
47 5456
48 5276
49 5405
50 5980
51 6561
52 5193
53 5656
54 5525
55 5576
56 5351
57 5321
58 5302
59 5749
60 5322
61 5954
62 9090
63 5091
64 5080
65 4961
66 5841
67 5834
68 5482
69 5439
70 5905
71 6405
72 6324
73 6486
74 5432
75 6209
76 6460
77 5093
78 5337
79 5828
80 5354
81 5069
82 5659
83 5386
84 4934
85 5120
86 5962
87 5152
88 5590
89 5090
90 5699
91 4964
92 5174
93 5377
94 5474
95 6451
96 5058
97 5029
98 5083
99 5456
100 5702
101 5033
102 5209
103 5961
104 6888
105 5300
106 5300
107 5481
108 5434
109 5084
110 5962
111 5200
112 5594
113 7016
114 5399
115 5479
116 5326
117 5264
118 5277
119 5222
120 5213
121 5327
122 5647
123 5279
124 5211
125 -995041
126 6219
127 5190
128 5505
129 5061
130 5470
131 5200
132 6454
133 4963
134 5589
135 6217
136 5521
137 5273
138 5097
139 6077
140 5587
141 5090
142 5340
143 5082
144 5341
145 5087
146 5087
147 5086
148 5592
149 6011
150 7158
151 6964
152 5468
153 5211
154 5215
155 5073
156 5096
157 5703
158 5087
159 5339
160 5590
161 6519
162 5653
163 5095
164 5952
165 5590
166 5462
167 5780
168 7286
169 5696
170 4969
171 5578
172 5214
173 5466
174 5087
175 5206
176 5588
177 6023
178 5449
179 6167
180 5451
181 4966
182 5081
183 5837
184 5088
185 5216
186 5460
187 6648
188 5264
189 5227
190 5210
191 5213
192 5595
193 5705
194 5461
195 5095
196 5712
197 5082
198 5659
199 5412
200 5751
201 5528
202 6337
203 4960
204 4960
205 7464
206 5094
207 5707
208 5210
209 5214
210 5162
211 5262
212 5464
213 5589
214 5214
215 5332
216 5714
217 5603
218 5069
219 6087
220 4962
221 5096
222 5078
223 4962
224 6593
225 5734
226 5188
227 5963
228 5095
229 6521
230 5396
231 5086
232 5098
233 5578
234 5095
235 5328
236 5839
237 5960
238 5213
239 5343
240 5830
241 5469
242 6848
243 5443
244 5190
245 5268
246 5320
247 5276
248 4951
249 5838
250 5747
251 5298
252 5473
253 6211
254 5831
255 4923
256 5716
257 5348
258 5075
259 5090
260 4962
261 7090
262 5207
263 5715
264 5602
265 5076
266 5082
267 5087
268 5600
269 6264
270 6349
271 5134
272 5589
273 6334
274 5464
275 5344
276 5078
277 5463
278 5463
279 6523
280 6218
281 5146
282 5911
283 5138
284 5214
285 5090
286 5738
287 5938
288 5336
289 5354
290 5446
291 5077
292 5588
293 5221
294 5578
295 5336
296 5215
297 7156
298 5517
299 5963
300 5346
301 5329
302 5272
303 5278
304 5222
305 -993920
306 5339
307 6383
308 6353
309 5520
310 5671
311 5715
312 6021
313 5403
314 5716
315 6581
316 6089
317 5841
318 5194
319 5705
320 5838
321 5597
322 5077
323 5099
324 5261
325 6031
326 5461
327 5461
328 5075
329 5145
330 4960
331 5335
332 5774
333 7004
334 5751
335 5319
336 5094
337 5080
338 5089
339 5486
340 5312
341 5106
342 5316
343 5673
344 5078
345 4965
346 4963
347 5221
348 5702
349 5616
350 5685
351 5094
352 7263
353 5036
354 5715
355 5830
356 5583
357 5339
358 5340
359 5335
360 5531
361 5148
362 5081
363 5338
364 6111
365 5192
366 5082
367 5715
368 5531
369 6019
370 5085
371 6338
372 5339
373 5336
374 6236
375 5336
376 5314
377 5088
378 5090
379 5471
380 5823
381 5088
382 8009
383 6040
384 5089
385 5089
386 5093
387 6330
388 5652
389 6905
390 5706
391 4964
392 4964
393 4969
394 6332
395 5095
396 5432
397 5091
398 5081
399 6589
400 6098
401 5516
402 5148
403 5887
404 5418
405 4834
406 5463
407 6345
408 6146
409 5271
410 5089
411 5074
412 5206
413 5524
414 5028
415 4954
416 5085
417 5216
418 5459
419 5090
420 5733
421 5689
422 5467
423 5034
424 6716
425 6154
426 5771
427 5710
428 5338
429 5718
430 5454
431 5091
432 5585
433 4966
434 5203
435 5215
436 5339
437 5400
438 5149
439 5587
440 5722
441 5201
442 5338
443 5592
444 6350
445 5193
446 5215
447 5087
448 4964
449 5709
450 6037
451 5393
452 5601
453 5062
454 4969
455 5338
456 5082
457 4961
458 4964
459 5093
460 5610
461 5431
462 5213
463 6715
464 5454
465 5273
466 6351
467 5261
468 5227
469 5595
470 5504
471 5398
472 5529
473 6153
474 5201
475 5338
476 5215
477 5597
478 5259
479 5408
480 5963
481 5713
482 6708
483 5089
484 5598
485 -994673
486 5106
487 5316
488 5089
489 5092
490 5451
491 5091
492 5521
493 6090
494 5145
495 5343
496 4950
497 5595
498 5585
499 5456
500 6711
501 5712
502 5092
503 5082
504 4962
505 5467
506 5365
507 5302
508 5341
509 5337
510 5097
511 5577
512 5209
513 5105
514 5585
515 5071
516 6368
517 5356
518 5660
519 6088
520 5089
521 5840
522 5084
523 6472
524 5896
525 5643
526 5089
527 7228
528 5976
529 5180
530 5338
531 5490
532 5058
533 5868
534 5308
535 6528
536 5792
537 7069
538 5714
539 5462
540 5094
541 6594
542 5449
543 5204
544 6213
545 6360
546 5438
547 5207
548 4958
549 5102
550 5068
551 5106
552 6574
553 5460
554 5329
555 6588
556 5213
557 5084
558 4965
559 5328
560 5892
561 5774
562 5585
563 5220
564 4955
565 5835
566 5771
567 5656
568 5582
569 5095
570 5839
571 5079
572 6360
573 6697
574 5584
575 5084
576 5346
577 5602
578 6065
579 5390
580 5283
581 5344
582 5082
583 4966
584 5210
585 5466
586 5711
587 5654
588 5401
589 5581
590 5460
591 5214
592 6591
593 5334
594 5342
595 5267
596 5402
597 5468
598 5069
599 4994
600 5060
601 5585
602 5763
603 5537
604 5453
605 5406
606 5517
607 6088
608 5612
609 5246
610 6409
611 6076
612 5471
613 5334
614 6300
615 5825
616 5839
617 5086
618 5709
619 5338
620 5338
621 5088
622 5267
623 5657
624 5328
625 4971
626 6030
627 5646
628 5215
629 6332
630 5853
631 5335
632 5444
633 4964
634 5589
635 5683
636 5119
637 4960
638 5338
639 5213
640 6276
641 6275
642 4969
643 5395
644 5953
645 5533
646 5089
647 5712
648 5090
649 5345
650 5949
651 5584
652 5464
653 5595
654 5703
655 5542
656 5326
657 5275
658 4950
659 5088
660 5218
661 5329
662 4965
663 5255
664 5676
665 -994039
666 6636
667 5447
668 5229
669 5795
670 5193
671 4970
672 5328
673 5589
674 6152
675 5281
676 6393
677 5320
678 5917
679 5578
680 4961
681 5338
682 5345
683 5953
684 6107
685 5124
686 5783
687 5328
688 5868
689 5406
690 6269
691 5647
692 6353
693 5449
694 5714
695 5089
696 5342
697 5333
698 5086
699 5588
700 5719
701 5082
702 7322
703 5630
704 4930
705 6031
706 5907
707 5700
708 5333
709 5610
710 5320
711 5079
712 5089
713 5713
714 6108
715 5060
716 5965
717 5520
718 5407
719 5767
720 6844
721 5519
722 5083
723 5802
724 4997
725 5342
726 5716
727 4958
728 5092
729 5215
730 5519
731 5526
732 4965
733 5579
734 6026
735 5651
736 5214
737 5357
738 5071
739 6462
740 6388
741 5529
742 5090
743 4967
744 5330
745 5343
746 5086
747 5340
748 5336
749 5586
750 5094
751 5736
752 6055
753 4963
754 5281
755 5269
756 6673
757 7380
758 5713
759 5327
760 5316
761 5095
762 5085
763 5050
764 5525
765 5313
766 5101
767 5705
768 5529
769 6491
770 5008
771 5089
772 4962
773 5635
774 5913
775 5131
776 6794
777 5324
778 5090
779 5782
780 5513
781 4963
782 5089
783 5462
784 5208
785 5087
786 5998
787 5428
788 4960
789 5588
790 5594
791 4952
792 5610
793 5815
794 6682
795 5242
796 6081
797 5595
798 5576
799 5760
800 5564
801 5436
802 5333
803 5338
804 5468
805 5080
806 5652
807 5396
808 5471
809 5394
810 5018
811 5088
812 5224
813 7072
814 5462
815 5594
816 5451
817 4964
818 6086
819 5088
820 5459
821 5463
822 5519
823 5287
824 5073
825 4963
826 5342
827 5079
828 5964
829 5463
830 5471
831 4953
832 5953
833 5338
834 6655
835 5516
836 5461
837 5095
838 5850
839 5467
840 5062
841 5087
842 5084
843 5336
844 5087
845 -994725
846 5399
847 5097
848 5119
849 5172
850 7397
851 5767
852 4964
853 5082
854 5339
855 5086
856 5590
857 5816
858 4962
859 6494
860 5431
861 5340
862 5083
863 4965
864 5713
865 5731
866 5622
867 5782
868 5072
869 6586
870 5098
871 6071
872 5346
873 5345
874 5446
875 5455
876 5214
877 5342
878 5516
879 5150
880 4964
881 5343
882 5577
883 5088
884 5525
885 5275
886 5584
887 5087
888 7221
889 5201
890 4968
891 6279
892 5397
893 5398
894 5401
895 5081
896 5719
897 6755
898 5036
899 5592
900 6026
901 5793
902 6065
903 5332
904 5212
905 6806
906 5247
907 5826
908 6717
909 5090
910 5452
911 5101
912 6106
913 5055
914 5208
915 5207
916 5470
917 5081
918 5583
919 5593
920 5524
921 5517
922 5604
923 5445
924 7146
925 5527
926 5462
927 5450
928 5392
929 5634
930 5993
931 5618
932 5413
933 5960
934 5345
935 5076
936 5486
937 5190
938 5222
939 5806
940 6105
941 6343
942 6579
943 4967
944 5956
945 4963
946 5087
947 5086
948 6647
949 5273
950 5089
951 5089
952 5594
953 5826
954 5894
955 5347
956 5272
957 5458
958 5462
959 5093
960 6558
961 5089
962 5338
963 5339
964 4956
965 5592
966 5460
967 5337
968 5189
969 5462
970 6469
971 5329
972 5587
973 5711
974 5588
975 4959
976 5781
977 5518
978 5575
979 6442
980 5460
981 5462
982 5086
983 5778
984 5672
985 6059
986 5088
987 5340
988 4966
989 5767
990 5156
991 6394
992 5409
993 6314
994 5349
995 5306
996 6204
997 7025
998 5534
999 5889
1000 5326
1001 5590
1002 5150
1003 5327
1004 4965
1005 6670
1006 5624
1007 5334
1008 4963
1009 5218
1010 5705
1011 5087
1012 5714
1013 6026
1014 5398
1015 6337
1016 5344
1017 4955
1018 5091
1019 4961
1020 5081
1021 4964
1022 5091
1023 4958
1024 -994025
1025 5431
1026 5086
1027 6212
1028 5351
1029 4948
1030 4970
1031 5876
1032 5168
1033 5573
1034 6589
1035 5491
1036 5309
1037 5215
1038 5195
1039 5223
1040 4949
1041 4976
1042 5778
1043 5511
1044 4951
1045 5850
1046 5872
1047 5669
1048 5763
1049 6106
1050 5413
1051 6583
1052 6808
1053 5086
1054 5079
1055 5216
1056 5079
1057 5150
1058 7145
1059 6077
1060 5453
1061 5342
1062 5328
1063 5095
1064 5456
1065 4964
1066 5076
1067 5954
1068 5348
1069 5594
1070 5327
1071 6465
1072 5423
1073 5455
1074 4969
1075 5040
1076 5090
1077 5327
1078 5718
1079 5084
1080 5894
1081 5650
1082 5098
1083 5324
1084 5470
1085 5078
1086 5094
1087 5455
1088 6218
1089 6904
1090 5141
1091 6115
1092 5684
1093 5211
1094 5210
1095 5090
1096 5588
1097 5082
1098 5085
1099 6139
1100 5420
1101 4954
1102 5544
1103 5874
1104 5098
1105 5452
1106 5469
1107 5085
1108 7086
1109 5206
1110 5092
1111 5084
1112 5728
1113 5315
1114 5282
1115 6136
1116 5332
1117 5109
1118 6144
1119 5634
1120 5213
1121 5459
1122 5590
1123 5341
1124 5208
1125 5606
1126 5949
1127 5704
1128 5093
1129 5497
1130 6615
1131 5270
1132 4968
1133 5396
1134 5399
1135 5744
1136 5195
1137 5822
1138 5213
1139 5085
1140 5352
1141 4988
1142 5675
1143 5584
1144 5081
1145 6483
1146 5305
1147 5097
1148 5202
1149 5093
1150 5330
1151 5469
1152 5329
1153 5213
1154 5138
1155 5417
1156 6387
1157 5530
1158 5108
1159 5188
1160 5399
1161 5279
1162 5494
1163 5179
1164 6403
1165 5269
1166 5340
1167 5083
1168 5095
1169 4956
1170 5714
1171 5088
1172 5335
1173 5340
1174 5331
1175 5332
1176 5465
1177 5475
1178 5442
1179 5850
1180 6090
1181 5326
1182 6839
1183 6209
1184 5458
1185 5334
1186 5587
1187 5961
1188 5452
1189 5715
1190 5262
1191 5414
1192 5084
1193 5842
1194 5343
1195 5333
1196 5338
1197 5203
1198 5090
1199 5079
1200 5837
1201 6870
1202 5059
1203 6077
1204 6359
1205 -994682
1206 5957
1207 6639
1208 5152
1209 5722
1210 5092
1211 5458
1212 5467
1213 6459
1214 5462
1215 5176
1216 5504
1217 4827
1218 5091
1219 6353
1220 5317
1221 6089
1222 5087
1223 5102
1224 5322
1225 5533
1226 5147
1227 5657
1228 5889
1229 6054
1230 5887
1231 6032
1232 7122
1233 5184
1234 5327
1235 6461
1236 8265
1237 5399
1238 5713
1239 5087
1240 5130
1241 6840
1242 5280
1243 5714
1244 5828
1245 4929
1246 5721
1247 5203
1248 6190
1249 5785
1250 5515
1251 5367
1252 5432
1253 5205
1254 6353
1255 6186
1256 5585
1257 5718
1258 6476
1259 5037
1260 5467
1261 5706
1262 5715
1263 6333
1264 5340
1265 5706
1266 4963
1267 5586
1268 5845
1269 6274
1270 5136
1271 5732
1272 7943
1273 5713
1274 5917
1275 5508
1276 5335
1277 5700
1278 5221
1279 5453
1280 6214
1281 5340
1282 5832
1283 4960
1284 6024
1285 5549
1286 5191
1287 5211
1288 6768
1289 5156
1290 5833
1291 5963
1292 5471
1293 6386
1294 5655
1295 5568
1296 4983
1297 5086
1298 6210
1299 5777
1300 5272
1301 5427
1302 5087
1303 4969
1304 5080
1305 5459
1306 5093
1307 5592
1308 6645
1309 5777
1310 6024
1311 5525
1312 6211
1313 4982
1314 5194
1315 5085
1316 4962
1317 4963
1318 5714
1319 4961
1320 5086
1321 5280
1322 5151
1323 5079
1324 4960
1325 5350
1326 5509
1327 7025
1328 5335
1329 5846
1330 6274
1331 5769
1332 5094
1333 4951
1334 5089
1335 6091
1336 5072
1337 5210
1338 5462
1339 5840
1340 5714
1341 4961
1342 5088
1343 5342
1344 5487
1345 7139
1346 5633
1347 5092
1348 5458
1349 5426
1350 5117
1351 5055
1352 4972
1353 6078
1354 4969
1355 5576
1356 5464
1357 5342
1358 5097
1359 5219
1360 5570
1361 5708
1362 5589
1363 5084
1364 7150
1365 5547
1366 5692
1367 5088
1368 5090
1369 5276
1370 5830
1371 5654
1372 5545
1373 5653
1374 5724
1375 5554
1376 5532
1377 5892
1378 5211
1379 5128
1380 5178
1381 5199
1382 5212
1383 -993279
1384 5641
1385 5578
1386 5998
1387 5123
1388 5693
1389 5587
1390 5470
1391 4961
1392 5077
1393 4969
1394 4941
1395 5777
1396 5516
1397 4958
1398 4961
1399 6144
1400 5149
1401 6746
1402 5432
1403 5582
1404 6285
1405 5262
1406 5095
1407 5199
1408 5098
1409 6575
1410 5836
1411 5716
1412 5080
1413 6094
1414 5324
1415 5776
1416 6092
1417 5639
1418 5833
1419 6845
1420 5754
1421 5259
1422 6036
1423 5389
1424 5465
1425 5087
1426 6155
1427 5648
1428 6210
1429 5592
1430 5702
1431 5964
1432 5213
1433 5588
1434 5084
1435 6463
1436 5349
1437 6575
1438 5214
1439 5463
1440 5090
1441 4963
1442 4837
1443 5086
1444 5338
1445 5460
1446 5341
1447 5146
1448 5157
1449 5201
1450 5465
1451 5219
1452 5078
1453 5779
1454 5772
1455 5600
1456 6947
1457 5786
1458 5266
1459 5582
1460 5338
1461 5461
1462 5334
1463 5337
1464 5083
1465 5112
1466 5062
1467 5364
1468 5071
1469 5080
1470 5737
1471 5680
1472 4833
1473 5957
1474 4967
1475 6828
1476 5520
1477 5527
1478 5089
1479 5335
1480 4972
1481 5325
1482 5213
1483 6216
1484 5333
1485 5959
1486 4958
1487 5842
1488 5328
1489 5995
1490 6241
1491 5657
1492 5498
1493 7050
1494 5085
1495 5577
1496 5089
1497 5088
1498 5346
1499 5579
1500 5589
1501 5212
1502 5088
1503 5334
1504 5338
1505 4986
1506 5188
1507 5712
1508 5214
1509 5351
1510 5198
1511 4996
1512 6041
1513 5588
1514 4957
1515 5093
1516 5086
1517 5876
1518 5919
1519 5589
1520 4970
1521 5704
1522 5968
1523 5707
1524 5715
1525 5959
1526 5089
1527 5717
1528 5888
1529 5974
1530 7408
1531 5697
1532 5965
1533 5463
1534 5969
1535 5826
1536 6466
1537 6219
1538 5451
1539 5088
1540 5714
1541 5089
1542 5085
1543 5585
1544 5013
1545 5289
1546 5703
1547 5277
1548 6280
1549 6106
1550 5042
1551 6121
1552 5184
1553 5077
1554 4961
1555 5220
1556 5736
1557 5967
1558 5274
1559 6145
1560 6039
1561 5330
1562 -994792
1563 6067
1564 5449
1565 5512
1566 7155
1567 5590
1568 5827
1569 6471
1570 5204
1571 5211
1572 5717
1573 6033
1574 5515
1575 6093
1576 5464
1577 5079
1578 6907
1579 6974
1580 5381
1581 5843
1582 5208
1583 7161
1584 5514
1585 5586
1586 5844
1587 5327
1588 5978
1589 5325
1590 5206
1591 7354
1592 6256
1593 5528
1594 5335
1595 5337
1596 5275
1597 5412
1598 5894
1599 5144
1600 4970
1601 6330
1602 5343
1603 5270
1604 5529
1605 4962
1606 5608
1607 5564
1608 5340
1609 5482
1610 5698
1611 6211
1612 5580
1613 5295
1614 6364
1615 5818
1616 5209
1617 6032
1618 5901
1619 6575
1620 5590
1621 5756
1622 5292
1623 5214
1624 4963
1625 6094
1626 5076
1627 5089
1628 5980
1629 5201
1630 5901
1631 5388
1632 5719
1633 5327
1634 5593
1635 5080
1636 5909
1637 5139
1638 6214
1639 5087
1640 5712
1641 6209
1642 5713
1643 5719
1644 5476
1645 6099
1646 6494
1647 5398
1648 5000
1649 5410
1650 5844
1651 5954
1652 5221
1653 5506
1654 5789
1655 6854
1656 5191
1657 5837
1658 5054
1659 5085
1660 5503
1661 5294
1662 5704
1663 5963
1664 5091
1665 5079
1666 4965
1667 5462
1668 5898
1669 5772
1670 5211
1671 5088
1672 5526
1673 5777
1674 7204
1675 4963
1676 4969
1677 5072
1678 5867
1679 5057
1680 5086
1681 5335
1682 4963
1683 5441
1684 5336
1685 5337
1686 5342
1687 5738
1688 5872
1689 5270
1690 5085
1691 5458
1692 5078
1693 6597
1694 5327
1695 5885
1696 5536
1697 6970
1698 5209
1699 4953
1700 5978
1701 5696
1702 5085
1703 5795
1704 5779
1705 5393
1706 6114
1707 7191
1708 5326
1709 5097
1710 6671
1711 5497
1712 5576
1713 5218
1714 5488
1715 5109
1716 6340
1717 5271
1718 5217
1719 5389
1720 5721
1721 5726
1722 5685
1723 5564
1724 5610
1725 5965
1726 6329
1727 5842
1728 6861
1729 5269
1730 6083
1731 5079
1732 6024
1733 6218
1734 5521
1735 5842
1736 5083
1737 5580
1738 -994662
1739 5738
1740 5562
1741 5357
1742 5193
1743 5954
1744 6018
1745 5776
1746 6645
1747 5399
1748 5389
1749 5287
1750 6960
1751 5077
1752 4968
1753 5459
1754 5338
1755 5078
1756 6719
1757 5227
1758 5316
1759 5972
1760 5947
1761 5338
1762 5455
1763 5278
1764 7534
1765 5451
1766 4959
1767 5468
1768 5232
1769 5059
1770 5904
1771 5517
1772 5338
1773 5270
1774 5412
1775 5707
1776 5837
1777 6134
1778 5543
1779 5387
1780 5535
1781 5468
1782 5332
1783 6087
1784 6341
1785 5462
1786 5481
1787 5882
1788 5586
1789 5402
1790 5458
1791 5338
1792 5094
1793 5079
1794 5780
1795 5027
1796 5587
1797 5330
1798 5464
1799 5138
1800 5660
1801 6112
1802 5316
1803 5139
1804 6038
1805 5451
1806 5107
1807 5311
1808 4966
1809 5474
1810 5449
1811 6706
1812 4968
1813 5868
1814 5867
1815 5339
1816 5085
1817 5960
1818 5580
1819 6075
1820 5329
1821 5783
1822 5017
1823 4962
1824 5111
1825 5686
1826 4966
1827 5531
1828 5149
1829 5328
1830 4965
1831 5340
1832 5097
1833 5202
1834 5710
1835 5086
1836 5866
1837 5184
1838 6356
1839 5206
1840 6017
1841 5263
1842 5844
1843 4964
1844 5047
1845 5080
1846 6724
1847 5079
1848 5703
1849 5343
1850 5087
1851 5077
1852 5286
1853 6155
1854 5082
1855 6008
1856 5141
1857 7417
1858 5140
1859 5295
1860 4950
1861 5220
1862 6125
1863 5733
1864 5284
1865 5052
1866 5333
1867 5069
1868 5224
1869 5464
1870 5749
1871 6032
1872 5441
1873 6365
1874 5186
1875 6224
1876 5069
1877 5586
1878 5190
1879 5078
1880 6367
1881 6109
1882 5437
1883 6168
1884 5601
1885 5409
1886 5400
1887 4943
1888 5199
1889 5843
1890 5695
1891 5196
1892 6162
1893 6145
1894 5456
1895 6750
1896 5185
1897 5938
1898 5455
1899 5085
1900 5784
1901 5265
1902 5089
1903 5085
1904 5471
1905 5078
1906 7362
1907 7199
1908 6201
1909 6468
1910 5534
1911 7259
1912 5711
1913 6701
1914 5702
1915 5839
1916 -994241
1917 5669
1918 5458
1919 5903
1920 5780
1921 5956
1922 5583
1923 5715
1924 5226
1925 6107
1926 5752
1927 5692
1928 6691
1929 4972
1930 4907
1931 5806
1932 6981
1933 5854
1934 5738
1935 5325
1936 5002
1937 6320
1938 5205
1939 5568
1940 5096
1941 5320
1942 7272
1943 5602
1944 6019
1945 5147
1946 7595
1947 5371
1948 5995
1949 5620
1950 5149
1951 6145
1952 5754
1953 4968
1954 5821
1955 5310
1956 5667
1957 5342
1958 5817
1959 5610
1960 5699
1961 5777
1962 5381
1963 8277
1964 6038
1965 5757
1966 5845
1967 5314
1968 6336
1969 5847
1970 5759
1971 5812
1972 5625
1973 5603
1974 5193
1975 5927
1976 5471
1977 6246
1978 5780
1979 5470
1980 5341
1981 5801
1982 5426
1983 6117
1984 5253
1985 5653
1986 5558
1987 5727
1988 5024
1989 5703
1990 5793
1991 5975
1992 5395
1993 4961
1994 6773
1995 5268
1996 6160
1997 5769
1998 6207
1999 7407
2000 6030
2001 5510
2002 5154
2003 5078
2004 6343
2005 5458
2006 5714
2007 4961
2008 5848
2009 6515
2010 5515
2011 5091
2012 6015
2013 6712
2014 5644
2015 5698
2016 6641
2017 5623
2018 5250
2019 5825
2020 6174
2021 5112
2022 5830
2023 5605
2024 6095
2025 5184
2026 5111
2027 6514
2028 5247
2029 5069
2030 5099
2031 6133
2032 5325
2033 5712
2034 6096
2035 5203
2036 6648
2037 5534
2038 5069
2039 5990
2040 5678
2041 5826
2042 6580
2043 5811
2044 6152
2045 5798
2046 5702
2047 5780
2048 5295
2049 5925
2050 5460
2051 6630
2052 6252
2053 5471
2054 6217
2055 6401
2056 5021
2057 5704
2058 5715
2059 5898
2060 5388
2061 4972
2062 4949
2063 5360
2064 5691
2065 6218
2066 4993
2067 5433
2068 5380
2069 5032
2070 6064
2071 5780
2072 5543
2073 6877
2074 5407
2075 5466
2076 5713
2077 5636
2078 5408
2079 6402
2080 5390
2081 6589
2082 5966
2083 5267
2084 6326
2085 5289
2086 5101
2087 5573
2088 6048
2089 -993445
2090 6376
2091 5345
2092 5443
2093 5812
2094 4980
2095 5456
2096 4961
2097 5320
2098 5728
2099 5337
2100 5591
2101 4957
2102 5717
2103 5459
2104 6515
2105 5665
2106 6580
2107 5457
2108 5924
2109 5608
2110 5098
2111 5318
2112 5986
2113 5767
2114 5259
2115 5999
2116 5564
2117 5348
2118 6135
2119 5833
2120 4951
2121 5697
2122 5906
2123 5520
2124 6827
2125 5953
2126 5584
2127 6155
2128 5398
2129 5718
2130 5817
2131 5526
2132 5594
2133 5394
2134 5712
2135 7344
2136 7826
2137 5165
2138 5096
2139 5349
2140 5123
2141 7043
2142 5065
2143 5705
2144 4953
2145 5854
2146 5868
2147 5416
2148 6006
2149 5410
2150 6333
2151 5590
2152 5136
2153 6042
2154 4953
2155 4955
2156 5593
2157 5511
2158 5406
2159 6581
2160 5713
2161 4959
2162 5089
2163 5713
2164 5242
2165 6007
2166 5125
2167 5102
2168 5447
2169 5349
2170 6761
2171 5154
2172 5580
2173 5464
2174 5208
2175 5331
2176 5223
2177 7732
2178 5293
2179 4950
2180 5092
2181 5193
2182 5114
2183 5556
2184 4958
2185 4968
2186 5968
2187 6015
2188 5168
2189 5323
2190 5087
2191 5056
2192 5344
2193 5260
2194 5895
2195 5078
2196 6469
2197 5328
2198 5715
2199 4956
2200 4952
2201 5336
2202 4980
2203 7256
2204 6166
2205 6475
2206 5296
2207 5999
2208 5669
2209 5709
2210 5105
2211 5430
2212 5585
2213 5981
2214 6989
2215 5847
2216 5640
2217 5474
2218 5315
2219 7004
2220 5310
2221 5318
2222 5078
2223 6128
2224 5919
2225 5357
2226 6188
2227 5559
2228 5378
2229 5371
2230 5689
2231 5347
2232 6167
2233 5884
2234 5840
2235 5308
2236 5553
2237 5584
2238 5279
2239 6199
2240 5456
2241 5333
2242 5329
2243 5496
2244 5798
2245 4979
2246 5070
2247 5307
2248 5459
2249 5205
2250 6664
2251 6750
2252 5794
2253 5303
2254 5107
2255 7148
2256 5888
2257 6119
2258 6005
2259 5434
2260 5958
2261 5511
2262 5216
2263 5788
2264 5463
2265 -993368
2266 5458
2267 7381
2268 5625
2269 5180
2270 5350
2271 5797
2272 4834
2273 7429
2274 5926
2275 6629
2276 5686
2277 5923
2278 6353
2279 5348
2280 5406
2281 7270
2282 6532
2283 6315
2284 7051
2285 5683
2286 5054
2287 4926
2288 5171
2289 5579
2290 5893
2291 5222
2292 5256
2293 5825
2294 5421
2295 5288
2296 5733
2297 6343
2298 5433
2299 5373
2300 5476
2301 5566
2302 7015
2303 5408
2304 5671
2305 5651
2306 6153
2307 6323
2308 5670
2309 7677
2310 6202
2311 8030
2312 5182
2313 4944
2314 5080
2315 5686
2316 5080
2317 5785
2318 5497
2319 6714
2320 5688
2321 5883
2322 5847
2323 5457
2324 5249
2325 5302
2326 8992
2327 5415
2328 5484
2329 5565
2330 5126
2331 4949
2332 5306
2333 5932
2334 5159
2335 6197
2336 6634
2337 5648
2338 5350
2339 5325
2340 5858
2341 5700
2342 5599
2343 5169
2344 6553
2345 6675
2346 5580
2347 5646
2348 5725
2349 6819
2350 5599
2351 6279
2352 5400
2353 6374
2354 5916
2355 6827
2356 6725
2357 5498
2358 5904
2359 5544
2360 5922
2361 6562
2362 5648
2363 6182
2364 5302
2365 4932
2366 5055
2367 5145
2368 5736
2369 5599
2370 5049
2371 6546
2372 5134
2373 6045
2374 6992
2375 5213
2376 5324
2377 5474
2378 5640
2379 5520
2380 5496
2381 5760
2382 5597
2383 6711
2384 6637
2385 5138
2386 5790
2387 5294
2388 5360
2389 6532
2390 5778
2391 6150
2392 5278
2393 5115
2394 6319
2395 5293
2396 6025
2397 5048
2398 5688
2399 5877
2400 5292
2401 5203
2402 5626
2403 6612
2404 5218
2405 6165
2406 5009
2407 6145
2408 6025
2409 6057
2410 5979
2411 5336
2412 5446
2413 5636
2414 5437
2415 5732
2416 5533
2417 5206
2418 5587
2419 5786
2420 5130
2421 5374
2422 5315
2423 5385
2424 5296
2425 6356
2426 4995
2427 5466
2428 5844
2429 5872
2430 5093
2431 5930
2432 6277
2433 5263
2434 4962
2435 5083
2436 -993955
2437 5321
2438 5131
2439 6313
2440 5766
2441 5525
2442 5841
2443 6746
2444 5146
2445 6440
2446 5206
2447 5703
2448 5258
2449 6824
2450 4911
2451 5406
2452 5135
2453 6359
2454 5291
2455 6033
2456 5808
2457 5347
2458 5523
2459 5897
2460 5332
2461 6335
2462 5556
2463 5746
2464 5997
2465 5070
2466 5658
2467 4966
2468 5316
2469 6181
2470 4977
2471 4851
2472 5724
2473 5720
2474 5273
2475 5370
2476 5898
2477 7412
2478 7444
2479 6356
2480 5897
2481 5746
2482 6649
2483 4968
2484 6459
2485 5455
2486 5319
2487 6049
2488 5552
2489 5069
2490 5252
2491 5361
2492 6303
2493 5327
2494 6406
2495 5254
2496 6944
2497 5331
2498 5293
2499 5588
2500 5215
2501 5092
2502 5620
2503 6767
2504 6147
2505 5693
2506 5280
2507 6144
2508 5319
2509 5925
2510 5094
2511 5429
2512 5352
2513 5392
2514 6842
2515 5301
2516 5688
2517 6310
2518 5366
2519 5257
2520 6127
2521 5360
2522 5638
2523 5386
2524 5953
2525 5041
2526 5943
2527 5327
2528 5457
2529 5320
2530 5437
2531 5214
2532 7321
2533 5243
2534 5304
2535 5610
2536 6827
2537 5511
2538 5624
2539 5742
2540 5493
2541 5482
2542 5120
2543 5692
2544 5128
2545 5286
2546 5935
2547 5096
2548 5298
2549 5580
2550 5814
2551 5318
2552 5211
2553 5438
2554 4947
2555 5856
2556 5050
2557 5069
2558 5064
2559 5331
2560 5322
2561 5443
2562 5832
2563 6146
2564 5631
2565 5699
2566 5320
2567 5691
2568 5697
2569 6315
2570 5351
2571 5690
2572 6313
2573 6152
2574 5263
2575 5697
2576 6073
2577 5758
2578 5258
2579 5352
2580 6608
2581 5154
2582 4956
2583 5080
2584 5902
2585 5524
2586 6840
2587 5212
2588 5014
2589 5028
2590 6106
2591 5699
2592 5074
2593 5090
2594 5835
2595 5717
2596 5209
2597 5781
2598 5363
2599 5044
2600 5702
2601 4986
2602 5751
2603 5198
2604 6313
2605 5947
2606 4996
2607 5990
2608 5109
2609 5100
2610 4951
2611 5966
2612 -994753
2613 5253
2614 5517
2615 5640
2616 5524
2617 7711
2618 5694
2619 5436
2620 5380
2621 5912
2622 5300
2623 6327
2624 5721
2625 5953
2626 5253
2627 5121
2628 5889
2629 6162
2630 6057
2631 5266
2632 5143
2633 5481
2634 5529
2635 5928
2636 5610
2637 5425
2638 5989
2639 5383
2640 4871
2641 6873
2642 5242
2643 7348
2644 5901
2645 5346
2646 5689
2647 5163
2648 5526
2649 5172
2650 5263
2651 5519
2652 5825
2653 5055
2654 5667
2655 6246
2656 5736
2657 6050
2658 7449
2659 5728
2660 5369
2661 5895
2662 5247
2663 5253
2664 6237
2665 5065
2666 5966
2667 5717
2668 5826
2669 5224
2670 5347
2671 5818
2672 4944
2673 5705
2674 5072
2675 5960
2676 6513
2677 6597
2678 6139
2679 4945
2680 5083
2681 5921
2682 6219
2683 5324
2684 5831
2685 5076
2686 5339
2687 6112
2688 5296
2689 5574
2690 5323
2691 5527
2692 5127
2693 5318
2694 6815
2695 5237
2696 5951
2697 5705
2698 5328
2699 5322
2700 5459
2701 5336
2702 5572
2703 5078
2704 5084
2705 5627
2706 5265
2707 5346
2708 6317
2709 5182
2710 5224
2711 5719
2712 4929
2713 6585
2714 7408
2715 6183
2716 5356
2717 5386
2718 4958
2719 5249
2720 5944
2721 5408
2722 4971
2723 4997
2724 5688
2725 5611
2726 5443
2727 5814
2728 4950
2729 6074
2730 5704
2731 6485
2732 5710
2733 6455
2734 6123
2735 6023
2736 5446
2737 5089
2738 7091
2739 5085
2740 4958
2741 6509
2742 5030
2743 5464
2744 5461
2745 5338
2746 5104
2747 5348
2748 5078
2749 6337
2750 5096
2751 4952
2752 5715
2753 5095
2754 6208
2755 5459
2756 5717
2757 5093
2758 5950
2759 5247
2760 6455
2761 5177
2762 5793
2763 5078
2764 6238
2765 5316
2766 6014
2767 7698
2768 5036
2769 5357
2770 6241
2771 5296
2772 5099
2773 5728
2774 5301
2775 4959
2776 5604
2777 5059
2778 4971
2779 6832
2780 5763
2781 5771
2782 5833
2783 5586
2784 5951
2785 5890
2786 5696
2787 -993650
2788 5151
2789 6067
2790 5599
2791 5626
2792 6248
2793 5432
2794 6172
2795 5326
2796 5467
2797 5080
2798 5964
2799 5707
2800 5084
2801 6013
2802 5281
2803 6831
2804 5710
2805 4960
2806 5191
2807 5342
2808 5706
2809 5459
2810 5469
2811 6832
2812 5085
2813 5844
2814 5361
2815 5240
2816 5390
2817 5846
2818 5709
2819 5077
2820 6371
2821 6443
2822 5081
2823 6380
2824 5442
2825 5415
2826 5079
2827 6146
2828 5034
2829 5773
2830 6245
2831 6510
2832 5447
2833 5587
2834 4978
2835 6095
2836 5469
2837 5915
2838 8121
2839 5426
2840 5704
2841 5081
2842 6581
2843 6335
2844 5852
2845 6319
2846 5550
2847 5321
2848 5499
2849 5860
2850 5014
2851 6396
2852 5143
2853 5332
2854 6229
2855 5237
2856 6384
2857 5832
2858 6459
2859 5466
2860 5904
2861 5705
2862 5077
2863 5982
2864 5708
2865 5488
2866 5409
2867 5697
2868 5270
2869 6160
2870 6704
2871 5712
2872 5649
2873 5271
2874 6777
2875 5404
2876 5078
2877 5213
2878 5220
2879 5829
2880 5082
2881 5215
2882 5340
2883 5077
2884 5337
2885 5592
2886 5749
2887 6221
2888 5397
2889 5317
2890 5725
2891 5686
2892 7832
2893 6219
2894 5083
2895 5418
2896 5790
2897 5303
2898 5078
2899 4962
2900 5594
2901 4954
2902 6154
2903 5149
2904 5469
2905 5331
2906 4977
2907 5339
2908 5209
2909 4959
2910 7957
2911 5814
2912 5737
2913 5482
2914 6067
2915 5156
2916 6209
2917 5362
2918 5820
2919 5831
2920 6023
2921 5537
2922 5328
2923 5833
2924 6086
2925 6015
2926 6647
2927 5735
2928 6580
2929 5705
2930 5080
2931 5353
2932 5316
2933 5072
2934 6228
2935 5713
2936 5925
2937 5841
2938 5700
2939 6174
2940 5561
2941 5576
2942 5486
2943 4913
2944 5202
2945 5417
2946 7227
2947 5519
2948 6408
2949 5075
2950 5969
2951 5941
2952 5459
2953 5086
2954 5082
2955 5588
2956 5348
2957 5697
2958 4948
2959 5697
2960 5122
2961 5695
2962 -994081
2963 6334
2964 6962
2965 5084
2966 6301
2967 5514
2968 6044
2969 5096
2970 5968
2971 5779
2972 5207
2973 5227
2974 6116
2975 6563
2976 6513
2977 5709
2978 5365
2979 5355
2980 4984
2981 6761
2982 6735
2983 5323
2984 5744
2985 5577
2986 5045
2987 6108
2988 5562
2989 5578
2990 5166
2991 5745
2992 5274
2993 5633
2994 5760
2995 5081
2996 5945
2997 6078
2998 5099
2999 7253
3000 5632
3001 5226
3002 5778
3003 5337
3004 5728
3005 5590
3006 5086
3007 5326
3008 5079
3009 5722
3010 5576
3011 5221
3012 4954
3013 5098
3014 5321
3015 4976
3016 5446
3017 5721
3018 6960
3019 5956
3020 4993
3021 5302
3022 5130
3023 6064
3024 5807
3025 5295
3026 5469
3027 5082
3028 5735
3029 5894
3030 6597
3031 5084
3032 6076
3033 5220
3034 6580
3035 5210
3036 5960
3037 5344
3038 5927
3039 5238
3040 5833
3041 5454
3042 5092
3043 5703
3044 5084
3045 5089
3046 4953
3047 6091
3048 5213
3049 6739
3050 5173
3051 6333
3052 5843
3053 5825
3054 6715
3055 5329
3056 5969
3057 5073
3058 5085
3059 5084
3060 5828
3061 5334
3062 6147
3063 5224
3064 5256
3065 5709
3066 5706
3067 5580
3068 5591
3069 5695
3070 5214
3071 5214
3072 7143
3073 5430
3074 5677
3075 5761
3076 6046
3077 5598
3078 6440
3079 5181
3080 5713
3081 5403
3082 5767
3083 5709
3084 5479
3085 5194
3086 5454
3087 5858
3088 6327
3089 5880
3090 6254
3091 5582
3092 6557
3093 5868
3094 5073
3095 6010
3096 6923
3097 5259
3098 6482
3099 6052
3100 5153
3101 5523
3102 5648
3103 5492
3104 5560
3105 5606
3106 5636
3107 6167
3108 5791
3109 5623
3110 5398
3111 6105
3112 5644
3113 5150
3114 5661
3115 6994
3116 5624
3117 5039
3118 5268
3119 6582
3120 5826
3121 5244
3122 5695
3123 5652
3124 5506
3125 6708
3126 5250
3127 5098
3128 6063
3129 5307
3130 5149
3131 5402
3132 5116
3133 5400
3134 5493
3135 6092
3136 5380
3137 -994784
3138 5716
3139 5322
3140 5687
3141 7137
3142 8853
3143 5407
3144 5759
3145 5385
3146 5961
3147 6019
3148 5386
3149 4945
3150 5086
3151 5208
3152 6480
3153 6673
3154 5326
3155 5198
3156 5647
3157 5856
3158 5502
3159 6626
3160 6332
3161 5574
3162 5596
3163 5736
3164 5817
3165 5117
3166 5073
3167 6115
3168 5380
3169 5572
3170 5862
3171 6247
3172 5633
3173 5744
3174 6994
3175 5173
3176 6063
3177 7473
3178 5515
3179 5197
3180 6057
3181 5964
3182 6513
3183 5575
3184 5833
3185 5322
3186 5367
3187 5063
3188 5324
3189 5194
3190 5726
3191 5338
3192 5322
3193 5108
3194 6420
3195 7208
3196 5987
3197 5447
3198 6654
3199 5260
3200 5714
3201 5471
3202 6105
3203 5811
3204 5208
3205 4953
3206 5206
3207 5338
3208 5598
3209 6318
3210 6095
3211 6086
3212 5042
3213 6698
3214 5086
3215 5343
3216 5390
3217 5418
3218 5069
3219 5702
3220 5657
3221 5268
3222 5703
3223 5587
3224 6150
3225 5402
3226 4952
3227 5092
3228 5334
3229 5703
3230 5464
3231 7772
3232 5798
3233 5058
3234 5324
3235 5505
3236 5672
3237 5078
3238 5767
3239 5042
3240 5817
3241 5451
3242 4972
3243 5708
3244 5571
3245 5573
3246 6024
3247 5434
3248 6554
3249 7760
3250 5525
3251 5940
3252 5471
3253 5832
3254 5596
3255 6570
3256 5334
3257 5365
3258 6843
3259 6411
3260 5752
3261 5946
3262 5294
3263 7641
3264 5825
3265 5412
3266 7273
3267 5130
3268 6222
3269 5627
3270 5667
3271 5457
3272 7353
3273 6300
3274 5086
3275 6700
3276 5211
3277 5085
3278 6215
3279 5467
3280 5764
3281 5284
3282 5572
3283 5524
3284 6961
3285 5273
3286 5000
3287 5054
3288 5331
3289 5976
3290 6819
3291 5295
3292 5453
3293 4825
3294 4965
3295 6464
3296 5467
3297 5323
3298 5651
3299 6017
3300 6606
3301 7668
3302 6020
3303 5531
3304 5484
3305 5064
3306 5205
3307 5786
3308 5367
3309 -994548
3310 5159
3311 5054
3312 5474
3313 5368
3314 5553
3315 6336
3316 5440
3317 5388
3318 6040
3319 7493
3320 6123
3321 5634
3322 5646
3323 5675
3324 5638
3325 5485
3326 5057
3327 5757
3328 5799
3329 5275
3330 5728
3331 5410
3332 5192
3333 5350
3334 5386
3335 6610
3336 5506
3337 7085
3338 6097
3339 6374
3340 5411
3341 5211
3342 5401
3343 6598
3344 6401
3345 5542
3346 5707
3347 5801
3348 5813
3349 6241
3350 6606
3351 5871
3352 5438
3353 5934
3354 6562
3355 5575
3356 5674
3357 5217
3358 5115
3359 6405
3360 4939
3361 5039
3362 7706
3363 5151
3364 5620
3365 5495
3366 5096
3367 5670
3368 5585
3369 5491
3370 5854
3371 5749
3372 7350
3373 5675
3374 5824
3375 5670
3376 5008
3377 5814
3378 5747
3379 5570
3380 5050
3381 6019
3382 5709
3383 5433
3384 6324
3385 6488
3386 5336
3387 6947
3388 6620
3389 6564
3390 5394
3391 6331
3392 5217
3393 4905
3394 7019
3395 5140
3396 5936
3397 6294
3398 5585
3399 5780
3400 5574
3401 6071
3402 5691
3403 6058
3404 5483
3405 6212
3406 7214
3407 5421
3408 5701
3409 5863
3410 5756
3411 6112
3412 5426
3413 5826
3414 5638
3415 5066
3416 5749
3417 5692
3418 8452
3419 6027
3420 5813
3421 5872
3422 5858
3423 6588
3424 5394
3425 5256
3426 5691
3427 5166
3428 5820
3429 6053
3430 6238
3431 6292
3432 6721
3433 5289
3434 5556
3435 5400
3436 5485
3437 5095
3438 5059
3439 5978
3440 6810
3441 7025
3442 5572
3443 5566
3444 5364
3445 5231
3446 5072
3447 6375
3448 5315
3449 5175
3450 6067
3451 5653
3452 5450
3453 5721
3454 5314
3455 5434
3456 5859
3457 5458
3458 5168
3459 6751
3460 5933
3461 5261
3462 5879
3463 5907
3464 5079
3465 5551
3466 5530
3467 5421
3468 5374
3469 6054
3470 5400
3471 6058
3472 5187
3473 5105
3474 5109
3475 5398
3476 5602
3477 6794
3478 5176
3479 5336
3480 5279
3481 -994187
3482 6562
3483 4982
3484 6321
3485 5835
3486 5332
3487 6457
3488 5198
3489 5052
3490 5847
3491 6718
3492 5095
3493 5684
3494 5185
3495 6910
3496 5387
3497 5679
3498 5041
3499 6590
3500 5362
3501 5415
3502 5758
3503 5451
3504 5306
3505 5868
3506 5052
3507 6334
3508 5303
3509 4963
3510 6993
3511 5416
3512 4902
3513 6378
3514 5806
3515 7119
3516 5826
3517 5186
3518 6486
3519 5346
3520 5787
3521 5233
3522 5075
3523 5572
3524 5492
3525 4984
3526 5937
3527 5667
3528 5157
3529 5633
3530 5907
3531 6658
3532 6072
3533 9328
3534 5778
3535 5366
3536 5090
3537 6267
3538 5483
3539 5449
3540 5880
3541 5438
3542 6207
3543 5847
3544 5733
3545 7305
3546 5697
3547 7888
3548 5222
3549 5635
3550 5627
3551 5389
3552 5385
3553 4830
3554 6488
3555 6340
3556 5007
3557 5420
3558 5350
3559 5812
3560 6295
3561 5884
3562 6295
3563 5927
3564 5406
3565 6666
3566 5233
3567 5197
3568 5713
3569 5549
3570 5744
3571 5806
3572 5990
3573 5408
3574 5824
3575 6677
3576 5559
3577 5676
3578 6474
3579 5524
3580 5281
3581 5369
3582 6820
3583 5318
3584 5626
3585 5046
3586 5676
3587 5358
3588 5167
3589 5916
3590 5480
3591 5300
3592 5307
3593 5418
3594 5681
3595 5300
3596 5107
3597 5452
3598 5194
3599 5340
3600 6528
3601 7289
3602 5823
3603 5951
3604 5630
3605 5424
3606 5672
3607 5574
3608 4968
3609 5013
3610 5372
3611 5561
3612 5729
3613 5046
3614 6278
3615 5335
3616 4951
3617 5135
3618 5719
3619 7385
3620 8043
3621 5301
3622 5768
3623 4967
3624 5259
3625 5294
3626 5314
3627 5371
3628 5344
3629 4873
3630 5070
3631 5766
3632 4950
3633 5186
3634 5533
3635 5922
3636 5425
3637 6615
3638 5314
3639 6441
3640 5386
3641 5702
3642 5530
3643 5125
3644 8096
3645 5280
3646 5403
3647 5717
3648 5680
3649 5431
3650 5627
3651 5165
3652 5514
3653 6260
3654 -993882
3655 6492
3656 5113
3657 5167
3658 5691
3659 5341
3660 8251
3661 6248
3662 5454
3663 5649
3664 5445
3665 5269
3666 5152
3667 5044
3668 5973
3669 5058
3670 6447
3671 5377
3672 5922
3673 5383
3674 5802
3675 5582
3676 6573
3677 5425
3678 5135
3679 5818
3680 5517
3681 5964
3682 5432
3683 5095
3684 5299
3685 5818
3686 5243
3687 5145
3688 4940
3689 5200
3690 7661
3691 5245
3692 5555
3693 7156
3694 6039
3695 5303
3696 5530
3697 5642
3698 5530
3699 5588
3700 5976
3701 5633
3702 5207
3703 5637
3704 6124
3705 5431
3706 5477
3707 5375
3708 7133
3709 5866
3710 6157
3711 5384
3712 4828
3713 5823
3714 4948
3715 5189
3716 5696
3717 5337
3718 5481
3719 5427
3720 4951
3721 5028
3722 5177
3723 5119
3724 5332
3725 5207
3726 5724
3727 6185
3728 5720
3729 5572
3730 5978
3731 5307
3732 5958
3733 4969
3734 5940
3735 5962
3736 5078
3737 6084
3738 5825
3739 7710
3740 5328
3741 6454
3742 12412
3743 9370
3744 7403
3745 5015
3746 5453
3747 5081
3748 5839
3749 5197
3750 5082
3751 5206
3752 5464
3753 5445
3754 5084
3755 5830
3756 4961
3757 4953
3758 4955
3759 5968
3760 5572
3761 7320
3762 5086
3763 5605
3764 5294
3765 6583
3766 7090
3767 7094
3768 5182
3769 5752
3770 5791
3771 5943
3772 6733
3773 5184
3774 5328
3775 5580
3776 5731
3777 5555
3778 6711
3779 5708
3780 6087
3781 5575
3782 5330
3783 5072
3784 5900
3785 5274
3786 5508
3787 5283
3788 5319
3789 5939
3790 5082
3791 4966
3792 5320
3793 5455
3794 5572
3795 6088
3796 5959
3797 5082
3798 5458
3799 5076
3800 5899
3801 5590
3802 5634
3803 5072
3804 4964
3805 5076
3806 5739
3807 5664
3808 5834
3809 5468
3810 5756
3811 5636
3812 6087
3813 5198
3814 5095
3815 6322
3816 4867
3817 5055
3818 5613
3819 6018
3820 6127
3821 5443
3822 5595
3823 5075
3824 4971
3825 6172
3826 5027
3827 5214
3828 -994131
3829 5042
3830 5228
3831 4929
3832 6752
3833 6269
3834 5210
3835 5326
3836 5082
3837 5787
3838 5131
3839 5476
3840 5112
3841 5420
3842 5569
3843 5844
3844 5709
3845 4960
3846 5325
3847 5081
3848 5210
3849 5581
3850 5372
3851 5788
3852 6459
3853 5071
3854 5331
3855 5083
3856 5281
3857 5697
3858 5266
3859 6349
3860 5296
3861 4954
3862 5213
3863 5094
3864 5522
3865 5145
3866 5215
3867 5095
3868 6769
3869 5397
3870 7286
3871 5636
3872 5339
3873 4964
3874 4966
3875 5997
3876 5172
3877 5455
3878 4961
3879 5710
3880 6119
3881 5440
3882 5201
3883 5021
3884 5201
3885 5845
3886 5454
3887 5464
3888 5092
3889 6337
3890 5851
3891 6194
3892 5220
3893 5953
3894 6261
3895 5296
3896 5225
3897 6130
3898 5263
3899 5097
3900 4963
3901 4963
3902 4969
3903 4952
3904 5265
3905 5162
3906 5097
3907 4954
3908 6536
3909 5517
3910 5335
3911 5083
3912 5841
3913 5457
3914 5462
3915 5088
3916 5593
3917 5087
3918 5584
3919 5954
3920 5092
3921 5713
3922 5642
3923 5781
3924 5096
3925 5484
3926 6176
3927 5063
3928 5114
3929 6115
3930 6279
3931 5221
3932 5194
3933 6236
3934 5562
3935 5781
3936 5384
3937 5223
3938 5058
3939 5970
3940 5337
3941 5715
3942 5425
3943 5095
3944 6204
3945 5885
3946 5562
3947 6703
3948 6084
3949 6151
3950 5523
3951 5214
3952 6007
3953 5922
3954 5634
3955 5027
3956 5350
3957 5700
3958 5831
3959 5468
3960 5206
3961 5841
3962 7088
3963 5520
3964 5800
3965 5684
3966 5379
3967 5934
3968 5309
3969 5083
3970 5604
3971 5323
3972 5448
3973 4966
3974 5455
3975 5079
3976 5599
3977 5574
3978 5839
3979 5838
3980 6487
3981 5560
3982 5202
3983 5351
3984 5316
3985 4964
3986 5943
3987 5225
3988 4972
3989 6852
3990 5977
3991 5792
3992 5079
3993 4979
3994 6071
3995 5082
3996 5218
3997 5822
3998 5341
3999 6086
4000 5226
4001 5065
4002 5782
4003 5255
4004 5092
4005 4968
4006 5239
4007 6029
4008 -994285
4009 5333
4010 5469
4011 5453
4012 5367
4013 5298
4014 5087
4015 5121
4016 5172
4017 7109
4018 5561
4019 5736
4020 5420
4021 5386
4022 5431
4023 5233
4024 6085
4025 5274
4026 5213
4027 5088
4028 5717
4029 5829
4030 5092
4031 5218
4032 6149
4033 6014
4034 5207
4035 5226
4036 6461
4037 5454
4038 5453
4039 5379
4040 5288
4041 6080
4042 6110
4043 5802
4044 5343
4045 6898
4046 6131
4047 5110
4048 5079
4049 5960
4050 5260
4051 5410
4052 5706
4053 7435
4054 5240
4055 5588
4056 5266
4057 7161
4058 5207
4059 5512
4060 5538
4061 5463
4062 5085
4063 5423
4064 5085
4065 5965
4066 6380
4067 5774
4068 6209
4069 6036
4070 5150
4071 7199
4072 5090
4073 5279
4074 5150
4075 7358
4076 5426
4077 4971
4078 5130
4079 5291
4080 5082
4081 5493
4082 5802
4083 5708
4084 5088
4085 6320
4086 4968
4087 5458
4088 5221
4089 7847
4090 5573
4091 5094
4092 6075
4093 5637
4094 6728
4095 5395
4096 5461
4097 4953
4098 4865
4099 5684
4100 6398
4101 6206
4102 5166
4103 5504
4104 5398
4105 5609
4106 5309
4107 6233
4108 6461
4109 5332
4110 6260
4111 5265
4112 5097
4113 5571
4114 5988
4115 5567
4116 5250
4117 6093
4118 5034
4119 5709
4120 5967
4121 5825
4122 5079
4123 5346
4124 5830
4125 5969
4126 5426
4127 5488
4128 5709
4129 6271
4130 5154
4131 5085
4132 5087
4133 5839
4134 5221
4135 6087
4136 4943
4137 5802
4138 5259
4139 4967
4140 5583
4141 6589
4142 5586
4143 5212
4144 7095
4145 5452
4146 5048
4147 5839
4148 5340
4149 5082
4150 5839
4151 5612
4152 5669
4153 5213
4154 5539
4155 4971
4156 5706
4157 5085
4158 5097
4159 5083
4160 5388
4161 5408
4162 6958
4163 5202
4164 5344
4165 5531
4166 5519
4167 5328
4168 5089
4169 6388
4170 5279
4171 5834
4172 6511
4173 5282
4174 5419
4175 5302
4176 5652
4177 5461
4178 6005
4179 5800
4180 6316
4181 5629
4182 6153
4183 5720
4184 5237
4185 -993492
4186 5984
4187 5158
4188 5661
4189 5965
4190 6120
4191 4992
4192 6002
4193 5137
4194 5292
4195 5071
4196 5331
4197 5994
4198 6533
4199 5453
4200 5834
4201 4955
4202 5074
4203 5450
4204 5706
4205 5332
4206 5949
4207 5768
4208 5272
4209 5441
4210 5705
4211 5115
4212 6359
4213 6068
4214 5508
4215 5464
4216 6759
4217 5265
4218 4954
4219 5956
4220 5697
4221 5083
4222 5587
4223 5513
4224 5827
4225 5516
4226 5701
4227 5699
4228 5480
4229 6383
4230 5371
4231 6464
4232 6381
4233 7363
4234 5217
4235 5704
4236 5330
4237 4947
4238 5211
4239 5451
4240 5075
4241 5572
4242 5201
4243 5898
4244 5631
4245 5697
4246 5577
4247 5085
4248 5695
4249 5704
4250 5374
4251 5414
4252 6439
4253 5702
4254 5331
4255 5326
4256 5123
4257 5404
4258 5209
4259 5083
4260 5725
4261 6019
4262 5821
4263 5141
4264 4962
4265 5369
4266 5306
4267 5180
4268 6416
4269 5709
4270 7132
4271 5381
4272 5746
4273 5281
4274 5062
4275 7328
4276 5275
4277 5079
4278 5703
4279 6390
4280 5162
4281 5345
4282 6307
4283 5456
4284 5326
4285 5118
4286 5609
4287 5280
4288 6995
4289 5676
4290 5324
4291 5054
4292 4983
4293 5049
4294 5832
4295 5307
4296 5693
4297 5457
4298 6204
4299 5334
4300 5164
4301 6885
4302 5708
4303 6221
4304 5845
4305 5879
4306 6532
4307 5087
4308 5199
4309 5665
4310 5390
4311 5198
4312 6101
4313 5193
4314 5343
4315 5082
4316 4961
4317 5254
4318 5542
4319 5333
4320 6135
4321 5402
4322 5717
4323 5869
4324 5298
4325 6226
4326 5311
4327 6781
4328 5016
4329 5480
4330 5199
4331 5077
4332 5974
4333 5335
4334 5364
4335 5292
4336 6063
4337 5449
4338 6018
4339 5326
4340 5328
4341 5695
4342 5894
4343 6131
4344 5597
4345 5205
4346 5076
4347 5511
4348 5379
4349 5356
4350 5306
4351 5359
4352 5840
4353 5432
4354 6257
4355 5158
4356 6366
4357 5551
4358 5140
4359 5529
4360 5950
4361 -993423
4362 5096
4363 5344
4364 5330
4365 5076
4366 5459
4367 5765
4368 5456
4369 5776
4370 5463
4371 5204
4372 5273
4373 5825
4374 5725
4375 5780
4376 7094
4377 5563
4378 5586
4379 5945
4380 5086
4381 5973
4382 5068
4383 6874
4384 5150
4385 4956
4386 5084
4387 4987
4388 5509
4389 5358
4390 6384
4391 5421
4392 5156
4393 5545
4394 6147
4395 5206
4396 5597
4397 6569
4398 5650
4399 6452
4400 5985
4401 5166
4402 6233
4403 5779
4404 6090
4405 5516
4406 5242
4407 5013
4408 5355
4409 5657
4410 5140
4411 5462
4412 5395
4413 6039
4414 5604
4415 7012
4416 5761
4417 5332
4418 5032
4419 6261
4420 5583
4421 5029
4422 5462
4423 5501
4424 6389
4425 6461
4426 5235
4427 5431
4428 5253
4429 6539
4430 5220
4431 6620
4432 5520
4433 7892
4434 7189
4435 5228
4436 6007
4437 6927
4438 5332
4439 5369
4440 5656
4441 5879
4442 5290
4443 5580
4444 5804
4445 4909
4446 5131
4447 5345
4448 4911
4449 5282
4450 6345
4451 5880
4452 6590
4453 5568
4454 6367
4455 5643
4456 4843
4457 5759
4458 5447
4459 4963
4460 4959
4461 6121
4462 6190
4463 6365
4464 5362
4465 5520
4466 5568
4467 4955
4468 7101
4469 5321
4470 5833
4471 5488
4472 5770
4473 6166
4474 5137
4475 5153
4476 5094
4477 5348
4478 7609
4479 5956
4480 5220
4481 5836
4482 5457
4483 6332
4484 5459
4485 5225
4486 7483
4487 5228
4488 6183
4489 5324
4490 5937
4491 6140
4492 5591
4493 4964
4494 5829
4495 5368
4496 5450
4497 5995
4498 5266
4499 5035
4500 5965
4501 6469
4502 6093
4503 6998
4504 5726
4505 6817
4506 6074
4507 6597
4508 5521
4509 5679
4510 5495
4511 5320
4512 5782
4513 5557
4514 4755
4515 6334
4516 5209
4517 5083
4518 6561
4519 5416
4520 5188
4521 6354
4522 6835
4523 6051
4524 5056
4525 5794
4526 6294
4527 5806
4528 5574
4529 6494
4530 5720
4531 5970
4532 5217
4533 7225
4534 -994237
4535 5586
4536 4974
4537 5094
4538 7758
4539 5241
4540 5769
4541 6340
4542 5717
4543 5591
4544 5591
4545 6167
4546 5126
4547 5368
4548 5195
4549 5469
4550 5692
4551 6123
4552 5992
4553 5964
4554 5407
4555 6507
4556 5395
4557 5835
4558 6239
4559 5906
4560 6184
4561 5828
4562 5169
4563 6262
4564 6354
4565 5575
4566 5463
4567 5238
4568 5236
4569 6034
4570 5242
4571 5779
4572 5404
4573 6837
4574 5734
4575 5464
4576 5827
4577 5496
4578 5268
4579 5731
4580 5448
4581 5267
4582 6356
4583 5377
4584 5067
4585 6661
4586 5596
4587 5192
4588 5090
4589 5288
4590 5643
4591 6501
4592 5002
4593 5100
4594 5824
4595 6355
4596 4965
4597 5716
4598 5113
4599 5715
4600 5416
4601 10116
4602 5771
4603 4980
4604 5784
4605 5129
4606 6470
4607 5421
4608 7458
4609 5579
4610 5107
4611 6192
4612 5475
4613 6225
4614 7461
4615 5170
4616 4918
4617 5228
4618 5479
4619 4943
4620 5961
4621 5278
4622 6346
4623 5455
4624 7067
4625 7126
4626 5105
4627 6332
4628 5464
4629 5498
4630 5260
4631 4953
4632 5089
4633 6941
4634 5521
4635 6107
4636 5589
4637 4947
4638 5346
4639 4952
4640 5717
4641 5369
4642 6038
4643 6745
4644 6326
4645 5577
4646 6118
4647 5480
4648 5582
4649 5608
4650 5172
4651 5696
4652 5451
4653 5084
4654 5442
4655 6630
4656 6175
4657 4990
4658 7034
4659 6027
4660 5274
4661 7001
4662 6245
4663 5741
4664 6223
4665 5492
4666 6018
4667 5674
4668 5756
4669 6466
4670 5329
4671 5730
4672 5106
4673 5768
4674 6216
4675 5242
4676 6491
4677 5002
4678 6955
4679 5720
4680 6784
4681 6442
4682 5465
4683 5843
4684 5244
4685 5939
4686 5121
4687 5706
4688 5686
4689 5112
4690 5773
4691 5713
4692 4874
4693 6595
4694 5515
4695 8057
4696 5608
4697 6580
4698 5404
4699 6741
4700 7575
4701 5337
4702 5614
4703 5660
4704 5019
4705 -994329
4706 6002
4707 5582
4708 7526
4709 5396
4710 5059
4711 5737
4712 7339
4713 5193
4714 5250
4715 5297
4716 5865
4717 4826
4718 5526
4719 5242
4720 5697
4721 4952
4722 5577
4723 5403
4724 6315
4725 6273
4726 5390
4727 7016
4728 5651
4729 5353
4730 6518
4731 6139
4732 7575
4733 6080
4734 5264
4735 5473
4736 5219
4737 6318
4738 5271
4739 6342
4740 5451
4741 4925
4742 5326
4743 5933
4744 5539
4745 5108
4746 6595
4747 5183
4748 6649
4749 5027
4750 5474
4751 5873
4752 5336
4753 5719
4754 5678
4755 5236
4756 5343
4757 5669
4758 4833
4759 4922
4760 5673
4761 5541
4762 5724
4763 5432
4764 5353
4765 5173
4766 7444
4767 6229
4768 5330
4769 5803
4770 5830
4771 5428
4772 5566
4773 5280
4774 5139
4775 5262
4776 5399
4777 5787
4778 5152
4779 5324
4780 5115
4781 5030
4782 5683
4783 5332
4784 6000
4785 5751
4786 5417
4787 5144
4788 5238
4789 5698
4790 5149
4791 4847
4792 5253
4793 5242
4794 5965
4795 5240
4796 6551
4797 6232
4798 6848
4799 5780
4800 5033
4801 5388
4802 6302
4803 5425
4804 5355
4805 5362
4806 6356
4807 5008
4808 5178
4809 5554
4810 5120
4811 5522
4812 4950
4813 5789
4814 5018
4815 5699
4816 5618
4817 5327
4818 6254
4819 5802
4820 5051
4821 7463
4822 5211
4823 5324
4824 4945
4825 6623
4826 5163
4827 5235
4828 5317
4829 5636
4830 5559
4831 5059
4832 5484
4833 5296
4834 5463
4835 5704
4836 5558
4837 8507
4838 6905
4839 5185
4840 5382
4841 5886
4842 6052
4843 4826
4844 5451
4845 5837
4846 5449
4847 5196
4848 4991
4849 5884
4850 7063
4851 6017
4852 5943
4853 5338
4854 5688
4855 5453
4856 6937
4857 5854
4858 6033
4859 5749
4860 5223
4861 5932
4862 5542
4863 5557
4864 5618
4865 5208
4866 5409
4867 5068
4868 5461
4869 5841
4870 5416
4871 5300
4872 6434
4873 5766
4874 6461
4875 5952
4876 6216
4877 5615
4878 5208
4879 5473
4880 -994952
4881 5828
4882 6418
4883 5943
4884 6009
4885 5410
4886 5731
4887 6842
4888 5053
4889 5355
4890 5477
4891 5549
4892 6431
4893 5234
4894 5793
4895 6110
4896 4920
4897 6001
4898 5219
4899 5259
4900 5422
4901 5126
4902 6469
4903 5454
4904 5461
4905 6345
4906 5660
4907 5910
4908 6615
4909 7204
4910 5955
4911 6767
4912 5560
4913 5843
4914 5320
4915 5529
4916 5127
4917 5419
4918 4936
4919 6240
4920 5663
4921 5725
4922 5107
4923 5408
4924 5338
4925 6193
4926 5588
4927 6562
4928 5843
4929 5373
4930 5140
4931 6675
4932 5518
4933 5268
4934 5206
4935 5069
4936 6974
4937 5302
4938 5987
4939 5488
4940 5555
4941 6523
4942 5162
4943 6689
4944 6044
4945 7092
4946 6492
4947 5472
4948 7439
4949 5603
4950 5730
4951 5548
4952 5239
4953 6252
4954 5323
4955 5045
4956 6262
4957 5838
4958 5038
4959 5451
4960 5280
4961 6494
4962 7022
4963 5584
4964 5975
4965 5951
4966 5558
4967 6981
4968 6886
4969 5509
4970 5427
4971 5904
4972 5096
4973 5118
4974 5311
4975 5873
4976 7383
4977 5483
4978 5557
4979 6095
4980 5296
4981 4984
4982 5578
4983 5690
4984 5287
4985 5694
4986 5686
4987 6271
4988 5855
4989 5150
4990 5312
4991 6017
4992 5299
4993 5198
4994 4950
4995 5106
4996 5173
4997 4984
4998 5697
4999 5101
5000 5722
5001 5044
5002 5459
5003 5206
5004 5548
5005 5328
5006 6469
5007 5204
5008 5317
5009 5307
5010 6012
5011 5635
5012 5264
5013 5716
5014 5052
5015 5138
5016 6741
5017 5417
5018 6658
5019 5429
5020 7235
5021 5809
5022 5793
5023 5343
5024 5325
5025 5563
5026 5218
5027 5113
5028 5331
5029 5819
5030 5076
5031 5059
5032 5511
5033 5507
5034 6485
5035 5102
5036 5436
5037 5455
5038 5331
5039 5342
5040 5204
5041 5347
5042 5072
5043 5537
5044 5534
5045 5321
5046 5084
5047 5366
5048 4928
5049 5451
5050 5217
5051 5203
5052 5447
5053 6603
5054 4962
5055 -995172
5056 5746
5057 6555
5058 5640
5059 5604
5060 5263
5061 5584
5062 5340
5063 5339
5064 5204
5065 4972
5066 6193
5067 5910
5068 5277
5069 5483
5070 5324
5071 7198
5072 5998
5073 5679
5074 5657
5075 5727
5076 5341
5077 5349
5078 5072
5079 5082
5080 5951
5081 5893
5082 5270
5083 5132
5084 6210
5085 6336
5086 5339
5087 6856
5088 5172
5089 6563
5090 5444
5091 6042
5092 6330
5093 5680
5094 5106
5095 5290
5096 4996
5097 5243
5098 5127
5099 5085
5100 6196
5101 5730
5102 5386
5103 5422
5104 6085
5105 5526
5106 5711
5107 6445
5108 5311
5109 5504
5110 5362
5111 5344
5112 5248
5113 5204
5114 5107
5115 5776
5116 5650
5117 5082
5118 5184
5119 5132
5120 5844
5121 5399
5122 5398
5123 6316
5124 5995
5125 7316
5126 5129
5127 5319
5128 5536
5129 5454
5130 5540
5131 5238
5132 5435
5133 5237
5134 5678
5135 5894
5136 5857
5137 5338
5138 5454
5139 5959
5140 6221
5141 5411
5142 5087
5143 5969
5144 5693
5145 5474
5146 7124
5147 4977
5148 5664
5149 5449
5150 5577
5151 5228
5152 5307
5153 5444
5154 5247
5155 5175
5156 5518
5157 5982
5158 5556
5159 5291
5160 5401
5161 7527
5162 5097
5163 5303
5164 5085
5165 5057
5166 5118
5167 7902
5168 5283
5169 5186
5170 6170
5171 5953
5172 6338
5173 5269
5174 6256
5175 5173
5176 5487
5177 5561
5178 6182
5179 6492
5180 5506
5181 5215
5182 5140
5183 5798
5184 5466
5185 5431
5186 6195
5187 5092
5188 4964
5189 5330
5190 5614
5191 6564
5192 5843
5193 5692
5194 5126
5195 6365
5196 5765
5197 6711
5198 5593
5199 5828
5200 5587
5201 5325
5202 5913
5203 5584
5204 5388
5205 5660
5206 6004
5207 5838
5208 5058
5209 5519
5210 5268
5211 5316
5212 5845
5213 5462
5214 5579
5215 6469
5216 4960
5217 5080
5218 5331
5219 5093
5220 4957
5221 5084
5222 4953
5223 5788
5224 5142
5225 5139
5226 5275
5227 4968
5228 5520
5229 5270
5230 5331
5231 -995002
5232 6563
5233 5682
5234 6716
5235 6154
5236 5067
5237 5411
5238 5455
5239 5827
5240 5839
5241 5967
5242 5459
5243 5708
5244 5088
5245 5728
5246 5879
5247 5531
5248 5838
5249 6155
5250 5673
5251 5669
5252 6216
5253 5703
5254 5713
5255 5588
5256 6131
5257 5388
5258 5844
5259 5581
5260 5827
5261 5589
5262 5716
5263 4961
5264 6077
5265 6404
5266 5152
5267 6514
5268 5523
5269 6610
5270 5440
5271 5353
5272 5187
5273 5724
5274 5313
5275 6787
5276 6387
5277 6093
5278 4964
5279 6561
5280 5605
5281 5216
5282 5125
5283 5542
5284 6205
5285 4938
5286 6083
5287 6470
5288 5329
5289 5600
5290 6030
5291 5641
5292 6074
5293 5715
5294 6211
5295 5223
5296 5947
5297 5727
5298 5823
5299 5335
5300 5715
5301 5587
5302 6865
5303 5308
5304 5102
5305 6070
5306 6157
5307 6145
5308 5715
5309 6653
5310 5649
5311 5093
5312 5201
5313 5718
5314 6272
5315 5277
5316 5212
5317 5357
5318 5114
5319 5665
5320 4952
5321 5338
5322 5343
5323 6580
5324 5213
5325 6085
5326 4971
5327 5079
5328 5088
5329 5749
5330 5902
5331 5274
5332 5095
5333 5782
5334 5260
5335 5339
5336 5586
5337 5471
5338 5578
5339 6032
5340 5044
5341 6439
5342 5087
5343 6780
5344 6273
5345 13832
5346 7775
5347 5400
5348 8964
5349 5704
5350 6222
5351 5578
5352 5094
5353 6015
5354 6525
5355 6799
5356 6397
5357 5575
5358 5100
5359 5312
5360 5842
5361 4963
5362 6994
5363 5179
5364 6085
5365 5730
5366 5071
5367 5593
5368 5899
5369 5279
5370 5704
5371 5089
5372 5636
5373 5418
5374 7233
5375 5881
5376 5404
5377 5201
5378 6504
5379 5630
5380 5382
5381 5208
5382 5080
5383 4966
5384 5206
5385 5217
5386 5835
5387 5399
5388 5280
5389 5270
5390 5283
5391 5074
5392 5650
5393 7024
5394 5340
5395 6653
5396 5259
5397 5470
5398 5704
5399 5339
5400 6263
5401 5585
5402 7351
5403 -994627
5404 5225
5405 6137
5406 5888
5407 5274
5408 5148
5409 5024
5410 6361
5411 6071
5412 5617
5413 5528
5414 5324
5415 5482
5416 4954
5417 6461
5418 5861
5419 5566
5420 5337
5421 5092
5422 5574
5423 5092
5424 6272
5425 5721
5426 5895
5427 5588
5428 6338
5429 5341
5430 5809
5431 5759
5432 5846
5433 5401
5434 5583
5435 5587
5436 5487
5437 5319
5438 6468
5439 5068
5440 4972
5441 6315
5442 5865
5443 4948
5444 5837
5445 5582
5446 6970
5447 5085
5448 5255
5449 5145
5450 5468
5451 5333
5452 4964
5453 4940
5454 5335
5455 8518
5456 5519
5457 5076
5458 5346
5459 5414
5460 6721
5461 5211
5462 4951
5463 5339
5464 4958
5465 6221
5466 5975
5467 5940
5468 5380
5469 5047
5470 5583
5471 5332
5472 5219
5473 5078
5474 5471
5475 5078
5476 5964
5477 5083
5478 5603
5479 5198
5480 6152
5481 5275
5482 5953
5483 6843
5484 5561
5485 5088
5486 5892
5487 5288
5488 5087
5489 5701
5490 5668
5491 5251
5492 5722
5493 5075
5494 5352
5495 5877
5496 5163
5497 4959
5498 5335
5499 5210
5500 5090
5501 5067
5502 6339
5503 5092
5504 6076
5505 5729
5506 5695
5507 5340
5508 5340
5509 5333
5510 5084
5511 6089
5512 4964
5513 5516
5514 5920
5515 5212
5516 5228
5517 6046
5518 5594
5519 5735
5520 5676
5521 5887
5522 5783
5523 6150
5524 5268
5525 5332
5526 5783
5527 5641
5528 5819
5529 5302
5530 6904
5531 5276
5532 5085
5533 5328
5534 5588
5535 5342
5536 5453
5537 5095
5538 7206
5539 5590
5540 5086
5541 5713
5542 5410
5543 5138
5544 5584
5545 5830
5546 5718
5547 5979
5548 5191
5549 5150
5550 5272
5551 5210
5552 6465
5553 5215
5554 5329
5555 5223
5556 6295
5557 5304
5558 5277
5559 5272
5560 5932
5561 5292
5562 5372
5563 6054
5564 5084
5565 5828
5566 6410
5567 6061
5568 5062
5569 5717
5570 5322
5571 5098
5572 5547
5573 5583
5574 5829
5575 6888
5576 5191
5577 5319
5578 5324
5579 6592
5580 5337
5581 -994918
5582 5585
5583 6643
5584 5908
5585 5452
5586 5079
5587 5217
5588 5949
5589 4965
5590 5654
5591 5927
5592 5629
5593 6677
5594 5396
5595 5203
5596 5962
5597 5344
5598 5740
5599 5916
5600 5328
5601 6031
5602 5689
5603 5168
5604 5714
5605 5739
5606 5872
5607 5267
5608 5747
5609 5164
5610 7621
5611 5426
5612 6066
5613 6255
5614 5906
5615 5344
5616 5963
5617 5696
5618 5424
5619 6003
5620 5034
5621 5942
5622 6023
5623 5334
5624 5953
5625 6101
5626 4949
5627 5713
5628 7006
5629 5534
5630 5823
5631 5471
5632 5596
5633 5823
5634 5466
5635 6198
5636 7341
5637 5342
5638 5456
5639 4954
5640 5835
5641 5645
5642 6035
5643 5436
5644 6273
5645 6951
5646 5933
5647 6332
5648 5577
5649 5392
5650 5683
5651 6026
5652 5592
5653 5628
5654 6176
5655 6564
5656 5239
5657 6027
5658 5441
5659 5563
5660 5454
5661 6345
5662 7356
5663 5220
5664 5595
5665 5691
5666 5720
5667 5529
5668 5105
5669 5549
5670 5368
5671 5454
5672 5690
5673 6363
5674 5561
5675 5784
5676 5604
5677 5388
5678 6638
5679 5903
5680 6481
5681 4940
5682 5447
5683 5431
5684 5697
5685 5403
5686 5000
5687 5826
5688 5299
5689 5107
5690 5933
5691 5916
5692 5287
5693 6405
5694 5700
5695 5658
5696 5638
5697 5470
5698 6359
5699 5097
5700 5100
5701 5558
5702 8583
5703 5211
5704 5080
5705 6315
5706 7732
5707 5093
5708 5087
5709 6804
5710 5885
5711 6478
5712 6236
5713 5360
5714 5126
5715 6707
5716 5190
5717 5947
5718 6105
5719 5073
5720 5459
5721 5799
5722 5288
5723 5311
5724 5995
5725 5735
5726 5278
5727 5652
5728 5016
5729 5481
5730 5434
5731 6975
5732 6616
5733 7567
5734 5226
5735 5980
5736 5291
5737 6499
5738 5246
5739 5656
5740 5616
5741 5797
5742 5766
5743 6085
5744 4978
5745 7612
5746 6702
5747 5863
5748 5362
5749 5171
5750 6700
5751 6384
5752 -993938
5753 5037
5754 5558
5755 5151
5756 8246
5757 5589
5758 5667
5759 5565
5760 5726
5761 5686
5762 5403
5763 5462
5764 5814
5765 6125
5766 5320
5767 6655
5768 5421
5769 4954
5770 5137
5771 6856
5772 5346
5773 5323
5774 5168
5775 5337
5776 5912
5777 5586
5778 5376
5779 5269
5780 6289
5781 4913
5782 6029
5783 4955
5784 6943
5785 6598
5786 5212
5787 5687
5788 5091
5789 5696
5790 6318
5791 5838
5792 6680
5793 5988
5794 5608
5795 5165
5796 5955
5797 5084
5798 5568
5799 5090
5800 5603
5801 6434
5802 6085
5803 6613
5804 5461
5805 6122
5806 5459
5807 6288
5808 5982
5809 5506
5810 5256
5811 4978
5812 5442
5813 5474
5814 5301
5815 5584
5816 5739
5817 5178
5818 6947
5819 6268
5820 5696
5821 6646
5822 5564
5823 5958
5824 5907
5825 4946
5826 5401
5827 5646
5828 5425
5829 6714
5830 5873
5831 5286
5832 5653
5833 5331
5834 5119
5835 5667
5836 5537
5837 6327
5838 6580
5839 5341
5840 5737
5841 6210
5842 6305
5843 4952
5844 5204
5845 6262
5846 5408
5847 5714
5848 5090
5849 5332
5850 5090
5851 5701
5852 5748
5853 5674
5854 4966
5855 6327
5856 6473
5857 6266
5858 5388
5859 5840
5860 6077
5861 6163
5862 5701
5863 5547
5864 5218
5865 5809
5866 5828
5867 5705
5868 5092
5869 5579
5870 5598
5871 5823
5872 5215
5873 5088
5874 6881
5875 5795
5876 5324
5877 6783
5878 5276
5879 4952
5880 5494
5881 5307
5882 6665
5883 5259
5884 5338
5885 5967
5886 5407
5887 5083
5888 5088
5889 5083
5890 5865
5891 5315
5892 6295
5893 5743
5894 5086
5895 5337
5896 5646
5897 6154
5898 5743
5899 5803
5900 5862
5901 5556
5902 5091
5903 5651
5904 5270
5905 4966
5906 6080
5907 5341
5908 5331
5909 5210
5910 5214
5911 7325
5912 5084
5913 5585
5914 4959
5915 5711
5916 5348
5917 5548
5918 5239
5919 5959
5920 5546
5921 5938
5922 5518
5923 5334
5924 5094
5925 5587
5926 5073
5927 -993512
5928 5186
5929 6464
5930 5048
5931 5831
5932 5212
5933 4960
5934 5566
5935 5157
5936 5083
5937 5333
5938 5073
5939 5847
5940 5337
5941 6212
5942 4971
5943 6082
5944 6083
5945 5339
5946 5205
5947 6545
5948 5260
5949 6085
5950 5329
5951 5585
5952 5484
5953 5363
5954 5538
5955 5089
5956 5095
5957 5204
5958 5335
5959 5340
5960 5100
5961 7456
5962 5981
5963 5172
5964 5746
5965 5698
5966 5830
5967 6714
5968 5710
5969 4836
5970 5397
5971 5840
5972 5802
5973 5495
5974 5406
5975 5400
5976 6090
5977 5409
5978 4946
5979 5086
5980 5341
5981 6215
5982 5969
5983 6073
5984 6232
5985 5567
5986 5460
5987 6534
5988 6270
5989 5335
5990 5089
5991 5492
5992 4935
5993 5330
5994 5977
5995 5452
5996 5708
5997 5335
5998 5111
5999 5814
6000 5530
6001 5515
6002 7021
6003 5536
6004 5571
6005 5459
6006 4959
6007 5587
6008 5077
6009 5125
6010 5302
6011 5631
6012 6035
6013 5333
6014 5075
6015 5335
6016 5268
6017 5411
6018 5707
6019 4964
6020 7451
6021 5689
6022 5431
6023 5428
6024 5221
6025 5826
6026 5086
6027 6472
6028 4938
6029 5958
6030 5082
6031 5595
6032 5321
6033 5336
6034 5334
6035 5960
6036 5087
6037 5577
6038 6979
6039 5485
6040 6396
6041 6697
6042 5443
6043 5332
6044 5088
6045 5095
6046 7640
6047 5652
6048 5087
6049 5462
6050 5091
6051 5086
6052 5216
6053 5702
6054 5716
6055 5864
6056 6992
6057 5408
6058 5510
6059 5415
6060 5450
6061 5964
6062 5860
6063 5447
6064 5502
6065 6040
6066 5217
6067 5456
6068 6147
6069 5903
6070 5589
6071 6221
6072 5457
6073 6159
6074 6633
6075 5710
6076 5090
6077 4963
6078 5458
6079 6155
6080 5404
6081 5329
6082 5468
6083 5079
6084 5341
6085 6079
6086 5063
6087 4965
6088 5089
6089 4969
6090 6140
6091 6179
6092 6308
6093 5334
6094 6335
6095 5343
6096 5713
6097 5207
6098 6591
6099 5203
6100 5736
6101 5377
6102 5528
6103 5892
6104 -994476
6105 5005
6106 5299
6107 5327
6108 5225
6109 4951
6110 5080
6111 6774
6112 5401
6113 5718
6114 5328
6115 5088
6116 5555
6117 5494
6118 5702
6119 4970
6120 5833
6121 5704
6122 5335
6123 5338
6124 5397
6125 5409
6126 4951
6127 5091
6128 5774
6129 7216
6130 5641
6131 5093
6132 5307
6133 5593
6134 5907
6135 5943
6136 5394
6137 5336
6138 5524
6139 5641
6140 6090
6141 4962
6142 5467
6143 5084
6144 5731
6145 5942
6146 5458
6147 7490
6148 5288
6149 5719
6150 5088
6151 5332
6152 5468
6153 6146
6154 6017
6155 5467
6156 5086
6157 5460
6158 4965
6159 6335
6160 7241
6161 5300
6162 6255
6163 5823
6164 4916
6165 6881
6166 5094
6167 5241
6168 5886
6169 5263
6170 7266
6171 5912
6172 6450
6173 5352
6174 5246
6175 5350
6176 5249
6177 5823
6178 5224
6179 5082
6180 5339
6181 5584
6182 6113
6183 6192
6184 5077
6185 5093
6186 5702
6187 5091
6188 5461
6189 5833
6190 5083
6191 5716
6192 5840
6193 6395
6194 5521
6195 5464
6196 5454
6197 5334
6198 5091
6199 4830
6200 5966
6201 6713
6202 4954
6203 5967
6204 5329
6205 5245
6206 5427
6207 5338
6208 5332
6209 5714
6210 4958
6211 5889
6212 5980
6213 5262
6214 5719
6215 5638
6216 5279
6217 5583
6218 6466
6219 6922
6220 5621
6221 5453
6222 5464
6223 5084
6224 5212
6225 5337
6226 6322
6227 5696
6228 5327
6229 5703
6230 5337
6231 5837
6232 6145
6233 5409
6234 5699
6235 5992
6236 5622
6237 6525
6238 6466
6239 5820
6240 5597
6241 5199
6242 5744
6243 5677
6244 5092
6245 5081
6246 5902
6247 5777
6248 6454
6249 5345
6250 6351
6251 5062
6252 5836
6253 5836
6254 5337
6255 6390
6256 5536
6257 5701
6258 5339
6259 7588
6260 5388
6261 5404
6262 5836
6263 4960
6264 5738
6265 5068
6266 5707
6267 6089
6268 5926
6269 5865
6270 5597
6271 6035
6272 5376
6273 5837
6274 5378
6275 5793
6276 5319
6277 6375
6278 5746
6279 5395
6280 5684
6281 -994795
6282 5731
6283 6729
6284 5826
6285 5748
6286 5641
6287 6260
6288 6017
6289 5840
6290 7623
6291 5284
6292 5847
6293 5323
6294 5345
6295 5689
6296 5967
6297 5809
6298 5222
6299 5321
6300 5409
6301 5627
6302 6305
6303 6042
6304 5423
6305 5252
6306 6160
6307 5373
6308 6550
6309 5326
6310 6137
6311 5720
6312 5142
6313 5468
6314 5088
6315 5394
6316 5392
6317 5719
6318 5352
6319 5714
6320 5058
6321 5327
6322 5013
6323 5310
6324 5307
6325 6112
6326 5579
6327 5809
6328 4958
6329 5649
6330 5513
6331 5079
6332 6729
6333 5303
6334 5337
6335 5897
6336 6012
6337 5384
6338 5036
6339 6402
6340 6024
6341 5755
6342 5523
6343 6720
6344 6956
6345 5762
6346 5655
6347 5750
6348 6812
6349 5989
6350 5289
6351 7613
6352 6822
6353 6856
6354 5650
6355 7468
6356 5711
6357 5734
6358 5686
6359 6951
6360 7709
6361 7341
6362 5968
6363 6069
6364 6748
6365 6169
6366 5556
6367 6906
6368 6660
6369 7152
6370 5272
6371 5471
6372 6192
6373 6263
6374 5035
6375 6076
6376 6537
6377 6261
6378 5446
6379 9790
6380 5134
6381 5088
6382 6379
6383 6161
6384 6473
6385 6104
6386 6119
6387 6993
6388 6642
6389 5420
6390 5713
6391 5804
6392 5571
6393 7070
6394 6083
6395 5692
6396 5936
6397 5987
6398 5554
6399 6350
6400 5896
6401 6000
6402 5306
6403 5561
6404 6199
6405 6083
6406 5630
6407 5464
6408 6837
6409 5944
6410 6002
6411 5548
6412 5711
6413 5330
6414 5713
6415 5713
6416 5659
6417 5723
6418 5194
6419 5340
6420 5454
6421 4966
6422 7119
6423 5295
6424 5339
6425 5454
6426 5805
6427 5736
6428 6286
6429 5612
6430 5821
6431 5965
6432 6669
6433 5781
6434 5661
6435 4955
6436 7040
6437 8142
6438 5529
6439 5365
6440 5487
6441 8104
6442 6049
6443 5679
6444 7683
6445 6046
6446 5567
6447 6221
6448 -994380
6449 6096
6450 6048
6451 7027
6452 5498
6453 5833
6454 5584
6455 4929
6456 6866
6457 5719
6458 5713
6459 5447
6460 5580
6461 5650
6462 6153
6463 5359
6464 5856
6465 5710
6466 5501
6467 5451
6468 6284
6469 5578
6470 6094
6471 5881
6472 5116
6473 6426
6474 5389
6475 5687
6476 5719
6477 5378
6478 6143
6479 7539
6480 6895
6481 5939
6482 5967
6483 5216
6484 6358
6485 5995
6486 5850
6487 5046
6488 5785
6489 5552
6490 5267
6491 6776
6492 5329
6493 5574
6494 5705
6495 5304
6496 6847
6497 5431
6498 6098
6499 5207
6500 5349
6501 5456
6502 5901
6503 5633
6504 4971
6505 5578
6506 6088
6507 6537
6508 5135
6509 5710
6510 5143
6511 5655
6512 5208
6513 6091
6514 6282
6515 5646
6516 5560
6517 5732
6518 5823
6519 6587
6520 6716
6521 5402
6522 5655
6523 5233
6524 5525
6525 6093
6526 6313
6527 5266
6528 5335
6529 6325
6530 5524
6531 5076
6532 7304
6533 4943
6534 5898
6535 6213
6536 5700
6537 5822
6538 5709
6539 5437
6540 5230
6541 4950
6542 5298
6543 5334
6544 5692
6545 5311
6546 5276
6547 5022
6548 4917
6549 5457
6550 7389
6551 6513
6552 5570
6553 5112
6554 6665
6555 6060
6556 6155
6557 5881
6558 5728
6559 5458
6560 5009
6561 5840
6562 4934
6563 5243
6564 5222
6565 5473
6566 5247
6567 6086
6568 6281
6569 5346
6570 5779
6571 5951
6572 5787
6573 5048
6574 6340
6575 5507
6576 5192
6577 5077
6578 7446
6579 5823
6580 5714
6581 5055
6582 5485
6583 5083
6584 5417
6585 5073
6586 6886
6587 5311
6588 6609
6589 5285
6590 5690
6591 6002
6592 5785
6593 5743
6594 7713
6595 5816
6596 7569
6597 6205
6598 6637
6599 8378
6600 10671
6601 7122
6602 7091
6603 5546
6604 5971
6605 6104
6606 5380
6607 7124
6608 5201
6609 5134
6610 5130
6611 6399
6612 5067
6613 5480
6614 5504
6615 5238
6616 7836
6617 5041
6618 -993172
6619 6186
6620 5102
6621 5760
6622 5693
6623 5823
6624 6167
6625 5977
6626 5498
6627 5448
6628 6028
6629 6222
6630 7754
6631 6028
6632 6404
6633 5739
6634 5215
6635 6641
6636 6770
6637 5426
6638 5390
6639 6653
6640 5511
6641 4990
6642 5997
6643 5944
6644 6816
6645 5395
6646 6467
6647 5721
6648 6328
6649 5522
6650 5814
6651 5507
6652 6982
6653 6397
6654 5823
6655 6213
6656 6291
6657 5662
6658 6287
6659 5830
6660 5042
6661 5145
6662 5738
6663 5066
6664 5054
6665 5061
6666 7188
6667 6710
6668 6696
6669 7277
6670 5296
6671 5970
6672 6047
6673 6198
6674 5121
6675 5793
6676 5044
6677 5151
6678 5180
6679 5593
6680 5053
6681 6239
6682 5452
6683 5128
6684 5046
6685 7516
6686 5904
6687 6728
6688 6296
6689 5782
6690 5250
6691 5701
6692 5801
6693 5231
6694 9201
6695 5441
6696 5871
6697 5696
6698 6339
6699 7940
6700 5463
6701 5638
6702 5894
6703 7048
6704 6394
6705 5367
6706 5728
6707 5621
6708 5655
6709 5220
6710 4972
6711 4987
6712 5158
6713 5705
6714 7720
6715 5755
6716 5454
6717 5121
6718 5291
6719 5696
6720 6138
6721 6628
6722 5388
6723 5381
6724 5928
6725 5132
6726 5414
6727 5721
6728 5308
6729 6330
6730 5556
6731 6751
6732 5189
6733 7741
6734 5444
6735 6484
6736 5881
6737 5659
6738 5956
6739 5383
6740 5358
6741 6005
6742 6433
6743 6360
6744 5084
6745 5807
6746 6150
6747 5178
6748 5336
6749 5467
6750 6578
6751 5253
6752 6711
6753 6858
6754 6105
6755 5914
6756 7028
6757 6115
6758 5697
6759 5617
6760 5296
6761 5072
6762 5799
6763 5805
6764 7242
6765 5162
6766 5672
6767 5438
6768 5631
6769 5622
6770 5758
6771 5448
6772 5387
6773 6859
6774 5040
6775 5661
6776 5788
6777 5505
6778 5870
6779 7390
6780 6566
6781 6416
6782 5174
6783 5572
6784 5785
6785 6260
6786 -993041
6787 5690
6788 6718
6789 6867
6790 6886
6791 5717
6792 6200
6793 5627
6794 6142
6795 6543
6796 5139
6797 5092
6798 5450
6799 5319
6800 7247
6801 5293
6802 6249
6803 6319
6804 5559
6805 5223
6806 5744
6807 6455
6808 5437
6809 5522
6810 5255
6811 5353
6812 5206
6813 6944
6814 5953
6815 4956
6816 5075
6817 5150
6818 5100
6819 5588
6820 5075
6821 5655
6822 5361
6823 5574
6824 5514
6825 6248
6826 5306
6827 5246
6828 5399
6829 5188
6830 4976
6831 5576
6832 4970
6833 6332
6834 6087
6835 4958
6836 5716
6837 5595
6838 4953
6839 5712
6840 5607
6841 5555
6842 5456
6843 5585
6844 6325
6845 6105
6846 5156
6847 5768
6848 5283
6849 4947
6850 5208
6851 5099
6852 5349
6853 5067
6854 6153
6855 5910
6856 5351
6857 5553
6858 5828
6859 5491
6860 5897
6861 6009
6862 6582
6863 5816
6864 5359
6865 5261
6866 5667
6867 7331
6868 6881
6869 6644
6870 5178
6871 6757
6872 5395
6873 5955
6874 6202
6875 5345
6876 5757
6877 6075
6878 5192
6879 9055
6880 5955
6881 5674
6882 5700
6883 5376
6884 5724
6885 5980
6886 5041
6887 5071
6888 5302
6889 5248
6890 5928
6891 5829
6892 5711
6893 5290
6894 6009
6895 5782
6896 6973
6897 6874
6898 5885
6899 6456
6900 6145
6901 5715
6902 5585
6903 5476
6904 5307
6905 6702
6906 5240
6907 5451
6908 5824
6909 5679
6910 5791
6911 5554
6912 5760
6913 6897
6914 5405
6915 5206
6916 5577
6917 5221
6918 5145
6919 5781
6920 5844
6921 6271
6922 5643
6923 5267
6924 5413
6925 5579
6926 5779
6927 5276
6928 5077
6929 5098
6930 4952
6931 5347
6932 6952
6933 5088
6934 5600
6935 6953
6936 5331
6937 5068
6938 5359
6939 6063
6940 6095
6941 5602
6942 5305
6943 7069
6944 6151
6945 6356
6946 6028
6947 5035
6948 6104
6949 6887
6950 6312
6951 5954
6952 5216
6953 5784
6954 5111
6955 4936
6956 5078
6957 6190
6958 -994068
6959 5253
6960 5059
6961 5344
6962 5624
6963 6267
6964 5524
6965 5591
6966 5831
6967 6610
6968 5572
6969 5582
6970 5827
6971 5561
6972 5818
6973 6244
6974 5257
6975 6249
6976 7328
6977 6112
6978 6170
6979 5455
6980 6035
6981 5163
6982 6286
6983 6321
6984 6446
6985 5750
6986 6012
6987 5944
6988 5198
6989 5691
6990 5499
6991 6057
6992 6459
6993 5391
6994 6199
6995 6440
6996 5235
6997 5077
6998 5423
6999 5702
7000 5047
7001 6324
7002 5740
7003 4986
7004 5343
7005 5066
7006 4968
7007 5827
7008 5093
7009 5077
7010 6781
7011 5887
7012 5721
7013 5454
7014 5345
7015 5334
7016 5200
7017 5593
7018 5086
7019 4951
7020 6452
7021 4966
7022 5461
7023 5972
7024 5818
7025 5577
7026 5242
7027 5390
7028 5771
7029 5882
7030 5255
7031 5470
7032 5765
7033 5355
7034 5622
7035 4953
7036 5460
7037 5214
7038 7070
7039 5751
7040 5786
7041 5190
7042 6412
7043 5753
7044 5499
7045 5814
7046 5334
7047 5962
7048 5210
7049 5789
7050 5278
7051 5531
7052 5517
7053 5307
7054 6168
7055 5161
7056 8127
7057 5254
7058 5538
7059 5952
7060 5415
7061 5681
7062 6302
7063 5557
7064 5079
7065 5641
7066 5247
7067 5626
7068 5165
7069 6174
7070 5322
7071 5543
7072 6084
7073 7759
7074 5913
7075 5210
7076 5753
7077 5796
7078 6483
7079 6334
7080 5833
7081 5601
7082 5808
7083 6050
7084 5324
7085 5598
7086 5563
7087 4964
7088 5586
7089 5137
7090 5411
7091 6338
7092 5584
7093 5753
7094 5172
7095 4826
7096 5105
7097 5319
7098 5379
7099 5161
7100 5093
7101 5208
7102 5209
7103 5124
7104 6093
7105 4907
7106 5133
7107 5332
7108 5292
7109 5747
7110 6310
7111 4989
7112 5287
7113 4967
7114 5593
7115 5438
7116 5335
7117 6317
7118 4948
7119 5481
7120 6207
7121 5275
7122 5379
7123 7120
7124 5574
7125 5646
7126 5277
7127 5216
7128 6969
7129 5955
7130 5349
7131 5378
7132 5540
7133 -994834
7134 5410
7135 5921
7136 5608
7137 5520
7138 7388
7139 5613
7140 5463
7141 5890
7142 5223
7143 6792
7144 5438
7145 6318
7146 5568
7147 5696
7148 5462
7149 5056
7150 5206
7151 5471
7152 5653
7153 5133
7154 5920
7155 5752
7156 5478
7157 5125
7158 6757
7159 6922
7160 6536
7161 5513
7162 6891
7163 6440
7164 5684
7165 5323
7166 6222
7167 5159
7168 5436
7169 5913
7170 5684
7171 5502
7172 4953
7173 5875
7174 5823
7175 5159
7176 5704
7177 5584
7178 4932
7179 5702
7180 5588
7181 7332
7182 6282
7183 5327
7184 5339
7185 6442
7186 5201
7187 6298
7188 5801
7189 5126
7190 5201
7191 4964
7192 5314
7193 5328
7194 5327
7195 5829
7196 5699
7197 6357
7198 5435
7199 7451
7200 5061
7201 5096
7202 5970
7203 5734
7204 6222
7205 5639
7206 5633
7207 5840
7208 5474
7209 5614
7210 6562
7211 6359
7212 5684
7213 5063
7214 5319
7215 5695
7216 6516
7217 5206
7218 5970
7219 6130
7220 5368
7221 5834
7222 5320
7223 5604
7224 5339
7225 5808
7226 5454
7227 5196
7228 5647
7229 5042
7230 5853
7231 5178
7232 5418
7233 5763
7234 6507
7235 5929
7236 6437
7237 6158
7238 5555
7239 5454
7240 6154
7241 5454
7242 5712
7243 5330
7244 5837
7245 5456
7246 5587
7247 5416
7248 5677
7249 6945
7250 5561
7251 7140
7252 5423
7253 5485
7254 6387
7255 5714
7256 5852
7257 5386
7258 5485
7259 6151
7260 5857
7261 5756
7262 5291
7263 5690
7264 5066
7265 5558
7266 4949
7267 5570
7268 5550
7269 7807
7270 5313
7271 5692
7272 5060
7273 5689
7274 5701
7275 5994
7276 4994
7277 5701
7278 6935
7279 5806
7280 5065
7281 5075
7282 5428
7283 5067
7284 5645
7285 5540
7286 5917
7287 6528
7288 6010
7289 5749
7290 5161
7291 5824
7292 5866
7293 5382
7294 5053
7295 6744
7296 5643
7297 6553
7298 5066
7299 5933
7300 5447
7301 5188
7302 5427
7303 5951
7304 6427
7305 -994303
7306 5553
7307 6255
7308 5508
7309 5676
7310 5076
7311 5681
7312 5564
7313 5681
7314 5702
7315 5842
7316 5631
7317 6665
7318 6944
7319 6019
7320 5098
7321 5819
7322 7089
7323 5708
7324 5338
7325 5847
7326 6196
7327 5973
7328 6697
7329 5965
7330 6214
7331 5702
7332 6215
7333 5502
7334 5419
7335 5718
7336 5473
7337 5441
7338 5705
7339 6344
7340 5891
7341 5404
7342 5328
7343 5086
7344 5843
7345 5978
7346 5196
7347 4953
7348 5100
7349 5824
7350 5586
7351 5704
7352 5345
7353 5834
7354 5578
7355 6467
7356 5456
7357 7087
7358 5492
7359 6178
7360 5836
7361 5452
7362 6087
7363 6100
7364 5887
7365 6423
7366 5681
7367 5715
7368 6175
7369 5988
7370 5466
7371 6079
7372 5713
7373 6089
7374 7528
7375 5522
7376 5079
7377 5212
7378 5709
7379 5528
7380 6158
7381 5069
7382 5721
7383 5450
7384 4969
7385 5892
7386 5399
7387 5953
7388 6523
7389 5528
7390 5827
7391 5718
7392 6268
7393 5280
7394 5464
7395 5704
7396 5831
7397 5705
7398 5094
7399 5890
7400 5283
7401 5330
7402 6504
7403 6486
7404 5017
7405 6652
7406 5707
7407 5289
7408 5867
7409 5275
7410 6960
7411 5833
7412 5337
7413 6082
7414 5466
7415 5712
7416 5582
7417 5719
7418 5956
7419 5712
7420 7086
7421 5832
7422 5468
7423 5077
7424 6341
7425 5313
7426 5991
7427 7126
7428 5643
7429 5711
7430 5333
7431 6284
7432 5286
7433 5691
7434 5080
7435 6472
7436 6403
7437 5521
7438 6083
7439 5974
7440 6264
7441 6646
7442 7340
7443 6077
7444 7532
7445 5394
7446 5871
7447 6206
7448 5403
7449 6110
7450 5187
7451 6216
7452 5715
7453 5703
7454 4967
7455 5705
7456 5462
7457 5708
7458 5342
7459 7340
7460 5451
7461 7214
7462 5214
7463 5081
7464 5984
7465 6256
7466 5150
7467 5961
7468 6151
7469 5785
7470 5322
7471 5836
7472 5357
7473 5320
7474 4958
7475 5783
7476 -994608
7477 5468
7478 5878
7479 6539
7480 5346
7481 5329
7482 6086
7483 5212
7484 5994
7485 5555
7486 5965
7487 5340
7488 5454
7489 6535
7490 5265
7491 5090
7492 5690
7493 5591
7494 5094
7495 5452
7496 5464
7497 5087
7498 7340
7499 7299
7500 5904
7501 5144
7502 6336
7503 6096
7504 5087
7505 6136
7506 6201
7507 5790
7508 5087
7509 4960
7510 6212
7511 5845
7512 5324
7513 5524
7514 5278
7515 5845
7516 5204
7517 5198
7518 4964
7519 4963
7520 5839
7521 5086
7522 5209
7523 5593
7524 5833
7525 5092
7526 4966
7527 5077
7528 5087
7529 5532
7530 5527
7531 5202
7532 5214
7533 5211
7534 6343
7535 5081
7536 5337
7537 5401
7538 5523
7539 5335
7540 5088
7541 5097
7542 5516
7543 5271
7544 5090
7545 5092
7546 5076
7547 4941
7548 5609
7549 6214
7550 5735
7551 5165
7552 5346
7553 6076
7554 5339
7555 5213
7556 5097
7557 5078
7558 5088
7559 5085
7560 4970
7561 5201
7562 5588
7563 5090
7564 6213
7565 5313
7566 5860
7567 5719
7568 5204
7569 5926
7570 6849
7571 8464
7572 5615
7573 6302
7574 5187
7575 5437
7576 4970
7577 5629
7578 5669
7579 5748
7580 6613
7581 5534
7582 5097
7583 5697
7584 5093
7585 5082
7586 5095
7587 5702
7588 5513
7589 6491
7590 6008
7591 4965
7592 5354
7593 5320
7594 5579
7595 5343
7596 5576
7597 5340
7598 5339
7599 5339
7600 5082
7601 5655
7602 5021
7603 6280
7604 5395
7605 5089
7606 5098
7607 5328
7608 7209
7609 5339
7610 6407
7611 6388
7612 5840
7613 5470
7614 5575
7615 5344
7616 5776
7617 5649
7618 5092
7619 5320
7620 6279
7621 6078
7622 5402
7623 4953
7624 5239
7625 5062
7626 6990
7627 5423
7628 5350
7629 6314
7630 5464
7631 5339
7632 5333
7633 5241
7634 5524
7635 5216
7636 5358
7637 5436
7638 5458
7639 5577
7640 5469
7641 5576
7642 4966
7643 5582
7644 8169
7645 6012
7646 5708
7647 5465
7648 6173
7649 5253
7650 6020
7651 5274
7652 5094
7653 5394
7654 -994725
7655 5839
7656 5705
7657 5583
7658 5462
7659 5375
7660 5485
7661 6408
7662 6477
7663 5447
7664 5211
7665 5326
7666 5734
7667 5072
7668 4955
7669 4950
7670 5196
7671 5100
7672 4812
7673 5217
7674 5495
7675 5549
7676 5712
7677 5608
7678 5187
7679 5179
7680 5472
7681 6457
7682 5082
7683 5342
7684 5768
7685 5272
7686 5829
7687 5372
7688 5179
7689 5708
7690 4953
7691 5596
7692 5346
7693 5322
7694 5085
7695 5084
7696 5959
7697 6078
7698 5211
7699 5114
7700 6181
7701 5086
7702 5465
7703 5594
7704 6069
7705 5846
7706 5078
7707 5347
7708 5324
7709 5466
7710 5901
7711 5963
7712 5125
7713 5169
7714 5553
7715 5365
7716 5157
7717 6210
7718 6086
7719 5502
7720 5665
7721 4970
7722 5070
7723 5092
7724 4954
7725 5094
7726 4955
7727 5094
7728 6580
7729 5338
7730 7143
7731 6346
7732 10295
7733 8303
7734 8849
7735 6007
7736 5528
7737 5441
7738 5471
7739 5341
7740 5082
7741 5487
7742 5931
7743 5053
7744 5252
7745 5089
7746 5208
7747 5342
7748 4959
7749 4968
7750 6493
7751 5795
7752 5346
7753 6455
7754 5342
7755 5704
7756 5214
7757 5720
7758 5198
7759 4976
7760 4953
7761 5087
7762 5081
7763 6218
7764 5455
7765 5590
7766 5583
7767 5397
7768 5314
7769 5430
7770 6461
7771 6325
7772 5341
7773 5186
7774 5777
7775 5274
7776 6527
7777 5529
7778 5326
7779 6393
7780 5783
7781 5903
7782 5033
7783 5317
7784 5248
7785 5431
7786 5584
7787 5223
7788 5505
7789 7240
7790 5622
7791 5227
7792 5188
7793 5336
7794 5080
7795 5074
7796 5721
7797 5725
7798 5258
7799 5277
7800 5341
7801 5955
7802 6494
7803 5452
7804 5192
7805 5458
7806 5712
7807 6023
7808 6771
7809 5094
7810 5598
7811 6720
7812 5623
7813 5771
7814 5619
7815 5179
7816 5339
7817 5088
7818 6059
7819 5241
7820 5523
7821 5323
7822 5296
7823 5584
7824 5704
7825 5784
7826 7012
7827 5213
7828 4966
7829 6214
7830 5331
7831 5345
7832 -995042
7833 5587
7834 5078
7835 5652
7836 5273
7837 6274
7838 5301
7839 5367
7840 5649
7841 5328
7842 5552
7843 5336
7844 6711
7845 5079
7846 5590
7847 5460
7848 5461
7849 5082
7850 5344
7851 5639
7852 5279
7853 5366
7854 5691
7855 5901
7856 5882
7857 5351
7858 5536
7859 5344
7860 5877
7861 6171
7862 6448
7863 5471
7864 5082
7865 5690
7866 5743
7867 5438
7868 5836
7869 5077
7870 5585
7871 5356
7872 5757
7873 5297
7874 5337
7875 5063
7876 5424
7877 5715
7878 5327
7879 5844
7880 5703
7881 6341
7882 6020
7883 5649
7884 5335
7885 5338
7886 5966
7887 6001
7888 5421
7889 5510
7890 5542
7891 5004
7892 4962
7893 5242
7894 5304
7895 5090
7896 5467
7897 5470
7898 5329
7899 6393
7900 5553
7901 5376
7902 6780
7903 4964
7904 5094
7905 5895
7906 5772
7907 6087
7908 5339
7909 5778
7910 5272
7911 5348
7912 5356
7913 6540
7914 5712
7915 5089
7916 5610
7917 6436
7918 5096
7919 5076
7920 4967
7921 5085
7922 6474
7923 5326
7924 6279
7925 5527
7926 5126
7927 5335
7928 5212
7929 5743
7930 5584
7931 5808
7932 5962
7933 5858
7934 5195
7935 6557
7936 5364
7937 5329
7938 5588
7939 5590
7940 5083
7941 5616
7942 5288
7943 5849
7944 5321
7945 5335
7946 5090
7947 5466
7948 5211
7949 5209
7950 5335
7951 5963
7952 5086
7953 5393
7954 7035
7955 6142
7956 5276
7957 5088
7958 5096
7959 5453
7960 5839
7961 6115
7962 6085
7963 5560
7964 5764
7965 5287
7966 4958
7967 5338
7968 5089
7969 5469
7970 5518
7971 5274
7972 6846
7973 6359
7974 5182
7975 6298
7976 5381
7977 5114
7978 5546
7979 5713
7980 5953
7981 5552
7982 5340
7983 5342
7984 5208
7985 5213
7986 5341
7987 5856
7988 5712
7989 5587
7990 6073
7991 5850
7992 5442
7993 5091
7994 5340
7995 5456
7996 5463
7997 5353
7998 5318
7999 5649
8000 5530
8001 4968
8002 5331
8003 5713
8004 5339
8005 5861
8006 5909
8007 5826
8008 4979
8009 6573
8010 5470
8011 -994935
8012 5438
8013 5209
8014 6153
8015 5445
8016 5038
8017 5964
8018 6092
8019 5216
8020 5836
8021 4952
8022 4966
8023 5213
8024 6859
8025 4940
8026 5720
8027 7321
8028 5225
8029 6017
8030 5277
8031 4963
8032 5324
8033 6470
8034 5079
8035 5589
8036 5145
8037 5553
8038 5691
8039 5712
8040 5261
8041 6045
8042 5224
8043 5507
8044 5406
8045 6574
8046 5714
8047 5085
8048 5091
8049 5096
8050 5072
8051 5014
8052 5540
8053 5073
8054 5337
8055 4975
8056 5073
8057 5214
8058 4963
8059 4969
8060 6641
8061 5277
8062 5340
8063 5339
8064 6361
8065 5561
8066 5544
8067 5252
8068 5089
8069 5090
8070 5218
8071 6831
8072 5473
8073 5658
8074 5754
8075 5452
8076 5342
8077 6400
8078 5398
8079 5987
8080 5499
8081 5771
8082 5954
8083 6279
8084 5327
8085 5657
8086 5457
8087 5531
8088 5024
8089 5001
8090 5533
8091 5466
8092 5079
8093 4971
8094 5078
8095 5469
8096 4952
8097 5479
8098 5321
8099 5219
8100 5207
8101 7091
8102 5124
8103 5538
8104 5463
8105 5390
8106 6055
8107 5069
8108 5077
8109 5474
8110 5605
8111 5299
8112 5337
8113 5333
8114 5715
8115 5721
8116 5327
8117 5093
8118 5076
8119 6160
8120 6019
8121 5338
8122 5272
8123 5529
8124 5164
8125 5878
8126 5717
8127 5952
8128 5472
8129 6838
8130 5198
8131 5104
8132 5569
8133 5222
8134 5602
8135 5194
8136 4829
8137 5219
8138 6219
8139 5076
8140 5956
8141 5839
8142 5465
8143 5586
8144 5090
8145 5330
8146 5091
8147 5082
8148 5092
8149 5205
8150 5595
8151 4951
8152 5591
8153 5084
8154 6714
8155 5342
8156 5453
8157 6972
8158 5202
8159 5089
8160 5086
8161 5962
8162 5964
8163 4953
8164 5107
8165 4943
8166 4942
8167 5583
8168 5993
8169 5055
8170 7147
8171 5402
8172 5768
8173 5436
8174 5180
8175 5970
8176 5201
8177 4971
8178 5330
8179 5220
8180 5074
8181 5469
8182 5580
8183 5716
8184 5148
8185 5268
8186 5230
8187 5051
8188 5110
8189 5710
8190 4964
8191 5455
8192 -994886
8193 5308
8194 6345
8195 5080
8196 5050
8197 5300
8198 5879
8199 5582
8200 4954
8201 5452
8202 5099
8203 5967
8204 5267
8205 5536
8206 5325
8207 5217
8208 5332
8209 5339
8210 4959
8211 4967
8212 6350
8213 6582
8214 5076
8215 5067
8216 5567
8217 5205
8218 6037
8219 4834
8220 6014
8221 5297
8222 5766
8223 5273
8224 5266
8225 5411
8226 5076
8227 5344
8228 5582
8229 5462
8230 5584
8231 6934
8232 5247
8233 5078
8234 5343
8235 5577
8236 5220
8237 5459
8238 5465
8239 4959
8240 4967
8241 5334
8242 5338
8243 5085
8244 5338
8245 5211
8246 5192
8247 5585
8248 5088
8249 5345
8250 5078
8251 6655
8252 5147
8253 5104
8254 5192
8255 5368
8256 5811
8257 5076
8258 5221
8259 5327
8260 5108
8261 6435
8262 5300
8263 5078
8264 5346
8265 4958
8266 5529
8267 6019
8268 5088
8269 6339
8270 5437
8271 5710
8272 5082
8273 6211
8274 5335
8275 5174
8276 5084
8277 5719
8278 4957
8279 5898
8280 5523
8281 5082
8282 5345
8283 4957
8284 5591
8285 5078
8286 5739
8287 5434
8288 7089
8289 5340
8290 5459
8291 5590
8292 5707
8293 6035
8294 5634
8295 5096
8296 4954
8297 5091
8298 6232
8299 5186
8300 5346
8301 4956
8302 5091
8303 5081
8304 6594
8305 5598
8306 6378
8307 5663
8308 5824
8309 5341
8310 5269
8311 5658
8312 5453
8313 5343
8314 5079
8315 4964
8316 5521
8317 5654
8318 4961
8319 5591
8320 5334
8321 5080
8322 4967
8323 5645
8324 5407
8325 6518
8326 5150
8327 5341
8328 5658
8329 5562
8330 6316
8331 6059
8332 6351
8333 4944
8334 4835
8335 5715
8336 4964
8337 5329
8338 5565
8339 5317
8340 5721
8341 5581
8342 4967
8343 6705
8344 5968
8345 5080
8346 6716
8347 5440
8348 5329
8349 6464
8350 5586
8351 5093
8352 5455
8353 5460
8354 5218
8355 5478
8356 4926
8357 5338
8358 5460
8359 5094
8360 5207
8361 5336
8362 6213
8363 5715
8364 5334
8365 5837
8366 5717
8367 5051
8368 5871
8369 5586
8370 6119
8371 5053
8372 5267
8373 -993759
8374 6520
8375 5192
8376 5212
8377 5469
8378 5267
8379 5273
8380 6339
8381 4965
8382 5208
8383 4965
8384 5375
8385 5551
8386 6145
8387 6020
8388 5185
8389 5076
8390 5719
8391 4958
8392 5090
8393 5583
8394 6090
8395 6224
8396 5450
8397 5589
8398 6212
8399 5091
8400 5389
8401 5278
8402 6013
8403 12283
8404 5589
8405 5715
8406 5485
8407 5061
8408 5352
8409 5826
8410 5714
8411 5340
8412 5487
8413 5056
8414 5467
8415 6209
8416 5339
8417 6378
8418 5403
8419 5662
8420 5261
8421 5736
8422 5213
8423 5067
8424 5458
8425 5089
8426 5337
8427 5346
8428 5231
8429 5438
8430 5096
8431 5075
8432 5272
8433 5779
8434 6220
8435 5305
8436 5242
8437 5328
8438 5346
8439 5078
8440 5465
8441 5718
8442 5510
8443 5407
8444 5088
8445 5866
8446 5432
8447 4928
8448 5090
8449 5214
8450 5774
8451 5273
8452 5743
8453 7620
8454 5517
8455 4964
8456 5845
8457 5660
8458 5253
8459 5492
8460 5429
8461 5465
8462 5335
8463 5096
8464 5576
8465 5054
8466 5215
8467 4843
8468 5453
8469 5087
8470 5216
8471 6599
8472 5200
8473 6214
8474 5215
8475 6398
8476 5328
8477 5409
8478 5092
8479 5331
8480 5273
8481 5550
8482 5996
8483 5406
8484 5463
8485 5589
8486 5334
8487 5089
8488 6518
8489 5535
8490 6210
8491 5711
8492 5678
8493 5496
8494 4961
8495 4963
8496 5468
8497 5832
8498 5345
8499 5245
8500 6052
8501 5204
8502 5090
8503 5094
8504 5330
8505 5465
8506 6836
8507 5339
8508 6709
8509 5715
8510 5471
8511 5202
8512 5836
8513 5340
8514 5466
8515 5217
8516 5957
8517 5521
8518 5652
8519 5338
8520 6138
8521 5689
8522 5060
8523 5095
8524 5631
8525 5042
8526 6850
8527 5495
8528 5415
8529 5081
8530 5086
8531 5092
8532 4962
8533 5706
8534 5341
8535 5463
8536 5088
8537 5089
8538 5335
8539 5279
8540 5404
8541 5780
8542 5502
8543 5099
8544 5327
8545 6461
8546 6077
8547 5617
8548 5936
8549 5406
8550 6087
8551 5453
8552 -994347
8553 5866
8554 5311
8555 4951
8556 5340
8557 5222
8558 5327
8559 5337
8560 4965
8561 6286
8562 5838
8563 7513
8564 5143
8565 5800
8566 5195
8567 5086
8568 5094
8569 5457
8570 5085
8571 5091
8572 5588
8573 4960
8574 5462
8575 5212
8576 5096
8577 6453
8578 5586
8579 5092
8580 5854
8581 5184
8582 5844
8583 5081
8584 5334
8585 5714
8586 5380
8587 6173
8588 5453
8589 5190
8590 5838
8591 5526
8592 5523
8593 6789
8594 5389
8595 6525
8596 5523
8597 5091
8598 5963
8599 5584
8600 6470
8601 5078
8602 5346
8603 5952
8604 5344
8605 5079
8606 5839
8607 5466
8608 5836
8609 5213
8610 5584
8611 5466
8612 5717
8613 5721
8614 5183
8615 6089
8616 5214
8617 5631
8618 6986
8619 5139
8620 5540
8621 6005
8622 5083
8623 5977
8624 6567
8625 5470
8626 5578
8627 6649
8628 6205
8629 6541
8630 5771
8631 5266
8632 5092
8633 6089
8634 5216
8635 7085
8636 5331
8637 6589
8638 5832
8639 5716
8640 4965
8641 6364
8642 5185
8643 5453
8644 5095
8645 5078
8646 5603
8647 6134
8648 5279
8649 5500
8650 5729
8651 5394
8652 5075
8653 5135
8654 6034
8655 5330
8656 6400
8657 5402
8658 5977
8659 5801
8660 6331
8661 5903
8662 6614
8663 5192
8664 5320
8665 5087
8666 4953
8667 5712
8668 5063
8669 5987
8670 5175
8671 7434
8672 5196
8673 5318
8674 5073
8675 5231
8676 4950
8677 5980
8678 5667
8679 5800
8680 5054
8681 5606
8682 5326
8683 5716
8684 5690
8685 5841
8686 5072
8687 4963
8688 5197
8689 5095
8690 6462
8691 5813
8692 5511
8693 5665
8694 5080
8695 5072
8696 6034
8697 5627
8698 5802
8699 5487
8700 5466
8701 5323
8702 5317
8703 6410
8704 5257
8705 5236
8706 5174
8707 5343
8708 6318
8709 5715
8710 5075
8711 6331
8712 5461
8713 5201
8714 5212
8715 5198
8716 5836
8717 5702
8718 4964
8719 5837
8720 5650
8721 5716
8722 4947
8723 5845
8724 5697
8725 6331
8726 6729
8727 5305
8728 5522
8729 -994240
8730 5345
8731 5572
8732 5707
8733 5470
8734 5695
8735 5578
8736 5073
8737 5839
8738 5572
8739 5661
8740 5784
8741 5798
8742 5513
8743 5894
8744 6553
8745 5493
8746 5332
8747 6634
8748 5658
8749 4966
8750 4954
8751 5093
8752 4937
8753 5092
8754 4953
8755 5596
8756 5325
8757 5472
8758 5584
8759 4955
8760 5117
8761 4934
8762 5575
8763 7462
8764 5717
8765 5726
8766 5068
8767 4954
8768 5466
8769 5340
8770 4959
8771 4951
8772 5069
8773 5332
8774 4966
8775 4959
8776 5088
8777 5090
8778 5459
8779 5086
8780 5348
8781 5581
8782 7649
8783 5386
8784 4834
8785 5341
8786 5457
8787 5092
8788 5884
8789 5538
8790 4954
8791 5460
8792 5594
8793 5076
8794 5226
8795 5579
8796 4961
8797 5779
8798 5261
8799 5459
8800 5339
8801 6335
8802 5457
8803 6536
8804 6197
8805 5530
8806 5495
8807 5466
8808 6418
8809 5340
8810 5080
8811 5333
8812 5465
8813 5345
8814 5518
8815 5297
8816 5814
8817 5209
8818 4965
8819 6481
8820 5944
8821 5083
8822 5336
8823 4962
8824 5646
8825 5153
8826 5089
8827 5088
8828 5349
8829 5072
8830 5998
8831 5338
8832 5541
8833 6141
8834 5650
8835 4843
8836 5578
8837 4963
8838 6503
8839 5048
8840 5961
8841 5582
8842 5395
8843 5529
8844 5343
8845 6457
8846 5713
8847 5396
8848 7213
8849 5715
8850 7021
8851 5590
8852 5583
8853 5641
8854 6173
8855 8636
8856 5641
8857 4963
8858 5218
8859 5089
8860 5202
8861 5269
8862 5286
8863 4966
8864 4955
8865 5338
8866 4940
8867 4966
8868 5993
8869 5451
8870 6006
8871 5386
8872 5838
8873 5339
8874 6088
8875 5084
8876 5462
8877 6220
8878 5866
8879 6610
8880 5654
8881 5214
8882 5209
8883 5426
8884 5110
8885 5445
8886 5331
8887 4952
8888 4950
8889 5099
8890 5137
8891 5038
8892 7659
8893 5140
8894 5088
8895 5865
8896 5568
8897 5698
8898 5463
8899 5470
8900 6078
8901 5340
8902 5590
8903 5845
8904 5333
8905 5579
8906 4973
8907 5951
8908 5338
8909 -994782
8910 7145
8911 5279
8912 5955
8913 5098
8914 5332
8915 5338
8916 4951
8917 5099
8918 5574
8919 5330
8920 5716
8921 5581
8922 5085
8923 5318
8924 5642
8925 6186
8926 4945
8927 5217
8928 5906
8929 6144
8930 6209
8931 5488
8932 5310
8933 6031
8934 5393
8935 5967
8936 5788
8937 5135
8938 6002
8939 6475
8940 5266
8941 6210
8942 5090
8943 5333
8944 4965
8945 5888
8946 5414
8947 6584
8948 5089
8949 5595
8950 5453
8951 5588
8952 5211
8953 4968
8954 4961
8955 5089
8956 5499
8957 5674
8958 6647
8959 5267
8960 5721
8961 6076
8962 6145
8963 6047
8964 5570
8965 6088
8966 5089
8967 5219
8968 5325
8969 5213
8970 5341
8971 5336
8972 5836
8973 5085
8974 5724
8975 5481
8976 5557
8977 5083
8978 4959
8979 5737
8980 5427
8981 6009
8982 5287
8983 4966
8984 6328
8985 5868
8986 5430
8987 5337
8988 5085
8989 6095
8990 5895
8991 5271
8992 5058
8993 5583
8994 6769
8995 5274
8996 5094
8997 4938
8998 5270
8999 5404
9000 5093
9001 5707
9002 6530
9003 5150
9004 5199
9005 5840
9006 5271
9007 6286
9008 6454
9009 6038
9010 5404
9011 6237
9012 5166
9013 5080
9014 5094
9015 5327
9016 5344
9017 5578
9018 5466
9019 4962
9020 6508
9021 5419
9022 5081
9023 5094
9024 6249
9025 5296
9026 5700
9027 5465
9028 5792
9029 5648
9030 5315
9031 5088
9032 5348
9033 6015
9034 5398
9035 5838
9036 5464
9037 5091
9038 5592
9039 5934
9040 5597
9041 5713
9042 5340
9043 5218
9044 5328
9045 5339
9046 6062
9047 6092
9048 5117
9049 5205
9050 5955
9051 4952
9052 4964
9053 5341
9054 4968
9055 5076
9056 5844
9057 6530
9058 5391
9059 5113
9060 5935
9061 4971
9062 5333
9063 4958
9064 4966
9065 5215
9066 5578
9067 5340
9068 5437
9069 5109
9070 5731
9071 5318
9072 5146
9073 5531
9074 5760
9075 5920
9076 5830
9077 5970
9078 5322
9079 4964
9080 5717
9081 5330
9082 5463
9083 5789
9084 6135
9085 5584
9086 6157
9087 5523
9088 5336
9089 -995038
9090 5490
9091 5062
9092 6169
9093 4991
9094 6057
9095 5867
9096 5227
9097 4975
9098 5563
9099 5148
9100 4966
9101 5618
9102 5429
9103 4848
9104 5071
9105 5099
9106 5316
9107 5350
9108 5325
9109 5749
9110 6592
9111 5530
9112 5086
9113 6344
9114 5210
9115 5449
9116 4965
9117 5085
9118 5347
9119 5825
9120 5480
9121 5318
9122 5341
9123 5083
9124 6154
9125 5528
9126 7201
9127 5091
9128 5608
9129 4939
9130 5209
9131 5091
9132 6224
9133 5067
9134 5355
9135 5375
9136 5281
9137 5586
9138 5090
9139 5329
9140 5143
9141 5403
9142 5206
9143 5339
9144 5398
9145 5397
9146 6331
9147 5216
9148 4952
9149 5093
9150 4958
9151 6841
9152 6233
9153 5865
9154 5287
9155 4948
9156 5127
9157 5932
9158 5964
9159 5069
9160 6209
9161 5846
9162 5450
9163 5348
9164 5072
9165 5107
9166 4947
9167 5334
9168 4963
9169 5967
9170 5075
9171 5471
9172 5827
9173 5094
9174 5063
9175 4966
9176 4828
9177 5715
9178 5209
9179 4965
9180 5086
9181 5210
9182 5462
9183 6273
9184 5406
9185 5076
9186 5974
9187 5766
9188 6654
9189 5590
9190 5573
9191 5277
9192 5652
9193 5080
9194 5199
9195 5096
9196 5929
9197 4966
9198 5707
9199 5523
9200 5594
9201 5273
9202 5375
9203 5663
9204 6272
9205 5650
9206 6770
9207 6044
9208 5320
9209 4967
9210 6146
9211 5400
9212 5590
9213 5327
9214 6332
9215 5838
9216 5218
9217 5899
9218 5269
9219 5110
9220 5930
9221 5335
9222 5842
9223 5458
9224 6867
9225 5055
9226 5080
9227 5583
9228 5054
9229 5742
9230 5309
9231 5214
9232 5848
9233 5320
9234 5965
9235 5073
9236 5719
9237 5084
9238 5089
9239 5454
9240 5905
9241 5392
9242 5588
9243 6074
9244 5700
9245 5471
9246 5705
9247 5342
9248 5580
9249 5095
9250 4958
9251 5087
9252 5084
9253 5088
9254 4959
9255 5485
9256 5819
9257 5717
9258 5282
9259 5084
9260 5776
9261 6641
9262 5843
9263 5360
9264 5432
9265 5596
9266 5203
9267 5342
9268 5073
9269 5622
9270 -994388
9271 5408
9272 5075
9273 5273
9274 5401
9275 5206
9276 5136
9277 5277
9278 5530
9279 5890
9280 5973
9281 5322
9282 5781
9283 5271
9284 5962
9285 5987
9286 5057
9287 5582
9288 5557
9289 5087
9290 6962
9291 5215
9292 5089
9293 5707
9294 5334
9295 5094
9296 5997
9297 5943
9298 7201
9299 6052
9300 5084
9301 5464
9302 5473
9303 5065
9304 5837
9305 5205
9306 6646
9307 6023
9308 5086
9309 4946
9310 5078
9311 5081
9312 4964
9313 5466
9314 5074
9315 5711
9316 5333
9317 5960
9318 5430
9319 5750
9320 5293
9321 5268
9322 5144
9323 5222
9324 5637
9325 5286
9326 5827
9327 5966
9328 5092
9329 4954
9330 6969
9331 5324
9332 5618
9333 5069
9334 5336
9335 6211
9336 6458
9337 5125
9338 5474
9339 5537
9340 6478
9341 5439
9342 5075
9343 4811
9344 5089
9345 5205
9346 5964
9347 5332
9348 6088
9349 5579
9350 5093
9351 5521
9352 5271
9353 6469
9354 5215
9355 5079
9356 5342
9357 4954
9358 5239
9359 5312
9360 5070
9361 5094
9362 5078
9363 5214
9364 5222
9365 5082
9366 5856
9367 6374
9368 5288
9369 5324
9370 5322
9371 5337
9372 6217
9373 5459
9374 4953
9375 5288
9376 5703
9377 5271
9378 5710
9379 5361
9380 5942
9381 5123
9382 5669
9383 5456
9384 5008
9385 5283
9386 5097
9387 5563
9388 5215
9389 5577
9390 5219
9391 6461
9392 6206
9393 5833
9394 5839
9395 5101
9396 6464
9397 6477
9398 5675
9399 5840
9400 5088
9401 5084
9402 5872
9403 5423
9404 5458
9405 5080
9406 6487
9407 5064
9408 5351
9409 7206
9410 5333
9411 5108
9412 5314
9413 5590
9414 5089
9415 5890
9416 5283
9417 6460
9418 6206
9419 6216
9420 5571
9421 5461
9422 4972
9423 4952
9424 5462
9425 5217
9426 5526
9427 6286
9428 5811
9429 5344
9430 4957
9431 5093
9432 5953
9433 5090
9434 5086
9435 5968
9436 5212
9437 4953
9438 5197
9439 5226
9440 4964
9441 4955
9442 5107
9443 5566
9444 5217
9445 5985
9446 5937
9447 5325
9448 5067
9449 4958
9450 -994411
9451 5087
9452 5647
9453 5654
9454 5458
9455 5206
9456 4954
9457 5331
9458 5201
9459 4967
9460 4956
9461 5285
9462 5262
9463 5526
9464 5271
9465 6588
9466 6340
9467 4956
9468 4949
9469 5223
9470 5723
9471 5699
9472 5214
9473 5089
9474 5461
9475 5092
9476 5707
9477 5991
9478 5825
9479 5196
9480 4954
9481 5347
9482 5087
9483 5331
9484 6579
9485 5470
9486 5978
9487 5425
9488 6215
9489 5077
9490 5095
9491 5705
9492 5339
9493 5583
9494 5340
9495 6657
9496 6260
9497 5868
9498 5934
9499 5305
9500 5784
9501 6815
9502 5937
9503 4958
9504 5345
9505 5521
9506 5922
9507 5061
9508 5468
9509 6645
9510 5271
9511 5717
9512 5407
9513 5468
9514 5336
9515 6463
9516 5252
9517 5297
9518 5708
9519 7086
9520 5207
9521 4959
9522 5780
9523 5278
9524 5448
9525 5597
9526 4958
9527 6273
9528 6708
9529 5647
9530 5143
9531 6524
9532 5487
9533 4939
9534 5146
9535 6401
9536 5451
9537 6713
9538 5201
9539 4947
9540 5102
9541 5715
9542 4955
9543 5222
9544 5953
9545 5584
9546 4960
9547 6089
9548 6082
9549 5338
9550 5219
9551 5351
9552 7097
9553 5558
9554 5335
9555 5701
9556 6214
9557 5604
9558 5942
9559 4965
9560 5213
9561 5475
9562 5283
9563 5879
9564 5868
9565 5176
9566 5091
9567 5459
9568 5475
9569 5452
9570 5220
9571 6633
9572 5025
9573 6134
9574 6284
9575 5074
9576 5077
9577 5600
9578 5448
9579 5128
9580 5300
9581 5331
9582 5078
9583 5590
9584 5313
9585 5335
9586 4975
9587 5344
9588 5439
9589 5208
9590 5087
9591 4950
9592 4957
9593 6464
9594 5093
9595 5704
9596 5344
9597 5577
9598 5221
9599 5083
9600 5522
9601 5574
9602 5289
9603 4952
9604 5655
9605 5284
9606 5073
9607 5099
9608 5080
9609 5577
9610 5336
9611 5336
9612 6852
9613 5073
9614 5089
9615 5839
9616 6535
9617 5324
9618 5653
9619 5090
9620 6199
9621 5785
9622 5142
9623 5339
9624 4970
9625 6208
9626 5201
9627 5909
9628 5396
9629 5083
9630 -993288
9631 5596
9632 5078
9633 5270
9634 5403
9635 5096
9636 4953
9637 5586
9638 5340
9639 6213
9640 5394
9641 5276
9642 5234
9643 5446
9644 6080
9645 5207
9646 5597
9647 6077
9648 7302
9649 5380
9650 5467
9651 5128
9652 5157
9653 5839
9654 5214
9655 5078
9656 5086
9657 5987
9658 5836
9659 5835
9660 5318
9661 5514
9662 5784
9663 5324
9664 5087
9665 5461
9666 5129
9667 6805
9668 5453
9669 5517
9670 5165
9671 5341
9672 5896
9673 5273
9674 5212
9675 5465
9676 5091
9677 5328
9678 6468
9679 5338
9680 5203
9681 5591
9682 5093
9683 5076
9684 5215
9685 7276
9686 5899
9687 5704
9688 5088
9689 4972
9690 5826
9691 5339
9692 5487
9693 5318
9694 5395
9695 5399
9696 5089
9697 4946
9698 5105
9699 5584
9700 5715
9701 5459
9702 5593
9703 5389
9704 7022
9705 5975
9706 5070
9707 5059
9708 5700
9709 5222
9710 4951
9711 5215
9712 5085
9713 5714
9714 5095
9715 5459
9716 5078
9717 5454
9718 5469
9719 5210
9720 5324
9721 5077
9722 6216
9723 6850
9724 6447
9725 5087
9726 5327
9727 5345
9728 5082
9729 5336
9730 5775
9731 5149
9732 5880
9733 6797
9734 6705
9735 5455
9736 5088
9737 5998
9738 5555
9739 5193
9740 5220
9741 6219
9742 5219
9743 5322
9744 5082
9745 6838
9746 5588
9747 5207
9748 5485
9749 5321
9750 5853
9751 5313
9752 5828
9753 5612
9754 5939
9755 5143
9756 5651
9757 5092
9758 5068
9759 6598
9760 5077
9761 6525
9762 5695
9763 5681
9764 5054
9765 5091
9766 4980
9767 5444
9768 5196
9769 5485
9770 5184
9771 5164
9772 5338
9773 5210
9774 5592
9775 5086
9776 5086
9777 5085
9778 6963
9779 5760
9780 5533
9781 6349
9782 5450
9783 5096
9784 5702
9785 5338
9786 5095
9787 5580
9788 4966
9789 4961
9790 5210
9791 5589
9792 5845
9793 5830
9794 5207
9795 5304
9796 6720
9797 5328
9798 7143
9799 5287
9800 5331
9801 6243
9802 5700
9803 5571
9804 5838
9805 5619
9806 5558
9807 5961
9808 5582
9809 4965
9810 -994910
9811 6339
9812 5206
9813 5093
9814 6453
9815 5092
9816 4960
9817 4967
9818 5331
9819 5713
9820 6220
9821 6275
9822 5257
9823 5520
9824 5539
9825 5708
9826 5208
9827 5413
9828 6424
9829 5994
9830 5884
9831 5117
9832 6183
9833 5478
9834 5069
9835 4957
9836 5485
9837 5839
9838 5165
9839 5330
9840 5147
9841 5282
9842 5082
9843 5079
9844 5342
9845 6113
9846 5562
9847 5456
9848 5087
9849 5622
9850 5431
9851 6083
9852 5461
9853 5198
9854 6702
9855 5340
9856 5769
9857 5534
9858 5796
9859 6269
9860 5439
9861 5079
9862 5090
9863 5703
9864 5722
9865 6131
9866 5532
9867 5444
9868 5477
9869 7527
9870 6143
9871 5080
9872 6211
9873 5212
9874 5090
9875 4955
9876 5608
9877 5936
9878 6031
9879 5263
9880 5966
9881 5901
9882 5390
9883 4835
9884 5338
9885 8987
9886 6809
9887 5090
9888 5081
9889 5589
9890 5215
9891 5332
9892 6169
9893 5258
9894 5957
9895 5331
9896 5343
9897 4956
9898 5340
9899 5086
9900 5590
9901 5585
9902 5475
9903 5203
9904 5852
9905 6441
9906 5074
9907 5339
9908 6512
9909 5283
9910 5227
9911 5199
9912 5333
9913 5458
9914 5093
9915 5328
9916 5337
9917 6362
9918 5123
9919 5276
9920 5349
9921 5459
9922 5442
9923 6090
9924 5338
9925 5343
9926 5704
9927 6337
9928 5685
9929 5248
9930 4962
9931 5950
9932 5275
9933 5274
9934 4963
9935 5462
9936 5096
9937 5971
9938 5830
9939 5205
9940 5084
9941 5332
9942 6211
9943 5200
9944 5077
9945 4964
9946 5086
9947 5095
9948 5706
9949 6028
9950 5144
9951 5091
9952 5207
9953 6342
9954 5252
9955 5298
9956 4809
9957 5864
9958 5085
9959 5079
9960 5346
9961 7715
9962 6226
9963 6064
9964 5454
9965 4967
9966 6210
9967 5331
9968 4965
9969 5328
9970 5344
9971 5078
9972 6214
9973 5086
9974 5542
9975 5508
9976 5086
9977 5848
9978 5195
9979 6910
9980 5513
9981 6036
9982 5823
9983 5408
9984 5091
9985 4940
9986 5480
9987 5320
9988 5784
9989 -994732
9990 5710
9991 5455
9992 5094
9993 5206
9994 5462
9995 5083
9996 5214
9997 5134
9998 6289
9999 5084
