0 4988
1 5040
2 6057
3 5104
4 4986
5 5485
6 6164
7 5179
8 5486
9 5517
10 5796
11 5385
12 5333
13 5704
14 5214
15 6516
16 5532
17 5094
18 6723
19 5970
20 5807
21 5342
22 5469
23 5518
24 5299
25 6554
26 6400
27 5135
28 5346
29 5583
30 5082
31 5086
32 5211
33 6582
34 5592
35 5085
36 6099
37 5072
38 5829
39 5455
40 6438
41 5297
42 5078
43 5463
44 6245
45 5387
46 4972
47 5096
48 5931
49 5202
50 5593
51 5352
52 6690
53 5898
54 5289
55 5949
56 5210
57 5087
58 6165
59 5830
60 5263
61 4966
62 5087
63 5960
64 5320
65 4983
66 5315
67 5590
68 5212
69 5344
70 6559
71 5839
72 5359
73 5416
74 5462
75 5093
76 5586
77 5712
78 -993525
79 5691
80 4965
81 4958
82 5896
83 5542
84 5951
85 5713
86 5229
87 5608
88 7327
89 5677
90 5599
91 5815
92 5875
93 5289
94 5089
95 5586
96 5349
97 6376
98 5146
99 4973
100 5840
101 5334
102 5335
103 5091
104 5084
105 5224
106 5116
107 6039
108 5104
109 5868
110 5399
111 5462
112 6592
113 5209
114 5333
115 5614
116 5394
117 5690
118 5072
119 5096
120 4956
121 4956
122 5089
123 5095
124 5451
125 6347
126 5457
127 5337
128 5706
129 5092
130 5259
131 5291
132 5094
133 5452
134 5456
135 5761
136 5282
137 5340
138 5211
139 5085
140 5964
141 5141
142 5411
143 5461
144 6345
145 5716
146 5326
147 5589
148 5090
149 5839
150 5650
151 5267
152 5598
153 5579
154 5212
155 5839
156 6027
157 6044
158 5565
159 4967
160 5850
161 6026
162 6982
163 6602
164 6077
165 5151
166 6034
167 5266
168 5330
169 5260
170 5540
171 6338
172 5082
173 5215
174 5389
175 5406
176 5083
177 4965
178 5967
179 4959
180 6229
181 6073
182 5076
183 5904
184 5157
185 5399
186 5513
187 5644
188 5414
189 5711
190 5335
191 5208
192 5580
193 5461
194 5213
195 4969
196 5125
197 7229
198 5294
199 6070
200 4957
201 5087
202 4964
203 5724
204 5820
205 5718
206 5080
207 5460
208 5612
209 5002
210 5398
211 5706
212 5086
213 4969
214 5331
215 5588
216 6278
217 6153
218 6272
219 5442
220 6048
221 5799
222 5239
223 5096
224 5268
225 5405
226 5204
227 4967
228 5833
229 5343
230 6225
231 6011
232 5411
233 5324
234 5218
235 5086
236 6081
237 4964
238 5341
239 5084
240 5339
241 5477
242 5199
243 6363
244 5677
245 5094
246 4955
247 4962
248 5088
249 4845
250 5456
251 5589
252 5088
253 5738
254 5810
255 6212
256 5094
257 5558
258 -994385
259 5885
260 6034
261 5086
262 4962
263 5827
264 5472
265 5589
266 5464
267 5093
268 5080
269 5338
270 5464
271 5340
272 5337
273 6608
274 5502
275 6148
276 5842
277 5332
278 5091
279 5085
280 4965
281 5088
282 6713
283 5586
284 6087
285 6091
286 5085
287 5835
288 5167
289 5636
290 5704
291 6338
292 5095
293 5427
294 5094
295 5079
296 5342
297 5458
298 5468
299 5122
300 6369
301 5261
302 6779
303 5774
304 5210
305 5088
306 6074
307 5582
308 5964
309 6475
310 5702
311 6739
312 5430
313 5718
314 5060
315 4980
316 5568
317 5340
318 5082
319 5212
320 5340
321 4966
322 5833
323 5463
324 5470
325 5205
326 5423
327 5466
328 6838
329 5461
330 5215
331 5966
332 5203
333 5521
334 5278
335 5091
336 5204
337 5644
338 5658
339 5840
340 5209
341 5088
342 5110
343 5198
344 5080
345 5835
346 6678
347 5252
348 4959
349 4983
350 5811
351 5079
352 5482
353 5243
354 5727
355 5018
356 5465
357 6097
358 5952
359 5216
360 5086
361 5721
362 6585
363 5586
364 5970
365 6327
366 4969
367 6006
368 5417
369 5778
370 5136
371 5220
372 5704
373 5338
374 5639
375 6606
376 6395
377 5586
378 4982
379 5442
380 5483
381 5191
382 6090
383 6351
384 5200
385 5335
386 5206
387 5348
388 5577
389 5802
390 5709
391 5088
392 5088
393 5592
394 5336
395 5087
396 5852
397 6141
398 5581
399 5521
400 5281
401 7024
402 5829
403 5597
404 5827
405 4964
406 5066
407 5593
408 5279
409 5266
410 5426
411 5381
412 5076
413 5214
414 5598
415 5702
416 5211
417 5837
418 5466
419 5333
420 6191
421 5464
422 4956
423 4964
424 4964
425 5075
426 5725
427 4965
428 5090
429 5715
430 4954
431 5212
432 5088
433 5096
434 5705
435 5028
436 5398
437 4714
438 -994291
439 6970
440 5210
441 5328
442 5213
443 5091
444 4970
445 5453
446 5091
447 6027
448 5702
449 5530
450 5212
451 5099
452 5642
453 5402
454 6145
455 5523
456 5458
457 6849
458 5593
459 5068
460 5103
461 5197
462 5104
463 4940
464 5724
465 6017
466 5736
467 5432
468 5769
469 5091
470 5329
471 5460
472 5089
473 5213
474 5205
475 5219
476 6455
477 5089
478 4929
479 5100
480 5615
481 5491
482 5264
483 5594
484 6273
485 7137
486 5475
487 5575
488 6527
489 5638
490 5220
491 4953
492 5471
493 6397
494 6268
495 4972
496 5820
497 5717
498 4955
499 5346
500 5204
501 5345
502 6240
503 5553
504 5460
505 5214
506 5332
507 4970
508 5504
509 5294
510 5331
511 5587
512 5464
513 7773
514 6268
515 5667
516 5630
517 5132
518 5921
519 5841
520 5333
521 4963
522 5605
523 5927
524 5356
525 5656
526 5153
527 5577
528 5395
529 5783
530 5332
531 6707
532 5656
533 5525
534 5453
535 6135
536 5583
537 5549
538 5270
539 6219
540 5266
541 4963
542 5452
543 5476
544 5518
545 5143
546 5219
547 4827
548 5901
549 6652
550 5833
551 5705
552 5341
553 5702
554 5856
555 5067
556 5091
557 6401
558 5278
559 5460
560 5834
561 5464
562 5089
563 5460
564 5702
565 5439
566 5473
567 6598
568 5078
569 5339
570 5526
571 5650
572 5960
573 4961
574 5465
575 5453
576 5472
577 5077
578 5339
579 5587
580 5470
581 5078
582 5468
583 5079
584 5341
585 5086
586 5963
587 5344
588 5081
589 5336
590 5589
591 4955
592 5326
593 5970
594 5585
595 5713
596 5710
597 5211
598 5720
599 4954
600 5272
601 6224
602 5524
603 6076
604 7022
605 5412
606 4953
607 6092
608 5586
609 5524
610 6150
611 5084
612 5094
613 5676
614 5086
615 4964
616 4973
617 6075
618 -994908
619 5837
620 5209
621 5089
622 5333
623 7094
624 5623
625 6235
626 5276
627 5456
628 5083
629 4963
630 5607
631 5677
632 5339
633 5460
634 5269
635 5515
636 5188
637 5422
638 5407
639 5579
640 5839
641 6594
642 5078
643 5589
644 5588
645 5220
646 5079
647 5085
648 4965
649 6097
650 5378
651 5658
652 5467
653 5337
654 4952
655 4969
656 5337
657 5454
658 5346
659 5075
660 5970
661 5578
662 5338
663 5251
664 4931
665 5580
666 5335
667 4969
668 4955
669 5087
670 5216
671 5716
672 5892
673 5396
674 5714
675 5345
676 5586
677 5335
678 5958
679 6836
680 5964
681 4953
682 5468
683 5455
684 5593
685 5334
686 5336
687 5077
688 5095
689 5085
690 5460
691 5330
692 5340
693 5336
694 5461
695 5712
696 6270
697 6463
698 5277
699 5360
700 5691
701 5695
702 5087
703 5323
704 5350
705 5089
706 5344
707 5531
708 5513
709 5466
710 5617
711 5794
712 5844
713 5995
714 5421
715 7079
716 5338
717 5344
718 5833
719 5460
720 5338
721 5717
722 5081
723 5092
724 4957
725 4973
726 5075
727 5089
728 5589
729 6086
730 6097
731 5946
732 5397
733 5338
734 6586
735 5151
736 5994
737 6053
738 5339
739 5594
740 5451
741 5600
742 5320
743 5102
744 6696
745 5094
746 5583
747 5082
748 5767
749 5972
750 5595
751 5389
752 5845
753 5601
754 5318
755 5955
756 5835
757 5472
758 5825
759 5340
760 4968
761 5079
762 4964
763 5343
764 5706
765 5616
766 5418
767 5738
768 4808
769 5885
770 7487
771 6413
772 5573
773 6069
774 5349
775 6205
776 5329
777 5090
778 5092
779 5078
780 6089
781 5009
782 6867
783 5742
784 5477
785 5343
786 5077
787 5720
788 6091
789 5322
790 5047
791 5655
792 5406
793 5082
794 5701
795 5329
796 5591
797 -994542
798 4965
799 5974
800 6079
801 5511
802 5783
803 5086
804 5332
805 6161
806 5333
807 6518
808 6078
809 6528
810 5650
811 5087
812 5893
813 6654
814 5610
815 6182
816 5093
817 5080
818 5777
819 5582
820 5279
821 5711
822 5083
823 5239
824 7332
825 6317
826 5081
827 5098
828 5585
829 5327
830 4964
831 5344
832 5077
833 4965
834 5405
835 5393
836 5844
837 5332
838 5602
839 5324
840 6101
841 5697
842 5094
843 6703
844 4962
845 5378
846 5598
847 5284
848 5326
849 5598
850 4953
851 5335
852 4973
853 5317
854 5581
855 5901
856 5460
857 5400
858 5145
859 5903
860 5077
861 5597
862 6837
863 5714
864 5695
865 5352
866 5714
867 5525
868 5399
869 5087
870 5242
871 6059
872 6332
873 4965
874 5608
875 4938
876 5338
877 5337
878 5973
879 6269
880 6713
881 5168
882 5694
883 5080
884 5338
885 5385
886 5265
887 5590
888 5091
889 5706
890 6393
891 5461
892 5783
893 5328
894 5588
895 6119
896 5398
897 5836
898 6716
899 5859
900 5858
901 5527
902 5337
903 5464
904 4960
905 5088
906 6096
907 5327
908 5339
909 6031
910 6147
911 5334
912 5336
913 5089
914 5216
915 5210
916 6589
917 5095
918 5201
919 5466
920 5087
921 5098
922 5080
923 6796
924 5769
925 6223
926 5275
927 6583
928 5090
929 4791
930 5656
931 5475
932 5382
933 6757
934 7115
935 4982
936 5987
937 5462
938 5451
939 5329
940 5216
941 5658
942 5273
943 4953
944 4967
945 5082
946 5368
947 5309
948 5711
949 5525
950 5771
951 5207
952 5091
953 6470
954 5895
955 5020
956 5713
957 5147
958 5277
959 5332
960 5225
961 5511
962 5655
963 5584
964 6089
965 5209
966 5089
967 5463
968 5093
969 5082
970 5587
971 6684
972 5372
973 4955
974 5588
975 5094
976 -994670
977 5087
978 5094
979 4959
980 5718
981 5197
982 5092
983 5086
984 6526
985 6089
986 5522
987 4958
988 6111
989 5737
990 6799
991 5702
992 5460
993 5220
994 5451
995 5091
996 5587
997 5857
998 5068
999 5575
1000 4975
1001 4950
1002 5595
1003 6346
1004 6319
1005 5645
1006 5294
1007 5155
1008 7160
1009 5304
1010 5579
1011 5093
1012 5204
1013 5219
1014 5454
1015 6114
1016 5559
1017 5336
1018 5465
1019 4960
1020 5084
1021 5959
1022 5105
1023 5693
1024 5518
1025 5908
1026 5957
1027 5826
1028 5596
1029 5578
1030 5090
1031 5606
1032 5445
1033 5779
1034 5271
1035 5083
1036 5591
1037 4959
1038 6013
1039 5152
1040 6019
1041 5276
1042 5335
1043 5198
1044 5765
1045 6682
1046 5179
1047 5101
1048 5840
1049 5702
1050 5347
1051 4951
1052 4968
1053 5583
1054 5717
1055 5387
1056 5284
1057 5620
1058 5677
1059 4952
1060 5090
1061 5620
1062 5553
1063 5650
1064 6932
1065 6487
1066 6407
1067 5318
1068 5096
1069 5956
1070 5090
1071 5831
1072 6209
1073 5335
1074 5087
1075 5341
1076 4831
1077 5708
1078 5092
1079 5334
1080 5462
1081 5962
1082 6585
1083 5578
1084 5088
1085 5589
1086 5216
1087 5086
1088 5092
1089 5586
1090 5336
1091 5709
1092 5088
1093 5245
1094 5306
1095 5085
1096 5337
1097 5118
1098 5057
1099 6337
1100 5052
1101 6407
1102 6017
1103 5339
1104 4971
1105 7056
1106 5094
1107 5458
1108 6721
1109 5077
1110 5089
1111 5350
1112 5197
1113 5713
1114 4967
1115 5591
1116 5327
1117 5092
1118 5086
1119 5840
1120 5883
1121 5286
1122 5103
1123 5764
1124 5394
1125 5088
1126 5687
1127 5325
1128 5891
1129 5037
1130 5467
1131 5333
1132 5527
1133 5405
1134 5507
1135 5712
1136 5521
1137 5343
1138 6086
1139 5106
1140 5912
1141 5489
1142 5083
1143 4963
1144 5099
1145 5327
1146 5210
1147 5092
1148 5954
1149 5307
1150 5138
1151 5914
1152 5338
1153 5832
1154 5090
1155 5719
1156 -993171
1157 6086
1158 5602
1159 5081
1160 6013
1161 5274
1162 5222
1163 4950
1164 4964
1165 5091
1166 5093
1167 6890
1168 5716
1169 5278
1170 6775
1171 6165
1172 6196
1173 5844
1174 5953
1175 5088
1176 5343
1177 5080
1178 5464
1179 5587
1180 5096
1181 5520
1182 5272
1183 5085
1184 5099
1185 5835
1186 5325
1187 4966
1188 5337
1189 5482
1190 4941
1191 5342
1192 5580
1193 6218
1194 5581
1195 5349
1196 6145
1197 5272
1198 5349
1199 4948
1200 5705
1201 5091
1202 5215
1203 5452
1204 5127
1205 5552
1206 5340
1207 5085
1208 5713
1209 5278
1210 5648
1211 5709
1212 6088
1213 5095
1214 5078
1215 5088
1216 5089
1217 5472
1218 5893
1219 5528
1220 5912
1221 5385
1222 5076
1223 5589
1224 5348
1225 5078
1226 6213
1227 5214
1228 5091
1229 5460
1230 6750
1231 5676
1232 4958
1233 4953
1234 5648
1235 5847
1236 5834
1237 6013
1238 5272
1239 6472
1240 5256
1241 5485
1242 5383
1243 5707
1244 5272
1245 5551
1246 5379
1247 6589
1248 6206
1249 5465
1250 5469
1251 5702
1252 5535
1253 5139
1254 5467
1255 5326
1256 5097
1257 5263
1258 5401
1259 5089
1260 5718
1261 5080
1262 4966
1263 5586
1264 5095
1265 5831
1266 5337
1267 6388
1268 5787
1269 5093
1270 5827
1271 5476
1272 5073
1273 5593
1274 5085
1275 5337
1276 5333
1277 5464
1278 5782
1279 5261
1280 4961
1281 5088
1282 5090
1283 5081
1284 4944
1285 5716
1286 5974
1287 5068
1288 6224
1289 5360
1290 5603
1291 5262
1292 5093
1293 5089
1294 5204
1295 6311
1296 5341
1297 6038
1298 6075
1299 5773
1300 5715
1301 5209
1302 5215
1303 5342
1304 6214
1305 5600
1306 5441
1307 5089
1308 5210
1309 5216
1310 5209
1311 5341
1312 6275
1313 5271
1314 5345
1315 5291
1316 5969
1317 5330
1318 5089
1319 5083
1320 5842
1321 4958
1322 5220
1323 5953
1324 5782
1325 5400
1326 5326
1327 4976
1328 6196
1329 5344
1330 4953
1331 5098
1332 5076
1333 4969
1334 5584
1335 5586
1336 4999
1337 5928
1338 -993855
1339 5276
1340 5103
1341 4940
1342 6571
1343 5893
1344 6237
1345 5581
1346 5283
1347 4962
1348 5081
1349 4962
1350 5088
1351 5096
1352 5514
1353 6346
1354 5555
1355 5326
1356 5189
1357 5584
1358 5100
1359 5829
1360 6833
1361 5892
1362 5279
1363 5082
1364 5655
1365 5159
1366 5074
1367 5590
1368 5462
1369 5595
1370 5326
1371 6465
1372 5241
1373 5057
1374 4962
1375 5613
1376 5445
1377 5332
1378 5090
1379 6507
1380 5294
1381 5767
1382 5147
1383 5393
1384 5287
1385 5701
1386 5338
1387 5181
1388 5080
1389 5086
1390 4963
1391 5719
1392 5079
1393 5090
1394 4713
1395 5347
1396 5075
1397 5781
1398 7329
1399 5648
1400 5466
1401 4960
1402 6217
1403 6833
1404 5338
1405 5343
1406 5454
1407 5089
1408 4965
1409 5535
1410 6639
1411 5347
1412 5623
1413 5290
1414 4971
1415 5196
1416 6663
1417 5762
1418 5448
1419 5904
1420 5275
1421 5335
1422 5587
1423 4971
1424 5077
1425 4965
1426 5216
1427 4841
1428 5580
1429 6464
1430 5778
1431 5409
1432 6000
1433 5957
1434 6052
1435 5447
1436 5442
1437 5971
1438 5591
1439 5951
1440 5214
1441 5091
1442 4956
1443 5085
1444 5784
1445 6094
1446 5636
1447 5088
1448 5991
1449 5168
1450 5089
1451 5080
1452 5219
1453 6579
1454 5714
1455 5339
1456 5090
1457 6508
1458 5819
1459 5671
1460 5829
1461 5073
1462 6340
1463 5462
1464 5465
1465 5832
1466 5648
1467 5525
1468 4967
1469 5452
1470 6219
1471 6894
1472 5399
1473 4968
1474 4957
1475 5086
1476 5088
1477 6161
1478 5262
1479 5339
1480 5339
1481 5655
1482 5143
1483 4963
1484 5672
1485 5132
1486 5210
1487 5327
1488 4975
1489 5883
1490 6280
1491 5089
1492 5653
1493 5644
1494 5009
1495 5679
1496 5896
1497 5386
1498 5338
1499 4971
1500 4950
1501 5779
1502 5839
1503 5154
1504 5739
1505 5299
1506 5498
1507 5221
1508 6458
1509 5531
1510 5221
1511 5299
1512 5463
1513 5356
1514 5445
1515 5333
1516 5964
1517 5597
1518 -994163
1519 5525
1520 6010
1521 5091
1522 5334
1523 6266
1524 5409
1525 5205
1526 6428
1527 5551
1528 5284
1529 5458
1530 4961
1531 5898
1532 5401
1533 5092
1534 5336
1535 5096
1536 5326
1537 5565
1538 5338
1539 4978
1540 5333
1541 5370
1542 6266
1543 6392
1544 5407
1545 6212
1546 6344
1547 5896
1548 5391
1549 5108
1550 5315
1551 5336
1552 5586
1553 5597
1554 5076
1555 5703
1556 5475
1557 5095
1558 5517
1559 5273
1560 5274
1561 6328
1562 5027
1563 5963
1564 5222
1565 5451
1566 4965
1567 5352
1568 5071
1569 5335
1570 5341
1571 5467
1572 6204
1573 5282
1574 5434
1575 5209
1576 5899
1577 5971
1578 5204
1579 5953
1580 5590
1581 5336
1582 6467
1583 5208
1584 5086
1585 5847
1586 5702
1587 4962
1588 5715
1589 5589
1590 5333
1591 5090
1592 5375
1593 5788
1594 4961
1595 4958
1596 5091
1597 5073
1598 4962
1599 5464
1600 5094
1601 6829
1602 5089
1603 5089
1604 5114
1605 5435
1606 5336
1607 5157
1608 6207
1609 5148
1610 5087
1611 5345
1612 5086
1613 5084
1614 5080
1615 5527
1616 6196
1617 5786
1618 5845
1619 6350
1620 5406
1621 6588
1622 5337
1623 5464
1624 5084
1625 4986
1626 5446
1627 5770
1628 5773
1629 5217
1630 4960
1631 5087
1632 5285
1633 5340
1634 6031
1635 5390
1636 5500
1637 5425
1638 6213
1639 4963
1640 5845
1641 6106
1642 5311
1643 6101
1644 5305
1645 5463
1646 5738
1647 5323
1648 4959
1649 5338
1650 5699
1651 6096
1652 6232
1653 5184
1654 5470
1655 5266
1656 7153
1657 5895
1658 5282
1659 5268
1660 5148
1661 5596
1662 5076
1663 5464
1664 5400
1665 5537
1666 5455
1667 5331
1668 5335
1669 5345
1670 5351
1671 5190
1672 5046
1673 5876
1674 5458
1675 5965
1676 5590
1677 5088
1678 5778
1679 6417
1680 5438
1681 4965
1682 5859
1683 5638
1684 5898
1685 5325
1686 5582
1687 6775
1688 5803
1689 5682
1690 5347
1691 5329
1692 4960
1693 6859
1694 5306
1695 5832
1696 6090
1697 4969
1698 -995049
1699 5899
1700 5402
1701 5592
1702 4965
1703 5458
1704 5467
1705 5445
1706 5303
1707 5373
1708 5094
1709 5959
1710 5084
1711 6347
1712 5215
1713 5320
1714 5463
1715 4880
1716 5297
1717 6206
1718 5210
1719 5847
1720 5078
1721 4964
1722 5958
1723 6091
1724 5334
1725 4971
1726 4944
1727 5097
1728 5461
1729 5775
1730 7032
1731 5584
1732 5453
1733 5236
1734 5310
1735 5411
1736 5771
1737 5588
1738 5728
1739 5295
1740 5082
1741 6406
1742 5643
1743 5088
1744 4951
1745 6599
1746 5838
1747 5122
1748 6308
1749 5833
1750 5202
1751 6531
1752 5267
1753 4971
1754 6078
1755 5090
1756 5260
1757 5408
1758 5012
1759 5287
1760 4830
1761 5341
1762 5095
1763 5445
1764 5968
1765 5825
1766 7568
1767 5229
1768 5215
1769 5965
1770 5707
1771 5257
1772 5284
1773 4980
1774 5572
1775 5085
1776 5648
1777 5148
1778 5830
1779 5787
1780 5266
1781 6139
1782 5274
1783 5598
1784 5583
1785 6202
1786 5885
1787 5668
1788 5808
1789 5582
1790 5718
1791 4958
1792 5590
1793 5076
1794 5843
1795 6401
1796 5268
1797 5337
1798 4966
1799 5459
1800 5464
1801 5899
1802 5149
1803 6712
1804 5220
1805 5835
1806 5833
1807 5729
1808 5364
1809 5302
1810 4959
1811 6176
1812 6096
1813 5202
1814 5090
1815 5717
1816 5580
1817 6093
1818 4948
1819 5219
1820 5084
1821 6215
1822 5079
1823 5100
1824 5074
1825 5095
1826 6451
1827 5842
1828 5584
1829 6211
1830 6167
1831 6383
1832 5535
1833 5897
1834 5335
1835 5959
1836 5270
1837 5659
1838 5202
1839 6462
1840 5411
1841 5387
1842 5713
1843 5588
1844 5844
1845 5221
1846 5322
1847 5091
1848 5457
1849 5338
1850 5651
1851 5401
1852 5340
1853 5082
1854 5088
1855 5338
1856 5709
1857 5406
1858 6656
1859 5080
1860 5337
1861 5088
1862 5221
1863 5074
1864 5471
1865 5466
1866 4951
1867 5465
1868 5202
1869 4970
1870 5331
1871 5090
1872 4953
1873 5381
1874 5294
1875 5220
1876 5330
1877 6470
1878 -994273
1879 6188
1880 6339
1881 5954
1882 5598
1883 5326
1884 5096
1885 6011
1886 5282
1887 6103
1888 5069
1889 5395
1890 5526
1891 4991
1892 5182
1893 4981
1894 5941
1895 6597
1896 6017
1897 5900
1898 5592
1899 5835
1900 5644
1901 5272
1902 5904
1903 6146
1904 4965
1905 6159
1906 5020
1907 5952
1908 5083
1909 5470
1910 5579
1911 5462
1912 5047
1913 6756
1914 4955
1915 4962
1916 5718
1917 5977
1918 5941
1919 5218
1920 5272
1921 5704
1922 5785
1923 5285
1924 5010
1925 4964
1926 5463
1927 5589
1928 5083
1929 5091
1930 4961
1931 5088
1932 6939
1933 5524
1934 5283
1935 4954
1936 4962
1937 6520
1938 6093
1939 6303
1940 6092
1941 5298
1942 4955
1943 5262
1944 5290
1945 5405
1946 5394
1947 5089
1948 5463
1949 5958
1950 6465
1951 5184
1952 5907
1953 5264
1954 5217
1955 5333
1956 5214
1957 6273
1958 5317
1959 5693
1960 5798
1961 5587
1962 5714
1963 5841
1964 5775
1965 5145
1966 5624
1967 5678
1968 6080
1969 5089
1970 5596
1971 5717
1972 5971
1973 5362
1974 5722
1975 5523
1976 5339
1977 5591
1978 4956
1979 5089
1980 5845
1981 4844
1982 5881
1983 5272
1984 5339
1985 5840
1986 7212
1987 5332
1988 4966
1989 5474
1990 5324
1991 6231
1992 5186
1993 6014
1994 5117
1995 5381
1996 4955
1997 5985
1998 5832
1999 5823
2000 6583
2001 5713
2002 5095
2003 5767
2004 5155
2005 6390
2006 5280
2007 5443
2008 5238
2009 5952
2010 6398
2011 5159
2012 5987
2013 5685
2014 4948
2015 5714
2016 5089
2017 5584
2018 5214
2019 4958
2020 5644
2021 6156
2022 5222
2023 6829
2024 5851
2025 6602
2026 5309
2027 5335
2028 5531
2029 5273
2030 5525
2031 5271
2032 5476
2033 6359
2034 5373
2035 5883
2036 5346
2037 5578
2038 6211
2039 5579
2040 5077
2041 6338
2042 5845
2043 5705
2044 6334
2045 5839
2046 5468
2047 5833
2048 5084
2049 5588
2050 5537
2051 6019
2052 5703
2053 5096
2054 4958
2055 5583
2056 -994266
2057 5319
2058 5578
2059 6402
2060 6218
2061 5665
2062 5691
2063 5462
2064 5088
2065 4961
2066 5837
2067 5087
2068 5470
2069 5891
2070 5524
2071 5094
2072 5081
2073 5635
2074 5542
2075 5337
2076 5588
2077 6464
2078 5236
2079 5421
2080 5710
2081 5584
2082 5093
2083 5960
2084 5708
2085 5712
2086 4967
2087 4965
2088 5326
2089 5383
2090 7092
2091 5280
2092 4967
2093 5211
2094 5325
2095 5070
2096 7020
2097 5419
2098 5570
2099 5582
2100 5587
2101 5202
2102 5272
2103 5279
2104 4964
2105 5592
2106 5077
2107 5637
2108 5480
2109 5519
2110 5643
2111 5589
2112 5522
2113 5712
2114 6097
2115 5079
2116 6336
2117 5710
2118 5093
2119 5333
2120 5588
2121 4962
2122 4976
2123 5699
2124 6903
2125 5799
2126 5312
2127 5779
2128 6148
2129 5210
2130 5085
2131 6023
2132 6535
2133 5578
2134 4963
2135 5521
2136 5284
2137 5350
2138 5569
2139 5652
2140 5150
2141 5463
2142 5584
2143 5139
2144 6106
2145 5144
2146 5711
2147 5863
2148 5142
2149 5712
2150 6809
2151 5619
2152 5726
2153 5070
2154 5211
2155 4959
2156 5087
2157 5714
2158 4964
2159 4957
2160 6217
2161 5451
2162 5474
2163 5585
2164 5466
2165 6037
2166 5010
2167 5894
2168 5493
2169 6380
2170 5329
2171 6473
2172 5076
2173 4959
2174 5087
2175 5339
2176 6419
2177 5256
2178 5206
2179 5597
2180 5954
2181 6334
2182 5211
2183 5090
2184 5462
2185 5514
2186 5425
2187 6624
2188 5401
2189 5091
2190 5840
2191 5081
2192 5338
2193 5338
2194 5844
2195 6591
2196 5560
2197 5093
2198 5970
2199 5451
2200 4953
2201 6785
2202 5784
2203 5696
2204 6341
2205 6078
2206 4969
2207 5470
2208 5848
2209 5056
2210 6524
2211 5401
2212 5074
2213 5088
2214 4966
2215 5215
2216 6085
2217 5342
2218 5087
2219 5083
2220 5827
2221 5220
2222 5962
2223 5452
2224 6336
2225 7288
2226 5890
2227 6327
2228 5092
2229 5342
2230 5210
2231 5074
2232 5721
2233 6025
2234 -994606
2235 5079
2236 5720
2237 5105
2238 6211
2239 5444
2240 5447
2241 7348
2242 5320
2243 4966
2244 5457
2245 5716
2246 5082
2247 5476
2248 5339
2249 5067
2250 5359
2251 5672
2252 5345
2253 4958
2254 5657
2255 5388
2256 5342
2257 4956
2258 4966
2259 5581
2260 6341
2261 5569
2262 5099
2263 4963
2264 5331
2265 6025
2266 5397
2267 5092
2268 5693
2269 5346
2270 5079
2271 5094
2272 6589
2273 5209
2274 5574
2275 5910
2276 5142
2277 5837
2278 5367
2279 7056
2280 4960
2281 5327
2282 5097
2283 5078
2284 5220
2285 5076
2286 5096
2287 4953
2288 5460
2289 5844
2290 5231
2291 5693
2292 5961
2293 5988
2294 5314
2295 4953
2296 5474
2297 6719
2298 5318
2299 5335
2300 5590
2301 5092
2302 5446
2303 5992
2304 5190
2305 5090
2306 5084
2307 5091
2308 5398
2309 5845
2310 5264
2311 5224
2312 6771
2313 5636
2314 5088
2315 5050
2316 6840
2317 4933
2318 5575
2319 4951
2320 6608
2321 5324
2322 4966
2323 4964
2324 6083
2325 6087
2326 5108
2327 6315
2328 5463
2329 4964
2330 6160
2331 5139
2332 5238
2333 5061
2334 7659
2335 5141
2336 5090
2337 4967
2338 4953
2339 5094
2340 5342
2341 4966
2342 5762
2343 5282
2344 5338
2345 5213
2346 5709
2347 5024
2348 6036
2349 5447
2350 5840
2351 5091
2352 5865
2353 6555
2354 5336
2355 5113
2356 5942
2357 5327
2358 4964
2359 5094
2360 6330
2361 5586
2362 5089
2363 5088
2364 5585
2365 5352
2366 6022
2367 5758
2368 5336
2369 5093
2370 5217
2371 6954
2372 5963
2373 5343
2374 5668
2375 5838
2376 5841
2377 5339
2378 6154
2379 5265
2380 5136
2381 5667
2382 4956
2383 5713
2384 5309
2385 5704
2386 5339
2387 5465
2388 5462
2389 5335
2390 6462
2391 5345
2392 4957
2393 5391
2394 6031
2395 5217
2396 5460
2397 5302
2398 5713
2399 5095
2400 6331
2401 6159
2402 5840
2403 5517
2404 6835
2405 5591
2406 6081
2407 7839
2408 5479
2409 5125
2410 7096
2411 5904
2412 5214
2413 5481
2414 -994934
2415 6794
2416 5256
2417 5087
2418 5464
2419 5243
2420 5306
2421 5091
2422 5212
2423 5214
2424 6586
2425 7214
2426 5471
2427 5330
2428 5459
2429 5717
2430 6040
2431 5881
2432 5839
2433 5098
2434 4950
2435 5091
2436 6356
2437 5569
2438 4960
2439 6392
2440 5287
2441 6208
2442 5212
2443 7213
2444 5167
2445 5715
2446 5330
2447 4967
2448 6836
2449 5710
2450 5087
2451 5466
2452 5458
2453 5728
2454 5085
2455 5821
2456 5590
2457 5652
2458 6031
2459 5262
2460 6907
2461 7039
2462 6587
2463 5379
2464 5010
2465 6362
2466 5387
2467 5331
2468 5096
2469 4950
2470 4929
2471 5649
2472 5408
2473 5703
2474 6343
2475 4972
2476 5323
2477 5765
2478 5536
2479 6480
2480 5696
2481 4960
2482 5398
2483 5535
2484 5845
2485 5448
2486 4968
2487 5080
2488 4963
2489 6089
2490 5840
2491 5208
2492 5089
2493 5646
2494 5657
2495 5636
2496 5398
2497 5093
2498 6456
2499 5460
2500 4965
2501 6658
2502 6666
2503 5505
2504 5273
2505 5682
2506 5142
2507 5165
2508 5084
2509 5401
2510 5145
2511 5860
2512 5065
2513 5469
2514 6206
2515 5348
2516 6305
2517 5199
2518 5089
2519 4963
2520 5356
2521 5073
2522 6138
2523 6211
2524 5908
2525 5713
2526 5342
2527 5775
2528 5396
2529 5216
2530 4958
2531 6736
2532 6073
2533 5331
2534 6210
2535 5360
2536 6197
2537 5076
2538 4964
2539 4964
2540 4964
2541 5647
2542 5285
2543 5140
2544 5154
2545 5579
2546 5088
2547 5096
2548 5327
2549 4965
2550 4966
2551 5842
2552 5704
2553 6488
2554 5313
2555 5340
2556 5710
2557 5212
2558 5204
2559 5079
2560 5527
2561 5898
2562 5095
2563 5953
2564 5963
2565 5256
2566 5046
2567 5329
2568 5088
2569 6970
2570 5458
2571 7690
2572 6114
2573 5079
2574 5588
2575 5089
2576 5717
2577 5334
2578 4975
2579 5699
2580 5802
2581 5709
2582 5463
2583 5347
2584 5329
2585 5963
2586 5214
2587 5569
2588 5978
2589 6837
2590 5471
2591 5208
2592 -994914
2593 5585
2594 5467
2595 5083
2596 5589
2597 5602
2598 5321
2599 6339
2600 5086
2601 5095
2602 5727
2603 5566
2604 5088
2605 5592
2606 4957
2607 5942
2608 6242
2609 5328
2610 5712
2611 5145
2612 5662
2613 5330
2614 5462
2615 5730
2616 5056
2617 6335
2618 5084
2619 5343
2620 5714
2621 5332
2622 5330
2623 5586
2624 5339
2625 5527
2626 6396
2627 5080
2628 5712
2629 5465
2630 5589
2631 4960
2632 6591
2633 5104
2634 5428
2635 5085
2636 5460
2637 5596
2638 5094
2639 6000
2640 5661
2641 4956
2642 5093
2643 5713
2644 5613
2645 6567
2646 5057
2647 5651
2648 8144
2649 5217
2650 5461
2651 5725
2652 5196
2653 5089
2654 5463
2655 5591
2656 6898
2657 6025
2658 5396
2659 5781
2660 5078
2661 5840
2662 7337
2663 5335
2664 5462
2665 4970
2666 5204
2667 4976
2668 5321
2669 5021
2670 5648
2671 5780
2672 6403
2673 5089
2674 4957
2675 5211
2676 4948
2677 5098
2678 5215
2679 5214
2680 6224
2681 6448
2682 4964
2683 4963
2684 5340
2685 5714
2686 6047
2687 5093
2688 5453
2689 5339
2690 5979
2691 5891
2692 5265
2693 5715
2694 5342
2695 5329
2696 4966
2697 5406
2698 5401
2699 5079
2700 6463
2701 5588
2702 5715
2703 5461
2704 5087
2705 5470
2706 5702
2707 5087
2708 5089
2709 4969
2710 5080
2711 5274
2712 5403
2713 5077
2714 5969
2715 4965
2716 5713
2717 5908
2718 6523
2719 5581
2720 5966
2721 6025
2722 5400
2723 5107
2724 5195
2725 5201
2726 5087
2727 5077
2728 6096
2729 5531
2730 5654
2731 5327
2732 7159
2733 5257
2734 6094
2735 6517
2736 6708
2737 5910
2738 5835
2739 5980
2740 5445
2741 6405
2742 5143
2743 5211
2744 5095
2745 5213
2746 5343
2747 5072
2748 5356
2749 5057
2750 5577
2751 5343
2752 5086
2753 4959
2754 4962
2755 6977
2756 5072
2757 5635
2758 5542
2759 5347
2760 5451
2761 5214
2762 6090
2763 8344
2764 5209
2765 5087
2766 5221
2767 4828
2768 5338
2769 4998
2770 5432
2771 5203
2772 -995035
2773 6371
2774 5687
2775 5075
2776 5337
2777 5724
2778 5075
2779 5089
2780 5212
2781 5619
2782 5168
2783 5340
2784 5586
2785 5340
2786 4961
2787 6505
2788 5256
2789 5124
2790 4964
2791 4962
2792 5971
2793 5203
2794 5521
2795 5801
2796 5442
2797 5627
2798 5297
2799 6243
2800 6004
2801 5276
2802 9436
2803 5335
2804 5330
2805 5086
2806 6215
2807 5082
2808 5214
2809 5095
2810 6329
2811 4962
2812 5908
2813 5269
2814 5829
2815 4963
2816 5096
2817 5139
2818 5412
2819 5699
2820 5348
2821 5826
2822 5095
2823 5329
2824 5713
2825 5456
2826 6034
2827 7027
2828 5826
2829 5337
2830 5174
2831 5380
2832 5204
2833 5087
2834 6412
2835 5762
2836 5400
2837 5403
2838 5410
2839 5387
2840 5216
2841 5140
2842 6103
2843 5265
2844 5462
2845 5840
2846 5083
2847 6085
2848 5344
2849 4961
2850 5083
2851 5336
2852 5610
2853 5688
2854 5342
2855 4967
2856 5903
2857 5392
2858 5329
2859 4967
2860 5082
2861 4964
2862 4954
2863 5343
2864 5707
2865 5270
2866 6398
2867 5718
2868 5969
2869 5569
2870 5094
2871 5709
2872 5087
2873 5582
2874 5719
2875 5824
2876 5805
2877 5898
2878 5022
2879 5618
2880 5786
2881 6287
2882 5639
2883 5088
2884 6641
2885 6038
2886 4956
2887 5214
2888 5371
2889 4933
2890 5593
2891 6506
2892 6158
2893 5227
2894 5441
2895 5739
2896 5894
2897 5715
2898 6202
2899 5470
2900 5077
2901 5346
2902 6224
2903 5317
2904 5083
2905 5906
2906 5900
2907 5077
2908 7091
2909 5961
2910 5583
2911 4958
2912 4971
2913 5083
2914 5085
2915 5771
2916 5271
2917 5341
2918 5209
2919 5463
2920 6238
2921 5067
2922 5576
2923 5089
2924 5219
2925 4960
2926 6023
2927 5273
2928 5096
2929 5077
2930 5340
2931 5092
2932 5459
2933 4961
2934 5713
2935 5087
2936 5465
2937 5746
2938 5178
2939 6219
2940 6103
2941 5567
2942 5334
2943 6568
2944 5356
2945 5212
2946 5098
2947 5576
2948 4963
2949 4966
2950 4969
2951 5454
2952 -994787
2953 4965
2954 5587
2955 5085
2956 5837
2957 5090
2958 6491
2959 5556
2960 5777
2961 5973
2962 5508
2963 5716
2964 5021
2965 5785
2966 5324
2967 5837
2968 5366
2969 5308
2970 4961
2971 5988
2972 5068
2973 5709
2974 6196
2975 5080
2976 5846
2977 4959
2978 5085
2979 5351
2980 6088
2981 5076
2982 5062
2983 6215
2984 5585
2985 5082
2986 5112
2987 5314
2988 5340
2989 4963
2990 5345
2991 5982
2992 5741
2993 5910
2994 7808
2995 5371
2996 5203
2997 5466
2998 5333
2999 5585
3000 5467
3001 5088
3002 5083
3003 5090
3004 5475
3005 5457
3006 5705
3007 5088
3008 5224
3009 4946
3010 5968
3011 5836
3012 5145
3013 7089
3014 5277
3015 5993
3016 5805
3017 5464
3018 5341
3019 5717
3020 5330
3021 5462
3022 5597
3023 5955
3024 5464
3025 5466
3026 5086
3027 5766
3028 5906
3029 5599
3030 4951
3031 6943
3032 5230
3033 4840
3034 5459
3035 5486
3036 5441
3037 5216
3038 5972
3039 5681
3040 5846
3041 4952
3042 5516
3043 5163
3044 5591
3045 4958
3046 5807
3047 5506
3048 5535
3049 5703
3050 6589
3051 5214
3052 5210
3053 5835
3054 6109
3055 5185
3056 5325
3057 5592
3058 5844
3059 6329
3060 5094
3061 5773
3062 5457
3063 5412
3064 5072
3065 4972
3066 5334
3067 5453
3068 6286
3069 5515
3070 5462
3071 4960
3072 5142
3073 5156
3074 5427
3075 5083
3076 5420
3077 5437
3078 5404
3079 5036
3080 5758
3081 5460
3082 5716
3083 5363
3084 5286
3085 5083
3086 5089
3087 6970
3088 5770
3089 5274
3090 5012
3091 5289
3092 5607
3093 5307
3094 5146
3095 6334
3096 5973
3097 5389
3098 5776
3099 5778
3100 5647
3101 5409
3102 5948
3103 5088
3104 5212
3105 6720
3106 4703
3107 4965
3108 5528
3109 5529
3110 5328
3111 4963
3112 5377
3113 5053
3114 5328
3115 6335
3116 5129
3117 5849
3118 5275
3119 5072
3120 4970
3121 5707
3122 5215
3123 6109
3124 6682
3125 7339
3126 6084
3127 5337
3128 5209
3129 5958
3130 4965
3131 -993796
3132 5746
3133 5935
3134 5579
3135 5265
3136 5408
3137 5085
3138 4959
3139 5079
3140 6911
3141 5138
3142 6901
3143 6578
3144 5403
3145 5090
3146 4957
3147 4964
3148 5082
3149 5464
3150 5045
3151 6182
3152 5365
3153 5087
3154 5333
3155 5786
3156 5141
3157 5459
3158 5839
3159 5579
3160 7532
3161 5392
3162 5341
3163 5835
3164 5078
3165 5336
3166 6143
3167 5913
3168 6331
3169 5719
3170 5076
3171 5526
3172 5898
3173 5912
3174 5392
3175 5580
3176 5345
3177 5634
3178 6656
3179 5086
3180 5897
3181 5401
3182 5591
3183 5474
3184 5999
3185 5289
3186 4953
3187 5592
3188 6203
3189 5339
3190 5467
3191 5208
3192 4954
3193 5838
3194 5717
3195 4954
3196 6714
3197 4954
3198 5471
3199 5328
3200 4968
3201 5397
3202 6089
3203 5260
3204 5469
3205 5708
3206 4958
3207 5603
3208 5283
3209 5812
3210 5107
3211 6099
3212 5332
3213 5334
3214 5155
3215 6386
3216 5593
3217 5329
3218 5084
3219 5983
3220 5055
3221 5709
3222 5121
3223 5302
3224 4982
3225 5065
3226 5904
3227 5267
3228 5334
3229 5080
3230 4842
3231 5080
3232 5643
3233 5400
3234 5986
3235 5566
3236 5337
3237 5443
3238 5844
3239 6335
3240 5580
3241 5224
3242 5199
3243 5095
3244 5082
3245 5717
3246 5828
3247 5718
3248 4959
3249 6527
3250 6068
3251 5283
3252 6721
3253 5080
3254 6277
3255 5398
3256 6458
3257 5478
3258 5693
3259 4966
3260 5709
3261 5591
3262 5078
3263 5598
3264 4950
3265 4971
3266 4953
3267 5077
3268 6396
3269 5647
3270 6369
3271 5306
3272 5334
3273 5078
3274 5472
3275 4952
3276 5596
3277 5408
3278 5385
3279 5077
3280 5723
3281 4958
3282 5585
3283 5411
3284 5863
3285 5936
3286 5087
3287 5345
3288 5208
3289 6997
3290 5793
3291 4963
3292 6090
3293 4958
3294 4965
3295 5090
3296 5528
3297 5143
3298 4961
3299 5245
3300 5294
3301 5138
3302 5780
3303 5095
3304 5203
3305 5053
3306 5212
3307 5220
3308 6272
3309 5271
3310 5341
3311 5092
3312 -994910
3313 4949
3314 5449
3315 5612
3316 5208
3317 5601
3318 6215
3319 5960
3320 5816
3321 5499
3322 6403
3323 5925
3324 4961
3325 5095
3326 6199
3327 5588
3328 5194
3329 5971
3330 5770
3331 6210
3332 5520
3333 5586
3334 5338
3335 5900
3336 5915
3337 5442
3338 4961
3339 5506
3340 5923
3341 5206
3342 6277
3343 4932
3344 6434
3345 5076
3346 6472
3347 5702
3348 5087
3349 5270
3350 5784
3351 5765
3352 5274
3353 5091
3354 5083
3355 5087
3356 4962
3357 4970
3358 4956
3359 5089
3360 4965
3361 5846
3362 5456
3363 6766
3364 5162
3365 5082
3366 5089
3367 5720
3368 5716
3369 5202
3370 5088
3371 6213
3372 5716
3373 4835
3374 4964
3375 5507
3376 5737
3377 5518
3378 5208
3379 5727
3380 5947
3381 4963
3382 6544
3383 5341
3384 5247
3385 6145
3386 6663
3387 5452
3388 5087
3389 5219
3390 5461
3391 5646
3392 6596
3393 5151
3394 5081
3395 5462
3396 5211
3397 5716
3398 5709
3399 5088
3400 6970
3401 5456
3402 5337
3403 5961
3404 5340
3405 5460
3406 5336
3407 5092
3408 5089
3409 5085
3410 5337
3411 4999
3412 5298
3413 5344
3414 5583
3415 5151
3416 5398
3417 5216
3418 5267
3419 6718
3420 5276
3421 5649
3422 5404
3423 5081
3424 5401
3425 6095
3426 5529
3427 5329
3428 4959
3429 5095
3430 4961
3431 5835
3432 5092
3433 4960
3434 4965
3435 4961
3436 5713
3437 6726
3438 5195
3439 5090
3440 4961
3441 4969
3442 4914
3443 5217
3444 5084
3445 5596
3446 5328
3447 5089
3448 5087
3449 5716
3450 5083
3451 5340
3452 5238
3453 5624
3454 5149
3455 6148
3456 6913
3457 5201
3458 5478
3459 5699
3460 5577
3461 5961
3462 5084
3463 6157
3464 6071
3465 5033
3466 4969
3467 5729
3468 5690
3469 4955
3470 5469
3471 5205
3472 5088
3473 5967
3474 5210
3475 6334
3476 5464
3477 5149
3478 5404
3479 6514
3480 5655
3481 5088
3482 4964
3483 5702
3484 5444
3485 5743
3486 5998
3487 5273
3488 5341
3489 6251
3490 5272
3491 5338
3492 5341
3493 -993524
3494 5820
3495 5598
3496 5075
3497 5713
3498 6213
3499 4967
3500 5333
3501 5090
3502 5088
3503 5088
3504 5732
3505 5316
3506 6105
3507 5817
3508 5717
3509 5772
3510 5653
3511 6768
3512 5403
3513 4971
3514 4953
3515 4963
3516 5088
3517 4950
3518 5580
3519 5089
3520 5087
3521 5657
3522 5647
3523 5653
3524 5846
3525 5393
3526 5202
3527 5715
3528 5463
3529 5485
3530 7062
3531 5108
3532 5065
3533 4968
3534 5085
3535 5644
3536 5404
3537 5459
3538 5905
3539 5656
3540 5081
3541 4962
3542 4963
3543 5970
3544 5215
3545 5075
3546 5342
3547 6525
3548 5147
3549 6087
3550 4969
3551 5081
3552 5839
3553 5424
3554 5132
3555 5199
3556 5340
3557 4965
3558 5561
3559 5342
3560 5214
3561 5842
3562 5703
3563 5338
3564 5897
3565 5655
3566 5895
3567 7296
3568 5190
3569 5086
3570 6024
3571 5664
3572 5699
3573 5339
3574 5589
3575 5393
3576 5406
3577 5341
3578 9089
3579 5515
3580 5827
3581 5414
3582 4968
3583 5207
3584 5092
3585 5883
3586 5166
3587 5464
3588 5091
3589 4968
3590 5077
3591 5337
3592 5589
3593 5907
3594 6210
3595 5772
3596 6219
3597 5329
3598 5589
3599 5087
3600 5092
3601 5210
3602 5712
3603 5338
3604 5964
3605 5459
3606 5089
3607 5576
3608 4952
3609 5216
3610 5837
3611 6358
3612 5442
3613 5088
3614 5288
3615 5266
3616 5951
3617 6904
3618 5027
3619 5332
3620 5212
3621 5346
3622 6141
3623 5277
3624 5466
3625 5216
3626 5205
3627 5587
3628 5712
3629 4713
3630 5961
3631 5467
3632 5092
3633 5453
3634 5339
3635 5144
3636 5165
3637 5579
3638 5212
3639 7230
3640 8359
3641 6293
3642 5578
3643 5543
3644 5240
3645 4978
3646 5010
3647 4951
3648 5464
3649 4981
3650 5323
3651 5336
3652 6515
3653 6293
3654 5480
3655 5302
3656 5400
3657 5898
3658 6536
3659 5257
3660 5080
3661 5210
3662 5335
3663 6107
3664 5448
3665 5652
3666 5266
3667 5524
3668 5391
3669 4966
3670 4955
3671 5471
3672 -992796
3673 5712
3674 5456
3675 4972
3676 5950
3677 6715
3678 5848
3679 6517
3680 5275
3681 5337
3682 5090
3683 5082
3684 4947
3685 5090
3686 6094
3687 5330
3688 5518
3689 6539
3690 4953
3691 5344
3692 5775
3693 6549
3694 5684
3695 6587
3696 5096
3697 5328
3698 5523
3699 5530
3700 5702
3701 5599
3702 5704
3703 5219
3704 4956
3705 5087
3706 4964
3707 5055
3708 5579
3709 4966
3710 5088
3711 5715
3712 6493
3713 7616
3714 5409
3715 5078
3716 5087
3717 5339
3718 5339
3719 4963
3720 5709
3721 5528
3722 5406
3723 4948
3724 4962
3725 5108
3726 5449
3727 5076
3728 5121
3729 5555
3730 5461
3731 5329
3732 7369
3733 5911
3734 5210
3735 5336
3736 5343
3737 5087
3738 5332
3739 5352
3740 5449
3741 5195
3742 5480
3743 5712
3744 5095
3745 5832
3746 5466
3747 5216
3748 5330
3749 5713
3750 5086
3751 6596
3752 5711
3753 4951
3754 5355
3755 5442
3756 5592
3757 5453
3758 5598
3759 4950
3760 4962
3761 4964
3762 5096
3763 5201
3764 5564
3765 5587
3766 5344
3767 5082
3768 5838
3769 7105
3770 5323
3771 4963
3772 5335
3773 5216
3774 5584
3775 5088
3776 5210
3777 4970
3778 5459
3779 5712
3780 5642
3781 5262
3782 5465
3783 5087
3784 5346
3785 5454
3786 5839
3787 5902
3788 6546
3789 5806
3790 5712
3791 5340
3792 5210
3793 5465
3794 5337
3795 5887
3796 5265
3797 4968
3798 5467
3799 5078
3800 5465
3801 5335
3802 5094
3803 5460
3804 5899
3805 5272
3806 4967
3807 6458
3808 4969
3809 4974
3810 5568
3811 5340
3812 4961
3813 5469
3814 5329
3815 4929
3816 5463
3817 5337
3818 5710
3819 5087
3820 5468
3821 5404
3822 5142
3823 5343
3824 5592
3825 5325
3826 6089
3827 4963
3828 5094
3829 6770
3830 5947
3831 5988
3832 5263
3833 5087
3834 5233
3835 5326
3836 5078
3837 4963
3838 5714
3839 6146
3840 5405
3841 5217
3842 6010
3843 5283
3844 6610
3845 5440
3846 6090
3847 5584
3848 5463
3849 4969
3850 5331
3851 5593
3852 5705
3853 -994526
3854 5073
3855 4963
3856 5089
3857 4965
3858 5086
3859 5088
3860 4962
3861 4991
3862 5183
3863 6343
3864 5389
3865 5780
3866 4964
3867 5089
3868 5218
3869 5346
3870 5447
3871 5464
3872 5842
3873 4957
3874 5407
3875 5146
3876 5466
3877 4958
3878 5094
3879 5218
3880 5222
3881 5320
3882 6743
3883 6556
3884 5584
3885 5590
3886 5124
3887 5553
3888 5076
3889 5589
3890 5094
3891 5580
3892 5588
3893 6164
3894 5260
3895 5340
3896 6335
3897 5597
3898 6148
3899 5395
3900 6891
3901 5407
3902 5713
3903 6214
3904 5964
3905 5335
3906 5092
3907 5465
3908 5454
3909 5338
3910 5963
3911 4968
3912 6267
3913 5961
3914 5907
3915 5648
3916 6271
3917 5784
3918 6516
3919 5084
3920 5532
3921 5800
3922 5305
3923 5572
3924 4966
3925 4965
3926 5207
3927 5155
3928 6000
3929 5234
3930 5512
3931 5407
3932 5102
3933 5313
3934 6147
3935 5024
3936 6216
3937 5327
3938 6768
3939 5170
3940 5037
3941 5164
3942 5080
3943 6387
3944 5147
3945 4958
3946 5457
3947 4964
3948 5323
3949 5959
3950 5344
3951 5338
3952 5083
3953 5087
3954 5514
3955 6037
3956 5210
3957 5213
3958 5103
3959 5061
3960 4961
3961 5656
3962 6272
3963 5397
3964 5400
3965 5844
3966 5578
3967 5588
3968 4966
3969 5463
3970 5085
3971 5216
3972 5086
3973 5838
3974 7526
3975 5520
3976 5101
3977 5696
3978 5338
3979 5089
3980 5089
3981 5373
3982 5303
3983 5469
3984 5314
3985 5095
3986 5332
3987 5914
3988 5324
3989 5397
3990 5338
3991 5215
3992 6467
3993 5330
3994 5098
3995 5325
3996 4961
3997 4964
3998 5719
3999 6454
4000 5212
4001 5093
4002 5086
4003 5582
4004 6653
4005 5151
4006 6205
4007 5587
4008 5339
4009 5065
4010 5586
4011 6585
4012 5722
4013 5081
4014 5460
4015 5585
4016 5491
4017 5808
4018 6412
4019 5794
4020 5929
4021 5338
4022 5095
4023 5585
4024 5524
4025 5271
4026 5048
4027 5719
4028 5335
4029 6769
4030 5287
4031 5076
4032 4963
4033 5719
4034 -994791
4035 5776
4036 5461
4037 5670
4038 5067
4039 6204
4040 5712
4041 4969
4042 5205
4043 5087
4044 5463
4045 5465
4046 5208
4047 4969
4048 6602
4049 7317
4050 5587
4051 4961
4052 5090
4053 4959
4054 5344
4055 5081
4056 5465
4057 5335
4058 5733
4059 5575
4060 5324
4061 5587
4062 5358
4063 4949
4064 5463
4065 5486
4066 6369
4067 5778
4068 5573
4069 5344
4070 5087
4071 5334
4072 5079
4073 4968
4074 5318
4075 5333
4076 5202
4077 6505
4078 5006
4079 5085
4080 5711
4081 5599
4082 5828
4083 5079
4084 5867
4085 6559
4086 5335
4087 5332
4088 5218
4089 5885
4090 5410
4091 4961
4092 5932
4093 6087
4094 5598
4095 5584
4096 5815
4097 5215
4098 5755
4099 5550
4100 6591
4101 5761
4102 5281
4103 5949
4104 5618
4105 5305
4106 6015
4107 5659
4108 5586
4109 5269
4110 6146
4111 5332
4112 5341
4113 5140
4114 6095
4115 5648
4116 6024
4117 5296
4118 5986
4119 6095
4120 5525
4121 7143
4122 5280
4123 4986
4124 5310
4125 5091
4126 4963
4127 5324
4128 5101
4129 4962
4130 4964
4131 5345
4132 5076
4133 5094
4134 5328
4135 5470
4136 5452
4137 5337
4138 5216
4139 6014
4140 6783
4141 5462
4142 5219
4143 6085
4144 4958
4145 6088
4146 5896
4147 6345
4148 6139
4149 4973
4150 4956
4151 5770
4152 5522
4153 5463
4154 5581
4155 5463
4156 6115
4157 6902
4158 5747
4159 6646
4160 5962
4161 5267
4162 5084
4163 4950
4164 4995
4165 6185
4166 5332
4167 4957
4168 4971
4169 5077
4170 6162
4171 5259
4172 5958
4173 5334
4174 5050
4175 5247
4176 6095
4177 5734
4178 5310
4179 5458
4180 5409
4181 5269
4182 5115
4183 5175
4184 5705
4185 5096
4186 5331
4187 6572
4188 5084
4189 5585
4190 5460
4191 5341
4192 5337
4193 6262
4194 7080
4195 5290
4196 4948
4197 5838
4198 4967
4199 4967
4200 5575
4201 5343
4202 4833
4203 5217
4204 5514
4205 5657
4206 5405
4207 5278
4208 5698
4209 5088
4210 4976
4211 5450
4212 5335
4213 6588
4214 -995029
4215 5331
4216 5960
4217 5047
4218 5384
4219 5573
4220 6093
4221 5531
4222 5955
4223 5895
4224 5385
4225 5919
4226 5079
4227 5336
4228 6410
4229 5448
4230 5655
4231 6347
4232 4952
4233 5086
4234 5963
4235 5220
4236 5206
4237 5211
4238 5215
4239 5966
4240 6265
4241 5409
4242 6368
4243 5557
4244 5984
4245 5314
4246 5594
4247 4953
4248 5781
4249 6911
4250 5195
4251 5468
4252 5860
4253 5313
4254 5084
4255 4962
4256 5985
4257 5943
4258 5062
4259 4964
4260 5593
4261 5330
4262 4963
4263 4963
4264 5469
4265 6524
4266 5916
4267 5824
4268 7012
4269 5027
4270 5088
4271 5344
4272 6080
4273 5339
4274 5094
4275 5454
4276 5589
4277 5217
4278 5459
4279 6636
4280 5037
4281 5106
4282 5073
4283 4954
4284 6019
4285 5544
4286 6574
4287 5736
4288 5190
4289 5091
4290 5088
4291 5334
4292 5124
4293 5541
4294 5078
4295 5214
4296 5215
4297 5333
4298 5338
4299 4962
4300 5380
4301 5294
4302 5213
4303 5089
4304 6339
4305 7151
4306 5270
4307 4969
4308 5639
4309 5654
4310 5068
4311 5093
4312 5581
4313 5242
4314 5184
4315 5591
4316 6239
4317 5899
4318 5343
4319 4953
4320 5837
4321 5087
4322 6092
4323 6677
4324 5427
4325 5413
4326 5264
4327 5153
4328 6331
4329 4966
4330 5088
4331 5094
4332 4954
4333 4964
4334 5212
4335 4963
4336 5499
4337 5177
4338 4952
4339 5714
4340 5470
4341 6771
4342 6701
4343 5939
4344 5427
4345 6467
4346 5211
4347 5088
4348 4958
4349 5967
4350 5905
4351 5194
4352 5688
4353 6376
4354 5396
4355 4956
4356 5214
4357 5211
4358 5718
4359 6456
4360 6713
4361 5913
4362 5011
4363 5590
4364 5087
4365 5867
4366 5182
4367 4967
4368 5009
4369 5418
4370 5026
4371 6334
4372 5650
4373 5202
4374 6779
4375 5235
4376 5503
4377 5208
4378 5459
4379 6446
4380 5328
4381 5213
4382 5462
4383 5215
4384 5834
4385 5714
4386 5106
4387 4948
4388 5710
4389 5768
4390 5414
4391 4953
4392 5836
4393 5587
4394 -994774
4395 5202
4396 5583
4397 6471
4398 5327
4399 6341
4400 4962
4401 5892
4402 5157
4403 5711
4404 5972
4405 5453
4406 5715
4407 5088
4408 5346
4409 4956
4410 5334
4411 4965
4412 5215
4413 6833
4414 5716
4415 6219
4416 5200
4417 5713
4418 5462
4419 5715
4420 5582
4421 5099
4422 5576
4423 6522
4424 5959
4425 6079
4426 5911
4427 5210
4428 5462
4429 4971
4430 5577
4431 5465
4432 5713
4433 6464
4434 5333
4435 5090
4436 5131
4437 5420
4438 5453
4439 5347
4440 6711
4441 5453
4442 5840
4443 5134
4444 5286
4445 5897
4446 5399
4447 4972
4448 5330
4449 5463
4450 5087
4451 5348
4452 7138
4453 5152
4454 5844
4455 5084
4456 4962
4457 4971
4458 5334
4459 5968
4460 6014
4461 5458
4462 5906
4463 6635
4464 5286
4465 4967
4466 5710
4467 6402
4468 5300
4469 5316
4470 6103
4471 5442
4472 4969
4473 5079
4474 5338
4475 5092
4476 5086
4477 4953
4478 4967
4479 5461
4480 5163
4481 5135
4482 4962
4483 5339
4484 5522
4485 5274
4486 5653
4487 5658
4488 5444
4489 6839
4490 4962
4491 5866
4492 6057
4493 5095
4494 5219
4495 5211
4496 6452
4497 5192
4498 5470
4499 6385
4500 5532
4501 5610
4502 5330
4503 5447
4504 5840
4505 5148
4506 5147
4507 6459
4508 5346
4509 5458
4510 4960
4511 5101
4512 5334
4513 4952
4514 5080
4515 5210
4516 5473
4517 5826
4518 5619
4519 5147
4520 5226
4521 5198
4522 5338
4523 5598
4524 5522
4525 5017
4526 6214
4527 5095
4528 5578
4529 4928
4530 6838
4531 6279
4532 5785
4533 5979
4534 6074
4535 5273
4536 5465
4537 4965
4538 5290
4539 5458
4540 5343
4541 4962
4542 5266
4543 6047
4544 6600
4545 5294
4546 5075
4547 5220
4548 4958
4549 6047
4550 5454
4551 4971
4552 6105
4553 5685
4554 5083
4555 5401
4556 5401
4557 5579
4558 5236
4559 5317
4560 5653
4561 5886
4562 5092
4563 7402
4564 5389
4565 5334
4566 5341
4567 5569
4568 5846
4569 5345
4570 5331
4571 5593
4572 5707
4573 -994785
4574 5555
4575 5089
4576 5475
4577 5898
4578 5260
4579 4967
4580 5458
4581 6115
4582 6004
4583 5638
4584 5346
4585 5326
4586 5476
4587 5323
4588 5338
4589 5339
4590 4960
4591 5338
4592 4966
4593 5458
4594 5463
4595 5020
4596 5404
4597 5085
4598 5464
4599 5743
4600 6236
4601 5408
4602 5213
4603 5088
4604 5085
4605 4966
4606 6004
4607 5420
4608 5329
4609 6155
4610 5718
4611 5892
4612 5457
4613 5868
4614 6040
4615 5081
4616 5091
4617 5591
4618 4953
4619 6589
4620 5461
4621 5222
4622 5328
4623 5612
4624 5944
4625 5078
4626 5888
4627 5162
4628 6215
4629 5462
4630 5335
4631 5551
4632 5253
4633 5518
4634 5275
4635 5968
4636 5325
4637 6091
4638 5839
4639 5088
4640 5335
4641 5462
4642 5598
4643 5451
4644 5343
4645 5335
4646 5911
4647 6339
4648 5631
4649 4988
4650 4935
4651 6096
4652 5204
4653 4845
4654 5954
4655 6465
4656 6006
4657 5288
4658 5218
4659 5580
4660 5535
4661 5262
4662 5212
4663 5463
4664 5342
4665 4958
4666 5087
4667 5214
4668 4964
4669 5185
4670 5088
4671 5719
4672 5837
4673 5458
4674 6273
4675 5053
4676 5177
4677 5077
4678 5638
4679 5721
4680 5517
4681 5844
4682 5102
4683 6086
4684 5321
4685 5649
4686 5405
4687 6147
4688 5274
4689 4967
4690 5342
4691 5079
4692 4969
4693 6336
4694 5461
4695 5704
4696 5588
4697 5461
4698 6902
4699 5774
4700 5584
4701 4960
4702 5059
4703 5096
4704 5333
4705 5097
4706 5315
4707 5346
4708 5082
4709 5276
4710 5265
4711 5860
4712 5194
4713 4961
4714 5327
4715 5093
4716 5204
4717 5716
4718 5085
4719 5719
4720 5203
4721 5864
4722 5313
4723 4962
4724 5592
4725 6647
4726 6222
4727 5637
4728 4969
4729 5255
4730 7039
4731 5889
4732 5798
4733 5456
4734 5072
4735 5470
4736 5456
4737 5842
4738 5079
4739 5340
4740 5020
4741 5279
4742 5081
4743 5899
4744 5998
4745 5358
4746 5588
4747 5339
4748 6340
4749 5081
4750 5317
4751 4986
4752 5564
4753 5356
4754 -994221
4755 5593
4756 6329
4757 5595
4758 5348
4759 5447
4760 5329
4761 5592
4762 5465
4763 5198
4764 4963
4765 5840
4766 5339
4767 6339
4768 5082
4769 5376
4770 5382
4771 5499
4772 5335
4773 5348
4774 5075
4775 5090
4776 5337
4777 5305
4778 5083
4779 5964
4780 5747
4781 5839
4782 5546
4783 6089
4784 5458
4785 6207
4786 5838
4787 5576
4788 4975
4789 4962
4790 6086
4791 5096
4792 4951
4793 5212
4794 6344
4795 5216
4796 5460
4797 4964
4798 4960
4799 5215
4800 5336
4801 5704
4802 5976
4803 5073
4804 7089
4805 5088
4806 4966
4807 4958
4808 5962
4809 6420
4810 5630
4811 5585
4812 5718
4813 5951
4814 4965
4815 6318
4816 5340
4817 5900
4818 5272
4819 4978
4820 5604
4821 5271
4822 6840
4823 5090
4824 5337
4825 5335
4826 5144
4827 5659
4828 5086
4829 5463
4830 6536
4831 5581
4832 5895
4833 5713
4834 5466
4835 5583
4836 5090
4837 5370
4838 5055
4839 5642
4840 6416
4841 5340
4842 5951
4843 5341
4844 5595
4845 5452
4846 5213
4847 5091
4848 6342
4849 5329
4850 5551
4851 5338
4852 5591
4853 5333
4854 5462
4855 6152
4856 5272
4857 5111
4858 5068
4859 6398
4860 5773
4861 6715
4862 4968
4863 5078
4864 5463
4865 5839
4866 5088
4867 5584
4868 6088
4869 5422
4870 5560
4871 5776
4872 5089
4873 5342
4874 4954
4875 4964
4876 5051
4877 6471
4878 5202
4879 5339
4880 5646
4881 5161
4882 5698
4883 4962
4884 4953
4885 4848
4886 5461
4887 5654
4888 5657
4889 5202
4890 4963
4891 5337
4892 5855
4893 5069
4894 5962
4895 5721
4896 6455
4897 6713
4898 5338
4899 5716
4900 5857
4901 5563
4902 5221
4903 5080
4904 6336
4905 5211
4906 5594
4907 5582
4908 5712
4909 5345
4910 5081
4911 5087
4912 5088
4913 5645
4914 7180
4915 5314
4916 5973
4917 5325
4918 6014
4919 5162
4920 4969
4921 5453
4922 5616
4923 5772
4924 4966
4925 4961
4926 5960
4927 5855
4928 5631
4929 5775
4930 5964
4931 4964
4932 6085
4933 5714
4934 -994849
4935 5271
4936 5213
4937 5466
4938 6160
4939 6579
4940 5770
4941 5405
4942 5171
4943 5809
4944 5085
4945 6407
4946 5514
4947 5090
4948 5086
4949 6466
4950 6458
4951 4963
4952 5098
4953 5076
4954 5088
4955 5216
4956 5972
4957 5324
4958 5713
4959 5463
4960 5093
4961 5580
4962 4967
4963 5842
4964 5202
4965 4964
4966 4964
4967 5020
4968 5788
4969 5948
4970 5967
4971 5214
4972 5084
4973 4963
4974 5390
4975 6609
4976 5385
4977 5587
4978 5738
4979 5060
4980 5088
4981 5465
4982 5715
4983 5084
4984 5463
4985 5661
4986 5262
4987 5839
4988 7114
4989 5940
4990 5212
4991 5084
4992 5094
4993 5203
4994 4964
4995 5655
4996 5457
4997 5399
4998 4965
4999 4963
5000 4978
5001 5821
5002 5088
5003 6353
5004 5069
5005 5715
5006 6842
5007 6959
5008 5211
5009 5963
5010 5344
5011 5330
5012 4962
5013 5087
5014 4971
5015 5894
5016 5273
5017 5090
5018 5587
5019 5516
5020 6031
5021 5728
5022 5821
5023 6085
5024 6781
5025 5397
5026 5459
5027 5214
5028 5080
5029 5468
5030 5463
5031 5588
5032 5096
5033 5326
5034 4964
5035 5713
5036 5089
5037 4959
5038 5340
5039 5087
5040 5966
5041 5521
5042 5590
5043 6589
5044 5517
5045 5343
5046 4961
5047 5654
5048 5643
5049 5088
5050 5258
5051 5420
5052 5086
5053 5337
5054 5354
5055 5696
5056 5463
5057 5086
5058 5093
5059 5581
5060 5784
5061 5319
5062 6417
5063 5701
5064 5342
5065 5086
5066 5084
5067 4964
5068 5337
5069 5591
5070 5209
5071 5462
5072 5088
5073 5091
5074 5084
5075 5339
5076 5108
5077 5691
5078 5964
5079 6163
5080 5257
5081 6216
5082 5335
5083 5089
5084 5208
5085 5916
5086 5651
5087 5449
5088 6683
5089 4951
5090 5642
5091 5369
5092 5371
5093 5338
5094 4970
5095 5264
5096 5800
5097 5573
5098 5585
5099 6453
5100 4963
5101 5091
5102 5337
5103 5706
5104 5213
5105 4968
5106 5081
5107 5337
5108 5481
5109 4968
5110 5315
5111 5428
5112 6445
5113 6530
5114 5581
5115 -993649
5116 5570
5117 7893
5118 5888
5119 5093
5120 5212
5121 5335
5122 5094
5123 6014
5124 5526
5125 5708
5126 5110
5127 5060
5128 5087
5129 4958
5130 5090
5131 5135
5132 5655
5133 5467
5134 5392
5135 5587
5136 6892
5137 5219
5138 5076
5139 5337
5140 5728
5141 5571
5142 5321
5143 4982
5144 5320
5145 5072
5146 5353
5147 6196
5148 4965
5149 5454
5150 4961
5151 5336
5152 5591
5153 5328
5154 5541
5155 6270
5156 5075
5157 5087
5158 4962
5159 4720
5160 5829
5161 5582
5162 4961
5163 5853
5164 4941
5165 6300
5166 5527
5167 5578
5168 5068
5169 5276
5170 5150
5171 5331
5172 5208
5173 7401
5174 5271
5175 5470
5176 5314
5177 5967
5178 5723
5179 5064
5180 4960
5181 5093
5182 4954
5183 5833
5184 6109
5185 5684
5186 4962
5187 5086
5188 5092
5189 5450
5190 5214
5191 5087
5192 6471
5193 5570
5194 5338
5195 5600
5196 5339
5197 7220
5198 7010
5199 5251
5200 5469
5201 5696
5202 5118
5203 5055
5204 5702
5205 5082
5206 5839
5207 5327
5208 5213
5209 4963
5210 7103
5211 5901
5212 5085
5213 5095
5214 5074
5215 4963
5216 5093
5217 5838
5218 6826
5219 5955
5220 5094
5221 5841
5222 5445
5223 5086
5224 5713
5225 4958
5226 5090
5227 5081
5228 5697
5229 6208
5230 5296
5231 4969
5232 5074
5233 4966
5234 5338
5235 5091
5236 5709
5237 5077
5238 5084
5239 5098
5240 5698
5241 5338
5242 5085
5243 5211
5244 5206
5245 5340
5246 6590
5247 5456
5248 6203
5249 5468
5250 5081
5251 5956
5252 5960
5253 5342
5254 5588
5255 6014
5256 5269
5257 5095
5258 5453
5259 5458
5260 5148
5261 5277
5262 5581
5263 5837
5264 5215
5265 5332
5266 6523
5267 5276
5268 5083
5269 4958
5270 5584
5271 5051
5272 5259
5273 5285
5274 5715
5275 5338
5276 4952
5277 5714
5278 5335
5279 5844
5280 5451
5281 6233
5282 5507
5283 5640
5284 5462
5285 6488
5286 5193
5287 5323
5288 5338
5289 5086
5290 5345
5291 6323
5292 5212
5293 4967
5294 5453
5295 4963
5296 5335
5297 -993407
5298 5575
5299 5462
5300 5281
5301 5400
5302 5449
5303 7222
5304 5205
5305 4948
5306 5351
5307 5067
5308 5720
5309 5881
5310 5411
5311 4962
5312 6638
5313 5520
5314 5086
5315 5332
5316 5831
5317 4954
5318 4963
5319 5084
5320 5080
5321 4957
5322 6968
5323 5643
5324 5388
5325 6222
5326 5331
5327 5323
5328 6446
5329 5334
5330 5139
5331 5836
5332 5272
5333 5090
5334 5077
5335 5586
5336 5332
5337 6405
5338 5142
5339 5207
5340 6594
5341 5452
5342 5459
5343 5072
5344 4836
5345 5141
5346 5838
5347 5141
5348 5085
5349 5833
5350 5086
5351 5339
5352 4957
5353 5339
5354 5474
5355 5690
5356 5336
5357 5150
5358 6029
5359 6452
5360 4978
5361 5067
5362 5095
5363 4956
5364 4984
5365 5430
5366 5581
5367 5450
5368 5093
5369 6144
5370 5145
5371 5951
5372 5089
5373 5209
5374 5581
5375 5332
5376 5988
5377 5247
5378 5895
5379 5343
5380 5586
5381 5583
5382 5571
5383 5469
5384 5832
5385 5201
5386 5081
5387 4981
5388 5064
5389 5587
5390 4967
5391 5092
5392 5324
5393 6402
5394 5331
5395 5531
5396 6952
5397 5090
5398 5339
5399 5824
5400 5734
5401 5439
5402 5087
5403 5582
5404 5087
5405 5711
5406 5454
5407 5088
5408 5838
5409 5467
5410 6826
5411 4960
5412 5841
5413 5832
5414 6098
5415 5817
5416 5342
5417 5332
5418 5638
5419 5524
5420 5317
5421 5333
5422 5085
5423 5120
5424 6615
5425 6170
5426 5186
5427 5651
5428 5271
5429 5462
5430 5700
5431 5719
5432 5090
5433 5835
5434 5462
5435 5089
5436 5076
5437 5580
5438 5965
5439 5082
5440 5588
5441 5103
5442 5565
5443 5711
5444 4959
5445 5343
5446 5079
5447 4960
5448 5984
5449 5564
5450 5457
5451 7961
5452 5094
5453 6708
5454 4951
5455 5091
5456 5211
5457 6328
5458 5446
5459 5593
5460 5203
5461 5585
5462 5712
5463 5466
5464 6330
5465 5461
5466 5593
5467 5588
5468 5515
5469 6771
5470 5652
5471 5900
5472 5076
5473 6091
5474 6826
5475 5090
5476 -994919
5477 5089
5478 5453
5479 5336
5480 5093
5481 5329
5482 5088
5483 4957
5484 5094
5485 6228
5486 5557
5487 4961
5488 7279
5489 5269
5490 6374
5491 5277
5492 4951
5493 6339
5494 5092
5495 4957
5496 5207
5497 5086
5498 5337
5499 5838
5500 5083
5501 5925
5502 4969
5503 5107
5504 5304
5505 6345
5506 5948
5507 5581
5508 5585
5509 5343
5510 5078
5511 4959
5512 5211
5513 5350
5514 5196
5515 5212
5516 5341
5517 5600
5518 5569
5519 5087
5520 5653
5521 5522
5522 5333
5523 5208
5524 5093
5525 6451
5526 4958
5527 5092
5528 5343
5529 5072
5530 5088
5531 4961
5532 6036
5533 5132
5534 4963
5535 5068
5536 5080
5537 5331
5538 5485
5539 6386
5540 5695
5541 5905
5542 5218
5543 5087
5544 6597
5545 5571
5546 5077
5547 4969
5548 5067
5549 5087
5550 4970
5551 5083
5552 5084
5553 5779
5554 5719
5555 5764
5556 5385
5557 5860
5558 5511
5559 6282
5560 6389
5561 6154
5562 6172
5563 5929
5564 4975
5565 5137
5566 5652
5567 5835
5568 4840
5569 5083
5570 4965
5571 5712
5572 4966
5573 5964
5574 5136
5575 5299
5576 5821
5577 5464
5578 5337
5579 5470
5580 5224
5581 7060
5582 5156
5583 5644
5584 5209
5585 5090
5586 5968
5587 5205
5588 5086
5589 4967
5590 4966
5591 5202
5592 5768
5593 5412
5594 5713
5595 4964
5596 5734
5597 5074
5598 5080
5599 5337
5600 6086
5601 5221
5602 5328
5603 5716
5604 5084
5605 5340
5606 5084
5607 5963
5608 5258
5609 5921
5610 5952
5611 4968
5612 5091
5613 4953
5614 4964
5615 5462
5616 5095
5617 5134
5618 5533
5619 6271
5620 5405
5621 5077
5622 5339
5623 5344
5624 5453
5625 5590
5626 5636
5627 5542
5628 5706
5629 5210
5630 5470
5631 4956
5632 5336
5633 5839
5634 5464
5635 5460
5636 5840
5637 6089
5638 5327
5639 5088
5640 5089
5641 4843
5642 6329
5643 5463
5644 5089
5645 5090
5646 4958
5647 6247
5648 4992
5649 6395
5650 5339
5651 4964
5652 6100
5653 5322
5654 7408
5655 6424
5656 5925
5657 5088
5658 -994284
5659 5211
5660 5707
5661 5964
5662 5468
5663 5077
5664 5871
5665 5143
5666 5464
5667 5084
5668 5463
5669 5785
5670 5270
5671 5968
5672 5448
5673 4971
5674 6827
5675 5087
5676 5217
5677 5644
5678 5775
5679 5965
5680 5468
5681 5329
5682 5528
5683 6278
5684 5086
5685 5078
5686 5597
5687 5257
5688 5169
5689 5116
5690 5551
5691 5534
5692 6377
5693 5464
5694 4965
5695 5997
5696 5896
5697 5435
5698 5258
5699 6661
5700 5214
5701 5212
5702 5468
5703 5437
5704 5661
5705 6069
5706 6029
5707 6024
5708 5028
5709 6053
5710 6522
5711 5276
5712 5719
5713 5204
5714 5337
5715 5591
5716 4948
5717 5457
5718 5337
5719 5715
5720 5466
5721 5086
5722 5335
5723 5653
5724 5893
5725 5722
5726 5080
5727 6461
5728 6084
5729 6781
5730 5525
5731 5084
5732 4963
5733 5094
5734 5836
5735 5838
5736 5083
5737 5586
5738 5591
5739 5334
5740 5089
5741 5098
5742 4950
5743 5283
5744 5265
5745 5597
5746 5200
5747 5963
5748 5464
5749 5338
5750 5334
5751 5092
5752 5339
5753 5456
5754 5214
5755 6486
5756 5442
5757 5458
5758 5089
5759 5088
5760 4968
5761 5728
5762 5051
5763 5339
5764 5206
5765 5086
5766 5587
5767 5099
5768 6015
5769 5148
5770 5091
5771 6087
5772 5083
5773 5091
5774 5653
5775 5275
5776 5023
5777 5711
5778 5846
5779 5329
5780 5094
5781 5952
5782 4842
5783 5650
5784 5147
5785 6600
5786 5199
5787 5334
5788 4963
5789 5844
5790 4955
5791 5364
5792 5060
5793 5096
5794 4950
5795 4965
5796 4963
5797 5094
5798 5078
5799 4964
5800 5435
5801 5713
5802 4839
5803 4958
5804 6358
5805 5440
5806 5214
5807 5657
5808 5150
5809 5905
5810 5830
5811 5397
5812 5671
5813 5935
5814 5406
5815 5344
5816 5080
5817 5092
5818 5330
5819 4971
5820 5201
5821 5468
5822 5208
5823 6718
5824 5079
5825 4963
5826 5594
5827 5058
5828 5779
5829 5148
5830 5661
5831 5259
5832 5713
5833 5088
5834 5339
5835 5099
5836 5698
5837 5141
5838 5273
5839 5083
5840 5087
5841 -995027
5842 6558
5843 5338
5844 5072
5845 5714
5846 4960
5847 4965
5848 5958
5849 5717
5850 5583
5851 6236
5852 5446
5853 5078
5854 5725
5855 5700
5856 5965
5857 5458
5858 5341
5859 5596
5860 5975
5861 5815
5862 5589
5863 5715
5864 5584
5865 5462
5866 5099
5867 5757
5868 5527
5869 5572
5870 5888
5871 5130
5872 5107
5873 5210
5874 4969
5875 5331
5876 5212
5877 5139
5878 5784
5879 5959
5880 5642
5881 5294
5882 5323
5883 5308
5884 5420
5885 5415
5886 5329
5887 6019
5888 5416
5889 5385
5890 5913
5891 5093
5892 5323
5893 5459
5894 5086
5895 4970
5896 5333
5897 6709
5898 5090
5899 5944
5900 5581
5901 6343
5902 5343
5903 5080
5904 5463
5905 5089
5906 5091
5907 6279
5908 5146
5909 6150
5910 5388
5911 5469
5912 5078
5913 4844
5914 5578
5915 6155
5916 6706
5917 5283
5918 5075
5919 5339
5920 5096
5921 5077
5922 5090
5923 5086
5924 5255
5925 5432
5926 4953
5927 5890
5928 5155
5929 5575
5930 5094
5931 5331
5932 5096
5933 5078
5934 4969
5935 6794
5936 5082
5937 5045
5938 5090
5939 5589
5940 6082
5941 5847
5942 5317
5943 5219
5944 5453
5945 5582
5946 5084
5947 4960
5948 5261
5949 5160
5950 5083
5951 5523
5952 5518
5953 5095
5954 5830
5955 5586
5956 5584
5957 5827
5958 5217
5959 5583
5960 5464
5961 5713
5962 5211
5963 5840
5964 6050
5965 5241
5966 5887
5967 5586
5968 5914
5969 5343
5970 5071
5971 4978
5972 7070
5973 5592
5974 5202
5975 5822
5976 5351
5977 4966
5978 5334
5979 5092
5980 4954
5981 4965
5982 5655
5983 5266
5984 4959
5985 4966
5986 6460
5987 5370
5988 5408
5989 4963
5990 5780
5991 6018
5992 5086
5993 5775
5994 5530
5995 4956
5996 4966
5997 5089
5998 4963
5999 5339
6000 5089
6001 5583
6002 4957
6003 5046
6004 5461
6005 5347
6006 5560
6007 5851
6008 6348
6009 6824
6010 6643
6011 6146
6012 5216
6013 5461
6014 4962
6015 5481
6016 5195
6017 5084
6018 6850
6019 5823
6020 6141
6021 5900
6022 -994650
6023 5457
6024 5335
6025 5747
6026 5751
6027 6269
6028 5456
6029 5356
6030 6110
6031 5421
6032 5093
6033 5402
6034 5767
6035 4986
6036 5061
6037 5078
6038 5236
6039 5054
6040 5346
6041 5519
6042 5153
6043 5326
6044 5540
6045 5384
6046 6531
6047 5771
6048 5590
6049 5458
6050 6023
6051 5538
6052 5513
6053 5649
6054 5516
6055 5285
6056 5085
6057 6397
6058 5763
6059 5848
6060 5087
6061 4963
6062 5787
6063 5516
6064 7206
6065 6670
6066 5756
6067 5340
6068 5085
6069 5214
6070 5208
6071 5060
6072 4951
6073 4966
6074 5857
6075 5085
6076 5004
6077 5400
6078 5894
6079 5022
6080 5719
6081 5577
6082 5343
6083 6083
6084 5467
6085 5561
6086 5713
6087 5095
6088 4953
6089 5214
6090 5090
6091 5965
6092 5828
6093 5530
6094 5524
6095 5715
6096 5583
6097 5841
6098 6343
6099 5979
6100 5811
6101 6619
6102 5555
6103 4962
6104 5338
6105 5094
6106 4953
6107 5339
6108 5213
6109 5094
6110 5951
6111 5277
6112 5705
6113 5537
6114 5701
6115 5588
6116 5594
6117 5392
6118 5401
6119 6864
6120 5057
6121 5464
6122 5342
6123 5862
6124 5747
6125 5538
6126 5321
6127 5088
6128 5190
6129 5337
6130 5568
6131 5511
6132 5552
6133 5086
6134 4722
6135 5880
6136 6035
6137 4964
6138 6467
6139 5331
6140 5522
6141 5411
6142 5080
6143 4964
6144 5094
6145 6279
6146 5762
6147 5089
6148 6211
6149 5739
6150 5311
6151 5465
6152 5214
6153 5330
6154 5521
6155 5654
6156 6092
6157 5605
6158 5562
6159 5971
6160 5329
6161 4964
6162 5087
6163 5091
6164 4951
6165 5341
6166 4966
6167 5330
6168 5218
6169 4963
6170 5118
6171 5427
6172 5051
6173 6089
6174 5465
6175 6956
6176 5089
6177 5595
6178 5076
6179 4976
6180 5009
6181 5281
6182 4951
6183 4928
6184 6145
6185 5408
6186 5959
6187 5467
6188 5153
6189 5773
6190 5954
6191 5710
6192 5478
6193 4945
6194 6963
6195 6155
6196 5647
6197 5907
6198 5145
6199 4956
6200 4955
6201 5216
6202 -994913
6203 5465
6204 5208
6205 5273
6206 5279
6207 4964
6208 6213
6209 5084
6210 6162
6211 5263
6212 6218
6213 5831
6214 5092
6215 4957
6216 6279
6217 6404
6218 6165
6219 5213
6220 5464
6221 5963
6222 5777
6223 5394
6224 4968
6225 5335
6226 5650
6227 5397
6228 5715
6229 5610
6230 6448
6231 5527
6232 6402
6233 6067
6234 5990
6235 6273
6236 5121
6237 5462
6238 5599
6239 5700
6240 5212
6241 5095
6242 5086
6243 5083
6244 6088
6245 5877
6246 5550
6247 5584
6248 5961
6249 5449
6250 5336
6251 5713
6252 5550
6253 5377
6254 5077
6255 5088
6256 5091
6257 5581
6258 5090
6259 5336
6260 4973
6261 5096
6262 5568
6263 5341
6264 5336
6265 4958
6266 5717
6267 7143
6268 5775
6269 5340
6270 5093
6271 4959
6272 5894
6273 5528
6274 5266
6275 6090
6276 5277
6277 5587
6278 4970
6279 5077
6280 5338
6281 5088
6282 5720
6283 5329
6284 5086
6285 5736
6286 5945
6287 5835
6288 5086
6289 5092
6290 5457
6291 5586
6292 5465
6293 5090
6294 5080
6295 5462
6296 5726
6297 5780
6298 5376
6299 5714
6300 5748
6301 5298
6302 5586
6303 5589
6304 6474
6305 5638
6306 5400
6307 4952
6308 6165
6309 5267
6310 5338
6311 5096
6312 5328
6313 6280
6314 5454
6315 5786
6316 5074
6317 5091
6318 5717
6319 5329
6320 4961
6321 5464
6322 5219
6323 6212
6324 6233
6325 6034
6326 5894
6327 5271
6328 5339
6329 7008
6330 5414
6331 5337
6332 5096
6333 5062
6334 5626
6335 5145
6336 5308
6337 4953
6338 5588
6339 5697
6340 5339
6341 6216
6342 5452
6343 5352
6344 5321
6345 5089
6346 5087
6347 4961
6348 4962
6349 4964
6350 5614
6351 5067
6352 6507
6353 5160
6354 6284
6355 5016
6356 6403
6357 5521
6358 5346
6359 5230
6360 6562
6361 5271
6362 5148
6363 5456
6364 5781
6365 5277
6366 5080
6367 5461
6368 5216
6369 6088
6370 6151
6371 5147
6372 5590
6373 5207
6374 5988
6375 6314
6376 5590
6377 5337
6378 6328
6379 5971
6380 5829
6381 5591
6382 -994793
6383 5097
6384 5082
6385 5084
6386 5339
6387 5336
6388 5432
6389 5518
6390 6024
6391 5719
6392 5215
6393 5212
6394 5095
6395 5970
6396 6567
6397 5130
6398 6616
6399 5515
6400 5335
6401 6716
6402 5590
6403 5455
6404 5102
6405 5570
6406 5337
6407 5464
6408 6157
6409 5267
6410 5213
6411 5337
6412 5749
6413 5677
6414 7467
6415 5238
6416 5185
6417 5067
6418 5944
6419 5358
6420 5080
6421 5215
6422 5345
6423 6232
6424 6059
6425 5773
6426 5529
6427 5960
6428 5587
6429 5864
6430 5065
6431 5209
6432 5263
6433 6275
6434 5082
6435 5839
6436 4964
6437 5888
6438 5610
6439 5159
6440 5441
6441 5085
6442 5717
6443 5592
6444 5330
6445 6087
6446 5715
6447 4963
6448 5584
6449 6213
6450 5718
6451 6707
6452 5336
6453 5096
6454 5083
6455 5084
6456 5592
6457 5382
6458 5911
6459 5338
6460 5592
6461 5090
6462 5329
6463 5340
6464 4962
6465 5090
6466 6086
6467 5466
6468 5299
6469 5260
6470 6319
6471 5214
6472 5657
6473 5703
6474 5151
6475 4966
6476 4836
6477 5334
6478 5719
6479 5835
6480 6247
6481 5409
6482 4959
6483 5970
6484 5578
6485 6654
6486 5168
6487 5440
6488 6587
6489 5695
6490 5235
6491 5458
6492 5343
6493 5515
6494 5032
6495 5078
6496 5194
6497 6093
6498 5081
6499 5463
6500 5086
6501 5533
6502 5639
6503 5340
6504 5462
6505 5715
6506 6342
6507 5330
6508 5093
6509 5079
6510 5588
6511 4964
6512 5464
6513 5106
6514 6593
6515 5498
6516 6153
6517 5897
6518 5329
6519 6031
6520 6458
6521 6037
6522 5273
6523 5704
6524 6215
6525 5336
6526 5840
6527 5335
6528 5461
6529 5200
6530 5669
6531 5141
6532 4962
6533 5595
6534 5078
6535 5339
6536 6589
6537 5464
6538 5333
6539 5713
6540 6121
6541 5306
6542 5084
6543 7736
6544 5063
6545 5050
6546 5337
6547 5095
6548 5077
6549 5091
6550 5337
6551 6539
6552 6137
6553 5299
6554 5267
6555 5539
6556 5323
6557 5782
6558 5401
6559 5078
6560 5485
6561 -993752
6562 5968
6563 5273
6564 4963
6565 5595
6566 5455
6567 5087
6568 5462
6569 5596
6570 5640
6571 5674
6572 5765
6573 5139
6574 5711
6575 5588
6576 5666
6577 5133
6578 5212
6579 5093
6580 6962
6581 4958
6582 5089
6583 5516
6584 5413
6585 5201
6586 5713
6587 5342
6588 5076
6589 5113
6590 5079
6591 5073
6592 5848
6593 5566
6594 5589
6595 5089
6596 5462
6597 6336
6598 6848
6599 4953
6600 5338
6601 5142
6602 5287
6603 5336
6604 5336
6605 5148
6606 5406
6607 4957
6608 5209
6609 5848
6610 5552
6611 5488
6612 5069
6613 5532
6614 5261
6615 5447
6616 4962
6617 6526
6618 6079
6619 5161
6620 5270
6621 5402
6622 4970
6623 5455
6624 5466
6625 5211
6626 5088
6627 5213
6628 5089
6629 4960
6630 6028
6631 5531
6632 5081
6633 5088
6634 5210
6635 5204
6636 6453
6637 5339
6638 5463
6639 5088
6640 6087
6641 5335
6642 5913
6643 5885
6644 5341
6645 5337
6646 5091
6647 5339
6648 6399
6649 5541
6650 5068
6651 5461
6652 5338
6653 5718
6654 6452
6655 6091
6656 5758
6657 5414
6658 5337
6659 4968
6660 5341
6661 4955
6662 5590
6663 5336
6664 5521
6665 5277
6666 5840
6667 5643
6668 5904
6669 5590
6670 4963
6671 5595
6672 8422
6673 5369
6674 5017
6675 5402
6676 5089
6677 5463
6678 6033
6679 5266
6680 5340
6681 5713
6682 6840
6683 5585
6684 6086
6685 5719
6686 5455
6687 5962
6688 5852
6689 5572
6690 6213
6691 6213
6692 5091
6693 5333
6694 5816
6695 5365
6696 4953
6697 5215
6698 5336
6699 5344
6700 5711
6701 5081
6702 5465
6703 5343
6704 5331
6705 4963
6706 5345
6707 5542
6708 5086
6709 6467
6710 6359
6711 5811
6712 5652
6713 5282
6714 5703
6715 5876
6716 5673
6717 5906
6718 5769
6719 5838
6720 5476
6721 6196
6722 4968
6723 5586
6724 5088
6725 5467
6726 5829
6727 6912
6728 5137
6729 5461
6730 5067
6731 6534
6732 5268
6733 5963
6734 5221
6735 5076
6736 5338
6737 5377
6738 6121
6739 5260
6740 5211
6741 -994246
6742 5424
6743 6154
6744 5144
6745 6221
6746 5201
6747 6114
6748 5064
6749 5091
6750 5232
6751 5063
6752 5146
6753 5853
6754 5258
6755 5088
6756 5222
6757 5328
6758 5086
6759 4963
6760 5059
6761 5704
6762 5469
6763 5333
6764 6716
6765 4958
6766 6085
6767 5346
6768 6519
6769 5776
6770 5981
6771 5317
6772 5837
6773 5086
6774 5096
6775 5205
6776 5712
6777 5463
6778 5464
6779 5212
6780 5211
6781 5337
6782 6812
6783 5362
6784 4956
6785 5700
6786 6019
6787 5021
6788 5090
6789 5588
6790 6150
6791 5396
6792 6283
6793 5390
6794 5589
6795 5463
6796 5091
6797 5209
6798 5961
6799 5478
6800 5055
6801 6213
6802 6143
6803 5909
6804 5462
6805 5464
6806 5199
6807 5846
6808 5899
6809 5024
6810 5478
6811 5569
6812 5655
6813 5272
6814 5092
6815 5460
6816 4958
6817 5451
6818 5094
6819 6836
6820 5528
6821 5274
6822 5337
6823 5209
6824 6246
6825 5286
6826 5461
6827 5415
6828 5511
6829 5075
6830 5086
6831 5341
6832 5342
6833 5452
6834 6561
6835 5854
6836 5314
6837 6490
6838 5302
6839 5096
6840 5298
6841 4961
6842 5075
6843 4961
6844 5461
6845 5076
6846 4958
6847 5339
6848 5727
6849 5320
6850 5087
6851 5444
6852 4955
6853 5306
6854 5402
6855 6355
6856 6427
6857 5483
6858 5167
6859 5459
6860 5832
6861 5468
6862 5573
6863 6063
6864 5335
6865 5089
6866 5451
6867 4837
6868 5991
6869 5303
6870 4960
6871 5335
6872 4969
6873 5195
6874 5341
6875 7225
6876 5440
6877 4953
6878 5712
6879 5840
6880 5073
6881 5628
6882 5794
6883 5447
6884 5472
6885 5707
6886 5515
6887 6849
6888 5257
6889 5335
6890 4968
6891 5580
6892 5075
6893 5840
6894 5701
6895 6460
6896 5077
6897 4967
6898 5448
6899 5157
6900 5512
6901 5714
6902 5078
6903 5071
6904 5592
6905 5081
6906 5581
6907 5086
6908 5320
6909 5599
6910 5323
6911 5196
6912 5967
6913 5072
6914 5715
6915 5709
6916 5082
6917 5457
6918 5710
6919 5338
6920 5189
6921 5405
6922 -994728
6923 5206
6924 5323
6925 5209
6926 5212
6927 5338
6928 5726
6929 5988
6930 5940
6931 7051
6932 4959
6933 5711
6934 4961
6935 6270
6936 5644
6937 5467
6938 5077
6939 5459
6940 6401
6941 5269
6942 5645
6943 5650
6944 5469
6945 6261
6946 6646
6947 5952
6948 7589
6949 5335
6950 5071
6951 5752
6952 5292
6953 5578
6954 5495
6955 5682
6956 5327
6957 4957
6958 4950
6959 5723
6960 4706
6961 5348
6962 5854
6963 5810
6964 5453
6965 5550
6966 5375
6967 6458
6968 5461
6969 5094
6970 5328
6971 5085
6972 5838
6973 5628
6974 5397
6975 4964
6976 5841
6977 5076
6978 5091
6979 5597
6980 5197
6981 6518
6982 6204
6983 6034
6984 5205
6985 6208
6986 5086
6987 5091
6988 5832
6989 5959
6990 5661
6991 5384
6992 5089
6993 4960
6994 4842
6995 5453
6996 4965
6997 5143
6998 5777
6999 5893
7000 5520
7001 5474
7002 5450
7003 5087
7004 5836
7005 5468
7006 5272
7007 5387
7008 5887
7009 6838
7010 6156
7011 5444
7012 5464
7013 5210
7014 5582
7015 5089
7016 5463
7017 5081
7018 6213
7019 5766
7020 5403
7021 5338
7022 6614
7023 5436
7024 5203
7025 6133
7026 6073
7027 5554
7028 5659
7029 5763
7030 5463
7031 5205
7032 5335
7033 5114
7034 5308
7035 5957
7036 5337
7037 5092
7038 5452
7039 5715
7040 6725
7041 5193
7042 5835
7043 6089
7044 5343
7045 5335
7046 5516
7047 5269
7048 5463
7049 5706
7050 5213
7051 5102
7052 5193
7053 5147
7054 5901
7055 5594
7056 6577
7057 5710
7058 6219
7059 5452
7060 5343
7061 5828
7062 5846
7063 5324
7064 5339
7065 5617
7066 5295
7067 5448
7068 4967
7069 5841
7070 5328
7071 5588
7072 5713
7073 5841
7074 6458
7075 5462
7076 6685
7077 5552
7078 5268
7079 5464
7080 4948
7081 5459
7082 5336
7083 6096
7084 6333
7085 5083
7086 6016
7087 5288
7088 4956
7089 5714
7090 5277
7091 6209
7092 5651
7093 5461
7094 5678
7095 6566
7096 5399
7097 5321
7098 6357
7099 5450
7100 -994663
7101 6090
7102 6109
7103 5317
7104 5590
7105 5453
7106 5088
7107 4963
7108 5468
7109 5083
7110 5335
7111 5776
7112 5418
7113 6313
7114 5459
7115 5345
7116 5459
7117 5580
7118 5405
7119 5278
7120 5303
7121 5089
7122 5338
7123 5838
7124 5335
7125 5463
7126 5969
7127 5958
7128 5398
7129 5706
7130 5530
7131 5707
7132 6110
7133 5947
7134 5333
7135 5644
7136 5397
7137 6090
7138 5208
7139 5515
7140 5544
7141 5329
7142 5095
7143 5704
7144 5342
7145 5080
7146 4960
7147 5588
7148 5467
7149 4961
7150 6461
7151 5110
7152 5565
7153 5835
7154 5711
7155 5219
7156 5455
7157 5734
7158 5838
7159 5874
7160 5530
7161 5713
7162 5601
7163 5573
7164 5337
7165 5091
7166 5213
7167 5889
7168 6664
7169 6463
7170 6079
7171 5214
7172 7344
7173 5387
7174 5526
7175 5464
7176 5635
7177 5267
7178 6153
7179 5528
7180 5584
7181 6357
7182 5568
7183 6395
7184 5150
7185 6926
7186 7220
7187 6093
7188 5699
7189 5090
7190 5081
7191 5338
7192 5192
7193 5489
7194 5643
7195 5771
7196 5441
7197 5091
7198 5581
7199 5336
7200 5619
7201 5531
7202 6427
7203 6521
7204 5340
7205 5459
7206 5337
7207 5593
7208 4956
7209 5086
7210 5213
7211 5752
7212 5921
7213 5340
7214 5087
7215 5089
7216 5208
7217 5589
7218 5361
7219 5451
7220 5692
7221 5462
7222 6091
7223 6208
7224 5589
7225 5715
7226 5458
7227 5588
7228 5631
7229 5667
7230 5583
7231 5463
7232 6241
7233 5808
7234 5084
7235 5465
7236 5222
7237 5084
7238 5399
7239 5174
7240 6327
7241 5310
7242 5090
7243 5470
7244 6008
7245 6345
7246 6154
7247 5078
7248 4962
7249 5839
7250 5094
7251 5702
7252 5087
7253 5090
7254 6156
7255 7206
7256 5395
7257 5594
7258 7201
7259 5089
7260 5116
7261 4936
7262 4951
7263 5589
7264 5468
7265 5519
7266 5713
7267 5714
7268 5279
7269 4952
7270 5713
7271 5868
7272 5166
7273 5967
7274 5702
7275 6391
7276 6787
7277 -994669
7278 5090
7279 5978
7280 5316
7281 5350
7282 5450
7283 5832
7284 5589
7285 5428
7286 5940
7287 5888
7288 5211
7289 6597
7290 6082
7291 5332
7292 5465
7293 5455
7294 6463
7295 5089
7296 4964
7297 5459
7298 5089
7299 5091
7300 6958
7301 5882
7302 5163
7303 5091
7304 4954
7305 5607
7306 5322
7307 5463
7308 6358
7309 6051
7310 6144
7311 5413
7312 6581
7313 6019
7314 6585
7315 5145
7316 5091
7317 5776
7318 5390
7319 5860
7320 5567
7321 5840
7322 5838
7323 5890
7324 5538
7325 5514
7326 5954
7327 6469
7328 5328
7329 5213
7330 6098
7331 5335
7332 5699
7333 5397
7334 5850
7335 5835
7336 5396
7337 6328
7338 5464
7339 5337
7340 4961
7341 5716
7342 5740
7343 6308
7344 5583
7345 5751
7346 5593
7347 6148
7348 6280
7349 5448
7350 5714
7351 5779
7352 5273
7353 5711
7354 5840
7355 5083
7356 6089
7357 5208
7358 5839
7359 5474
7360 5079
7361 6021
7362 5649
7363 6154
7364 5891
7365 5089
7366 7153
7367 5394
7368 5661
7369 5514
7370 5712
7371 5633
7372 6259
7373 5801
7374 6025
7375 5274
7376 5347
7377 5463
7378 5330
7379 4951
7380 5597
7381 5324
7382 5087
7383 6032
7384 6273
7385 5337
7386 5218
7387 5525
7388 5510
7389 5340
7390 5336
7391 5530
7392 5394
7393 5213
7394 5968
7395 5970
7396 5576
7397 5081
7398 4970
7399 5078
7400 5215
7401 5461
7402 7309
7403 6999
7404 5206
7405 6835
7406 6462
7407 5078
7408 5743
7409 5306
7410 5339
7411 5211
7412 6097
7413 5834
7414 5204
7415 5337
7416 5341
7417 5651
7418 5395
7419 5724
7420 6824
7421 5217
7422 5212
7423 5210
7424 5707
7425 6031
7426 5781
7427 5099
7428 5315
7429 5465
7430 6155
7431 6450
7432 5654
7433 4965
7434 6648
7435 6218
7436 5402
7437 5330
7438 5960
7439 6597
7440 5456
7441 5702
7442 5340
7443 5337
7444 5027
7445 5149
7446 5460
7447 5384
7448 5568
7449 5936
7450 5714
7451 5713
7452 5592
7453 -994194
7454 5732
7455 5317
7456 6962
7457 4929
7458 5582
7459 5713
7460 5357
7461 6143
7462 5883
7463 5338
7464 5900
7465 5276
7466 5460
7467 5689
7468 4962
7469 5720
7470 5084
7471 6712
7472 5343
7473 5327
7474 6722
7475 7772
7476 5386
7477 5714
7478 5214
7479 5335
7480 6964
7481 5088
7482 5098
7483 5708
7484 5328
7485 5906
7486 5146
7487 5135
7488 6351
7489 5653
7490 5575
7491 5086
7492 7970
7493 5580
7494 5516
7495 5781
7496 5329
7497 5578
7498 5838
7499 5516
7500 5167
7501 5085
7502 5075
7503 4962
7504 4841
7505 5336
7506 5212
7507 5850
7508 5325
7509 5338
7510 7450
7511 5095
7512 5965
7513 5211
7514 5095
7515 5281
7516 6210
7517 5337
7518 6844
7519 5710
7520 5204
7521 5899
7522 5596
7523 5446
7524 5284
7525 5086
7526 5084
7527 5088
7528 7114
7529 5182
7530 5587
7531 5151
7532 5280
7533 5835
7534 5216
7535 5291
7536 6006
7537 5336
7538 4952
7539 5346
7540 5825
7541 5089
7542 5086
7543 5100
7544 6825
7545 5720
7546 5390
7547 6899
7548 5468
7549 5646
7550 5397
7551 5082
7552 5092
7553 4957
7554 5340
7555 4957
7556 5091
7557 5129
7558 5969
7559 5429
7560 5314
7561 5095
7562 6394
7563 5273
7564 5581
7565 4965
7566 5834
7567 5760
7568 5291
7569 5582
7570 5677
7571 5497
7572 5515
7573 5401
7574 5090
7575 5536
7576 5383
7577 5240
7578 5355
7579 6288
7580 5826
7581 5461
7582 5220
7583 5956
7584 6778
7585 5149
7586 5333
7587 5084
7588 4954
7589 5218
7590 5337
7591 5272
7592 5893
7593 5534
7594 5511
7595 5373
7596 5923
7597 5342
7598 6331
7599 5081
7600 4967
7601 5206
7602 5087
7603 6457
7604 5590
7605 5332
7606 5087
7607 5089
7608 5594
7609 5080
7610 5712
7611 5213
7612 5217
7613 5458
7614 5337
7615 4964
7616 5340
7617 5334
7618 5724
7619 5583
7620 5283
7621 6461
7622 5715
7623 5589
7624 5711
7625 5335
7626 5094
7627 4981
7628 5817
7629 5081
7630 5721
7631 5203
7632 -994536
7633 5564
7634 5341
7635 4958
7636 5067
7637 5800
7638 5626
7639 5457
7640 6837
7641 5590
7642 5082
7643 5340
7644 5086
7645 5149
7646 5769
7647 5215
7648 5341
7649 5332
7650 5714
7651 5342
7652 5092
7653 5079
7654 4962
7655 5089
7656 4969
7657 5478
7658 6063
7659 6727
7660 5075
7661 4967
7662 5707
7663 5176
7664 6088
7665 5203
7666 5210
7667 5845
7668 5705
7669 5961
7670 4845
7671 5999
7672 5819
7673 5037
7674 5098
7675 6098
7676 5064
7677 6474
7678 5202
7679 5343
7680 5076
7681 5081
7682 4956
7683 5089
7684 5705
7685 5650
7686 6522
7687 5089
7688 5473
7689 5453
7690 5583
7691 5701
7692 4970
7693 6019
7694 6027
7695 5204
7696 5966
7697 5458
7698 5591
7699 5211
7700 5088
7701 5075
7702 5907
7703 5150
7704 5075
7705 5575
7706 5455
7707 6219
7708 5454
7709 5966
7710 5086
7711 5077
7712 6084
7713 5655
7714 6148
7715 5080
7716 5470
7717 5461
7718 5584
7719 5077
7720 5079
7721 5524
7722 5264
7723 5696
7724 5644
7725 5284
7726 5332
7727 5089
7728 5267
7729 5657
7730 5713
7731 5083
7732 5331
7733 7080
7734 5214
7735 6218
7736 5330
7737 5463
7738 5445
7739 4971
7740 5736
7741 5536
7742 5586
7743 5224
7744 5077
7745 5087
7746 5500
7747 5284
7748 4958
7749 4963
7750 5468
7751 4956
7752 6340
7753 5086
7754 5346
7755 5647
7756 5141
7757 5737
7758 5965
7759 5944
7760 5202
7761 5094
7762 5327
7763 4970
7764 5645
7765 5403
7766 4952
7767 4970
7768 4953
7769 5473
7770 6573
7771 5221
7772 5091
7773 5328
7774 6272
7775 5396
7776 5746
7777 5425
7778 5340
7779 5836
7780 6025
7781 5522
7782 5251
7783 5921
7784 5839
7785 5473
7786 5698
7787 5589
7788 8146
7789 5656
7790 5339
7791 5068
7792 5357
7793 5443
7794 5089
7795 5580
7796 5252
7797 5296
7798 5585
7799 5465
7800 5328
7801 4954
7802 5092
7803 5086
7804 5349
7805 5470
7806 5128
7807 7161
7808 5323
7809 5481
7810 5192
7811 4976
7812 5444
7813 5714
7814 -994282
7815 5464
7816 5331
7817 4967
7818 5209
7819 5961
7820 5208
7821 5277
7822 5282
7823 5704
7824 6778
7825 7455
7826 5405
7827 5081
7828 4962
7829 5595
7830 5579
7831 5088
7832 6281
7833 6529
7834 5578
7835 5471
7836 5334
7837 5080
7838 5336
7839 5715
7840 5088
7841 5459
7842 5464
7843 8036
7844 5137
7845 5082
7846 5337
7847 5341
7848 5707
7849 5587
7850 5235
7851 5561
7852 6151
7853 5662
7854 5079
7855 6392
7856 5279
7857 5671
7858 6126
7859 5583
7860 5423
7861 6461
7862 5542
7863 5415
7864 5968
7865 5206
7866 6139
7867 5413
7868 5651
7869 5412
7870 5579
7871 5087
7872 5081
7873 4967
7874 5077
7875 5009
7876 5294
7877 5040
7878 5205
7879 5271
7880 6712
7881 6427
7882 5435
7883 5214
7884 5084
7885 5781
7886 5528
7887 5325
7888 5341
7889 4955
7890 5095
7891 5328
7892 5220
7893 5329
7894 5218
7895 5775
7896 5398
7897 4955
7898 5100
7899 6452
7900 5769
7901 6026
7902 5326
7903 5229
7904 5570
7905 5220
7906 4954
7907 6153
7908 5775
7909 5203
7910 5893
7911 5781
7912 5084
7913 5209
7914 5084
7915 4967
7916 5467
7917 6466
7918 5445
7919 5342
7920 5328
7921 5461
7922 5089
7923 5097
7924 4952
7925 4962
7926 5696
7927 5711
7928 5084
7929 4962
7930 5090
7931 6281
7932 5768
7933 4962
7934 5618
7935 5683
7936 6333
7937 5587
7938 4969
7939 5582
7940 5336
7941 5345
7942 5081
7943 5211
7944 5903
7945 6199
7946 5417
7947 5703
7948 6112
7949 5744
7950 5286
7951 5077
7952 4962
7953 4971
7954 5083
7955 6204
7956 5337
7957 5589
7958 5592
7959 5082
7960 5091
7961 5554
7962 5877
7963 5327
7964 5209
7965 5101
7966 5074
7967 5461
7968 5341
7969 5469
7970 5200
7971 6163
7972 5469
7973 6508
7974 5505
7975 5164
7976 5475
7977 5555
7978 5340
7979 5498
7980 5310
7981 5204
7982 5212
7983 5000
7984 5035
7985 5044
7986 6337
7987 5219
7988 5454
7989 5897
7990 5655
7991 5078
7992 6086
7993 5086
7994 -994422
7995 5596
7996 4960
7997 5962
7998 5119
7999 5314
8000 5332
8001 6084
8002 5844
8003 6078
8004 5463
8005 5444
8006 5081
8007 5093
8008 5083
8009 5337
8010 5577
8011 6337
8012 5207
8013 5759
8014 5083
8015 4962
8016 4970
8017 5389
8018 6412
8019 5950
8020 5214
8021 5209
8022 5093
8023 6591
8024 5190
8025 5206
8026 5713
8027 5220
8028 5829
8029 5821
8030 5501
8031 5295
8032 5702
8033 5463
8034 5934
8035 6332
8036 5075
8037 5339
8038 5716
8039 4959
8040 6336
8041 6261
8042 6146
8043 6735
8044 5569
8045 5079
8046 5274
8047 7590
8048 5407
8049 5583
8050 5708
8051 4955
8052 5096
8053 5339
8054 5340
8055 4967
8056 5826
8057 5841
8058 5712
8059 5339
8060 5084
8061 5216
8062 5707
8063 5989
8064 5439
8065 6460
8066 5091
8067 5583
8068 5588
8069 5075
8070 5357
8071 5076
8072 5339
8073 5072
8074 5954
8075 5963
8076 5339
8077 5337
8078 5514
8079 5418
8080 5485
8081 6056
8082 5843
8083 6975
8084 5200
8085 5706
8086 5339
8087 5771
8088 6099
8089 6954
8090 5146
8091 5465
8092 5148
8093 5274
8094 5131
8095 5608
8096 5661
8097 5450
8098 5590
8099 5520
8100 5778
8101 5262
8102 6541
8103 5208
8104 5106
8105 5172
8106 6072
8107 5530
8108 6004
8109 5229
8110 5088
8111 6587
8112 5594
8113 4954
8114 5069
8115 5107
8116 4845
8117 5081
8118 5446
8119 5271
8120 6658
8121 5836
8122 5585
8123 5595
8124 5078
8125 5963
8126 5214
8127 4964
8128 4916
8129 5893
8130 5534
8131 5339
8132 5846
8133 5504
8134 5411
8135 6393
8136 5273
8137 5211
8138 5201
8139 7352
8140 5334
8141 5344
8142 5455
8143 5588
8144 5461
8145 5840
8146 5083
8147 5593
8148 5099
8149 6137
8150 6019
8151 5214
8152 5095
8153 5329
8154 5339
8155 5087
8156 5054
8157 7015
8158 5285
8159 5092
8160 5456
8161 5086
8162 5715
8163 6088
8164 5083
8165 5870
8166 5455
8167 5935
8168 5216
8169 5718
8170 5340
8171 5284
8172 6085
8173 -994665
8174 5247
8175 6592
8176 5408
8177 6006
8178 5537
8179 5347
8180 5318
8181 4925
8182 5687
8183 6080
8184 5343
8185 4939
8186 4968
8187 5316
8188 5089
8189 5059
8190 5955
8191 5084
8192 5258
8193 5418
8194 5956
8195 5788
8196 5311
8197 5292
8198 4955
8199 5842
8200 5355
8201 5239
8202 6147
8203 5967
8204 4942
8205 4958
8206 6467
8207 5069
8208 5213
8209 5067
8210 9213
8211 5544
8212 6458
8213 4959
8214 6637
8215 5146
8216 5654
8217 5133
8218 4964
8219 6081
8220 5089
8221 6196
8222 5743
8223 5426
8224 6065
8225 6027
8226 5392
8227 5786
8228 5247
8229 5082
8230 5898
8231 5639
8232 5211
8233 5457
8234 5586
8235 5075
8236 5582
8237 5084
8238 5461
8239 5076
8240 5833
8241 5650
8242 5659
8243 5437
8244 5334
8245 5466
8246 5443
8247 6187
8248 6409
8249 5768
8250 5718
8251 5068
8252 5971
8253 5566
8254 5834
8255 6133
8256 5493
8257 5345
8258 5199
8259 5587
8260 6109
8261 5266
8262 5395
8263 5029
8264 5061
8265 5606
8266 6701
8267 6061
8268 4960
8269 6204
8270 5343
8271 5446
8272 5892
8273 5714
8274 5386
8275 4705
8276 5713
8277 5585
8278 5078
8279 5081
8280 5584
8281 5607
8282 5055
8283 5094
8284 5329
8285 6327
8286 5943
8287 5458
8288 5297
8289 6326
8290 5084
8291 6157
8292 5512
8293 5077
8294 5645
8295 5253
8296 4960
8297 4945
8298 5638
8299 5150
8300 5460
8301 4948
8302 5851
8303 6440
8304 5319
8305 5325
8306 5218
8307 5605
8308 5050
8309 6253
8310 6029
8311 5597
8312 5850
8313 5474
8314 5255
8315 5834
8316 5327
8317 5717
8318 5074
8319 4958
8320 6120
8321 5418
8322 5826
8323 5698
8324 5088
8325 5320
8326 6269
8327 5843
8328 5377
8329 5843
8330 5738
8331 5035
8332 5825
8333 5583
8334 5383
8335 5664
8336 5067
8337 4965
8338 5077
8339 5332
8340 6339
8341 5063
8342 5068
8343 5825
8344 4948
8345 6294
8346 5069
8347 5342
8348 5578
8349 5335
8350 5461
8351 6020
8352 -994603
8353 5335
8354 6088
8355 5332
8356 5524
8357 5530
8358 6710
8359 5335
8360 5897
8361 5272
8362 5078
8363 5134
8364 5294
8365 4960
8366 5201
8367 5092
8368 5083
8369 5091
8370 5206
8371 5718
8372 5209
8373 5082
8374 5832
8375 5714
8376 5566
8377 6853
8378 5098
8379 5197
8380 5092
8381 5113
8382 5312
8383 5701
8384 5090
8385 5334
8386 4963
8387 5461
8388 5463
8389 4963
8390 6222
8391 5076
8392 5212
8393 5476
8394 5449
8395 5338
8396 6965
8397 5090
8398 5835
8399 5654
8400 5527
8401 5078
8402 4971
8403 5075
8404 5345
8405 5328
8406 5463
8407 5320
8408 5215
8409 5466
8410 5080
8411 4975
8412 5072
8413 4961
8414 5087
8415 7539
8416 5383
8417 6411
8418 5833
8419 5273
8420 6206
8421 6090
8422 4968
8423 5772
8424 5590
8425 6665
8426 4679
8427 5969
8428 5463
8429 5910
8430 5511
8431 5985
8432 5440
8433 6093
8434 5083
8435 5335
8436 5346
8437 5263
8438 5906
8439 4957
8440 5342
8441 4832
8442 5963
8443 5338
8444 5721
8445 4952
8446 5337
8447 4980
8448 5764
8449 6018
8450 5216
8451 6475
8452 5881
8453 5401
8454 5348
8455 5829
8456 5332
8457 5093
8458 4969
8459 5079
8460 5087
8461 4964
8462 4967
8463 5455
8464 5333
8465 5982
8466 5695
8467 5961
8468 5460
8469 5432
8470 5991
8471 5428
8472 5088
8473 5339
8474 6085
8475 5589
8476 4980
8477 5315
8478 5714
8479 4965
8480 5342
8481 6078
8482 5460
8483 5591
8484 5464
8485 5331
8486 5465
8487 5587
8488 7105
8489 6443
8490 5735
8491 5686
8492 5837
8493 5322
8494 6844
8495 5080
8496 5587
8497 5349
8498 5071
8499 5589
8500 5091
8501 5779
8502 6001
8503 5481
8504 5772
8505 5274
8506 6462
8507 4969
8508 5091
8509 5083
8510 5713
8511 5582
8512 5342
8513 4961
8514 5083
8515 5133
8516 5226
8517 5650
8518 4955
8519 5548
8520 5249
8521 4964
8522 5088
8523 5095
8524 5453
8525 5089
8526 6461
8527 6343
8528 5457
8529 5963
8530 5345
8531 4953
8532 5212
8533 -994601
8534 5801
8535 6187
8536 6210
8537 5597
8538 4951
8539 5087
8540 5739
8541 5815
8542 5333
8543 5089
8544 6353
8545 5320
8546 5087
8547 5589
8548 5221
8549 5826
8550 5089
8551 4962
8552 5341
8553 5588
8554 6077
8555 4967
8556 5088
8557 5459
8558 6212
8559 5095
8560 5199
8561 5217
8562 6598
8563 5831
8564 5638
8565 5784
8566 5414
8567 5382
8568 5090
8569 4965
8570 4968
8571 5083
8572 5711
8573 5715
8574 5449
8575 5451
8576 5095
8577 4955
8578 5470
8579 5457
8580 5334
8581 6471
8582 4954
8583 5963
8584 4966
8585 5781
8586 5391
8587 5778
8588 5407
8589 5211
8590 5077
8591 5709
8592 5470
8593 5956
8594 5047
8595 5338
8596 6035
8597 5266
8598 5212
8599 5103
8600 6071
8601 5088
8602 5773
8603 5970
8604 5144
8605 5086
8606 5338
8607 5094
8608 5588
8609 4953
8610 5229
8611 5281
8612 5957
8613 5266
8614 5042
8615 5327
8616 5837
8617 5213
8618 4966
8619 6215
8620 5599
8621 5572
8622 5580
8623 5092
8624 5335
8625 4969
8626 5089
8627 5450
8628 5345
8629 5083
8630 5081
8631 5086
8632 5087
8633 6089
8634 4957
8635 5966
8636 5344
8637 6711
8638 5957
8639 5824
8640 5339
8641 5335
8642 5088
8643 5594
8644 5080
8645 5089
8646 5336
8647 5720
8648 5139
8649 5779
8650 4962
8651 5090
8652 5860
8653 5439
8654 5505
8655 5670
8656 6778
8657 7118
8658 5106
8659 5083
8660 5593
8661 5178
8662 5478
8663 4960
8664 5665
8665 5137
8666 6600
8667 5440
8668 5212
8669 5051
8670 5960
8671 5091
8672 5590
8673 5713
8674 6207
8675 4952
8676 5788
8677 5386
8678 5337
8679 5487
8680 5311
8681 5092
8682 6029
8683 5461
8684 5765
8685 4962
8686 5337
8687 4970
8688 5331
8689 4964
8690 4961
8691 5716
8692 4962
8693 5833
8694 5842
8695 6454
8696 5338
8697 4962
8698 4965
8699 5619
8700 5274
8701 6000
8702 5797
8703 5839
8704 5712
8705 5339
8706 5982
8707 5121
8708 5931
8709 5498
8710 5785
8711 6343
8712 5817
8713 5085
8714 4963
8715 -994784
8716 6067
8717 5085
8718 4960
8719 5718
8720 5326
8721 5531
8722 5395
8723 6524
8724 5901
8725 5713
8726 5094
8727 5615
8728 5304
8729 6701
8730 5342
8731 5084
8732 4839
8733 5086
8734 5697
8735 5316
8736 5332
8737 5345
8738 5079
8739 4961
8740 4943
8741 5469
8742 5516
8743 5534
8744 4956
8745 5082
8746 5086
8747 5201
8748 5463
8749 5965
8750 5091
8751 4957
8752 5335
8753 5086
8754 5339
8755 5331
8756 5097
8757 5075
8758 5464
8759 4963
8760 4972
8761 6203
8762 4963
8763 5088
8764 5094
8765 5585
8766 5459
8767 5627
8768 6797
8769 5589
8770 6088
8771 5341
8772 5092
8773 5701
8774 5344
8775 5828
8776 6394
8777 5284
8778 4963
8779 5779
8780 6020
8781 5104
8782 5698
8783 5715
8784 5083
8785 5621
8786 6803
8787 5363
8788 5580
8789 5885
8790 5152
8791 6216
8792 5329
8793 5584
8794 5337
8795 4965
8796 4966
8797 5707
8798 6275
8799 5931
8800 5448
8801 5942
8802 6092
8803 6334
8804 6233
8805 5064
8806 5602
8807 5251
8808 6470
8809 5541
8810 5564
8811 5989
8812 5689
8813 5966
8814 4963
8815 4709
8816 5338
8817 5340
8818 5958
8819 5093
8820 5094
8821 5075
8822 6089
8823 5089
8824 5532
8825 5843
8826 5386
8827 6087
8828 5215
8829 4960
8830 5342
8831 5959
8832 4958
8833 6212
8834 5839
8835 5092
8836 5516
8837 5279
8838 5089
8839 5216
8840 5458
8841 6713
8842 5911
8843 5901
8844 5069
8845 6010
8846 6047
8847 4959
8848 5704
8849 5094
8850 5082
8851 5652
8852 5394
8853 4971
8854 5712
8855 5077
8856 5338
8857 5657
8858 5140
8859 6339
8860 5656
8861 5522
8862 5082
8863 5465
8864 5078
8865 5336
8866 5086
8867 5339
8868 5840
8869 6584
8870 5590
8871 5472
8872 5331
8873 5202
8874 7469
8875 6396
8876 5399
8877 7146
8878 5281
8879 5709
8880 6145
8881 5275
8882 5182
8883 5092
8884 5087
8885 5339
8886 5773
8887 5402
8888 5695
8889 5365
8890 5066
8891 5338
8892 5092
8893 4954
8894 5089
8895 -994912
8896 6591
8897 5720
8898 6321
8899 5970
8900 5077
8901 5943
8902 5337
8903 5096
8904 5579
8905 5610
8906 5567
8907 4965
8908 5208
8909 5965
8910 5468
8911 5207
8912 5712
8913 4961
8914 5847
8915 5592
8916 5071
8917 5589
8918 5216
8919 5204
8920 5608
8921 5323
8922 4954
8923 5591
8924 4964
8925 6418
8926 5506
8927 5594
8928 5710
8929 5334
8930 5503
8931 5664
8932 5345
8933 6204
8934 5214
8935 5209
8936 6090
8937 5462
8938 5891
8939 5287
8940 5453
8941 6033
8942 5272
8943 5465
8944 5835
8945 5462
8946 5965
8947 5333
8948 5652
8949 5903
8950 5090
8951 6713
8952 6112
8953 6684
8954 5077
8955 5087
8956 5588
8957 5590
8958 4958
8959 5212
8960 5341
8961 4964
8962 4964
8963 5458
8964 5156
8965 5893
8966 5530
8967 5645
8968 5828
8969 7209
8970 5091
8971 5075
8972 4959
8973 5211
8974 5462
8975 5346
8976 5077
8977 5521
8978 6971
8979 5183
8980 5182
8981 5849
8982 5177
8983 5974
8984 5090
8985 9596
8986 5326
8987 6590
8988 5655
8989 6266
8990 5459
8991 5087
8992 5468
8993 5330
8994 5588
8995 5530
8996 5149
8997 5084
8998 5835
8999 5087
9000 5571
9001 5103
9002 5339
9003 5596
9004 4951
9005 7215
9006 5835
9007 6394
9008 6523
9009 5591
9010 5340
9011 5331
9012 5341
9013 5462
9014 5731
9015 4943
9016 5088
9017 5353
9018 5571
9019 5712
9020 5341
9021 5540
9022 5646
9023 7828
9024 5083
9025 5329
9026 5337
9027 5089
9028 4965
9029 5209
9030 5342
9031 5085
9032 5532
9033 5712
9034 5791
9035 5820
9036 5452
9037 5090
9038 5461
9039 5784
9040 6147
9041 5217
9042 6180
9043 5598
9044 6343
9045 6607
9046 4935
9047 5649
9048 5905
9049 4972
9050 4949
9051 5089
9052 5462
9053 5636
9054 5524
9055 4965
9056 5334
9057 5590
9058 6030
9059 5514
9060 6344
9061 5076
9062 4963
9063 6716
9064 6140
9065 5407
9066 5339
9067 6287
9068 5389
9069 5836
9070 5088
9071 4965
9072 5588
9073 -994166
9074 5219
9075 4954
9076 5719
9077 5330
9078 7720
9079 5577
9080 5090
9081 6096
9082 5203
9083 5088
9084 5342
9085 5525
9086 5769
9087 6280
9088 5969
9089 5955
9090 5271
9091 5838
9092 5965
9093 5520
9094 6278
9095 5340
9096 6451
9097 5338
9098 5334
9099 4963
9100 5099
9101 5832
9102 5345
9103 5474
9104 5678
9105 5089
9106 5518
9107 6078
9108 5732
9109 5895
9110 5214
9111 5594
9112 5829
9113 5093
9114 6455
9115 5463
9116 5588
9117 5092
9118 6083
9119 5338
9120 5968
9121 5763
9122 5154
9123 5090
9124 6216
9125 5832
9126 4964
9127 6360
9128 5195
9129 4969
9130 5458
9131 5715
9132 6214
9133 5454
9134 4963
9135 5717
9136 5081
9137 5093
9138 5499
9139 5548
9140 5088
9141 5713
9142 6838
9143 5085
9144 5588
9145 5213
9146 4968
9147 6398
9148 5520
9149 6464
9150 5085
9151 6209
9152 5404
9153 6090
9154 5387
9155 6214
9156 5769
9157 5407
9158 5706
9159 5842
9160 5331
9161 5088
9162 5338
9163 4970
9164 5328
9165 5482
9166 5841
9167 4816
9168 5338
9169 6086
9170 5085
9171 5717
9172 5833
9173 5340
9174 5719
9175 5749
9176 5669
9177 5588
9178 5216
9179 5081
9180 5338
9181 4715
9182 5323
9183 5090
9184 5707
9185 5468
9186 5452
9187 5336
9188 6973
9189 5129
9190 5409
9191 5085
9192 5207
9193 5381
9194 5321
9195 5300
9196 5757
9197 4913
9198 5631
9199 5551
9200 5084
9201 4960
9202 4849
9203 4956
9204 5701
9205 5459
9206 4964
9207 6507
9208 5416
9209 5216
9210 5874
9211 6328
9212 5055
9213 5217
9214 4957
9215 4965
9216 4958
9217 5338
9218 6873
9219 6068
9220 5829
9221 5209
9222 5081
9223 6208
9224 5087
9225 7266
9226 6201
9227 5298
9228 5851
9229 5326
9230 4954
9231 4964
9232 5625
9233 5409
9234 4840
9235 5052
9236 5094
9237 6579
9238 5094
9239 5211
9240 5875
9241 6207
9242 5959
9243 6181
9244 5622
9245 5169
9246 5089
9247 5218
9248 5455
9249 6117
9250 5316
9251 5203
9252 -994908
9253 5251
9254 5180
9255 4953
9256 5221
9257 5082
9258 5333
9259 5128
9260 5545
9261 5087
9262 6340
9263 5085
9264 5464
9265 5091
9266 5832
9267 5207
9268 5484
9269 5612
9270 5165
9271 5212
9272 5212
9273 4966
9274 5249
9275 5303
9276 4956
9277 4963
9278 5084
9279 5713
9280 5447
9281 5970
9282 5339
9283 5715
9284 5095
9285 5084
9286 5328
9287 5340
9288 5088
9289 5588
9290 5849
9291 5216
9292 5070
9293 5833
9294 5329
9295 5341
9296 5205
9297 4962
9298 5213
9299 5089
9300 6522
9301 5526
9302 5642
9303 5518
9304 4963
9305 5209
9306 5597
9307 5452
9308 5214
9309 5336
9310 5591
9311 5390
9312 5602
9313 5648
9314 4952
9315 4965
9316 5213
9317 5661
9318 5263
9319 7271
9320 5443
9321 5679
9322 5325
9323 6279
9324 5147
9325 5709
9326 5590
9327 5212
9328 5406
9329 5268
9330 5218
9331 5215
9332 6016
9333 5772
9334 5337
9335 5220
9336 5328
9337 6844
9338 5339
9339 5213
9340 5201
9341 5089
9342 5218
9343 6094
9344 5379
9345 5659
9346 5090
9347 5708
9348 5814
9349 5748
9350 5196
9351 4969
9352 6084
9353 5975
9354 5765
9355 6664
9356 5203
9357 4950
9358 5095
9359 5210
9360 5344
9361 5331
9362 5086
9363 5338
9364 6413
9365 5259
9366 5342
9367 5367
9368 4924
9369 5334
9370 5092
9371 4966
9372 5601
9373 5315
9374 6482
9375 5946
9376 5083
9377 5089
9378 5089
9379 4965
9380 5332
9381 4965
9382 5410
9383 5266
9384 5087
9385 5159
9386 5394
9387 4953
9388 6030
9389 5275
9390 4967
9391 4955
9392 5840
9393 5211
9394 6345
9395 5883
9396 5932
9397 5072
9398 5202
9399 6028
9400 5528
9401 5837
9402 5208
9403 5597
9404 5335
9405 4950
9406 5838
9407 5089
9408 5714
9409 5060
9410 5656
9411 5275
9412 6342
9413 5580
9414 5334
9415 5970
9416 5892
9417 5704
9418 5532
9419 5091
9420 4832
9421 5475
9422 6396
9423 5260
9424 5176
9425 5465
9426 5218
9427 4929
9428 5089
9429 5336
9430 5220
9431 6203
9432 5589
9433 5110
9434 5050
9435 -995042
9436 5340
9437 4967
9438 5580
9439 6124
9440 5554
9441 4956
9442 5332
9443 5715
9444 5950
9445 5647
9446 5583
9447 5714
9448 5095
9449 6078
9450 5898
9451 5494
9452 5754
9453 5903
9454 6065
9455 5094
9456 5166
9457 5256
9458 5080
9459 5338
9460 6106
9461 6506
9462 5736
9463 5750
9464 4957
9465 5621
9466 5554
9467 6579
9468 5838
9469 4970
9470 5209
9471 5580
9472 5544
9473 5818
9474 6292
9475 5449
9476 5085
9477 6705
9478 5771
9479 5406
9480 5217
9481 4956
9482 5463
9483 4965
9484 5463
9485 6585
9486 5212
9487 5471
9488 5328
9489 5339
9490 4714
9491 5074
9492 5728
9493 5325
9494 5072
9495 5091
9496 5139
9497 5534
9498 5845
9499 5328
9500 5093
9501 5209
9502 5910
9503 6014
9504 6399
9505 5535
9506 5077
9507 5755
9508 5530
9509 5720
9510 5577
9511 5474
9512 5447
9513 5468
9514 5455
9515 6362
9516 5075
9517 5075
9518 6022
9519 5280
9520 6097
9521 5576
9522 5973
9523 5841
9524 5196
9525 5840
9526 4963
9527 5715
9528 4958
9529 5222
9530 5332
9531 5458
9532 5336
9533 5085
9534 5953
9535 6407
9536 5158
9537 5693
9538 5607
9539 5435
9540 4967
9541 6585
9542 5740
9543 7425
9544 5312
9545 5083
9546 5644
9547 5658
9548 5067
9549 5095
9550 5588
9551 5094
9552 5716
9553 5702
9554 5339
9555 5046
9556 5265
9557 5574
9558 5783
9559 6173
9560 5358
9561 5666
9562 5460
9563 5715
9564 6018
9565 5276
9566 5095
9567 5456
9568 5334
9569 4963
9570 5217
9571 5083
9572 5089
9573 5166
9574 5638
9575 5712
9576 5578
9577 5344
9578 7026
9579 5017
9580 5544
9581 5392
9582 5953
9583 5174
9584 5094
9585 5327
9586 5089
9587 4963
9588 6174
9589 6316
9590 5146
9591 5903
9592 5277
9593 5457
9594 5213
9595 5530
9596 6389
9597 6270
9598 5290
9599 5450
9600 5079
9601 5282
9602 5397
9603 5589
9604 5221
9605 6195
9606 5459
9607 5607
9608 5061
9609 5452
9610 5239
9611 6031
9612 5588
9613 5598
9614 6334
9615 -994796
9616 5521
9617 6030
9618 5705
9619 5464
9620 5347
9621 4933
9622 5330
9623 5344
9624 5896
9625 5891
9626 5834
9627 5596
9628 5327
9629 6216
9630 5469
9631 5325
9632 5089
9633 6080
9634 5092
9635 5206
9636 4973
9637 5325
9638 5097
9639 5077
9640 5472
9641 5079
9642 5647
9643 5523
9644 5465
9645 5333
9646 5146
9647 6037
9648 5208
9649 5845
9650 5333
9651 6674
9652 5494
9653 5461
9654 5084
9655 5089
9656 5121
9657 5783
9658 5082
9659 5090
9660 5593
9661 5207
9662 5768
9663 5907
9664 5710
9665 5210
9666 5486
9667 5205
9668 5825
9669 5904
9670 6393
9671 5076
9672 5458
9673 5226
9674 5350
9675 5076
9676 5697
9677 5090
9678 5834
9679 5768
9680 6876
9681 5626
9682 5331
9683 5692
9684 5120
9685 5563
9686 5952
9687 5089
9688 6900
9689 5283
9690 5325
9691 4963
9692 5092
9693 4955
9694 5087
9695 5590
9696 5095
9697 4956
9698 5085
9699 5654
9700 5306
9701 5558
9702 5333
9703 5593
9704 5578
9705 6217
9706 5078
9707 6839
9708 5208
9709 5494
9710 5952
9711 4926
9712 5223
9713 5054
9714 4969
9715 5939
9716 5574
9717 5336
9718 4982
9719 5077
9720 5466
9721 5694
9722 4967
9723 5583
9724 5092
9725 5387
9726 6542
9727 5391
9728 5280
9729 5841
9730 5320
9731 5219
9732 5452
9733 5093
9734 5457
9735 5593
9736 5346
9737 6069
9738 5584
9739 5338
9740 6781
9741 5264
9742 5281
9743 6275
9744 6337
9745 5075
9746 5217
9747 5835
9748 5335
9749 5085
9750 5340
9751 4960
9752 6901
9753 6023
9754 5054
9755 5084
9756 4960
9757 5218
9758 5462
9759 5708
9760 5216
9761 5853
9762 7110
9763 5173
9764 5091
9765 5086
9766 5459
9767 5969
9768 5504
9769 5419
9770 5036
9771 5712
9772 5219
9773 5650
9774 6038
9775 5313
9776 5090
9777 5083
9778 5463
9779 5215
9780 5469
9781 5839
9782 6074
9783 5595
9784 4952
9785 5093
9786 5647
9787 5403
9788 5334
9789 5292
9790 5516
9791 5538
9792 5598
9793 5069
9794 5784
9795 5764
9796 -994784
9797 5336
9798 5522
9799 5154
9800 6212
9801 5472
9802 5283
9803 5097
9804 5204
9805 5972
9806 5329
9807 6024
9808 5816
9809 5179
9810 5824
9811 5464
9812 6024
9813 5272
9814 5648
9815 5587
9816 5532
9817 5335
9818 6089
9819 5343
9820 5079
9821 6029
9822 5395
9823 4844
9824 5173
9825 5370
9826 5206
9827 5466
9828 5082
9829 5214
9830 5256
9831 5681
9832 5446
9833 5215
9834 5337
9835 5131
9836 5281
9837 6273
9838 5402
9839 5335
9840 4709
9841 5107
9842 5318
9843 5943
9844 4963
9845 5721
9846 5203
9847 4962
9848 4968
9849 5327
9850 5320
9851 5089
9852 5089
9853 5589
9854 5717
9855 5714
9856 6835
9857 5701
9858 5089
9859 5339
9860 5341
9861 5462
9862 5086
9863 6595
9864 5452
9865 5837
9866 5340
9867 5093
9868 4956
9869 4963
9870 5337
9871 6034
9872 5572
9873 5413
9874 6093
9875 5078
9876 5652
9877 5396
9878 5150
9879 6404
9880 5205
9881 5422
9882 5755
9883 5079
9884 5087
9885 5973
9886 5203
9887 5891
9888 5911
9889 5712
9890 5339
9891 5961
9892 7466
9893 5460
9894 5584
9895 5257
9896 5458
9897 5039
9898 5096
9899 6149
9900 5145
9901 5775
9902 5023
9903 5468
9904 5331
9905 5176
9906 6484
9907 5442
9908 5028
9909 5832
9910 6283
9911 6079
9912 5709
9913 5004
9914 5677
9915 5079
9916 6339
9917 6166
9918 5659
9919 5186
9920 5336
9921 5716
9922 5459
9923 6098
9924 5093
9925 5447
9926 5587
9927 5463
9928 5464
9929 6711
9930 5336
9931 5474
9932 6145
9933 5453
9934 5838
9935 5409
9936 4957
9937 5588
9938 5977
9939 5262
9940 5161
9941 5199
9942 5842
9943 5083
9944 5216
9945 5486
9946 5692
9947 6450
9948 5087
9949 5971
9950 5204
9951 4967
9952 5734
9953 6566
9954 5085
9955 5086
9956 5718
9957 5455
9958 6340
9959 5211
9960 5092
9961 5835
9962 5335
9963 5467
9964 5704
9965 6555
9966 5243
9967 6142
9968 5407
9969 6405
9970 5652
9971 5829
9972 5213
9973 5696
9974 5967
9975 -994416
9976 5776
9977 6350
9978 5512
9979 6091
9980 5608
9981 6002
9982 5418
9983 6820
9984 6982
9985 5572
9986 5082
9987 5778
9988 6771
9989 5655
9990 5558
9991 5302
9992 4959
9993 5338
9994 5108
9995 5315
9996 5339
9997 5593
9998 4966
9999 5329
