0 95
1 18
2 20
3 18
4 17
5 37
6 19
7 18
8 18
9 17
10 18
11 19
12 17
13 17
14 17
15 17
16 19
17 18
18 18
19 17
20 17
21 17
22 18
23 17
24 17
25 18
26 17
27 17
28 22
29 18
30 18
31 18
32 18
33 18
34 18
35 17
36 18
37 18
38 18
39 22
40 21
41 20
42 18
43 18
44 17
45 17
46 17
47 17
48 17
49 17
50 20
51 18
52 18
53 17
54 18
55 19
56 17
57 19
58 18
59 17
60 17
61 17
62 17
63 17
64 18
65 17
66 17
67 17
68 17
69 17
70 17
71 28
72 18
73 17
74 17
75 17
76 17
77 17
78 17
79 17
80 17
81 17
82 17
83 18
84 18
85 17
86 17
87 17
88 18
89 17
90 17
91 17
92 20
93 17
94 18
95 19
96 20
97 18
98 17
99 19
100 17
101 17
102 17
103 18
104 18
105 21
106 20
107 19
108 19
109 18
110 19
111 17
112 18
113 18
114 18
115 18
116 17
117 19
118 18
119 17
120 18
121 18
122 17
123 18
124 18
125 19
126 18
127 20
128 18
129 21
130 19
131 19
132 17
133 18
134 17
135 18
136 18
137 19
138 18
139 17
140 17
141 18
142 20
143 21
144 18
145 17
146 17
147 36
148 19
149 20
150 19
151 19
152 20
153 19
154 18
155 19
156 24
157 17
158 17
159 18
160 17
161 17
162 18
163 19
164 18
165 18
166 17
167 18
168 19
169 21
170 19
171 19
172 17
173 17
174 18
175 18
176 18
177 19
178 17
179 17
180 18
181 17
182 18
183 18
184 17
185 17
186 17
187 18
188 17
189 18
190 18
191 18
192 18
193 18
194 17
195 16
196 17
197 17
198 17
199 17
200 17
201 18
202 19
203 17
204 17
205 18
206 18
207 17
208 17
209 18
210 17
211 18
212 17
213 20
214 17
215 17
216 17
217 18
218 18
219 18
220 20
221 18
222 16
223 18
224 19
225 17
226 17
227 18
228 17
229 17
230 17
231 17
232 17
233 17
234 27
235 19
236 17
237 18
238 18
239 18
240 17
241 17
242 17
243 18
244 18
245 18
246 18
247 17
248 17
249 17
250 17
251 17
252 18
253 18
254 18
255 17
256 18
257 18
258 17
259 17
260 17
261 17
262 18
263 18
264 18
265 18
266 17
267 17
268 18
269 17
270 310
271 24
272 18
273 18
274 17
275 17
276 17
277 17
278 17
279 17
280 18
281 18
282 17
283 17
284 18
285 17
286 17
287 17
288 18
289 18
290 18
291 19
292 18
293 18
294 18
295 18
296 17
297 18
298 18
299 18
300 20
301 18
302 17
303 18
304 18
305 17
306 18
307 17
308 17
309 18
310 17
311 18
312 18
313 17
314 18
315 18
316 18
317 17
318 17
319 18
320 17
321 17
322 18
323 18
324 18
325 18
326 17
327 18
328 33
329 18
330 18
331 18
332 18
333 17
334 18
335 17
336 17
337 17
338 18
339 18
340 18
341 17
342 18
343 18
344 19
345 18
346 18
347 18
348 18
349 18
350 17
351 18
352 17
353 18
354 17
355 18
356 18
357 18
358 18
359 18
360 18
361 17
362 18
363 18
364 17
365 17
366 18
367 18
368 17
369 18
370 17
371 18
372 18
373 18
374 17
375 18
376 17
377 17
378 18
379 18
380 17
381 17
382 18
383 17
384 17
385 18
386 18
387 17
388 18
389 17
390 18
391 17
392 18
393 17
394 17
395 18
396 17
397 18
398 19
399 26
400 18
401 17
402 17
403 17
404 18
405 18
406 18
407 18
408 18
409 19
410 18
411 19
412 18
413 17
414 17
415 17
416 17
417 17
418 17
419 17
420 17
421 17
422 18
423 18
424 17
425 17
426 18
427 19
428 17
429 18
430 18
431 18
432 18
433 17
434 23
435 18
436 18
437 18
438 17
439 18
440 18
441 17
442 18
443 18
444 18
445 17
446 17
447 18
448 18
449 19
450 17
451 18
452 18
453 18
454 18
455 17
456 18
457 17
458 17
459 19
460 18
461 17
462 18
463 18
464 18
465 18
466 17
467 18
468 18
469 17
470 18
471 17
472 17
473 18
474 17
475 17
476 19
477 18
478 18
479 17
480 18
481 17
482 17
483 18
484 17
485 17
486 18
487 19
488 18
489 17
490 18
491 17
492 17
493 17
494 18
495 17
496 17
497 17
498 18
499 18
500 18
501 18
502 18
503 27
504 18
505 17
506 17
507 18
508 18
509 18
510 18
511 18
512 18
513 17
514 17
515 18
516 17
517 17
518 18
519 17
520 17
521 18
522 18
523 17
524 18
525 18
526 17
527 18
528 19
529 17
530 18
531 17
532 17
533 17
534 17
535 17
536 17
537 18
538 17
539 18
540 17
541 17
542 17
543 18
544 18
545 17
546 17
547 17
548 17
549 17
550 17
551 18
552 18
553 27
554 19
555 17
556 17
557 17
558 17
559 17
560 18
561 18
562 17
563 17
564 17
565 18
566 18
567 17
568 17
569 18
570 19
571 19
572 17
573 17
574 17
575 18
576 17
577 17
578 18
579 18
580 18
581 17
582 17
583 17
584 17
585 17
586 17
587 19
588 17
589 18
590 17
591 18
592 18
593 17
594 17
595 18
596 18
597 17
598 18
599 19
600 18
601 18
602 17
603 18
604 18
605 18
606 17
607 18
608 17
609 18
610 19
611 22
612 18
613 18
614 17
615 17
616 18
617 18
618 17
619 17
620 17
621 18
622 17
623 17
624 18
625 18
626 19
627 17
628 17
629 18
630 18
631 17
632 18
633 18
634 17
635 18
636 18
637 18
638 18
639 17
640 18
641 17
642 18
643 19
644 18
645 18
646 17
647 18
648 18
649 17
650 18
651 17
652 18
653 18
654 19
655 17
656 17
657 18
658 18
659 17
660 18
661 17
662 18
663 18
664 18
665 19
666 17
667 18
668 18
669 17
670 17
671 17
672 17
673 17
674 17
675 17
676 17
677 17
678 18
679 17
680 17
681 18
682 19
683 18
684 17
685 18
686 19
687 19
688 18
689 17
690 18
691 18
692 18
693 17
694 18
695 17
696 18
697 17
698 19
699 18
700 18
701 17
702 18
703 17
704 18
705 18
706 18
707 17
708 17
709 17
710 18
711 18
712 18
713 18
714 18
715 19
716 18
717 18
718 18
719 17
720 19
721 18
722 17
723 17
724 18
725 17
726 17
727 17
728 18
729 18
730 17
731 17
732 18
733 18
734 17
735 18
736 18
737 19
738 17
739 18
740 17
741 17
742 18
743 18
744 18
745 17
746 17
747 18
748 18
749 17
750 18
751 18
752 18
753 18
754 20
755 18
756 18
757 17
758 17
759 17
760 17
761 17
762 17
763 18
764 17
765 17
766 17
767 17
768 17
769 17
770 18
771 19
772 17
773 18
774 17
775 18
776 17
777 17
778 18
779 18
780 18
781 17
782 18
783 17
784 18
785 18
786 18
787 18
788 17
789 29
790 19
791 18
792 17
793 18
794 18
795 17
796 18
797 17
798 18
799 18
800 17
801 17
802 18
803 17
804 18
805 19
806 19
807 18
808 17
809 18
810 18
811 17
812 17
813 18
814 18
815 17
816 17
817 17
818 17
819 17
820 18
821 18
822 18
823 18
824 17
825 18
826 17
827 17
828 18
829 17
830 18
831 18
832 17
833 17
834 18
835 17
836 17
837 19
838 20
839 19
840 18
841 18
842 18
843 18
844 17
845 18
846 17
847 18
848 18
849 19
850 20
851 17
852 18
853 17
854 17
855 17
856 18
857 18
858 17
859 17
860 17
861 17
862 17
863 18
864 18
865 19
866 18
867 17
868 18
869 18
870 17
871 18
872 18
873 18
874 17
875 19
876 19
877 18
878 17
879 17
880 18
881 17
882 18
883 18
884 18
885 18
886 17
887 19
888 18
889 18
890 17
891 18
892 19
893 19
894 17
895 17
896 17
897 17
898 17
899 17
900 17
901 17
902 17
903 17
904 17
905 17
906 17
907 17
908 17
909 18
910 18
911 18
912 17
913 17
914 17
915 18
916 17
917 17
918 17
919 17
920 17
921 27
922 20
923 18
924 18
925 17
926 18
927 17
928 17
929 18
930 -999982
931 19
932 19
933 18
934 18
935 18
936 18
937 19
938 18
939 18
940 17
941 19
942 18
943 17
944 17
945 18
946 18
947 18
948 19
949 18
950 17
951 18
952 18
953 17
954 17
955 17
956 18
957 17
958 18
959 18
960 18
961 17
962 17
963 18
964 18
965 17
966 27
967 18
968 17
969 18
970 18
971 19
972 19
973 18
974 18
975 17
976 18
977 17
978 18
979 17
980 17
981 18
982 18
983 18
984 18
985 18
986 18
987 19
988 18
989 17
990 18
991 17
992 17
993 17
994 17
995 17
996 17
997 18
998 19
999 18
1000 17
1001 18
1002 18
1003 17
1004 17
1005 17
1006 17
1007 18
1008 17
1009 18
1010 18
1011 18
1012 18
1013 18
1014 17
1015 19
1016 18
1017 17
1018 17
1019 17
1020 19
1021 17
1022 18
1023 17
1024 17
1025 18
1026 17
1027 18
1028 17
1029 17
1030 17
1031 18
1032 18
1033 18
1034 17
1035 18
1036 17
1037 18
1038 19
1039 18
1040 18
1041 17
1042 17
1043 17
1044 17
1045 18
1046 18
1047 18
1048 19
1049 17
1050 17
1051 17
1052 17
1053 18
1054 18
1055 17
1056 18
1057 17
1058 19
1059 20
1060 18
1061 17
1062 18
1063 17
1064 17
1065 17
1066 17
1067 17
1068 17
1069 17
1070 17
1071 17
1072 17
1073 17
1074 17
1075 18
1076 18
1077 18
1078 17
1079 17
1080 17
1081 17
1082 17
1083 17
1084 17
1085 17
1086 18
1087 18
1088 18
1089 17
1090 17
1091 18
1092 18
1093 18
1094 18
1095 17
1096 17
1097 17
1098 17
1099 18
1100 19
1101 18
1102 18
1103 18
1104 18
1105 17
1106 17
1107 17
1108 18
1109 17
1110 17
1111 17
1112 17
1113 17
1114 17
1115 18
1116 18
1117 18
1118 17
1119 17
1120 17
1121 18
1122 19
1123 17
1124 18
1125 18
1126 18
1127 17
1128 17
1129 18
1130 17
1131 17
1132 18
1133 17
1134 18
1135 17
1136 18
1137 18
1138 19
1139 17
1140 18
1141 17
1142 18
1143 17
1144 17
1145 18
1146 18
1147 17
1148 17
1149 18
1150 17
1151 17
1152 18
1153 17
1154 17
1155 18
1156 18
1157 17
1158 18
1159 17
1160 18
1161 18
1162 18
1163 18
1164 17
1165 17
1166 18
1167 18
1168 18
1169 17
1170 18
1171 17
1172 18
1173 17
1174 17
1175 17
1176 18
1177 18
1178 17
1179 17
1180 17
1181 17
1182 18
1183 18
1184 18
1185 18
1186 18
1187 18
1188 18
1189 17
1190 18
1191 17
1192 17
1193 18
1194 18
1195 18
1196 17
1197 18
1198 18
1199 17
1200 18
1201 17
1202 18
1203 17
1204 18
1205 17
1206 17
1207 18
1208 18
1209 17
1210 18
1211 17
1212 17
1213 18
1214 17
1215 18
1216 17
1217 18
1218 17
1219 18
1220 18
1221 17
1222 18
1223 17
1224 18
1225 18
1226 18
1227 18
1228 17
1229 18
1230 18
1231 17
1232 18
1233 17
1234 17
1235 18
1236 17
1237 17
1238 17
1239 18
1240 17
1241 17
1242 18
1243 17
1244 17
1245 18
1246 17
1247 18
1248 17
1249 17
1250 18
1251 17
1252 17
1253 18
1254 17
1255 18
1256 19
1257 18
1258 17
1259 18
1260 18
1261 18
1262 18
1263 17
1264 29
1265 18
1266 18
1267 17
1268 18
1269 18
1270 18
1271 18
1272 17
1273 17
1274 18
1275 18
1276 18
1277 18
1278 17
1279 17
1280 18
1281 17
1282 18
1283 17
1284 17
1285 17
1286 18
1287 17
1288 18
1289 17
1290 17
1291 21
1292 18
1293 18
1294 18
1295 18
1296 18
1297 17
1298 18
1299 17
1300 18
1301 18
1302 17
1303 18
1304 17
1305 21
1306 18
1307 17
1308 27
1309 19
1310 17
1311 17
1312 18
1313 18
1314 19
1315 17
1316 18
1317 17
1318 18
1319 19
1320 18
1321 33
1322 17
1323 17
1324 17
1325 17
1326 17
1327 17
1328 17
1329 17
1330 18
1331 17
1332 17
1333 17
1334 17
1335 17
1336 17
1337 17
1338 18
1339 17
1340 17
1341 17
1342 17
1343 17
1344 17
1345 17
1346 17
1347 17
1348 17
1349 18
1350 19
1351 18
1352 17
1353 17
1354 17
1355 17
1356 18
1357 18
1358 18
1359 17
1360 17
1361 17
1362 17
1363 17
1364 17
1365 17
1366 18
1367 18
1368 18
1369 20
1370 18
1371 18
1372 18
1373 18
1374 18
1375 19
1376 17
1377 18
1378 17
1379 17
1380 17
1381 17
1382 18
1383 18
1384 17
1385 27
1386 18
1387 17
1388 17
1389 18
1390 18
1391 19
1392 17
1393 17
1394 17
1395 17
1396 17
1397 17
1398 17
1399 17
1400 17
1401 17
1402 17
1403 17
1404 17
1405 17
1406 17
1407 17
1408 18
1409 17
1410 18
1411 16
1412 17
1413 17
1414 18
1415 18
1416 17
1417 18
1418 17
1419 18
1420 17
1421 17
1422 17
1423 17
1424 17
1425 17
1426 17
1427 17
1428 17
1429 17
1430 18
1431 19
1432 18
1433 20
1434 17
1435 18
1436 17
1437 17
1438 18
1439 17
1440 17
1441 18
1442 19
1443 17
1444 17
1445 18
1446 17
1447 17
1448 17
1449 18
1450 17
1451 17
1452 17
1453 18
1454 18
1455 18
1456 18
1457 17
1458 17
1459 18
1460 18
1461 17
1462 17
1463 17
1464 18
1465 18
1466 19
1467 18
1468 17
1469 17
1470 17
1471 17
1472 17
1473 17
1474 17
1475 18
1476 18
1477 17
1478 18
1479 18
1480 19
1481 18
1482 17
1483 18
1484 17
1485 17
1486 18
1487 18
1488 18
1489 17
1490 17
1491 18
1492 17
1493 17
1494 17
1495 17
1496 18
1497 20
1498 17
1499 22
1500 18
1501 18
1502 17
1503 18
1504 18
1505 17
1506 17
1507 18
1508 18
1509 18
1510 18
1511 18
1512 17
1513 17
1514 18
1515 18
1516 17
1517 17
1518 17
1519 17
1520 18
1521 18
1522 17
1523 17
1524 20
1525 17
1526 26
1527 18
1528 18
1529 18
1530 17
1531 17
1532 17
1533 18
1534 17
1535 17
1536 19
1537 19
1538 17
1539 18
1540 17
1541 18
1542 17
1543 17
1544 18
1545 18
1546 18
1547 17
1548 17
1549 17
1550 18
1551 18
1552 18
1553 17
1554 17
1555 17
1556 18
1557 18
1558 18
1559 26
1560 19
1561 19
1562 17
1563 18
1564 18
1565 17
1566 17
1567 17
1568 17
1569 18
1570 17
1571 17
1572 18
1573 18
1574 17
1575 18
1576 18
1577 18
1578 17
1579 17
1580 18
1581 18
1582 17
1583 17
1584 17
1585 18
1586 17
1587 26
1588 18
1589 18
1590 17
1591 18
1592 18
1593 17
1594 17
1595 17
1596 17
1597 17
1598 17
1599 17
1600 17
1601 17
1602 17
1603 18
1604 18
1605 17
1606 18
1607 19
1608 17
1609 17
1610 18
1611 17
1612 18
1613 18
1614 19
1615 17
1616 18
1617 18
1618 19
1619 19
1620 18
1621 18
1622 18
1623 17
1624 17
1625 19
1626 18
1627 17
1628 18
1629 18
1630 18
1631 18
1632 17
1633 17
1634 18
1635 17
1636 17
1637 18
1638 18
1639 17
1640 17
1641 17
1642 18
1643 18
1644 17
1645 17
1646 27
1647 18
1648 17
1649 18
1650 17
1651 17
1652 17
1653 18
1654 17
1655 17
1656 17
1657 17
1658 17
1659 17
1660 17
1661 17
1662 17
1663 18
1664 18
1665 18
1666 17
1667 17
1668 17
1669 18
1670 17
1671 18
1672 18
1673 17
1674 18
1675 18
1676 17
1677 27
1678 17
1679 18
1680 17
1681 18
1682 17
1683 17
1684 18
1685 17
1686 17
1687 17
1688 18
1689 18
1690 18
1691 18
1692 17
1693 17
1694 17
1695 17
1696 18
1697 17
1698 18
1699 17
1700 18
1701 18
1702 18
1703 19
1704 17
1705 18
1706 17
1707 18
1708 18
1709 18
1710 18
1711 18
1712 17
1713 18
1714 18
1715 17
1716 18
1717 18
1718 19
1719 17
1720 18
1721 17
1722 18
1723 17
1724 17
1725 17
1726 18
1727 18
1728 17
1729 18
1730 18
1731 17
1732 17
1733 18
1734 18
1735 18
1736 18
1737 17
1738 18
1739 18
1740 20
1741 18
1742 18
1743 17
1744 18
1745 19
1746 18
1747 17
1748 17
1749 18
1750 18
1751 19
1752 18
1753 17
1754 18
1755 19
1756 18
1757 18
1758 18
1759 17
1760 17
1761 17
1762 17
1763 18
1764 18
1765 18
1766 18
1767 18
1768 17
1769 17
1770 18
1771 18
1772 17
1773 17
1774 17
1775 17
1776 17
1777 17
1778 18
1779 17
1780 18
1781 17
1782 17
1783 17
1784 17
1785 18
1786 18
1787 18
1788 17
1789 17
1790 17
1791 17
1792 17
1793 17
1794 19
1795 17
1796 17
1797 18
1798 18
1799 18
1800 18
1801 17
1802 17
1803 17
1804 17
1805 17
1806 17
1807 17
1808 20
1809 17
1810 17
1811 16
1812 18
1813 17
1814 17
1815 17
1816 17
1817 17
1818 17
1819 17
1820 18
1821 17
1822 17
1823 17
1824 17
1825 17
1826 17
1827 17
1828 17
1829 17
1830 17
1831 17
1832 17
1833 17
1834 18
1835 18
1836 17
1837 17
1838 17
1839 17
1840 17
1841 17
1842 18
1843 16
1844 17
1845 17
1846 17
1847 17
1848 17
1849 20
1850 17
1851 17
1852 18
1853 17
1854 17
1855 17
1856 17
1857 17
1858 19
1859 18
1860 17
1861 17
1862 17
1863 17
1864 17
1865 17
1866 17
1867 17
1868 17
1869 17
1870 17
1871 18
1872 18
1873 17
1874 18
1875 17
1876 18
1877 18
1878 18
1879 29
1880 18
1881 17
1882 17
1883 17
1884 17
1885 17
1886 17
1887 17
1888 17
1889 17
1890 18
1891 18
1892 18
1893 17
1894 17
1895 18
1896 18
1897 19
1898 18
1899 18
1900 18
1901 17
1902 17
1903 17
1904 17
1905 17
1906 18
1907 18
1908 19
1909 18
1910 18
1911 18
1912 18
1913 17
1914 17
1915 17
1916 18
1917 18
1918 17
1919 17
1920 17
1921 18
1922 19
1923 17
1924 19
1925 17
1926 18
1927 17
1928 17
1929 18
1930 19
1931 17
1932 18
1933 18
1934 17
1935 17
1936 17
1937 17
1938 18
1939 18
1940 27
1941 19
1942 18
1943 17
1944 18
1945 17
1946 17
1947 18
1948 18
1949 18
1950 18
1951 18
1952 19
1953 17
1954 17
1955 18
1956 18
1957 18
1958 17
1959 17
1960 18
1961 18
1962 18
1963 17
1964 18
1965 18
1966 17
1967 17
1968 17
1969 17
1970 17
1971 18
1972 18
1973 17
1974 17
1975 17
1976 18
1977 18
1978 18
1979 18
1980 18
1981 18
1982 19
1983 17
1984 18
1985 17
1986 19
1987 18
1988 18
1989 17
1990 17
1991 17
1992 17
1993 17
1994 17
1995 17
1996 18
1997 19
1998 17
1999 17
2000 17
2001 17
2002 17
2003 17
2004 17
2005 17
2006 18
2007 17
2008 19
2009 18
2010 18
2011 17
2012 18
2013 18
2014 18
2015 18
2016 17
2017 17
2018 18
2019 17
2020 17
2021 17
2022 17
2023 17
2024 17
2025 18
2026 29
2027 17
2028 17
2029 17
2030 17
2031 17
2032 17
2033 17
2034 17
2035 17
2036 17
2037 17
2038 17
2039 17
2040 17
2041 17
2042 17
2043 17
2044 17
2045 18
2046 17
2047 28
2048 19
2049 17
2050 19
2051 18
2052 18
2053 17
2054 17
2055 18
2056 18
2057 18
2058 18
2059 18
2060 17
2061 17
2062 17
2063 17
2064 17
2065 17
2066 17
2067 17
2068 18
2069 17
2070 18
2071 17
2072 17
2073 17
2074 18
2075 18
2076 17
2077 17
2078 18
2079 17
2080 17
2081 17
2082 17
2083 17
2084 17
2085 17
2086 17
2087 17
2088 18
2089 17
2090 17
2091 18
2092 18
2093 17
2094 17
2095 17
2096 27
2097 18
2098 18
2099 18
2100 17
2101 17
2102 17
2103 17
2104 16
2105 18
2106 17
2107 25
2108 18
2109 17
2110 17
2111 17
2112 18
2113 17
2114 19
2115 17
2116 18
2117 17
2118 17
2119 18
2120 17
2121 17
2122 18
2123 17
2124 18
2125 18
2126 18
2127 17
2128 17
2129 17
2130 17
2131 17
2132 17
2133 17
2134 18
2135 18
2136 17
2137 17
2138 17
2139 17
2140 17
2141 19
2142 18
2143 17
2144 18
2145 18
2146 18
2147 19
2148 18
2149 17
2150 17
2151 18
2152 18
2153 19
2154 17
2155 17
2156 17
2157 27
2158 19
2159 19
2160 18
2161 17
2162 17
2163 18
2164 17
2165 17
2166 17
2167 17
2168 17
2169 17
2170 17
2171 17
2172 17
2173 17
2174 17
2175 19
2176 17
2177 17
2178 19
2179 26
2180 18
2181 17
2182 17
2183 17
2184 18
2185 18
2186 17
2187 17
2188 18
2189 18
2190 17
2191 17
2192 17
2193 18
2194 18
2195 17
2196 19
2197 19
2198 17
2199 17
2200 18
2201 17
2202 17
2203 17
2204 22
2205 17
2206 17
2207 17
2208 17
2209 17
2210 17
2211 17
2212 17
2213 19
2214 17
2215 17
2216 18
2217 17
2218 17
2219 17
2220 17
2221 17
2222 17
2223 17
2224 18
2225 16
2226 17
2227 17
2228 17
2229 17
2230 17
2231 17
2232 17
2233 17
2234 17
2235 17
2236 17
2237 17
2238 17
2239 17
2240 21
2241 17
2242 28
2243 19
2244 17
2245 17
2246 18
2247 17
2248 17
2249 17
2250 18
2251 17
2252 19
2253 19
2254 17
2255 18
2256 18
2257 18
2258 17
2259 17
2260 17
2261 17
2262 18
2263 19
2264 17
2265 18
2266 18
2267 19
2268 17
2269 17
2270 17
2271 18
2272 18
2273 17
2274 17
2275 18
2276 18
2277 17
2278 17
2279 18
2280 17
2281 17
2282 17
2283 17
2284 18
2285 18
2286 26
2287 18
2288 18
2289 17
2290 18
2291 18
2292 19
2293 17
2294 18
2295 18
2296 18
2297 18
2298 18
2299 18
2300 17
2301 17
2302 17
2303 18
2304 18
2305 17
2306 19
2307 17
2308 17
2309 17
2310 18
2311 18
2312 17
2313 17
2314 17
2315 17
2316 17
2317 17
2318 18
2319 17
2320 18
2321 19
2322 17
2323 17
2324 19
2325 18
2326 18
2327 17
2328 17
2329 17
2330 17
2331 17
2332 17
2333 17
2334 16
2335 18
2336 18
2337 17
2338 17
2339 17
2340 17
2341 17
2342 18
2343 18
2344 17
2345 17
2346 26
2347 19
2348 17
2349 17
2350 17
2351 18
2352 17
2353 17
2354 17
2355 17
2356 17
2357 17
2358 17
2359 17
2360 17
2361 17
2362 17
2363 17
2364 17
2365 17
2366 17
2367 17
2368 17
2369 17
2370 19
2371 17
2372 17
2373 17
2374 18
2375 17
2376 17
2377 17
2378 18
2379 17
2380 17
2381 17
2382 16
2383 19
2384 17
2385 17
2386 18
2387 17
2388 17
2389 17
2390 17
2391 17
2392 17
2393 17
2394 17
2395 17
2396 17
2397 17
2398 17
2399 17
2400 17
2401 16
2402 17
2403 17
2404 17
2405 18
2406 18
2407 17
2408 17
2409 17
2410 17
2411 16
2412 17
2413 17
2414 17
2415 27
2416 18
2417 17
2418 17
2419 18
2420 18
2421 17
2422 18
2423 18
2424 18
2425 19
2426 19
2427 18
2428 18
2429 17
2430 18
2431 19
2432 17
2433 17
2434 19
2435 17
2436 17
2437 17
2438 17
2439 17
2440 17
2441 17
2442 17
2443 17
2444 17
2445 17
2446 17
2447 17
2448 17
2449 17
2450 17
2451 17
2452 17
2453 17
2454 26
2455 18
2456 18
2457 17
2458 18
2459 17
2460 19
2461 17
2462 17
2463 18
2464 18
2465 17
2466 17
2467 17
2468 17
2469 18
2470 19
2471 18
2472 18
2473 17
2474 17
2475 17
2476 17
2477 17
2478 17
2479 17
2480 26
2481 18
2482 17
2483 17
2484 17
2485 17
2486 17
2487 17
2488 17
2489 18
2490 18
2491 17
2492 20
2493 18
2494 18
2495 17
2496 17
2497 17
2498 19
2499 17
2500 17
2501 17
2502 17
2503 17
2504 17
2505 18
2506 17
2507 17
2508 17
2509 17
2510 17
2511 17
2512 17
2513 17
2514 17
2515 26
2516 18
2517 18
2518 17
2519 17
2520 17
2521 19
2522 17
2523 17
2524 18
2525 17
2526 17
2527 18
2528 18
2529 17
2530 18
2531 18
2532 17
2533 17
2534 17
2535 17
2536 17
2537 17
2538 17
2539 18
2540 18
2541 17
2542 17
2543 18
2544 19
2545 17
2546 18
2547 18
2548 19
2549 18
2550 17
2551 18
2552 17
2553 17
2554 17
2555 17
2556 17
2557 18
2558 18
2559 17
2560 21
2561 18
2562 20
2563 18
2564 17
2565 17
2566 17
2567 17
2568 18
2569 18
2570 19
2571 18
2572 18
2573 17
2574 18
2575 17
2576 18
2577 18
2578 17
2579 17
2580 18
2581 19
2582 18
2583 17
2584 18
2585 18
2586 19
2587 17
2588 18
2589 17
2590 17
2591 18
2592 17
2593 18
2594 17
2595 17
2596 17
2597 19
2598 18
2599 17
2600 17
2601 17
2602 17
2603 17
2604 17
2605 18
2606 18
2607 17
2608 18
2609 18
2610 18
2611 18
2612 17
2613 18
2614 18
2615 17
2616 17
2617 17
2618 17
2619 18
2620 18
2621 17
2622 17
2623 18
2624 22
2625 18
2626 20
2627 18
2628 18
2629 20
2630 17
2631 17
2632 17
2633 17
2634 17
2635 17
2636 17
2637 18
2638 18
2639 18
2640 17
2641 17
2642 17
2643 17
2644 18
2645 17
2646 17
2647 17
2648 17
2649 17
2650 18
2651 17
2652 18
2653 18
2654 18
2655 17
2656 17
2657 17
2658 17
2659 17
2660 17
2661 17
2662 17
2663 17
2664 18
2665 30
2666 18
2667 17
2668 18
2669 18
2670 17
2671 17
2672 17
2673 17
2674 18
2675 17
2676 17
2677 18
2678 18
2679 17
2680 18
2681 17
2682 17
2683 17
2684 17
2685 17
2686 18
2687 19
2688 18
2689 17
2690 19
2691 17
2692 16
2693 17
2694 17
2695 17
2696 17
2697 18
2698 18
2699 17
2700 17
2701 17
2702 17
2703 17
2704 18
2705 17
2706 17
2707 17
2708 17
2709 17
2710 17
2711 17
2712 18
2713 17
2714 17
2715 17
2716 17
2717 17
2718 17
2719 18
2720 17
2721 18
2722 18
2723 18
2724 17
2725 17
2726 18
2727 17
2728 17
2729 17
2730 17
2731 18
2732 19
2733 18
2734 17
2735 18
2736 17
2737 17
2738 18
2739 33
2740 17
2741 17
2742 17
2743 17
2744 17
2745 17
2746 17
2747 27
2748 19
2749 18
2750 17
2751 17
2752 17
2753 18
2754 20
2755 18
2756 17
2757 17
2758 17
2759 17
2760 17
2761 17
2762 18
2763 18
2764 18
2765 18
2766 18
2767 17
2768 17
2769 17
2770 18
2771 17
2772 17
2773 17
2774 17
2775 18
2776 18
2777 18
2778 17
2779 18
2780 17
2781 18
2782 18
2783 17
2784 17
2785 17
2786 17
2787 17
2788 17
2789 17
2790 17
2791 17
2792 17
2793 17
2794 17
2795 17
2796 17
2797 17
2798 17
2799 26
2800 18
2801 17
2802 17
2803 17
2804 17
2805 17
2806 18
2807 18
2808 18
2809 18
2810 17
2811 17
2812 17
2813 17
2814 17
2815 17
2816 18
2817 17
2818 19
2819 17
2820 17
2821 18
2822 18
2823 18
2824 17
2825 18
2826 17
2827 17
2828 17
2829 17
2830 18
2831 18
2832 18
2833 17
2834 17
2835 18
2836 18
2837 17
2838 17
2839 17
2840 17
2841 17
2842 18
2843 17
2844 17
2845 17
2846 17
2847 17
2848 17
2849 17
2850 18
2851 18
2852 18
2853 18
2854 18
2855 18
2856 18
2857 18
2858 18
2859 17
2860 18
2861 17
2862 17
2863 17
2864 17
2865 18
2866 18
2867 17
2868 17
2869 17
2870 17
2871 17
2872 17
2873 17
2874 17
2875 17
2876 17
2877 17
2878 17
2879 17
2880 17
2881 18
2882 20
2883 17
2884 18
2885 18
2886 18
2887 18
2888 17
2889 17
2890 18
2891 17
2892 17
2893 17
2894 17
2895 17
2896 18
2897 17
2898 17
2899 17
2900 18
2901 17
2902 17
2903 17
2904 17
2905 17
2906 18
2907 18
2908 17
2909 17
2910 17
2911 17
2912 17
2913 18
2914 18
2915 18
2916 18
2917 17
2918 31
2919 18
2920 18
2921 18
2922 18
2923 17
2924 17
2925 17
2926 17
2927 18
2928 18
2929 17
2930 17
2931 17
2932 17
2933 18
2934 18
2935 18
2936 17
2937 17
2938 17
2939 17
2940 17
2941 17
2942 18
2943 18
2944 17
2945 17
2946 19
2947 18
2948 18
2949 17
2950 18
2951 17
2952 18
2953 18
2954 18
2955 18
2956 17
2957 17
2958 17
2959 17
2960 17
2961 17
2962 17
2963 17
2964 18
2965 18
2966 17
2967 17
2968 17
2969 17
2970 17
2971 17
2972 17
2973 18
2974 18
2975 17
2976 17
2977 17
2978 17
2979 17
2980 17
2981 17
2982 17
2983 18
2984 27
2985 18
2986 17
2987 17
2988 18
2989 18
2990 18
2991 18
2992 17
2993 17
2994 18
2995 18
2996 17
2997 17
2998 18
2999 17
3000 17
3001 18
3002 18
3003 17
3004 17
3005 20
3006 18
3007 17
3008 17
3009 18
3010 19
3011 18
3012 17
3013 17
3014 17
3015 17
3016 17
3017 17
3018 18
3019 18
3020 17
3021 27
3022 19
3023 18
3024 18
3025 16
3026 17
3027 18
3028 17
3029 18
3030 18
3031 17
3032 17
3033 19
3034 18
3035 17
3036 18
3037 17
3038 17
3039 17
3040 17
3041 17
3042 17
3043 17
3044 18
3045 17
3046 17
3047 17
3048 17
3049 17
3050 18
3051 18
3052 17
3053 18
3054 17
3055 17
3056 17
3057 17
3058 18
3059 17
3060 17
3061 17
3062 17
3063 17
3064 17
3065 17
3066 17
3067 17
3068 17
3069 17
3070 17
3071 17
3072 17
3073 17
3074 19
3075 18
3076 18
3077 26
3078 18
3079 17
3080 17
3081 17
3082 17
3083 17
3084 18
3085 17
3086 17
3087 17
3088 17
3089 17
3090 17
3091 17
3092 17
3093 17
3094 18
3095 18
3096 18
3097 31
3098 19
3099 18
3100 17
3101 17
3102 17
3103 17
3104 17
3105 17
3106 17
3107 17
3108 17
3109 17
3110 17
3111 28
3112 18
3113 17
3114 17
3115 17
3116 17
3117 18
3118 17
3119 17
3120 17
3121 17
3122 18
3123 18
3124 18
3125 17
3126 17
3127 17
3128 18
3129 18
3130 17
3131 17
3132 17
3133 17
3134 18
3135 17
3136 18
3137 17
3138 17
3139 18
3140 20
3141 18
3142 18
3143 17
3144 18
3145 18
3146 18
3147 17
3148 17
3149 17
3150 17
3151 17
3152 18
3153 17
3154 17
3155 17
3156 18
3157 18
3158 18
3159 18
3160 18
3161 17
3162 18
3163 17
3164 18
3165 18
3166 18
3167 18
3168 18
3169 18
3170 17
3171 17
3172 17
3173 17
3174 17
3175 17
3176 17
3177 17
3178 17
3179 18
3180 17
3181 18
3182 18
3183 17
3184 17
3185 17
3186 17
3187 17
3188 17
3189 17
3190 17
3191 17
3192 17
3193 17
3194 17
3195 17
3196 18
3197 17
3198 18
3199 17
3200 17
3201 17
3202 17
3203 17
3204 17
3205 17
3206 17
3207 17
3208 17
3209 17
3210 17
3211 18
3212 18
3213 18
3214 17
3215 17
3216 17
3217 17
3218 18
3219 18
3220 18
3221 17
3222 17
3223 17
3224 18
3225 18
3226 18
3227 17
3228 18
3229 17
3230 18
3231 17
3232 17
3233 17
3234 17
3235 17
3236 17
3237 17
3238 17
3239 18
3240 18
3241 18
3242 17
3243 17
3244 17
3245 17
3246 17
3247 18
3248 18
3249 18
3250 19
3251 18
3252 17
3253 18
3254 18
3255 17
3256 17
3257 18
3258 17
3259 17
3260 18
3261 18
3262 17
3263 17
3264 18
3265 17
3266 18
3267 18
3268 28
3269 19
3270 18
3271 17
3272 17
3273 17
3274 18
3275 17
3276 17
3277 18
3278 17
3279 18
3280 18
3281 18
3282 18
3283 17
3284 17
3285 17
3286 17
3287 17
3288 18
3289 17
3290 17
3291 17
3292 17
3293 17
3294 17
3295 18
3296 18
3297 19
3298 18
3299 18
3300 18
3301 17
3302 18
3303 17
3304 17
3305 18
3306 17
3307 18
3308 19
3309 18
3310 17
3311 17
3312 17
3313 17
3314 17
3315 18
3316 18
3317 17
3318 18
3319 18
3320 17
3321 17
3322 18
3323 18
3324 18
3325 18
3326 17
3327 17
3328 18
3329 17
3330 17
3331 18
3332 17
3333 17
3334 18
3335 17
3336 17
3337 18
3338 17
3339 17
3340 17
3341 19
3342 18
3343 18
3344 18
3345 18
3346 17
3347 17
3348 17
3349 17
3350 17
3351 17
3352 18
3353 18
3354 17
3355 18
3356 18
3357 26
3358 19
3359 17
3360 18
3361 18
3362 17
3363 17
3364 17
3365 17
3366 18
3367 18
3368 18
3369 17
3370 17
3371 17
3372 18
3373 17
3374 19
3375 17
3376 17
3377 18
3378 17
3379 18
3380 18
3381 18
3382 17
3383 17
3384 17
3385 17
3386 18
3387 18
3388 17
3389 17
3390 17
3391 17
3392 18
3393 18
3394 17
3395 17
3396 18
3397 17
3398 18
3399 19
3400 18
3401 18
3402 17
3403 17
3404 17
3405 18
3406 17
3407 17
3408 18
3409 18
3410 17
3411 17
3412 17
3413 18
3414 18
3415 17
3416 17
3417 17
3418 18
3419 17
3420 17
3421 17
3422 18
3423 17
3424 18
3425 17
3426 17
3427 18
3428 18
3429 17
3430 18
3431 18
3432 17
3433 17
3434 18
3435 17
3436 17
3437 17
3438 17
3439 18
3440 21
3441 18
3442 26
3443 29
3444 18
3445 18
3446 17
3447 18
3448 18
3449 17
3450 17
3451 18
3452 18
3453 18
3454 18
3455 18
3456 18
3457 17
3458 18
3459 18
3460 17
3461 17
3462 17
3463 17
3464 18
3465 18
3466 17
3467 18
3468 19
3469 17
3470 17
3471 18
3472 17
3473 17
3474 17
3475 17
3476 17
3477 16
3478 17
3479 18
3480 18
3481 17
3482 18
3483 17
3484 17
3485 20
3486 17
3487 18
3488 17
3489 18
3490 17
3491 18
3492 17
3493 17
3494 18
3495 17
3496 18
3497 18
3498 17
3499 18
3500 18
3501 17
3502 17
3503 17
3504 18
3505 18
3506 17
3507 18
3508 18
3509 17
3510 17
3511 17
3512 21
3513 17
3514 18
3515 19
3516 18
3517 18
3518 18
3519 18
3520 17
3521 18
3522 18
3523 17
3524 18
3525 17
3526 18
3527 18
3528 18
3529 18
3530 17
3531 18
3532 18
3533 18
3534 17
3535 17
3536 18
3537 18
3538 18
3539 17
3540 18
3541 18
3542 17
3543 17
3544 17
3545 17
3546 17
3547 18
3548 18
3549 18
3550 17
3551 27
3552 18
3553 17
3554 17
3555 17
3556 17
3557 17
3558 17
3559 17
3560 17
3561 17
3562 17
3563 17
3564 17
3565 17
3566 17
3567 17
3568 18
3569 19
3570 17
3571 17
3572 17
3573 17
3574 17
3575 17
3576 17
3577 17
3578 17
3579 17
3580 17
3581 17
3582 17
3583 18
3584 17
3585 19
3586 18
3587 18
3588 17
3589 17
3590 17
3591 17
3592 17
3593 17
3594 17
3595 17
3596 26
3597 19
3598 18
3599 17
3600 17
3601 17
3602 17
3603 17
3604 17
3605 18
3606 18
3607 18
3608 18
3609 18
3610 17
3611 17
3612 17
3613 17
3614 17
3615 16
3616 18
3617 17
3618 18
3619 18
3620 18
3621 29
3622 17
3623 17
3624 18
3625 17
3626 17
3627 17
3628 17
3629 17
3630 17
3631 18
3632 18
3633 16
3634 18
3635 18
3636 18
3637 18
3638 17
3639 17
3640 17
3641 17
3642 17
3643 17
3644 17
3645 17
3646 17
3647 17
3648 18
3649 17
3650 17
3651 17
3652 17
3653 18
3654 18
3655 17
3656 17
3657 17
3658 17
3659 26
3660 18
3661 18
3662 17
3663 18
3664 19
3665 17
3666 17
3667 17
3668 17
3669 18
3670 17
3671 17
3672 18
3673 18
3674 18
3675 19
3676 18
3677 17
3678 17
3679 17
3680 17
3681 18
3682 18
3683 17
3684 18
3685 18
3686 16
3687 17
3688 17
3689 17
3690 17
3691 17
3692 17
3693 17
3694 18
3695 17
3696 17
3697 18
3698 18
3699 17
3700 17
3701 17
3702 17
3703 17
3704 17
3705 17
3706 17
3707 17
3708 17
3709 17
3710 17
3711 17
3712 17
3713 17
3714 17
3715 17
3716 17
3717 17
3718 17
3719 17
3720 17
3721 18
3722 18
3723 18
3724 18
3725 18
3726 18
3727 18
3728 18
3729 18
3730 17
3731 19
3732 18
3733 18
3734 17
3735 18
3736 17
3737 18
3738 18
3739 17
3740 17
3741 17
3742 17
3743 18
3744 17
3745 17
3746 17
3747 17
3748 17
3749 17
3750 17
3751 17
3752 18
3753 17
3754 18
3755 18
3756 18
3757 17
3758 20
3759 17
3760 18
3761 19
3762 19
3763 17
3764 17
3765 17
3766 18
3767 17
3768 17
3769 17
3770 17
3771 17
3772 17
3773 17
3774 17
3775 17
3776 17
3777 17
3778 17
3779 17
3780 18
3781 18
3782 17
3783 17
3784 17
3785 17
3786 17
3787 18
3788 17
3789 17
3790 17
3791 17
3792 18
3793 18
3794 18
3795 17
3796 25
3797 18
3798 18
3799 18
3800 23
3801 18
3802 17
3803 18
3804 17
3805 17
3806 18
3807 18
3808 17
3809 18
3810 17
3811 17
3812 17
3813 26
3814 18
3815 18
3816 17
3817 17
3818 17
3819 17
3820 17
3821 17
3822 17
3823 17
3824 17
3825 17
3826 17
3827 17
3828 17
3829 17
3830 17
3831 18
3832 17
3833 19
3834 17
3835 18
3836 18
3837 17
3838 18
3839 17
3840 17
3841 17
3842 18
3843 19
3844 18
3845 17
3846 17
3847 18
3848 19
3849 18
3850 18
3851 17
3852 18
3853 17
3854 17
3855 18
3856 18
3857 17
3858 18
3859 19
3860 18
3861 18
3862 17
3863 18
3864 18
3865 17
3866 18
3867 18
3868 17
3869 18
3870 19
3871 19
3872 17
3873 18
3874 17
3875 26
3876 18
3877 18
3878 17
3879 17
3880 17
3881 17
3882 17
3883 17
3884 18
3885 18
3886 25
3887 18
3888 17
3889 17
3890 18
3891 17
3892 17
3893 17
3894 17
3895 17
3896 18
3897 17
3898 17
3899 17
3900 17
3901 17
3902 18
3903 18
3904 19
3905 18
3906 17
3907 17
3908 17
3909 16
3910 17
3911 17
3912 17
3913 17
3914 18
3915 18
3916 17
3917 17
3918 17
3919 17
3920 18
3921 19
3922 18
3923 17
3924 17
3925 17
3926 18
3927 17
3928 18
3929 17
3930 18
3931 17
3932 17
3933 17
3934 17
3935 18
3936 17
3937 18
3938 18
3939 17
3940 17
3941 17
3942 17
3943 17
3944 17
3945 17
3946 17
3947 17
3948 18
3949 18
3950 17
3951 17
3952 17
3953 17
3954 18
3955 19
3956 18
3957 17
3958 17
3959 17
3960 18
3961 17
3962 18
3963 17
3964 18
3965 18
3966 17
3967 17
3968 18
3969 18
3970 18
3971 17
3972 18
3973 18
3974 18
3975 17
3976 26
3977 19
3978 33
3979 19
3980 17
3981 17
3982 18
3983 17
3984 18
3985 17
3986 26
3987 18
3988 18
3989 18
3990 17
3991 18
3992 17
3993 18
3994 17
3995 17
3996 17
3997 24
3998 18
3999 17
4000 17
4001 17
4002 19
4003 19
4004 18
4005 17
4006 18
4007 18
4008 17
4009 18
4010 18
4011 17
4012 17
4013 17
4014 19
4015 17
4016 17
4017 18
4018 18
4019 18
4020 17
4021 17
4022 18
4023 18
4024 17
4025 19
4026 17
4027 18
4028 17
4029 17
4030 17
4031 18
4032 17
4033 17
4034 17
4035 17
4036 17
4037 17
4038 17
4039 17
4040 17
4041 18
4042 19
4043 18
4044 18
4045 17
4046 17
4047 17
4048 17
4049 17
4050 17
4051 17
4052 17
4053 18
4054 19
4055 18
4056 17
4057 17
4058 17
4059 17
4060 17
4061 17
4062 17
4063 17
4064 17
4065 17
4066 17
4067 17
4068 17
4069 17
4070 17
4071 17
4072 17
4073 18
4074 18
4075 17
4076 17
4077 17
4078 17
4079 17
4080 17
4081 18
4082 17
4083 18
4084 19
4085 18
4086 17
4087 17
4088 17
4089 17
4090 18
4091 17
4092 19
4093 19
4094 18
4095 17
4096 17
4097 17
4098 17
4099 17
4100 17
4101 17
4102 17
4103 26
4104 18
4105 18
4106 18
4107 18
4108 18
4109 17
4110 17
4111 18
4112 18
4113 17
4114 18
4115 17
4116 18
4117 18
4118 17
4119 17
4120 22
4121 18
4122 17
4123 17
4124 17
4125 17
4126 18
4127 17
4128 17
4129 17
4130 17
4131 17
4132 17
4133 17
4134 17
4135 18
4136 17
4137 17
4138 17
4139 17
4140 17
4141 17
4142 18
4143 17
4144 17
4145 17
4146 17
4147 17
4148 17
4149 18
4150 17
4151 17
4152 17
4153 17
4154 18
4155 17
4156 29
4157 18
4158 17
4159 17
4160 17
4161 17
4162 17
4163 17
4164 17
4165 17
4166 17
4167 17
4168 17
4169 17
4170 17
4171 17
4172 17
4173 17
4174 17
4175 17
4176 17
4177 17
4178 17
4179 17
4180 17
4181 20
4182 17
4183 25
4184 18
4185 18
4186 17
4187 17
4188 18
4189 17
4190 17
4191 17
4192 17
4193 17
4194 19
4195 17
4196 18
4197 17
4198 18
4199 19
4200 18
4201 18
4202 17
4203 18
4204 17
4205 17
4206 18
4207 18
4208 17
4209 17
4210 18
4211 17
4212 17
4213 17
4214 17
4215 18
4216 18
4217 17
4218 18
4219 18
4220 17
4221 18
4222 19
4223 18
4224 19
4225 20
4226 18
4227 19
4228 17
4229 18
4230 17
4231 18
4232 18
4233 17
4234 17
4235 17
4236 18
4237 18
4238 19
4239 17
4240 18
4241 17
4242 17
4243 17
4244 17
4245 16
4246 17
4247 17
4248 17
4249 17
4250 17
4251 17
4252 17
4253 17
4254 18
4255 18
4256 18
4257 17
4258 17
4259 17
4260 17
4261 17
4262 17
4263 17
4264 17
4265 17
4266 17
4267 17
4268 17
4269 18
4270 17
4271 17
4272 18
4273 18
4274 18
4275 17
4276 18
4277 18
4278 18
4279 18
4280 17
4281 17
4282 18
4283 18
4284 18
4285 17
4286 17
4287 17
4288 17
4289 19
4290 17
4291 18
4292 17
4293 17
4294 17
4295 17
4296 17
4297 17
4298 17
4299 17
4300 17
4301 17
4302 17
4303 17
4304 17
4305 17
4306 26
4307 18
4308 17
4309 17
4310 17
4311 17
4312 17
4313 18
4314 18
4315 18
4316 18
4317 19
4318 18
4319 18
4320 17
4321 18
4322 18
4323 18
4324 17
4325 16
4326 17
4327 17
4328 17
4329 17
4330 18
4331 17
4332 17
4333 17
4334 17
4335 27
4336 18
4337 17
4338 17
4339 17
4340 17
4341 17
4342 17
4343 17
4344 18
4345 18
4346 18
4347 17
4348 17
4349 18
4350 17
4351 17
4352 17
4353 19
4354 18
4355 17
4356 17
4357 17
4358 17
4359 18
4360 18
4361 18
4362 18
4363 17
4364 17
4365 17
4366 17
4367 17
4368 17
4369 17
4370 17
4371 17
4372 18
4373 17
4374 17
4375 18
4376 18
4377 19
4378 19
4379 17
4380 17
4381 17
4382 17
4383 17
4384 17
4385 17
4386 17
4387 17
4388 17
4389 18
4390 18
4391 18
4392 18
4393 18
4394 18
4395 19
4396 17
4397 17
4398 17
4399 18
4400 17
4401 17
4402 17
4403 17
4404 17
4405 17
4406 19
4407 17
4408 17
4409 18
4410 17
4411 17
4412 17
4413 17
4414 17
4415 17
4416 17
4417 18
4418 17
4419 17
4420 17
4421 17
4422 17
4423 18
4424 17
4425 18
4426 18
4427 17
4428 17
4429 17
4430 17
4431 17
4432 17
4433 27
4434 18
4435 17
4436 17
4437 17
4438 18
4439 17
4440 17
4441 17
4442 17
4443 17
4444 17
4445 17
4446 17
4447 18
4448 17
4449 18
4450 18
4451 22
4452 17
4453 17
4454 17
4455 17
4456 17
4457 17
4458 17
4459 17
4460 17
4461 17
4462 17
4463 17
4464 17
4465 17
4466 17
4467 18
4468 18
4469 18
4470 18
4471 17
4472 17
4473 17
4474 17
4475 17
4476 17
4477 16
4478 18
4479 17
4480 18
4481 19
4482 17
4483 17
4484 17
4485 17
4486 17
4487 17
4488 17
4489 17
4490 17
4491 17
4492 18
4493 17
4494 17
4495 18
4496 19
4497 17
4498 17
4499 17
4500 17
4501 17
4502 17
4503 17
4504 17
4505 17
4506 18
4507 19
4508 17
4509 17
4510 17
4511 17
4512 17
4513 17
4514 248
4515 24
4516 18
4517 17
4518 18
4519 18
4520 18
4521 17
4522 17
4523 18
4524 17
4525 17
4526 17
4527 17
4528 17
4529 17
4530 19
4531 17
4532 18
4533 17
4534 18
4535 18
4536 19
4537 18
4538 17
4539 18
4540 18
4541 19
4542 18
4543 17
4544 17
4545 19
4546 18
4547 18
4548 18
4549 18
4550 18
4551 28
4552 19
4553 17
4554 18
4555 17
4556 17
4557 18
4558 17
4559 18
4560 18
4561 17
4562 17
4563 17
4564 18
4565 18
4566 17
4567 17
4568 19
4569 17
4570 18
4571 17
4572 18
4573 17
4574 17
4575 17
4576 18
4577 18
4578 17
4579 17
4580 18
4581 18
4582 18
4583 18
4584 17
4585 17
4586 18
4587 18
4588 17
4589 17
4590 18
4591 27
4592 19
4593 18
4594 17
4595 17
4596 17
4597 17
4598 17
4599 17
4600 17
4601 17
4602 19
4603 18
4604 18
4605 18
4606 28
4607 18
4608 17
4609 18
4610 17
4611 17
4612 17
4613 17
4614 18
4615 17
4616 17
4617 17
4618 19
4619 17
4620 17
4621 18
4622 18
4623 18
4624 17
4625 17
4626 18
4627 18
4628 18
4629 17
4630 17
4631 17
4632 18
4633 18
4634 18
4635 17
4636 17
4637 17
4638 17
4639 18
4640 17
4641 17
4642 19
4643 19
4644 17
4645 17
4646 18
4647 17
4648 17
4649 18
4650 18
4651 18
4652 18
4653 17
4654 17
4655 17
4656 27
4657 19
4658 17
4659 17
4660 18
4661 18
4662 17
4663 18
4664 18
4665 18
4666 17
4667 17
4668 18
4669 18
4670 17
4671 17
4672 17
4673 19
4674 17
4675 17
4676 18
4677 18
4678 18
4679 17
4680 17
4681 18
4682 19
4683 28
4684 18
4685 20
4686 17
4687 17
4688 19
4689 19
4690 17
4691 17
4692 17
4693 18
4694 18
4695 17
4696 18
4697 18
4698 17
4699 17
4700 17
4701 17
4702 18
4703 17
4704 18
4705 18
4706 19
4707 18
4708 17
4709 17
4710 17
4711 17
4712 17
4713 17
4714 17
4715 18
4716 17
4717 17
4718 17
4719 17
4720 17
4721 17
4722 18
4723 18
4724 17
4725 17
4726 17
4727 18
4728 17
4729 17
4730 17
4731 17
4732 17
4733 18
4734 18
4735 18
4736 17
4737 17
4738 17
4739 17
4740 17
4741 17
4742 17
4743 17
4744 17
4745 17
4746 17
4747 18
4748 18
4749 19
4750 18
4751 17
4752 18
4753 19
4754 18
4755 17
4756 17
4757 17
4758 17
4759 17
4760 17
4761 18
4762 20
4763 17
4764 17
4765 18
4766 18
4767 17
4768 17
4769 17
4770 18
4771 18
4772 18
4773 18
4774 18
4775 17
4776 17
4777 17
4778 18
4779 18
4780 18
4781 18
4782 18
4783 18
4784 18
4785 18
4786 17
4787 17
4788 17
4789 17
4790 17
4791 17
4792 17
4793 17
4794 18
4795 17
4796 18
4797 17
4798 18
4799 17
4800 18
4801 17
4802 18
4803 18
4804 18
4805 18
4806 18
4807 18
4808 17
4809 17
4810 17
4811 17
4812 16
4813 19
4814 17
4815 20
4816 17
4817 17
4818 17
4819 17
4820 17
4821 17
4822 17
4823 17
4824 18
4825 17
4826 17
4827 17
4828 17
4829 17
4830 17
4831 17
4832 18
4833 17
4834 17
4835 17
4836 17
4837 17
4838 17
4839 17
4840 18
4841 18
4842 18
4843 18
4844 18
4845 17
4846 18
4847 17
4848 18
4849 17
4850 17
4851 17
4852 17
4853 17
4854 17
4855 17
4856 17
4857 17
4858 17
4859 32
4860 18
4861 17
4862 17
4863 17
4864 17
4865 17
4866 17
4867 17
4868 18
4869 18
4870 17
4871 17
4872 18
4873 18
4874 17
4875 17
4876 17
4877 20
4878 18
4879 18
4880 18
4881 17
4882 18
4883 18
4884 18
4885 17
4886 17
4887 17
4888 17
4889 17
4890 18
4891 18
4892 17
4893 17
4894 18
4895 18
4896 20
4897 18
4898 17
4899 18
4900 18
4901 17
4902 17
4903 17
4904 17
4905 17
4906 17
4907 18
4908 18
4909 17
4910 18
4911 18
4912 27
4913 18
4914 17
4915 17
4916 18
4917 17
4918 17
4919 17
4920 17
4921 17
4922 18
4923 17
4924 17
4925 17
4926 17
4927 17
4928 17
4929 18
4930 18
4931 18
4932 17
4933 17
4934 18
4935 18
4936 18
4937 17
4938 17
4939 17
4940 18
4941 20
4942 18
4943 18
4944 18
4945 17
4946 17
4947 17
4948 17
4949 17
4950 17
4951 17
4952 19
4953 18
4954 17
4955 16
4956 17
4957 17
4958 16
4959 17
4960 17
4961 17
4962 17
4963 17
4964 17
4965 17
4966 17
4967 17
4968 17
4969 17
4970 18
4971 17
4972 17
4973 17
4974 17
4975 17
4976 17
4977 19
4978 18
4979 17
4980 18
4981 17
4982 18
4983 18
4984 17
4985 19
4986 19
4987 18
4988 18
4989 17
4990 18
4991 17
4992 17
4993 18
4994 17
4995 17
4996 27
4997 18
4998 18
4999 17
5000 17
5001 17
5002 19
5003 17
5004 18
5005 20
5006 18
5007 17
5008 18
5009 18
5010 17
5011 18
5012 17
5013 17
5014 18
5015 18
5016 17
5017 17
5018 17
5019 17
5020 18
5021 18
5022 17
5023 17
5024 18
5025 18
5026 18
5027 18
5028 18
5029 17
5030 17
5031 18
5032 18
5033 17
5034 17
5035 17
5036 18
5037 18
5038 19
5039 17
5040 18
5041 18
5042 17
5043 17
5044 18
5045 17
5046 18
5047 19
5048 19
5049 18
5050 17
5051 17
5052 18
5053 17
5054 17
5055 17
5056 18
5057 19
5058 17
5059 18
5060 18
5061 18
5062 17
5063 17
5064 18
5065 18
5066 17
5067 17
5068 19
5069 19
5070 17
5071 17
5072 18
5073 18
5074 19
5075 17
5076 18
5077 18
5078 18
5079 19
5080 17
5081 17
5082 17
5083 18
5084 17
5085 19
5086 17
5087 17
5088 17
5089 18
5090 17
5091 17
5092 18
5093 17
5094 17
5095 17
5096 18
5097 18
5098 18
5099 17
5100 17
5101 18
5102 18
5103 18
5104 17
5105 17
5106 17
5107 18
5108 18
5109 19
5110 19
5111 17
5112 17
5113 17
5114 17
5115 17
5116 18
5117 18
5118 19
5119 17
5120 17
5121 18
5122 17
5123 17
5124 17
5125 17
5126 18
5127 17
5128 17
5129 18
5130 18
5131 17
5132 18
5133 19
5134 18
5135 18
5136 17
5137 17
5138 17
5139 17
5140 18
5141 18
5142 18
5143 17
5144 17
5145 18
5146 17
5147 17
5148 17
5149 17
5150 18
5151 18
5152 18
5153 17
5154 18
5155 18
5156 17
5157 17
5158 17
5159 17
5160 17
5161 17
5162 28
5163 18
5164 18
5165 17
5166 17
5167 17
5168 17
5169 18
5170 18
5171 17
5172 17
5173 18
5174 20
5175 17
5176 17
5177 17
5178 18
5179 17
5180 17
5181 17
5182 16
5183 17
5184 17
5185 17
5186 17
5187 17
5188 17
5189 17
5190 17
5191 19
5192 18
5193 17
5194 18
5195 18
5196 19
5197 19
5198 17
5199 17
5200 17
5201 17
5202 17
5203 17
5204 17
5205 17
5206 17
5207 17
5208 17
5209 17
5210 17
5211 16
5212 17
5213 17
5214 17
5215 23
5216 17
5217 17
5218 17
5219 17
5220 17
5221 17
5222 18
5223 17
5224 18
5225 18
5226 19
5227 17
5228 18
5229 17
5230 18
5231 17
5232 18
5233 18
5234 18
5235 18
5236 19
5237 17
5238 17
5239 18
5240 18
5241 19
5242 17
5243 17
5244 17
5245 17
5246 18
5247 18
5248 17
5249 17
5250 17
5251 17
5252 20
5253 18
5254 17
5255 17
5256 17
5257 17
5258 17
5259 17
5260 17
5261 20
5262 17
5263 17
5264 17
5265 17
5266 17
5267 17
5268 17
5269 19
5270 17
5271 17
5272 17
5273 17
5274 17
5275 17
5276 17
5277 17
5278 17
5279 17
5280 17
5281 17
5282 17
5283 16
5284 17
5285 17
5286 18
5287 18
5288 18
5289 17
5290 18
5291 18
5292 17
5293 18
5294 18
5295 17
5296 17
5297 18
5298 18
5299 17
5300 17
5301 17
5302 17
5303 19
5304 17
5305 17
5306 18
5307 17
5308 17
5309 17
5310 17
5311 17
5312 17
5313 17
5314 18
5315 19
5316 18
5317 18
5318 18
5319 18
5320 18
5321 17
5322 18
5323 18
5324 17
5325 19
5326 19
5327 18
5328 18
5329 18
5330 17
5331 17
5332 17
5333 18
5334 18
5335 17
5336 17
5337 17
5338 18
5339 18
5340 17
5341 17
5342 19
5343 18
5344 18
5345 17
5346 18
5347 17
5348 19
5349 17
5350 17
5351 17
5352 17
5353 17
5354 17
5355 17
5356 17
5357 17
5358 17
5359 18
5360 17
5361 17
5362 18
5363 18
5364 18
5365 17
5366 17
5367 18
5368 17
5369 17
5370 17
5371 17
5372 18
5373 17
5374 17
5375 17
5376 17
5377 17
5378 17
5379 17
5380 18
5381 18
5382 17
5383 19
5384 20
5385 17
5386 17
5387 18
5388 18
5389 19
5390 17
5391 17
5392 17
5393 17
5394 18
5395 18
5396 17
5397 17
5398 18
5399 18
5400 18
5401 18
5402 17
5403 18
5404 19
5405 17
5406 18
5407 17
5408 17
5409 18
5410 17
5411 17
5412 18
5413 17
5414 18
5415 19
5416 17
5417 17
5418 17
5419 17
5420 18
5421 17
5422 18
5423 17
5424 17
5425 18
5426 17
5427 17
5428 17
5429 17
5430 18
5431 17
5432 17
5433 17
5434 17
5435 17
5436 28
5437 19
5438 18
5439 17
5440 17
5441 18
5442 17
5443 17
5444 17
5445 18
5446 18
5447 17
5448 18
5449 17
5450 18
5451 18
5452 17
5453 21
5454 18
5455 18
5456 18
5457 17
5458 17
5459 18
5460 18
5461 17
5462 17
5463 17
5464 17
5465 17
5466 17
5467 17
5468 17
5469 17
5470 19
5471 18
5472 18
5473 17
5474 18
5475 18
5476 18
5477 18
5478 18
5479 17
5480 18
5481 17
5482 17
5483 17
5484 18
5485 17
5486 27
5487 18
5488 17
5489 17
5490 17
5491 18
5492 20
5493 18
5494 18
5495 17
5496 17
5497 18
5498 18
5499 17
5500 17
5501 17
5502 18
5503 17
5504 18
5505 18
5506 17
5507 17
5508 18
5509 19
5510 18
5511 18
5512 18
5513 18
5514 19
5515 17
5516 18
5517 19
5518 18
5519 18
5520 17
5521 17
5522 18
5523 17
5524 17
5525 17
5526 17
5527 17
5528 18
5529 18
5530 27
5531 18
5532 17
5533 17
5534 18
5535 18
5536 17
5537 17
5538 17
5539 17
5540 18
5541 19
5542 20
5543 17
5544 17
5545 17
5546 17
5547 17
5548 17
5549 17
5550 17
5551 17
5552 17
5553 17
5554 17
5555 17
5556 17
5557 17
5558 17
5559 17
5560 17
5561 17
5562 17
5563 17
5564 17
5565 17
5566 17
5567 17
5568 18
5569 18
5570 19
5571 17
5572 30
5573 18
5574 17
5575 17
5576 17
5577 17
5578 17
5579 17
5580 17
5581 31
5582 18
5583 17
5584 17
5585 17
5586 17
5587 17
5588 17
5589 17
5590 17
5591 17
5592 18
5593 18
5594 17
5595 17
5596 17
5597 17
5598 17
5599 17
5600 16
5601 17
5602 18
5603 19
5604 18
5605 17
5606 17
5607 17
5608 17
5609 17
5610 17
5611 17
5612 17
5613 17
5614 18
5615 18
5616 18
5617 17
5618 17
5619 18
5620 17
5621 17
5622 17
5623 17
5624 17
5625 17
5626 17
5627 17
5628 17
5629 17
5630 18
5631 18
5632 18
5633 17
5634 18
5635 17
5636 17
5637 17
5638 18
5639 19
5640 18
5641 17
5642 18
5643 17
5644 17
5645 19
5646 18
5647 18
5648 19
5649 17
5650 18
5651 18
5652 17
5653 18
5654 17
5655 17
5656 17
5657 17
5658 17
5659 18
5660 18
5661 18
5662 17
5663 17
5664 17
5665 17
5666 18
5667 17
5668 17
5669 17
5670 17
5671 26
5672 18
5673 17
5674 18
5675 18
5676 17
5677 17
5678 17
5679 17
5680 17
5681 17
5682 18
5683 18
5684 18
5685 18
5686 17
5687 18
5688 18
5689 18
5690 17
5691 18
5692 17
5693 17
5694 17
5695 18
5696 18
5697 17
5698 17
5699 17
5700 18
5701 18
5702 18
5703 18
5704 19
5705 17
5706 18
5707 18
5708 18
5709 21
5710 18
5711 18
5712 18
5713 18
5714 18
5715 17
5716 18
5717 17
5718 17
5719 17
5720 18
5721 17
5722 18
5723 17
5724 17
5725 17
5726 18
5727 18
5728 17
5729 18
5730 18
5731 17
5732 27
5733 18
5734 18
5735 17
5736 18
5737 19
5738 18
5739 18
5740 17
5741 18
5742 19
5743 17
5744 18
5745 18
5746 18
5747 18
5748 19
5749 27
5750 18
5751 17
5752 17
5753 18
5754 17
5755 17
5756 17
5757 17
5758 18
5759 17
5760 18
5761 18
5762 17
5763 17
5764 19
5765 18
5766 18
5767 18
5768 18
5769 17
5770 17
5771 17
5772 17
5773 19
5774 17
5775 17
5776 17
5777 17
5778 17
5779 17
5780 18
5781 19
5782 18
5783 17
5784 18
5785 18
5786 18
5787 17
5788 18
5789 18
5790 17
5791 17
5792 18
5793 17
5794 17
5795 17
5796 18
5797 18
5798 20
5799 18
5800 18
5801 18
5802 28
5803 19
5804 18
5805 17
5806 18
5807 17
5808 17
5809 17
5810 17
5811 17
5812 17
5813 17
5814 18
5815 17
5816 19
5817 19
5818 17
5819 18
5820 20
5821 18
5822 17
5823 17
5824 18
5825 17
5826 20
5827 18
5828 18
5829 17
5830 18
5831 19
5832 17
5833 18
5834 18
5835 18
5836 18
5837 21
5838 18
5839 18
5840 18
5841 17
5842 18
5843 18
5844 18
5845 17
5846 17
5847 19
5848 18
5849 19
5850 17
5851 17
5852 17
5853 17
5854 17
5855 17
5856 17
5857 17
5858 17
5859 17
5860 17
5861 17
5862 17
5863 18
5864 20
5865 18
5866 17
5867 17
5868 17
5869 18
5870 17
5871 17
5872 18
5873 17
5874 18
5875 18
5876 18
5877 18
5878 17
5879 17
5880 18
5881 19
5882 18
5883 17
5884 17
5885 17
5886 18
5887 18
5888 17
5889 17
5890 17
5891 17
5892 17
5893 17
5894 17
5895 18
5896 17
5897 20
5898 18
5899 18
5900 17
5901 20
5902 19
5903 19
5904 18
5905 18
5906 17
5907 17
5908 17
5909 17
5910 17
5911 18
5912 17
5913 18
5914 18
5915 18
5916 17
5917 17
5918 17
5919 18
5920 18
5921 17
5922 18
5923 17
5924 18
5925 18
5926 17
5927 284
5928 18
5929 17
5930 17
5931 18
5932 18
5933 18
5934 17
5935 19
5936 18
5937 17
5938 18
5939 18
5940 18
5941 19
5942 17
5943 17
5944 18
5945 18
5946 19
5947 17
5948 18
5949 18
5950 18
5951 17
5952 18
5953 17
5954 17
5955 17
5956 17
5957 18
5958 17
5959 17
5960 17
5961 18
5962 28
5963 18
5964 18
5965 17
5966 18
5967 18
5968 18
5969 17
5970 17
5971 18
5972 18
5973 18
5974 19
5975 18
5976 17
5977 17
5978 17
5979 17
5980 17
5981 17
5982 17
5983 17
5984 17
5985 17
5986 17
5987 17
5988 17
5989 16
5990 18
5991 18
5992 18
5993 17
5994 17
5995 17
5996 18
5997 17
5998 17
5999 17
6000 17
6001 17
6002 18
6003 17
6004 17
6005 17
6006 17
6007 18
6008 18
6009 18
6010 17
6011 17
6012 17
6013 17
6014 18
6015 17
6016 18
6017 17
6018 26
6019 18
6020 18
6021 17
6022 18
6023 18
6024 18
6025 17
6026 17
6027 17
6028 17
6029 24
6030 18
6031 18
6032 17
6033 17
6034 17
6035 17
6036 17
6037 17
6038 17
6039 17
6040 17
6041 18
6042 18
6043 18
6044 18
6045 18
6046 18
6047 17
6048 17
6049 17
6050 17
6051 17
6052 18
6053 17
6054 17
6055 17
6056 17
6057 17
6058 17
6059 18
6060 18
6061 17
6062 18
6063 17
6064 18
6065 19
6066 19
6067 17
6068 18
6069 18
6070 18
6071 17
6072 18
6073 17
6074 18
6075 18
6076 18
6077 17
6078 17
6079 17
6080 18
6081 17
6082 17
6083 18
6084 18
6085 18
6086 17
6087 19
6088 18
6089 18
6090 19
6091 18
6092 18
6093 36
6094 19
6095 17
6096 18
6097 18
6098 18
6099 18
6100 18
6101 17
6102 17
6103 17
6104 17
6105 17
6106 17
6107 18
6108 19
6109 17
6110 18
6111 18
6112 18
6113 18
6114 17
6115 18
6116 17
6117 17
6118 18
6119 19
6120 18
6121 18
6122 17
6123 18
6124 17
6125 18
6126 18
6127 18
6128 17
6129 17
6130 18
6131 18
6132 18
6133 17
6134 18
6135 18
6136 18
6137 17
6138 17
6139 18
6140 18
6141 17
6142 17
6143 17
6144 18
6145 18
6146 17
6147 17
6148 18
6149 17
6150 17
6151 17
6152 19
6153 17
6154 17
6155 18
6156 17
6157 17
6158 19
6159 18
6160 17
6161 17
6162 18
6163 17
6164 17
6165 17
6166 18
6167 18
6168 17
6169 17
6170 17
6171 17
6172 17
6173 17
6174 18
6175 18
6176 18
6177 18
6178 18
6179 17
6180 18
6181 17
6182 18
6183 18
6184 17
6185 17
6186 17
6187 18
6188 18
6189 18
6190 18
6191 18
6192 18
6193 18
6194 17
6195 18
6196 18
6197 18
6198 20
6199 21
6200 18
6201 17
6202 20
6203 20
6204 19
6205 18
6206 18
6207 18
6208 18
6209 18
6210 18
6211 18
6212 17
6213 17
6214 18
6215 18
6216 18
6217 17
6218 19
6219 20
6220 18
6221 18
6222 17
6223 18
6224 18
6225 18
6226 17
6227 18
6228 17
6229 17
6230 17
6231 17
6232 17
6233 17
6234 18
6235 18
6236 19
6237 19
6238 17
6239 17
6240 18
6241 20
6242 18
6243 18
6244 18
6245 17
6246 17
6247 18
6248 18
6249 17
6250 17
6251 20
6252 17
6253 17
6254 19
6255 18
6256 18
6257 18
6258 17
6259 17
6260 17
6261 17
6262 17
6263 17
6264 17
6265 17
6266 18
6267 17
6268 18
6269 19
6270 23
6271 17
6272 18
6273 28
6274 19
6275 18
6276 18
6277 18
6278 17
6279 17
6280 17
6281 17
6282 18
6283 17
6284 18
6285 19
6286 18
6287 17
6288 17
6289 28
6290 18
6291 18
6292 17
6293 17
6294 17
6295 18
6296 18
6297 18
6298 17
6299 18
6300 18
6301 17
6302 18
6303 17
6304 17
6305 18
6306 17
6307 17
6308 17
6309 18
6310 18
6311 17
6312 17
6313 17
6314 18
6315 18
6316 17
6317 18
6318 17
6319 18
6320 18
6321 17
6322 18
6323 17
6324 18
6325 18
6326 18
6327 17
6328 18
6329 18
6330 17
6331 18
6332 18
6333 17
6334 18
6335 17
6336 18
6337 18
6338 17
6339 17
6340 18
6341 17
6342 17
6343 18
6344 17
6345 18
6346 17
6347 17
6348 17
6349 18
6350 18
6351 18
6352 19
6353 17
6354 18
6355 18
6356 17
6357 17
6358 17
6359 18
6360 17
6361 18
6362 18
6363 18
6364 19
6365 17
6366 17
6367 18
6368 18
6369 17
6370 18
6371 17
6372 17
6373 18
6374 17
6375 18
6376 17
6377 17
6378 28
6379 18
6380 17
6381 18
6382 17
6383 18
6384 17
6385 17
6386 18
6387 18
6388 18
6389 19
6390 18
6391 18
6392 17
6393 18
6394 27
6395 18
6396 18
6397 18
6398 17
6399 17
6400 18
6401 17
6402 17
6403 17
6404 17
6405 17
6406 17
6407 17
6408 17
6409 17
6410 17
6411 17
6412 17
6413 18
6414 17
6415 18
6416 18
6417 17
6418 18
6419 17
6420 17
6421 17
6422 17
6423 17
6424 17
6425 17
6426 17
6427 17
6428 17
6429 17
6430 18
6431 18
6432 18
6433 18
6434 17
6435 18
6436 17
6437 19
6438 17
6439 18
6440 18
6441 18
6442 18
6443 18
6444 17
6445 18
6446 19
6447 28
6448 18
6449 17
6450 18
6451 18
6452 18
6453 17
6454 18
6455 27
6456 18
6457 18
6458 17
6459 17
6460 18
6461 18
6462 17
6463 17
6464 17
6465 17
6466 17
6467 17
6468 17
6469 17
6470 17
6471 17
6472 17
6473 17
6474 18
6475 18
6476 18
6477 18
6478 17
6479 18
6480 17
6481 17
6482 17
6483 17
6484 17
6485 17
6486 18
6487 17
6488 17
6489 17
6490 25
6491 18
6492 17
6493 17
6494 17
6495 17
6496 17
6497 17
6498 17
6499 17
6500 17
6501 17
6502 17
6503 17
6504 18
6505 17
6506 17
6507 18
6508 18
6509 18
6510 18
6511 18
6512 25
6513 18
6514 17
6515 17
6516 18
6517 17
6518 17
6519 17
6520 17
6521 17
6522 17
6523 18
6524 17
6525 18
6526 18
6527 18
6528 17
6529 19
6530 18
6531 17
6532 17
6533 17
6534 17
6535 17
6536 18
6537 18
6538 17
6539 17
6540 17
6541 17
6542 17
6543 17
6544 17
6545 18
6546 18
6547 18
6548 17
6549 18
6550 18
6551 18
6552 18
6553 17
6554 17
6555 17
6556 17
6557 17
6558 17
6559 17
6560 17
6561 18
6562 17
6563 17
6564 17
6565 17
6566 17
6567 18
6568 19
6569 18
6570 18
6571 17
6572 18
6573 17
6574 17
6575 17
6576 17
6577 17
6578 27
6579 19
6580 18
6581 18
6582 18
6583 18
6584 17
6585 18
6586 17
6587 18
6588 18
6589 25
6590 19
6591 17
6592 17
6593 18
6594 17
6595 17
6596 18
6597 17
6598 17
6599 18
6600 18
6601 18
6602 18
6603 17
6604 18
6605 17
6606 17
6607 17
6608 18
6609 18
6610 17
6611 27
6612 18
6613 18
6614 17
6615 17
6616 18
6617 18
6618 17
6619 17
6620 18
6621 18
6622 17
6623 18
6624 29
6625 18
6626 18
6627 17
6628 17
6629 18
6630 17
6631 17
6632 17
6633 20
6634 18
6635 18
6636 17
6637 18
6638 18
6639 17
6640 17
6641 18
6642 18
6643 17
6644 18
6645 17
6646 18
6647 18
6648 18
6649 18
6650 18
6651 19
6652 18
6653 18
6654 17
6655 17
6656 28
6657 18
6658 18
6659 18
6660 18
6661 18
6662 17
6663 18
6664 18
6665 18
6666 18
6667 19
6668 17
6669 17
6670 18
6671 17
6672 17
6673 18
6674 18
6675 17
6676 17
6677 18
6678 18
6679 17
6680 18
6681 18
6682 18
6683 17
6684 17
6685 18
6686 17
6687 17
6688 19
6689 17
6690 18
6691 18
6692 17
6693 17
6694 18
6695 18
6696 17
6697 18
6698 18
6699 17
6700 28
6701 19
6702 18
6703 17
6704 18
6705 17
6706 19
6707 21
6708 18
6709 17
6710 17
6711 18
6712 18
6713 18
6714 18
6715 18
6716 18
6717 19
6718 19
6719 18
6720 18
6721 17
6722 17
6723 18
6724 18
6725 17
6726 18
6727 19
6728 18
6729 18
6730 17
6731 28
6732 18
6733 17
6734 18
6735 17
6736 17
6737 17
6738 18
6739 18
6740 17
6741 17
6742 18
6743 18
6744 17
6745 17
6746 18
6747 18
6748 19
6749 18
6750 17
6751 18
6752 18
6753 18
6754 17
6755 18
6756 17
6757 18
6758 18
6759 19
6760 18
6761 18
6762 18
6763 17
6764 27
6765 19
6766 17
6767 17
6768 18
6769 26
6770 18
6771 18
6772 18
6773 18
6774 18
6775 17
6776 17
6777 17
6778 18
6779 17
6780 19
6781 19
6782 17
6783 17
6784 17
6785 17
6786 17
6787 17
6788 17
6789 17
6790 17
6791 17
6792 17
6793 17
6794 17
6795 18
6796 18
6797 20
6798 22
6799 29
6800 17
6801 17
6802 18
6803 18
6804 18
6805 18
6806 17
6807 27
6808 18
6809 18
6810 17
6811 17
6812 17
6813 17
6814 17
6815 17
6816 17
6817 17
6818 18
6819 16
6820 17
6821 17
6822 17
6823 17
6824 17
6825 18
6826 18
6827 17
6828 17
6829 17
6830 18
6831 17
6832 17
6833 17
6834 18
6835 18
6836 17
6837 18
6838 18
6839 17
6840 17
6841 17
6842 17
6843 17
6844 17
6845 17
6846 17
6847 17
6848 18
6849 19
6850 19
6851 17
6852 18
6853 18
6854 17
6855 17
6856 17
6857 17
6858 18
6859 18
6860 18
6861 18
6862 18
6863 17
6864 17
6865 17
6866 17
6867 17
6868 17
6869 18
6870 18
6871 18
6872 17
6873 17
6874 17
6875 17
6876 18
6877 17
6878 17
6879 17
6880 17
6881 17
6882 17
6883 18
6884 17
6885 17
6886 17
6887 18
6888 18
6889 18
6890 17
6891 17
6892 17
6893 17
6894 18
6895 18
6896 17
6897 18
6898 20
6899 20
6900 19
6901 19
6902 19
6903 28
6904 19
6905 18
6906 18
6907 21
6908 17
6909 17
6910 17
6911 17
6912 18
6913 17
6914 17
6915 18
6916 17
6917 18
6918 19
6919 30
6920 18
6921 18
6922 17
6923 17
6924 18
6925 18
6926 17
6927 18
6928 17
6929 17
6930 17
6931 17
6932 17
6933 17
6934 17
6935 18
6936 17
6937 17
6938 17
6939 19
6940 18
6941 18
6942 18
6943 23
6944 18
6945 17
6946 28
6947 19
6948 18
6949 17
6950 17
6951 18
6952 18
6953 18
6954 19
6955 18
6956 17
6957 18
6958 18
6959 17
6960 17
6961 17
6962 18
6963 18
6964 20
6965 20
6966 18
6967 17
6968 17
6969 18
6970 17
6971 17
6972 18
6973 17
6974 18
6975 23
6976 18
6977 17
6978 17
6979 18
6980 19
6981 18
6982 17
6983 18
6984 28
6985 19
6986 18
6987 18
6988 17
6989 19
6990 20
6991 19
6992 18
6993 17
6994 17
6995 18
6996 17
6997 17
6998 18
6999 18
7000 18
7001 19
7002 18
7003 19
7004 17
7005 17
7006 19
7007 19
7008 18
7009 18
7010 19
7011 18
7012 18
7013 18
7014 19
7015 17
7016 18
7017 17
7018 18
7019 20
7020 20
7021 20
7022 24
7023 20
7024 19
7025 20
7026 21
7027 19
7028 20
7029 19
7030 20
7031 19
7032 20
7033 19
7034 20
7035 19
7036 41
7037 22
7038 21
7039 18
7040 18
7041 20
7042 18
7043 19
7044 19
7045 20
7046 19
7047 18
7048 20
7049 19
7050 20
7051 18
7052 19
7053 19
7054 20
7055 20
7056 18
7057 22
7058 22
7059 21
7060 19
7061 20
7062 21
7063 20
7064 20
7065 19
7066 21
7067 28
7068 20
7069 20
7070 18
7071 19
7072 18
7073 19
7074 18
7075 18
7076 18
7077 18
7078 20
7079 19
7080 21
7081 19
7082 21
7083 21
7084 25
7085 21
7086 19
7087 20
7088 21
7089 19
7090 18
7091 19
7092 20
7093 31
7094 20
7095 19
7096 20
7097 20
7098 18
7099 20
7100 18
7101 19
7102 18
7103 19
7104 20
7105 18
7106 21
7107 19
7108 19
7109 19
7110 19
7111 20
7112 40
7113 21
7114 23
7115 20
7116 36
7117 20
7118 18
7119 18
7120 18
7121 18
7122 17
7123 18
7124 19
7125 20
7126 19
7127 28
7128 23
7129 20
7130 18
7131 19
7132 17
7133 18
7134 17
7135 19
7136 18
7137 17
7138 45
7139 18
7140 20
7141 21
7142 19
7143 19
7144 18
7145 18
7146 17
7147 18
7148 17
7149 18
7150 18
7151 17
7152 17
7153 18
7154 17
7155 18
7156 20
7157 21
7158 20
7159 18
7160 18
7161 17
7162 17
7163 19
7164 17
7165 18
7166 18
7167 21
7168 18
7169 20
7170 18
7171 17
7172 18
7173 20
7174 18
7175 19
7176 18
7177 19
7178 18
7179 18
7180 18
7181 17
7182 18
7183 19
7184 22
7185 21
7186 18
7187 18
7188 17
7189 18
7190 17
7191 24
7192 17
7193 18
7194 22
7195 18
7196 19
7197 18
7198 17
7199 20
7200 19
7201 18
7202 19
7203 18
7204 18
7205 18
7206 18
7207 19
7208 18
7209 18
7210 17
7211 18
7212 17
7213 18
7214 18
7215 19
7216 23
7217 18
7218 18
7219 19
7220 19
7221 17
7222 19
7223 18
7224 18
7225 17
7226 17
7227 17
7228 17
7229 17
7230 17
7231 18
7232 23
7233 19
7234 18
7235 18
7236 23
7237 23
7238 20
7239 19
7240 19
7241 21
7242 26
7243 19
7244 17
7245 17
7246 18
7247 19
7248 19
7249 19
7250 19
7251 18
7252 17
7253 19
7254 17
7255 26
7256 36
7257 23
7258 21
7259 18
7260 18
7261 18
7262 17
7263 17
7264 18
7265 18
7266 18
7267 25
7268 20
7269 18
7270 17
7271 19
7272 22
7273 19
7274 20
7275 18
7276 17
7277 21
7278 18
7279 20
7280 18
7281 18
7282 19
7283 19
7284 17
7285 18
7286 20
7287 24
7288 21
7289 20
7290 19
7291 19
7292 18
7293 17
7294 19
7295 17
7296 19
7297 18
7298 17
7299 18
7300 18
7301 18
7302 18
7303 20
7304 17
7305 782
7306 33
7307 22
7308 21
7309 21
7310 17
7311 21
7312 18
7313 19
7314 18
7315 19
7316 18
7317 21
7318 22
7319 22
7320 18
7321 20
7322 19
7323 19
7324 20
7325 19
7326 19
7327 19
7328 18
7329 20
7330 18
7331 19
7332 20
7333 20
7334 20
7335 20
7336 18
7337 23
7338 22
7339 19
7340 22
7341 18
7342 18
7343 19
7344 18
7345 19
7346 19
7347 18
7348 18
7349 17
7350 18
7351 19
7352 18
7353 20
7354 19
7355 18
7356 17
7357 17
7358 19
7359 18
7360 19
7361 19
7362 17
7363 19
7364 18
7365 17
7366 18
7367 17
7368 17
7369 18
7370 20
7371 18
7372 18
7373 18
7374 19
7375 18
7376 18
7377 17
7378 18
7379 18
7380 17
7381 18
7382 19
7383 18
7384 18
7385 18
7386 20
7387 18
7388 18
7389 19
7390 18
7391 20
7392 19
7393 19
7394 18
7395 17
7396 18
7397 18
7398 19
7399 18
7400 18
7401 18
7402 18
7403 18
7404 18
7405 17
7406 17
7407 17
7408 18
7409 17
7410 20
7411 21
7412 20
7413 19
7414 20
7415 19
7416 18
7417 19
7418 17
7419 18
7420 18
7421 18
7422 18
7423 18
7424 18
7425 18
7426 18
7427 17
7428 17
7429 18
7430 17
7431 18
7432 17
7433 17
7434 18
7435 17
7436 18
7437 18
7438 17
7439 18
7440 19
7441 18
7442 18
7443 19
7444 17
7445 17
7446 17
7447 17
7448 17
7449 17
7450 17
7451 17
7452 18
7453 17
7454 17
7455 17
7456 18
7457 17
7458 17
7459 17
7460 20
7461 17
7462 17
7463 17
7464 17
7465 17
7466 17
7467 17
7468 18
7469 18
7470 17
7471 18
7472 18
7473 18
7474 18
7475 17
7476 18
7477 18
7478 18
7479 17
7480 17
7481 18
7482 17
7483 17
7484 18
7485 18
7486 18
7487 18
7488 17
7489 18
7490 18
7491 18
7492 18
7493 17
7494 17
7495 17
7496 17
7497 17
7498 17
7499 17
7500 17
7501 18
7502 17
7503 18
7504 18
7505 17
7506 19
7507 17
7508 19
7509 17
7510 18
7511 18
7512 18
7513 18
7514 17
7515 22
7516 17
7517 17
7518 17
7519 18
7520 18
7521 17
7522 18
7523 18
7524 19
7525 20
7526 18
7527 18
7528 18
7529 18
7530 17
7531 17
7532 18
7533 18
7534 17
7535 17
7536 18
7537 17
7538 18
7539 18
7540 18
7541 32
7542 20
7543 19
7544 18
7545 18
7546 17
7547 17
7548 18
7549 17
7550 18
7551 21
7552 17
7553 17
7554 17
7555 27
7556 19
7557 18
7558 17
7559 18
7560 17
7561 17
7562 18
7563 18
7564 17
7565 17
7566 18
7567 18
7568 18
7569 17
7570 18
7571 18
7572 19
7573 17
7574 18
7575 17
7576 18
7577 18
7578 18
7579 22
7580 18
7581 18
7582 19
7583 17
7584 17
7585 18
7586 17
7587 17
7588 18
7589 18
7590 17
7591 17
7592 17
7593 18
7594 17
7595 18
7596 17
7597 18
7598 18
7599 17
7600 19
7601 22
7602 18
7603 17
7604 17
7605 19
7606 18
7607 18
7608 18
7609 17
7610 20
7611 20
7612 19
7613 18
7614 18
7615 18
7616 18
7617 18
7618 36
7619 18
7620 18
7621 18
7622 18
7623 18
7624 17
7625 18
7626 18
7627 17
7628 18
7629 17
7630 17
7631 20
7632 17
7633 17
7634 18
7635 18
7636 17
7637 18
7638 17
7639 18
7640 18
7641 17
7642 18
7643 19
7644 18
7645 17
7646 18
7647 17
7648 18
7649 17
7650 18
7651 18
7652 17
7653 17
7654 19
7655 19
7656 17
7657 18
7658 18
7659 18
7660 17
7661 17
7662 18
7663 18
7664 19
7665 18
7666 18
7667 18
7668 18
7669 18
7670 19
7671 17
7672 18
7673 17
7674 18
7675 18
7676 18
7677 18
7678 17
7679 17
7680 18
7681 17
7682 17
7683 18
7684 18
7685 17
7686 19
7687 18
7688 18
7689 18
7690 17
7691 17
7692 18
7693 18
7694 17
7695 18
7696 17
7697 18
7698 18
7699 18
7700 17
7701 17
7702 18
7703 18
7704 18
7705 17
7706 17
7707 20
7708 17
7709 19
7710 17
7711 17
7712 18
7713 18
7714 17
7715 18
7716 17
7717 17
7718 17
7719 17
7720 18
7721 18
7722 17
7723 17
7724 18
7725 19
7726 18
7727 17
7728 17
7729 18
7730 17
7731 19
7732 17
7733 18
7734 18
7735 17
7736 18
7737 18
7738 17
7739 18
7740 18
7741 17
7742 18
7743 18
7744 18
7745 17
7746 17
7747 17
7748 18
7749 17
7750 18
7751 18
7752 17
7753 18
7754 18
7755 18
7756 18
7757 18
7758 26
7759 19
7760 17
7761 17
7762 17
7763 17
7764 17
7765 17
7766 17
7767 17
7768 17
7769 18
7770 18
7771 20
7772 17
7773 17
7774 18
7775 17
7776 18
7777 17
7778 17
7779 17
7780 19
7781 19
7782 18
7783 18
7784 17
7785 18
7786 17
7787 17
7788 18
7789 17
7790 17
7791 17
7792 18
7793 17
7794 23
7795 17
7796 18
7797 29
7798 18
7799 18
7800 17
7801 18
7802 17
7803 17
7804 17
7805 17
7806 17
7807 17
7808 18
7809 17
7810 18
7811 18
7812 17
7813 25
7814 20
7815 17
7816 18
7817 17
7818 17
7819 17
7820 17
7821 17
7822 17
7823 17
7824 18
7825 20
7826 18
7827 17
7828 17
7829 17
7830 17
7831 17
7832 17
7833 17
7834 17
7835 29
7836 18
7837 18
7838 17
7839 17
7840 17
7841 17
7842 17
7843 17
7844 17
7845 17
7846 17
7847 19
7848 17
7849 18
7850 17
7851 18
7852 17
7853 17
7854 18
7855 18
7856 18
7857 17
7858 17
7859 18
7860 18
7861 17
7862 18
7863 18
7864 17
7865 17
7866 18
7867 18
7868 18
7869 17
7870 18
7871 17
7872 17
7873 17
7874 18
7875 20
7876 17
7877 18
7878 17
7879 20
7880 19
7881 18
7882 18
7883 18
7884 18
7885 17
7886 18
7887 18
7888 17
7889 18
7890 18
7891 17
7892 18
7893 21
7894 18
7895 17
7896 17
7897 18
7898 18
7899 19
7900 17
7901 28
7902 18
7903 17
7904 17
7905 18
7906 18
7907 19
7908 18
7909 18
7910 18
7911 18
7912 18
7913 19
7914 18
7915 18
7916 18
7917 19
7918 18
7919 17
7920 18
7921 17
7922 17
7923 18
7924 20
7925 17
7926 18
7927 18
7928 18
7929 17
7930 18
7931 17
7932 17
7933 17
7934 27
7935 18
7936 18
7937 17
7938 18
7939 17
7940 17
7941 17
7942 18
7943 17
7944 18
7945 18
7946 18
7947 17
7948 17
7949 17
7950 18
7951 19
7952 18
7953 17
7954 17
7955 17
7956 18
7957 18
7958 17
7959 17
7960 17
7961 18
7962 28
7963 21
7964 18
7965 18
7966 17
7967 17
7968 18
7969 310
7970 18
7971 18
7972 18
7973 18
7974 17
7975 18
7976 17
7977 17
7978 17
7979 17
7980 17
7981 18
7982 19
7983 19
7984 18
7985 18
7986 17
7987 18
7988 18
7989 17
7990 18
7991 18
7992 31
7993 18
7994 18
7995 17
7996 17
7997 18
7998 18
7999 17
8000 17
8001 17
8002 17
8003 17
8004 17
8005 18
8006 18
8007 18
8008 18
8009 19
8010 17
8011 17
8012 18
8013 18
8014 19
8015 20
8016 18
8017 18
8018 18
8019 19
8020 18
8021 18
8022 17
8023 18
8024 18
8025 17
8026 18
8027 18
8028 17
8029 18
8030 18
8031 21
8032 19
8033 17
8034 18
8035 18
8036 19
8037 20
8038 18
8039 18
8040 19
8041 18
8042 18
8043 18
8044 17
8045 18
8046 17
8047 17
8048 18
8049 18
8050 18
8051 18
8052 17
8053 18
8054 17
8055 18
8056 18
8057 17
8058 18
8059 18
8060 18
8061 18
8062 17
8063 17
8064 18
8065 18
8066 19
8067 19
8068 18
8069 18
8070 18
8071 17
8072 18
8073 18
8074 18
8075 18
8076 18
8077 18
8078 17
8079 18
8080 18
8081 17
8082 18
8083 17
8084 17
8085 18
8086 18
8087 17
8088 18
8089 17
8090 18
8091 19
8092 18
8093 19
8094 19
8095 19
8096 17
8097 17
8098 18
8099 17
8100 18
8101 18
8102 27
8103 18
8104 18
8105 17
8106 18
8107 19
8108 19
8109 18
8110 19
8111 17
8112 18
8113 18
8114 20
8115 17
8116 18
8117 17
8118 19
8119 20
8120 18
8121 18
8122 17
8123 17
8124 19
8125 17
8126 17
8127 17
8128 17
8129 17
8130 17
8131 17
8132 34
8133 17
8134 17
8135 17
8136 17
8137 18
8138 17
8139 17
8140 18
8141 18
8142 18
8143 17
8144 17
8145 17
8146 17
8147 17
8148 18
8149 18
8150 17
8151 17
8152 20
8153 18
8154 17
8155 18
8156 17
8157 17
8158 17
8159 17
8160 18
8161 18
8162 17
8163 18
8164 18
8165 17
8166 17
8167 18
8168 19
8169 18
8170 18
8171 18
8172 18
8173 18
8174 18
8175 18
8176 18
8177 17
8178 18
8179 19
8180 18
8181 18
8182 18
8183 19
8184 17
8185 18
8186 17
8187 17
8188 18
8189 17
8190 19
8191 18
8192 19
8193 17
8194 18
8195 19
8196 20
8197 18
8198 18
8199 18
8200 17
8201 18
8202 18
8203 17
8204 18
8205 18
8206 18
8207 19
8208 18
8209 18
8210 18
8211 17
8212 17
8213 17
8214 17
8215 17
8216 17
8217 17
8218 18
8219 17
8220 18
8221 17
8222 17
8223 17
8224 17
8225 18
8226 18
8227 17
8228 18
8229 17
8230 17
8231 18
8232 17
8233 18
8234 18
8235 17
8236 17
8237 17
8238 17
8239 17
8240 18
8241 18
8242 19
8243 19
8244 18
8245 18
8246 18
8247 18
8248 18
8249 18
8250 18
8251 19
8252 20
8253 18
8254 18
8255 18
8256 18
8257 17
8258 17
8259 18
8260 18
8261 19
8262 19
8263 18
8264 18
8265 17
8266 17
8267 18
8268 18
8269 19
8270 17
8271 18
8272 30
8273 18
8274 17
8275 19
8276 19
8277 20
8278 19
8279 20
8280 19
8281 19
8282 19
8283 19
8284 20
8285 17
8286 18
8287 18
8288 20
8289 21
8290 18
8291 18
8292 20
8293 19
8294 19
8295 19
8296 19
8297 17
8298 32
8299 20
8300 18
8301 18
8302 18
8303 18
8304 18
8305 18
8306 18
8307 18
8308 18
8309 20
8310 19
8311 20
8312 20
8313 18
8314 20
8315 20
8316 22
8317 21
8318 19
8319 19
8320 19
8321 18
8322 18
8323 18
8324 19
8325 19
8326 17
8327 19
8328 19
8329 18
8330 19
8331 21
8332 18
8333 18
8334 18
8335 20
8336 19
8337 19
8338 19
8339 18
8340 19
8341 18
8342 18
8343 17
8344 20
8345 18
8346 18
8347 18
8348 18
8349 18
8350 18
8351 18
8352 19
8353 18
8354 17
8355 18
8356 18
8357 18
8358 21
8359 18
8360 18
8361 17
8362 18
8363 18
8364 18
8365 18
8366 18
8367 17
8368 17
8369 18
8370 18
8371 17
8372 18
8373 18
8374 17
8375 18
8376 18
8377 17
8378 18
8379 19
8380 18
8381 17
8382 17
8383 18
8384 18
8385 17
8386 17
8387 17
8388 17
8389 18
8390 18
8391 17
8392 18
8393 18
8394 18
8395 17
8396 17
8397 17
8398 17
8399 17
8400 18
8401 19
8402 18
8403 18
8404 18
8405 17
8406 17
8407 18
8408 17
8409 17
8410 17
8411 17
8412 17
8413 17
8414 17
8415 17
8416 17
8417 18
8418 17
8419 18
8420 18
8421 18
8422 17
8423 17
8424 19
8425 17
8426 18
8427 18
8428 17
8429 17
8430 18
8431 17
8432 18
8433 18
8434 18
8435 19
8436 18
8437 18
8438 17
8439 18
8440 18
8441 20
8442 19
8443 18
8444 18
8445 18
8446 17
8447 17
8448 18
8449 18
8450 17
8451 18
8452 18
8453 17
8454 18
8455 17
8456 18
8457 18
8458 17
8459 19
8460 19
8461 19
8462 18
8463 20
8464 19
8465 17
8466 18
8467 18
8468 18
8469 18
8470 19
8471 18
8472 19
8473 19
8474 18
8475 19
8476 19
8477 19
8478 18
8479 17
8480 24
8481 20
8482 20
8483 18
8484 19
8485 20
8486 20
8487 20
8488 18
8489 17
8490 19
8491 18
8492 20
8493 20
8494 19
8495 19
8496 18
8497 19
8498 18
8499 20
8500 20
8501 19
8502 18
8503 22
8504 78
8505 22
8506 22
8507 20
8508 22
8509 21
8510 19
8511 38
8512 20
8513 19
8514 18
8515 20
8516 28
8517 20
8518 19
8519 18
8520 20
8521 18
8522 19
8523 20
8524 20
8525 20
8526 20
8527 19
8528 18
8529 17
8530 18
8531 21
8532 22
8533 22
8534 21
8535 18
8536 22
8537 19
8538 20
8539 18
8540 20
8541 20
8542 22
8543 21
8544 20
8545 20
8546 21
8547 19
8548 18
8549 19
8550 20
8551 19
8552 19
8553 18
8554 18
8555 20
8556 20
8557 19
8558 20
8559 20
8560 19
8561 19
8562 41
8563 21
8564 24
8565 20
8566 19
8567 19
8568 18
8569 20
8570 19
8571 19
8572 21
8573 19
8574 18
8575 22
8576 18
8577 18
8578 19
8579 18
8580 19
8581 18
8582 19
8583 18
8584 19
8585 34
8586 20
8587 20
8588 18
8589 19
8590 19
8591 18
8592 18
8593 18
8594 19
8595 19
8596 17
8597 18
8598 17
8599 19
8600 18
8601 19
8602 24
8603 20
8604 19
8605 19
8606 22
8607 26
8608 17
8609 19
8610 19
8611 20
8612 20
8613 19
8614 18
8615 18
8616 18
8617 18
8618 18
8619 18
8620 18
8621 18
8622 19
8623 18
8624 19
8625 19
8626 33
8627 20
8628 19
8629 18
8630 18
8631 18
8632 20
8633 19
8634 19
8635 19
8636 19
8637 20
8638 275
8639 29
8640 20
8641 21
8642 22
8643 19
8644 18
8645 19
8646 22
8647 22
8648 19
8649 19
8650 21
8651 20
8652 18
8653 19
8654 20
8655 20
8656 18
8657 26
8658 19
8659 19
8660 20
8661 27
8662 18
8663 18
8664 19
8665 23
8666 27
8667 21
8668 18
8669 21
8670 20
8671 19
8672 17
8673 19
8674 18
8675 18
8676 18
8677 19
8678 18
8679 17
8680 38
8681 22
8682 20
8683 18
8684 21
8685 20
8686 20
8687 18
8688 19
8689 19
8690 18
8691 18
8692 18
8693 18
8694 18
8695 33
8696 20
8697 20
8698 20
8699 19
8700 18
8701 21
8702 20
8703 19
8704 18
8705 20
8706 19
8707 18
8708 19
8709 19
8710 20
8711 18
8712 19
8713 18
8714 19
8715 20
8716 20
8717 18
8718 26
8719 18
8720 20
8721 25
8722 19
8723 19
8724 20
8725 19
8726 19
8727 18
8728 18
8729 19
8730 22
8731 23
8732 19
8733 19
8734 22
8735 21
8736 21
8737 21
8738 19
8739 18
8740 23
8741 21
8742 19
8743 18
8744 18
8745 21
8746 18
8747 18
8748 19
8749 20
8750 18
8751 17
8752 19
8753 20
8754 18
8755 18
8756 24
8757 21
8758 18
8759 18
8760 19
8761 20
8762 19
8763 20
8764 21
8765 19
8766 18
8767 20
8768 18
8769 20
8770 20
8771 19
8772 23
8773 20
8774 19
8775 20
8776 18
8777 18
8778 18
8779 18
8780 20
8781 20
8782 18
8783 20
8784 19
8785 18
8786 38
8787 21
8788 21
8789 19
8790 19
8791 20
8792 25
8793 20
8794 19
8795 20
8796 20
8797 19
8798 20
8799 19
8800 19
8801 20
8802 18
8803 18
8804 18
8805 18
8806 20
8807 21
8808 19
8809 19
8810 18
8811 19
8812 19
8813 18
8814 18
8815 19
8816 19
8817 18
8818 18
8819 18
8820 17
8821 19
8822 18
8823 20
8824 20
8825 20
8826 18
8827 18
8828 21
8829 18
8830 17
8831 18
8832 18
8833 18
8834 17
8835 18
8836 17
8837 18
8838 18
8839 20
8840 19
8841 18
8842 18
8843 17
8844 17
8845 17
8846 17
8847 17
8848 17
8849 18
8850 18
8851 18
8852 17
8853 17
8854 17
8855 18
8856 18
8857 17
8858 18
8859 17
8860 18
8861 17
8862 17
8863 17
8864 18
8865 17
8866 18
8867 17
8868 17
8869 17
8870 17
8871 18
8872 18
8873 17
8874 18
8875 18
8876 18
8877 17
8878 17
8879 17
8880 17
8881 18
8882 17
8883 17
8884 18
8885 18
8886 20
8887 18
8888 18
8889 18
8890 18
8891 18
8892 18
8893 19
8894 18
8895 18
8896 17
8897 18
8898 17
8899 18
8900 17
8901 18
8902 17
8903 17
8904 17
8905 17
8906 17
8907 17
8908 17
8909 17
8910 17
8911 17
8912 17
8913 17
8914 18
8915 28
8916 18
8917 17
8918 17
8919 17
8920 18
8921 18
8922 18
8923 18
8924 17
8925 17
8926 18
8927 17
8928 17
8929 18
8930 18
8931 17
8932 19
8933 18
8934 18
8935 17
8936 17
8937 17
8938 17
8939 17
8940 17
8941 17
8942 17
8943 17
8944 17
8945 17
8946 18
8947 18
8948 17
8949 19
8950 17
8951 18
8952 18
8953 17
8954 18
8955 17
8956 17
8957 17
8958 17
8959 17
8960 18
8961 17
8962 22
8963 17
8964 17
8965 18
8966 18
8967 17
8968 17
8969 18
8970 18
8971 18
8972 20
8973 18
8974 17
8975 17
8976 18
8977 18
8978 17
8979 17
8980 18
8981 18
8982 18
8983 19
8984 18
8985 17
8986 18
8987 29
8988 19
8989 17
8990 18
8991 17
8992 26
8993 19
8994 18
8995 18
8996 18
8997 18
8998 18
8999 17
9000 18
9001 18
9002 17
9003 19
9004 21
9005 18
9006 18
9007 18
9008 18
9009 17
9010 17
9011 17
9012 18
9013 17
9014 18
9015 18
9016 18
9017 17
9018 18
9019 27
9020 19
9021 18
9022 18
9023 18
9024 18
9025 17
9026 17
9027 19
9028 18
9029 17
9030 17
9031 17
9032 17
9033 17
9034 18
9035 17
9036 17
9037 17
9038 18
9039 18
9040 17
9041 17
9042 17
9043 17
9044 17
9045 18
9046 18
9047 17
9048 18
9049 17
9050 17
9051 18
9052 17
9053 17
9054 17
9055 18
9056 17
9057 17
9058 17
9059 17
9060 17
9061 17
9062 18
9063 17
9064 18
9065 17
9066 18
9067 18
9068 18
9069 17
9070 18
9071 18
9072 19
9073 18
9074 17
9075 18
9076 18
9077 17
9078 17
9079 17
9080 17
9081 17
9082 17
9083 17
9084 17
9085 17
9086 17
9087 17
9088 17
9089 17
9090 17
9091 19
9092 18
9093 28
9094 18
9095 18
9096 17
9097 18
9098 17
9099 18
9100 18
9101 19
9102 17
9103 18
9104 18
9105 18
9106 18
9107 18
9108 18
9109 19
9110 19
9111 19
9112 18
9113 17
9114 17
9115 17
9116 17
9117 17
9118 18
9119 17
9120 17
9121 18
9122 17
9123 18
9124 17
9125 18
9126 18
9127 19
9128 17
9129 18
9130 18
9131 29
9132 19
9133 19
9134 19
9135 17
9136 17
9137 29
9138 18
9139 17
9140 18
9141 18
9142 18
9143 18
9144 18
9145 18
9146 19
9147 20
9148 18
9149 17
9150 18
9151 17
9152 18
9153 17
9154 17
9155 18
9156 17
9157 19
9158 17
9159 18
9160 18
9161 18
9162 17
9163 17
9164 18
9165 18
9166 17
9167 18
9168 18
9169 17
9170 18
9171 18
9172 17
9173 21
9174 20
9175 18
9176 17
9177 18
9178 18
9179 17
9180 17
9181 17
9182 18
9183 17
9184 18
9185 18
9186 17
9187 17
9188 17
9189 18
9190 19
9191 18
9192 18
9193 18
9194 18
9195 18
9196 17
9197 18
9198 18
9199 17
9200 18
9201 18
9202 17
9203 18
9204 17
9205 18
9206 28
9207 18
9208 18
9209 17
9210 17
9211 17
9212 17
9213 17
9214 17
9215 17
9216 17
9217 18
9218 19
9219 18
9220 17
9221 19
9222 18
9223 18
9224 18
9225 17
9226 18
9227 18
9228 18
9229 18
9230 17
9231 17
9232 17
9233 18
9234 17
9235 17
9236 17
9237 20
9238 17
9239 18
9240 18
9241 17
9242 20
9243 18
9244 17
9245 18
9246 17
9247 17
9248 17
9249 17
9250 17
9251 17
9252 17
9253 18
9254 17
9255 17
9256 18
9257 19
9258 18
9259 17
9260 18
9261 18
9262 17
9263 17
9264 18
9265 18
9266 17
9267 28
9268 19
9269 18
9270 17
9271 17
9272 18
9273 17
9274 17
9275 18
9276 18
9277 18
9278 17
9279 18
9280 18
9281 17
9282 17
9283 17
9284 18
9285 19
9286 18
9287 17
9288 17
9289 17
9290 17
9291 17
9292 17
9293 17
9294 17
9295 17
9296 17
9297 17
9298 17
9299 17
9300 17
9301 20
9302 18
9303 17
9304 18
9305 18
9306 18
9307 17
9308 17
9309 17
9310 17
9311 17
9312 17
9313 17
9314 23
9315 17
9316 17
9317 17
9318 17
9319 16
9320 18
9321 17
9322 17
9323 17
9324 17
9325 16
9326 17
9327 17
9328 17
9329 17
9330 17
9331 17
9332 17
9333 19
9334 17
9335 28
9336 18
9337 17
9338 17
9339 17
9340 18
9341 17
9342 17
9343 17
9344 17
9345 18
9346 18
9347 17
9348 18
9349 17
9350 18
9351 18
9352 17
9353 18
9354 17
9355 18
9356 17
9357 26
9358 19
9359 18
9360 17
9361 18
9362 17
9363 17
9364 18
9365 19
9366 18
9367 18
9368 17
9369 17
9370 17
9371 18
9372 25
9373 19
9374 17
9375 17
9376 17
9377 17
9378 17
9379 17
9380 17
9381 17
9382 17
9383 17
9384 17
9385 17
9386 16
9387 17
9388 17
9389 18
9390 19
9391 19
9392 17
9393 18
9394 17
9395 18
9396 18
9397 27
9398 17
9399 18
9400 19
9401 19
9402 18
9403 17
9404 19
9405 18
9406 18
9407 17
9408 17
9409 17
9410 18
9411 20
9412 17
9413 18
9414 18
9415 17
9416 17
9417 17
9418 17
9419 17
9420 18
9421 17
9422 19
9423 19
9424 18
9425 17
9426 18
9427 21
9428 22
9429 21
9430 19
9431 17
9432 29
9433 19
9434 18
9435 17
9436 17
9437 18
9438 18
9439 18
9440 17
9441 18
9442 17
9443 18
9444 17
9445 18
9446 18
9447 17
9448 18
9449 17
9450 17
9451 18
9452 17
9453 18
9454 18
9455 17
9456 17
9457 17
9458 18
9459 18
9460 17
9461 25
9462 19
9463 18
9464 18
9465 18
9466 20
9467 18
9468 17
9469 17
9470 18
9471 18
9472 18
9473 18
9474 17
9475 17
9476 18
9477 18
9478 18
9479 17
9480 19
9481 17
9482 17
9483 17
9484 17
9485 17
9486 17
9487 18
9488 17
9489 17
9490 18
9491 18
9492 17
9493 20
9494 17
9495 18
9496 17
9497 17
9498 19
9499 19
9500 19
9501 17
9502 17
9503 18
9504 17
9505 18
9506 18
9507 17
9508 18
9509 18
9510 19
9511 18
9512 17
9513 17
9514 29
9515 19
9516 17
9517 17
9518 17
9519 17
9520 17
9521 17
9522 17
9523 16
9524 17
9525 18
9526 18
9527 18
9528 17
9529 18
9530 17
9531 17
9532 17
9533 17
9534 17
9535 17
9536 17
9537 17
9538 18
9539 18
9540 17
9541 17
9542 18
9543 19
9544 18
9545 17
9546 17
9547 17
9548 17
9549 17
9550 16
9551 17
9552 17
9553 17
9554 17
9555 18
9556 17
9557 20
9558 18
9559 17
9560 17
9561 18
9562 17
9563 17
9564 17
9565 17
9566 18
9567 19
9568 18
9569 17
9570 17
9571 17
9572 17
9573 17
9574 17
9575 17
9576 16
9577 17
9578 17
9579 17
9580 17
9581 18
9582 17
9583 17
9584 17
9585 17
9586 18
9587 17
9588 18
9589 17
9590 17
9591 17
9592 17
9593 17
9594 17
9595 17
9596 17
9597 18
9598 18
9599 18
9600 17
9601 18
9602 17
9603 17
9604 17
9605 16
9606 17
9607 17
9608 17
9609 17
9610 17
9611 17
9612 18
9613 18
9614 18
9615 17
9616 17
9617 17
9618 17
9619 18
9620 18
9621 19
9622 18
9623 17
9624 19
9625 17
9626 17
9627 17
9628 17
9629 17
9630 17
9631 17
9632 17
9633 18
9634 17
9635 17
9636 17
9637 17
9638 17
9639 17
9640 17
9641 16
9642 18
9643 17
9644 18
9645 19
9646 19
9647 20
9648 18
9649 17
9650 17
9651 18
9652 17
9653 17
9654 17
9655 17
9656 19
9657 18
9658 17
9659 17
9660 17
9661 17
9662 17
9663 17
9664 17
9665 17
9666 17
9667 17
9668 28
9669 19
9670 18
9671 18
9672 19
9673 18
9674 18
9675 17
9676 17
9677 17
9678 18
9679 18
9680 17
9681 18
9682 18
9683 17
9684 18
9685 19
9686 18
9687 18
9688 17
9689 17
9690 17
9691 17
9692 17
9693 18
9694 18
9695 17
9696 19
9697 18
9698 18
9699 17
9700 17
9701 17
9702 17
9703 17
9704 17
9705 19
9706 18
9707 19
9708 18
9709 17
9710 18
9711 18
9712 17
9713 17
9714 17
9715 18
9716 19
9717 18
9718 17
9719 18
9720 17
9721 17
9722 17
9723 17
9724 18
9725 18
9726 17
9727 18
9728 19
9729 18
9730 19
9731 18
9732 17
9733 17
9734 17
9735 17
9736 17
9737 17
9738 17
9739 18
9740 17
9741 17
9742 17
9743 17
9744 17
9745 17
9746 18
9747 17
9748 17
9749 20
9750 17
9751 17
9752 18
9753 16
9754 18
9755 17
9756 18
9757 16
9758 19
9759 18
9760 18
9761 18
9762 18
9763 18
9764 17
9765 17
9766 18
9767 17
9768 17
9769 18
9770 17
9771 17
9772 17
9773 18
9774 17
9775 17
9776 18
9777 18
9778 18
9779 18
9780 18
9781 17
9782 17
9783 17
9784 19
9785 17
9786 17
9787 19
9788 17
9789 18
9790 16
9791 19
9792 18
9793 19
9794 18
9795 18
9796 18
9797 17
9798 18
9799 18
9800 18
9801 18
9802 17
9803 18
9804 18
9805 17
9806 17
9807 17
9808 17
9809 17
9810 18
9811 17
9812 17
9813 22
9814 17
9815 18
9816 18
9817 18
9818 18
9819 19
9820 18
9821 17
9822 17
9823 17
9824 17
9825 17
9826 17
9827 17
9828 18
9829 17
9830 17
9831 17
9832 17
9833 17
9834 18
9835 17
9836 17
9837 17
9838 17
9839 18
9840 18
9841 17
9842 18
9843 17
9844 17
9845 17
9846 21
9847 18
9848 17
9849 17
9850 19
9851 17
9852 17
9853 17
9854 17
9855 17
9856 17
9857 17
9858 17
9859 17
9860 16
9861 17
9862 28
9863 19
9864 18
9865 17
9866 18
9867 18
9868 19
9869 17
9870 16
9871 18
9872 17
9873 17
9874 17
9875 18
9876 17
9877 19
9878 17
9879 17
9880 17
9881 17
9882 18
9883 18
9884 18
9885 17
9886 18
9887 18
9888 18
9889 26
9890 19
9891 18
9892 17
9893 18
9894 17
9895 17
9896 17
9897 17
9898 17
9899 17
9900 17
9901 18
9902 17
9903 17
9904 17
9905 18
9906 17
9907 19
9908 19
9909 17
9910 17
9911 19
9912 19
9913 18
9914 17
9915 18
9916 17
9917 18
9918 19
9919 17
9920 17
9921 17
9922 17
9923 17
9924 18
9925 17
9926 17
9927 17
9928 17
9929 17
9930 17
9931 19
9932 19
9933 19
9934 41
9935 21
9936 20
9937 20
9938 23
9939 22
9940 18
9941 49
9942 20
9943 22
9944 19
9945 19
9946 19
9947 17
9948 18
9949 18
9950 18
9951 20
9952 23
9953 20
9954 18
9955 17
9956 19
9957 19
9958 18
9959 19
9960 18
9961 18
9962 18
9963 18
9964 19
9965 17
9966 17
9967 19
9968 23
9969 19
9970 17
9971 19
9972 17
9973 17
9974 18
9975 17
9976 19
9977 19
9978 19
9979 19
9980 18
9981 18
9982 19
9983 41
9984 20
9985 20
9986 17
9987 19
9988 19
9989 19
9990 18
9991 17
9992 17
9993 19
9994 18
9995 17
9996 18
9997 18
9998 33
9999 19
