0 4970
1 4789
2 4805
3 4622
4 4978
5 5851
6 4974
7 4874
8 5463
9 4713
10 5398
11 5710
12 4692
13 6044
14 5963
15 4713
16 4966
17 5326
18 5217
19 5081
20 4595
21 4705
22 5208
23 4589
24 5216
25 5511
26 4651
27 5588
28 5463
29 5025
30 5446
31 4806
32 4584
33 6774
34 4753
35 4907
36 5398
37 4719
38 5222
39 5583
40 5012
41 4651
42 5121
43 5680
44 4831
45 4958
46 4961
47 9208
48 4459
49 4710
50 4889
51 6033
52 6216
53 4944
54 4603
55 4583
56 4711
57 4583
58 4856
59 4705
60 4702
61 4967
62 5417
63 4821
64 5096
65 5443
66 4973
67 5140
68 5018
69 4574
70 4717
71 5131
72 6697
73 4647
74 6153
75 4950
76 5193
77 4456
78 5236
79 6168
80 5203
81 5093
82 4732
83 5030
84 5658
85 4587
86 4558
87 5578
88 4777
89 5125
90 5198
91 5320
92 6044
93 4606
94 4609
95 4853
96 4948
97 6331
98 5075
99 4575
100 4460
101 5357
102 4903
103 4522
104 4509
105 4731
106 4591
107 4615
108 5362
109 4798
110 4441
111 4848
112 5220
113 5321
114 5197
115 4822
116 5581
117 4714
118 4703
119 4942
120 5202
121 4718
122 4440
123 4600
124 4809
125 4766
126 5011
127 4956
128 5079
129 5213
130 4692
131 4838
132 5200
133 5869
134 4542
135 4792
136 5081
137 4903
138 5012
139 -995241
140 5520
141 5143
142 5068
143 5216
144 5449
145 4824
146 5072
147 4582
148 5331
149 6081
150 4577
151 4579
152 4581
153 6719
154 5842
155 4554
156 4728
157 5202
158 4676
159 5198
160 5231
161 5064
162 4714
163 4965
164 4779
165 4646
166 4575
167 4710
168 4590
169 4715
170 4837
171 5080
172 4713
173 4845
174 5325
175 5084
176 4463
177 4601
178 5075
179 4583
180 5086
181 4880
182 4542
183 4745
184 5181
185 6031
186 4757
187 4837
188 5336
189 4614
190 4559
191 4590
192 5098
193 4729
194 5687
195 6148
196 4636
197 6032
198 5265
199 4717
200 4580
201 4590
202 4703
203 5467
204 4581
205 5212
206 5082
207 5246
208 4553
209 4588
210 5401
211 5302
212 5306
213 5246
214 6052
215 5478
216 5326
217 4586
218 4580
219 4591
220 4879
221 5522
222 4981
223 5590
224 4715
225 4829
226 4585
227 4587
228 5472
229 5576
230 4714
231 5399
232 4659
233 4978
234 6806
235 5211
236 5339
237 4957
238 4589
239 4715
240 4838
241 4769
242 4657
243 4829
244 4969
245 4952
246 5214
247 5343
248 4585
249 4583
250 4592
251 4577
252 4629
253 5177
254 4764
255 5901
256 4970
257 5200
258 5087
259 5341
260 5212
261 4834
262 4967
263 5083
264 4836
265 4707
266 5587
267 4715
268 5718
269 5204
270 4841
271 5712
272 4587
273 6458
274 5585
275 5720
276 4848
277 5693
278 4963
279 4840
280 4579
281 5413
282 5011
283 4840
284 4706
285 5337
286 5105
287 5192
288 5985
289 4801
290 4827
291 4588
292 4592
293 4578
294 5841
295 5265
296 5282
297 4846
298 5590
299 4779
300 5398
301 5480
302 5372
303 4688
304 4692
305 5088
306 4694
307 4716
308 5210
309 5357
310 5222
311 5184
312 5338
313 5088
314 5979
315 5321
316 4836
317 5338
318 4844
319 4580
320 5085
321 4588
322 4721
323 4828
324 5090
325 5085
326 5345
327 4579
328 4962
329 5281
330 4797
331 4934
332 5464
333 5470
334 6210
335 -995107
336 4771
337 4715
338 4720
339 4825
340 5288
341 5956
342 4901
343 4960
344 4711
345 5837
346 5465
347 4710
348 4838
349 5629
350 4636
351 4646
352 5401
353 4713
354 6887
355 5035
356 4709
357 4843
358 4892
359 4529
360 5833
361 5216
362 4958
363 4713
364 4836
365 5029
366 4661
367 4579
368 5015
369 4663
370 5074
371 4588
372 5152
373 4658
374 6343
375 4829
376 4836
377 4707
378 4846
379 5447
380 4716
381 5219
382 4704
383 5340
384 4837
385 5090
386 6084
387 4593
388 6718
389 4574
390 5212
391 4838
392 5480
393 5320
394 6841
395 4587
396 4725
397 5092
398 4816
399 4717
400 5343
401 4455
402 4713
403 4837
404 4594
405 5004
406 5164
407 4900
408 5067
409 5420
410 4588
411 4590
412 4580
413 5343
414 6589
415 5088
416 4845
417 4704
418 4714
419 5589
420 4971
421 5396
422 4895
423 4588
424 4593
425 4727
426 5317
427 4841
428 4715
429 4705
430 4837
431 4587
432 4600
433 5098
434 4818
435 6237
436 5509
437 4640
438 4964
439 5348
440 4835
441 4704
442 4472
443 5241
444 6127
445 5634
446 5214
447 4587
448 5089
449 4834
450 4472
451 4702
452 5224
453 4951
454 5293
455 6834
456 4640
457 5197
458 4594
459 4704
460 4601
461 5143
462 5023
463 4955
464 4841
465 4708
466 4460
467 4588
468 4964
469 4706
470 4862
471 4749
472 4779
473 5087
474 4827
475 6678
476 5251
477 4706
478 4829
479 5220
480 4707
481 4838
482 4708
483 4846
484 5078
485 4708
486 4957
487 5248
488 4913
489 4840
490 5653
491 5156
492 5394
493 5151
494 5077
495 6286
496 5272
497 5450
498 4836
499 4717
500 4828
501 5840
502 4709
503 4969
504 4954
505 4588
506 4776
507 5584
508 4771
509 4716
510 5463
511 4970
512 4706
513 4838
514 5963
515 5977
516 4948
517 4585
518 5836
519 5223
520 5329
521 5088
522 4778
523 6152
524 4833
525 4463
526 4588
527 4964
528 4832
529 4840
530 4838
531 4969
532 -994221
533 6064
534 4916
535 5957
536 4713
537 4713
538 5096
539 5203
540 4712
541 5108
542 4824
543 4954
544 4963
545 4839
546 4769
547 5404
548 5640
549 5156
550 5468
551 4590
552 4584
553 5211
554 5470
555 6203
556 4961
557 4966
558 4716
559 4583
560 4588
561 5210
562 4594
563 4715
564 5082
565 4965
566 5692
567 4980
568 4588
569 4839
570 4593
571 4579
572 4591
573 4588
574 4844
575 5329
576 6587
577 5092
578 5092
579 5329
580 5089
581 5223
582 4552
583 5090
584 4827
585 5083
586 5323
587 4959
588 4964
589 4979
590 4587
591 4583
592 4589
593 5462
594 5611
595 4688
596 6089
597 9463
598 4582
599 5026
600 4777
601 4715
602 5332
603 5024
604 5031
605 4710
606 4708
607 4463
608 4591
609 4721
610 4584
611 4643
612 4900
613 4842
614 4894
615 5547
616 6587
617 5568
618 4833
619 4714
620 5217
621 5087
622 4831
623 5845
624 5516
625 4783
626 5431
627 5360
628 4913
629 5012
630 4963
631 4588
632 5106
633 4819
634 4993
635 6808
636 4593
637 6350
638 4816
639 4712
640 4726
641 5612
642 5047
643 4835
644 5340
645 4833
646 4589
647 5343
648 5402
649 4806
650 4545
651 4587
652 5216
653 4832
654 4964
655 6406
656 4893
657 4965
658 5090
659 4841
660 4766
661 5149
662 5393
663 4792
664 5477
665 4564
666 5464
667 5471
668 5201
669 4598
670 4575
671 5345
672 4763
673 5845
674 4892
675 6667
676 4816
677 5405
678 4592
679 4951
680 5327
681 5238
682 5072
683 4966
684 4829
685 4650
686 5274
687 4593
688 4576
689 4970
690 4707
691 4789
692 5142
693 5230
694 5304
695 6844
696 4953
697 4598
698 4954
699 4590
700 5255
701 4686
702 5198
703 4954
704 4952
705 6473
706 4833
707 5588
708 4708
709 5212
710 4838
711 4961
712 4950
713 4723
714 5208
715 5832
716 5203
717 4470
718 4711
719 5458
720 4838
721 5461
722 5456
723 4714
724 4771
725 4777
726 4957
727 -995401
728 4697
729 4952
730 4845
731 4707
732 5019
733 5049
734 4951
735 6453
736 5464
737 4614
738 4563
739 4709
740 4876
741 5746
742 4759
743 5209
744 4591
745 5464
746 4944
747 4603
748 4784
749 4766
750 4851
751 4697
752 4853
753 4643
754 5177
755 4779
756 5461
757 4461
758 4976
759 4703
760 4828
761 5213
762 4595
763 4718
764 5075
765 5332
766 4594
767 4957
768 4847
769 4724
770 4947
771 5458
772 4709
773 4839
774 4840
775 4957
776 6713
777 5226
778 4575
779 4709
780 5003
781 4781
782 4583
783 4590
784 4825
785 5092
786 4961
787 4588
788 4590
789 4595
790 4728
791 4547
792 4709
793 4966
794 5730
795 5507
796 5145
797 6226
798 5208
799 4836
800 4832
801 4711
802 4594
803 5078
804 4984
805 4964
806 4947
807 4955
808 4962
809 4964
810 4968
811 5079
812 4838
813 5154
814 4527
815 4955
816 4845
817 7204
818 4468
819 5205
820 4837
821 4987
822 5437
823 4834
824 4588
825 5892
826 5656
827 4583
828 4749
829 5619
830 4648
831 4584
832 5713
833 6114
834 4682
835 4718
836 5583
837 5846
838 4848
839 4821
840 4583
841 4616
842 4560
843 4712
844 4716
845 5089
846 4839
847 4988
848 4936
849 5089
850 5586
851 5334
852 5088
853 4648
854 5058
855 4863
856 5407
857 5843
858 5078
859 4842
860 4719
861 4709
862 4894
863 6463
864 4904
865 4850
866 5070
867 5093
868 4740
869 5188
870 4575
871 5088
872 4713
873 4594
874 4579
875 4711
876 4963
877 4604
878 6694
879 4465
880 4594
881 4758
882 5279
883 4965
884 4828
885 4846
886 4953
887 4587
888 5214
889 5222
890 5770
891 5145
892 5465
893 4720
894 4702
895 5401
896 5275
897 4965
898 6092
899 4582
900 4715
901 5089
902 4583
903 4777
904 5085
905 5161
906 4579
907 4745
908 4790
909 4597
910 5200
911 4712
912 4746
913 5062
914 4454
915 4841
916 4588
917 5394
918 4778
919 5337
920 5089
921 5346
922 4829
923 4586
924 5090
925 4842
926 -995387
927 5057
928 4838
929 5149
930 4776
931 4836
932 4776
933 4923
934 4686
935 5152
936 4899
937 4792
938 4888
939 6328
940 5026
941 5162
942 4822
943 5713
944 5590
945 4468
946 4580
947 5025
948 4905
949 5218
950 5324
951 4743
952 5434
953 5963
954 5341
955 5265
956 5138
957 5100
958 4591
959 5835
960 4471
961 4953
962 5109
963 4944
964 4718
965 4710
966 4958
967 4721
968 4845
969 4819
970 5087
971 4986
972 6573
973 5453
974 4961
975 4982
976 4930
977 4726
978 5549
979 6331
980 4719
981 5877
982 5307
983 4871
984 5162
985 4459
986 4581
987 4716
988 5364
989 5311
990 4836
991 5162
992 4641
993 4863
994 5060
995 4587
996 6089
997 5209
998 4589
999 6094
1000 5329
1001 4592
1002 4835
1003 5184
1004 4864
1005 4714
1006 4965
1007 4601
1008 4946
1009 4589
1010 5212
1011 5876
1012 4982
1013 5279
1014 4590
1015 4575
1016 4971
1017 5406
1018 5020
1019 6346
1020 4701
1021 4588
1022 4588
1023 5025
1024 4774
1025 4589
1026 4715
1027 5476
1028 4952
1029 5778
1030 4645
1031 4601
1032 4949
1033 5088
1034 5148
1035 4661
1036 4704
1037 5405
1038 4517
1039 4604
1040 6072
1041 4714
1042 4588
1043 5345
1044 5102
1045 5374
1046 5034
1047 5590
1048 4703
1049 4714
1050 4965
1051 5219
1052 5451
1053 4589
1054 4590
1055 4717
1056 5581
1057 4716
1058 5462
1059 6808
1060 4994
1061 4763
1062 4779
1063 4464
1064 5215
1065 4834
1066 5090
1067 5212
1068 5333
1069 4715
1070 5027
1071 5311
1072 5174
1073 5961
1074 4852
1075 5195
1076 4600
1077 5455
1078 5868
1079 6802
1080 5450
1081 5087
1082 4717
1083 5212
1084 5203
1085 4592
1086 5469
1087 4577
1088 5650
1089 4779
1090 6341
1091 4583
1092 5336
1093 4970
1094 4706
1095 4962
1096 4714
1097 5106
1098 5318
1099 7089
1100 4712
1101 4841
1102 4707
1103 5213
1104 6031
1105 6021
1106 5085
1107 6089
1108 4967
1109 5080
1110 4902
1111 5080
1112 5037
1113 4956
1114 4963
1115 4849
1116 5082
1117 4713
1118 6706
1119 5360
1120 4695
1121 -995108
1122 4653
1123 5086
1124 5969
1125 5202
1126 5274
1127 4970
1128 5400
1129 5457
1130 5338
1131 5721
1132 4704
1133 4965
1134 5342
1135 4719
1136 4828
1137 4957
1138 6232
1139 5392
1140 4637
1141 4591
1142 5087
1143 4594
1144 4727
1145 5064
1146 4593
1147 6466
1148 4703
1149 5842
1150 5039
1151 4732
1152 5418
1153 5336
1154 5515
1155 4842
1156 4832
1157 6551
1158 4766
1159 4550
1160 4580
1161 5093
1162 5207
1163 5219
1164 4761
1165 4840
1166 5029
1167 4843
1168 5078
1169 4845
1170 4799
1171 4998
1172 4704
1173 5065
1174 4642
1175 5137
1176 5899
1177 5209
1178 5963
1179 4974
1180 5330
1181 5337
1182 4968
1183 5707
1184 4960
1185 6030
1186 4551
1187 4821
1188 4820
1189 4466
1190 4720
1191 4827
1192 4838
1193 5340
1194 5219
1195 4566
1196 4725
1197 5100
1198 5829
1199 5076
1200 4721
1201 4866
1202 4692
1203 4716
1204 5200
1205 5090
1206 4717
1207 4859
1208 4561
1209 4586
1210 4606
1211 4694
1212 5024
1213 4659
1214 5229
1215 4751
1216 5150
1217 4716
1218 6558
1219 5617
1220 5580
1221 5338
1222 4594
1223 4703
1224 6024
1225 5043
1226 4824
1227 5582
1228 5146
1229 4781
1230 4715
1231 4836
1232 5208
1233 4597
1234 4956
1235 4460
1236 5364
1237 5189
1238 6341
1239 4708
1240 4839
1241 5085
1242 4613
1243 4809
1244 4717
1245 4481
1246 5065
1247 4836
1248 4589
1249 5194
1250 4882
1251 4804
1252 4718
1253 5283
1254 5396
1255 4706
1256 4587
1257 4714
1258 5216
1259 6583
1260 5088
1261 4970
1262 4952
1263 5212
1264 5839
1265 5285
1266 5264
1267 4962
1268 5150
1269 5526
1270 4833
1271 4590
1272 4594
1273 4612
1274 5603
1275 4783
1276 4964
1277 5088
1278 4840
1279 5706
1280 5340
1281 4967
1282 5204
1283 4839
1284 5273
1285 4657
1286 4581
1287 4713
1288 4963
1289 4590
1290 4715
1291 4709
1292 5655
1293 5150
1294 5834
1295 4610
1296 5068
1297 5336
1298 4730
1299 6193
1300 4467
1301 4587
1302 4836
1303 4835
1304 4838
1305 5234
1306 4941
1307 5714
1308 5133
1309 4685
1310 5436
1311 4838
1312 5352
1313 4757
1314 6190
1315 4928
1316 4732
1317 -994694
1318 4966
1319 6610
1320 4818
1321 4892
1322 4838
1323 5087
1324 4845
1325 4768
1326 4586
1327 4965
1328 4841
1329 4829
1330 5155
1331 5148
1332 4778
1333 4895
1334 5400
1335 4900
1336 5095
1337 5328
1338 5236
1339 5694
1340 4586
1341 4709
1342 4838
1343 5214
1344 4465
1345 4708
1346 5960
1347 4967
1348 5090
1349 4708
1350 5087
1351 4715
1352 4589
1353 4710
1354 4962
1355 4839
1356 4968
1357 4583
1358 5233
1359 6332
1360 4699
1361 4957
1362 4964
1363 4462
1364 5220
1365 5898
1366 5145
1367 4843
1368 5208
1369 5223
1370 4579
1371 4704
1372 5519
1373 5218
1374 4892
1375 4590
1376 5463
1377 5709
1378 4589
1379 5978
1380 5614
1381 5298
1382 5212
1383 4720
1384 4709
1385 5459
1386 4964
1387 4787
1388 4544
1389 4741
1390 4838
1391 5036
1392 4452
1393 4968
1394 5462
1395 4741
1396 4806
1397 5538
1398 4764
1399 5094
1400 5455
1401 4840
1402 5401
1403 5156
1404 4954
1405 4837
1406 4713
1407 5096
1408 4959
1409 5149
1410 4648
1411 4968
1412 4955
1413 5088
1414 4715
1415 5342
1416 4954
1417 5712
1418 5024
1419 4782
1420 5886
1421 5029
1422 4839
1423 5462
1424 4857
1425 5067
1426 4962
1427 5090
1428 4961
1429 4957
1430 4714
1431 5589
1432 5083
1433 5089
1434 4840
1435 4964
1436 4582
1437 4840
1438 6488
1439 4686
1440 5712
1441 4838
1442 4729
1443 4945
1444 5088
1445 4714
1446 5027
1447 4897
1448 4619
1449 4558
1450 4719
1451 4707
1452 4711
1453 4588
1454 5714
1455 5026
1456 4783
1457 5827
1458 5473
1459 5270
1460 6141
1461 4772
1462 5289
1463 4824
1464 4861
1465 4691
1466 5093
1467 4588
1468 5029
1469 4637
1470 4626
1471 5045
1472 6204
1473 4836
1474 5032
1475 4642
1476 4902
1477 4776
1478 5716
1479 5080
1480 6213
1481 4466
1482 5217
1483 4831
1484 4710
1485 4589
1486 5095
1487 5521
1488 4773
1489 4586
1490 4594
1491 4578
1492 4590
1493 4713
1494 5095
1495 4467
1496 4573
1497 4965
1498 4590
1499 4711
1500 4710
1501 6464
1502 4852
1503 4949
1504 4646
1505 4652
1506 5322
1507 5133
1508 4807
1509 4776
1510 5164
1511 4887
1512 5147
1513 4713
1514 4735
1515 -994683
1516 4958
1517 4964
1518 5161
1519 4848
1520 5128
1521 5970
1522 4710
1523 4707
1524 4962
1525 5965
1526 4717
1527 4454
1528 4589
1529 8143
1530 5034
1531 4585
1532 4925
1533 5798
1534 4781
1535 5085
1536 5089
1537 4963
1538 5462
1539 4587
1540 5461
1541 5848
1542 4579
1543 4461
1544 4594
1545 4826
1546 4723
1547 4579
1548 4590
1549 4713
1550 5213
1551 4584
1552 5341
1553 4837
1554 4588
1555 5083
1556 4588
1557 5589
1558 4591
1559 4836
1560 4914
1561 4516
1562 5860
1563 4933
1564 4714
1565 4594
1566 5085
1567 4458
1568 4840
1569 4840
1570 4718
1571 5080
1572 4702
1573 5157
1574 4650
1575 4584
1576 4705
1577 4485
1578 4576
1579 4699
1580 4842
1581 4773
1582 4773
1583 6340
1584 4959
1585 5337
1586 5224
1587 5964
1588 6446
1589 4844
1590 4704
1591 4838
1592 5642
1593 4782
1594 4953
1595 5469
1596 4575
1597 4854
1598 4570
1599 4834
1600 4967
1601 5332
1602 4715
1603 7084
1604 5088
1605 4969
1606 4489
1607 4556
1608 5462
1609 4647
1610 5188
1611 4691
1612 5192
1613 4729
1614 5554
1615 4583
1616 4966
1617 5101
1618 5817
1619 5345
1620 5553
1621 4867
1622 6086
1623 4708
1624 4582
1625 4976
1626 4572
1627 5243
1628 4744
1629 4772
1630 4727
1631 4811
1632 4714
1633 5090
1634 4707
1635 5335
1636 5089
1637 4716
1638 5328
1639 4833
1640 5025
1641 5281
1642 4848
1643 6570
1644 5085
1645 4586
1646 4584
1647 4584
1648 5089
1649 4720
1650 5203
1651 4462
1652 5357
1653 4825
1654 4705
1655 4836
1656 4571
1657 5309
1658 4767
1659 5205
1660 4461
1661 5596
1662 5311
1663 6608
1664 5479
1665 5342
1666 5121
1667 4647
1668 4556
1669 5105
1670 5144
1671 4711
1672 4589
1673 4840
1674 4711
1675 5017
1676 5407
1677 6905
1678 6085
1679 5528
1680 4967
1681 5078
1682 5091
1683 5336
1684 4963
1685 4586
1686 4970
1687 4708
1688 5095
1689 4703
1690 5716
1691 4587
1692 5221
1693 4577
1694 5462
1695 5220
1696 4588
1697 4704
1698 4869
1699 5126
1700 4779
1701 4826
1702 5116
1703 6186
1704 4963
1705 4584
1706 4715
1707 4713
1708 4850
1709 5257
1710 5043
1711 5070
1712 -995402
1713 5317
1714 5219
1715 5082
1716 4591
1717 4708
1718 4964
1719 4588
1720 4847
1721 5140
1722 5030
1723 4959
1724 5476
1725 5450
1726 4711
1727 4714
1728 4713
1729 4583
1730 4967
1731 5342
1732 5273
1733 4524
1734 5078
1735 5119
1736 4685
1737 5018
1738 4897
1739 5090
1740 4833
1741 4714
1742 5083
1743 4837
1744 6969
1745 4577
1746 5080
1747 5149
1748 5356
1749 6055
1750 4780
1751 6411
1752 4634
1753 4774
1754 4677
1755 4574
1756 4828
1757 4959
1758 4892
1759 4908
1760 4575
1761 5470
1762 5829
1763 4843
1764 5826
1765 4610
1766 5191
1767 4594
1768 4455
1769 4836
1770 4991
1771 5088
1772 5118
1773 4902
1774 5839
1775 4969
1776 4706
1777 4713
1778 4964
1779 4967
1780 5144
1781 4772
1782 5089
1783 4597
1784 6395
1785 4652
1786 4707
1787 4595
1788 5079
1789 4714
1790 4713
1791 5094
1792 4578
1793 4963
1794 5906
1795 5278
1796 4701
1797 4968
1798 4961
1799 5595
1800 4952
1801 4839
1802 5087
1803 4588
1804 5919
1805 4893
1806 5568
1807 4981
1808 5067
1809 5089
1810 4651
1811 5005
1812 4607
1813 4711
1814 4715
1815 4592
1816 4702
1817 5090
1818 5590
1819 4651
1820 4977
1821 6133
1822 4587
1823 4848
1824 4702
1825 6836
1826 4745
1827 5413
1828 5026
1829 5018
1830 4734
1831 5002
1832 4782
1833 4710
1834 5013
1835 4784
1836 4834
1837 4837
1838 4586
1839 4742
1840 5182
1841 4589
1842 4588
1843 4901
1844 4775
1845 6086
1846 5280
1847 5022
1848 4584
1849 4713
1850 4837
1851 4588
1852 4588
1853 5211
1854 4587
1855 4973
1856 5080
1857 5084
1858 4714
1859 4770
1860 5053
1861 4688
1862 4986
1863 4694
1864 4827
1865 4965
1866 6364
1867 4706
1868 4721
1869 4951
1870 5202
1871 5717
1872 4703
1873 4845
1874 4704
1875 5486
1876 5943
1877 4589
1878 5079
1879 4720
1880 5078
1881 5094
1882 4829
1883 4757
1884 5422
1885 4769
1886 6276
1887 5834
1888 4829
1889 5220
1890 4774
1891 4645
1892 4704
1893 6096
1894 4709
1895 5584
1896 4580
1897 5963
1898 4714
1899 4838
1900 5459
1901 4463
1902 4721
1903 4756
1904 5657
1905 5092
1906 6206
1907 5208
1908 4961
1909 -994408
1910 4938
1911 4709
1912 4711
1913 4968
1914 4843
1915 5452
1916 5498
1917 4574
1918 4666
1919 5776
1920 4901
1921 4797
1922 4749
1923 4708
1924 6589
1925 5969
1926 4578
1927 4716
1928 4587
1929 5093
1930 4703
1931 5841
1932 4900
1933 5414
1934 4570
1935 4590
1936 4839
1937 4593
1938 4701
1939 5087
1940 4979
1941 4958
1942 4576
1943 4981
1944 5196
1945 5343
1946 6090
1947 5762
1948 5156
1949 5717
1950 5829
1951 4839
1952 4586
1953 5969
1954 5079
1955 4714
1956 4895
1957 4646
1958 5209
1959 5588
1960 4767
1961 4662
1962 5078
1963 5813
1964 4842
1965 5757
1966 4907
1967 5195
1968 4969
1969 4974
1970 4944
1971 4587
1972 4848
1973 5078
1974 4586
1975 4588
1976 5364
1977 4806
1978 5219
1979 4587
1980 5094
1981 4705
1982 4712
1983 4965
1984 4882
1985 5414
1986 6583
1987 5716
1988 4622
1989 4550
1990 4590
1991 4583
1992 4595
1993 5206
1994 4711
1995 6844
1996 5081
1997 4965
1998 5203
1999 4771
2000 5288
2001 4949
2002 4584
2003 5591
2004 4965
2005 4972
2006 5780
2007 4894
2008 4576
2009 4959
2010 5027
2011 4652
2012 4592
2013 4722
2014 4944
2015 4776
2016 5278
2017 4711
2018 4965
2019 5335
2020 4473
2021 4815
2022 5345
2023 5221
2024 4929
2025 5223
2026 7076
2027 5084
2028 4705
2029 4858
2030 5188
2031 4833
2032 4965
2033 4960
2034 5205
2035 4725
2036 4748
2037 4662
2038 4587
2039 4721
2040 5011
2041 4653
2042 4772
2043 4934
2044 4800
2045 4715
2046 4586
2047 6471
2048 5577
2049 5120
2050 5183
2051 4590
2052 4712
2053 5078
2054 4714
2055 4593
2056 4705
2057 5087
2058 4714
2059 4972
2060 5326
2061 5981
2062 4942
2063 4970
2064 4951
2065 5213
2066 5088
2067 5718
2068 4580
2069 4858
2070 4944
2071 4720
2072 4704
2073 4841
2074 5336
2075 4596
2076 5202
2077 4717
2078 5083
2079 4971
2080 5730
2081 6625
2082 4900
2083 4970
2084 4829
2085 4965
2086 5488
2087 5935
2088 4708
2089 4840
2090 4717
2091 5631
2092 4672
2093 4838
2094 5109
2095 5321
2096 4575
2097 4596
2098 4934
2099 4818
2100 5199
2101 5038
2102 4890
2103 4773
2104 4828
2105 5740
2106 -995234
2107 6378
2108 5577
2109 4837
2110 4596
2111 4835
2112 5205
2113 5467
2114 4586
2115 4901
2116 4766
2117 4839
2118 5149
2119 5022
2120 4956
2121 4976
2122 5080
2123 4952
2124 5427
2125 5761
2126 4581
2127 6013
2128 4781
2129 4594
2130 4581
2131 4597
2132 5073
2133 5486
2134 4690
2135 4707
2136 5586
2137 4833
2138 4589
2139 4609
2140 4689
2141 4833
2142 5098
2143 4953
2144 4596
2145 4702
2146 4718
2147 4580
2148 6721
2149 5451
2150 4590
2151 5090
2152 4588
2153 5329
2154 5279
2155 4894
2156 5096
2157 5079
2158 4840
2159 5644
2160 4692
2161 4798
2162 5201
2163 4768
2164 5029
2165 4462
2166 5776
2167 4790
2168 5569
2169 4838
2170 4595
2171 4958
2172 4615
2173 4683
2174 4716
2175 5407
2176 5011
2177 5275
2178 5279
2179 5207
2180 5465
2181 5998
2182 4990
2183 4648
2184 4967
2185 4582
2186 4868
2187 4951
2188 6403
2189 5157
2190 5086
2191 4710
2192 4833
2193 5471
2194 4952
2195 4714
2196 5587
2197 4848
2198 5204
2199 5460
2200 4838
2201 4719
2202 5080
2203 4713
2204 5406
2205 5430
2206 5802
2207 4838
2208 5463
2209 4838
2210 5458
2211 5215
2212 4713
2213 4841
2214 4835
2215 4586
2216 5467
2217 5092
2218 5077
2219 4778
2220 5028
2221 4839
2222 5208
2223 4593
2224 4709
2225 5837
2226 5208
2227 4842
2228 6402
2229 5401
2230 4953
2231 5965
2232 5099
2233 4449
2234 4588
2235 4590
2236 4973
2237 5245
2238 4664
2239 5091
2240 5656
2241 4640
2242 4712
2243 5339
2244 6090
2245 5278
2246 5144
2247 6981
2248 6087
2249 4566
2250 4838
2251 4894
2252 5037
2253 5584
2254 4588
2255 4589
2256 4579
2257 5382
2258 5587
2259 4605
2260 4649
2261 4720
2262 5273
2263 5008
2264 4974
2265 4772
2266 4537
2267 6429
2268 5370
2269 5452
2270 4836
2271 4724
2272 5200
2273 5406
2274 5395
2275 4591
2276 5209
2277 4588
2278 4838
2279 5221
2280 5204
2281 4588
2282 5086
2283 4973
2284 5327
2285 5339
2286 5088
2287 6840
2288 4464
2289 4578
2290 4738
2291 4815
2292 4959
2293 4841
2294 4711
2295 4591
2296 5084
2297 4588
2298 5091
2299 4964
2300 4842
2301 5077
2302 -994766
2303 4885
2304 4831
2305 6276
2306 5574
2307 6270
2308 4936
2309 4590
2310 4718
2311 4704
2312 4964
2313 4961
2314 5774
2315 4776
2316 5216
2317 4772
2318 5024
2319 4590
2320 4709
2321 4837
2322 4784
2323 5274
2324 5329
2325 4773
2326 4905
2327 4954
2328 5961
2329 4583
2330 4839
2331 5206
2332 4976
2333 4957
2334 4581
2335 4846
2336 5084
2337 4575
2338 4964
2339 4585
2340 5088
2341 4714
2342 5523
2343 5028
2344 5462
2345 4586
2346 4848
2347 4830
2348 6587
2349 4837
2350 5216
2351 4957
2352 4587
2353 4712
2354 4970
2355 4454
2356 5712
2357 6096
2358 5957
2359 5206
2360 4863
2361 5569
2362 5203
2363 5713
2364 4714
2365 4597
2366 4825
2367 6409
2368 5516
2369 4717
2370 4833
2371 4771
2372 4778
2373 5347
2374 4701
2375 4597
2376 4710
2377 5331
2378 4835
2379 5404
2380 4968
2381 4923
2382 5055
2383 4837
2384 4588
2385 4746
2386 5366
2387 4654
2388 5959
2389 4592
2390 4830
2391 4588
2392 4590
2393 5094
2394 4707
2395 4589
2396 5080
2397 4845
2398 4576
2399 4612
2400 5063
2401 5343
2402 4829
2403 5227
2404 4878
2405 5038
2406 4951
2407 4848
2408 4820
2409 6219
2410 4829
2411 6464
2412 5340
2413 4477
2414 4567
2415 5286
2416 5264
2417 4966
2418 5451
2419 5220
2420 4955
2421 4595
2422 4704
2423 5370
2424 5241
2425 4788
2426 5392
2427 5024
2428 4698
2429 5469
2430 4831
2431 5221
2432 4878
2433 5664
2434 5345
2435 5075
2436 4837
2437 4593
2438 5321
2439 4728
2440 4588
2441 4700
2442 5263
2443 5270
2444 4729
2445 4692
2446 4853
2447 5073
2448 5238
2449 5938
2450 4584
2451 5338
2452 5219
2453 5450
2454 4594
2455 4764
2456 5122
2457 4982
2458 4768
2459 4713
2460 5094
2461 4843
2462 4703
2463 4727
2464 4965
2465 4818
2466 4717
2467 4833
2468 5360
2469 5692
2470 4710
2471 4717
2472 4993
2473 5557
2474 4459
2475 4713
2476 4748
2477 4660
2478 4987
2479 4685
2480 4719
2481 4958
2482 4898
2483 5025
2484 4713
2485 4737
2486 4562
2487 4715
2488 5404
2489 4523
2490 6334
2491 5965
2492 5614
2493 6183
2494 5088
2495 5782
2496 5302
2497 5054
2498 4846
2499 -995297
2500 5274
2501 4776
2502 4581
2503 4718
2504 4710
2505 5102
2506 5259
2507 4678
2508 4818
2509 7579
2510 4728
2511 5573
2512 5445
2513 5204
2514 5712
2515 4603
2516 5128
2517 4907
2518 4837
2519 5228
2520 5079
2521 5329
2522 4592
2523 4717
2524 4982
2525 5058
2526 4987
2527 5432
2528 4954
2529 6593
2530 4579
2531 4830
2532 4724
2533 5305
2534 4859
2535 6956
2536 4904
2537 5638
2538 4976
2539 4822
2540 5096
2541 4828
2542 4976
2543 5321
2544 4727
2545 5072
2546 4739
2547 4690
2548 5282
2549 6137
2550 4599
2551 5072
2552 5097
2553 4733
2554 5560
2555 4953
2556 4739
2557 4684
2558 4608
2559 4693
2560 4995
2561 5246
2562 4647
2563 4825
2564 4842
2565 4710
2566 5369
2567 4801
2568 4592
2569 4585
2570 5610
2571 4923
2572 4706
2573 5149
2574 5190
2575 4924
2576 4713
2577 4965
2578 4839
2579 4588
2580 4979
2581 4944
2582 5032
2583 5024
2584 5082
2585 5090
2586 4706
2587 5032
2588 4767
2589 4857
2590 6561
2591 5076
2592 4838
2593 5213
2594 4499
2595 4555
2596 4707
2597 4964
2598 4713
2599 5094
2600 5080
2601 4841
2602 4959
2603 5590
2604 4709
2605 4589
2606 5707
2607 5037
2608 5384
2609 4897
2610 6536
2611 5201
2612 4589
2613 6969
2614 5209
2615 5085
2616 5907
2617 5593
2618 4762
2619 4587
2620 4762
2621 5042
2622 4960
2623 4586
2624 4963
2625 5910
2626 5574
2627 4831
2628 4909
2629 4836
2630 6208
2631 4780
2632 5597
2633 4761
2634 5636
2635 4856
2636 4654
2637 4580
2638 6461
2639 4963
2640 4846
2641 4952
2642 4838
2643 4590
2644 4840
2645 5460
2646 5828
2647 5090
2648 4716
2649 6235
2650 4553
2651 4591
2652 4962
2653 5332
2654 5149
2655 4523
2656 5087
2657 6457
2658 5084
2659 4841
2660 5210
2661 4835
2662 4712
2663 4714
2664 4770
2665 5274
2666 4582
2667 4996
2668 6493
2669 6200
2670 4903
2671 4848
2672 4951
2673 4840
2674 4961
2675 5091
2676 4578
2677 4592
2678 5084
2679 4931
2680 5148
2681 5084
2682 4577
2683 4968
2684 4705
2685 4844
2686 4708
2687 5178
2688 4993
2689 5094
2690 5834
2691 4581
2692 5097
2693 6386
2694 4649
2695 -995265
2696 5311
2697 4710
2698 4588
2699 5094
2700 6079
2701 4588
2702 4841
2703 4969
2704 5325
2705 4588
2706 4588
2707 4721
2708 5330
2709 4972
2710 6078
2711 4596
2712 4951
2713 5339
2714 5338
2715 5215
2716 4835
2717 5089
2718 5337
2719 4715
2720 4709
2721 5028
2722 4647
2723 5595
2724 5076
2725 4874
2726 5391
2727 4867
2728 4709
2729 4588
2730 5835
2731 5592
2732 5205
2733 5525
2734 5157
2735 4582
2736 4966
2737 4593
2738 4623
2739 4675
2740 5203
2741 5641
2742 5403
2743 5970
2744 4712
2745 4839
2746 4717
2747 4705
2748 4729
2749 5578
2750 6638
2751 5396
2752 5464
2753 4963
2754 5091
2755 4834
2756 4962
2757 4713
2758 4840
2759 4773
2760 4650
2761 4839
2762 4968
2763 4579
2764 4839
2765 5459
2766 5218
2767 4585
2768 4717
2769 5636
2770 6288
2771 5202
2772 4593
2773 4585
2774 5215
2775 5395
2776 4530
2777 4834
2778 5158
2779 4767
2780 4836
2781 6549
2782 4754
2783 4833
2784 4897
2785 4777
2786 4716
2787 4844
2788 4822
2789 4586
2790 5965
2791 6083
2792 6089
2793 6776
2794 4774
2795 4463
2796 4615
2797 4941
2798 5578
2799 4464
2800 4588
2801 5788
2802 4760
2803 4965
2804 5088
2805 5206
2806 4841
2807 4839
2808 4963
2809 4837
2810 7209
2811 5464
2812 4990
2813 5564
2814 4578
2815 5965
2816 4846
2817 5074
2818 4589
2819 5337
2820 4844
2821 5206
2822 4587
2823 4589
2824 5344
2825 4828
2826 5217
2827 4709
2828 5347
2829 5272
2830 5517
2831 4843
2832 4587
2833 4763
2834 5280
2835 4589
2836 4718
2837 4951
2838 5404
2839 5897
2840 4990
2841 4683
2842 4587
2843 5342
2844 4965
2845 4577
2846 6533
2847 4902
2848 5520
2849 6035
2850 5317
2851 4614
2852 5562
2853 4726
2854 4821
2855 4713
2856 4581
2857 5085
2858 4710
2859 4589
2860 5589
2861 5085
2862 5339
2863 4711
2864 4872
2865 4739
2866 4964
2867 5340
2868 4905
2869 4827
2870 5964
2871 5079
2872 4598
2873 4711
2874 5462
2875 5351
2876 4886
2877 5023
2878 4840
2879 4862
2880 4938
2881 5087
2882 5461
2883 5476
2884 4822
2885 4966
2886 4966
2887 5216
2888 4704
2889 5089
2890 -993914
2891 5841
2892 5085
2893 5086
2894 4600
2895 5268
2896 4765
2897 4459
2898 4841
2899 4845
2900 5701
2901 4591
2902 4963
2903 4596
2904 5090
2905 4824
2906 4723
2907 5196
2908 5132
2909 4674
2910 7089
2911 4585
2912 5086
2913 4962
2914 4725
2915 5199
2916 4775
2917 4900
2918 4777
2919 5275
2920 4961
2921 4712
2922 5597
2923 5451
2924 5101
2925 4696
2926 5716
2927 4708
2928 4840
2929 5212
2930 6217
2931 5209
2932 5712
2933 4615
2934 4629
2935 4564
2936 4591
2937 5489
2938 5563
2939 4957
2940 5148
2941 4694
2942 4922
2943 5136
2944 4789
2945 4994
2946 5531
2947 4584
2948 5102
2949 5445
2950 5835
2951 4707
2952 4590
2953 5074
2954 5228
2955 4705
2956 4839
2957 4590
2958 5456
2959 5209
2960 4966
2961 4839
2962 4586
2963 4841
2964 6081
2965 4835
2966 5206
2967 4710
2968 4720
2969 5459
2970 6483
2971 4681
2972 5221
2973 5394
2974 5586
2975 4643
2976 4589
2977 5837
2978 5208
2979 5649
2980 4914
2981 5006
2982 4664
2983 5042
2984 5104
2985 5380
2986 4777
2987 4725
2988 5218
2989 4684
2990 6408
2991 4643
2992 4846
2993 5077
2994 4965
2995 4899
2996 5281
2997 4704
2998 5338
2999 5957
3000 4723
3001 5201
3002 4594
3003 4825
3004 5099
3005 4576
3006 4792
3007 5008
3008 5350
3009 5007
3010 6406
3011 4958
3012 4965
3013 4707
3014 4714
3015 5089
3016 4585
3017 4588
3018 4832
3019 5087
3020 5096
3021 5080
3022 5269
3023 4860
3024 5140
3025 5827
3026 5389
3027 5157
3028 4967
3029 4583
3030 6464
3031 5769
3032 4662
3033 5136
3034 4783
3035 5540
3036 5381
3037 6088
3038 5339
3039 4714
3040 4582
3041 5091
3042 4963
3043 5604
3044 4942
3045 4589
3046 4591
3047 5155
3048 5016
3049 5154
3050 5833
3051 5280
3052 4574
3053 5588
3054 4588
3055 5839
3056 4585
3057 4593
3058 4650
3059 4518
3060 5596
3061 4699
3062 5584
3063 6093
3064 4708
3065 4587
3066 4963
3067 4901
3068 5153
3069 4709
3070 5630
3071 4789
3072 4584
3073 4588
3074 4588
3075 4841
3076 4834
3077 5094
3078 5138
3079 4912
3080 4660
3081 4637
3082 5211
3083 5840
3084 4877
3085 4669
3086 -995164
3087 4709
3088 5084
3089 4963
3090 6522
3091 5779
3092 4582
3093 5902
3094 6283
3095 4951
3096 5073
3097 5230
3098 4965
3099 5018
3100 4903
3101 5208
3102 4714
3103 5147
3104 5775
3105 4964
3106 5463
3107 5980
3108 5376
3109 6465
3110 5025
3111 4774
3112 4902
3113 5242
3114 5053
3115 5123
3116 5355
3117 4522
3118 4582
3119 5839
3120 5087
3121 4472
3122 4830
3123 5711
3124 4905
3125 5025
3126 4834
3127 4843
3128 4897
3129 5657
3130 5382
3131 4658
3132 5215
3133 4963
3134 4713
3135 4981
3136 4948
3137 4964
3138 5437
3139 4858
3140 5024
3141 4625
3142 5022
3143 5323
3144 5098
3145 4698
3146 4592
3147 5890
3148 5036
3149 6082
3150 5209
3151 5466
3152 5216
3153 4833
3154 5586
3155 5212
3156 4596
3157 5528
3158 4763
3159 4707
3160 5162
3161 5012
3162 4714
3163 5339
3164 4846
3165 5390
3166 4775
3167 5224
3168 5077
3169 6083
3170 4833
3171 5090
3172 4589
3173 5100
3174 5073
3175 4715
3176 4838
3177 4607
3178 4683
3179 5337
3180 4597
3181 5228
3182 4830
3183 4884
3184 4659
3185 5522
3186 5641
3187 5586
3188 4720
3189 6705
3190 4839
3191 4887
3192 5417
3193 5840
3194 5129
3195 4929
3196 4561
3197 4718
3198 4837
3199 5842
3200 4706
3201 4716
3202 4835
3203 4898
3204 4654
3205 5357
3206 5135
3207 5086
3208 5291
3209 6569
3210 5466
3211 5514
3212 5154
3213 4711
3214 5152
3215 5898
3216 5530
3217 5147
3218 5465
3219 5401
3220 5647
3221 5111
3222 4936
3223 5018
3224 5033
3225 4603
3226 5071
3227 5213
3228 5982
3229 4950
3230 4459
3231 4833
3232 4588
3233 5410
3234 5032
3235 5173
3236 4836
3237 4790
3238 5017
3239 4697
3240 4588
3241 5270
3242 4794
3243 5071
3244 4839
3245 4860
3246 4697
3247 5834
3248 4587
3249 5720
3250 5251
3251 4540
3252 4589
3253 5595
3254 4583
3255 4583
3256 4836
3257 5220
3258 5581
3259 5338
3260 4715
3261 4739
3262 4995
3263 4777
3264 4714
3265 5218
3266 5204
3267 4714
3268 4712
3269 6471
3270 4505
3271 4909
3272 5464
3273 4722
3274 4971
3275 5190
3276 5402
3277 4672
3278 4946
3279 5077
3280 -995410
3281 4969
3282 4973
3283 6421
3284 5110
3285 5088
3286 5082
3287 5463
3288 4589
3289 5965
3290 4490
3291 4557
3292 5089
3293 5090
3294 4607
3295 4825
3296 4838
3297 5716
3298 4581
3299 4715
3300 4837
3301 5216
3302 4771
3303 4779
3304 4582
3305 4591
3306 4899
3307 4647
3308 4838
3309 5028
3310 5769
3311 4587
3312 4714
3313 4594
3314 5138
3315 4778
3316 4837
3317 5221
3318 4893
3319 4646
3320 5088
3321 5344
3322 5329
3323 4963
3324 4616
3325 4938
3326 5209
3327 4713
3328 5215
3329 5088
3330 6333
3331 5338
3332 6667
3333 4759
3334 5587
3335 5085
3336 4895
3337 5912
3338 4950
3339 5089
3340 4595
3341 4701
3342 4461
3343 4587
3344 4780
3345 4772
3346 5215
3347 4835
3348 5094
3349 5587
3350 5951
3351 5466
3352 5210
3353 4585
3354 5187
3355 4612
3356 5334
3357 4584
3358 4960
3359 4972
3360 4577
3361 4971
3362 5075
3363 4974
3364 5348
3365 5442
3366 4955
3367 5718
3368 5829
3369 4586
3370 6332
3371 4885
3372 5414
3373 5289
3374 4634
3375 4972
3376 5076
3377 5839
3378 4772
3379 4909
3380 5954
3381 4970
3382 5327
3383 4995
3384 5327
3385 4772
3386 4654
3387 4904
3388 4770
3389 4998
3390 5553
3391 5117
3392 5068
3393 4925
3394 4983
3395 5567
3396 5019
3397 5279
3398 4903
3399 4651
3400 4833
3401 4716
3402 4726
3403 5204
3404 4953
3405 4961
3406 4900
3407 5032
3408 4702
3409 5089
3410 5589
3411 5159
3412 4745
3413 4857
3414 5464
3415 4716
3416 5957
3417 4964
3418 4861
3419 4567
3420 4707
3421 4711
3422 4601
3423 4713
3424 4576
3425 4737
3426 5440
3427 5271
3428 4783
3429 5078
3430 6517
3431 4921
3432 5815
3433 5588
3434 4772
3435 4784
3436 4826
3437 4970
3438 4709
3439 4957
3440 4580
3441 4588
3442 4777
3443 4899
3444 4708
3445 4587
3446 4713
3447 5215
3448 4583
3449 4841
3450 5084
3451 6464
3452 4716
3453 5618
3454 4815
3455 5843
3456 5310
3457 4592
3458 4616
3459 4678
3460 4590
3461 4586
3462 5630
3463 5299
3464 4577
3465 5402
3466 5398
3467 4589
3468 4959
3469 4840
3470 4737
3471 6313
3472 4578
3473 4842
3474 4474
3475 4573
3476 5017
3477 -994715
3478 5103
3479 4943
3480 4962
3481 4588
3482 4993
3483 5437
3484 4578
3485 4590
3486 5086
3487 5085
3488 5339
3489 4839
3490 4862
3491 6062
3492 5836
3493 5142
3494 5411
3495 5268
3496 5148
3497 4540
3498 4515
3499 4968
3500 4697
3501 4971
3502 6225
3503 5181
3504 4967
3505 4821
3506 4727
3507 5340
3508 5594
3509 5214
3510 5695
3511 5720
3512 4581
3513 4588
3514 5334
3515 4961
3516 4966
3517 4967
3518 5956
3519 4964
3520 5246
3521 4681
3522 4699
3523 4838
3524 5215
3525 5089
3526 4710
3527 4590
3528 4714
3529 4964
3530 4463
3531 6341
3532 4958
3533 4954
3534 4973
3535 5187
3536 4659
3537 4949
3538 4964
3539 6141
3540 4785
3541 4955
3542 4845
3543 4691
3544 5344
3545 4763
3546 4651
3547 4969
3548 6609
3549 5367
3550 4909
3551 6017
3552 4781
3553 5204
3554 5464
3555 4726
3556 4581
3557 5831
3558 4961
3559 5088
3560 4716
3561 4958
3562 4712
3563 5338
3564 5216
3565 4893
3566 4544
3567 4699
3568 5281
3569 4761
3570 5399
3571 6151
3572 5900
3573 4774
3574 4712
3575 5634
3576 4537
3577 4832
3578 4839
3579 4976
3580 5202
3581 5453
3582 4586
3583 5090
3584 5097
3585 4933
3586 4588
3587 4966
3588 4714
3589 5186
3590 5981
3591 6468
3592 4583
3593 4710
3594 5087
3595 4577
3596 4722
3597 4594
3598 4583
3599 5599
3600 5199
3601 4840
3602 4961
3603 5000
3604 4770
3605 5283
3606 5661
3607 4986
3608 5055
3609 4714
3610 4712
3611 6720
3612 4827
3613 4714
3614 4838
3615 5627
3616 4796
3617 4588
3618 5650
3619 5154
3620 4953
3621 5711
3622 4715
3623 4588
3624 5585
3625 4713
3626 4837
3627 4906
3628 4656
3629 6447
3630 5858
3631 5900
3632 4747
3633 4961
3634 4613
3635 4685
3636 4771
3637 4655
3638 5611
3639 4815
3640 5461
3641 5349
3642 4842
3643 4697
3644 4838
3645 5718
3646 4849
3647 5194
3648 4589
3649 5339
3650 4968
3651 5828
3652 4841
3653 4859
3654 5322
3655 5201
3656 5158
3657 5530
3658 5203
3659 4959
3660 4840
3661 4734
3662 5068
3663 4819
3664 4851
3665 5219
3666 5089
3667 5184
3668 4924
3669 4897
3670 4588
3671 6337
3672 4831
3673 -995532
3674 4740
3675 4955
3676 5317
3677 4444
3678 5611
3679 5204
3680 5280
3681 5560
3682 5578
3683 5702
3684 4588
3685 4492
3686 4806
3687 4718
3688 4583
3689 4868
3690 4685
3691 6085
3692 5094
3693 5836
3694 4704
3695 4963
3696 4717
3697 5174
3698 4871
3699 4961
3700 4719
3701 5718
3702 4698
3703 4593
3704 4721
3705 5330
3706 4582
3707 4677
3708 4937
3709 5163
3710 4572
3711 4715
3712 5212
3713 4903
3714 4901
3715 4704
3716 5585
3717 4598
3718 5078
3719 5335
3720 4710
3721 4591
3722 4589
3723 5085
3724 4962
3725 4654
3726 5519
3727 5210
3728 4709
3729 5509
3730 5049
3731 4579
3732 5589
3733 4614
3734 4708
3735 4828
3736 5714
3737 4640
3738 5163
3739 4954
3740 4587
3741 5151
3742 4653
3743 5210
3744 4703
3745 4591
3746 5212
3747 5087
3748 4726
3749 4824
3750 5463
3751 4583
3752 4713
3753 5339
3754 5214
3755 4710
3756 4853
3757 5077
3758 4837
3759 5217
3760 5583
3761 4771
3762 4780
3763 5579
3764 4716
3765 4920
3766 5064
3767 4769
3768 4866
3769 5147
3770 4754
3771 4704
3772 5222
3773 5718
3774 5192
3775 5219
3776 4583
3777 5216
3778 5582
3779 4841
3780 4772
3781 5162
3782 6029
3783 4876
3784 5339
3785 4482
3786 4579
3787 4881
3788 4903
3789 4715
3790 4957
3791 4965
3792 4589
3793 6090
3794 5267
3795 4903
3796 4945
3797 4733
3798 5106
3799 4834
3800 5071
3801 5213
3802 4583
3803 4838
3804 5218
3805 4585
3806 5131
3807 6112
3808 4816
3809 5045
3810 5226
3811 5312
3812 5367
3813 5935
3814 4586
3815 4589
3816 5096
3817 5644
3818 4954
3819 4659
3820 4968
3821 4702
3822 4963
3823 4711
3824 5294
3825 5447
3826 5023
3827 5960
3828 4590
3829 5595
3830 5174
3831 4699
3832 4590
3833 5711
3834 4712
3835 4599
3836 4955
3837 4704
3838 5712
3839 4714
3840 4713
3841 6028
3842 4648
3843 5093
3844 5025
3845 4785
3846 5817
3847 5880
3848 4925
3849 4953
3850 5463
3851 5470
3852 5580
3853 5591
3854 4727
3855 5827
3856 5081
3857 4583
3858 5649
3859 4780
3860 5776
3861 4896
3862 6048
3863 5005
3864 4705
3865 4586
3866 4588
3867 5664
3868 5509
3869 -994787
3870 4980
3871 5567
3872 6216
3873 4896
3874 5157
3875 5079
3876 4713
3877 4838
3878 5597
3879 4576
3880 5780
3881 4650
3882 4963
3883 5220
3884 4701
3885 4963
3886 4963
3887 4710
3888 5712
3889 4590
3890 5339
3891 5085
3892 5962
3893 4590
3894 4717
3895 4581
3896 4589
3897 5529
3898 4896
3899 4845
3900 4460
3901 4583
3902 4584
3903 5220
3904 5256
3905 4777
3906 4969
3907 4584
3908 5082
3909 5338
3910 4595
3911 4891
3912 4659
3913 5848
3914 5331
3915 4703
3916 5210
3917 4592
3918 4715
3919 4954
3920 4839
3921 5214
3922 4789
3923 4774
3924 5697
3925 4583
3926 5344
3927 5263
3928 4903
3929 5284
3930 4766
3931 4834
3932 4839
3933 6264
3934 5170
3935 4957
3936 4587
3937 4714
3938 5214
3939 4584
3940 4840
3941 4839
3942 4711
3943 5206
3944 4589
3945 5587
3946 4728
3947 5446
3948 5462
3949 4842
3950 4591
3951 4707
3952 5153
3953 4793
3954 5818
3955 5334
3956 4962
3957 4718
3958 4461
3959 4583
3960 4966
3961 4587
3962 6532
3963 4645
3964 4837
3965 5339
3966 4714
3967 4957
3968 4897
3969 5159
3970 5338
3971 4958
3972 5343
3973 4710
3974 5839
3975 4772
3976 5277
3977 5844
3978 5268
3979 4627
3980 4981
3981 4721
3982 4758
3983 4666
3984 4946
3985 4842
3986 4584
3987 5142
3988 4784
3989 5234
3990 4800
3991 5207
3992 5378
3993 5051
3994 6577
3995 4840
3996 4963
3997 4561
3998 5115
3999 4837
4000 4587
4001 4595
4002 4837
4003 5456
4004 5078
4005 4595
4006 5207
4007 5144
4008 4528
4009 4773
4010 5089
4011 5151
4012 4721
4013 4832
4014 5952
4015 5214
4016 4766
4017 4913
4018 5129
4019 5225
4020 4647
4021 4594
4022 4715
4023 5513
4024 5269
4025 5062
4026 4872
4027 4577
4028 4588
4029 4843
4030 5082
4031 4961
4032 6033
4033 5211
4034 6640
4035 5587
4036 5311
4037 4732
4038 4999
4039 5432
4040 4732
4041 6082
4042 5317
4043 5609
4044 5198
4045 4702
4046 4464
4047 5838
4048 5840
4049 5961
4050 4836
4051 4714
4052 5210
4053 4582
4054 5341
4055 6103
4056 4568
4057 4589
4058 4716
4059 5210
4060 4714
4061 4710
4062 4712
4063 5087
4064 4838
4065 5582
4066 -994661
4067 4710
4068 4715
4069 4709
4070 4603
4071 4952
4072 5211
4073 4708
4074 6338
4075 5136
4076 5100
4077 5699
4078 4785
4079 4836
4080 5098
4081 4569
4082 4610
4083 4949
4084 4576
4085 5463
4086 5088
4087 4853
4088 5069
4089 5466
4090 4842
4091 5163
4092 5183
4093 4907
4094 5712
4095 5088
4096 4712
4097 4722
4098 4952
4099 5221
4100 4831
4101 4584
4102 4960
4103 4589
4104 5461
4105 4713
4106 4838
4107 4589
4108 4774
4109 4651
4110 4586
4111 4710
4112 4579
4113 4963
4114 5090
4115 6094
4116 4702
4117 4594
4118 4709
4119 4970
4120 5409
4121 5006
4122 4834
4123 5470
4124 4452
4125 4976
4126 4946
4127 4722
4128 4699
4129 4721
4130 4830
4131 5218
4132 4772
4133 4680
4134 4682
4135 4727
4136 6487
4137 4780
4138 6067
4139 5216
4140 4598
4141 4706
4142 5443
4143 5345
4144 4828
4145 4970
4146 4828
4147 4853
4148 5449
4149 5339
4150 5080
4151 4773
4152 4774
4153 5479
4154 4692
4155 10473
4156 4963
4157 4948
4158 4717
4159 4957
4160 5964
4161 5488
4162 5664
4163 5400
4164 4646
4165 4959
4166 4981
4167 4932
4168 4604
4169 4989
4170 5179
4171 4571
4172 5278
4173 5279
4174 5833
4175 4954
4176 4595
4177 4709
4178 6096
4179 4819
4180 4595
4181 4838
4182 4717
4183 4951
4184 4905
4185 4775
4186 4954
4187 5092
4188 5034
4189 4891
4190 5208
4191 5081
4192 4837
4193 4970
4194 4827
4195 5717
4196 4833
4197 5097
4198 4711
4199 5332
4200 5451
4201 5468
4202 4832
4203 4839
4204 5526
4205 5341
4206 4771
4207 4713
4208 4719
4209 4841
4210 5075
4211 4714
4212 5088
4213 5627
4214 4974
4215 5666
4216 5642
4217 5704
4218 5407
4219 4840
4220 5378
4221 4917
4222 5004
4223 4551
4224 5309
4225 4601
4226 4840
4227 4712
4228 5487
4229 5186
4230 5020
4231 5159
4232 4726
4233 4945
4234 4962
4235 6779
4236 5149
4237 4708
4238 5087
4239 4713
4240 5099
4241 4953
4242 5461
4243 4837
4244 5466
4245 4708
4246 4587
4247 4592
4248 5715
4249 5083
4250 5087
4251 4724
4252 5893
4253 5984
4254 6494
4255 5344
4256 4592
4257 4701
4258 4713
4259 4483
4260 4690
4261 4839
4262 -994912
4263 4989
4264 4562
4265 4700
4266 4727
4267 4579
4268 5085
4269 5524
4270 5147
4271 4964
4272 5339
4273 4838
4274 5517
4275 6657
4276 4705
4277 5029
4278 4647
4279 5598
4280 5202
4281 4589
4282 4712
4283 6469
4284 4889
4285 4836
4286 4661
4287 4720
4288 4701
4289 4590
4290 4960
4291 4595
4292 4716
4293 5709
4294 4708
4295 5958
4296 4580
4297 5463
4298 5091
4299 4718
4300 4578
4301 5091
4302 6093
4303 4833
4304 4461
4305 4713
4306 4588
4307 4845
4308 4826
4309 4713
4310 4963
4311 4471
4312 4715
4313 5581
4314 5212
4315 6220
4316 5455
4317 4967
4318 5140
4319 5295
4320 5360
4321 4913
4322 4710
4323 4715
4324 5086
4325 4838
4326 5587
4327 6965
4328 5458
4329 5216
4330 4594
4331 4577
4332 5090
4333 5319
4334 4617
4335 5452
4336 4960
4337 5246
4338 4815
4339 5645
4340 5021
4341 5089
4342 4712
4343 5087
4344 4589
4345 4844
4346 4838
4347 4831
4348 4587
4349 5339
4350 4718
4351 5159
4352 4905
4353 5448
4354 5778
4355 6266
4356 4777
4357 4841
4358 5023
4359 5088
4360 5027
4361 4772
4362 5338
4363 5023
4364 5080
4365 4656
4366 4587
4367 4584
4368 4717
4369 4975
4370 5232
4371 4560
4372 4754
4373 5404
4374 5768
4375 6284
4376 4580
4377 5098
4378 5326
4379 4839
4380 4838
4381 5346
4382 6645
4383 4958
4384 5278
4385 5236
4386 4936
4387 5089
4388 4713
4389 4589
4390 4767
4391 4780
4392 6176
4393 4879
4394 4577
4395 5963
4396 4738
4397 5567
4398 4833
4399 4727
4400 5081
4401 4827
4402 5835
4403 4727
4404 5326
4405 4704
4406 5338
4407 4588
4408 4594
4409 4958
4410 4960
4411 4463
4412 5004
4413 4800
4414 4452
4415 6155
4416 5131
4417 4838
4418 4591
4419 4579
4420 4464
4421 4468
4422 4955
4423 5223
4424 4842
4425 4840
4426 5831
4427 4594
4428 5085
4429 4839
4430 4583
4431 4715
4432 4590
4433 6588
4434 4858
4435 5002
4436 5822
4437 4661
4438 5839
4439 5715
4440 4471
4441 4954
4442 5087
4443 5965
4444 4594
4445 4576
4446 5032
4447 4770
4448 4593
4449 4708
4450 4835
4451 4588
4452 6097
4453 6644
4454 5649
4455 6357
4456 4815
4457 5588
4458 -995161
4459 4603
4460 5180
4461 4590
4462 5015
4463 5166
4464 5137
4465 5023
4466 5087
4467 4847
4468 5328
4469 5089
4470 4959
4471 5158
4472 5392
4473 5779
4474 5897
4475 5966
4476 4581
4477 5091
4478 4962
4479 4840
4480 5334
4481 4464
4482 4587
4483 4716
4484 4961
4485 4710
4486 5484
4487 5192
4488 4592
4489 4706
4490 4837
4491 4592
4492 4584
4493 5588
4494 5088
4495 6348
4496 4820
4497 5343
4498 5336
4499 4588
4500 4583
4501 4592
4502 4837
4503 4840
4504 4832
4505 4589
4506 4712
4507 4964
4508 5213
4509 5214
4510 4962
4511 5217
4512 4842
4513 5457
4514 4707
4515 4837
4516 5454
4517 4831
4518 4445
4519 4590
4520 4604
4521 5077
4522 4843
4523 5031
4524 4636
4525 5090
4526 5093
4527 5341
4528 4576
4529 4896
4530 5168
4531 4709
4532 4706
4533 5587
4534 4844
4535 5213
4536 6463
4537 6146
4538 5043
4539 4821
4540 4957
4541 5440
4542 5119
4543 4696
4544 4836
4545 4679
4546 4749
4547 4590
4548 4588
4549 4727
4550 4945
4551 4715
4552 4962
4553 4717
4554 5205
4555 5337
4556 5969
4557 5580
4558 4647
4559 4717
4560 4795
4561 4950
4562 5082
4563 4971
4564 4712
4565 5195
4566 5729
4567 4572
4568 5588
4569 5019
4570 4931
4571 4570
4572 5895
4573 4649
4574 4734
4575 5256
4576 6143
4577 4839
4578 4721
4579 5079
4580 5524
4581 4901
4582 5160
4583 4638
4584 4962
4585 5358
4586 5945
4587 5709
4588 5212
4589 5212
4590 4598
4591 4912
4592 4581
4593 5530
4594 4771
4595 4709
4596 6713
4597 4754
4598 4671
4599 5087
4600 4963
4601 4764
4602 4666
4603 4705
4604 4837
4605 4588
4606 5965
4607 5584
4608 5461
4609 5096
4610 4578
4611 4839
4612 4589
4613 4602
4614 5320
4615 5100
4616 5937
4617 4954
4618 5579
4619 5357
4620 4568
4621 6297
4622 5143
4623 5217
4624 4830
4625 5218
4626 4709
4627 4837
4628 4589
4629 5147
4630 5655
4631 4897
4632 5147
4633 4777
4634 4773
4635 5089
4636 6088
4637 4599
4638 4574
4639 4595
4640 5210
4641 6453
4642 5402
4643 4771
4644 4959
4645 4839
4646 4712
4647 4963
4648 5032
4649 5147
4650 5077
4651 4588
4652 4596
4653 5333
4654 5208
4655 -995289
4656 7165
4657 4880
4658 4594
4659 4837
4660 4839
4661 4829
4662 4588
4663 4964
4664 4607
4665 5066
4666 5088
4667 4591
4668 4600
4669 4954
4670 4951
4671 4588
4672 4601
4673 4758
4674 5527
4675 5463
4676 5217
4677 5709
4678 4586
4679 4596
4680 4836
4681 4578
4682 4731
4683 5194
4684 4968
4685 4835
4686 5470
4687 5584
4688 5092
4689 4685
4690 4952
4691 4735
4692 4571
4693 4704
4694 5089
4695 5337
4696 4972
4697 6078
4698 5033
4699 4649
4700 4893
4701 5525
4702 4588
4703 4840
4704 4838
4705 4587
4706 4902
4707 5771
4708 4467
4709 5141
4710 4900
4711 4965
4712 4961
4713 4853
4714 4692
4715 4966
4716 4841
4717 5083
4718 5333
4719 4716
4720 5336
4721 4578
4722 4589
4723 5091
4724 4864
4725 4682
4726 4587
4727 4714
4728 4852
4729 4951
4730 5454
4731 5088
4732 4719
4733 5205
4734 5464
4735 4852
4736 4891
4737 5143
4738 7130
4739 4814
4740 4578
4741 4583
4742 4717
4743 4960
4744 5398
4745 4649
4746 4721
4747 4583
4748 4592
4749 5277
4750 5015
4751 5584
4752 4594
4753 4578
4754 4965
4755 5712
4756 6767
4757 4850
4758 6150
4759 4721
4760 5392
4761 4463
4762 4713
4763 4736
4764 4962
4765 4577
4766 4583
4767 5218
4768 4589
4769 4713
4770 4949
4771 4590
4772 4584
4773 4584
4774 4589
4775 4587
4776 5411
4777 5013
4778 5340
4779 6212
4780 5210
4781 4591
4782 5275
4783 5250
4784 4859
4785 4716
4786 5078
4787 4588
4788 4598
4789 5453
4790 4837
4791 5526
4792 4775
4793 4959
4794 4714
4795 4964
4796 4721
4797 4953
4798 5145
4799 5652
4800 4851
4801 4689
4802 4714
4803 5337
4804 5109
4805 5193
4806 4967
4807 4957
4808 5445
4809 6103
4810 4587
4811 4974
4812 5075
4813 4482
4814 4952
4815 5461
4816 4906
4817 5020
4818 5089
4819 5836
4820 5457
4821 4578
4822 4838
4823 4595
4824 4704
4825 4984
4826 4959
4827 5385
4828 4902
4829 4829
4830 5214
4831 4845
4832 4703
4833 5212
4834 5215
4835 4721
4836 4576
4837 5337
4838 5840
4839 6346
4840 5201
4841 4713
4842 4838
4843 4591
4844 4841
4845 5081
4846 5089
4847 5244
4848 4806
4849 4954
4850 4713
4851 5718
4852 4954
4853 -995017
4854 4941
4855 5097
4856 5143
4857 4844
4858 5268
4859 5828
4860 4584
4861 5110
4862 5084
4863 4708
4864 5311
4865 4718
4866 4708
4867 4602
4868 4694
4869 5146
4870 4906
4871 4842
4872 5772
4873 5336
4874 4777
4875 5654
4876 5387
4877 4975
4878 4907
4879 6134
4880 5327
4881 4587
4882 5716
4883 5090
4884 7456
4885 4701
4886 5026
4887 4897
4888 4964
4889 4846
4890 4711
4891 4579
4892 4838
4893 5715
4894 4587
4895 5586
4896 6471
4897 5459
4898 4579
4899 6352
4900 4820
4901 4592
4902 4577
4903 4965
4904 4712
4905 5220
4906 4955
4907 5208
4908 4589
4909 4595
4910 4829
4911 6108
4912 4922
4913 4590
4914 5094
4915 4704
4916 4729
4917 5067
4918 4838
4919 6072
4920 5029
4921 4776
4922 4846
4923 4571
4924 4593
4925 4605
4926 4580
4927 4680
4928 5019
4929 5783
4930 4955
4931 4721
4932 4701
4933 5470
4934 4579
4935 5094
4936 4583
4937 4950
4938 4841
4939 5094
4940 6454
4941 4593
4942 5333
4943 6152
4944 5143
4945 6600
4946 5204
4947 4954
4948 4588
4949 4714
4950 4583
4951 4586
4952 4723
4953 4832
4954 4582
4955 4614
4956 5185
4957 5216
4958 4709
4959 4712
4960 5967
4961 5462
4962 4707
4963 5599
4964 4957
4965 4844
4966 4699
4967 4589
4968 4727
4969 4802
4970 6232
4971 4587
4972 5346
4973 4703
4974 4836
4975 4728
4976 4829
4977 4702
4978 5090
4979 4961
4980 6214
4981 4590
4982 4707
4983 4587
4984 5722
4985 4647
4986 4892
4987 5123
4988 4558
4989 4705
4990 4982
4991 5443
4992 4720
4993 4828
4994 5215
4995 4843
4996 4962
4997 5456
4998 5084
4999 4588
5000 5850
5001 4949
5002 4714
5003 5215
5004 4598
5005 4590
5006 4693
5007 4714
5008 5845
5009 4753
5010 4790
5011 4575
5012 5909
5013 5144
5014 5508
5015 4656
5016 4718
5017 4951
5018 4740
5019 5686
5020 6695
5021 4735
5022 4704
5023 4764
5024 4865
5025 5374
5026 4646
5027 4644
5028 4915
5029 4779
5030 5206
5031 4824
5032 5059
5033 4736
5034 4593
5035 4586
5036 4966
5037 4828
5038 5335
5039 5213
5040 5584
5041 6337
5042 5097
5043 4736
5044 4813
5045 5062
5046 4835
5047 4963
5048 4847
5049 5390
5050 -995349
5051 4838
5052 4713
5053 5020
5054 5417
5055 5308
5056 5619
5057 4701
5058 5212
5059 4851
5060 5198
5061 6714
5062 5409
5063 4519
5064 4621
5065 4554
5066 5203
5067 4782
5068 4765
5069 4836
5070 4847
5071 5337
5072 4890
5073 5153
5074 4594
5075 5207
5076 4706
5077 5463
5078 5455
5079 4900
5080 5659
5081 6582
5082 4578
5083 5358
5084 4813
5085 4587
5086 4592
5087 4588
5088 4582
5089 4586
5090 5774
5091 4653
5092 4974
5093 4580
5094 5965
5095 5959
5096 4833
5097 4964
5098 4962
5099 4841
5100 4709
5101 6214
5102 4818
5103 4736
5104 4579
5105 5837
5106 4781
5107 4645
5108 4948
5109 4960
5110 4970
5111 4870
5112 4804
5113 4715
5114 5317
5115 4971
5116 5076
5117 4844
5118 4580
5119 4845
5120 4704
5121 5089
5122 5460
5123 5220
5124 4979
5125 5619
5126 4914
5127 5688
5128 4651
5129 4588
5130 5466
5131 4705
5132 4962
5133 4722
5134 4853
5135 5439
5136 4703
5137 4713
5138 5100
5139 4578
5140 4953
5141 4899
5142 6784
5143 5519
5144 4645
5145 4959
5146 5348
5147 5075
5148 4713
5149 4713
5150 4719
5151 5329
5152 4593
5153 4710
5154 5021
5155 5840
5156 5026
5157 4956
5158 4597
5159 5590
5160 4948
5161 4839
5162 5846
5163 4718
5164 4925
5165 4448
5166 4595
5167 4827
5168 5339
5169 4964
5170 5220
5171 4710
5172 5098
5173 6195
5174 4965
5175 4709
5176 5215
5177 5336
5178 5776
5179 4899
5180 4837
5181 4595
5182 6212
5183 4961
5184 5703
5185 5093
5186 5273
5187 5149
5188 6029
5189 4776
5190 4709
5191 4837
5192 4711
5193 4843
5194 5230
5195 4748
5196 5220
5197 5026
5198 4578
5199 4840
5200 4963
5201 4969
5202 6717
5203 4824
5204 4963
5205 4966
5206 5706
5207 4599
5208 5334
5209 4958
5210 4955
5211 4590
5212 4712
5213 5341
5214 5082
5215 4714
5216 5373
5217 4806
5218 4709
5219 4837
5220 5338
5221 5843
5222 5583
5223 5859
5224 4820
5225 4708
5226 4838
5227 4589
5228 4837
5229 4905
5230 4895
5231 4712
5232 4964
5233 4716
5234 4956
5235 4713
5236 4841
5237 4588
5238 5334
5239 4838
5240 5092
5241 4588
5242 6835
5243 4588
5244 5032
5245 4643
5246 4583
5247 -995286
5248 4592
5249 5211
5250 5834
5251 4842
5252 5086
5253 4963
5254 5208
5255 4965
5256 4963
5257 5027
5258 4772
5259 4463
5260 4732
5261 5073
5262 5084
5263 5462
5264 5345
5265 5453
5266 4721
5267 5079
5268 4848
5269 4580
5270 5210
5271 5280
5272 4778
5273 4829
5274 4587
5275 4593
5276 4568
5277 4980
5278 5460
5279 5838
5280 4972
5281 5202
5282 5213
5283 5839
5284 4715
5285 5217
5286 4953
5287 4462
5288 5339
5289 4964
5290 4833
5291 5532
5292 4771
5293 4835
5294 4838
5295 5341
5296 5278
5297 4833
5298 4773
5299 5464
5300 5530
5301 6062
5302 6516
5303 5796
5304 5145
5305 5461
5306 4724
5307 4576
5308 4712
5309 4836
5310 4713
5311 5095
5312 4831
5313 4781
5314 4898
5315 5220
5316 5074
5317 4715
5318 4777
5319 5157
5320 4953
5321 4848
5322 7346
5323 5022
5324 4707
5325 4588
5326 4735
5327 5820
5328 5335
5329 5088
5330 5477
5331 6070
5332 5212
5333 4839
5334 4597
5335 4576
5336 4715
5337 4966
5338 4529
5339 4515
5340 4979
5341 5317
5342 6488
5343 4953
5344 4949
5345 4583
5346 5226
5347 4949
5348 4588
5349 4589
5350 5216
5351 4830
5352 4715
5353 5462
5354 5222
5355 4578
5356 4969
5357 5460
5358 5234
5359 4689
5360 5939
5361 4733
5362 4594
5363 5465
5364 4703
5365 4837
5366 4721
5367 5078
5368 4964
5369 5780
5370 5276
5371 5145
5372 5146
5373 6092
5374 5087
5375 4591
5376 4580
5377 5335
5378 5464
5379 4584
5380 4589
5381 4838
5382 4720
5383 5957
5384 4963
5385 5220
5386 4704
5387 5519
5388 4527
5389 4752
5390 5176
5391 4575
5392 5213
5393 4844
5394 4713
5395 4770
5396 5025
5397 4589
5398 4601
5399 5197
5400 4588
5401 4908
5402 5402
5403 5680
5404 4885
5405 4574
5406 4722
5407 4829
5408 4581
5409 5214
5410 4778
5411 4900
5412 4589
5413 4587
5414 4594
5415 5078
5416 4965
5417 5341
5418 5342
5419 4957
5420 5086
5421 5088
5422 4849
5423 5201
5424 6214
5425 4968
5426 4834
5427 4960
5428 5586
5429 4715
5430 5657
5431 5017
5432 4965
5433 5088
5434 4734
5435 4811
5436 4468
5437 4592
5438 4956
5439 5085
5440 5337
5441 4839
5442 5215
5443 4588
5444 -993166
5445 5030
5446 4774
5447 4701
5448 4774
5449 4904
5450 4713
5451 4832
5452 4713
5453 4963
5454 5034
5455 5707
5456 4966
5457 4769
5458 4593
5459 4705
5460 5218
5461 4585
5462 5215
5463 4835
5464 5848
5465 4829
5466 5089
5467 6084
5468 5089
5469 4978
5470 4952
5471 4954
5472 4588
5473 4676
5474 5382
5475 4596
5476 4561
5477 4585
5478 4589
5479 4960
5480 4587
5481 5035
5482 5460
5483 5142
5484 5338
5485 6093
5486 4581
5487 4967
5488 5841
5489 4592
5490 5829
5491 4713
5492 4839
5493 5235
5494 4940
5495 4961
5496 4837
5497 5273
5498 5026
5499 5407
5500 4644
5501 5342
5502 4705
5503 5472
5504 6369
5505 4822
5506 4577
5507 4587
5508 5215
5509 5341
5510 4960
5511 5092
5512 4897
5513 5210
5514 5533
5515 4705
5516 4713
5517 4713
5518 4709
5519 4775
5520 4652
5521 4864
5522 5182
5523 4963
5524 4594
5525 6536
5526 4635
5527 5341
5528 5353
5529 5321
5530 4834
5531 4839
5532 4839
5533 5090
5534 4963
5535 5584
5536 4585
5537 5221
5538 5203
5539 4589
5540 5359
5541 5046
5542 5524
5543 4896
5544 4616
5545 6814
5546 4828
5547 4865
5548 4757
5549 4765
5550 6213
5551 5340
5552 5713
5553 4710
5554 4835
5555 4585
5556 4599
5557 5201
5558 5624
5559 4682
5560 5455
5561 4589
5562 4963
5563 5093
5564 4705
5565 5473
5566 5477
5567 4821
5568 5022
5569 4650
5570 4707
5571 5096
5572 5077
5573 4970
5574 5275
5575 4530
5576 5330
5577 4720
5578 5832
5579 5220
5580 6076
5581 5465
5582 5044
5583 4778
5584 6659
5585 4741
5586 4697
5587 5102
5588 5211
5589 4600
5590 6024
5591 4636
5592 6216
5593 4905
5594 5149
5595 5082
5596 4837
5597 4590
5598 4592
5599 4557
5600 4608
5601 4602
5602 4954
5603 5786
5604 6760
5605 4707
5606 4582
5607 4968
5608 5517
5609 4836
5610 5339
5611 4646
5612 5351
5613 5013
5614 4517
5615 4716
5616 5456
5617 5838
5618 4713
5619 4643
5620 4958
5621 4777
5622 4972
5623 5328
5624 7037
5625 4894
5626 5081
5627 4719
5628 4710
5629 4833
5630 5088
5631 4962
5632 4464
5633 4717
5634 5088
5635 4709
5636 5586
5637 5120
5638 4686
5639 4702
5640 -995411
5641 4789
5642 4763
5643 5083
5644 4838
5645 5847
5646 4956
5647 4902
5648 4767
5649 4845
5650 4834
5651 5333
5652 5089
5653 4590
5654 4589
5655 5025
5656 5270
5657 5524
5658 5599
5659 4884
5660 4717
5661 4980
5662 5076
5663 4950
5664 5662
5665 6023
5666 5084
5667 4584
5668 5716
5669 4589
5670 4581
5671 4971
5672 4729
5673 5187
5674 4964
5675 4684
5676 5138
5677 5503
5678 5399
5679 5281
5680 5201
5681 4782
5682 4832
5683 4718
5684 5131
5685 5913
5686 4712
5687 4720
5688 4704
5689 4838
5690 5094
5691 4838
5692 4579
5693 4712
5694 5091
5695 4969
5696 4713
5697 5454
5698 4588
5699 4609
5700 5937
5701 4779
5702 4648
5703 4843
5704 4954
5705 4462
5706 5714
5707 4616
5708 4555
5709 4587
5710 5463
5711 4933
5712 4989
5713 4585
5714 5212
5715 4590
5716 4711
5717 4839
5718 4710
5719 5589
5720 6089
5721 4707
5722 4588
5723 5131
5724 5045
5725 5243
5726 5918
5727 4715
5728 4454
5729 5400
5730 4649
5731 5434
5732 4989
5733 4594
5734 5711
5735 4991
5736 5682
5737 4842
5738 4695
5739 4467
5740 5331
5741 4709
5742 4713
5743 5096
5744 4888
5745 5145
5746 6587
5747 4987
5748 5816
5749 4581
5750 5338
5751 5960
5752 4714
5753 5261
5754 4829
5755 4546
5756 5262
5757 5406
5758 5012
5759 4536
5760 4822
5761 4838
5762 4840
5763 5336
5764 5210
5765 4963
5766 6340
5767 5084
5768 4581
5769 4587
5770 4944
5771 4720
5772 4840
5773 5087
5774 4797
5775 5174
5776 5335
5777 5207
5778 5220
5779 4703
5780 4719
5781 5171
5782 4612
5783 4723
5784 5043
5785 4634
5786 6363
5787 5683
5788 4840
5789 5277
5790 5285
5791 4947
5792 4966
5793 4587
5794 4846
5795 4710
5796 4826
5797 5085
5798 5225
5799 4949
5800 4595
5801 4778
5802 5141
5803 4956
5804 5964
5805 5139
5806 6152
5807 5544
5808 5005
5809 5860
5810 4687
5811 4714
5812 5464
5813 4861
5814 4567
5815 5505
5816 4536
5817 5698
5818 5357
5819 4580
5820 5215
5821 4822
5822 4976
5823 5336
5824 4839
5825 5347
5826 6770
5827 5147
5828 4962
5829 5089
5830 4708
5831 4774
5832 5157
5833 5090
5834 5205
5835 4839
5836 -994977
5837 4654
5838 5401
5839 4520
5840 5339
5841 5156
5842 5268
5843 5215
5844 4962
5845 5090
5846 6459
5847 4588
5848 5228
5849 4570
5850 4594
5851 5408
5852 5393
5853 5589
5854 5453
5855 4587
5856 5230
5857 4880
5858 4781
5859 4710
5860 5600
5861 4699
5862 4712
5863 5215
5864 5342
5865 4953
5866 6355
5867 4840
5868 4821
5869 5452
5870 6089
5871 4729
5872 4947
5873 4732
5874 4693
5875 5333
5876 4589
5877 5460
5878 5092
5879 4589
5880 4841
5881 4892
5882 5528
5883 4838
5884 6469
5885 4965
5886 5512
5887 4786
5888 4976
5889 4727
5890 5054
5891 5477
5892 5067
5893 4830
5894 4965
5895 4721
5896 4836
5897 5186
5898 4711
5899 4601
5900 5379
5901 5024
5902 4714
5903 5095
5904 5766
5905 5397
5906 6463
5907 4846
5908 4826
5909 5225
5910 4818
5911 5000
5912 4803
5913 4958
5914 4586
5915 4842
5916 4953
5917 5208
5918 4717
5919 5149
5920 4894
5921 5083
5922 4589
5923 5336
5924 4710
5925 4959
5926 5720
5927 5455
5928 5096
5929 4948
5930 5465
5931 5083
5932 5462
5933 4731
5934 5422
5935 4731
5936 5214
5937 4706
5938 4838
5939 4968
5940 5327
5941 5277
5942 5150
5943 5078
5944 5783
5945 4647
5946 10082
5947 4827
5948 4958
5949 4968
5950 5219
5951 4697
5952 4714
5953 4848
5954 4721
5955 5817
5956 4714
5957 6033
5958 4704
5959 4900
5960 5966
5961 4843
5962 4828
5963 4839
5964 5212
5965 5839
5966 4969
5967 4703
5968 4962
5969 5407
5970 4901
5971 5011
5972 4777
5973 4589
5974 4778
5975 4896
5976 4586
5977 4714
5978 5023
5979 4833
5980 4778
5981 4841
5982 4959
5983 4461
5984 4840
5985 4474
5986 5698
5987 4588
5988 5357
5989 4577
5990 5833
5991 5326
5992 4979
5993 5473
5994 5070
5995 4594
5996 4731
5997 5507
5998 4834
5999 5027
6000 4961
6001 4594
6002 4952
6003 4975
6004 5453
6005 4963
6006 6460
6007 4840
6008 4944
6009 5357
6010 4709
6011 4579
6012 5071
6013 5237
6014 4578
6015 4589
6016 5251
6017 4676
6018 4956
6019 4959
6020 4712
6021 4591
6022 4584
6023 4720
6024 5079
6025 4589
6026 7212
6027 4963
6028 6218
6029 4454
6030 5096
6031 -993912
6032 5026
6033 4761
6034 6651
6035 5027
6036 5464
6037 4710
6038 6028
6039 5301
6040 4935
6041 4709
6042 4588
6043 4963
6044 5316
6045 6733
6046 4837
6047 4845
6048 4577
6049 4589
6050 5585
6051 4722
6052 4703
6053 4961
6054 4961
6055 5972
6056 5220
6057 4821
6058 4844
6059 4713
6060 4575
6061 5723
6062 5121
6063 5485
6064 5767
6065 7462
6066 4855
6067 4741
6068 4904
6069 4828
6070 5499
6071 5549
6072 5023
6073 4777
6074 4976
6075 5013
6076 5522
6077 4463
6078 4720
6079 4955
6080 4714
6081 5088
6082 5418
6083 4941
6084 4963
6085 6528
6086 4845
6087 5405
6088 5766
6089 4601
6090 4812
6091 4584
6092 5462
6093 5090
6094 5086
6095 6086
6096 6462
6097 4847
6098 5200
6099 5216
6100 6149
6101 5147
6102 4968
6103 5101
6104 6211
6105 5094
6106 4711
6107 4705
6108 4750
6109 4927
6110 5363
6111 4680
6112 4896
6113 5148
6114 5341
6115 5144
6116 4648
6117 5107
6118 5192
6119 4715
6120 6164
6121 5262
6122 5027
6123 4763
6124 6722
6125 4891
6126 4780
6127 4453
6128 4744
6129 5310
6130 4708
6131 4837
6132 4694
6133 5100
6134 4586
6135 4590
6136 4670
6137 4630
6138 4954
6139 4591
6140 5805
6141 4995
6142 6517
6143 4896
6144 5721
6145 4705
6146 4886
6147 4530
6148 4718
6149 5513
6150 4779
6151 4601
6152 4774
6153 5012
6154 5463
6155 4469
6156 4713
6157 4580
6158 4588
6159 4717
6160 4584
6161 4966
6162 6157
6163 6263
6164 4467
6165 6462
6166 4582
6167 5107
6168 4698
6169 4702
6170 5840
6171 4976
6172 6199
6173 5652
6174 4770
6175 5548
6176 4629
6177 4580
6178 4781
6179 5021
6180 4591
6181 4590
6182 5078
6183 4965
6184 4905
6185 5904
6186 4573
6187 4593
6188 4579
6189 4579
6190 4837
6191 4859
6192 4695
6193 4703
6194 5475
6195 4898
6196 4783
6197 4765
6198 4902
6199 4964
6200 4592
6201 4579
6202 4714
6203 4778
6204 4780
6205 5831
6206 5713
6207 4589
6208 5970
6209 5273
6210 5083
6211 4502
6212 4615
6213 4578
6214 4591
6215 5735
6216 4945
6217 4713
6218 4828
6219 4962
6220 4595
6221 5156
6222 4906
6223 4811
6224 5343
6225 4582
6226 6586
6227 -995290
6228 4599
6229 5202
6230 4588
6231 4849
6232 4711
6233 4699
6234 4590
6235 5088
6236 5786
6237 4891
6238 4834
6239 5217
6240 4591
6241 4979
6242 5311
6243 4713
6244 5155
6245 5275
6246 6271
6247 4518
6248 4594
6249 4704
6250 4839
6251 4724
6252 5577
6253 4706
6254 4838
6255 5212
6256 4592
6257 4828
6258 4829
6259 4831
6260 5720
6261 4708
6262 4949
6263 5021
6264 4657
6265 4836
6266 4956
6267 7332
6268 5091
6269 4714
6270 4712
6271 4760
6272 5799
6273 4702
6274 4964
6275 4731
6276 4961
6277 4814
6278 5465
6279 4868
6280 5332
6281 4685
6282 4894
6283 4676
6284 4545
6285 5224
6286 5696
6287 6102
6288 4988
6289 4925
6290 5209
6291 5710
6292 4955
6293 4710
6294 4587
6295 4722
6296 4952
6297 4843
6298 5022
6299 6722
6300 4639
6301 5092
6302 5331
6303 5228
6304 4698
6305 5147
6306 4777
6307 5613
6308 4685
6309 4963
6310 5089
6311 5089
6312 4835
6313 4588
6314 5087
6315 4845
6316 4830
6317 4776
6318 4899
6319 4713
6320 4598
6321 5076
6322 5460
6323 4922
6324 4878
6325 5964
6326 4837
6327 5965
6328 4959
6329 4775
6330 4909
6331 5225
6332 4936
6333 5085
6334 4846
6335 4702
6336 4838
6337 4703
6338 6020
6339 4966
6340 4527
6341 4579
6342 4605
6343 6763
6344 4795
6345 4804
6346 5970
6347 5829
6348 4837
6349 4969
6350 4837
6351 4702
6352 4721
6353 5577
6354 4719
6355 4577
6356 4727
6357 4823
6358 4606
6359 5136
6360 5403
6361 4703
6362 5093
6363 5017
6364 5406
6365 5080
6366 4851
6367 6074
6368 5153
6369 5642
6370 4604
6371 5318
6372 5156
6373 5392
6374 4594
6375 4954
6376 6714
6377 5968
6378 4591
6379 4698
6380 4709
6381 5105
6382 4694
6383 4584
6384 5213
6385 4892
6386 4792
6387 6071
6388 4713
6389 4708
6390 5268
6391 4640
6392 4591
6393 5252
6394 4918
6395 4577
6396 4729
6397 4825
6398 4578
6399 4775
6400 5143
6401 4464
6402 5088
6403 6709
6404 4835
6405 5240
6406 4559
6407 4703
6408 6475
6409 6958
6410 4971
6411 4820
6412 5342
6413 5339
6414 5019
6415 5156
6416 5772
6417 5027
6418 5030
6419 4767
6420 4460
6421 5338
6422 5709
6423 -994774
6424 5709
6425 5446
6426 6683
6427 5007
6428 4699
6429 5072
6430 5373
6431 4919
6432 4710
6433 4583
6434 5988
6435 4678
6436 4692
6437 4536
6438 4566
6439 4585
6440 4476
6441 4567
6442 5335
6443 4818
6444 4716
6445 4823
6446 5061
6447 6513
6448 4780
6449 4569
6450 5081
6451 4965
6452 4706
6453 4824
6454 5582
6455 4837
6456 5202
6457 4584
6458 4570
6459 4583
6460 4729
6461 4941
6462 4972
6463 4865
6464 4832
6465 4893
6466 4895
6467 7276
6468 5074
6469 4451
6470 5208
6471 5208
6472 5527
6473 4636
6474 5649
6475 5266
6476 4585
6477 4702
6478 4726
6479 5065
6480 4708
6481 4718
6482 4848
6483 4549
6484 4564
6485 5065
6486 4707
6487 4468
6488 5824
6489 4954
6490 4582
6491 4857
6492 4574
6493 4447
6494 4956
6495 8802
6496 4620
6497 5079
6498 5071
6499 4581
6500 4583
6501 5577
6502 4835
6503 5515
6504 5025
6505 4573
6506 4715
6507 4825
6508 6572
6509 5703
6510 5061
6511 4737
6512 4573
6513 4586
6514 4958
6515 4701
6516 4599
6517 4686
6518 4833
6519 5545
6520 5248
6521 4879
6522 5273
6523 4967
6524 4691
6525 5709
6526 4587
6527 5705
6528 5696
6529 4834
6530 4898
6531 4714
6532 5758
6533 4845
6534 5190
6535 4956
6536 4957
6537 5080
6538 4702
6539 4898
6540 4764
6541 4961
6542 4581
6543 4715
6544 5385
6545 5218
6546 5070
6547 4652
6548 6570
6549 4583
6550 4583
6551 5272
6552 5078
6553 5144
6554 5472
6555 4603
6556 5423
6557 4573
6558 4626
6559 4778
6560 4833
6561 5215
6562 5114
6563 5249
6564 4640
6565 4585
6566 4840
6567 4710
6568 6212
6569 4831
6570 4906
6571 4893
6572 4594
6573 4710
6574 5303
6575 5880
6576 5456
6577 4578
6578 4733
6579 5504
6580 4772
6581 5387
6582 5778
6583 5086
6584 4716
6585 4961
6586 5959
6587 4540
6588 6258
6589 5014
6590 4663
6591 4573
6592 4969
6593 4579
6594 4623
6595 4742
6596 4762
6597 4773
6598 4786
6599 4825
6600 4840
6601 4584
6602 4965
6603 4962
6604 5203
6605 4599
6606 5622
6607 4811
6608 5057
6609 5588
6610 4594
6611 4707
6612 4704
6613 4843
6614 4707
6615 4842
6616 4947
6617 4715
6618 4754
6619 5944
6620 4808
6621 -995289
6622 4964
6623 4706
6624 4835
6625 6599
6626 4832
6627 4950
6628 4587
6629 5877
6630 5239
6631 4640
6632 5462
6633 4837
6634 4722
6635 4708
6636 4950
6637 4976
6638 5958
6639 5263
6640 5036
6641 5207
6642 6502
6643 5413
6644 5092
6645 4997
6646 5355
6647 5899
6648 4589
6649 5845
6650 4584
6651 5364
6652 4897
6653 4591
6654 4978
6655 5188
6656 4829
6657 4717
6658 4851
6659 5252
6660 5827
6661 4657
6662 5327
6663 4593
6664 4704
6665 5089
6666 4834
6667 4587
6668 4579
6669 5984
6670 4550
6671 4709
6672 5090
6673 4786
6674 4830
6675 4887
6676 5217
6677 4840
6678 4953
6679 5469
6680 5332
6681 5086
6682 4566
6683 4958
6684 4472
6685 5123
6686 4913
6687 4960
6688 4843
6689 7460
6690 4726
6691 4586
6692 5147
6693 4789
6694 4950
6695 4582
6696 5277
6697 4902
6698 4833
6699 5340
6700 5588
6701 6028
6702 4639
6703 4597
6704 4952
6705 5532
6706 5020
6707 4711
6708 4587
6709 6004
6710 4920
6711 4589
6712 4588
6713 5071
6714 4751
6715 4808
6716 5238
6717 5060
6718 4716
6719 5312
6720 5739
6721 4696
6722 5535
6723 4761
6724 5325
6725 5099
6726 5462
6727 5027
6728 4907
6729 5969
6730 4822
6731 4908
6732 4934
6733 4542
6734 4963
6735 4763
6736 4815
6737 5167
6738 5965
6739 4588
6740 4716
6741 5330
6742 4585
6743 5853
6744 4826
6745 4706
6746 4591
6747 4585
6748 5538
6749 4513
6750 5958
6751 4778
6752 5011
6753 4720
6754 4983
6755 4926
6756 4595
6757 6078
6758 5118
6759 5809
6760 5583
6761 4834
6762 4847
6763 4704
6764 5343
6765 4953
6766 4718
6767 4829
6768 5344
6769 4579
6770 6220
6771 5220
6772 4825
6773 4700
6774 4623
6775 4568
6776 5321
6777 5200
6778 5296
6779 4784
6780 4675
6781 4544
6782 5399
6783 5105
6784 5266
6785 5152
6786 4792
6787 5047
6788 5052
6789 4701
6790 5585
6791 5197
6792 5599
6793 4605
6794 5884
6795 4779
6796 4579
6797 5094
6798 4957
6799 4844
6800 4952
6801 4967
6802 4837
6803 4570
6804 5101
6805 6031
6806 4771
6807 5156
6808 5268
6809 4837
6810 6340
6811 5465
6812 5084
6813 5211
6814 5090
6815 5087
6816 4832
6817 -994835
6818 4818
6819 5153
6820 5460
6821 5211
6822 4946
6823 4733
6824 4705
6825 4586
6826 5023
6827 4780
6828 5836
6829 4590
6830 6592
6831 4829
6832 5211
6833 5715
6834 4736
6835 5310
6836 4838
6837 5653
6838 5532
6839 4701
6840 4847
6841 4701
6842 4970
6843 5204
6844 5485
6845 5630
6846 5021
6847 4891
6848 4781
6849 4813
6850 6298
6851 4764
6852 5217
6853 5087
6854 4591
6855 5070
6856 5594
6857 5328
6858 6657
6859 5020
6860 4709
6861 5457
6862 4965
6863 4577
6864 4967
6865 5205
6866 5215
6867 4953
6868 5426
6869 6253
6870 4577
6871 4965
6872 4963
6873 4706
6874 4598
6875 4571
6876 4594
6877 4693
6878 4576
6879 4482
6880 5736
6881 4662
6882 5081
6883 4712
6884 4587
6885 4465
6886 4459
6887 4727
6888 6088
6889 4764
6890 5783
6891 4707
6892 4587
6893 4778
6894 4899
6895 5210
6896 4587
6897 4598
6898 4699
6899 4946
6900 5232
6901 4947
6902 4609
6903 5209
6904 4959
6905 5247
6906 5597
6907 5534
6908 5596
6909 4710
6910 6446
6911 5339
6912 4829
6913 6342
6914 5459
6915 4568
6916 4735
6917 4705
6918 5083
6919 4777
6920 4902
6921 5213
6922 4827
6923 4907
6924 5269
6925 5328
6926 5590
6927 4711
6928 4709
6929 4984
6930 6691
6931 4714
6932 4966
6933 6525
6934 5023
6935 4978
6936 4946
6937 5015
6938 4651
6939 4925
6940 4900
6941 4683
6942 4715
6943 6097
6944 4573
6945 4589
6946 5089
6947 4725
6948 4955
6949 4766
6950 6644
6951 4613
6952 5683
6953 4964
6954 6084
6955 5214
6956 5153
6957 5150
6958 5081
6959 4833
6960 4577
6961 4590
6962 4834
6963 5221
6964 4826
6965 4970
6966 5268
6967 5539
6968 6069
6969 6217
6970 5121
6971 4673
6972 4712
6973 5203
6974 5324
6975 5207
6976 4575
6977 4602
6978 4984
6979 5056
6980 4840
6981 4717
6982 4962
6983 4588
6984 5511
6985 5166
6986 4582
6987 4595
6988 6703
6989 6344
6990 4858
6991 4690
6992 4902
6993 5151
6994 4841
6995 5703
6996 5216
6997 4956
6998 4841
6999 5207
7000 4966
7001 4584
7002 4849
7003 4826
7004 4961
7005 4963
7006 4720
7007 5333
7008 4952
7009 5212
7010 5593
7011 4897
7012 -994852
7013 4966
7014 4581
7015 4585
7016 4594
7017 4707
7018 5195
7019 4845
7020 4608
7021 4695
7022 5217
7023 5397
7024 4769
7025 4839
7026 5222
7027 4677
7028 4701
7029 4964
7030 5606
7031 4940
7032 6147
7033 4906
7034 4964
7035 4584
7036 4841
7037 4704
7038 5714
7039 5084
7040 4712
7041 5338
7042 5338
7043 4718
7044 4826
7045 6632
7046 4967
7047 5160
7048 4828
7049 5132
7050 6047
7051 4577
7052 4589
7053 4874
7054 5178
7055 4954
7056 4963
7057 5105
7058 4564
7059 4591
7060 4712
7061 4710
7062 4785
7063 4768
7064 5273
7065 4653
7066 5596
7067 6393
7068 6147
7069 4844
7070 5453
7071 4862
7072 4951
7073 5073
7074 5072
7075 4562
7076 5226
7077 4981
7078 4832
7079 5587
7080 4651
7081 5016
7082 4952
7083 4587
7084 4589
7085 4729
7086 4948
7087 6079
7088 4965
7089 4717
7090 6329
7091 4840
7092 4940
7093 4877
7094 5314
7095 5090
7096 5026
7097 4776
7098 4774
7099 4775
7100 4959
7101 5091
7102 4834
7103 5341
7104 4837
7105 4594
7106 4701
7107 5220
7108 4956
7109 5867
7110 6441
7111 4704
7112 4650
7113 5162
7114 4691
7115 4714
7116 4962
7117 5217
7118 4775
7119 4795
7120 5189
7121 4714
7122 4714
7123 4585
7124 5215
7125 5272
7126 5019
7127 5214
7128 4587
7129 4953
7130 4595
7131 6521
7132 4683
7133 5937
7134 4837
7135 4950
7136 4741
7137 4806
7138 4712
7139 4856
7140 4943
7141 5091
7142 5584
7143 5452
7144 4598
7145 4954
7146 4953
7147 5339
7148 4722
7149 5340
7150 5194
7151 6464
7152 4726
7153 4947
7154 4858
7155 4938
7156 4589
7157 4772
7158 4897
7159 5146
7160 4654
7161 4585
7162 5084
7163 4840
7164 4594
7165 4582
7166 4576
7167 4596
7168 4707
7169 5461
7170 5578
7171 6611
7172 4813
7173 4768
7174 5420
7175 4823
7176 5212
7177 4706
7178 4839
7179 5213
7180 4963
7181 5083
7182 4848
7183 4975
7184 4952
7185 4700
7186 5222
7187 4580
7188 5094
7189 4700
7190 5093
7191 4587
7192 5591
7193 5082
7194 4589
7195 5587
7196 5340
7197 4583
7198 4723
7199 5202
7200 4465
7201 4770
7202 5414
7203 4951
7204 4592
7205 5022
7206 4835
7207 4783
7208 4772
7209 5015
7210 -994913
7211 4718
7212 6654
7213 4763
7214 4964
7215 4839
7216 4906
7217 5767
7218 5589
7219 5604
7220 4815
7221 4980
7222 5444
7223 4723
7224 4822
7225 4582
7226 4722
7227 4701
7228 4787
7229 5013
7230 4720
7231 5328
7232 6595
7233 4638
7234 4786
7235 4615
7236 4930
7237 5325
7238 4593
7239 4752
7240 4681
7241 4579
7242 5190
7243 5109
7244 5538
7245 4638
7246 5092
7247 4892
7248 4793
7249 5561
7250 4837
7251 5045
7252 4756
7253 5837
7254 4888
7255 5020
7256 5375
7257 5062
7258 4462
7259 4735
7260 5062
7261 4961
7262 4588
7263 4732
7264 5820
7265 4713
7266 4837
7267 4965
7268 4584
7269 4729
7270 4695
7271 4713
7272 4602
7273 5824
7274 5529
7275 5052
7276 4930
7277 4714
7278 5527
7279 4905
7280 4577
7281 5589
7282 5273
7283 4782
7284 4957
7285 4837
7286 4781
7287 5152
7288 4829
7289 4591
7290 5085
7291 5102
7292 5446
7293 6090
7294 5338
7295 4844
7296 5076
7297 4968
7298 4588
7299 4593
7300 4580
7301 4963
7302 4587
7303 4845
7304 4952
7305 4839
7306 4963
7307 4985
7308 5336
7309 4690
7310 4588
7311 4978
7312 5198
7313 4836
7314 5840
7315 4719
7316 5076
7317 4966
7318 4713
7319 4732
7320 4940
7321 5214
7322 4712
7323 5042
7324 4886
7325 5201
7326 4712
7327 5221
7328 4704
7329 4589
7330 4963
7331 5212
7332 5196
7333 4834
7334 6106
7335 4701
7336 4954
7337 5088
7338 4717
7339 5110
7340 5310
7341 4713
7342 5093
7343 5096
7344 6089
7345 4824
7346 4966
7347 5088
7348 4734
7349 4938
7350 5650
7351 5705
7352 5032
7353 4961
7354 6094
7355 4831
7356 4713
7357 5087
7358 5221
7359 4828
7360 5339
7361 4587
7362 4974
7363 5265
7364 4897
7365 4711
7366 5005
7367 4798
7368 4702
7369 4836
7370 5044
7371 5264
7372 4949
7373 5325
7374 6845
7375 5452
7376 4963
7377 4959
7378 4841
7379 5250
7380 4546
7381 4579
7382 4594
7383 4703
7384 4659
7385 4518
7386 4842
7387 5082
7388 4586
7389 4773
7390 5545
7391 4827
7392 5707
7393 4964
7394 6239
7395 4810
7396 5212
7397 4716
7398 5471
7399 5081
7400 5457
7401 5280
7402 4773
7403 5083
7404 6215
7405 5165
7406 4513
7407 -995297
7408 5088
7409 5507
7410 4733
7411 4645
7412 5656
7413 4920
7414 7063
7415 4952
7416 4962
7417 5347
7418 4696
7419 4964
7420 4712
7421 4721
7422 5451
7423 4714
7424 4838
7425 5094
7426 4829
7427 4964
7428 4713
7429 4721
7430 4576
7431 5089
7432 5154
7433 4779
7434 6456
7435 4957
7436 4588
7437 5479
7438 4552
7439 4586
7440 6863
7441 5648
7442 5015
7443 4589
7444 4587
7445 4623
7446 5175
7447 4838
7448 4713
7449 4774
7450 4965
7451 4843
7452 5459
7453 5279
7454 6710
7455 4713
7456 5027
7457 5667
7458 4815
7459 5022
7460 5287
7461 5018
7462 5398
7463 4712
7464 5119
7465 4928
7466 4738
7467 4809
7468 4593
7469 4620
7470 4728
7471 4773
7472 4850
7473 5510
7474 6530
7475 5098
7476 5825
7477 5204
7478 5282
7479 5620
7480 6553
7481 4761
7482 4842
7483 4967
7484 4575
7485 4737
7486 4813
7487 5115
7488 5760
7489 5138
7490 5087
7491 6030
7492 4953
7493 4779
7494 5713
7495 4592
7496 5959
7497 5218
7498 4766
7499 4777
7500 4585
7501 5108
7502 5503
7503 5031
7504 4957
7505 4590
7506 5213
7507 5471
7508 4578
7509 4713
7510 4964
7511 4713
7512 5085
7513 4777
7514 5652
7515 4597
7516 5325
7517 5216
7518 5031
7519 4647
7520 4452
7521 4591
7522 4714
7523 4840
7524 5087
7525 4774
7526 5898
7527 4715
7528 4586
7529 5151
7530 5457
7531 5409
7532 4702
7533 4713
7534 5716
7535 4963
7536 4586
7537 5154
7538 4813
7539 4801
7540 5076
7541 4711
7542 4589
7543 4588
7544 4592
7545 4955
7546 4964
7547 5095
7548 4788
7549 6001
7550 4588
7551 4716
7552 4958
7553 4714
7554 4588
7555 6094
7556 5077
7557 5215
7558 5023
7559 4781
7560 4579
7561 4962
7562 4712
7563 5484
7564 5065
7565 5086
7566 6134
7567 4907
7568 5224
7569 5464
7570 4754
7571 4570
7572 4699
7573 4721
7574 5578
7575 6089
7576 4583
7577 4850
7578 5577
7579 4588
7580 4578
7581 4724
7582 4933
7583 5217
7584 4577
7585 4571
7586 4885
7587 4740
7588 5186
7589 4817
7590 4590
7591 4835
7592 4733
7593 4686
7594 5968
7595 4582
7596 5778
7597 5018
7598 4821
7599 4853
7600 4960
7601 4958
7602 5592
7603 4711
7604 -994724
7605 4641
7606 5214
7607 5773
7608 5328
7609 4904
7610 4992
7611 4803
7612 5220
7613 4579
7614 4982
7615 5001
7616 5713
7617 4796
7618 4948
7619 4954
7620 4967
7621 5207
7622 4596
7623 5827
7624 4840
7625 4834
7626 4721
7627 4702
7628 4724
7629 5325
7630 6840
7631 5017
7632 5280
7633 5111
7634 5315
7635 6609
7636 4685
7637 4833
7638 4829
7639 4584
7640 4588
7641 4694
7642 5228
7643 4582
7644 4780
7645 4915
7646 4570
7647 4579
7648 4718
7649 4580
7650 4714
7651 5284
7652 5335
7653 5742
7654 5858
7655 4704
7656 6529
7657 4775
7658 4856
7659 4807
7660 5724
7661 5208
7662 4833
7663 5393
7664 5337
7665 5332
7666 5556
7667 4892
7668 4977
7669 5026
7670 4830
7671 4837
7672 5064
7673 4588
7674 4972
7675 4822
7676 6389
7677 4658
7678 5216
7679 4893
7680 4710
7681 4788
7682 5201
7683 4591
7684 4961
7685 4720
7686 4455
7687 4839
7688 4838
7689 4589
7690 4586
7691 4588
7692 5214
7693 5475
7694 5577
7695 4965
7696 6477
7697 6057
7698 4832
7699 4586
7700 4847
7701 5205
7702 4958
7703 4977
7704 6335
7705 5879
7706 5537
7707 5211
7708 4855
7709 5195
7710 4837
7711 4714
7712 5219
7713 5890
7714 4778
7715 7788
7716 4886
7717 4718
7718 4837
7719 4781
7720 4641
7721 4712
7722 5839
7723 4593
7724 4969
7725 4821
7726 4963
7727 5343
7728 5078
7729 5589
7730 4840
7731 4595
7732 5077
7733 5091
7734 5710
7735 6469
7736 4830
7737 4589
7738 5524
7739 4780
7740 5107
7741 5189
7742 4974
7743 4829
7744 6026
7745 5273
7746 4598
7747 5327
7748 4709
7749 5340
7750 4719
7751 4628
7752 5416
7753 5232
7754 5519
7755 6321
7756 5469
7757 4645
7758 4972
7759 5077
7760 5529
7761 4647
7762 4590
7763 5746
7764 5177
7765 4961
7766 4721
7767 4578
7768 4712
7769 5220
7770 5086
7771 4581
7772 4840
7773 5844
7774 4711
7775 6455
7776 6216
7777 5594
7778 6077
7779 5033
7780 4519
7781 4720
7782 4464
7783 5636
7784 5097
7785 4780
7786 5326
7787 5466
7788 4586
7789 4599
7790 4708
7791 4454
7792 4966
7793 5410
7794 5139
7795 5463
7796 4588
7797 5419
7798 -994870
7799 5589
7800 5462
7801 4611
7802 5186
7803 4780
7804 5273
7805 5284
7806 4799
7807 5053
7808 5930
7809 4744
7810 5336
7811 4782
7812 4727
7813 5262
7814 6416
7815 5247
7816 4843
7817 4578
7818 4587
7819 4715
7820 4729
7821 4568
7822 4589
7823 4588
7824 4590
7825 4591
7826 4709
7827 5335
7828 4735
7829 6327
7830 5097
7831 5313
7832 5034
7833 5830
7834 5266
7835 5712
7836 4596
7837 5327
7838 5468
7839 4959
7840 5223
7841 4582
7842 4712
7843 5338
7844 4607
7845 4564
7846 4589
7847 4964
7848 5219
7849 6079
7850 4713
7851 5464
7852 5214
7853 4901
7854 4640
7855 5588
7856 4836
7857 4766
7858 4659
7859 4838
7860 4726
7861 5149
7862 5271
7863 4757
7864 5037
7865 4582
7866 5397
7867 4647
7868 5339
7869 4960
7870 4711
7871 4714
7872 5098
7873 4766
7874 5274
7875 5713
7876 4839
7877 4775
7878 4647
7879 4963
7880 4967
7881 4585
7882 5089
7883 4710
7884 5785
7885 4827
7886 4652
7887 4588
7888 5018
7889 4927
7890 5466
7891 5441
7892 5028
7893 5142
7894 5024
7895 4653
7896 5715
7897 4585
7898 4961
7899 4965
7900 4840
7901 5143
7902 5157
7903 5210
7904 5715
7905 4710
7906 6405
7907 4703
7908 5282
7909 4723
7910 4694
7911 4780
7912 5275
7913 4704
7914 5107
7915 7412
7916 4741
7917 4707
7918 5102
7919 4572
7920 4586
7921 4716
7922 4833
7923 4840
7924 4589
7925 4819
7926 4730
7927 5214
7928 5209
7929 4464
7930 4964
7931 5401
7932 4782
7933 4580
7934 4837
7935 4840
7936 6459
7937 4590
7938 4712
7939 4964
7940 4958
7941 5340
7942 4583
7943 4716
7944 4851
7945 4768
7946 4730
7947 5119
7948 5855
7949 4789
7950 4587
7951 4590
7952 5207
7953 4714
7954 5338
7955 5845
7956 6577
7957 5722
7958 4706
7959 4743
7960 4914
7961 5356
7962 4809
7963 4462
7964 4451
7965 5846
7966 5118
7967 4696
7968 4823
7969 5718
7970 5399
7971 4770
7972 4580
7973 4725
7974 5391
7975 5027
7976 5833
7977 4963
7978 4596
7979 4576
7980 4722
7981 5206
7982 5150
7983 4524
7984 5336
7985 5089
7986 4596
7987 4579
7988 5088
7989 4967
7990 4823
7991 5222
7992 5213
7993 4911
7994 5522
7995 -994853
7996 4774
7997 6209
7998 5342
7999 5845
8000 5396
8001 4636
8002 4711
8003 5459
8004 4963
8005 5493
8006 4936
8007 4955
8008 4733
8009 4702
8010 5085
8011 5700
8012 4715
8013 4991
8014 4812
8015 4701
8016 5148
8017 6066
8018 5173
8019 5200
8020 4741
8021 4701
8022 4577
8023 5089
8024 4971
8025 4965
8026 4828
8027 5212
8028 4602
8029 5216
8030 4886
8031 6335
8032 5146
8033 4713
8034 4724
8035 5692
8036 6421
8037 5379
8038 4886
8039 5150
8040 5206
8041 4963
8042 4709
8043 5213
8044 4589
8045 5089
8046 5087
8047 5213
8048 5141
8049 5533
8050 4709
8051 4588
8052 4716
8053 4589
8054 5270
8055 4901
8056 4847
8057 5454
8058 4981
8059 4815
8060 4605
8061 4820
8062 4781
8063 5266
8064 4588
8065 4705
8066 5214
8067 5203
8068 5108
8069 4948
8070 5082
8071 4766
8072 4947
8073 5022
8074 4585
8075 4706
8076 5148
8077 6175
8078 5692
8079 5203
8080 5843
8081 4579
8082 4722
8083 5832
8084 4844
8085 4705
8086 4480
8087 4697
8088 4905
8089 4767
8090 4839
8091 4718
8092 4834
8093 4967
8094 4958
8095 6463
8096 4843
8097 6207
8098 4837
8099 4855
8100 4698
8101 4779
8102 4887
8103 5588
8104 4845
8105 4955
8106 4888
8107 4728
8108 4654
8109 5079
8110 5214
8111 4590
8112 4609
8113 4563
8114 4734
8115 4819
8116 4715
8117 4598
8118 6116
8119 4921
8120 5369
8121 5669
8122 4838
8123 6039
8124 5267
8125 5019
8126 5963
8127 4657
8128 4571
8129 4960
8130 4582
8131 4720
8132 5089
8133 4705
8134 5770
8135 4903
8136 4707
8137 4964
8138 5459
8139 4583
8140 6081
8141 5590
8142 4706
8143 4783
8144 4767
8145 5215
8146 4836
8147 5711
8148 4954
8149 4710
8150 4836
8151 4841
8152 4589
8153 5440
8154 5108
8155 4600
8156 4694
8157 5253
8158 5801
8159 4731
8160 4806
8161 4736
8162 5190
8163 5254
8164 4907
8165 5716
8166 5515
8167 4929
8168 4681
8169 4846
8170 4701
8171 5254
8172 4802
8173 4587
8174 4954
8175 4896
8176 4776
8177 5344
8178 6826
8179 4762
8180 4780
8181 4713
8182 4593
8183 4717
8184 5080
8185 4456
8186 5342
8187 5462
8188 4959
8189 5332
8190 4907
8191 4896
8192 -995019
8193 4810
8194 4778
8195 5275
8196 4839
8197 5088
8198 6207
8199 4586
8200 5080
8201 4712
8202 4714
8203 4730
8204 5068
8205 4713
8206 4587
8207 5481
8208 5944
8209 5026
8210 4790
8211 5052
8212 4590
8213 4587
8214 5086
8215 4716
8216 4845
8217 4841
8218 4695
8219 5965
8220 4458
8221 4733
8222 4691
8223 5426
8224 4768
8225 4810
8226 5143
8227 5042
8228 5197
8229 4463
8230 4582
8231 4598
8232 4966
8233 5082
8234 5077
8235 4470
8236 5286
8237 5584
8238 4819
8239 6036
8240 5224
8241 4819
8242 4671
8243 6074
8244 5137
8245 4715
8246 4780
8247 4771
8248 5760
8249 4911
8250 5211
8251 4705
8252 5583
8253 210429
8254 6245
8255 4963
8256 4958
8257 4902
8258 5393
8259 5774
8260 4773
8261 5216
8262 4583
8263 4590
8264 4580
8265 4976
8266 5145
8267 4517
8268 4590
8269 5965
8270 5151
8271 5396
8272 4963
8273 4967
8274 4840
8275 4954
8276 5339
8277 4966
8278 4581
8279 6085
8280 5253
8281 4955
8282 4825
8283 59869
8284 4685
8285 4834
8286 4581
8287 5194
8288 5897
8289 4890
8290 5086
8291 4703
8292 4835
8293 4724
8294 5697
8295 4704
8296 5463
8297 4705
8298 5959
8299 4828
8300 5086
8301 4956
8302 5712
8303 4983
8304 4683
8305 5610
8306 4820
8307 5439
8308 4710
8309 4728
8310 4808
8311 5461
8312 4585
8313 4571
8314 5247
8315 4921
8316 4583
8317 4709
8318 4710
8319 4704
8320 5586
8321 5134
8322 4685
8323 5760
8324 5270
8325 4616
8326 5053
8327 5196
8328 4585
8329 4750
8330 4779
8331 4588
8332 5083
8333 4742
8334 5502
8335 4893
8336 4588
8337 5742
8338 -995318
8339 5594
8340 4580
8341 4884
8342 4935
8343 6141
8344 4958
8345 5346
8346 5014
8347 5088
8348 4779
8349 7658
8350 4893
8351 4586
8352 5715
8353 5591
8354 5697
8355 4969
8356 4673
8357 5106
8358 5769
8359 5591
8360 4720
8361 5095
8362 5816
8363 4588
8364 5463
8365 4709
8366 4836
8367 4840
8368 4978
8369 5328
8370 4703
8371 4945
8372 6105
8373 4460
8374 4966
8375 4960
8376 4596
8377 4702
8378 4587
8379 4737
8380 4946
8381 4842
8382 4696
8383 6213
8384 4592
8385 4704
8386 4595
8387 4827
8388 4724
8389 5078
8390 4843
8391 5148
8392 5329
8393 4786
8394 5079
8395 4702
8396 5660
8397 4876
8398 4612
8399 5072
8400 5841
8401 5204
8402 5063
8403 6014
8404 4832
8405 4750
8406 4793
8407 5203
8408 4970
8409 4956
8410 4903
8411 4767
8412 4622
8413 6059
8414 4830
8415 4955
8416 4602
8417 4697
8418 5222
8419 4957
8420 5090
8421 4840
8422 4959
8423 6091
8424 5227
8425 5191
8426 4970
8427 5018
8428 5528
8429 4827
8430 5290
8431 4770
8432 4955
8433 4578
8434 4777
8435 4899
8436 4980
8437 5438
8438 5843
8439 4704
8440 5219
8441 4954
8442 5358
8443 5940
8444 4958
8445 4581
8446 4987
8447 4565
8448 4704
8449 4904
8450 5376
8451 4988
8452 5580
8453 5151
8454 4636
8455 4723
8456 5464
8457 5464
8458 4698
8459 4851
8460 4587
8461 5657
8462 4653
8463 6340
8464 4823
8465 4591
8466 4842
8467 5205
8468 5087
8469 4716
8470 4841
8471 4959
8472 6080
8473 4963
8474 4844
8475 4829
8476 5839
8477 4710
8478 5345
8479 5274
8480 4763
8481 4837
8482 5014
8483 6036
8484 4707
8485 4842
8486 5087
8487 4708
8488 4588
8489 5725
8490 5095
8491 4949
8492 4886
8493 4781
8494 4586
8495 4704
8496 4839
8497 4843
8498 4712
8499 4956
8500 5464
8501 4595
8502 4727
8503 4690
8504 5837
8505 4587
8506 4585
8507 5337
8508 4977
8509 4588
8510 4849
8511 5320
8512 4716
8513 4708
8514 4968
8515 4829
8516 4964
8517 4834
8518 5468
8519 4579
8520 5095
8521 5329
8522 4982
8523 4942
8524 6596
8525 5453
8526 5464
8527 4458
8528 4590
8529 4595
8530 4579
8531 4710
8532 5488
8533 4816
8534 5085
8535 -995041
8536 4459
8537 4899
8538 5029
8539 4843
8540 5334
8541 4699
8542 5470
8543 5201
8544 6590
8545 4587
8546 5591
8547 5400
8548 5272
8549 6101
8550 4698
8551 5087
8552 4587
8553 4846
8554 4583
8555 4834
8556 4714
8557 5741
8558 4810
8559 4962
8560 5207
8561 4597
8562 4829
8563 4899
8564 6451
8565 5233
8566 4642
8567 4713
8568 5750
8569 4922
8570 4594
8571 4949
8572 5225
8573 5954
8574 4834
8575 5096
8576 4703
8577 6407
8578 4905
8579 4821
8580 4777
8581 5151
8582 5458
8583 4837
8584 6469
8585 5203
8586 4592
8587 4587
8588 5334
8589 4711
8590 5215
8591 4587
8592 4730
8593 5317
8594 5236
8595 4690
8596 4712
8597 4723
8598 4764
8599 5899
8600 4833
8601 4579
8602 4711
8603 4593
8604 5850
8605 4706
8606 5337
8607 5085
8608 4726
8609 5272
8610 4764
8611 4590
8612 5354
8613 4568
8614 4586
8615 4900
8616 5171
8617 5179
8618 4835
8619 4709
8620 4711
8621 4724
8622 4716
8623 4824
8624 4824
8625 6459
8626 4452
8627 4961
8628 5116
8629 5455
8630 5333
8631 4711
8632 4984
8633 4583
8634 4585
8635 5651
8636 4924
8637 6263
8638 4761
8639 4827
8640 4579
8641 4973
8642 4857
8643 4962
8644 5078
8645 5576
8646 5523
8647 4789
8648 4580
8649 5076
8650 4964
8651 5963
8652 4971
8653 5074
8654 5217
8655 4585
8656 5468
8657 6087
8658 5201
8659 4714
8660 5024
8661 5400
8662 4853
8663 5651
8664 5007
8665 5888
8666 5488
8667 4754
8668 5767
8669 4648
8670 4719
8671 5091
8672 4575
8673 4599
8674 4574
8675 5349
8676 5454
8677 5081
8678 4580
8679 4971
8680 5577
8681 4719
8682 5581
8683 6464
8684 5954
8685 4591
8686 5717
8687 4581
8688 4583
8689 4961
8690 4715
8691 4968
8692 4706
8693 4839
8694 4462
8695 5098
8696 6017
8697 4890
8698 4574
8699 4470
8700 4453
8701 4891
8702 5117
8703 4837
8704 5131
8705 5947
8706 4864
8707 4734
8708 5321
8709 5346
8710 4806
8711 4787
8712 5143
8713 4704
8714 4836
8715 5091
8716 4592
8717 5200
8718 4841
8719 4714
8720 5709
8721 4836
8722 4589
8723 4840
8724 5606
8725 5818
8726 5863
8727 4675
8728 5081
8729 4961
8730 4782
8731 -994975
8732 5208
8733 4708
8734 4999
8735 6183
8736 4699
8737 4717
8738 5656
8739 4894
8740 5633
8741 5030
8742 5096
8743 4829
8744 4473
8745 6351
8746 4874
8747 4709
8748 4648
8749 4581
8750 4574
8751 4592
8752 5092
8753 4698
8754 5091
8755 4590
8756 4755
8757 4947
8758 5784
8759 4673
8760 5339
8761 4801
8762 4577
8763 4889
8764 5403
8765 4560
8766 5939
8767 4569
8768 5104
8769 5275
8770 4759
8771 4541
8772 4989
8773 4551
8774 4823
8775 5085
8776 5306
8777 4807
8778 4586
8779 4580
8780 4956
8781 5208
8782 4711
8783 4828
8784 4582
8785 4995
8786 6991
8787 4641
8788 4836
8789 5724
8790 4732
8791 4833
8792 5210
8793 4782
8794 4769
8795 4592
8796 5325
8797 4560
8798 5230
8799 4980
8800 4772
8801 4575
8802 5530
8803 4892
8804 4718
8805 4563
8806 6453
8807 4756
8808 4817
8809 4891
8810 4912
8811 5455
8812 4961
8813 5718
8814 4827
8815 4593
8816 5218
8817 4702
8818 4710
8819 5280
8820 5643
8821 4986
8822 4694
8823 4580
8824 4588
8825 5126
8826 5177
8827 5764
8828 4528
8829 4740
8830 5193
8831 5202
8832 4963
8833 5093
8834 4588
8835 5703
8836 4712
8837 5097
8838 5081
8839 4837
8840 5086
8841 4595
8842 4701
8843 5839
8844 4584
8845 5357
8846 5094
8847 5933
8848 4713
8849 5532
8850 5390
8851 5099
8852 4953
8853 4463
8854 5835
8855 5145
8856 5532
8857 5463
8858 4957
8859 5090
8860 4731
8861 4940
8862 5361
8863 4816
8864 5533
8865 4515
8866 4596
8867 6142
8868 5028
8869 4702
8870 5405
8871 4646
8872 4574
8873 4599
8874 5156
8875 4894
8876 4602
8877 4807
8878 5236
8879 4811
8880 4914
8881 5262
8882 4423
8883 4778
8884 4775
8885 5338
8886 5582
8887 6088
8888 4726
8889 5182
8890 5278
8891 5274
8892 5471
8893 5220
8894 4695
8895 4836
8896 5206
8897 4452
8898 5213
8899 4712
8900 6295
8901 5083
8902 4779
8903 4835
8904 5212
8905 4884
8906 4913
8907 6583
8908 4592
8909 4592
8910 4954
8911 4462
8912 5717
8913 5649
8914 4771
8915 5730
8916 5003
8917 5025
8918 4591
8919 4588
8920 5714
8921 5455
8922 4712
8923 4728
8924 4696
8925 4837
8926 4965
8927 5724
8928 -994907
8929 4692
8930 4838
8931 4726
8932 4708
8933 5885
8934 5273
8935 4579
8936 4595
8937 4861
8938 4939
8939 4984
8940 4802
8941 5209
8942 4962
8943 5105
8944 4612
8945 5026
8946 4905
8947 5530
8948 5077
8949 5464
8950 4964
8951 4593
8952 5339
8953 4832
8954 4954
8955 5093
8956 4762
8957 5029
8958 4465
8959 5968
8960 5330
8961 5269
8962 5660
8963 5080
8964 5082
8965 5338
8966 4713
8967 6220
8968 4827
8969 4715
8970 5587
8971 5091
8972 5712
8973 4581
8974 5099
8975 4813
8976 5209
8977 4710
8978 5007
8979 5142
8980 4830
8981 4584
8982 4715
8983 4964
8984 4831
8985 4838
8986 4770
8987 6532
8988 4960
8989 4835
8990 5220
8991 4606
8992 5309
8993 5109
8994 4969
8995 5289
8996 5206
8997 4465
8998 4607
8999 5577
9000 4962
9001 4981
9002 5464
9003 5436
9004 5339
9005 5086
9006 5341
9007 6459
9008 4588
9009 5090
9010 4588
9011 4963
9012 4707
9013 5462
9014 5219
9015 4604
9016 4923
9017 5273
9018 5530
9019 4583
9020 4712
9021 4714
9022 4836
9023 4709
9024 4772
9025 6155
9026 5151
9027 5775
9028 4961
9029 4680
9030 4758
9031 6204
9032 4699
9033 5340
9034 4702
9035 5376
9036 4679
9037 4583
9038 4579
9039 4585
9040 4927
9041 4617
9042 5466
9043 4828
9044 4592
9045 5094
9046 5200
9047 4707
9048 6091
9049 5206
9050 4710
9051 4591
9052 4586
9053 4836
9054 5097
9055 4737
9056 5042
9057 5336
9058 5085
9059 4455
9060 6353
9061 4570
9062 4960
9063 5463
9064 5597
9065 5887
9066 5276
9067 6204
9068 4593
9069 4584
9070 4965
9071 5076
9072 4585
9073 4964
9074 5472
9075 4826
9076 4627
9077 4922
9078 5159
9079 4887
9080 4725
9081 5571
9082 4589
9083 4587
9084 5783
9085 4768
9086 4712
9087 4713
9088 6094
9089 4693
9090 4947
9091 5969
9092 4572
9093 4828
9094 4833
9095 5339
9096 4608
9097 4950
9098 4586
9099 5339
9100 5021
9101 5341
9102 4769
9103 4587
9104 4693
9105 5233
9106 4767
9107 4781
9108 6210
9109 4504
9110 4664
9111 4709
9112 4589
9113 4589
9114 4698
9115 4590
9116 5378
9117 5325
9118 4428
9119 4954
9120 4720
9121 5079
9122 4713
9123 4957
9124 4736
9125 4937
9126 -994539
9127 4961
9128 5148
9129 7168
9130 4696
9131 5019
9132 4903
9133 5139
9134 4834
9135 4847
9136 4780
9137 4763
9138 4840
9139 4777
9140 4727
9141 4450
9142 4708
9143 5088
9144 5534
9145 5036
9146 4816
9147 4965
9148 5330
9149 6356
9150 4700
9151 4589
9152 4949
9153 4746
9154 5191
9155 4713
9156 4745
9157 5066
9158 4583
9159 4569
9160 5495
9161 4554
9162 4596
9163 5580
9164 5138
9165 5093
9166 4776
9167 5525
9168 5036
9169 6338
9170 5475
9171 5319
9172 4589
9173 4707
9174 4723
9175 5327
9176 5715
9177 4460
9178 4718
9179 4834
9180 4909
9181 4889
9182 5088
9183 5590
9184 6101
9185 5073
9186 4714
9187 4837
9188 5385
9189 6095
9190 6401
9191 5345
9192 4984
9193 4539
9194 4589
9195 5758
9196 5204
9197 5678
9198 4471
9199 4959
9200 5832
9201 4706
9202 4561
9203 5978
9204 4527
9205 4703
9206 4982
9207 4828
9208 4576
9209 5713
9210 4587
9211 5592
9212 4461
9213 4584
9214 4713
9215 4970
9216 5465
9217 4701
9218 4592
9219 5220
9220 4699
9221 4719
9222 5084
9223 4969
9224 4577
9225 4839
9226 4590
9227 4969
9228 5455
9229 6838
9230 5267
9231 5165
9232 5080
9233 4839
9234 5898
9235 4905
9236 4705
9237 5395
9238 4950
9239 4915
9240 4705
9241 4835
9242 4713
9243 5465
9244 4711
9245 4586
9246 6270
9247 4798
9248 5049
9249 6334
9250 4595
9251 4701
9252 4587
9253 4975
9254 4853
9255 4812
9256 4836
9257 5095
9258 5045
9259 4569
9260 4462
9261 5850
9262 5582
9263 5729
9264 5065
9265 5338
9266 5840
9267 5210
9268 5585
9269 6108
9270 4815
9271 4592
9272 4962
9273 4965
9274 5336
9275 5084
9276 5729
9277 4692
9278 4959
9279 4715
9280 4838
9281 4590
9282 4588
9283 4959
9284 4587
9285 4715
9286 4717
9287 5825
9288 5212
9289 6593
9290 4438
9291 4962
9292 4718
9293 6087
9294 4457
9295 4462
9296 4618
9297 5082
9298 4575
9299 4581
9300 4975
9301 4947
9302 4965
9303 5208
9304 4898
9305 5030
9306 4750
9307 5552
9308 4702
9309 4592
9310 6587
9311 5959
9312 5089
9313 5096
9314 5330
9315 4963
9316 4594
9317 4836
9318 5328
9319 5336
9320 4908
9321 -995096
9322 4824
9323 4715
9324 5024
9325 5160
9326 4835
9327 4576
9328 5088
9329 7236
9330 4811
9331 5225
9332 4582
9333 5462
9334 5347
9335 5086
9336 4561
9337 4591
9338 4586
9339 5132
9340 4801
9341 4575
9342 4586
9343 5108
9344 4743
9345 4920
9346 4827
9347 4960
9348 6022
9349 5151
9350 5983
9351 4848
9352 6036
9353 4838
9354 5206
9355 5594
9356 4953
9357 5341
9358 5206
9359 6215
9360 4955
9361 4846
9362 4577
9363 4677
9364 4626
9365 4857
9366 6371
9367 5157
9368 5201
9369 6598
9370 4828
9371 6592
9372 5367
9373 4557
9374 5013
9375 5160
9376 4951
9377 4836
9378 4588
9379 5216
9380 5087
9381 4710
9382 5212
9383 5659
9384 4770
9385 4582
9386 4836
9387 4838
9388 5448
9389 6829
9390 4717
9391 4703
9392 4603
9393 4462
9394 6094
9395 4707
9396 5088
9397 4966
9398 4593
9399 4580
9400 4716
9401 4836
9402 5845
9403 4579
9404 4892
9405 5400
9406 5594
9407 5331
9408 4462
9409 5715
9410 4594
9411 4578
9412 5213
9413 4473
9414 4717
9415 4819
9416 4711
9417 4587
9418 5136
9419 6269
9420 4828
9421 5092
9422 4716
9423 4965
9424 5145
9425 5285
9426 4694
9427 4707
9428 5463
9429 5931
9430 4870
9431 4604
9432 4685
9433 5218
9434 4700
9435 4578
9436 4587
9437 5468
9438 5594
9439 4762
9440 4654
9441 5213
9442 5290
9443 4641
9444 4704
9445 4591
9446 5094
9447 4703
9448 5590
9449 4864
9450 7064
9451 5776
9452 4523
9453 4779
9454 5396
9455 4714
9456 5013
9457 5405
9458 4984
9459 4691
9460 4589
9461 4586
9462 4590
9463 4593
9464 5622
9465 5024
9466 4894
9467 4653
9468 4713
9469 4713
9470 6846
9471 5329
9472 4840
9473 5218
9474 5205
9475 4460
9476 4586
9477 4588
9478 4716
9479 4960
9480 4964
9481 4586
9482 4597
9483 5832
9484 4967
9485 4814
9486 4701
9487 4587
9488 4584
9489 4845
9490 4473
9491 6088
9492 5079
9493 4722
9494 5084
9495 5078
9496 4842
9497 4586
9498 4596
9499 4702
9500 5215
9501 4837
9502 5536
9503 4645
9504 5577
9505 4837
9506 5095
9507 4955
9508 4837
9509 5111
9510 5072
9511 5954
9512 4714
9513 4715
9514 4589
9515 5203
9516 4718
9517 5836
9518 -995415
9519 4808
9520 4735
9521 4589
9522 4969
9523 4596
9524 5442
9525 5145
9526 5669
9527 6080
9528 4828
9529 5031
9530 5269
9531 5965
9532 4592
9533 4933
9534 4907
9535 4783
9536 4961
9537 4593
9538 4577
9539 4772
9540 5026
9541 5210
9542 4464
9543 5209
9544 4964
9545 5648
9546 4900
9547 4457
9548 4773
9549 4672
9550 4971
9551 4911
9552 5582
9553 4959
9554 4589
9555 4700
9556 4722
9557 5456
9558 5466
9559 4897
9560 4649
9561 5208
9562 4889
9563 4661
9564 4711
9565 5331
9566 5273
9567 5399
9568 5098
9569 4627
9570 4665
9571 4579
9572 5883
9573 4795
9574 5523
9575 4515
9576 5098
9577 4831
9578 4583
9579 4963
9580 4955
9581 4717
9582 5768
9583 4898
9584 5088
9585 4710
9586 5087
9587 4680
9588 4773
9589 4603
9590 4710
9591 5086
9592 6836
9593 5110
9594 4566
9595 5782
9596 4788
9597 5187
9598 4715
9599 4719
9600 5083
9601 4854
9602 4575
9603 4890
9604 4778
9605 4711
9606 4841
9607 4707
9608 5344
9609 5517
9610 4782
9611 4833
9612 4473
9613 6167
9614 4753
9615 4826
9616 5590
9617 5023
9618 5035
9619 4703
9620 4585
9621 4973
9622 5831
9623 4567
9624 4729
9625 5014
9626 4793
9627 6080
9628 5648
9629 5283
9630 5010
9631 5048
9632 4939
9633 5734
9634 4687
9635 4594
9636 5089
9637 6152
9638 4637
9639 4717
9640 5713
9641 4836
9642 5078
9643 4843
9644 5519
9645 6057
9646 4926
9647 4966
9648 4961
9649 5589
9650 4762
9651 5532
9652 6954
9653 4606
9654 5080
9655 4868
9656 5041
9657 5778
9658 4900
9659 5329
9660 4827
9661 4588
9662 4585
9663 4749
9664 5536
9665 4590
9666 4704
9667 4727
9668 4954
9669 5083
9670 4578
9671 5515
9672 6038
9673 7021
9674 5144
9675 4777
9676 5144
9677 5402
9678 4646
9679 4723
9680 5229
9681 5435
9682 4833
9683 4868
9684 5064
9685 4825
9686 4835
9687 5485
9688 4811
9689 4716
9690 6828
9691 5717
9692 5719
9693 4826
9694 5530
9695 5206
9696 5407
9697 5829
9698 4729
9699 4695
9700 4969
9701 4579
9702 4728
9703 4754
9704 5977
9705 4511
9706 4873
9707 4675
9708 4590
9709 4962
9710 5092
9711 4964
9712 6267
9713 5523
9714 -995101
9715 5025
9716 4710
9717 5314
9718 4988
9719 4710
9720 4712
9721 4840
9722 4601
9723 5449
9724 4962
9725 5214
9726 5197
9727 5103
9728 5713
9729 5467
9730 4923
9731 4767
9732 6337
9733 4596
9734 4578
9735 4589
9736 5213
9737 4817
9738 5480
9739 5093
9740 5337
9741 4714
9742 4958
9743 4728
9744 4564
9745 4775
9746 4652
9747 5458
9748 5167
9749 4904
9750 4816
9751 4719
9752 5955
9753 5221
9754 5077
9755 4715
9756 5338
9757 5094
9758 5080
9759 5090
9760 5479
9761 4824
9762 4830
9763 4587
9764 5588
9765 5351
9766 5446
9767 5214
9768 4958
9769 5159
9770 4783
9771 4825
9772 7922
9773 4809
9774 5453
9775 5153
9776 4870
9777 5182
9778 5172
9779 5491
9780 5012
9781 6168
9782 5201
9783 5843
9784 5204
9785 4710
9786 4718
9787 5209
9788 4714
9789 4833
9790 4967
9791 6131
9792 4665
9793 5214
9794 4590
9795 4713
9796 4696
9797 4977
9798 5222
9799 5372
9800 5169
9801 4956
9802 5036
9803 5389
9804 5183
9805 4855
9806 5218
9807 5210
9808 5088
9809 5078
9810 4843
9811 6087
9812 4583
9813 4579
9814 4845
9815 4711
9816 5160
9817 5134
9818 4578
9819 4572
9820 4908
9821 5156
9822 4585
9823 5595
9824 5271
9825 4895
9826 4712
9827 5599
9828 5951
9829 5210
9830 4965
9831 6212
9832 4594
9833 5328
9834 4974
9835 5579
9836 5083
9837 4714
9838 4460
9839 5091
9840 4748
9841 4987
9842 4780
9843 4625
9844 4984
9845 5148
9846 5207
9847 4590
9848 4583
9849 4965
9850 4963
9851 4591
9852 6596
9853 4949
9854 4590
9855 4967
9856 5082
9857 4841
9858 5462
9859 5215
9860 5481
9861 4815
9862 5036
9863 4643
9864 4830
9865 4588
9866 4838
9867 4840
9868 5026
9869 4647
9870 5087
9871 4647
9872 5528
9873 4616
9874 4685
9875 4581
9876 4775
9877 4807
9878 4975
9879 4849
9880 4986
9881 4604
9882 5024
9883 4962
9884 5457
9885 5084
9886 5089
9887 5092
9888 4580
9889 4775
9890 4905
9891 4968
9892 4577
9893 5839
9894 4715
9895 4598
9896 4715
9897 4951
9898 5099
9899 4708
9900 4707
9901 4961
9902 5089
9903 4597
9904 5083
9905 5209
9906 4713
9907 4970
9908 5079
9909 5033
9910 4896
9911 -995279
9912 4949
9913 6087
9914 4591
9915 4589
9916 4706
9917 4838
9918 4904
9919 5155
9920 4704
9921 5216
9922 5211
9923 6164
9924 5830
9925 4647
9926 4962
9927 4589
9928 5334
9929 4964
9930 4843
9931 5576
9932 4461
9933 6092
9934 4587
9935 5765
9936 5147
9937 5838
9938 5139
9939 5344
9940 4899
9941 4913
9942 4766
9943 5457
9944 5576
9945 5012
9946 4796
9947 4704
9948 4707
9949 4777
9950 4650
9951 5585
9952 4831
9953 6042
9954 4755
9955 4965
9956 5020
9957 4926
9958 4797
9959 4834
9960 4584
9961 5528
9962 4777
9963 5336
9964 4951
9965 4984
9966 4696
9967 4835
9968 5327
9969 5230
9970 6194
9971 4840
9972 4832
9973 6097
9974 4713
9975 5087
9976 4701
9977 5221
9978 5187
9979 5088
9980 4454
9981 4596
9982 4578
9983 4593
9984 4594
9985 4986
9986 5061
9987 4715
9988 4844
9989 5111
9990 4811
9991 5462
9992 5611
9993 5074
9994 5954
9995 5279
9996 4770
9997 4721
9998 4954
9999 5339
