0 78
1 18
2 20
3 34
4 19
5 17
6 18
7 18
8 18
9 19
10 17
11 18
12 17
13 18
14 19
15 18
16 18
17 18
18 18
19 19
20 18
21 18
22 18
23 17
24 18
25 20
26 17
27 17
28 17
29 17
30 18
31 18
32 17
33 17
34 18
35 18
36 19
37 18
38 17
39 17
40 17
41 19
42 18
43 19
44 17
45 17
46 18
47 18
48 17
49 17
50 18
51 18
52 18
53 18
54 17
55 17
56 17
57 18
58 19
59 20
60 18
61 17
62 17
63 17
64 17
65 17
66 17
67 18
68 17
69 19
70 19
71 18
72 17
73 17
74 17
75 18
76 17
77 43
78 18
79 19
80 19
81 18
82 17
83 17
84 18
85 17
86 18
87 17
88 19
89 18
90 18
91 18
92 17
93 17
94 17
95 28
96 18
97 18
98 18
99 18
100 18
101 17
102 22
103 17
104 19
105 18
106 17
107 17
108 17
109 17
110 17
111 17
112 17
113 17
114 17
115 17
116 17
117 17
118 18
119 17
120 18
121 18
122 18
123 18
124 25
125 18
126 17
127 18
128 18
129 17
130 19
131 18
132 17
133 17
134 17
135 17
136 18
137 18
138 18
139 18
140 18
141 19
142 19
143 18
144 18
145 19
146 18
147 19
148 17
149 19
150 18
151 18
152 19
153 19
154 19
155 20
156 19
157 34
158 20
159 20
160 20
161 21
162 22
163 19
164 19
165 18
166 18
167 19
168 19
169 19
170 18
171 19
172 19
173 19
174 19
175 19
176 19
177 18
178 18
179 18
180 18
181 17
182 18
183 19
184 23
185 19
186 20
187 22
188 18
189 19
190 19
191 20
192 19
193 18
194 19
195 17
196 18
197 18
198 20
199 18
200 19
201 19
202 19
203 19
204 18
205 19
206 23
207 20
208 18
209 18
210 19
211 18
212 18
213 18
214 18
215 17
216 17
217 17
218 17
219 17
220 18
221 18
222 17
223 17
224 18
225 17
226 17
227 17
228 18
229 28
230 18
231 17
232 17
233 18
234 17
235 18
236 18
237 18
238 17
239 17
240 18
241 18
242 29
243 18
244 18
245 18
246 17
247 18
248 18
249 18
250 18
251 17
252 18
253 17
254 17
255 18
256 18
257 19
258 18
259 17
260 17
261 17
262 17
263 17
264 17
265 18
266 17
267 17
268 18
269 17
270 18
271 19
272 18
273 17
274 18
275 18
276 17
277 17
278 18
279 18
280 17
281 17
282 17
283 17
284 18
285 17
286 17
287 17
288 18
289 18
290 18
291 17
292 18
293 17
294 17
295 18
296 17
297 17
298 17
299 17
300 18
301 18
302 20
303 17
304 17
305 18
306 17
307 17
308 17
309 17
310 17
311 17
312 19
313 18
314 18
315 17
316 17
317 18
318 19
319 18
320 17
321 17
322 17
323 17
324 17
325 18
326 18
327 18
328 28
329 18
330 17
331 17
332 18
333 18
334 18
335 18
336 17
337 18
338 17
339 17
340 17
341 17
342 17
343 17
344 17
345 17
346 17
347 18
348 17
349 17
350 17
351 17
352 18
353 17
354 18
355 17
356 17
357 17
358 18
359 18
360 19
361 18
362 19
363 19
364 17
365 17
366 17
367 17
368 17
369 17
370 17
371 17
372 17
373 17
374 17
375 18
376 18
377 18
378 17
379 18
380 18
381 17
382 17
383 17
384 27
385 18
386 17
387 17
388 17
389 17
390 22
391 18
392 17
393 17
394 18
395 17
396 17
397 18
398 18
399 17
400 18
401 18
402 18
403 18
404 17
405 17
406 18
407 18
408 18
409 18
410 17
411 17
412 18
413 18
414 17
415 17
416 17
417 17
418 17
419 17
420 17
421 17
422 17
423 17
424 17
425 17
426 29
427 18
428 17
429 18
430 17
431 17
432 18
433 18
434 17
435 18
436 17
437 17
438 18
439 17
440 18
441 18
442 17
443 17
444 17
445 17
446 17
447 17
448 17
449 18
450 17
451 18
452 19
453 18
454 17
455 17
456 17
457 17
458 18
459 17
460 17
461 17
462 17
463 17
464 17
465 17
466 17
467 17
468 17
469 17
470 17
471 17
472 17
473 17
474 17
475 17
476 17
477 17
478 17
479 22
480 17
481 17
482 18
483 19
484 17
485 17
486 17
487 17
488 17
489 17
490 17
491 17
492 17
493 17
494 17
495 17
496 17
497 17
498 17
499 17
500 17
501 17
502 17
503 17
504 17
505 17
506 18
507 17
508 18
509 18
510 17
511 18
512 17
513 18
514 17
515 18
516 18
517 18
518 17
519 17
520 17
521 17
522 17
523 17
524 17
525 16
526 18
527 17
528 17
529 17
530 18
531 19
532 18
533 17
534 17
535 17
536 17
537 17
538 18
539 18
540 18
541 18
542 18
543 17
544 17
545 17
546 17
547 28
548 19
549 18
550 17
551 17
552 17
553 17
554 17
555 17
556 17
557 18
558 17
559 17
560 17
561 17
562 17
563 17
564 17
565 18
566 18
567 18
568 18
569 18
570 18
571 18
572 18
573 19
574 18
575 18
576 18
577 18
578 17
579 17
580 18
581 18
582 17
583 18
584 18
585 18
586 18
587 19
588 18
589 18
590 17
591 18
592 17
593 17
594 17
595 18
596 18
597 17
598 17
599 18
600 17
601 17
602 18
603 18
604 27
605 29
606 17
607 18
608 18
609 18
610 18
611 18
612 18
613 18
614 17
615 17
616 18
617 17
618 17
619 29
620 19
621 18
622 17
623 17
624 18
625 17
626 18
627 18
628 17
629 17
630 18
631 18
632 17
633 17
634 18
635 17
636 17
637 17
638 18
639 17
640 18
641 18
642 19
643 18
644 18
645 17
646 17
647 17
648 17
649 17
650 17
651 17
652 18
653 18
654 18
655 17
656 17
657 17
658 18
659 17
660 17
661 18
662 18
663 18
664 18
665 17
666 17
667 18
668 27
669 18
670 18
671 18
672 18
673 18
674 17
675 17
676 17
677 18
678 18
679 19
680 19
681 18
682 18
683 18
684 19
685 18
686 17
687 17
688 18
689 18
690 18
691 19
692 19
693 18
694 18
695 17
696 17
697 17
698 17
699 17
700 17
701 26
702 18
703 18
704 17
705 18
706 17
707 19
708 18
709 18
710 18
711 17
712 17
713 17
714 17
715 17
716 17
717 17
718 17
719 18
720 18
721 18
722 17
723 17
724 17
725 17
726 17
727 17
728 18
729 18
730 17
731 17
732 17
733 17
734 18
735 19
736 17
737 18
738 17
739 17
740 17
741 18
742 18
743 17
744 17
745 17
746 17
747 17
748 17
749 17
750 17
751 17
752 18
753 18
754 18
755 17
756 18
757 17
758 17
759 17
760 17
761 17
762 18
763 17
764 19
765 18
766 17
767 17
768 17
769 18
770 17
771 18
772 18
773 18
774 17
775 18
776 17
777 18
778 17
779 17
780 17
781 17
782 282
783 21
784 18
785 17
786 17
787 17
788 17
789 17
790 18
791 17
792 18
793 18
794 18
795 17
796 18
797 18
798 17
799 17
800 18
801 17
802 17
803 17
804 17
805 17
806 18
807 18
808 17
809 17
810 17
811 17
812 18
813 17
814 17
815 18
816 18
817 17
818 17
819 18
820 17
821 18
822 18
823 17
824 17
825 17
826 17
827 18
828 18
829 17
830 18
831 17
832 17
833 18
834 18
835 18
836 18
837 17
838 18
839 18
840 18
841 18
842 18
843 19
844 18
845 19
846 18
847 18
848 17
849 17
850 17
851 17
852 19
853 17
854 18
855 17
856 18
857 18
858 17
859 17
860 18
861 18
862 17
863 17
864 17
865 18
866 18
867 17
868 18
869 18
870 18
871 17
872 17
873 18
874 17
875 18
876 17
877 18
878 17
879 18
880 18
881 28
882 18
883 17
884 18
885 18
886 19
887 18
888 18
889 17
890 18
891 18
892 17
893 18
894 18
895 18
896 19
897 17
898 17
899 18
900 18
901 18
902 17
903 17
904 17
905 18
906 17
907 18
908 18
909 17
910 17
911 17
912 17
913 17
914 18
915 18
916 18
917 18
918 17
919 17
920 18
921 18
922 17
923 18
924 17
925 26
926 19
927 18
928 18
929 17
930 18
931 18
932 18
933 18
934 17
935 18
936 18
937 17
938 17
939 18
940 18
941 17
942 18
943 18
944 18
945 18
946 18
947 17
948 33
949 17
950 18
951 19
952 18
953 18
954 17
955 17
956 29
957 19
958 18
959 17
960 17
961 17
962 18
963 17
964 17
965 17
966 17
967 18
968 18
969 18
970 17
971 17
972 17
973 25
974 18
975 17
976 18
977 18
978 17
979 17
980 17
981 17
982 18
983 18
984 18
985 18
986 19
987 18
988 17
989 18
990 18
991 18
992 17
993 17
994 17
995 17
996 17
997 17
998 17
999 17
1000 18
1001 17
1002 17
1003 17
1004 17
1005 17
1006 17
1007 18
1008 17
1009 17
1010 17
1011 18
1012 17
1013 26
1014 18
1015 17
1016 17
1017 18
1018 18
1019 18
1020 18
1021 18
1022 18
1023 18
1024 18
1025 17
1026 17
1027 17
1028 18
1029 17
1030 17
1031 18
1032 18
1033 18
1034 18
1035 19
1036 17
1037 17
1038 18
1039 17
1040 17
1041 18
1042 17
1043 17
1044 17
1045 19
1046 19
1047 17
1048 17
1049 18
1050 18
1051 18
1052 18
1053 18
1054 17
1055 18
1056 18
1057 18
1058 17
1059 18
1060 17
1061 17
1062 19
1063 17
1064 18
1065 18
1066 17
1067 18
1068 18
1069 17
1070 18
1071 18
1072 17
1073 17
1074 17
1075 18
1076 18
1077 18
1078 17
1079 19
1080 17
1081 18
1082 18
1083 18
1084 18
1085 17
1086 18
1087 18
1088 17
1089 17
1090 18
1091 17
1092 18
1093 18
1094 17
1095 19
1096 20
1097 18
1098 17
1099 17
1100 18
1101 19
1102 17
1103 18
1104 18
1105 18
1106 19
1107 20
1108 17
1109 17
1110 17
1111 17
1112 17
1113 17
1114 18
1115 18
1116 17
1117 17
1118 18
1119 17
1120 18
1121 18
1122 17
1123 18
1124 18
1125 18
1126 19
1127 18
1128 18
1129 18
1130 17
1131 17
1132 18
1133 28
1134 19
1135 19
1136 17
1137 18
1138 25
1139 19
1140 18
1141 17
1142 18
1143 17
1144 18
1145 18
1146 18
1147 17
1148 18
1149 19
1150 19
1151 18
1152 18
1153 17
1154 18
1155 18
1156 17
1157 18
1158 17
1159 17
1160 17
1161 17
1162 17
1163 17
1164 17
1165 17
1166 17
1167 18
1168 18
1169 17
1170 17
1171 18
1172 17
1173 17
1174 17
1175 17
1176 17
1177 17
1178 17
1179 17
1180 17
1181 17
1182 17
1183 17
1184 26
1185 18
1186 18
1187 17
1188 17
1189 18
1190 19
1191 18
1192 18
1193 17
1194 17
1195 17
1196 17
1197 17
1198 17
1199 17
1200 17
1201 17
1202 18
1203 18
1204 17
1205 17
1206 18
1207 18
1208 17
1209 17
1210 17
1211 18
1212 18
1213 18
1214 18
1215 18
1216 18
1217 17
1218 18
1219 19
1220 18
1221 17
1222 17
1223 17
1224 17
1225 17
1226 17
1227 18
1228 18
1229 18
1230 18
1231 18
1232 18
1233 17
1234 17
1235 18
1236 18
1237 18
1238 18
1239 17
1240 18
1241 17
1242 18
1243 18
1244 18
1245 19
1246 17
1247 17
1248 17
1249 18
1250 18
1251 17
1252 18
1253 17
1254 17
1255 17
1256 17
1257 17
1258 17
1259 17
1260 17
1261 18
1262 18
1263 17
1264 17
1265 17
1266 17
1267 18
1268 17
1269 18
1270 18
1271 17
1272 18
1273 17
1274 18
1275 18
1276 18
1277 18
1278 18
1279 19
1280 18
1281 18
1282 17
1283 27
1284 18
1285 17
1286 17
1287 17
1288 17
1289 17
1290 18
1291 17
1292 17
1293 17
1294 17
1295 17
1296 17
1297 18
1298 19
1299 18
1300 18
1301 18
1302 22
1303 18
1304 18
1305 18
1306 17
1307 18
1308 18
1309 17
1310 17
1311 18
1312 18
1313 18
1314 17
1315 17
1316 17
1317 17
1318 17
1319 18
1320 18
1321 17
1322 18
1323 19
1324 19
1325 18
1326 17
1327 18
1328 19
1329 18
1330 18
1331 18
1332 17
1333 18
1334 18
1335 17
1336 17
1337 17
1338 18
1339 18
1340 17
1341 17
1342 17
1343 18
1344 27
1345 18
1346 18
1347 17
1348 18
1349 18
1350 18
1351 18
1352 18
1353 17
1354 18
1355 18
1356 17
1357 18
1358 18
1359 18
1360 18
1361 18
1362 19
1363 17
1364 18
1365 17
1366 18
1367 18
1368 18
1369 17
1370 18
1371 17
1372 18
1373 18
1374 17
1375 17
1376 17
1377 17
1378 18
1379 17
1380 18
1381 17
1382 18
1383 17
1384 18
1385 18
1386 18
1387 18
1388 17
1389 19
1390 18
1391 18
1392 18
1393 18
1394 18
1395 18
1396 18
1397 17
1398 18
1399 17
1400 18
1401 17
1402 18
1403 18
1404 17
1405 18
1406 20
1407 18
1408 18
1409 18
1410 18
1411 17
1412 18
1413 18
1414 17
1415 17
1416 18
1417 18
1418 19
1419 18
1420 18
1421 18
1422 18
1423 18
1424 17
1425 17
1426 18
1427 18
1428 19
1429 18
1430 18
1431 18
1432 18
1433 18
1434 17
1435 17
1436 18
1437 18
1438 18
1439 19
1440 17
1441 18
1442 18
1443 18
1444 18
1445 17
1446 18
1447 18
1448 18
1449 17
1450 19
1451 17
1452 18
1453 17
1454 18
1455 17
1456 18
1457 17
1458 17
1459 17
1460 18
1461 19
1462 18
1463 17
1464 18
1465 18
1466 17
1467 18
1468 18
1469 17
1470 17
1471 17
1472 18
1473 18
1474 18
1475 17
1476 18
1477 18
1478 18
1479 18
1480 36
1481 17
1482 19
1483 19
1484 17
1485 18
1486 17
1487 17
1488 17
1489 17
1490 18
1491 18
1492 17
1493 18
1494 18
1495 17
1496 18
1497 18
1498 17
1499 19
1500 19
1501 17
1502 20
1503 18
1504 18
1505 17
1506 18
1507 17
1508 17
1509 17
1510 18
1511 18
1512 17
1513 18
1514 17
1515 17
1516 17
1517 17
1518 17
1519 17
1520 17
1521 18
1522 18
1523 17
1524 18
1525 18
1526 17
1527 17
1528 17
1529 17
1530 17
1531 17
1532 18
1533 18
1534 17
1535 18
1536 17
1537 17
1538 17
1539 17
1540 17
1541 17
1542 17
1543 17
1544 17
1545 17
1546 17
1547 17
1548 17
1549 17
1550 18
1551 17
1552 17
1553 17
1554 17
1555 17
1556 17
1557 17
1558 17
1559 17
1560 17
1561 17
1562 17
1563 17
1564 17
1565 17
1566 18
1567 17
1568 17
1569 17
1570 17
1571 18
1572 17
1573 17
1574 18
1575 18
1576 19
1577 17
1578 17
1579 17
1580 18
1581 17
1582 17
1583 17
1584 17
1585 17
1586 17
1587 17
1588 17
1589 17
1590 17
1591 18
1592 18
1593 18
1594 18
1595 18
1596 18
1597 17
1598 17
1599 18
1600 18
1601 17
1602 27
1603 18
1604 18
1605 17
1606 17
1607 17
1608 17
1609 17
1610 17
1611 17
1612 17
1613 17
1614 17
1615 18
1616 17
1617 18
1618 17
1619 17
1620 17
1621 17
1622 17
1623 17
1624 18
1625 18
1626 18
1627 18
1628 17
1629 17
1630 19
1631 17
1632 17
1633 17
1634 17
1635 18
1636 18
1637 17
1638 17
1639 17
1640 17
1641 18
1642 17
1643 17
1644 17
1645 17
1646 17
1647 17
1648 17
1649 17
1650 17
1651 17
1652 17
1653 17
1654 18
1655 17
1656 18
1657 18
1658 18
1659 27
1660 18
1661 17
1662 17
1663 17
1664 17
1665 18
1666 18
1667 17
1668 17
1669 17
1670 17
1671 17
1672 17
1673 17
1674 17
1675 17
1676 17
1677 17
1678 17
1679 18
1680 17
1681 18
1682 19
1683 18
1684 17
1685 17
1686 18
1687 18
1688 17
1689 17
1690 17
1691 35
1692 19
1693 17
1694 19
1695 18
1696 17
1697 17
1698 18
1699 18
1700 17
1701 17
1702 17
1703 17
1704 17
1705 17
1706 17
1707 17
1708 18
1709 18
1710 17
1711 17
1712 18
1713 20
1714 18
1715 17
1716 17
1717 18
1718 17
1719 17
1720 17
1721 18
1722 18
1723 17
1724 17
1725 17
1726 18
1727 18
1728 18
1729 19
1730 18
1731 17
1732 17
1733 18
1734 17
1735 19
1736 18
1737 17
1738 17
1739 18
1740 17
1741 17
1742 17
1743 18
1744 18
1745 18
1746 18
1747 17
1748 18
1749 18
1750 17
1751 18
1752 18
1753 18
1754 18
1755 17
1756 18
1757 19
1758 19
1759 18
1760 17
1761 17
1762 18
1763 18
1764 17
1765 17
1766 17
1767 17
1768 19
1769 17
1770 17
1771 18
1772 18
1773 17
1774 17
1775 18
1776 18
1777 17
1778 17
1779 18
1780 18
1781 17
1782 18
1783 17
1784 18
1785 17
1786 17
1787 17
1788 18
1789 17
1790 17
1791 17
1792 17
1793 17
1794 17
1795 17
1796 18
1797 17
1798 17
1799 18
1800 18
1801 18
1802 18
1803 18
1804 17
1805 17
1806 17
1807 18
1808 18
1809 18
1810 18
1811 17
1812 28
1813 19
1814 17
1815 17
1816 18
1817 18
1818 17
1819 18
1820 17
1821 17
1822 20
1823 17
1824 18
1825 18
1826 18
1827 17
1828 17
1829 18
1830 18
1831 18
1832 17
1833 18
1834 17
1835 17
1836 17
1837 34
1838 17
1839 18
1840 18
1841 17
1842 17
1843 17
1844 17
1845 18
1846 19
1847 17
1848 18
1849 18
1850 19
1851 20
1852 18
1853 17
1854 17
1855 17
1856 17
1857 17
1858 17
1859 17
1860 17
1861 17
1862 19
1863 18
1864 18
1865 17
1866 17
1867 17
1868 18
1869 17
1870 17
1871 17
1872 17
1873 17
1874 18
1875 18
1876 17
1877 17
1878 17
1879 17
1880 17
1881 17
1882 17
1883 17
1884 17
1885 17
1886 19
1887 17
1888 18
1889 17
1890 18
1891 18
1892 18
1893 17
1894 17
1895 17
1896 18
1897 18
1898 17
1899 17
1900 17
1901 18
1902 19
1903 17
1904 18
1905 18
1906 18
1907 19
1908 17
1909 17
1910 17
1911 18
1912 18
1913 19
1914 18
1915 17
1916 17
1917 18
1918 18
1919 17
1920 17
1921 18
1922 18
1923 18
1924 19
1925 17
1926 18
1927 18
1928 18
1929 18
1930 18
1931 17
1932 17
1933 17
1934 17
1935 17
1936 18
1937 17
1938 18
1939 18
1940 17
1941 17
1942 18
1943 17
1944 17
1945 17
1946 17
1947 17
1948 18
1949 18
1950 19
1951 18
1952 18
1953 18
1954 18
1955 17
1956 18
1957 17
1958 32
1959 18
1960 18
1961 18
1962 18
1963 17
1964 17
1965 17
1966 17
1967 17
1968 17
1969 17
1970 17
1971 17
1972 17
1973 17
1974 18
1975 18
1976 18
1977 17
1978 17
1979 17
1980 19
1981 17
1982 17
1983 17
1984 17
1985 17
1986 17
1987 17
1988 17
1989 17
1990 17
1991 17
1992 17
1993 17
1994 18
1995 17
1996 18
1997 18
1998 17
1999 17
2000 17
2001 17
2002 17
2003 17
2004 17
2005 17
2006 18
2007 17
2008 17
2009 17
2010 17
2011 17
2012 17
2013 17
2014 19
2015 21
2016 17
2017 17
2018 17
2019 17
2020 16
2021 17
2022 17
2023 17
2024 18
2025 20
2026 18
2027 19
2028 18
2029 17
2030 17
2031 17
2032 17
2033 17
2034 17
2035 17
2036 17
2037 17
2038 17
2039 18
2040 18
2041 18
2042 18
2043 18
2044 17
2045 17
2046 18
2047 17
2048 17
2049 17
2050 17
2051 17
2052 17
2053 17
2054 18
2055 18
2056 17
2057 17
2058 17
2059 17
2060 17
2061 17
2062 17
2063 17
2064 16
2065 17
2066 17
2067 17
2068 17
2069 17
2070 17
2071 17
2072 17
2073 18
2074 18
2075 17
2076 18
2077 17
2078 20
2079 18
2080 18
2081 17
2082 17
2083 17
2084 17
2085 17
2086 17
2087 17
2088 17
2089 17
2090 17
2091 17
2092 17
2093 17
2094 18
2095 17
2096 17
2097 17
2098 17
2099 17
2100 17
2101 17
2102 17
2103 17
2104 17
2105 17
2106 18
2107 18
2108 17
2109 17
2110 17
2111 18
2112 17
2113 17
2114 17
2115 17
2116 17
2117 17
2118 17
2119 17
2120 17
2121 17
2122 18
2123 18
2124 18
2125 17
2126 17
2127 17
2128 17
2129 17
2130 17
2131 17
2132 18
2133 18
2134 17
2135 16
2136 17
2137 17
2138 17
2139 26
2140 19
2141 17
2142 19
2143 17
2144 17
2145 17
2146 18
2147 18
2148 17
2149 17
2150 17
2151 17
2152 17
2153 17
2154 17
2155 18
2156 17
2157 17
2158 18
2159 17
2160 17
2161 18
2162 18
2163 18
2164 17
2165 17
2166 17
2167 17
2168 17
2169 17
2170 17
2171 18
2172 17
2173 17
2174 17
2175 17
2176 17
2177 18
2178 18
2179 18
2180 17
2181 17
2182 17
2183 17
2184 17
2185 17
2186 18
2187 17
2188 17
2189 17
2190 17
2191 18
2192 18
2193 18
2194 17
2195 18
2196 189
2197 24
2198 19
2199 18
2200 18
2201 17
2202 17
2203 17
2204 17
2205 17
2206 17
2207 17
2208 17
2209 17
2210 17
2211 17
2212 18
2213 17
2214 18
2215 18
2216 18
2217 18
2218 17
2219 18
2220 18
2221 18
2222 18
2223 17
2224 17
2225 18
2226 17
2227 18
2228 17
2229 17
2230 18
2231 19
2232 18
2233 18
2234 17
2235 18
2236 17
2237 17
2238 17
2239 18
2240 18
2241 18
2242 17
2243 17
2244 17
2245 18
2246 18
2247 18
2248 19
2249 18
2250 18
2251 17
2252 18
2253 19
2254 18
2255 17
2256 17
2257 18
2258 18
2259 19
2260 18
2261 18
2262 18
2263 17
2264 18
2265 18
2266 18
2267 18
2268 17
2269 17
2270 18
2271 17
2272 18
2273 18
2274 17
2275 18
2276 18
2277 17
2278 18
2279 18
2280 18
2281 18
2282 18
2283 18
2284 18
2285 17
2286 18
2287 17
2288 18
2289 18
2290 18
2291 18
2292 18
2293 17
2294 18
2295 18
2296 17
2297 17
2298 18
2299 18
2300 19
2301 18
2302 19
2303 18
2304 18
2305 18
2306 18
2307 18
2308 17
2309 18
2310 18
2311 18
2312 17
2313 17
2314 19
2315 18
2316 18
2317 18
2318 18
2319 18
2320 18
2321 17
2322 18
2323 17
2324 17
2325 20
2326 18
2327 19
2328 17
2329 17
2330 17
2331 17
2332 18
2333 17
2334 18
2335 18
2336 17
2337 17
2338 17
2339 18
2340 18
2341 18
2342 19
2343 18
2344 18
2345 18
2346 18
2347 19
2348 19
2349 18
2350 18
2351 17
2352 18
2353 17
2354 18
2355 17
2356 18
2357 18
2358 17
2359 17
2360 18
2361 18
2362 17
2363 17
2364 18
2365 29
2366 21
2367 17
2368 18
2369 17
2370 17
2371 17
2372 17
2373 17
2374 26
2375 19
2376 18
2377 17
2378 18
2379 24
2380 18
2381 17
2382 17
2383 17
2384 25
2385 18
2386 18
2387 18
2388 18
2389 18
2390 18
2391 17
2392 18
2393 18
2394 17
2395 17
2396 17
2397 17
2398 17
2399 17
2400 18
2401 17
2402 18
2403 17
2404 18
2405 18
2406 17
2407 18
2408 18
2409 19
2410 18
2411 18
2412 17
2413 18
2414 18
2415 17
2416 18
2417 17
2418 17
2419 18
2420 17
2421 17
2422 17
2423 17
2424 20
2425 18
2426 18
2427 17
2428 18
2429 18
2430 18
2431 18
2432 18
2433 18
2434 18
2435 17
2436 17
2437 17
2438 17
2439 17
2440 18
2441 17
2442 17
2443 17
2444 17
2445 17
2446 17
2447 18
2448 18
2449 17
2450 17
2451 18
2452 18
2453 17
2454 17
2455 18
2456 18
2457 19
2458 20
2459 19
2460 18
2461 17
2462 27
2463 18
2464 18
2465 17
2466 17
2467 18
2468 18
2469 18
2470 17
2471 18
2472 17
2473 17
2474 18
2475 17
2476 18
2477 18
2478 18
2479 19
2480 18
2481 18
2482 18
2483 18
2484 17
2485 18
2486 18
2487 17
2488 17
2489 18
2490 19
2491 18
2492 18
2493 18
2494 17
2495 18
2496 19
2497 18
2498 17
2499 18
2500 18
2501 18
2502 17
2503 18
2504 17
2505 18
2506 27
2507 18
2508 18
2509 17
2510 17
2511 25
2512 19
2513 18
2514 18
2515 18
2516 18
2517 19
2518 17
2519 17
2520 18
2521 18
2522 18
2523 17
2524 17
2525 17
2526 18
2527 19
2528 17
2529 18
2530 18
2531 18
2532 18
2533 17
2534 18
2535 18
2536 17
2537 18
2538 17
2539 18
2540 28
2541 30
2542 18
2543 17
2544 19
2545 18
2546 18
2547 17
2548 18
2549 18
2550 18
2551 18
2552 17
2553 18
2554 18
2555 18
2556 18
2557 18
2558 17
2559 17
2560 18
2561 18
2562 17
2563 17
2564 18
2565 17
2566 17
2567 18
2568 18
2569 18
2570 18
2571 17
2572 18
2573 17
2574 17
2575 17
2576 17
2577 17
2578 18
2579 17
2580 18
2581 18
2582 17
2583 17
2584 18
2585 18
2586 17
2587 18
2588 18
2589 17
2590 18
2591 18
2592 18
2593 18
2594 19
2595 17
2596 18
2597 17
2598 18
2599 17
2600 18
2601 18
2602 17
2603 18
2604 17
2605 18
2606 18
2607 17
2608 18
2609 17
2610 18
2611 19
2612 18
2613 17
2614 17
2615 18
2616 19
2617 17
2618 18
2619 18
2620 17
2621 17
2622 18
2623 17
2624 18
2625 18
2626 17
2627 18
2628 18
2629 18
2630 17
2631 17
2632 17
2633 17
2634 17
2635 17
2636 17
2637 18
2638 17
2639 17
2640 17
2641 17
2642 18
2643 18
2644 18
2645 18
2646 18
2647 18
2648 18
2649 17
2650 18
2651 18
2652 18
2653 17
2654 18
2655 19
2656 18
2657 17
2658 18
2659 18
2660 27
2661 18
2662 18
2663 17
2664 18
2665 18
2666 17
2667 17
2668 17
2669 17
2670 17
2671 18
2672 18
2673 17
2674 18
2675 18
2676 18
2677 18
2678 18
2679 18
2680 17
2681 18
2682 19
2683 17
2684 17
2685 18
2686 18
2687 17
2688 18
2689 18
2690 18
2691 18
2692 18
2693 17
2694 17
2695 17
2696 18
2697 18
2698 18
2699 18
2700 17
2701 17
2702 18
2703 17
2704 17
2705 18
2706 18
2707 18
2708 17
2709 18
2710 18
2711 18
2712 18
2713 17
2714 18
2715 18
2716 18
2717 17
2718 32
2719 19
2720 22
2721 18
2722 18
2723 18
2724 19
2725 18
2726 18
2727 18
2728 19
2729 18
2730 17
2731 18
2732 18
2733 17
2734 18
2735 18
2736 17
2737 17
2738 19
2739 19
2740 18
2741 17
2742 18
2743 18
2744 17
2745 18
2746 17
2747 17
2748 17
2749 17
2750 17
2751 18
2752 18
2753 18
2754 18
2755 18
2756 18
2757 17
2758 17
2759 17
2760 17
2761 17
2762 18
2763 18
2764 18
2765 17
2766 17
2767 17
2768 17
2769 17
2770 17
2771 18
2772 19
2773 17
2774 18
2775 17
2776 17
2777 17
2778 18
2779 17
2780 18
2781 18
2782 17
2783 18
2784 18
2785 18
2786 18
2787 18
2788 18
2789 17
2790 18
2791 17
2792 18
2793 17
2794 17
2795 17
2796 17
2797 17
2798 17
2799 17
2800 17
2801 17
2802 17
2803 17
2804 17
2805 17
2806 17
2807 18
2808 27
2809 19
2810 17
2811 18
2812 18
2813 17
2814 18
2815 17
2816 19
2817 20
2818 17
2819 18
2820 17
2821 18
2822 17
2823 17
2824 18
2825 17
2826 17
2827 19
2828 18
2829 18
2830 18
2831 17
2832 17
2833 17
2834 18
2835 17
2836 17
2837 17
2838 18
2839 18
2840 18
2841 18
2842 17
2843 17
2844 18
2845 17
2846 17
2847 18
2848 17
2849 18
2850 17
2851 18
2852 19
2853 17
2854 18
2855 17
2856 18
2857 18
2858 18
2859 18
2860 18
2861 17
2862 17
2863 18
2864 18
2865 17
2866 19
2867 18
2868 17
2869 17
2870 18
2871 18
2872 17
2873 17
2874 18
2875 18
2876 17
2877 18
2878 19
2879 17
2880 18
2881 18
2882 17
2883 17
2884 17
2885 18
2886 18
2887 17
2888 18
2889 18
2890 18
2891 18
2892 18
2893 17
2894 19
2895 17
2896 30
2897 18
2898 18
2899 19
2900 17
2901 18
2902 18
2903 17
2904 18
2905 17
2906 17
2907 18
2908 18
2909 18
2910 18
2911 17
2912 17
2913 17
2914 17
2915 28
2916 18
2917 17
2918 18
2919 17
2920 17
2921 18
2922 17
2923 17
2924 17
2925 17
2926 24
2927 18
2928 18
2929 18
2930 18
2931 17
2932 18
2933 17
2934 17
2935 17
2936 17
2937 18
2938 18
2939 17
2940 17
2941 18
2942 17
2943 17
2944 17
2945 17
2946 17
2947 18
2948 17
2949 17
2950 25
2951 18
2952 17
2953 17
2954 17
2955 17
2956 17
2957 17
2958 17
2959 18
2960 17
2961 17
2962 18
2963 17
2964 18
2965 17
2966 18
2967 19
2968 18
2969 17
2970 18
2971 17
2972 18
2973 17
2974 17
2975 17
2976 17
2977 17
2978 17
2979 17
2980 17
2981 17
2982 18
2983 18
2984 18
2985 17
2986 18
2987 18
2988 18
2989 18
2990 18
2991 17
2992 18
2993 18
2994 19
2995 18
2996 17
2997 17
2998 17
2999 19
3000 18
3001 18
3002 18
3003 17
3004 18
3005 17
3006 18
3007 18
3008 17
3009 17
3010 19
3011 17
3012 18
3013 18
3014 17
3015 18
3016 19
3017 17
3018 18
3019 18
3020 18
3021 17
3022 17
3023 17
3024 18
3025 18
3026 27
3027 19
3028 18
3029 17
3030 17
3031 18
3032 17
3033 17
3034 18
3035 18
3036 17
3037 17
3038 17
3039 17
3040 17
3041 17
3042 17
3043 18
3044 18
3045 18
3046 17
3047 17
3048 17
3049 17
3050 18
3051 17
3052 17
3053 18
3054 18
3055 17
3056 18
3057 17
3058 17
3059 17
3060 19
3061 18
3062 18
3063 17
3064 17
3065 18
3066 17
3067 17
3068 19
3069 18
3070 18
3071 18
3072 18
3073 22
3074 21
3075 17
3076 17
3077 17
3078 17
3079 18
3080 19
3081 17
3082 17
3083 17
3084 18
3085 17
3086 17
3087 17
3088 17
3089 17
3090 17
3091 17
3092 17
3093 17
3094 17
3095 17
3096 17
3097 17
3098 17
3099 26
3100 19
3101 18
3102 17
3103 17
3104 17
3105 17
3106 17
3107 17
3108 17
3109 18
3110 18
3111 18
3112 18
3113 17
3114 17
3115 17
3116 17
3117 17
3118 17
3119 17
3120 17
3121 17
3122 17
3123 17
3124 17
3125 18
3126 18
3127 18
3128 18
3129 18
3130 17
3131 17
3132 18
3133 18
3134 17
3135 17
3136 17
3137 17
3138 19
3139 17
3140 17
3141 18
3142 17
3143 18
3144 18
3145 17
3146 18
3147 17
3148 16
3149 18
3150 17
3151 18
3152 18
3153 18
3154 18
3155 18
3156 18
3157 17
3158 17
3159 17
3160 17
3161 17
3162 17
3163 17
3164 17
3165 17
3166 17
3167 17
3168 17
3169 17
3170 17
3171 17
3172 18
3173 18
3174 18
3175 17
3176 17
3177 17
3178 17
3179 17
3180 17
3181 17
3182 17
3183 17
3184 17
3185 17
3186 17
3187 17
3188 17
3189 17
3190 18
3191 18
3192 17
3193 17
3194 18
3195 18
3196 17
3197 18
3198 17
3199 17
3200 18
3201 18
3202 19
3203 18
3204 18
3205 17
3206 19
3207 17
3208 18
3209 17
3210 17
3211 17
3212 16
3213 17
3214 17
3215 17
3216 17
3217 17
3218 18
3219 18
3220 17
3221 17
3222 17
3223 18
3224 18
3225 17
3226 17
3227 17
3228 17
3229 17
3230 17
3231 17
3232 17
3233 17
3234 18
3235 17
3236 17
3237 17
3238 17
3239 17
3240 17
3241 17
3242 16
3243 18
3244 18
3245 18
3246 17
3247 18
3248 19
3249 17
3250 17
3251 17
3252 17
3253 39
3254 19
3255 18
3256 18
3257 17
3258 17
3259 18
3260 17
3261 28
3262 18
3263 17
3264 18
3265 18
3266 20
3267 18
3268 17
3269 17
3270 17
3271 17
3272 17
3273 19
3274 18
3275 17
3276 17
3277 26
3278 18
3279 18
3280 18
3281 17
3282 17
3283 19
3284 18
3285 17
3286 18
3287 18
3288 18
3289 17
3290 17
3291 17
3292 18
3293 18
3294 18
3295 17
3296 17
3297 17
3298 17
3299 27
3300 18
3301 18
3302 17
3303 17
3304 17
3305 18
3306 18
3307 18
3308 18
3309 17
3310 17
3311 17
3312 18
3313 18
3314 17
3315 18
3316 20
3317 17
3318 17
3319 18
3320 17
3321 17
3322 17
3323 18
3324 17
3325 17
3326 17
3327 17
3328 18
3329 18
3330 19
3331 17
3332 18
3333 17
3334 17
3335 18
3336 18
3337 18
3338 18
3339 19
3340 18
3341 17
3342 17
3343 17
3344 17
3345 17
3346 17
3347 18
3348 17
3349 17
3350 17
3351 17
3352 17
3353 17
3354 17
3355 18
3356 19
3357 18
3358 18
3359 17
3360 17
3361 17
3362 17
3363 17
3364 17
3365 17
3366 27
3367 18
3368 18
3369 17
3370 17
3371 17
3372 18
3373 17
3374 17
3375 18
3376 18
3377 18
3378 19
3379 18
3380 17
3381 18
3382 17
3383 17
3384 17
3385 17
3386 17
3387 17
3388 17
3389 17
3390 17
3391 17
3392 17
3393 17
3394 20
3395 18
3396 18
3397 17
3398 17
3399 17
3400 17
3401 17
3402 18
3403 17
3404 17
3405 18
3406 18
3407 17
3408 17
3409 17
3410 17
3411 17
3412 18
3413 18
3414 18
3415 17
3416 17
3417 17
3418 17
3419 17
3420 17
3421 16
3422 19
3423 17
3424 18
3425 17
3426 17
3427 17
3428 17
3429 17
3430 18
3431 20
3432 19
3433 17
3434 17
3435 17
3436 17
3437 18
3438 17
3439 17
3440 41
3441 18
3442 18
3443 17
3444 17
3445 18
3446 17
3447 17
3448 17
3449 17
3450 17
3451 17
3452 17
3453 18
3454 17
3455 17
3456 17
3457 17
3458 20
3459 18
3460 18
3461 17
3462 18
3463 19
3464 18
3465 17
3466 17
3467 18
3468 17
3469 17
3470 17
3471 16
3472 17
3473 17
3474 17
3475 17
3476 17
3477 17
3478 17
3479 18
3480 19
3481 17
3482 17
3483 18
3484 17
3485 17
3486 17
3487 18
3488 18
3489 18
3490 19
3491 17
3492 18
3493 17
3494 17
3495 18
3496 17
3497 18
3498 17
3499 17
3500 17
3501 17
3502 18
3503 18
3504 17
3505 17
3506 19
3507 17
3508 17
3509 17
3510 17
3511 27
3512 18
3513 17
3514 18
3515 17
3516 25
3517 18
3518 17
3519 17
3520 18
3521 18
3522 19
3523 17
3524 17
3525 17
3526 17
3527 18
3528 17
3529 17
3530 17
3531 17
3532 18
3533 18
3534 17
3535 17
3536 18
3537 18
3538 18
3539 17
3540 17
3541 17
3542 17
3543 17
3544 18
3545 18
3546 18
3547 19
3548 17
3549 17
3550 17
3551 17
3552 17
3553 17
3554 17
3555 18
3556 19
3557 17
3558 17
3559 18
3560 17
3561 18
3562 17
3563 17
3564 17
3565 17
3566 18
3567 17
3568 17
3569 17
3570 17
3571 18
3572 27
3573 20
3574 17
3575 17
3576 18
3577 17
3578 17
3579 17
3580 17
3581 17
3582 17
3583 17
3584 18
3585 17
3586 19
3587 17
3588 18
3589 18
3590 17
3591 17
3592 18
3593 17
3594 17
3595 17
3596 17
3597 17
3598 17
3599 17
3600 17
3601 17
3602 17
3603 17
3604 17
3605 17
3606 17
3607 25
3608 260
3609 19
3610 17
3611 18
3612 17
3613 18
3614 17
3615 17
3616 17
3617 17
3618 17
3619 17
3620 17
3621 17
3622 17
3623 18
3624 18
3625 18
3626 17
3627 17
3628 17
3629 17
3630 17
3631 17
3632 18
3633 17
3634 17
3635 19
3636 18
3637 17
3638 17
3639 17
3640 17
3641 17
3642 17
3643 17
3644 17
3645 17
3646 17
3647 17
3648 17
3649 17
3650 18
3651 19
3652 19
3653 18
3654 17
3655 17
3656 28
3657 18
3658 17
3659 17
3660 17
3661 18
3662 18
3663 18
3664 18
3665 17
3666 18
3667 18
3668 18
3669 17
3670 17
3671 17
3672 18
3673 19
3674 18
3675 18
3676 17
3677 17
3678 17
3679 18
3680 17
3681 18
3682 17
3683 17
3684 18
3685 19
3686 17
3687 17
3688 17
3689 18
3690 18
3691 17
3692 17
3693 17
3694 17
3695 17
3696 18
3697 18
3698 17
3699 17
3700 17
3701 19
3702 17
3703 17
3704 17
3705 18
3706 18
3707 17
3708 17
3709 18
3710 18
3711 18
3712 18
3713 18
3714 18
3715 17
3716 17
3717 17
3718 17
3719 17
3720 17
3721 17
3722 17
3723 17
3724 18
3725 18
3726 18
3727 17
3728 18
3729 17
3730 18
3731 17
3732 17
3733 18
3734 27
3735 19
3736 18
3737 17
3738 18
3739 25
3740 19
3741 17
3742 17
3743 17
3744 18
3745 17
3746 17
3747 18
3748 18
3749 17
3750 17
3751 18
3752 18
3753 18
3754 18
3755 18
3756 20
3757 19
3758 17
3759 18
3760 18
3761 18
3762 18
3763 17
3764 18
3765 18
3766 17
3767 18
3768 18
3769 18
3770 17
3771 18
3772 18
3773 17
3774 18
3775 20
3776 18
3777 18
3778 18
3779 18
3780 17
3781 17
3782 21
3783 17
3784 29
3785 18
3786 18
3787 17
3788 17
3789 17
3790 17
3791 17
3792 18
3793 18
3794 18
3795 18
3796 18
3797 18
3798 18
3799 18
3800 19
3801 17
3802 18
3803 18
3804 18
3805 18
3806 18
3807 17
3808 17
3809 18
3810 17
3811 18
3812 17
3813 18
3814 18
3815 27
3816 18
3817 18
3818 18
3819 17
3820 17
3821 17
3822 18
3823 18
3824 18
3825 17
3826 17
3827 17
3828 17
3829 17
3830 17
3831 17
3832 18
3833 18
3834 18
3835 18
3836 18
3837 17
3838 18
3839 18
3840 17
3841 18
3842 18
3843 19
3844 18
3845 18
3846 18
3847 18
3848 18
3849 19
3850 18
3851 17
3852 17
3853 18
3854 19
3855 18
3856 18
3857 17
3858 18
3859 18
3860 19
3861 18
3862 17
3863 17
3864 18
3865 18
3866 17
3867 17
3868 18
3869 17
3870 18
3871 18
3872 17
3873 18
3874 17
3875 17
3876 18
3877 17
3878 18
3879 18
3880 17
3881 17
3882 18
3883 18
3884 19
3885 18
3886 17
3887 17
3888 17
3889 17
3890 18
3891 18
3892 17
3893 18
3894 17
3895 17
3896 17
3897 17
3898 27
3899 18
3900 17
3901 17
3902 17
3903 17
3904 17
3905 18
3906 18
3907 18
3908 17
3909 17
3910 17
3911 17
3912 18
3913 18
3914 17
3915 18
3916 18
3917 18
3918 17
3919 17
3920 26
3921 18
3922 18
3923 17
3924 18
3925 18
3926 17
3927 18
3928 18
3929 17
3930 18
3931 18
3932 18
3933 18
3934 18
3935 17
3936 18
3937 19
3938 18
3939 18
3940 18
3941 17
3942 18
3943 17
3944 18
3945 18
3946 17
3947 17
3948 18
3949 17
3950 32
3951 18
3952 18
3953 18
3954 18
3955 17
3956 17
3957 18
3958 27
3959 18
3960 17
3961 18
3962 18
3963 17
3964 18
3965 18
3966 17
3967 17
3968 18
3969 18
3970 17
3971 18
3972 18
3973 18
3974 18
3975 19
3976 17
3977 18
3978 18
3979 17
3980 18
3981 17
3982 17
3983 18
3984 18
3985 17
3986 17
3987 18
3988 17
3989 18
3990 17
3991 18
3992 20
3993 18
3994 18
3995 17
3996 18
3997 17
3998 17
3999 17
4000 17
4001 21
4002 18
4003 19
4004 18
4005 18
4006 17
4007 18
4008 19
4009 18
4010 18
4011 17
4012 18
4013 18
4014 18
4015 17
4016 18
4017 18
4018 18
4019 17
4020 18
4021 18
4022 17
4023 17
4024 19
4025 19
4026 18
4027 18
4028 18
4029 18
4030 17
4031 17
4032 19
4033 17
4034 18
4035 17
4036 17
4037 18
4038 17
4039 18
4040 18
4041 19
4042 18
4043 18
4044 18
4045 18
4046 18
4047 17
4048 17
4049 17
4050 18
4051 18
4052 18
4053 18
4054 17
4055 18
4056 18
4057 17
4058 19
4059 18
4060 17
4061 18
4062 18
4063 18
4064 18
4065 18
4066 17
4067 18
4068 18
4069 17
4070 18
4071 17
4072 18
4073 18
4074 17
4075 18
4076 18
4077 17
4078 18
4079 18
4080 19
4081 19
4082 18
4083 17
4084 18
4085 18
4086 17
4087 18
4088 18
4089 18
4090 18
4091 17
4092 18
4093 18
4094 18
4095 18
4096 18
4097 20
4098 18
4099 17
4100 18
4101 18
4102 18
4103 18
4104 17
4105 17
4106 18
4107 17
4108 18
4109 18
4110 18
4111 17
4112 18
4113 18
4114 19
4115 18
4116 19
4117 18
4118 18
4119 17
4120 18
4121 18
4122 17
4123 18
4124 17
4125 18
4126 32
4127 18
4128 17
4129 18
4130 18
4131 18
4132 19
4133 18
4134 18
4135 18
4136 18
4137 18
4138 17
4139 18
4140 18
4141 17
4142 18
4143 18
4144 18
4145 18
4146 18
4147 19
4148 18
4149 18
4150 17
4151 18
4152 18
4153 17
4154 18
4155 18
4156 17
4157 18
4158 19
4159 18
4160 18
4161 18
4162 17
4163 18
4164 17
4165 17
4166 18
4167 18
4168 17
4169 18
4170 17
4171 17
4172 17
4173 27
4174 18
4175 17
4176 18
4177 17
4178 17
4179 17
4180 17
4181 17
4182 17
4183 17
4184 17
4185 17
4186 17
4187 18
4188 18
4189 18
4190 18
4191 19
4192 18
4193 18
4194 17
4195 26
4196 18
4197 17
4198 17
4199 17
4200 17
4201 17
4202 18
4203 18
4204 18
4205 18
4206 18
4207 19
4208 18
4209 18
4210 17
4211 17
4212 18
4213 18
4214 18
4215 17
4216 17
4217 17
4218 17
4219 17
4220 17
4221 17
4222 17
4223 18
4224 18
4225 18
4226 18
4227 17
4228 17
4229 19
4230 17
4231 18
4232 17
4233 17
4234 17
4235 18
4236 17
4237 17
4238 17
4239 18
4240 18
4241 17
4242 18
4243 18
4244 18
4245 18
4246 20
4247 18
4248 17
4249 18
4250 18
4251 17
4252 17
4253 17
4254 17
4255 17
4256 27
4257 18
4258 17
4259 17
4260 18
4261 18
4262 18
4263 17
4264 18
4265 18
4266 17
4267 18
4268 18
4269 17
4270 17
4271 17
4272 18
4273 19
4274 18
4275 18
4276 18
4277 18
4278 18
4279 17
4280 18
4281 17
4282 17
4283 17
4284 18
4285 17
4286 17
4287 18
4288 18
4289 17
4290 18
4291 18
4292 17
4293 18
4294 17
4295 17
4296 27
4297 19
4298 18
4299 17
4300 18
4301 17
4302 18
4303 19
4304 18
4305 19
4306 19
4307 17
4308 18
4309 17
4310 18
4311 17
4312 17
4313 17
4314 18
4315 17
4316 19
4317 18
4318 17
4319 17
4320 18
4321 18
4322 17
4323 18
4324 17
4325 17
4326 18
4327 17
4328 17
4329 18
4330 18
4331 18
4332 17
4333 18
4334 18
4335 17
4336 18
4337 18
4338 17
4339 27
4340 18
4341 17
4342 18
4343 18
4344 18
4345 18
4346 18
4347 18
4348 17
4349 17
4350 17
4351 18
4352 17
4353 17
4354 17
4355 19
4356 18
4357 18
4358 18
4359 18
4360 18
4361 18
4362 18
4363 17
4364 18
4365 18
4366 17
4367 17
4368 17
4369 17
4370 17
4371 17
4372 19
4373 18
4374 17
4375 17
4376 17
4377 17
4378 17
4379 17
4380 17
4381 18
4382 17
4383 18
4384 18
4385 18
4386 18
4387 17
4388 18
4389 18
4390 18
4391 17
4392 17
4393 17
4394 18
4395 18
4396 17
4397 17
4398 17
4399 17
4400 17
4401 17
4402 17
4403 17
4404 17
4405 18
4406 19
4407 18
4408 18
4409 17
4410 18
4411 17
4412 18
4413 17
4414 17
4415 17
4416 18
4417 18
4418 18
4419 18
4420 18
4421 18
4422 17
4423 18
4424 18
4425 20
4426 17
4427 17
4428 18
4429 18
4430 17
4431 17
4432 17
4433 20
4434 17
4435 17
4436 18
4437 17
4438 18
4439 17
4440 17
4441 17
4442 18
4443 18
4444 18
4445 19
4446 18
4447 17
4448 17
4449 17
4450 17
4451 17
4452 17
4453 18
4454 18
4455 17
4456 18
4457 17
4458 18
4459 17
4460 17
4461 18
4462 17
4463 18
4464 18
4465 17
4466 17
4467 17
4468 17
4469 17
4470 17
4471 17
4472 17
4473 17
4474 17
4475 19
4476 17
4477 17
4478 18
4479 28
4480 20
4481 17
4482 18
4483 17
4484 17
4485 17
4486 17
4487 17
4488 17
4489 21
4490 19
4491 18
4492 18
4493 18
4494 17
4495 17
4496 18
4497 18
4498 17
4499 17
4500 17
4501 17
4502 17
4503 17
4504 17
4505 26
4506 18
4507 18
4508 18
4509 17
4510 18
4511 18
4512 17
4513 18
4514 18
4515 17
4516 17
4517 17
4518 18
4519 18
4520 17
4521 17
4522 18
4523 18
4524 18
4525 17
4526 18
4527 18
4528 17
4529 17
4530 18
4531 17
4532 17
4533 17
4534 18
4535 18
4536 18
4537 18
4538 18
4539 18
4540 18
4541 18
4542 18
4543 18
4544 19
4545 18
4546 18
4547 18
4548 17
4549 18
4550 17
4551 17
4552 17
4553 20
4554 18
4555 17
4556 17
4557 17
4558 17
4559 17
4560 17
4561 17
4562 17
4563 17
4564 18
4565 17
4566 18
4567 18
4568 18
4569 18
4570 18
4571 17
4572 18
4573 19
4574 17
4575 17
4576 19
4577 18
4578 19
4579 17
4580 18
4581 18
4582 17
4583 18
4584 18
4585 18
4586 17
4587 17
4588 18
4589 18
4590 17
4591 17
4592 18
4593 18
4594 17
4595 17
4596 17
4597 17
4598 18
4599 17
4600 17
4601 17
4602 18
4603 17
4604 17
4605 18
4606 17
4607 18
4608 19
4609 18
4610 17
4611 17
4612 17
4613 17
4614 16
4615 18
4616 17
4617 20
4618 18
4619 18
4620 18
4621 18
4622 17
4623 17
4624 17
4625 17
4626 17
4627 17
4628 18
4629 17
4630 17
4631 17
4632 18
4633 18
4634 19
4635 17
4636 17
4637 18
4638 18
4639 18
4640 18
4641 18
4642 17
4643 17
4644 18
4645 18
4646 17
4647 19
4648 18
4649 17
4650 18
4651 18
4652 17
4653 17
4654 18
4655 18
4656 17
4657 17
4658 32
4659 18
4660 18
4661 29
4662 18
4663 18
4664 17
4665 17
4666 18
4667 17
4668 17
4669 17
4670 18
4671 18
4672 17
4673 17
4674 17
4675 17
4676 17
4677 19
4678 19
4679 17
4680 18
4681 20
4682 17
4683 17
4684 17
4685 17
4686 17
4687 17
4688 18
4689 18
4690 17
4691 18
4692 17
4693 17
4694 17
4695 17
4696 18
4697 18
4698 17
4699 17
4700 18
4701 18
4702 17
4703 17
4704 18
4705 18
4706 18
4707 18
4708 17
4709 17
4710 18
4711 17
4712 17
4713 17
4714 18
4715 18
4716 18
4717 18
4718 17
4719 18
4720 17
4721 17
4722 18
4723 17
4724 18
4725 17
4726 17
4727 17
4728 17
4729 17
4730 17
4731 17
4732 17
4733 17
4734 17
4735 18
4736 17
4737 17
4738 18
4739 17
4740 17
4741 18
4742 17
4743 17
4744 18
4745 20
4746 18
4747 27
4748 18
4749 18
4750 18
4751 17
4752 18
4753 17
4754 17
4755 19
4756 19
4757 18
4758 18
4759 18
4760 18
4761 17
4762 17
4763 17
4764 17
4765 17
4766 17
4767 19
4768 18
4769 17
4770 18
4771 18
4772 17
4773 18
4774 17
4775 17
4776 18
4777 18
4778 19
4779 18
4780 18
4781 17
4782 18
4783 17
4784 17
4785 17
4786 18
4787 17
4788 18
4789 19
4790 18
4791 17
4792 17
4793 18
4794 19
4795 18
4796 17
4797 17
4798 18
4799 18
4800 17
4801 17
4802 17
4803 17
4804 17
4805 17
4806 17
4807 17
4808 17
4809 19
4810 17
4811 17
4812 17
4813 16
4814 17
4815 17
4816 17
4817 17
4818 18
4819 19
4820 18
4821 17
4822 17
4823 17
4824 17
4825 17
4826 18
4827 18
4828 17
4829 17
4830 17
4831 17
4832 18
4833 17
4834 17
4835 17
4836 29
4837 20
4838 17
4839 17
4840 17
4841 17
4842 18
4843 18
4844 27
4845 18
4846 17
4847 17
4848 18
4849 18
4850 19
4851 19
4852 18
4853 17
4854 18
4855 17
4856 18
4857 18
4858 17
4859 17
4860 22
4861 20
4862 18
4863 18
4864 17
4865 18
4866 17
4867 18
4868 17
4869 17
4870 18
4871 18
4872 17
4873 19
4874 18
4875 18
4876 17
4877 18
4878 19
4879 18
4880 18
4881 17
4882 17
4883 17
4884 17
4885 17
4886 17
4887 16
4888 17
4889 17
4890 17
4891 17
4892 18
4893 17
4894 18
4895 17
4896 18
4897 18
4898 17
4899 17
4900 17
4901 17
4902 17
4903 17
4904 17
4905 18
4906 18
4907 17
4908 17
4909 17
4910 17
4911 19
4912 18
4913 18
4914 17
4915 17
4916 17
4917 17
4918 18
4919 17
4920 18
4921 18
4922 18
4923 18
4924 18
4925 18
4926 18
4927 17
4928 19
4929 18
4930 18
4931 17
4932 17
4933 18
4934 18
4935 18
4936 18
4937 19
4938 17
4939 18
4940 18
4941 18
4942 17
4943 17
4944 28
4945 18
4946 18
4947 17
4948 17
4949 18
4950 19
4951 17
4952 18
4953 17
4954 17
4955 17
4956 17
4957 17
4958 17
4959 17
4960 18
4961 18
4962 18
4963 18
4964 17
4965 17
4966 17
4967 17
4968 17
4969 17
4970 17
4971 17
4972 18
4973 19
4974 18
4975 17
4976 17
4977 18
4978 18
4979 17
4980 18
4981 18
4982 18
4983 18
4984 17
4985 17
4986 17
4987 18
4988 18
4989 18
4990 18
4991 18
4992 17
4993 18
4994 18
4995 17
4996 18
4997 17
4998 17
4999 17
5000 18
5001 21
5002 18
5003 17
5004 17
5005 18
5006 17
5007 17
5008 17
5009 17
5010 17
5011 17
5012 17
5013 17
5014 266
5015 18
5016 18
5017 18
5018 18
5019 18
5020 18
5021 17
5022 17
5023 18
5024 18
5025 17
5026 17
5027 17
5028 17
5029 18
5030 18
5031 17
5032 17
5033 17
5034 18
5035 17
5036 18
5037 17
5038 17
5039 27
5040 18
5041 18
5042 18
5043 17
5044 17
5045 17
5046 17
5047 17
5048 18
5049 17
5050 17
5051 17
5052 17
5053 17
5054 17
5055 17
5056 18
5057 19
5058 18
5059 17
5060 17
5061 17
5062 17
5063 17
5064 17
5065 18
5066 17
5067 17
5068 18
5069 17
5070 18
5071 17
5072 18
5073 18
5074 19
5075 18
5076 18
5077 17
5078 17
5079 18
5080 17
5081 18
5082 17
5083 17
5084 18
5085 18
5086 18
5087 17
5088 17
5089 18
5090 18
5091 17
5092 17
5093 17
5094 17
5095 27
5096 18
5097 18
5098 17
5099 17
5100 17
5101 17
5102 17
5103 17
5104 17
5105 17
5106 18
5107 18
5108 18
5109 18
5110 18
5111 18
5112 18
5113 19
5114 18
5115 17
5116 18
5117 19
5118 18
5119 18
5120 18
5121 17
5122 17
5123 18
5124 19
5125 17
5126 18
5127 18
5128 17
5129 17
5130 17
5131 17
5132 17
5133 17
5134 17
5135 18
5136 17
5137 17
5138 17
5139 17
5140 18
5141 18
5142 18
5143 18
5144 18
5145 17
5146 18
5147 18
5148 18
5149 17
5150 17
5151 18
5152 18
5153 17
5154 18
5155 17
5156 18
5157 18
5158 17
5159 17
5160 17
5161 17
5162 17
5163 17
5164 18
5165 18
5166 18
5167 18
5168 17
5169 17
5170 17
5171 18
5172 18
5173 18
5174 18
5175 18
5176 18
5177 17
5178 17
5179 17
5180 17
5181 18
5182 24
5183 23
5184 18
5185 17
5186 18
5187 17
5188 18
5189 18
5190 17
5191 18
5192 18
5193 17
5194 18
5195 17
5196 19
5197 19
5198 17
5199 18
5200 17
5201 18
5202 17
5203 17
5204 18
5205 18
5206 17
5207 18
5208 18
5209 17
5210 18
5211 18
5212 17
5213 17
5214 18
5215 18
5216 17
5217 18
5218 19
5219 18
5220 18
5221 18
5222 18
5223 18
5224 17
5225 17
5226 18
5227 18
5228 17
5229 18
5230 18
5231 18
5232 17
5233 18
5234 27
5235 18
5236 17
5237 18
5238 18
5239 17
5240 17
5241 17
5242 17
5243 17
5244 17
5245 17
5246 19
5247 17
5248 18
5249 18
5250 17
5251 18
5252 18
5253 17
5254 17
5255 17
5256 17
5257 17
5258 17
5259 17
5260 17
5261 17
5262 18
5263 18
5264 18
5265 17
5266 17
5267 18
5268 19
5269 17
5270 18
5271 18
5272 18
5273 18
5274 18
5275 17
5276 18
5277 18
5278 17
5279 19
5280 18
5281 17
5282 18
5283 19
5284 18
5285 17
5286 18
5287 17
5288 17
5289 18
5290 18
5291 18
5292 18
5293 17
5294 18
5295 17
5296 17
5297 18
5298 17
5299 17
5300 18
5301 18
5302 17
5303 18
5304 17
5305 17
5306 18
5307 18
5308 17
5309 18
5310 18
5311 17
5312 17
5313 17
5314 18
5315 17
5316 17
5317 17
5318 18
5319 18
5320 18
5321 17
5322 18
5323 19
5324 18
5325 18
5326 18
5327 17
5328 18
5329 17
5330 17
5331 18
5332 18
5333 17
5334 18
5335 17
5336 17
5337 18
5338 18
5339 18
5340 26
5341 18
5342 18
5343 17
5344 17
5345 18
5346 18
5347 17
5348 17
5349 17
5350 17
5351 18
5352 20
5353 17
5354 18
5355 18
5356 28
5357 19
5358 37
5359 18
5360 17
5361 18
5362 18
5363 18
5364 17
5365 17
5366 18
5367 18
5368 18
5369 18
5370 18
5371 18
5372 18
5373 18
5374 17
5375 18
5376 18
5377 17
5378 18
5379 18
5380 18
5381 18
5382 18
5383 18
5384 18
5385 19
5386 18
5387 17
5388 19
5389 19
5390 18
5391 18
5392 18
5393 18
5394 18
5395 17
5396 18
5397 18
5398 18
5399 17
5400 17
5401 17
5402 17
5403 17
5404 18
5405 18
5406 19
5407 19
5408 17
5409 17
5410 17
5411 17
5412 17
5413 17
5414 17
5415 18
5416 19
5417 19
5418 18
5419 17
5420 17
5421 18
5422 18
5423 18
5424 18
5425 18
5426 18
5427 18
5428 17
5429 17
5430 17
5431 18
5432 18
5433 18
5434 19
5435 18
5436 17
5437 18
5438 17
5439 17
5440 17
5441 17
5442 17
5443 17
5444 27
5445 18
5446 17
5447 18
5448 17
5449 17
5450 17
5451 17
5452 18
5453 18
5454 18
5455 17
5456 17
5457 17
5458 17
5459 17
5460 17
5461 17
5462 17
5463 17
5464 17
5465 17
5466 18
5467 17
5468 17
5469 17
5470 17
5471 18
5472 18
5473 18
5474 17
5475 17
5476 18
5477 17
5478 18
5479 26
5480 19
5481 17
5482 17
5483 18
5484 19
5485 17
5486 17
5487 17
5488 17
5489 18
5490 18
5491 18
5492 17
5493 17
5494 17
5495 19
5496 18
5497 17
5498 18
5499 17
5500 17
5501 17
5502 17
5503 17
5504 17
5505 17
5506 18
5507 18
5508 18
5509 17
5510 17
5511 17
5512 17
5513 17
5514 17
5515 17
5516 18
5517 18
5518 18
5519 18
5520 19
5521 18
5522 17
5523 17
5524 17
5525 17
5526 18
5527 18
5528 18
5529 18
5530 18
5531 19
5532 18
5533 18
5534 18
5535 17
5536 27
5537 17
5538 17
5539 17
5540 17
5541 18
5542 17
5543 18
5544 18
5545 18
5546 18
5547 17
5548 18
5549 18
5550 19
5551 19
5552 18
5553 18
5554 18
5555 19
5556 18
5557 18
5558 17
5559 18
5560 17
5561 19
5562 18
5563 17
5564 18
5565 18
5566 18
5567 19
5568 17
5569 18
5570 18
5571 18
5572 18
5573 18
5574 18
5575 18
5576 17
5577 18
5578 18
5579 17
5580 18
5581 18
5582 17
5583 17
5584 17
5585 18
5586 18
5587 18
5588 17
5589 19
5590 18
5591 18
5592 18
5593 18
5594 17
5595 17
5596 17
5597 18
5598 17
5599 18
5600 18
5601 17
5602 18
5603 17
5604 17
5605 17
5606 18
5607 18
5608 17
5609 17
5610 17
5611 17
5612 28
5613 18
5614 18
5615 17
5616 18
5617 19
5618 18
5619 17
5620 17
5621 17
5622 17
5623 17
5624 18
5625 18
5626 18
5627 19
5628 19
5629 18
5630 18
5631 17
5632 18
5633 19
5634 18
5635 17
5636 18
5637 18
5638 18
5639 17
5640 18
5641 17
5642 18
5643 17
5644 19
5645 17
5646 18
5647 18
5648 18
5649 19
5650 19
5651 18
5652 18
5653 17
5654 17
5655 17
5656 17
5657 18
5658 17
5659 17
5660 27
5661 18
5662 18
5663 18
5664 18
5665 17
5666 18
5667 18
5668 18
5669 18
5670 17
5671 17
5672 18
5673 18
5674 17
5675 18
5676 18
5677 17
5678 18
5679 17
5680 18
5681 18
5682 18
5683 18
5684 17
5685 18
5686 18
5687 17
5688 18
5689 17
5690 18
5691 17
5692 18
5693 18
5694 17
5695 18
5696 17
5697 18
5698 17
5699 18
5700 17
5701 18
5702 18
5703 18
5704 18
5705 17
5706 18
5707 17
5708 18
5709 18
5710 17
5711 18
5712 18
5713 19
5714 17
5715 18
5716 18
5717 17
5718 18
5719 18
5720 17
5721 18
5722 17
5723 17
5724 17
5725 18
5726 17
5727 17
5728 18
5729 17
5730 17
5731 18
5732 17
5733 18
5734 17
5735 18
5736 18
5737 18
5738 17
5739 18
5740 17
5741 18
5742 18
5743 17
5744 17
5745 18
5746 17
5747 18
5748 17
5749 18
5750 18
5751 17
5752 18
5753 18
5754 17
5755 17
5756 18
5757 18
5758 18
5759 18
5760 17
5761 18
5762 17
5763 17
5764 18
5765 17
5766 17
5767 18
5768 18
5769 17
5770 18
5771 18
5772 18
5773 18
5774 17
5775 17
5776 18
5777 18
5778 17
5779 18
5780 18
5781 17
5782 18
5783 17
5784 18
5785 17
5786 17
5787 18
5788 18
5789 17
5790 18
5791 17
5792 18
5793 17
5794 18
5795 18
5796 17
5797 18
5798 17
5799 18
5800 27
5801 19
5802 18
5803 18
5804 18
5805 19
5806 19
5807 18
5808 18
5809 26
5810 18
5811 18
5812 18
5813 17
5814 17
5815 18
5816 18
5817 18
5818 17
5819 18
5820 18
5821 19
5822 18
5823 17
5824 18
5825 18
5826 18
5827 17
5828 18
5829 18
5830 17
5831 17
5832 18
5833 17
5834 17
5835 18
5836 17
5837 27
5838 19
5839 18
5840 17
5841 17
5842 18
5843 17
5844 18
5845 17
5846 18
5847 18
5848 18
5849 17
5850 18
5851 18
5852 17
5853 18
5854 17
5855 17
5856 18
5857 17
5858 18
5859 17
5860 25
5861 18
5862 18
5863 18
5864 17
5865 17
5866 17
5867 17
5868 17
5869 18
5870 18
5871 18
5872 18
5873 17
5874 18
5875 24
5876 18
5877 17
5878 17
5879 18
5880 18
5881 18
5882 18
5883 17
5884 18
5885 18
5886 18
5887 18
5888 18
5889 19
5890 18
5891 18
5892 18
5893 19
5894 19
5895 17
5896 17
5897 17
5898 17
5899 17
5900 18
5901 18
5902 18
5903 28
5904 18
5905 18
5906 17
5907 17
5908 17
5909 17
5910 17
5911 18
5912 18
5913 18
5914 19
5915 18
5916 18
5917 18
5918 18
5919 18
5920 18
5921 18
5922 18
5923 18
5924 18
5925 19
5926 18
5927 18
5928 18
5929 17
5930 17
5931 17
5932 17
5933 17
5934 17
5935 17
5936 17
5937 17
5938 17
5939 17
5940 18
5941 17
5942 17
5943 18
5944 18
5945 18
5946 18
5947 18
5948 17
5949 17
5950 18
5951 17
5952 17
5953 18
5954 18
5955 18
5956 18
5957 17
5958 17
5959 17
5960 17
5961 17
5962 17
5963 31
5964 21
5965 17
5966 17
5967 17
5968 18
5969 17
5970 18
5971 18
5972 18
5973 17
5974 17
5975 18
5976 18
5977 17
5978 17
5979 25
5980 19
5981 17
5982 18
5983 18
5984 18
5985 19
5986 17
5987 18
5988 18
5989 17
5990 18
5991 18
5992 18
5993 18
5994 18
5995 17
5996 17
5997 18
5998 17
5999 18
6000 18
6001 26
6002 19
6003 17
6004 18
6005 18
6006 17
6007 19
6008 18
6009 18
6010 17
6011 18
6012 18
6013 18
6014 17
6015 18
6016 18
6017 18
6018 17
6019 17
6020 18
6021 17
6022 17
6023 17
6024 17
6025 18
6026 17
6027 17
6028 20
6029 18
6030 19
6031 19
6032 18
6033 18
6034 18
6035 18
6036 18
6037 17
6038 17
6039 17
6040 19
6041 18
6042 18
6043 17
6044 18
6045 18
6046 17
6047 17
6048 17
6049 18
6050 17
6051 18
6052 19
6053 18
6054 18
6055 17
6056 18
6057 17
6058 17
6059 17
6060 18
6061 18
6062 18
6063 18
6064 31
6065 17
6066 18
6067 19
6068 18
6069 17
6070 18
6071 18
6072 17
6073 19
6074 17
6075 18
6076 18
6077 17
6078 17
6079 17
6080 17
6081 17
6082 17
6083 17
6084 18
6085 17
6086 18
6087 17
6088 17
6089 18
6090 17
6091 18
6092 20
6093 18
6094 18
6095 18
6096 17
6097 17
6098 18
6099 18
6100 17
6101 17
6102 18
6103 17
6104 17
6105 17
6106 17
6107 18
6108 17
6109 17
6110 17
6111 18
6112 19
6113 18
6114 17
6115 17
6116 19
6117 18
6118 17
6119 17
6120 18
6121 17
6122 17
6123 19
6124 17
6125 17
6126 17
6127 18
6128 17
6129 18
6130 18
6131 17
6132 18
6133 18
6134 18
6135 19
6136 18
6137 18
6138 17
6139 18
6140 17
6141 17
6142 18
6143 18
6144 17
6145 18
6146 18
6147 18
6148 17
6149 18
6150 18
6151 17
6152 17
6153 18
6154 18
6155 17
6156 19
6157 17
6158 18
6159 17
6160 17
6161 18
6162 20
6163 19
6164 18
6165 17
6166 17
6167 18
6168 17
6169 17
6170 18
6171 18
6172 17
6173 18
6174 18
6175 18
6176 18
6177 18
6178 18
6179 17
6180 17
6181 17
6182 18
6183 17
6184 17
6185 18
6186 18
6187 18
6188 18
6189 17
6190 19
6191 18
6192 17
6193 17
6194 17
6195 17
6196 17
6197 18
6198 17
6199 18
6200 18
6201 18
6202 18
6203 17
6204 17
6205 17
6206 28
6207 18
6208 18
6209 18
6210 17
6211 18
6212 18
6213 18
6214 17
6215 17
6216 18
6217 17
6218 18
6219 18
6220 20
6221 18
6222 18
6223 18
6224 18
6225 18
6226 17
6227 18
6228 18
6229 19
6230 17
6231 17
6232 18
6233 18
6234 18
6235 18
6236 18
6237 17
6238 17
6239 17
6240 18
6241 18
6242 20
6243 23
6244 17
6245 18
6246 19
6247 18
6248 17
6249 17
6250 18
6251 18
6252 19
6253 17
6254 17
6255 17
6256 18
6257 19
6258 19
6259 17
6260 17
6261 17
6262 17
6263 18
6264 17
6265 17
6266 17
6267 17
6268 17
6269 17
6270 17
6271 17
6272 17
6273 17
6274 18
6275 18
6276 17
6277 17
6278 17
6279 17
6280 17
6281 17
6282 17
6283 17
6284 20
6285 18
6286 17
6287 17
6288 17
6289 17
6290 17
6291 17
6292 17
6293 17
6294 18
6295 17
6296 17
6297 19
6298 17
6299 18
6300 18
6301 17
6302 17
6303 17
6304 18
6305 18
6306 27
6307 18
6308 18
6309 17
6310 17
6311 17
6312 17
6313 17
6314 18
6315 17
6316 17
6317 17
6318 17
6319 18
6320 17
6321 18
6322 17
6323 18
6324 18
6325 18
6326 18
6327 17
6328 17
6329 18
6330 17
6331 17
6332 17
6333 17
6334 17
6335 18
6336 17
6337 18
6338 17
6339 17
6340 17
6341 17
6342 17
6343 17
6344 17
6345 17
6346 17
6347 17
6348 20
6349 17
6350 17
6351 17
6352 17
6353 17
6354 17
6355 17
6356 17
6357 17
6358 17
6359 17
6360 17
6361 18
6362 18
6363 17
6364 18
6365 18
6366 17
6367 17
6368 17
6369 17
6370 17
6371 17
6372 17
6373 18
6374 18
6375 26
6376 18
6377 17
6378 17
6379 17
6380 18
6381 18
6382 17
6383 17
6384 17
6385 18
6386 18
6387 18
6388 18
6389 17
6390 18
6391 20
6392 19
6393 17
6394 18
6395 17
6396 17
6397 17
6398 17
6399 17
6400 17
6401 17
6402 17
6403 17
6404 17
6405 17
6406 17
6407 17
6408 19
6409 17
6410 17
6411 17
6412 20
6413 17
6414 17
6415 17
6416 17
6417 18
6418 17
6419 17
6420 17
6421 262
6422 18
6423 18
6424 18
6425 18
6426 17
6427 17
6428 17
6429 17
6430 18
6431 18
6432 18
6433 17
6434 17
6435 17
6436 17
6437 18
6438 17
6439 17
6440 17
6441 17
6442 17
6443 17
6444 17
6445 17
6446 17
6447 18
6448 18
6449 17
6450 17
6451 17
6452 17
6453 17
6454 17
6455 18
6456 18
6457 17
6458 18
6459 17
6460 17
6461 17
6462 17
6463 17
6464 17
6465 18
6466 18
6467 18
6468 17
6469 18
6470 18
6471 17
6472 18
6473 18
6474 18
6475 17
6476 17
6477 17
6478 18
6479 18
6480 17
6481 20
6482 18
6483 18
6484 17
6485 17
6486 18
6487 17
6488 17
6489 18
6490 18
6491 17
6492 19
6493 17
6494 17
6495 18
6496 18
6497 28
6498 18
6499 18
6500 17
6501 17
6502 18
6503 17
6504 17
6505 18
6506 18
6507 17
6508 18
6509 20
6510 17
6511 17
6512 17
6513 17
6514 17
6515 17
6516 17
6517 17
6518 17
6519 18
6520 18
6521 18
6522 17
6523 17
6524 17
6525 17
6526 17
6527 17
6528 18
6529 18
6530 28
6531 18
6532 17
6533 17
6534 18
6535 17
6536 18
6537 18
6538 17
6539 17
6540 17
6541 17
6542 19
6543 18
6544 17
6545 17
6546 17
6547 18
6548 18
6549 17
6550 18
6551 18
6552 18
6553 17
6554 18
6555 17
6556 17
6557 18
6558 17
6559 18
6560 18
6561 17
6562 18
6563 17
6564 18
6565 18
6566 17
6567 18
6568 17
6569 18
6570 18
6571 18
6572 17
6573 18
6574 22
6575 18
6576 18
6577 18
6578 18
6579 17
6580 18
6581 18
6582 18
6583 18
6584 17
6585 17
6586 18
6587 18
6588 22
6589 18
6590 20
6591 17
6592 18
6593 18
6594 19
6595 18
6596 18
6597 18
6598 17
6599 18
6600 17
6601 18
6602 18
6603 17
6604 18
6605 17
6606 18
6607 18
6608 18
6609 19
6610 17
6611 17
6612 17
6613 18
6614 19
6615 17
6616 18
6617 17
6618 18
6619 18
6620 17
6621 18
6622 18
6623 17
6624 17
6625 18
6626 17
6627 17
6628 18
6629 17
6630 18
6631 18
6632 18
6633 18
6634 17
6635 18
6636 18
6637 19
6638 18
6639 17
6640 18
6641 17
6642 17
6643 17
6644 17
6645 17
6646 17
6647 17
6648 17
6649 17
6650 17
6651 17
6652 17
6653 17
6654 17
6655 17
6656 17
6657 17
6658 18
6659 18
6660 18
6661 18
6662 17
6663 18
6664 17
6665 17
6666 17
6667 17
6668 18
6669 18
6670 18
6671 18
6672 17
6673 17
6674 18
6675 18
6676 17
6677 18
6678 18
6679 17
6680 17
6681 17
6682 17
6683 17
6684 17
6685 17
6686 17
6687 17
6688 17
6689 17
6690 17
6691 17
6692 18
6693 18
6694 18
6695 17
6696 17
6697 18
6698 18
6699 18
6700 17
6701 17
6702 17
6703 19
6704 17
6705 18
6706 17
6707 17
6708 17
6709 18
6710 17
6711 18
6712 17
6713 17
6714 17
6715 17
6716 17
6717 17
6718 18
6719 17
6720 19
6721 18
6722 18
6723 17
6724 17
6725 17
6726 17
6727 17
6728 17
6729 17
6730 17
6731 17
6732 17
6733 18
6734 18
6735 18
6736 18
6737 18
6738 18
6739 17
6740 18
6741 18
6742 17
6743 17
6744 17
6745 17
6746 17
6747 17
6748 18
6749 17
6750 18
6751 17
6752 17
6753 17
6754 17
6755 17
6756 17
6757 17
6758 18
6759 18
6760 17
6761 18
6762 18
6763 18
6764 17
6765 17
6766 17
6767 32
6768 18
6769 17
6770 17
6771 17
6772 17
6773 17
6774 17
6775 17
6776 18
6777 18
6778 18
6779 17
6780 18
6781 18
6782 18
6783 18
6784 17
6785 17
6786 17
6787 18
6788 17
6789 18
6790 17
6791 18
6792 28
6793 18
6794 18
6795 17
6796 17
6797 17
6798 17
6799 17
6800 17
6801 17
6802 17
6803 17
6804 17
6805 17
6806 17
6807 18
6808 17
6809 17
6810 17
6811 17
6812 17
6813 17
6814 17
6815 18
6816 18
6817 18
6818 18
6819 18
6820 17
6821 17
6822 17
6823 18
6824 18
6825 17
6826 18
6827 18
6828 17
6829 17
6830 17
6831 17
6832 17
6833 26
6834 18
6835 17
6836 18
6837 18
6838 17
6839 18
6840 17
6841 18
6842 18
6843 17
6844 18
6845 18
6846 18
6847 18
6848 18
6849 19
6850 19
6851 18
6852 17
6853 18
6854 18
6855 18
6856 17
6857 18
6858 18
6859 17
6860 18
6861 18
6862 18
6863 18
6864 17
6865 19
6866 18
6867 17
6868 17
6869 18
6870 18
6871 19
6872 18
6873 17
6874 18
6875 18
6876 18
6877 17
6878 18
6879 17
6880 17
6881 18
6882 18
6883 17
6884 17
6885 17
6886 18
6887 18
6888 18
6889 18
6890 18
6891 18
6892 18
6893 17
6894 18
6895 17
6896 17
6897 18
6898 18
6899 17
6900 18
6901 18
6902 18
6903 17
6904 19
6905 18
6906 17
6907 17
6908 18
6909 18
6910 18
6911 18
6912 18
6913 18
6914 17
6915 17
6916 18
6917 18
6918 17
6919 17
6920 27
6921 18
6922 17
6923 18
6924 18
6925 17
6926 18
6927 18
6928 18
6929 17
6930 19
6931 18
6932 18
6933 17
6934 17
6935 18
6936 17
6937 17
6938 18
6939 19
6940 18
6941 18
6942 18
6943 17
6944 18
6945 20
6946 19
6947 18
6948 18
6949 18
6950 17
6951 17
6952 18
6953 18
6954 17
6955 17
6956 18
6957 18
6958 18
6959 17
6960 17
6961 18
6962 17
6963 17
6964 27
6965 18
6966 17
6967 18
6968 18
6969 17
6970 17
6971 17
6972 17
6973 17
6974 18
6975 18
6976 17
6977 17
6978 18
6979 17
6980 18
6981 18
6982 17
6983 17
6984 17
6985 18
6986 19
6987 19
6988 18
6989 17
6990 17
6991 18
6992 19
6993 19
6994 18
6995 17
6996 18
6997 17
6998 18
6999 17
7000 17
7001 17
7002 18
7003 19
7004 18
7005 17
7006 18
7007 18
7008 17
7009 17
7010 17
7011 17
7012 18
7013 18
7014 17
7015 18
7016 17
7017 17
7018 17
7019 17
7020 17
7021 18
7022 18
7023 19
7024 18
7025 18
7026 17
7027 17
7028 17
7029 17
7030 17
7031 18
7032 19
7033 18
7034 18
7035 18
7036 18
7037 18
7038 17
7039 17
7040 18
7041 17
7042 17
7043 18
7044 17
7045 18
7046 18
7047 18
7048 19
7049 18
7050 17
7051 17
7052 44
7053 19
7054 17
7055 18
7056 17
7057 18
7058 18
7059 17
7060 17
7061 18
7062 17
7063 18
7064 18
7065 18
7066 18
7067 17
7068 18
7069 20
7070 18
7071 18
7072 18
7073 18
7074 19
7075 19
7076 18
7077 17
7078 17
7079 17
7080 17
7081 17
7082 17
7083 18
7084 18
7085 18
7086 19
7087 18
7088 17
7089 17
7090 17
7091 17
7092 17
7093 17
7094 17
7095 17
7096 17
7097 17
7098 17
7099 19
7100 17
7101 17
7102 17
7103 17
7104 17
7105 17
7106 17
7107 17
7108 18
7109 18
7110 18
7111 18
7112 18
7113 18
7114 18
7115 18
7116 17
7117 17
7118 17
7119 18
7120 18
7121 24
7122 17
7123 17
7124 18
7125 19
7126 18
7127 18
7128 18
7129 17
7130 17
7131 17
7132 17
7133 17
7134 17
7135 17
7136 18
7137 18
7138 18
7139 17
7140 18
7141 19
7142 25
7143 18
7144 19
7145 17
7146 18
7147 18
7148 17
7149 17
7150 17
7151 17
7152 17
7153 17
7154 18
7155 18
7156 18
7157 19
7158 19
7159 17
7160 17
7161 17
7162 18
7163 17
7164 18
7165 17
7166 18
7167 18
7168 18
7169 18
7170 17
7171 17
7172 18
7173 18
7174 18
7175 17
7176 17
7177 17
7178 18
7179 18
7180 18
7181 18
7182 19
7183 18
7184 18
7185 18
7186 18
7187 17
7188 17
7189 18
7190 18
7191 17
7192 18
7193 18
7194 18
7195 18
7196 19
7197 20
7198 18
7199 18
7200 18
7201 19
7202 17
7203 18
7204 17
7205 18
7206 18
7207 18
7208 17
7209 18
7210 17
7211 18
7212 28
7213 20
7214 18
7215 17
7216 19
7217 18
7218 18
7219 17
7220 18
7221 18
7222 17
7223 19
7224 20
7225 18
7226 18
7227 18
7228 19
7229 18
7230 18
7231 18
7232 18
7233 18
7234 20
7235 17
7236 18
7237 18
7238 18
7239 17
7240 18
7241 17
7242 18
7243 17
7244 18
7245 18
7246 17
7247 18
7248 18
7249 17
7250 18
7251 18
7252 18
7253 18
7254 17
7255 18
7256 20
7257 17
7258 18
7259 17
7260 18
7261 20
7262 17
7263 18
7264 19
7265 17
7266 18
7267 17
7268 17
7269 17
7270 17
7271 17
7272 17
7273 17
7274 17
7275 17
7276 16
7277 17
7278 17
7279 18
7280 17
7281 18
7282 17
7283 17
7284 17
7285 17
7286 17
7287 17
7288 17
7289 17
7290 17
7291 17
7292 17
7293 17
7294 17
7295 27
7296 18
7297 23
7298 18
7299 18
7300 17
7301 17
7302 17
7303 17
7304 17
7305 17
7306 17
7307 19
7308 18
7309 17
7310 17
7311 17
7312 17
7313 17
7314 17
7315 17
7316 17
7317 17
7318 17
7319 17
7320 20
7321 18
7322 17
7323 28
7324 18
7325 18
7326 18
7327 17
7328 19
7329 18
7330 20
7331 18
7332 17
7333 17
7334 18
7335 17
7336 17
7337 17
7338 18
7339 17
7340 17
7341 17
7342 17
7343 17
7344 17
7345 17
7346 18
7347 17
7348 17
7349 17
7350 17
7351 17
7352 18
7353 17
7354 17
7355 18
7356 18
7357 17
7358 18
7359 17
7360 17
7361 18
7362 18
7363 16
7364 17
7365 17
7366 17
7367 17
7368 26
7369 19
7370 17
7371 17
7372 17
7373 17
7374 18
7375 18
7376 17
7377 17
7378 18
7379 18
7380 19
7381 19
7382 17
7383 17
7384 20
7385 17
7386 17
7387 18
7388 18
7389 18
7390 20
7391 18
7392 17
7393 17
7394 18
7395 17
7396 18
7397 17
7398 17
7399 17
7400 17
7401 18
7402 18
7403 19
7404 18
7405 17
7406 18
7407 18
7408 17
7409 17
7410 18
7411 17
7412 17
7413 17
7414 17
7415 17
7416 17
7417 17
7418 26
7419 18
7420 17
7421 17
7422 17
7423 17
7424 18
7425 18
7426 18
7427 18
7428 18
7429 19
7430 18
7431 17
7432 17
7433 26
7434 18
7435 17
7436 18
7437 18
7438 18
7439 17
7440 17
7441 17
7442 18
7443 17
7444 17
7445 17
7446 18
7447 17
7448 19
7449 17
7450 17
7451 17
7452 17
7453 17
7454 17
7455 17
7456 26
7457 20
7458 18
7459 17
7460 18
7461 18
7462 18
7463 18
7464 18
7465 37
7466 18
7467 18
7468 17
7469 17
7470 18
7471 17
7472 18
7473 33
7474 17
7475 17
7476 17
7477 17
7478 17
7479 17
7480 17
7481 26
7482 18
7483 17
7484 18
7485 17
7486 18
7487 18
7488 18
7489 18
7490 17
7491 18
7492 18
7493 18
7494 18
7495 17
7496 22
7497 18
7498 17
7499 18
7500 17
7501 17
7502 17
7503 18
7504 18
7505 18
7506 18
7507 18
7508 27
7509 18
7510 18
7511 17
7512 20
7513 29
7514 18
7515 18
7516 17
7517 17
7518 17
7519 17
7520 17
7521 17
7522 17
7523 17
7524 18
7525 18
7526 17
7527 18
7528 17
7529 17
7530 18
7531 19
7532 17
7533 17
7534 18
7535 18
7536 17
7537 18
7538 18
7539 17
7540 20
7541 17
7542 17
7543 17
7544 18
7545 18
7546 26
7547 19
7548 18
7549 17
7550 17
7551 17
7552 17
7553 17
7554 17
7555 18
7556 18
7557 17
7558 17
7559 18
7560 17
7561 17
7562 17
7563 18
7564 18
7565 18
7566 17
7567 17
7568 18
7569 19
7570 18
7571 17
7572 17
7573 17
7574 17
7575 17
7576 19
7577 18
7578 17
7579 27
7580 18
7581 18
7582 18
7583 18
7584 17
7585 17
7586 17
7587 17
7588 17
7589 17
7590 17
7591 19
7592 18
7593 17
7594 18
7595 17
7596 18
7597 17
7598 17
7599 18
7600 17
7601 18
7602 17
7603 18
7604 18
7605 18
7606 17
7607 20
7608 17
7609 17
7610 17
7611 18
7612 17
7613 26
7614 19
7615 18
7616 17
7617 17
7618 17
7619 17
7620 17
7621 17
7622 18
7623 17
7624 19
7625 18
7626 17
7627 17
7628 17
7629 18
7630 18
7631 17
7632 17
7633 18
7634 17
7635 17
7636 18
7637 17
7638 17
7639 17
7640 20
7641 18
7642 18
7643 17
7644 17
7645 17
7646 18
7647 19
7648 19
7649 18
7650 18
7651 18
7652 19
7653 18
7654 18
7655 17
7656 18
7657 18
7658 17
7659 17
7660 17
7661 32
7662 18
7663 19
7664 19
7665 17
7666 17
7667 17
7668 17
7669 17
7670 18
7671 17
7672 18
7673 18
7674 17
7675 19
7676 18
7677 17
7678 18
7679 18
7680 18
7681 18
7682 18
7683 20
7684 17
7685 17
7686 17
7687 18
7688 17
7689 17
7690 17
7691 17
7692 17
7693 17
7694 23
7695 19
7696 18
7697 18
7698 18
7699 18
7700 18
7701 18
7702 18
7703 18
7704 19
7705 18
7706 18
7707 17
7708 18
7709 18
7710 18
7711 17
7712 18
7713 18
7714 17
7715 20
7716 28
7717 19
7718 18
7719 18
7720 18
7721 18
7722 19
7723 18
7724 18
7725 17
7726 17
7727 18
7728 18
7729 17
7730 17
7731 18
7732 27
7733 18
7734 19
7735 18
7736 18
7737 18
7738 18
7739 18
7740 17
7741 18
7742 18
7743 17
7744 19
7745 18
7746 17
7747 18
7748 17
7749 18
7750 20
7751 18
7752 17
7753 18
7754 18
7755 18
7756 17
7757 18
7758 17
7759 27
7760 19
7761 17
7762 17
7763 17
7764 18
7765 19
7766 18
7767 17
7768 21
7769 17
7770 18
7771 19
7772 17
7773 17
7774 18
7775 18
7776 17
7777 17
7778 18
7779 17
7780 18
7781 18
7782 19
7783 18
7784 18
7785 17
7786 18
7787 17
7788 17
7789 17
7790 18
7791 17
7792 17
7793 16
7794 17
7795 17
7796 17
7797 17
7798 17
7799 18
7800 17
7801 17
7802 18
7803 17
7804 17
7805 17
7806 17
7807 18
7808 18
7809 17
7810 26
7811 18
7812 18
7813 18
7814 18
7815 18
7816 20
7817 17
7818 17
7819 18
7820 18
7821 18
7822 280
7823 19
7824 18
7825 18
7826 18
7827 17
7828 18
7829 18
7830 18
7831 18
7832 18
7833 18
7834 18
7835 17
7836 17
7837 18
7838 17
7839 17
7840 18
7841 17
7842 18
7843 18
7844 18
7845 17
7846 19
7847 18
7848 18
7849 18
7850 18
7851 18
7852 18
7853 19
7854 17
7855 18
7856 18
7857 17
7858 18
7859 17
7860 17
7861 17
7862 18
7863 19
7864 18
7865 18
7866 17
7867 17
7868 18
7869 17
7870 19
7871 19
7872 17
7873 18
7874 18
7875 18
7876 18
7877 18
7878 18
7879 18
7880 18
7881 17
7882 19
7883 17
7884 18
7885 28
7886 19
7887 17
7888 17
7889 17
7890 25
7891 19
7892 17
7893 19
7894 18
7895 18
7896 17
7897 17
7898 17
7899 17
7900 17
7901 18
7902 19
7903 17
7904 17
7905 17
7906 18
7907 18
7908 18
7909 18
7910 17
7911 17
7912 27
7913 18
7914 17
7915 17
7916 17
7917 17
7918 17
7919 18
7920 18
7921 18
7922 18
7923 18
7924 18
7925 18
7926 17
7927 17
7928 17
7929 17
7930 17
7931 17
7932 18
7933 17
7934 19
7935 18
7936 18
7937 20
7938 17
7939 17
7940 17
7941 17
7942 18
7943 18
7944 18
7945 18
7946 17
7947 17
7948 17
7949 17
7950 17
7951 17
7952 21
7953 17
7954 18
7955 17
7956 17
7957 18
7958 17
7959 17
7960 17
7961 17
7962 17
7963 17
7964 17
7965 17
7966 18
7967 20
7968 18
7969 17
7970 19
7971 18
7972 17
7973 18
7974 19
7975 18
7976 17
7977 17
7978 17
7979 17
7980 18
7981 17
7982 17
7983 17
7984 17
7985 17
7986 26
7987 19
7988 17
7989 17
7990 19
7991 17
7992 18
7993 17
7994 18
7995 17
7996 19
7997 17
7998 17
7999 18
8000 26
8001 19
8002 19
8003 17
8004 18
8005 18
8006 17
8007 17
8008 17
8009 18
8010 18
8011 18
8012 19
8013 17
8014 17
8015 17
8016 19
8017 18
8018 18
8019 18
8020 17
8021 18
8022 19
8023 19
8024 18
8025 18
8026 19
8027 18
8028 18
8029 17
8030 18
8031 17
8032 19
8033 19
8034 18
8035 17
8036 17
8037 18
8038 18
8039 18
8040 18
8041 17
8042 18
8043 17
8044 18
8045 17
8046 18
8047 18
8048 17
8049 19
8050 20
8051 18
8052 18
8053 18
8054 27
8055 18
8056 18
8057 18
8058 18
8059 18
8060 18
8061 17
8062 17
8063 18
8064 18
8065 19
8066 19
8067 17
8068 18
8069 17
8070 28
8071 20
8072 18
8073 18
8074 18
8075 18
8076 17
8077 17
8078 18
8079 17
8080 24
8081 19
8082 17
8083 17
8084 18
8085 18
8086 18
8087 18
8088 18
8089 17
8090 18
8091 18
8092 17
8093 18
8094 18
8095 17
8096 18
8097 17
8098 18
8099 18
8100 17
8101 18
8102 18
8103 17
8104 18
8105 18
8106 17
8107 18
8108 18
8109 17
8110 17
8111 17
8112 17
8113 17
8114 27
8115 18
8116 18
8117 17
8118 18
8119 18
8120 17
8121 18
8122 18
8123 18
8124 18
8125 18
8126 17
8127 18
8128 18
8129 25
8130 19
8131 18
8132 17
8133 17
8134 17
8135 17
8136 17
8137 18
8138 18
8139 18
8140 18
8141 18
8142 18
8143 18
8144 17
8145 18
8146 18
8147 19
8148 18
8149 17
8150 18
8151 17
8152 18
8153 18
8154 17
8155 18
8156 17
8157 18
8158 23
8159 22
8160 18
8161 17
8162 18
8163 18
8164 18
8165 18
8166 17
8167 17
8168 19
8169 18
8170 18
8171 17
8172 18
8173 19
8174 19
8175 18
8176 18
8177 18
8178 18
8179 18
8180 17
8181 17
8182 18
8183 17
8184 19
8185 17
8186 18
8187 18
8188 17
8189 18
8190 18
8191 18
8192 18
8193 18
8194 17
8195 18
8196 17
8197 17
8198 17
8199 17
8200 18
8201 17
8202 18
8203 17
8204 18
8205 18
8206 18
8207 18
8208 17
8209 18
8210 18
8211 18
8212 17
8213 18
8214 18
8215 17
8216 18
8217 17
8218 18
8219 18
8220 17
8221 17
8222 17
8223 18
8224 19
8225 20
8226 21
8227 21
8228 25
8229 18
8230 18
8231 18
8232 18
8233 17
8234 17
8235 17
8236 17
8237 17
8238 17
8239 18
8240 19
8241 18
8242 17
8243 17
8244 17
8245 18
8246 18
8247 17
8248 17
8249 17
8250 18
8251 18
8252 17
8253 18
8254 17
8255 17
8256 18
8257 17
8258 17
8259 17
8260 17
8261 18
8262 18
8263 18
8264 17
8265 17
8266 17
8267 17
8268 17
8269 17
8270 17
8271 18
8272 17
8273 18
8274 18
8275 18
8276 18
8277 17
8278 18
8279 18
8280 18
8281 18
8282 18
8283 17
8284 17
8285 17
8286 17
8287 17
8288 17
8289 18
8290 18
8291 18
8292 17
8293 17
8294 17
8295 18
8296 17
8297 17
8298 17
8299 17
8300 17
8301 18
8302 17
8303 17
8304 18
8305 18
8306 18
8307 18
8308 17
8309 17
8310 17
8311 17
8312 17
8313 17
8314 17
8315 17
8316 17
8317 17
8318 18
8319 18
8320 17
8321 17
8322 17
8323 17
8324 18
8325 18
8326 18
8327 17
8328 18
8329 18
8330 17
8331 17
8332 17
8333 18
8334 17
8335 18
8336 18
8337 27
8338 18
8339 18
8340 17
8341 19
8342 18
8343 19
8344 18
8345 17
8346 18
8347 17
8348 17
8349 18
8350 18
8351 18
8352 18
8353 18
8354 17
8355 18
8356 17
8357 17
8358 18
8359 18
8360 19
8361 18
8362 18
8363 17
8364 17
8365 17
8366 17
8367 17
8368 17
8369 18
8370 18
8371 18
8372 18
8373 26
8374 18
8375 18
8376 17
8377 17
8378 17
8379 19
8380 17
8381 17
8382 17
8383 18
8384 18
8385 17
8386 17
8387 17
8388 17
8389 17
8390 17
8391 17
8392 17
8393 17
8394 17
8395 17
8396 18
8397 17
8398 18
8399 16
8400 18
8401 17
8402 17
8403 17
8404 17
8405 17
8406 17
8407 18
8408 18
8409 17
8410 17
8411 18
8412 18
8413 18
8414 18
8415 18
8416 18
8417 18
8418 18
8419 18
8420 18
8421 18
8422 18
8423 18
8424 18
8425 17
8426 18
8427 17
8428 18
8429 19
8430 18
8431 18
8432 17
8433 18
8434 18
8435 18
8436 18
8437 17
8438 17
8439 18
8440 17
8441 18
8442 18
8443 17
8444 18
8445 18
8446 18
8447 18
8448 17
8449 17
8450 18
8451 17
8452 18
8453 18
8454 18
8455 17
8456 17
8457 17
8458 18
8459 17
8460 17
8461 18
8462 18
8463 18
8464 18
8465 17
8466 17
8467 18
8468 17
8469 17
8470 18
8471 18
8472 18
8473 17
8474 18
8475 18
8476 18
8477 17
8478 17
8479 17
8480 17
8481 18
8482 17
8483 17
8484 17
8485 17
8486 17
8487 17
8488 17
8489 17
8490 18
8491 17
8492 18
8493 17
8494 18
8495 18
8496 18
8497 17
8498 17
8499 17
8500 18
8501 18
8502 18
8503 18
8504 18
8505 18
8506 18
8507 17
8508 18
8509 18
8510 17
8511 17
8512 17
8513 18
8514 17
8515 18
8516 35
8517 17
8518 18
8519 17
8520 17
8521 17
8522 17
8523 17
8524 18
8525 17
8526 18
8527 18
8528 18
8529 18
8530 18
8531 18
8532 17
8533 18
8534 18
8535 17
8536 18
8537 18
8538 17
8539 18
8540 18
8541 19
8542 18
8543 17
8544 17
8545 18
8546 17
8547 18
8548 18
8549 17
8550 17
8551 17
8552 17
8553 18
8554 17
8555 18
8556 18
8557 18
8558 18
8559 18
8560 17
8561 17
8562 17
8563 18
8564 17
8565 18
8566 18
8567 17
8568 18
8569 18
8570 17
8571 17
8572 17
8573 18
8574 18
8575 18
8576 18
8577 17
8578 18
8579 18
8580 17
8581 17
8582 18
8583 18
8584 18
8585 17
8586 19
8587 17
8588 17
8589 18
8590 18
8591 18
8592 17
8593 18
8594 18
8595 18
8596 18
8597 17
8598 18
8599 18
8600 17
8601 18
8602 17
8603 17
8604 18
8605 17
8606 18
8607 17
8608 17
8609 18
8610 17
8611 18
8612 18
8613 18
8614 17
8615 18
8616 18
8617 17
8618 18
8619 17
8620 18
8621 18
8622 18
8623 17
8624 17
8625 18
8626 18
8627 17
8628 17
8629 17
8630 17
8631 17
8632 17
8633 17
8634 17
8635 27
8636 18
8637 18
8638 17
8639 17
8640 17
8641 19
8642 18
8643 17
8644 18
8645 17
8646 17
8647 17
8648 17
8649 17
8650 18
8651 18
8652 17
8653 17
8654 17
8655 17
8656 17
8657 25
8658 18
8659 18
8660 17
8661 17
8662 17
8663 18
8664 17
8665 18
8666 17
8667 17
8668 17
8669 17
8670 18
8671 18
8672 17
8673 18
8674 19
8675 18
8676 18
8677 17
8678 17
8679 18
8680 18
8681 17
8682 18
8683 18
8684 17
8685 18
8686 18
8687 18
8688 17
8689 17
8690 17
8691 19
8692 17
8693 17
8694 18
8695 17
8696 31
8697 18
8698 18
8699 18
8700 17
8701 17
8702 17
8703 17
8704 17
8705 17
8706 17
8707 17
8708 17
8709 17
8710 17
8711 17
8712 18
8713 19
8714 17
8715 19
8716 18
8717 17
8718 17
8719 17
8720 17
8721 17
8722 17
8723 17
8724 26
8725 19
8726 17
8727 17
8728 17
8729 18
8730 17
8731 18
8732 17
8733 17
8734 17
8735 17
8736 18
8737 17
8738 18
8739 17
8740 19
8741 18
8742 18
8743 18
8744 18
8745 17
8746 17
8747 17
8748 17
8749 17
8750 17
8751 18
8752 18
8753 17
8754 17
8755 17
8756 18
8757 18
8758 17
8759 18
8760 17
8761 18
8762 18
8763 18
8764 17
8765 18
8766 18
8767 17
8768 18
8769 19
8770 18
8771 18
8772 17
8773 18
8774 17
8775 18
8776 18
8777 18
8778 17
8779 26
8780 18
8781 20
8782 17
8783 17
8784 18
8785 18
8786 17
8787 17
8788 18
8789 17
8790 18
8791 19
8792 17
8793 18
8794 18
8795 18
8796 17
8797 18
8798 18
8799 17
8800 17
8801 18
8802 19
8803 17
8804 17
8805 17
8806 18
8807 17
8808 18
8809 17
8810 18
8811 18
8812 18
8813 18
8814 18
8815 17
8816 17
8817 17
8818 18
8819 18
8820 17
8821 17
8822 17
8823 17
8824 18
8825 17
8826 18
8827 17
8828 17
8829 18
8830 18
8831 17
8832 18
8833 18
8834 17
8835 18
8836 18
8837 18
8838 17
8839 18
8840 19
8841 18
8842 17
8843 17
8844 17
8845 19
8846 19
8847 17
8848 18
8849 18
8850 18
8851 18
8852 18
8853 18
8854 18
8855 17
8856 17
8857 17
8858 18
8859 18
8860 17
8861 17
8862 17
8863 17
8864 18
8865 17
8866 17
8867 17
8868 17
8869 17
8870 17
8871 31
8872 17
8873 18
8874 17
8875 17
8876 18
8877 18
8878 17
8879 17
8880 17
8881 19
8882 17
8883 17
8884 17
8885 17
8886 17
8887 17
8888 17
8889 17
8890 26
8891 18
8892 17
8893 18
8894 17
8895 18
8896 18
8897 17
8898 18
8899 17
8900 18
8901 18
8902 19
8903 17
8904 17
8905 17
8906 18
8907 18
8908 17
8909 19
8910 17
8911 17
8912 18
8913 19
8914 18
8915 17
8916 17
8917 17
8918 17
8919 17
8920 17
8921 18
8922 18
8923 18
8924 18
8925 18
8926 18
8927 17
8928 17
8929 18
8930 19
8931 18
8932 17
8933 17
8934 18
8935 17
8936 17
8937 17
8938 17
8939 17
8940 17
8941 17
8942 17
8943 17
8944 17
8945 17
8946 18
8947 18
8948 18
8949 17
8950 17
8951 17
8952 17
8953 17
8954 17
8955 18
8956 18
8957 18
8958 18
8959 18
8960 18
8961 17
8962 17
8963 17
8964 17
8965 18
8966 17
8967 17
8968 17
8969 17
8970 17
8971 18
8972 17
8973 19
8974 18
8975 18
8976 17
8977 18
8978 17
8979 17
8980 17
8981 18
8982 17
8983 17
8984 17
8985 17
8986 17
8987 17
8988 17
8989 17
8990 17
8991 17
8992 18
8993 17
8994 18
8995 17
8996 17
8997 17
8998 17
8999 17
9000 17
9001 17
9002 17
9003 17
9004 17
9005 18
9006 18
9007 17
9008 18
9009 18
9010 17
9011 18
9012 17
9013 17
9014 18
9015 18
9016 18
9017 17
9018 17
9019 17
9020 17
9021 17
9022 17
9023 17
9024 17
9025 17
9026 17
9027 17
9028 17
9029 17
9030 17
9031 17
9032 17
9033 17
9034 17
9035 17
9036 17
9037 19
9038 25
9039 17
9040 18
9041 18
9042 18
9043 17
9044 17
9045 18
9046 17
9047 18
9048 19
9049 17
9050 35
9051 19
9052 17
9053 17
9054 18
9055 19
9056 18
9057 18
9058 18
9059 17
9060 17
9061 18
9062 18
9063 17
9064 18
9065 17
9066 18
9067 18
9068 18
9069 17
9070 18
9071 18
9072 19
9073 17
9074 17
9075 18
9076 18
9077 17
9078 18
9079 17
9080 17
9081 18
9082 19
9083 18
9084 17
9085 17
9086 17
9087 17
9088 17
9089 18
9090 17
9091 17
9092 18
9093 19
9094 17
9095 18
9096 18
9097 18
9098 17
9099 17
9100 18
9101 20
9102 18
9103 18
9104 17
9105 17
9106 18
9107 17
9108 17
9109 17
9110 18
9111 18
9112 17
9113 17
9114 18
9115 18
9116 18
9117 18
9118 17
9119 17
9120 18
9121 18
9122 18
9123 17
9124 17
9125 18
9126 18
9127 18
9128 18
9129 17
9130 17
9131 17
9132 17
9133 17
9134 17
9135 17
9136 17
9137 17
9138 17
9139 18
9140 18
9141 18
9142 18
9143 18
9144 17
9145 17
9146 18
9147 17
9148 17
9149 18
9150 18
9151 18
9152 17
9153 17
9154 17
9155 18
9156 18
9157 18
9158 17
9159 17
9160 17
9161 17
9162 17
9163 17
9164 18
9165 19
9166 18
9167 19
9168 17
9169 17
9170 18
9171 18
9172 17
9173 17
9174 17
9175 17
9176 17
9177 26
9178 18
9179 18
9180 17
9181 17
9182 18
9183 19
9184 17
9185 17
9186 18
9187 19
9188 19
9189 18
9190 17
9191 17
9192 18
9193 17
9194 17
9195 18
9196 18
9197 17
9198 17
9199 17
9200 17
9201 17
9202 18
9203 17
9204 17
9205 17
9206 17
9207 17
9208 18
9209 19
9210 17
9211 17
9212 17
9213 17
9214 17
9215 17
9216 17
9217 18
9218 18
9219 18
9220 18
9221 17
9222 17
9223 17
9224 17
9225 17
9226 18
9227 18
9228 272
9229 22
9230 18
9231 18
9232 17
9233 17
9234 18
9235 18
9236 17
9237 30
9238 19
9239 18
9240 17
9241 25
9242 19
9243 18
9244 17
9245 18
9246 18
9247 17
9248 18
9249 18
9250 17
9251 17
9252 18
9253 18
9254 19
9255 18
9256 17
9257 18
9258 18
9259 17
9260 17
9261 18
9262 17
9263 18
9264 18
9265 17
9266 18
9267 18
9268 17
9269 18
9270 18
9271 18
9272 18
9273 18
9274 17
9275 17
9276 18
9277 17
9278 17
9279 18
9280 17
9281 17
9282 18
9283 18
9284 18
9285 17
9286 17
9287 17
9288 18
9289 18
9290 17
9291 18
9292 18
9293 17
9294 18
9295 18
9296 17
9297 17
9298 17
9299 18
9300 18
9301 17
9302 21
9303 18
9304 19
9305 20
9306 18
9307 17
9308 19
9309 18
9310 18
9311 17
9312 17
9313 17
9314 17
9315 17
9316 18
9317 17
9318 18
9319 18
9320 18
9321 17
9322 17
9323 17
9324 17
9325 17
9326 17
9327 17
9328 18
9329 17
9330 17
9331 17
9332 18
9333 18
9334 18
9335 17
9336 18
9337 18
9338 17
9339 18
9340 17
9341 17
9342 17
9343 18
9344 18
9345 17
9346 18
9347 18
9348 20
9349 18
9350 17
9351 17
9352 17
9353 17
9354 17
9355 17
9356 17
9357 17
9358 27
9359 18
9360 17
9361 17
9362 17
9363 17
9364 17
9365 17
9366 17
9367 17
9368 18
9369 18
9370 18
9371 18
9372 17
9373 18
9374 17
9375 18
9376 18
9377 18
9378 17
9379 17
9380 17
9381 17
9382 17
9383 17
9384 17
9385 17
9386 17
9387 17
9388 17
9389 19
9390 18
9391 18
9392 17
9393 18
9394 22
9395 17
9396 18
9397 28
9398 18
9399 17
9400 17
9401 17
9402 17
9403 17
9404 18
9405 18
9406 17
9407 17
9408 17
9409 17
9410 17
9411 18
9412 18
9413 18
9414 17
9415 17
9416 17
9417 17
9418 17
9419 17
9420 17
9421 17
9422 18
9423 18
9424 18
9425 18
9426 18
9427 18
9428 19
9429 17
9430 17
9431 18
9432 19
9433 18
9434 18
9435 17
9436 18
9437 17
9438 17
9439 17
9440 17
9441 17
9442 17
9443 17
9444 17
9445 17
9446 17
9447 27
9448 19
9449 18
9450 17
9451 17
9452 25
9453 18
9454 18
9455 18
9456 17
9457 17
9458 18
9459 17
9460 17
9461 18
9462 18
9463 18
9464 20
9465 17
9466 17
9467 18
9468 18
9469 18
9470 18
9471 17
9472 18
9473 18
9474 17
9475 17
9476 18
9477 17
9478 17
9479 18
9480 18
9481 17
9482 17
9483 18
9484 17
9485 17
9486 18
9487 18
9488 17
9489 18
9490 17
9491 18
9492 18
9493 18
9494 19
9495 18
9496 17
9497 19
9498 17
9499 17
9500 17
9501 18
9502 18
9503 18
9504 17
9505 17
9506 18
9507 17
9508 17
9509 18
9510 17
9511 17
9512 18
9513 17
9514 17
9515 18
9516 18
9517 18
9518 18
9519 18
9520 26
9521 19
9522 18
9523 18
9524 18
9525 17
9526 17
9527 18
9528 18
9529 17
9530 18
9531 19
9532 17
9533 18
9534 18
9535 19
9536 19
9537 18
9538 17
9539 17
9540 17
9541 17
9542 17
9543 17
9544 18
9545 18
9546 17
9547 17
9548 17
9549 17
9550 17
9551 17
9552 18
9553 19
9554 18
9555 17
9556 17
9557 17
9558 17
9559 17
9560 17
9561 17
9562 17
9563 17
9564 17
9565 17
9566 17
9567 18
9568 17
9569 18
9570 18
9571 18
9572 19
9573 17
9574 18
9575 18
9576 18
9577 18
9578 17
9579 18
9580 18
9581 17
9582 18
9583 18
9584 17
9585 18
9586 19
9587 18
9588 17
9589 18
9590 18
9591 18
9592 18
9593 17
9594 18
9595 18
9596 18
9597 17
9598 18
9599 18
9600 17
9601 17
9602 19
9603 18
9604 18
9605 17
9606 18
9607 17
9608 18
9609 18
9610 17
9611 17
9612 18
9613 17
9614 17
9615 17
9616 18
9617 18
9618 27
9619 18
9620 18
9621 18
9622 17
9623 17
9624 18
9625 17
9626 17
9627 17
9628 18
9629 19
9630 18
9631 18
9632 17
9633 17
9634 17
9635 18
9636 18
9637 18
9638 18
9639 18
9640 18
9641 18
9642 17
9643 17
9644 17
9645 17
9646 18
9647 18
9648 18
9649 17
9650 17
9651 17
9652 17
9653 17
9654 18
9655 18
9656 18
9657 17
9658 17
9659 17
9660 17
9661 17
9662 17
9663 19
9664 17
9665 18
9666 18
9667 18
9668 18
9669 20
9670 18
9671 18
9672 18
9673 18
9674 17
9675 18
9676 18
9677 18
9678 18
9679 18
9680 18
9681 18
9682 18
9683 17
9684 18
9685 18
9686 19
9687 19
9688 17
9689 18
9690 27
9691 18
9692 18
9693 17
9694 18
9695 18
9696 18
9697 17
9698 17
9699 18
9700 17
9701 17
9702 18
9703 18
9704 18
9705 18
9706 18
9707 18
9708 18
9709 17
9710 18
9711 18
9712 18
9713 25
9714 19
9715 18
9716 17
9717 18
9718 18
9719 18
9720 18
9721 18
9722 17
9723 17
9724 19
9725 18
9726 17
9727 17
9728 18
9729 18
9730 18
9731 17
9732 18
9733 18
9734 18
9735 17
9736 17
9737 17
9738 17
9739 17
9740 18
9741 18
9742 18
9743 19
9744 18
9745 17
9746 18
9747 17
9748 22
9749 17
9750 18
9751 17
9752 17
9753 17
9754 18
9755 17
9756 18
9757 17
9758 17
9759 17
9760 17
9761 17
9762 17
9763 17
9764 17
9765 18
9766 18
9767 18
9768 28
9769 18
9770 17
9771 17
9772 17
9773 17
9774 18
9775 18
9776 18
9777 17
9778 18
9779 17
9780 17
9781 18
9782 18
9783 18
9784 17
9785 18
9786 17
9787 18
9788 17
9789 17
9790 18
9791 18
9792 17
9793 18
9794 18
9795 17
9796 18
9797 18
9798 17
9799 17
9800 18
9801 18
9802 18
9803 17
9804 18
9805 17
9806 17
9807 18
9808 18
9809 17
9810 17
9811 17
9812 18
9813 18
9814 18
9815 17
9816 18
9817 18
9818 18
9819 18
9820 17
9821 18
9822 17
9823 17
9824 18
9825 18
9826 18
9827 17
9828 17
9829 18
9830 17
9831 18
9832 18
9833 17
9834 18
9835 18
9836 17
9837 18
9838 18
9839 17
9840 17
9841 18
9842 18
9843 17
9844 17
9845 18
9846 18
9847 18
9848 18
9849 19
9850 18
9851 17
9852 17
9853 17
9854 17
9855 17
9856 18
9857 17
9858 18
9859 18
9860 18
9861 17
9862 17
9863 17
9864 17
9865 18
9866 17
9867 17
9868 17
9869 17
9870 17
9871 18
9872 17
9873 17
9874 17
9875 18
9876 17
9877 17
9878 17
9879 17
9880 17
9881 17
9882 17
9883 18
9884 18
9885 17
9886 17
9887 18
9888 18
9889 18
9890 18
9891 17
9892 25
9893 18
9894 18
9895 17
9896 17
9897 17
9898 17
9899 17
9900 17
9901 17
9902 17
9903 18
9904 18
9905 17
9906 18
9907 18
9908 17
9909 18
9910 17
9911 17
9912 17
9913 18
9914 17
9915 18
9916 17
9917 18
9918 18
9919 17
9920 17
9921 18
9922 18
9923 18
9924 18
9925 18
9926 17
9927 35
9928 17
9929 17
9930 26
9931 19
9932 18
9933 18
9934 17
9935 17
9936 17
9937 17
9938 17
9939 18
9940 18
9941 17
9942 17
9943 17
9944 17
9945 17
9946 17
9947 17
9948 17
9949 18
9950 17
9951 18
9952 17
9953 18
9954 18
9955 18
9956 17
9957 18
9958 18
9959 18
9960 17
9961 17
9962 17
9963 17
9964 17
9965 17
9966 17
9967 17
9968 26
9969 18
9970 18
9971 18
9972 17
9973 17
9974 17
9975 17
9976 17
9977 17
9978 18
9979 18
9980 19
9981 18
9982 18
9983 18
9984 17
9985 17
9986 17
9987 17
9988 17
9989 17
9990 26
9991 18
9992 18
9993 18
9994 17
9995 17
9996 17
9997 17
9998 17
9999 17
