0 111
1 20
2 19
3 21
4 18
5 18
6 19
7 18
8 18
9 18
10 17
11 19
12 18
13 18
14 19
15 17
16 17
17 17
18 19
19 18
20 18
21 18
22 18
23 18
24 18
25 20
26 18
27 19
28 18
29 38
30 21
31 18
32 21
33 18
34 19
35 20
36 18
37 18
38 18
39 18
40 17
41 18
42 18
43 18
44 17
45 19
46 20
47 18
48 20
49 19
50 18
51 18
52 19
53 19
54 17
55 17
56 18
57 17
58 19
59 17
60 17
61 19
62 19
63 18
64 19
65 18
66 18
67 17
68 17
69 17
70 18
71 17
72 17
73 17
74 18
75 17
76 18
77 18
78 17
79 20
80 18
81 18
82 18
83 28
84 18
85 17
86 18
87 17
88 17
89 19
90 17
91 18
92 17
93 17
94 18
95 18
96 18
97 17
98 17
99 17
100 18
101 17
102 17
103 17
104 18
105 18
106 17
107 17
108 17
109 17
110 17
111 18
112 18
113 17
114 17
115 17
116 17
117 17
118 18
119 18
120 17
121 18
122 19
123 18
124 17
125 18
126 17
127 18
128 17
129 17
130 18
131 18
132 17
133 29
134 18
135 17
136 17
137 18
138 17
139 18
140 35
141 18
142 17
143 18
144 17
145 18
146 17
147 18
148 18
149 19
150 18
151 17
152 18
153 17
154 17
155 17
156 18
157 18
158 17
159 17
160 17
161 17
162 18
163 17
164 27
165 19
166 17
167 18
168 18
169 19
170 21
171 21
172 22
173 20
174 21
175 19
176 19
177 19
178 20
179 18
180 21
181 18
182 19
183 19
184 27
185 22
186 19
187 19
188 18
189 19
190 18
191 18
192 19
193 19
194 19
195 20
196 18
197 18
198 20
199 19
200 20
201 24
202 17
203 18
204 17
205 17
206 18
207 18
208 17
209 17
210 17
211 18
212 18
213 18
214 18
215 20
216 19
217 20
218 18
219 17
220 19
221 19
222 18
223 20
224 20
225 17
226 17
227 18
228 19
229 19
230 19
231 18
232 17
233 18
234 18
235 19
236 18
237 19
238 18
239 19
240 18
241 18
242 18
243 20
244 23
245 19
246 19
247 18
248 20
249 22
250 19
251 18
252 18
253 18
254 18
255 19
256 19
257 18
258 18
259 18
260 18
261 18
262 18
263 28
264 21
265 19
266 18
267 18
268 18
269 21
270 20
271 21
272 18
273 20
274 18
275 19
276 20
277 18
278 21
279 19
280 20
281 19
282 19
283 18
284 19
285 22
286 20
287 18
288 20
289 18
290 23
291 21
292 19
293 19
294 18
295 21
296 19
297 19
298 18
299 19
300 19
301 17
302 18
303 18
304 27
305 19
306 21
307 19
308 19
309 28
310 19
311 19
312 18
313 17
314 18
315 18
316 18
317 18
318 18
319 18
320 19
321 20
322 19
323 18
324 17
325 19
326 18
327 18
328 17
329 18
330 17
331 19
332 19
333 18
334 18
335 18
336 17
337 18
338 17
339 17
340 17
341 17
342 18
343 18
344 18
345 17
346 18
347 18
348 17
349 17
350 18
351 18
352 17
353 17
354 18
355 18
356 17
357 18
358 18
359 20
360 17
361 17
362 17
363 17
364 18
365 17
366 17
367 17
368 17
369 18
370 18
371 17
372 17
373 17
374 18
375 18
376 17
377 17
378 17
379 18
380 18
381 18
382 17
383 17
384 17
385 17
386 18
387 17
388 18
389 17
390 18
391 18
392 17
393 17
394 18
395 18
396 18
397 17
398 18
399 17
400 17
401 17
402 18
403 18
404 17
405 18
406 17
407 17
408 18
409 17
410 17
411 17
412 18
413 18
414 17
415 17
416 17
417 17
418 17
419 17
420 19
421 18
422 17
423 18
424 17
425 17
426 18
427 17
428 17
429 17
430 17
431 17
432 17
433 17
434 17
435 17
436 18
437 19
438 18
439 18
440 17
441 17
442 17
443 17
444 17
445 17
446 17
447 17
448 17
449 17
450 17
451 17
452 17
453 17
454 19
455 18
456 18
457 17
458 17
459 17
460 17
461 17
462 17
463 17
464 17
465 18
466 18
467 17
468 18
469 17
470 17
471 18
472 17
473 18
474 18
475 17
476 17
477 17
478 17
479 17
480 17
481 17
482 18
483 18
484 18
485 32
486 17
487 18
488 17
489 17
490 17
491 17
492 17
493 17
494 17
495 18
496 18
497 17
498 17
499 18
500 18
501 17
502 17
503 17
504 17
505 17
506 17
507 17
508 17
509 17
510 18
511 17
512 18
513 18
514 17
515 18
516 18
517 18
518 17
519 17
520 17
521 18
522 17
523 17
524 17
525 18
526 17
527 17
528 18
529 18
530 18
531 17
532 18
533 18
534 18
535 17
536 17
537 17
538 17
539 17
540 17
541 17
542 17
543 18
544 19
545 17
546 17
547 17
548 17
549 17
550 17
551 18
552 17
553 17
554 18
555 17
556 18
557 18
558 18
559 17
560 17
561 17
562 17
563 19
564 21
565 19
566 18
567 17
568 17
569 17
570 17
571 18
572 18
573 18
574 18
575 17
576 17
577 17
578 17
579 17
580 17
581 17
582 17
583 17
584 17
585 17
586 17
587 17
588 18
589 19
590 18
591 18
592 17
593 17
594 17
595 17
596 18
597 18
598 17
599 18
600 18
601 17
602 17
603 17
604 17
605 17
606 18
607 17
608 18
609 17
610 17
611 17
612 17
613 17
614 17
615 17
616 17
617 18
618 17
619 17
620 19
621 17
622 17
623 17
624 18
625 18
626 18
627 18
628 17
629 17
630 17
631 17
632 17
633 17
634 17
635 18
636 18
637 17
638 17
639 17
640 18
641 17
642 17
643 17
644 18
645 17
646 18
647 18
648 18
649 18
650 17
651 17
652 18
653 17
654 17
655 17
656 26
657 18
658 18
659 17
660 18
661 18
662 18
663 18
664 34
665 18
666 17
667 17
668 17
669 17
670 21
671 17
672 18
673 18
674 17
675 17
676 17
677 17
678 18
679 17
680 17
681 18
682 18
683 17
684 19
685 17
686 18
687 18
688 18
689 19
690 17
691 18
692 17
693 18
694 17
695 19
696 17
697 18
698 18
699 18
700 17
701 17
702 18
703 18
704 18
705 17
706 17
707 17
708 18
709 17
710 17
711 18
712 18
713 17
714 17
715 18
716 18
717 18
718 17
719 17
720 18
721 18
722 17
723 17
724 18
725 18
726 17
727 17
728 17
729 17
730 18
731 17
732 17
733 17
734 17
735 17
736 18
737 18
738 17
739 17
740 18
741 18
742 18
743 18
744 18
745 17
746 17
747 18
748 20
749 17
750 17
751 17
752 17
753 17
754 17
755 18
756 18
757 19
758 17
759 17
760 18
761 18
762 17
763 17
764 17
765 18
766 18
767 18
768 17
769 17
770 17
771 17
772 17
773 18
774 18
775 17
776 17
777 17
778 18
779 17
780 18
781 18
782 18
783 18
784 17
785 18
786 18
787 17
788 17
789 18
790 18
791 18
792 17
793 17
794 17
795 17
796 18
797 17
798 17
799 17
800 17
801 18
802 18
803 17
804 17
805 17
806 18
807 18
808 17
809 18
810 17
811 17
812 20
813 17
814 17
815 17
816 17
817 17
818 17
819 17
820 17
821 18
822 16
823 17
824 17
825 17
826 17
827 17
828 17
829 17
830 17
831 17
832 17
833 17
834 17
835 17
836 17
837 17
838 18
839 17
840 17
841 17
842 17
843 30
844 18
845 17
846 17
847 17
848 18
849 18
850 17
851 17
852 17
853 17
854 16
855 17
856 17
857 17
858 17
859 17
860 18
861 18
862 17
863 17
864 17
865 17
866 17
867 17
868 17
869 18
870 17
871 17
872 17
873 17
874 18
875 18
876 20
877 17
878 18
879 17
880 17
881 17
882 17
883 18
884 17
885 17
886 17
887 17
888 17
889 17
890 17
891 18
892 18
893 18
894 17
895 18
896 17
897 18
898 17
899 18
900 17
901 18
902 18
903 18
904 18
905 17
906 17
907 17
908 17
909 18
910 17
911 17
912 17
913 18
914 18
915 17
916 17
917 17
918 17
919 18
920 17
921 17
922 17
923 17
924 18
925 18
926 19
927 18
928 17
929 17
930 17
931 17
932 17
933 18
934 17
935 17
936 17
937 18
938 17
939 17
940 19
941 17
942 17
943 17
944 17
945 17
946 17
947 17
948 17
949 17
950 17
951 17
952 17
953 17
954 17
955 17
956 17
957 17
958 17
959 17
960 26
961 18
962 16
963 17
964 17
965 18
966 18
967 18
968 17
969 17
970 18
971 18
972 18
973 17
974 18
975 17
976 17
977 17
978 17
979 17
980 17
981 17
982 17
983 17
984 17
985 17
986 17
987 17
988 18
989 18
990 18
991 17
992 17
993 17
994 17
995 17
996 17
997 18
998 17
999 17
1000 17
1001 17
1002 17
1003 17
1004 20
1005 18
1006 17
1007 17
1008 17
1009 17
1010 17
1011 17
1012 17
1013 17
1014 17
1015 20
1016 17
1017 18
1018 18
1019 18
1020 17
1021 17
1022 17
1023 17
1024 26
1025 17
1026 17
1027 18
1028 17
1029 17
1030 17
1031 18
1032 17
1033 17
1034 17
1035 17
1036 17
1037 17
1038 17
1039 17
1040 17
1041 17
1042 17
1043 17
1044 17
1045 16
1046 17
1047 17
1048 18
1049 18
1050 25
1051 18
1052 17
1053 17
1054 17
1055 17
1056 17
1057 16
1058 17
1059 17
1060 17
1061 16
1062 18
1063 17
1064 17
1065 17
1066 17
1067 18
1068 20
1069 17
1070 16
1071 17
1072 17
1073 17
1074 17
1075 17
1076 18
1077 17
1078 17
1079 17
1080 17
1081 17
1082 17
1083 17
1084 19
1085 18
1086 17
1087 17
1088 17
1089 18
1090 17
1091 17
1092 17
1093 17
1094 26
1095 18
1096 17
1097 17
1098 17
1099 18
1100 17
1101 18
1102 18
1103 17
1104 17
1105 17
1106 17
1107 17
1108 17
1109 18
1110 18
1111 19
1112 17
1113 18
1114 17
1115 17
1116 18
1117 18
1118 17
1119 17
1120 17
1121 18
1122 17
1123 18
1124 17
1125 18
1126 18
1127 18
1128 17
1129 18
1130 18
1131 18
1132 19
1133 17
1134 17
1135 17
1136 17
1137 17
1138 17
1139 17
1140 17
1141 17
1142 17
1143 17
1144 18
1145 17
1146 18
1147 18
1148 18
1149 18
1150 17
1151 17
1152 17
1153 17
1154 17
1155 18
1156 18
1157 17
1158 17
1159 17
1160 18
1161 26
1162 19
1163 18
1164 18
1165 17
1166 17
1167 18
1168 17
1169 18
1170 18
1171 17
1172 17
1173 18
1174 18
1175 17
1176 17
1177 17
1178 18
1179 17
1180 17
1181 17
1182 17
1183 17
1184 17
1185 17
1186 17
1187 17
1188 17
1189 17
1190 17
1191 17
1192 18
1193 18
1194 17
1195 17
1196 19
1197 17
1198 17
1199 17
1200 17
1201 17
1202 17
1203 277
1204 24
1205 18
1206 19
1207 17
1208 17
1209 18
1210 17
1211 18
1212 17
1213 17
1214 18
1215 18
1216 18
1217 17
1218 17
1219 17
1220 18
1221 17
1222 17
1223 17
1224 17
1225 17
1226 17
1227 18
1228 17
1229 17
1230 17
1231 18
1232 17
1233 17
1234 17
1235 17
1236 17
1237 17
1238 17
1239 18
1240 17
1241 18
1242 18
1243 18
1244 18
1245 18
1246 18
1247 18
1248 19
1249 18
1250 18
1251 17
1252 18
1253 18
1254 18
1255 17
1256 17
1257 18
1258 18
1259 18
1260 17
1261 18
1262 19
1263 19
1264 17
1265 17
1266 17
1267 17
1268 18
1269 18
1270 17
1271 17
1272 17
1273 18
1274 18
1275 18
1276 17
1277 18
1278 17
1279 18
1280 17
1281 17
1282 18
1283 17
1284 18
1285 18
1286 17
1287 18
1288 18
1289 18
1290 20
1291 18
1292 18
1293 18
1294 17
1295 18
1296 18
1297 18
1298 17
1299 18
1300 18
1301 18
1302 18
1303 18
1304 17
1305 17
1306 17
1307 17
1308 17
1309 17
1310 17
1311 17
1312 18
1313 18
1314 18
1315 17
1316 18
1317 17
1318 19
1319 17
1320 18
1321 17
1322 17
1323 18
1324 17
1325 17
1326 17
1327 18
1328 18
1329 17
1330 18
1331 17
1332 17
1333 18
1334 29
1335 19
1336 18
1337 18
1338 17
1339 17
1340 17
1341 17
1342 18
1343 17
1344 17
1345 17
1346 17
1347 17
1348 17
1349 17
1350 17
1351 17
1352 17
1353 17
1354 17
1355 17
1356 17
1357 17
1358 17
1359 17
1360 17
1361 17
1362 17
1363 17
1364 17
1365 17
1366 18
1367 18
1368 17
1369 26
1370 27
1371 18
1372 18
1373 18
1374 17
1375 17
1376 18
1377 18
1378 26
1379 19
1380 17
1381 18
1382 18
1383 25
1384 18
1385 17
1386 18
1387 17
1388 18
1389 17
1390 17
1391 18
1392 17
1393 18
1394 18
1395 17
1396 17
1397 18
1398 17
1399 17
1400 18
1401 20
1402 17
1403 18
1404 18
1405 27
1406 18
1407 17
1408 18
1409 18
1410 17
1411 19
1412 18
1413 17
1414 18
1415 18
1416 17
1417 17
1418 17
1419 17
1420 17
1421 17
1422 17
1423 17
1424 17
1425 18
1426 18
1427 17
1428 18
1429 17
1430 18
1431 17
1432 17
1433 18
1434 26
1435 19
1436 17
1437 18
1438 18
1439 17
1440 18
1441 18
1442 18
1443 18
1444 18
1445 20
1446 18
1447 17
1448 17
1449 18
1450 17
1451 18
1452 18
1453 18
1454 18
1455 17
1456 17
1457 17
1458 17
1459 17
1460 17
1461 18
1462 17
1463 18
1464 17
1465 17
1466 18
1467 18
1468 18
1469 17
1470 17
1471 18
1472 18
1473 18
1474 17
1475 18
1476 18
1477 17
1478 18
1479 18
1480 18
1481 17
1482 18
1483 18
1484 24
1485 18
1486 18
1487 17
1488 17
1489 18
1490 17
1491 17
1492 17
1493 18
1494 22
1495 17
1496 18
1497 18
1498 17
1499 18
1500 18
1501 27
1502 18
1503 17
1504 17
1505 18
1506 18
1507 18
1508 17
1509 17
1510 25
1511 19
1512 18
1513 18
1514 17
1515 18
1516 18
1517 19
1518 18
1519 18
1520 18
1521 18
1522 17
1523 17
1524 17
1525 18
1526 17
1527 18
1528 19
1529 18
1530 18
1531 17
1532 18
1533 18
1534 18
1535 17
1536 17
1537 18
1538 18
1539 18
1540 18
1541 17
1542 17
1543 17
1544 17
1545 17
1546 19
1547 17
1548 18
1549 17
1550 19
1551 19
1552 18
1553 18
1554 17
1555 18
1556 18
1557 18
1558 18
1559 17
1560 18
1561 17
1562 18
1563 17
1564 17
1565 17
1566 18
1567 18
1568 17
1569 17
1570 17
1571 17
1572 17
1573 17
1574 17
1575 18
1576 18
1577 19
1578 17
1579 18
1580 18
1581 18
1582 17
1583 17
1584 17
1585 17
1586 17
1587 18
1588 18
1589 17
1590 18
1591 17
1592 18
1593 29
1594 18
1595 18
1596 18
1597 17
1598 18
1599 17
1600 18
1601 18
1602 18
1603 18
1604 18
1605 18
1606 18
1607 17
1608 18
1609 17
1610 17
1611 17
1612 17
1613 17
1614 18
1615 18
1616 17
1617 18
1618 18
1619 17
1620 17
1621 19
1622 18
1623 18
1624 17
1625 18
1626 18
1627 18
1628 18
1629 17
1630 17
1631 18
1632 19
1633 19
1634 18
1635 18
1636 18
1637 17
1638 17
1639 18
1640 17
1641 18
1642 18
1643 17
1644 17
1645 18
1646 18
1647 17
1648 17
1649 18
1650 17
1651 17
1652 18
1653 18
1654 17
1655 18
1656 18
1657 17
1658 17
1659 18
1660 18
1661 19
1662 18
1663 18
1664 18
1665 17
1666 18
1667 18
1668 17
1669 17
1670 18
1671 19
1672 19
1673 18
1674 18
1675 17
1676 17
1677 18
1678 17
1679 17
1680 18
1681 18
1682 17
1683 18
1684 17
1685 17
1686 18
1687 18
1688 17
1689 17
1690 18
1691 18
1692 17
1693 17
1694 17
1695 18
1696 18
1697 17
1698 18
1699 17
1700 18
1701 18
1702 19
1703 17
1704 18
1705 17
1706 17
1707 17
1708 17
1709 18
1710 17
1711 17
1712 17
1713 17
1714 17
1715 17
1716 18
1717 17
1718 18
1719 17
1720 18
1721 18
1722 18
1723 18
1724 19
1725 17
1726 18
1727 17
1728 17
1729 17
1730 18
1731 18
1732 19
1733 17
1734 18
1735 18
1736 18
1737 17
1738 18
1739 18
1740 17
1741 18
1742 17
1743 17
1744 18
1745 18
1746 17
1747 17
1748 17
1749 18
1750 18
1751 17
1752 18
1753 18
1754 17
1755 26
1756 19
1757 18
1758 17
1759 17
1760 17
1761 18
1762 17
1763 18
1764 18
1765 18
1766 19
1767 18
1768 17
1769 17
1770 17
1771 17
1772 17
1773 17
1774 17
1775 17
1776 18
1777 18
1778 17
1779 17
1780 17
1781 17
1782 18
1783 17
1784 18
1785 18
1786 18
1787 18
1788 17
1789 17
1790 18
1791 17
1792 17
1793 17
1794 17
1795 17
1796 17
1797 17
1798 17
1799 18
1800 17
1801 18
1802 17
1803 17
1804 17
1805 17
1806 17
1807 17
1808 18
1809 17
1810 18
1811 17
1812 17
1813 17
1814 17
1815 17
1816 17
1817 17
1818 17
1819 17
1820 17
1821 17
1822 18
1823 18
1824 19
1825 18
1826 17
1827 17
1828 17
1829 17
1830 17
1831 17
1832 17
1833 18
1834 18
1835 17
1836 17
1837 17
1838 18
1839 19
1840 18
1841 17
1842 17
1843 17
1844 17
1845 17
1846 17
1847 17
1848 17
1849 17
1850 18
1851 17
1852 18
1853 17
1854 17
1855 18
1856 17
1857 18
1858 17
1859 18
1860 17
1861 17
1862 17
1863 17
1864 17
1865 17
1866 27
1867 18
1868 17
1869 17
1870 17
1871 17
1872 19
1873 17
1874 18
1875 17
1876 17
1877 17
1878 18
1879 18
1880 18
1881 18
1882 17
1883 18
1884 19
1885 17
1886 17
1887 17
1888 17
1889 17
1890 17
1891 20
1892 18
1893 17
1894 17
1895 17
1896 18
1897 18
1898 18
1899 17
1900 19
1901 18
1902 23
1903 18
1904 18
1905 17
1906 17
1907 17
1908 17
1909 17
1910 17
1911 18
1912 19
1913 17
1914 17
1915 17
1916 17
1917 17
1918 17
1919 17
1920 17
1921 17
1922 17
1923 18
1924 18
1925 18
1926 17
1927 17
1928 18
1929 18
1930 17
1931 18
1932 18
1933 17
1934 17
1935 17
1936 17
1937 17
1938 17
1939 19
1940 17
1941 18
1942 17
1943 18
1944 17
1945 17
1946 17
1947 17
1948 17
1949 17
1950 18
1951 18
1952 18
1953 17
1954 18
1955 21
1956 17
1957 17
1958 18
1959 18
1960 18
1961 18
1962 17
1963 17
1964 17
1965 17
1966 17
1967 19
1968 17
1969 18
1970 17
1971 18
1972 18
1973 17
1974 17
1975 17
1976 17
1977 17
1978 17
1979 17
1980 17
1981 17
1982 16
1983 17
1984 17
1985 17
1986 17
1987 17
1988 17
1989 18
1990 18
1991 17
1992 17
1993 17
1994 17
1995 17
1996 17
1997 17
1998 18
1999 17
2000 17
2001 20
2002 18
2003 18
2004 17
2005 18
2006 17
2007 18
2008 17
2009 17
2010 18
2011 18
2012 17
2013 17
2014 17
2015 17
2016 18
2017 18
2018 17
2019 20
2020 17
2021 18
2022 18
2023 18
2024 26
2025 18
2026 18
2027 17
2028 17
2029 17
2030 17
2031 17
2032 17
2033 17
2034 17
2035 19
2036 18
2037 17
2038 17
2039 18
2040 17
2041 18
2042 17
2043 17
2044 17
2045 18
2046 18
2047 17
2048 18
2049 18
2050 17
2051 17
2052 17
2053 17
2054 17
2055 17
2056 17
2057 17
2058 18
2059 18
2060 18
2061 18
2062 18
2063 18
2064 18
2065 17
2066 17
2067 17
2068 17
2069 17
2070 17
2071 17
2072 17
2073 17
2074 17
2075 17
2076 17
2077 17
2078 17
2079 17
2080 18
2081 26
2082 18
2083 19
2084 18
2085 19
2086 18
2087 17
2088 17
2089 17
2090 18
2091 18
2092 18
2093 18
2094 17
2095 18
2096 19
2097 18
2098 17
2099 17
2100 17
2101 18
2102 17
2103 18
2104 17
2105 17
2106 18
2107 17
2108 17
2109 17
2110 18
2111 17
2112 17
2113 17
2114 17
2115 17
2116 17
2117 17
2118 18
2119 18
2120 17
2121 17
2122 17
2123 17
2124 17
2125 17
2126 17
2127 17
2128 17
2129 17
2130 17
2131 17
2132 17
2133 17
2134 17
2135 17
2136 17
2137 17
2138 16
2139 17
2140 17
2141 17
2142 17
2143 18
2144 18
2145 18
2146 17
2147 20
2148 17
2149 19
2150 18
2151 17
2152 17
2153 17
2154 17
2155 18
2156 18
2157 18
2158 18
2159 17
2160 17
2161 17
2162 17
2163 17
2164 17
2165 17
2166 17
2167 17
2168 17
2169 17
2170 17
2171 18
2172 18
2173 18
2174 28
2175 18
2176 17
2177 17
2178 17
2179 17
2180 17
2181 17
2182 17
2183 16
2184 18
2185 26
2186 18
2187 17
2188 17
2189 17
2190 17
2191 17
2192 18
2193 17
2194 17
2195 17
2196 18
2197 19
2198 18
2199 17
2200 17
2201 17
2202 18
2203 17
2204 17
2205 17
2206 17
2207 17
2208 18
2209 18
2210 18
2211 20
2212 18
2213 18
2214 18
2215 18
2216 18
2217 17
2218 17
2219 17
2220 17
2221 17
2222 17
2223 17
2224 26
2225 19
2226 18
2227 17
2228 17
2229 17
2230 17
2231 17
2232 18
2233 18
2234 17
2235 17
2236 17
2237 17
2238 17
2239 17
2240 17
2241 18
2242 18
2243 18
2244 18
2245 17
2246 17
2247 17
2248 17
2249 17
2250 17
2251 17
2252 17
2253 17
2254 17
2255 17
2256 17
2257 17
2258 17
2259 17
2260 17
2261 24
2262 17
2263 18
2264 18
2265 17
2266 17
2267 17
2268 17
2269 28
2270 18
2271 17
2272 17
2273 17
2274 17
2275 20
2276 19
2277 17
2278 18
2279 18
2280 17
2281 18
2282 18
2283 17
2284 17
2285 18
2286 18
2287 18
2288 17
2289 18
2290 18
2291 17
2292 17
2293 17
2294 18
2295 18
2296 17
2297 17
2298 17
2299 17
2300 17
2301 18
2302 17
2303 26
2304 18
2305 18
2306 18
2307 17
2308 18
2309 18
2310 18
2311 17
2312 17
2313 18
2314 19
2315 17
2316 17
2317 17
2318 17
2319 17
2320 18
2321 18
2322 17
2323 17
2324 18
2325 17
2326 17
2327 18
2328 17
2329 18
2330 17
2331 17
2332 17
2333 18
2334 18
2335 18
2336 18
2337 18
2338 17
2339 19
2340 18
2341 18
2342 18
2343 17
2344 17
2345 18
2346 17
2347 17
2348 18
2349 19
2350 17
2351 17
2352 17
2353 17
2354 17
2355 17
2356 17
2357 17
2358 18
2359 18
2360 18
2361 17
2362 17
2363 18
2364 19
2365 17
2366 18
2367 17
2368 17
2369 17
2370 17
2371 17
2372 17
2373 17
2374 18
2375 18
2376 17
2377 17
2378 17
2379 17
2380 17
2381 17
2382 17
2383 17
2384 17
2385 17
2386 17
2387 17
2388 17
2389 17
2390 17
2391 17
2392 17
2393 17
2394 17
2395 17
2396 17
2397 17
2398 17
2399 18
2400 19
2401 17
2402 17
2403 21
2404 18
2405 17
2406 18
2407 17
2408 18
2409 17
2410 17
2411 18
2412 17
2413 18
2414 18
2415 18
2416 17
2417 18
2418 17
2419 18
2420 17
2421 18
2422 18
2423 17
2424 17
2425 18
2426 18
2427 17
2428 17
2429 18
2430 18
2431 18
2432 17
2433 18
2434 18
2435 18
2436 18
2437 18
2438 18
2439 22
2440 17
2441 17
2442 17
2443 17
2444 17
2445 17
2446 18
2447 28
2448 19
2449 18
2450 18
2451 17
2452 17
2453 17
2454 17
2455 17
2456 17
2457 17
2458 17
2459 17
2460 17
2461 17
2462 17
2463 17
2464 18
2465 19
2466 18
2467 19
2468 17
2469 18
2470 18
2471 18
2472 17
2473 18
2474 17
2475 18
2476 18
2477 18
2478 18
2479 17
2480 17
2481 17
2482 17
2483 17
2484 17
2485 17
2486 17
2487 17
2488 17
2489 17
2490 17
2491 17
2492 18
2493 18
2494 18
2495 17
2496 18
2497 29
2498 17
2499 17
2500 18
2501 17
2502 17
2503 18
2504 17
2505 17
2506 18
2507 18
2508 17
2509 18
2510 17
2511 17
2512 17
2513 17
2514 18
2515 18
2516 17
2517 17
2518 17
2519 18
2520 17
2521 18
2522 18
2523 18
2524 17
2525 18
2526 18
2527 18
2528 17
2529 17
2530 18
2531 19
2532 17
2533 17
2534 18
2535 18
2536 18
2537 18
2538 17
2539 17
2540 17
2541 17
2542 19
2543 17
2544 17
2545 18
2546 17
2547 17
2548 18
2549 18
2550 18
2551 17
2552 18
2553 17
2554 18
2555 18
2556 17
2557 17
2558 18
2559 18
2560 17
2561 18
2562 18
2563 18
2564 18
2565 17
2566 18
2567 18
2568 18
2569 18
2570 28
2571 18
2572 18
2573 18
2574 17
2575 17
2576 18
2577 18
2578 17
2579 17
2580 17
2581 17
2582 17
2583 18
2584 18
2585 17
2586 25
2587 18
2588 17
2589 18
2590 17
2591 17
2592 18
2593 18
2594 18
2595 19
2596 18
2597 18
2598 18
2599 17
2600 18
2601 18
2602 17
2603 18
2604 17
2605 18
2606 17
2607 17
2608 17
2609 18
2610 17
2611 17
2612 17
2613 17
2614 18
2615 17
2616 235
2617 19
2618 18
2619 17
2620 17
2621 17
2622 19
2623 17
2624 17
2625 17
2626 18
2627 18
2628 18
2629 17
2630 17
2631 17
2632 17
2633 18
2634 18
2635 17
2636 17
2637 17
2638 17
2639 18
2640 18
2641 17
2642 17
2643 27
2644 18
2645 17
2646 17
2647 17
2648 17
2649 17
2650 17
2651 17
2652 17
2653 17
2654 17
2655 17
2656 17
2657 18
2658 18
2659 18
2660 18
2661 19
2662 17
2663 17
2664 17
2665 17
2666 17
2667 17
2668 17
2669 17
2670 17
2671 17
2672 17
2673 17
2674 17
2675 17
2676 18
2677 18
2678 19
2679 18
2680 17
2681 17
2682 27
2683 18
2684 18
2685 18
2686 18
2687 18
2688 19
2689 18
2690 17
2691 17
2692 17
2693 18
2694 17
2695 17
2696 18
2697 17
2698 17
2699 18
2700 18
2701 17
2702 17
2703 17
2704 18
2705 18
2706 17
2707 17
2708 17
2709 17
2710 17
2711 17
2712 17
2713 17
2714 17
2715 17
2716 17
2717 17
2718 17
2719 17
2720 17
2721 17
2722 17
2723 17
2724 18
2725 17
2726 18
2727 18
2728 17
2729 17
2730 17
2731 17
2732 17
2733 17
2734 17
2735 17
2736 17
2737 17
2738 17
2739 17
2740 17
2741 17
2742 17
2743 17
2744 17
2745 25
2746 19
2747 17
2748 17
2749 17
2750 17
2751 18
2752 18
2753 17
2754 17
2755 17
2756 18
2757 19
2758 18
2759 17
2760 17
2761 17
2762 17
2763 17
2764 17
2765 18
2766 17
2767 18
2768 17
2769 17
2770 17
2771 17
2772 18
2773 18
2774 18
2775 17
2776 17
2777 27
2778 19
2779 17
2780 18
2781 18
2782 17
2783 17
2784 17
2785 28
2786 18
2787 17
2788 17
2789 17
2790 17
2791 17
2792 17
2793 18
2794 19
2795 17
2796 18
2797 18
2798 18
2799 19
2800 19
2801 18
2802 17
2803 18
2804 18
2805 18
2806 18
2807 18
2808 17
2809 18
2810 18
2811 19
2812 18
2813 17
2814 18
2815 19
2816 18
2817 17
2818 17
2819 18
2820 18
2821 17
2822 18
2823 17
2824 17
2825 18
2826 17
2827 19
2828 17
2829 18
2830 18
2831 17
2832 17
2833 17
2834 18
2835 18
2836 17
2837 17
2838 18
2839 18
2840 18
2841 17
2842 17
2843 28
2844 19
2845 18
2846 17
2847 17
2848 18
2849 18
2850 17
2851 18
2852 18
2853 17
2854 18
2855 18
2856 17
2857 18
2858 17
2859 17
2860 18
2861 18
2862 17
2863 18
2864 18
2865 17
2866 18
2867 18
2868 18
2869 17
2870 17
2871 18
2872 17
2873 18
2874 17
2875 17
2876 18
2877 18
2878 18
2879 17
2880 18
2881 18
2882 18
2883 26
2884 18
2885 17
2886 17
2887 17
2888 17
2889 18
2890 18
2891 18
2892 18
2893 17
2894 17
2895 18
2896 18
2897 17
2898 17
2899 17
2900 17
2901 17
2902 17
2903 17
2904 17
2905 26
2906 18
2907 18
2908 18
2909 18
2910 17
2911 17
2912 17
2913 17
2914 17
2915 17
2916 17
2917 18
2918 18
2919 18
2920 18
2921 18
2922 19
2923 18
2924 18
2925 17
2926 18
2927 18
2928 18
2929 17
2930 17
2931 17
2932 18
2933 17
2934 18
2935 17
2936 17
2937 17
2938 19
2939 17
2940 18
2941 17
2942 17
2943 18
2944 18
2945 18
2946 17
2947 17
2948 17
2949 18
2950 18
2951 18
2952 18
2953 17
2954 27
2955 19
2956 17
2957 18
2958 17
2959 17
2960 17
2961 17
2962 26
2963 17
2964 17
2965 17
2966 18
2967 17
2968 18
2969 18
2970 18
2971 18
2972 17
2973 18
2974 17
2975 17
2976 17
2977 17
2978 17
2979 18
2980 17
2981 17
2982 18
2983 18
2984 18
2985 17
2986 18
2987 18
2988 17
2989 17
2990 17
2991 17
2992 17
2993 18
2994 19
2995 18
2996 18
2997 17
2998 17
2999 17
3000 18
3001 18
3002 17
3003 17
3004 17
3005 17
3006 17
3007 17
3008 17
3009 17
3010 18
3011 18
3012 18
3013 17
3014 18
3015 18
3016 18
3017 18
3018 18
3019 17
3020 17
3021 17
3022 17
3023 17
3024 17
3025 17
3026 17
3027 18
3028 18
3029 18
3030 17
3031 17
3032 17
3033 17
3034 17
3035 17
3036 18
3037 18
3038 17
3039 17
3040 17
3041 17
3042 17
3043 17
3044 17
3045 17
3046 17
3047 18
3048 18
3049 18
3050 27
3051 18
3052 17
3053 17
3054 17
3055 18
3056 18
3057 18
3058 17
3059 17
3060 17
3061 17
3062 17
3063 17
3064 17
3065 17
3066 18
3067 18
3068 18
3069 17
3070 17
3071 17
3072 27
3073 18
3074 18
3075 17
3076 17
3077 17
3078 17
3079 17
3080 18
3081 18
3082 26
3083 17
3084 17
3085 18
3086 18
3087 17
3088 18
3089 18
3090 17
3091 17
3092 18
3093 17
3094 23
3095 18
3096 18
3097 17
3098 18
3099 17
3100 17
3101 18
3102 18
3103 18
3104 18
3105 17
3106 18
3107 17
3108 17
3109 18
3110 18
3111 17
3112 18
3113 18
3114 17
3115 21
3116 18
3117 18
3118 19
3119 17
3120 18
3121 17
3122 18
3123 17
3124 18
3125 18
3126 18
3127 19
3128 18
3129 17
3130 17
3131 17
3132 18
3133 18
3134 17
3135 18
3136 17
3137 18
3138 17
3139 17
3140 18
3141 17
3142 17
3143 17
3144 17
3145 17
3146 17
3147 18
3148 27
3149 18
3150 18
3151 18
3152 18
3153 25
3154 19
3155 17
3156 18
3157 18
3158 18
3159 18
3160 18
3161 18
3162 18
3163 17
3164 18
3165 17
3166 18
3167 18
3168 17
3169 17
3170 18
3171 18
3172 18
3173 17
3174 17
3175 18
3176 17
3177 18
3178 17
3179 17
3180 18
3181 17
3182 17
3183 17
3184 17
3185 17
3186 17
3187 19
3188 19
3189 18
3190 18
3191 18
3192 19
3193 19
3194 18
3195 17
3196 17
3197 18
3198 22
3199 18
3200 18
3201 17
3202 18
3203 18
3204 18
3205 17
3206 18
3207 17
3208 17
3209 19
3210 18
3211 17
3212 18
3213 18
3214 17
3215 18
3216 17
3217 18
3218 18
3219 17
3220 18
3221 18
3222 17
3223 18
3224 18
3225 27
3226 19
3227 18
3228 17
3229 17
3230 18
3231 18
3232 17
3233 18
3234 17
3235 18
3236 18
3237 18
3238 17
3239 17
3240 17
3241 18
3242 19
3243 18
3244 17
3245 18
3246 18
3247 18
3248 18
3249 17
3250 17
3251 18
3252 18
3253 18
3254 17
3255 17
3256 17
3257 18
3258 17
3259 19
3260 18
3261 17
3262 18
3263 19
3264 18
3265 17
3266 17
3267 18
3268 18
3269 17
3270 18
3271 18
3272 17
3273 17
3274 17
3275 18
3276 19
3277 19
3278 18
3279 18
3280 27
3281 18
3282 17
3283 17
3284 18
3285 18
3286 19
3287 19
3288 18
3289 18
3290 17
3291 17
3292 17
3293 17
3294 17
3295 17
3296 17
3297 18
3298 18
3299 18
3300 18
3301 17
3302 28
3303 18
3304 17
3305 18
3306 18
3307 17
3308 17
3309 18
3310 18
3311 17
3312 17
3313 18
3314 19
3315 36
3316 18
3317 17
3318 19
3319 18
3320 17
3321 17
3322 17
3323 17
3324 17
3325 17
3326 17
3327 17
3328 17
3329 17
3330 17
3331 17
3332 18
3333 17
3334 17
3335 18
3336 18
3337 17
3338 18
3339 18
3340 17
3341 25
3342 18
3343 18
3344 17
3345 17
3346 17
3347 17
3348 18
3349 17
3350 18
3351 19
3352 18
3353 19
3354 17
3355 17
3356 18
3357 18
3358 17
3359 17
3360 17
3361 18
3362 18
3363 18
3364 18
3365 17
3366 17
3367 17
3368 18
3369 19
3370 18
3371 18
3372 17
3373 17
3374 17
3375 17
3376 17
3377 18
3378 17
3379 17
3380 18
3381 18
3382 18
3383 18
3384 18
3385 17
3386 17
3387 18
3388 17
3389 17
3390 17
3391 18
3392 17
3393 18
3394 18
3395 18
3396 18
3397 18
3398 17
3399 17
3400 17
3401 17
3402 17
3403 17
3404 17
3405 17
3406 17
3407 17
3408 17
3409 17
3410 17
3411 17
3412 17
3413 17
3414 26
3415 20
3416 18
3417 18
3418 17
3419 17
3420 17
3421 17
3422 17
3423 17
3424 17
3425 18
3426 19
3427 17
3428 17
3429 17
3430 17
3431 17
3432 17
3433 18
3434 17
3435 17
3436 17
3437 17
3438 17
3439 17
3440 18
3441 18
3442 19
3443 18
3444 17
3445 17
3446 17
3447 17
3448 17
3449 17
3450 17
3451 17
3452 27
3453 18
3454 17
3455 17
3456 17
3457 17
3458 17
3459 17
3460 17
3461 18
3462 18
3463 18
3464 18
3465 18
3466 17
3467 18
3468 17
3469 17
3470 18
3471 18
3472 17
3473 17
3474 18
3475 18
3476 17
3477 19
3478 17
3479 19
3480 18
3481 18
3482 18
3483 17
3484 17
3485 17
3486 17
3487 17
3488 17
3489 18
3490 19
3491 17
3492 17
3493 27
3494 18
3495 17
3496 27
3497 18
3498 18
3499 17
3500 18
3501 25
3502 18
3503 18
3504 17
3505 17
3506 18
3507 19
3508 18
3509 18
3510 17
3511 17
3512 17
3513 18
3514 17
3515 18
3516 17
3517 17
3518 19
3519 17
3520 17
3521 18
3522 18
3523 17
3524 17
3525 17
3526 17
3527 17
3528 17
3529 17
3530 17
3531 17
3532 17
3533 18
3534 18
3535 22
3536 17
3537 18
3538 17
3539 17
3540 17
3541 17
3542 17
3543 19
3544 17
3545 17
3546 17
3547 17
3548 18
3549 17
3550 18
3551 18
3552 19
3553 18
3554 17
3555 17
3556 17
3557 17
3558 17
3559 17
3560 17
3561 17
3562 29
3563 18
3564 19
3565 18
3566 18
3567 18
3568 18
3569 18
3570 17
3571 18
3572 17
3573 17
3574 18
3575 18
3576 18
3577 17
3578 17
3579 18
3580 18
3581 17
3582 18
3583 17
3584 17
3585 28
3586 19
3587 17
3588 17
3589 18
3590 18
3591 18
3592 18
3593 17
3594 18
3595 19
3596 18
3597 19
3598 18
3599 17
3600 17
3601 17
3602 17
3603 18
3604 18
3605 17
3606 18
3607 21
3608 18
3609 18
3610 19
3611 19
3612 18
3613 18
3614 18
3615 18
3616 17
3617 18
3618 28
3619 20
3620 17
3621 18
3622 18
3623 17
3624 17
3625 18
3626 18
3627 28
3628 19
3629 17
3630 18
3631 17
3632 18
3633 17
3634 17
3635 17
3636 17
3637 17
3638 17
3639 17
3640 17
3641 17
3642 18
3643 18
3644 18
3645 17
3646 18
3647 17
3648 17
3649 17
3650 18
3651 17
3652 17
3653 19
3654 18
3655 18
3656 18
3657 17
3658 17
3659 17
3660 17
3661 21
3662 19
3663 18
3664 17
3665 18
3666 18
3667 18
3668 28
3669 17
3670 17
3671 19
3672 17
3673 18
3674 18
3675 18
3676 18
3677 18
3678 17
3679 17
3680 17
3681 17
3682 17
3683 17
3684 17
3685 17
3686 17
3687 17
3688 17
3689 17
3690 17
3691 18
3692 19
3693 17
3694 18
3695 18
3696 18
3697 19
3698 17
3699 19
3700 19
3701 18
3702 17
3703 18
3704 18
3705 17
3706 18
3707 17
3708 18
3709 18
3710 17
3711 18
3712 17
3713 17
3714 18
3715 18
3716 19
3717 20
3718 19
3719 18
3720 19
3721 18
3722 17
3723 17
3724 18
3725 18
3726 18
3727 17
3728 17
3729 18
3730 17
3731 17
3732 18
3733 20
3734 18
3735 22
3736 18
3737 17
3738 18
3739 18
3740 17
3741 17
3742 17
3743 17
3744 17
3745 17
3746 17
3747 17
3748 17
3749 18
3750 17
3751 19
3752 17
3753 17
3754 18
3755 18
3756 17
3757 17
3758 17
3759 17
3760 18
3761 18
3762 17
3763 18
3764 18
3765 27
3766 18
3767 18
3768 17
3769 17
3770 17
3771 18
3772 18
3773 17
3774 17
3775 17
3776 18
3777 18
3778 18
3779 17
3780 18
3781 18
3782 17
3783 17
3784 17
3785 17
3786 17
3787 18
3788 17
3789 18
3790 18
3791 18
3792 17
3793 17
3794 19
3795 17
3796 18
3797 17
3798 18
3799 22
3800 17
3801 18
3802 17
3803 18
3804 18
3805 18
3806 17
3807 17
3808 17
3809 18
3810 20
3811 22
3812 18
3813 18
3814 30
3815 19
3816 18
3817 18
3818 17
3819 17
3820 17
3821 18
3822 17
3823 17
3824 22
3825 22
3826 17
3827 19
3828 19
3829 18
3830 18
3831 18
3832 18
3833 17
3834 19
3835 17
3836 17
3837 17
3838 17
3839 18
3840 17
3841 20
3842 17
3843 34
3844 19
3845 17
3846 19
3847 19
3848 19
3849 19
3850 17
3851 17
3852 18
3853 18
3854 18
3855 17
3856 18
3857 18
3858 18
3859 18
3860 18
3861 19
3862 18
3863 24
3864 19
3865 19
3866 17
3867 19
3868 21
3869 18
3870 18
3871 17
3872 18
3873 18
3874 20
3875 18
3876 17
3877 19
3878 20
3879 19
3880 18
3881 17
3882 18
3883 18
3884 18
3885 17
3886 18
3887 17
3888 17
3889 17
3890 28
3891 18
3892 18
3893 17
3894 17
3895 18
3896 18
3897 18
3898 17
3899 17
3900 18
3901 17
3902 17
3903 17
3904 17
3905 18
3906 17
3907 17
3908 17
3909 17
3910 17
3911 19
3912 18
3913 17
3914 17
3915 17
3916 17
3917 17
3918 17
3919 18
3920 17
3921 17
3922 20
3923 17
3924 18
3925 18
3926 18
3927 26
3928 18
3929 18
3930 18
3931 19
3932 17
3933 19
3934 18
3935 18
3936 17
3937 18
3938 21
3939 21
3940 20
3941 18
3942 19
3943 18
3944 17
3945 17
3946 19
3947 18
3948 17
3949 18
3950 17
3951 18
3952 18
3953 19
3954 20
3955 23
3956 19
3957 17
3958 18
3959 18
3960 20
3961 18
3962 18
3963 17
3964 20
3965 18
3966 17
3967 17
3968 20
3969 19
3970 18
3971 18
3972 18
3973 17
3974 18
3975 18
3976 19
3977 19
3978 17
3979 18
3980 19
3981 20
3982 19
3983 20
3984 19
3985 19
3986 20
3987 19
3988 19
3989 19
3990 17
3991 23
3992 19
3993 19
3994 17
3995 19
3996 17
3997 20
3998 19
3999 19
4000 18
4001 21
4002 18
4003 19
4004 17
4005 18
4006 19
4007 19
4008 19
4009 18
4010 17
4011 18
4012 26
4013 18
4014 18
4015 31
4016 19
4017 18
4018 18
4019 20
4020 19
4021 18
4022 17
4023 17
4024 19
4025 18
4026 17
4027 17
4028 17
4029 17
4030 18
4031 18
4032 18
4033 17
4034 17
4035 17
4036 17
4037 18
4038 17
4039 17
4040 17
4041 17
4042 17
4043 17
4044 17
4045 17
4046 17
4047 18
4048 17
4049 17
4050 17
4051 17
4052 17
4053 17
4054 17
4055 18
4056 18
4057 18
4058 17
4059 17
4060 17
4061 17
4062 17
4063 17
4064 18
4065 18
4066 18
4067 18
4068 17
4069 18
4070 20
4071 18
4072 17
4073 17
4074 18
4075 18
4076 18
4077 18
4078 17
4079 18
4080 17
4081 18
4082 18
4083 18
4084 17
4085 18
4086 18
4087 18
4088 17
4089 17
4090 17
4091 18
4092 17
4093 18
4094 18
4095 17
4096 17
4097 18
4098 18
4099 18
4100 17
4101 18
4102 18
4103 18
4104 17
4105 17
4106 17
4107 18
4108 18
4109 19
4110 17
4111 17
4112 17
4113 17
4114 17
4115 17
4116 17
4117 17
4118 18
4119 17
4120 18
4121 17
4122 18
4123 17
4124 17
4125 18
4126 19
4127 18
4128 17
4129 17
4130 17
4131 17
4132 17
4133 17
4134 18
4135 17
4136 17
4137 17
4138 17
4139 18
4140 17
4141 17
4142 17
4143 18
4144 18
4145 20
4146 20
4147 17
4148 26
4149 19
4150 18
4151 17
4152 17
4153 17
4154 18
4155 17
4156 17
4157 17
4158 17
4159 17
4160 18
4161 18
4162 18
4163 18
4164 18
4165 19
4166 18
4167 17
4168 17
4169 18
4170 18
4171 17
4172 17
4173 17
4174 18
4175 17
4176 17
4177 17
4178 27
4179 17
4180 17
4181 17
4182 17
4183 17
4184 17
4185 17
4186 17
4187 17
4188 18
4189 18
4190 17
4191 17
4192 17
4193 18
4194 18
4195 17
4196 18
4197 17
4198 19
4199 17
4200 18
4201 17
4202 17
4203 17
4204 17
4205 17
4206 17
4207 17
4208 17
4209 18
4210 17
4211 17
4212 18
4213 18
4214 17
4215 18
4216 17
4217 18
4218 17
4219 17
4220 17
4221 17
4222 17
4223 17
4224 17
4225 17
4226 17
4227 18
4228 17
4229 17
4230 17
4231 17
4232 18
4233 17
4234 17
4235 17
4236 17
4237 17
4238 17
4239 17
4240 17
4241 17
4242 18
4243 18
4244 17
4245 18
4246 18
4247 17
4248 17
4249 17
4250 18
4251 17
4252 17
4253 18
4254 18
4255 18
4256 17
4257 17
4258 18
4259 18
4260 23
4261 18
4262 18
4263 17
4264 17
4265 17
4266 18
4267 18
4268 17
4269 18
4270 18
4271 19
4272 18
4273 17
4274 17
4275 17
4276 17
4277 17
4278 17
4279 17
4280 17
4281 17
4282 18
4283 17
4284 17
4285 17
4286 17
4287 18
4288 19
4289 17
4290 18
4291 17
4292 18
4293 18
4294 17
4295 18
4296 17
4297 17
4298 18
4299 17
4300 17
4301 17
4302 17
4303 18
4304 18
4305 17
4306 18
4307 18
4308 18
4309 17
4310 18
4311 18
4312 18
4313 18
4314 17
4315 17
4316 17
4317 18
4318 17
4319 18
4320 18
4321 17
4322 18
4323 19
4324 17
4325 18
4326 17
4327 18
4328 18
4329 18
4330 18
4331 18
4332 18
4333 18
4334 18
4335 17
4336 18
4337 17
4338 18
4339 17
4340 17
4341 18
4342 17
4343 17
4344 18
4345 18
4346 18
4347 18
4348 18
4349 17
4350 18
4351 17
4352 18
4353 18
4354 17
4355 18
4356 17
4357 32
4358 18
4359 18
4360 18
4361 18
4362 18
4363 17
4364 18
4365 18
4366 17
4367 18
4368 18
4369 18
4370 17
4371 18
4372 18
4373 17
4374 18
4375 18
4376 18
4377 18
4378 17
4379 17
4380 17
4381 18
4382 19
4383 18
4384 18
4385 17
4386 18
4387 17
4388 17
4389 18
4390 17
4391 17
4392 18
4393 19
4394 17
4395 17
4396 17
4397 18
4398 17
4399 17
4400 18
4401 18
4402 17
4403 17
4404 19
4405 17
4406 18
4407 18
4408 18
4409 18
4410 17
4411 17
4412 17
4413 17
4414 17
4415 18
4416 17
4417 18
4418 18
4419 18
4420 17
4421 18
4422 18
4423 17
4424 17
4425 18
4426 17
4427 18
4428 18
4429 17
4430 17
4431 18
4432 17
4433 18
4434 17
4435 18
4436 17
4437 17
4438 17
4439 18
4440 18
4441 17
4442 17
4443 18
4444 17
4445 18
4446 18
4447 17
4448 17
4449 18
4450 28
4451 19
4452 18
4453 18
4454 18
4455 19
4456 17
4457 17
4458 18
4459 18
4460 17
4461 18
4462 18
4463 18
4464 17
4465 19
4466 17
4467 17
4468 18
4469 17
4470 18
4471 19
4472 17
4473 18
4474 17
4475 18
4476 17
4477 18
4478 18
4479 18
4480 17
4481 17
4482 18
4483 17
4484 17
4485 18
4486 18
4487 17
4488 18
4489 18
4490 17
4491 18
4492 19
4493 18
4494 18
4495 18
4496 18
4497 17
4498 17
4499 18
4500 18
4501 17
4502 18
4503 18
4504 18
4505 18
4506 17
4507 17
4508 17
4509 17
4510 18
4511 17
4512 18
4513 17
4514 17
4515 17
4516 17
4517 18
4518 17
4519 17
4520 18
4521 17
4522 17
4523 18
4524 17
4525 18
4526 18
4527 18
4528 17
4529 18
4530 17
4531 18
4532 18
4533 18
4534 30
4535 18
4536 17
4537 18
4538 18
4539 18
4540 17
4541 17
4542 17
4543 17
4544 17
4545 18
4546 18
4547 18
4548 17
4549 17
4550 17
4551 17
4552 18
4553 18
4554 19
4555 17
4556 18
4557 17
4558 17
4559 17
4560 17
4561 17
4562 17
4563 18
4564 17
4565 17
4566 17
4567 18
4568 17
4569 17
4570 18
4571 18
4572 17
4573 18
4574 17
4575 17
4576 18
4577 18
4578 17
4579 18
4580 17
4581 17
4582 17
4583 18
4584 18
4585 18
4586 18
4587 27
4588 19
4589 18
4590 17
4591 17
4592 17
4593 18
4594 18
4595 18
4596 17
4597 17
4598 17
4599 18
4600 17
4601 18
4602 18
4603 18
4604 18
4605 17
4606 17
4607 17
4608 17
4609 27
4610 18
4611 17
4612 17
4613 17
4614 17
4615 17
4616 17
4617 17
4618 17
4619 17
4620 24
4621 18
4622 18
4623 17
4624 17
4625 17
4626 18
4627 18
4628 19
4629 17
4630 18
4631 17
4632 17
4633 17
4634 18
4635 19
4636 17
4637 17
4638 18
4639 19
4640 17
4641 17
4642 17
4643 17
4644 17
4645 17
4646 17
4647 18
4648 22
4649 18
4650 18
4651 19
4652 18
4653 17
4654 17
4655 17
4656 17
4657 17
4658 17
4659 27
4660 18
4661 17
4662 18
4663 17
4664 17
4665 18
4666 17
4667 18
4668 18
4669 17
4670 17
4671 18
4672 17
4673 17
4674 17
4675 17
4676 18
4677 17
4678 19
4679 18
4680 18
4681 17
4682 17
4683 17
4684 17
4685 18
4686 17
4687 17
4688 18
4689 19
4690 17
4691 17
4692 18
4693 19
4694 18
4695 17
4696 18
4697 18
4698 17
4699 18
4700 18
4701 17
4702 17
4703 17
4704 18
4705 17
4706 18
4707 17
4708 18
4709 18
4710 18
4711 32
4712 18
4713 18
4714 27
4715 18
4716 17
4717 18
4718 17
4719 17
4720 17
4721 18
4722 18
4723 17
4724 17
4725 17
4726 17
4727 18
4728 18
4729 17
4730 17
4731 17
4732 17
4733 18
4734 18
4735 17
4736 17
4737 18
4738 18
4739 18
4740 18
4741 17
4742 18
4743 17
4744 18
4745 17
4746 18
4747 18
4748 17
4749 17
4750 18
4751 18
4752 27
4753 18
4754 18
4755 18
4756 17
4757 17
4758 19
4759 17
4760 18
4761 17
4762 18
4763 20
4764 17
4765 17
4766 18
4767 17
4768 17
4769 17
4770 18
4771 17
4772 17
4773 18
4774 18
4775 18
4776 18
4777 17
4778 18
4779 18
4780 17
4781 17
4782 17
4783 18
4784 18
4785 17
4786 19
4787 18
4788 18
4789 17
4790 18
4791 18
4792 18
4793 17
4794 17
4795 17
4796 17
4797 18
4798 18
4799 17
4800 17
4801 18
4802 19
4803 19
4804 17
4805 17
4806 18
4807 19
4808 18
4809 18
4810 17
4811 17
4812 17
4813 17
4814 18
4815 18
4816 17
4817 17
4818 18
4819 18
4820 17
4821 17
4822 17
4823 17
4824 18
4825 17
4826 17
4827 20
4828 17
4829 17
4830 18
4831 18
4832 17
4833 18
4834 18
4835 18
4836 17
4837 18
4838 18
4839 18
4840 17
4841 17
4842 17
4843 18
4844 18
4845 17
4846 17
4847 17
4848 17
4849 18
4850 18
4851 17
4852 18
4853 18
4854 17
4855 17
4856 17
4857 18
4858 17
4859 17
4860 17
4861 17
4862 17
4863 17
4864 17
4865 18
4866 17
4867 17
4868 17
4869 17
4870 18
4871 18
4872 19
4873 17
4874 18
4875 17
4876 17
4877 17
4878 17
4879 17
4880 17
4881 17
4882 17
4883 17
4884 17
4885 17
4886 27
4887 18
4888 31
4889 18
4890 17
4891 20
4892 20
4893 18
4894 17
4895 17
4896 17
4897 17
4898 17
4899 17
4900 17
4901 17
4902 17
4903 17
4904 17
4905 17
4906 17
4907 17
4908 19
4909 18
4910 18
4911 17
4912 17
4913 17
4914 17
4915 17
4916 17
4917 17
4918 17
4919 17
4920 18
4921 17
4922 17
4923 17
4924 17
4925 17
4926 17
4927 17
4928 17
4929 17
4930 27
4931 18
4932 18
4933 17
4934 17
4935 25
4936 18
4937 17
4938 17
4939 17
4940 17
4941 17
4942 17
4943 16
4944 17
4945 17
4946 25
4947 18
4948 17
4949 17
4950 16
4951 17
4952 17
4953 17
4954 17
4955 19
4956 17
4957 17
4958 19
4959 18
4960 17
4961 17
4962 17
4963 17
4964 17
4965 17
4966 17
4967 18
4968 17
4969 17
4970 17
4971 18
4972 17
4973 17
4974 17
4975 17
4976 17
4977 17
4978 17
4979 17
4980 17
4981 18
4982 18
4983 18
4984 17
4985 17
4986 17
4987 18
4988 17
4989 17
4990 17
4991 18
4992 19
4993 17
4994 17
4995 17
4996 17
4997 17
4998 17
4999 17
5000 17
5001 17
5002 17
5003 18
5004 18
5005 18
5006 17
5007 17
5008 17
5009 18
5010 17
5011 17
5012 17
5013 17
5014 18
5015 18
5016 18
5017 17
5018 17
5019 19
5020 18
5021 17
5022 17
5023 17
5024 17
5025 18
5026 18
5027 17
5028 17
5029 17
5030 17
5031 18
5032 18
5033 17
5034 17
5035 17
5036 17
5037 17
5038 17
5039 17
5040 17
5041 17
5042 17
5043 17
5044 17
5045 16
5046 17
5047 17
5048 17
5049 26
5050 18
5051 17
5052 18
5053 17
5054 17
5055 17
5056 17
5057 17
5058 17
5059 17
5060 17
5061 17
5062 17
5063 17
5064 24
5065 18
5066 18
5067 18
5068 17
5069 18
5070 18
5071 19
5072 17
5073 17
5074 17
5075 18
5076 19
5077 19
5078 17
5079 18
5080 17
5081 17
5082 17
5083 19
5084 17
5085 17
5086 17
5087 17
5088 17
5089 17
5090 17
5091 17
5092 17
5093 17
5094 18
5095 17
5096 18
5097 17
5098 17
5099 17
5100 18
5101 18
5102 18
5103 17
5104 17
5105 18
5106 17
5107 17
5108 17
5109 18
5110 17
5111 17
5112 17
5113 17
5114 17
5115 18
5116 17
5117 18
5118 18
5119 17
5120 19
5121 19
5122 17
5123 18
5124 17
5125 18
5126 17
5127 17
5128 17
5129 18
5130 18
5131 18
5132 19
5133 17
5134 18
5135 17
5136 17
5137 18
5138 17
5139 18
5140 18
5141 18
5142 19
5143 20
5144 17
5145 17
5146 18
5147 20
5148 17
5149 17
5150 18
5151 17
5152 18
5153 17
5154 17
5155 17
5156 18
5157 18
5158 17
5159 18
5160 19
5161 18
5162 18
5163 18
5164 28
5165 18
5166 17
5167 18
5168 18
5169 17
5170 17
5171 17
5172 18
5173 18
5174 18
5175 18
5176 17
5177 17
5178 17
5179 17
5180 18
5181 18
5182 18
5183 18
5184 17
5185 18
5186 18
5187 17
5188 18
5189 18
5190 18
5191 17
5192 18
5193 19
5194 17
5195 18
5196 17
5197 17
5198 17
5199 17
5200 17
5201 17
5202 17
5203 18
5204 19
5205 18
5206 17
5207 17
5208 17
5209 17
5210 18
5211 19
5212 17
5213 18
5214 18
5215 17
5216 17
5217 17
5218 17
5219 17
5220 17
5221 17
5222 17
5223 17
5224 17
5225 17
5226 17
5227 17
5228 17
5229 17
5230 18
5231 18
5232 17
5233 17
5234 17
5235 17
5236 18
5237 17
5238 17
5239 17
5240 17
5241 17
5242 17
5243 17
5244 17
5245 17
5246 18
5247 17
5248 17
5249 17
5250 17
5251 17
5252 17
5253 18
5254 17
5255 21
5256 17
5257 17
5258 17
5259 17
5260 17
5261 17
5262 17
5263 18
5264 17
5265 17
5266 17
5267 17
5268 18
5269 18
5270 18
5271 17
5272 17
5273 17
5274 17
5275 20
5276 18
5277 17
5278 17
5279 17
5280 17
5281 17
5282 17
5283 26
5284 18
5285 17
5286 17
5287 17
5288 18
5289 17
5290 17
5291 17
5292 17
5293 17
5294 18
5295 17
5296 18
5297 18
5298 18
5299 17
5300 18
5301 17
5302 17
5303 17
5304 17
5305 17
5306 17
5307 17
5308 17
5309 17
5310 17
5311 25
5312 18
5313 17
5314 17
5315 17
5316 17
5317 17
5318 17
5319 18
5320 17
5321 17
5322 17
5323 17
5324 17
5325 17
5326 17
5327 18
5328 18
5329 18
5330 17
5331 17
5332 17
5333 17
5334 17
5335 17
5336 17
5337 17
5338 17
5339 19
5340 17
5341 17
5342 17
5343 17
5344 18
5345 17
5346 17
5347 18
5348 18
5349 17
5350 18
5351 18
5352 17
5353 17
5354 18
5355 17
5356 17
5357 17
5358 17
5359 17
5360 28
5361 18
5362 18
5363 17
5364 17
5365 18
5366 17
5367 17
5368 17
5369 17
5370 18
5371 18
5372 20
5373 17
5374 18
5375 18
5376 18
5377 17
5378 18
5379 17
5380 18
5381 17
5382 17
5383 19
5384 17
5385 18
5386 17
5387 19
5388 17
5389 17
5390 18
5391 17
5392 17
5393 18
5394 18
5395 17
5396 17
5397 18
5398 17
5399 17
5400 19
5401 18
5402 18
5403 19
5404 17
5405 17
5406 17
5407 17
5408 17
5409 17
5410 19
5411 18
5412 17
5413 17
5414 18
5415 17
5416 17
5417 17
5418 17
5419 17
5420 17
5421 27
5422 18
5423 280
5424 27
5425 27
5426 19
5427 17
5428 17
5429 17
5430 25
5431 17
5432 17
5433 17
5434 17
5435 17
5436 18
5437 17
5438 17
5439 17
5440 17
5441 25
5442 18
5443 18
5444 17
5445 17
5446 17
5447 19
5448 17
5449 18
5450 17
5451 18
5452 17
5453 17
5454 17
5455 18
5456 18
5457 18
5458 18
5459 18
5460 18
5461 18
5462 17
5463 18
5464 18
5465 18
5466 17
5467 17
5468 17
5469 17
5470 17
5471 17
5472 17
5473 17
5474 17
5475 17
5476 17
5477 17
5478 17
5479 17
5480 18
5481 19
5482 18
5483 17
5484 17
5485 17
5486 18
5487 18
5488 18
5489 17
5490 17
5491 17
5492 17
5493 18
5494 18
5495 18
5496 18
5497 17
5498 18
5499 17
5500 17
5501 17
5502 18
5503 18
5504 18
5505 17
5506 17
5507 17
5508 17
5509 17
5510 17
5511 17
5512 17
5513 18
5514 18
5515 17
5516 17
5517 17
5518 18
5519 18
5520 18
5521 18
5522 18
5523 17
5524 18
5525 18
5526 18
5527 17
5528 18
5529 18
5530 17
5531 17
5532 17
5533 17
5534 17
5535 18
5536 18
5537 17
5538 17
5539 18
5540 18
5541 17
5542 17
5543 17
5544 17
5545 17
5546 17
5547 17
5548 17
5549 17
5550 17
5551 17
5552 17
5553 18
5554 17
5555 17
5556 17
5557 17
5558 17
5559 17
5560 18
5561 18
5562 17
5563 17
5564 17
5565 17
5566 17
5567 18
5568 18
5569 17
5570 17
5571 18
5572 17
5573 17
5574 17
5575 18
5576 18
5577 17
5578 17
5579 18
5580 18
5581 18
5582 18
5583 17
5584 17
5585 17
5586 17
5587 17
5588 17
5589 17
5590 25
5591 18
5592 17
5593 17
5594 18
5595 17
5596 17
5597 17
5598 18
5599 18
5600 17
5601 17
5602 17
5603 17
5604 17
5605 17
5606 17
5607 17
5608 17
5609 22
5610 17
5611 17
5612 17
5613 17
5614 17
5615 18
5616 17
5617 18
5618 18
5619 17
5620 17
5621 18
5622 18
5623 18
5624 19
5625 18
5626 18
5627 18
5628 18
5629 17
5630 17
5631 17
5632 27
5633 18
5634 18
5635 18
5636 17
5637 17
5638 17
5639 17
5640 18
5641 17
5642 17
5643 18
5644 19
5645 18
5646 17
5647 17
5648 17
5649 18
5650 18
5651 17
5652 18
5653 18
5654 18
5655 19
5656 18
5657 17
5658 17
5659 17
5660 18
5661 18
5662 18
5663 18
5664 18
5665 17
5666 17
5667 17
5668 17
5669 17
5670 17
5671 17
5672 17
5673 17
5674 17
5675 17
5676 17
5677 18
5678 17
5679 18
5680 17
5681 17
5682 17
5683 17
5684 17
5685 18
5686 18
5687 18
5688 17
5689 18
5690 18
5691 18
5692 18
5693 28
5694 18
5695 17
5696 18
5697 18
5698 17
5699 17
5700 18
5701 18
5702 18
5703 17
5704 18
5705 19
5706 18
5707 17
5708 17
5709 18
5710 18
5711 18
5712 17
5713 17
5714 18
5715 17
5716 18
5717 17
5718 17
5719 18
5720 18
5721 18
5722 17
5723 18
5724 17
5725 17
5726 18
5727 17
5728 18
5729 19
5730 18
5731 18
5732 18
5733 18
5734 18
5735 18
5736 18
5737 17
5738 17
5739 18
5740 17
5741 18
5742 17
5743 17
5744 17
5745 17
5746 18
5747 18
5748 17
5749 19
5750 18
5751 18
5752 17
5753 17
5754 17
5755 17
5756 17
5757 18
5758 18
5759 18
5760 18
5761 18
5762 17
5763 17
5764 17
5765 17
5766 17
5767 17
5768 26
5769 18
5770 17
5771 17
5772 17
5773 17
5774 18
5775 18
5776 17
5777 18
5778 18
5779 18
5780 18
5781 18
5782 18
5783 19
5784 17
5785 17
5786 18
5787 17
5788 17
5789 17
5790 18
5791 18
5792 18
5793 18
5794 18
5795 17
5796 17
5797 17
5798 17
5799 19
5800 17
5801 18
5802 17
5803 17
5804 27
5805 18
5806 17
5807 18
5808 18
5809 17
5810 17
5811 17
5812 17
5813 17
5814 17
5815 18
5816 20
5817 18
5818 18
5819 17
5820 17
5821 17
5822 18
5823 18
5824 17
5825 17
5826 18
5827 19
5828 18
5829 18
5830 18
5831 18
5832 17
5833 17
5834 17
5835 17
5836 18
5837 27
5838 18
5839 17
5840 17
5841 18
5842 18
5843 19
5844 18
5845 18
5846 17
5847 18
5848 18
5849 18
5850 18
5851 18
5852 18
5853 18
5854 18
5855 18
5856 18
5857 17
5858 17
5859 17
5860 17
5861 17
5862 18
5863 18
5864 18
5865 18
5866 17
5867 17
5868 17
5869 17
5870 17
5871 17
5872 17
5873 17
5874 17
5875 17
5876 17
5877 18
5878 19
5879 19
5880 18
5881 17
5882 17
5883 17
5884 18
5885 18
5886 18
5887 17
5888 19
5889 17
5890 18
5891 18
5892 18
5893 18
5894 17
5895 17
5896 17
5897 17
5898 18
5899 18
5900 18
5901 17
5902 17
5903 17
5904 28
5905 18
5906 17
5907 18
5908 17
5909 17
5910 18
5911 18
5912 17
5913 17
5914 18
5915 17
5916 17
5917 18
5918 17
5919 18
5920 18
5921 19
5922 18
5923 18
5924 17
5925 17
5926 18
5927 18
5928 18
5929 17
5930 17
5931 18
5932 17
5933 17
5934 17
5935 18
5936 17
5937 27
5938 19
5939 18
5940 18
5941 18
5942 18
5943 18
5944 17
5945 28
5946 19
5947 17
5948 17
5949 17
5950 18
5951 18
5952 17
5953 18
5954 19
5955 17
5956 18
5957 18
5958 18
5959 19
5960 18
5961 18
5962 18
5963 18
5964 18
5965 17
5966 17
5967 18
5968 17
5969 17
5970 18
5971 18
5972 17
5973 18
5974 17
5975 27
5976 18
5977 17
5978 18
5979 17
5980 18
5981 18
5982 18
5983 18
5984 17
5985 17
5986 17
5987 18
5988 19
5989 18
5990 17
5991 18
5992 18
5993 17
5994 18
5995 18
5996 17
5997 18
5998 18
5999 18
6000 17
6001 18
6002 17
6003 17
6004 18
6005 18
6006 17
6007 18
6008 17
6009 18
6010 18
6011 19
6012 19
6013 17
6014 17
6015 17
6016 17
6017 17
6018 17
6019 17
6020 18
6021 18
6022 18
6023 18
6024 17
6025 18
6026 18
6027 18
6028 17
6029 17
6030 17
6031 18
6032 18
6033 18
6034 17
6035 18
6036 18
6037 18
6038 17
6039 18
6040 18
6041 17
6042 17
6043 17
6044 18
6045 18
6046 17
6047 17
6048 18
6049 18
6050 17
6051 17
6052 17
6053 17
6054 17
6055 18
6056 18
6057 18
6058 17
6059 17
6060 17
6061 20
6062 17
6063 17
6064 18
6065 17
6066 18
6067 18
6068 18
6069 17
6070 17
6071 26
6072 19
6073 17
6074 18
6075 18
6076 18
6077 18
6078 18
6079 17
6080 18
6081 18
6082 17
6083 17
6084 18
6085 18
6086 18
6087 17
6088 18
6089 17
6090 17
6091 17
6092 18
6093 18
6094 18
6095 18
6096 17
6097 28
6098 18
6099 17
6100 17
6101 18
6102 18
6103 17
6104 18
6105 17
6106 18
6107 18
6108 18
6109 19
6110 18
6111 18
6112 18
6113 17
6114 17
6115 17
6116 17
6117 17
6118 17
6119 27
6120 18
6121 27
6122 18
6123 17
6124 17
6125 17
6126 17
6127 18
6128 18
6129 18
6130 18
6131 17
6132 18
6133 17
6134 18
6135 18
6136 19
6137 19
6138 19
6139 18
6140 17
6141 18
6142 18
6143 17
6144 17
6145 18
6146 27
6147 19
6148 18
6149 18
6150 17
6151 18
6152 18
6153 17
6154 18
6155 18
6156 17
6157 18
6158 17
6159 17
6160 18
6161 18
6162 20
6163 19
6164 18
6165 17
6166 17
6167 18
6168 18
6169 17
6170 18
6171 18
6172 17
6173 17
6174 18
6175 18
6176 17
6177 17
6178 17
6179 18
6180 18
6181 17
6182 18
6183 18
6184 17
6185 17
6186 18
6187 17
6188 17
6189 17
6190 17
6191 18
6192 18
6193 17
6194 17
6195 18
6196 18
6197 18
6198 17
6199 18
6200 18
6201 17
6202 17
6203 18
6204 18
6205 17
6206 17
6207 17
6208 17
6209 18
6210 19
6211 18
6212 17
6213 18
6214 18
6215 18
6216 18
6217 17
6218 17
6219 18
6220 18
6221 17
6222 17
6223 17
6224 18
6225 17
6226 19
6227 18
6228 18
6229 17
6230 17
6231 18
6232 19
6233 18
6234 18
6235 17
6236 20
6237 17
6238 18
6239 17
6240 17
6241 17
6242 17
6243 17
6244 17
6245 17
6246 17
6247 17
6248 18
6249 17
6250 17
6251 17
6252 17
6253 17
6254 17
6255 17
6256 17
6257 17
6258 17
6259 17
6260 17
6261 17
6262 18
6263 18
6264 18
6265 17
6266 17
6267 17
6268 17
6269 17
6270 17
6271 17
6272 19
6273 18
6274 18
6275 18
6276 18
6277 18
6278 17
6279 17
6280 17
6281 19
6282 18
6283 18
6284 17
6285 17
6286 17
6287 18
6288 18
6289 17
6290 19
6291 17
6292 17
6293 17
6294 17
6295 17
6296 17
6297 17
6298 17
6299 17
6300 21
6301 17
6302 17
6303 18
6304 17
6305 17
6306 18
6307 18
6308 17
6309 17
6310 17
6311 17
6312 17
6313 17
6314 17
6315 18
6316 18
6317 17
6318 17
6319 18
6320 17
6321 17
6322 17
6323 17
6324 17
6325 18
6326 19
6327 18
6328 19
6329 17
6330 18
6331 17
6332 17
6333 17
6334 17
6335 17
6336 17
6337 19
6338 17
6339 18
6340 17
6341 17
6342 28
6343 19
6344 18
6345 18
6346 18
6347 18
6348 18
6349 17
6350 17
6351 17
6352 17
6353 17
6354 19
6355 17
6356 18
6357 17
6358 17
6359 17
6360 17
6361 17
6362 17
6363 17
6364 17
6365 17
6366 17
6367 17
6368 17
6369 17
6370 17
6371 17
6372 18
6373 18
6374 18
6375 17
6376 17
6377 17
6378 17
6379 17
6380 17
6381 17
6382 17
6383 17
6384 17
6385 17
6386 18
6387 18
6388 19
6389 17
6390 17
6391 17
6392 17
6393 17
6394 17
6395 17
6396 17
6397 17
6398 27
6399 18
6400 18
6401 17
6402 17
6403 16
6404 17
6405 17
6406 18
6407 17
6408 17
6409 17
6410 17
6411 17
6412 17
6413 18
6414 18
6415 17
6416 17
6417 17
6418 19
6419 17
6420 17
6421 18
6422 17
6423 17
6424 17
6425 17
6426 18
6427 19
6428 17
6429 17
6430 17
6431 18
6432 18
6433 18
6434 18
6435 17
6436 18
6437 18
6438 17
6439 17
6440 17
6441 17
6442 17
6443 18
6444 19
6445 18
6446 17
6447 17
6448 18
6449 17
6450 17
6451 17
6452 17
6453 17
6454 17
6455 17
6456 18
6457 17
6458 17
6459 17
6460 18
6461 19
6462 18
6463 17
6464 17
6465 18
6466 18
6467 17
6468 17
6469 17
6470 17
6471 17
6472 17
6473 17
6474 18
6475 18
6476 17
6477 18
6478 18
6479 18
6480 19
6481 17
6482 30
6483 19
6484 17
6485 17
6486 18
6487 18
6488 18
6489 17
6490 17
6491 18
6492 18
6493 18
6494 19
6495 17
6496 17
6497 17
6498 17
6499 17
6500 17
6501 17
6502 18
6503 17
6504 17
6505 18
6506 18
6507 17
6508 17
6509 17
6510 17
6511 17
6512 17
6513 18
6514 18
6515 17
6516 17
6517 18
6518 19
6519 18
6520 17
6521 18
6522 17
6523 17
6524 17
6525 18
6526 18
6527 18
6528 17
6529 17
6530 17
6531 17
6532 17
6533 17
6534 18
6535 17
6536 17
6537 18
6538 18
6539 19
6540 18
6541 18
6542 18
6543 17
6544 18
6545 17
6546 19
6547 17
6548 18
6549 18
6550 18
6551 17
6552 17
6553 17
6554 18
6555 17
6556 17
6557 17
6558 17
6559 17
6560 18
6561 28
6562 18
6563 17
6564 18
6565 18
6566 17
6567 17
6568 17
6569 17
6570 18
6571 18
6572 17
6573 17
6574 17
6575 17
6576 18
6577 17
6578 17
6579 17
6580 17
6581 17
6582 17
6583 17
6584 17
6585 18
6586 18
6587 18
6588 18
6589 17
6590 17
6591 17
6592 17
6593 17
6594 19
6595 17
6596 18
6597 17
6598 18
6599 18
6600 18
6601 18
6602 17
6603 17
6604 17
6605 19
6606 18
6607 17
6608 17
6609 17
6610 19
6611 17
6612 17
6613 17
6614 17
6615 17
6616 17
6617 18
6618 17
6619 17
6620 17
6621 17
6622 18
6623 17
6624 18
6625 17
6626 18
6627 17
6628 17
6629 17
6630 17
6631 18
6632 17
6633 17
6634 18
6635 17
6636 17
6637 17
6638 17
6639 18
6640 17
6641 17
6642 18
6643 17
6644 18
6645 17
6646 17
6647 17
6648 17
6649 17
6650 17
6651 18
6652 18
6653 17
6654 17
6655 18
6656 20
6657 17
6658 26
6659 18
6660 18
6661 17
6662 17
6663 17
6664 17
6665 17
6666 28
6667 19
6668 18
6669 17
6670 17
6671 17
6672 18
6673 18
6674 19
6675 18
6676 18
6677 18
6678 19
6679 17
6680 17
6681 17
6682 18
6683 17
6684 18
6685 17
6686 17
6687 18
6688 18
6689 19
6690 18
6691 18
6692 18
6693 18
6694 19
6695 18
6696 18
6697 18
6698 18
6699 17
6700 17
6701 18
6702 17
6703 17
6704 18
6705 18
6706 17
6707 17
6708 17
6709 17
6710 27
6711 19
6712 18
6713 17
6714 17
6715 17
6716 17
6717 18
6718 18
6719 17
6720 17
6721 18
6722 17
6723 18
6724 17
6725 17
6726 18
6727 19
6728 18
6729 18
6730 17
6731 18
6732 18
6733 17
6734 17
6735 17
6736 17
6737 17
6738 19
6739 18
6740 18
6741 18
6742 17
6743 17
6744 17
6745 17
6746 17
6747 17
6748 17
6749 17
6750 18
6751 18
6752 17
6753 17
6754 18
6755 18
6756 17
6757 17
6758 17
6759 17
6760 18
6761 17
6762 17
6763 17
6764 17
6765 17
6766 17
6767 19
6768 17
6769 18
6770 17
6771 18
6772 17
6773 18
6774 18
6775 17
6776 17
6777 17
6778 18
6779 17
6780 17
6781 17
6782 18
6783 20
6784 18
6785 18
6786 17
6787 17
6788 17
6789 17
6790 17
6791 17
6792 17
6793 18
6794 18
6795 19
6796 17
6797 18
6798 17
6799 18
6800 18
6801 18
6802 19
6803 18
6804 17
6805 17
6806 18
6807 18
6808 18
6809 18
6810 17
6811 19
6812 18
6813 18
6814 17
6815 18
6816 17
6817 18
6818 18
6819 18
6820 17
6821 17
6822 17
6823 17
6824 17
6825 17
6826 17
6827 17
6828 18
6829 18
6830 18
6831 17
6832 18
6833 19
6834 19
6835 18
6836 31
6837 17
6838 18
6839 18
6840 17
6841 18
6842 18
6843 17
6844 17
6845 19
6846 17
6847 18
6848 18
6849 18
6850 18
6851 19
6852 18
6853 17
6854 17
6855 17
6856 17
6857 17
6858 17
6859 18
6860 18
6861 18
6862 18
6863 17
6864 18
6865 18
6866 18
6867 17
6868 17
6869 17
6870 18
6871 17
6872 17
6873 18
6874 18
6875 18
6876 17
6877 17
6878 17
6879 17
6880 17
6881 17
6882 17
6883 17
6884 17
6885 17
6886 18
6887 18
6888 17
6889 17
6890 18
6891 17
6892 18
6893 18
6894 18
6895 17
6896 17
6897 17
6898 17
6899 17
6900 17
6901 18
6902 18
6903 18
6904 17
6905 18
6906 17
6907 17
6908 17
6909 18
6910 18
6911 18
6912 18
6913 18
6914 18
6915 18
6916 17
6917 17
6918 17
6919 17
6920 18
6921 18
6922 17
6923 17
6924 18
6925 18
6926 19
6927 18
6928 17
6929 19
6930 18
6931 18
6932 17
6933 17
6934 18
6935 19
6936 18
6937 18
6938 17
6939 17
6940 17
6941 17
6942 17
6943 17
6944 17
6945 17
6946 18
6947 18
6948 17
6949 17
6950 18
6951 18
6952 17
6953 18
6954 17
6955 17
6956 17
6957 18
6958 17
6959 18
6960 18
6961 18
6962 17
6963 17
6964 17
6965 17
6966 18
6967 17
6968 17
6969 18
6970 18
6971 19
6972 17
6973 18
6974 18
6975 17
6976 17
6977 17
6978 17
6979 29
6980 18
6981 18
6982 18
6983 17
6984 17
6985 18
6986 18
6987 17
6988 18
6989 17
6990 18
6991 18
6992 18
6993 18
6994 18
6995 27
6996 18
6997 18
6998 17
6999 17
7000 17
7001 18
7002 17
7003 35
7004 18
7005 17
7006 19
7007 17
7008 18
7009 17
7010 18
7011 18
7012 19
7013 17
7014 18
7015 17
7016 18
7017 17
7018 18
7019 18
7020 18
7021 17
7022 18
7023 19
7024 17
7025 18
7026 18
7027 18
7028 18
7029 18
7030 17
7031 18
7032 18
7033 18
7034 18
7035 18
7036 17
7037 18
7038 17
7039 18
7040 17
7041 17
7042 17
7043 17
7044 17
7045 19
7046 18
7047 17
7048 17
7049 17
7050 19
7051 18
7052 18
7053 17
7054 17
7055 17
7056 18
7057 18
7058 18
7059 18
7060 17
7061 17
7062 17
7063 18
7064 18
7065 18
7066 18
7067 19
7068 17
7069 18
7070 18
7071 18
7072 17
7073 17
7074 17
7075 17
7076 17
7077 17
7078 17
7079 17
7080 17
7081 17
7082 17
7083 18
7084 18
7085 17
7086 17
7087 17
7088 18
7089 18
7090 17
7091 17
7092 19
7093 18
7094 17
7095 17
7096 17
7097 17
7098 17
7099 18
7100 27
7101 18
7102 17
7103 17
7104 18
7105 17
7106 17
7107 18
7108 17
7109 17
7110 17
7111 18
7112 18
7113 18
7114 18
7115 18
7116 17
7117 17
7118 17
7119 17
7120 17
7121 17
7122 17
7123 17
7124 18
7125 18
7126 17
7127 17
7128 18
7129 18
7130 18
7131 17
7132 18
7133 18
7134 17
7135 17
7136 18
7137 17
7138 17
7139 17
7140 17
7141 17
7142 17
7143 17
7144 17
7145 17
7146 17
7147 17
7148 18
7149 17
7150 18
7151 19
7152 17
7153 18
7154 17
7155 17
7156 17
7157 17
7158 17
7159 17
7160 17
7161 17
7162 18
7163 18
7164 17
7165 17
7166 18
7167 18
7168 17
7169 17
7170 17
7171 17
7172 18
7173 19
7174 19
7175 18
7176 17
7177 17
7178 18
7179 18
7180 18
7181 22
7182 18
7183 17
7184 17
7185 17
7186 18
7187 17
7188 17
7189 17
7190 19
7191 17
7192 18
7193 17
7194 17
7195 18
7196 18
7197 18
7198 18
7199 18
7200 18
7201 20
7202 17
7203 18
7204 17
7205 17
7206 18
7207 19
7208 18
7209 17
7210 17
7211 17
7212 18
7213 17
7214 17
7215 17
7216 17
7217 27
7218 18
7219 17
7220 18
7221 17
7222 17
7223 18
7224 18
7225 17
7226 17
7227 18
7228 18
7229 18
7230 18
7231 18
7232 17
7233 18
7234 18
7235 17
7236 18
7237 18
7238 17
7239 17
7240 18
7241 18
7242 18
7243 17
7244 17
7245 18
7246 18
7247 18
7248 19
7249 17
7250 18
7251 18
7252 17
7253 17
7254 18
7255 17
7256 17
7257 17
7258 17
7259 17
7260 17
7261 18
7262 18
7263 18
7264 18
7265 18
7266 18
7267 18
7268 17
7269 18
7270 17
7271 18
7272 18
7273 18
7274 19
7275 17
7276 17
7277 17
7278 17
7279 17
7280 17
7281 18
7282 17
7283 17
7284 17
7285 17
7286 17
7287 18
7288 17
7289 18
7290 17
7291 17
7292 17
7293 17
7294 17
7295 17
7296 18
7297 18
7298 18
7299 19
7300 17
7301 19
7302 19
7303 19
7304 18
7305 17
7306 17
7307 17
7308 17
7309 17
7310 17
7311 17
7312 18
7313 19
7314 18
7315 17
7316 18
7317 18
7318 18
7319 17
7320 18
7321 17
7322 18
7323 18
7324 19
7325 17
7326 18
7327 18
7328 17
7329 18
7330 19
7331 18
7332 17
7333 17
7334 17
7335 17
7336 17
7337 17
7338 17
7339 18
7340 18
7341 17
7342 17
7343 18
7344 17
7345 18
7346 18
7347 17
7348 18
7349 17
7350 18
7351 18
7352 17
7353 18
7354 19
7355 18
7356 17
7357 18
7358 17
7359 22
7360 18
7361 18
7362 28
7363 19
7364 17
7365 18
7366 18
7367 25
7368 18
7369 17
7370 18
7371 17
7372 17
7373 19
7374 18
7375 18
7376 18
7377 18
7378 18
7379 17
7380 18
7381 18
7382 17
7383 17
7384 18
7385 17
7386 17
7387 18
7388 17
7389 17
7390 19
7391 17
7392 18
7393 17
7394 18
7395 18
7396 18
7397 18
7398 18
7399 18
7400 18
7401 18
7402 18
7403 18
7404 18
7405 18
7406 17
7407 18
7408 17
7409 18
7410 17
7411 17
7412 18
7413 18
7414 18
7415 18
7416 18
7417 18
7418 18
7419 18
7420 18
7421 17
7422 18
7423 18
7424 17
7425 17
7426 18
7427 18
7428 18
7429 17
7430 18
7431 18
7432 18
7433 17
7434 18
7435 18
7436 17
7437 17
7438 17
7439 18
7440 17
7441 18
7442 19
7443 18
7444 17
7445 17
7446 18
7447 17
7448 17
7449 18
7450 28
7451 18
7452 18
7453 18
7454 18
7455 18
7456 18
7457 17
7458 18
7459 18
7460 17
7461 18
7462 18
7463 17
7464 18
7465 18
7466 17
7467 19
7468 17
7469 18
7470 17
7471 18
7472 18
7473 19
7474 18
7475 17
7476 18
7477 17
7478 17
7479 17
7480 17
7481 17
7482 17
7483 17
7484 17
7485 17
7486 17
7487 17
7488 17
7489 18
7490 18
7491 18
7492 18
7493 17
7494 18
7495 17
7496 18
7497 18
7498 17
7499 17
7500 17
7501 18
7502 17
7503 18
7504 18
7505 17
7506 19
7507 18
7508 17
7509 18
7510 17
7511 18
7512 18
7513 17
7514 17
7515 18
7516 18
7517 18
7518 17
7519 17
7520 18
7521 18
7522 26
7523 18
7524 18
7525 17
7526 17
7527 17
7528 18
7529 18
7530 17
7531 18
7532 18
7533 18
7534 19
7535 19
7536 18
7537 18
7538 17
7539 17
7540 17
7541 17
7542 17
7543 17
7544 18
7545 18
7546 17
7547 17
7548 18
7549 18
7550 17
7551 17
7552 17
7553 18
7554 17
7555 18
7556 18
7557 17
7558 18
7559 18
7560 17
7561 19
7562 18
7563 17
7564 17
7565 17
7566 17
7567 18
7568 18
7569 18
7570 17
7571 18
7572 17
7573 17
7574 18
7575 18
7576 18
7577 17
7578 18
7579 18
7580 17
7581 17
7582 17
7583 18
7584 18
7585 17
7586 18
7587 17
7588 17
7589 17
7590 18
7591 18
7592 17
7593 18
7594 17
7595 17
7596 17
7597 17
7598 17
7599 17
7600 17
7601 26
7602 18
7603 17
7604 17
7605 18
7606 17
7607 18
7608 17
7609 17
7610 17
7611 18
7612 18
7613 17
7614 17
7615 18
7616 18
7617 17
7618 17
7619 18
7620 18
7621 17
7622 18
7623 19
7624 18
7625 18
7626 18
7627 17
7628 17
7629 17
7630 17
7631 17
7632 17
7633 17
7634 19
7635 21
7636 17
7637 17
7638 17
7639 17
7640 18
7641 17
7642 17
7643 17
7644 17
7645 17
7646 17
7647 17
7648 17
7649 17
7650 17
7651 18
7652 18
7653 17
7654 17
7655 17
7656 17
7657 17
7658 17
7659 17
7660 17
7661 27
7662 18
7663 18
7664 17
7665 18
7666 18
7667 17
7668 17
7669 17
7670 17
7671 17
7672 18
7673 19
7674 18
7675 18
7676 17
7677 17
7678 19
7679 17
7680 17
7681 18
7682 18
7683 27
7684 19
7685 18
7686 18
7687 17
7688 17
7689 17
7690 18
7691 18
7692 18
7693 17
7694 18
7695 19
7696 17
7697 18
7698 18
7699 19
7700 17
7701 17
7702 17
7703 17
7704 17
7705 17
7706 17
7707 17
7708 17
7709 17
7710 18
7711 18
7712 17
7713 26
7714 18
7715 17
7716 17
7717 18
7718 19
7719 17
7720 17
7721 17
7722 18
7723 19
7724 18
7725 17
7726 17
7727 18
7728 18
7729 17
7730 17
7731 17
7732 17
7733 18
7734 18
7735 18
7736 18
7737 18
7738 17
7739 17
7740 17
7741 17
7742 17
7743 16
7744 17
7745 17
7746 17
7747 17
7748 17
7749 18
7750 18
7751 18
7752 18
7753 17
7754 18
7755 18
7756 19
7757 18
7758 17
7759 17
7760 17
7761 18
7762 17
7763 20
7764 17
7765 17
7766 17
7767 17
7768 17
7769 17
7770 17
7771 17
7772 18
7773 17
7774 17
7775 17
7776 17
7777 18
7778 18
7779 27
7780 18
7781 18
7782 18
7783 18
7784 18
7785 18
7786 18
7787 17
7788 18
7789 18
7790 17
7791 18
7792 18
7793 17
7794 18
7795 18
7796 18
7797 18
7798 18
7799 17
7800 18
7801 17
7802 17
7803 17
7804 17
7805 17
7806 19
7807 17
7808 18
7809 17
7810 17
7811 17
7812 19
7813 19
7814 18
7815 17
7816 18
7817 20
7818 18
7819 17
7820 18
7821 18
7822 18
7823 17
7824 17
7825 17
7826 17
7827 19
7828 18
7829 18
7830 18
7831 17
7832 17
7833 17
7834 17
7835 17
7836 17
7837 18
7838 18
7839 18
7840 19
7841 18
7842 17
7843 17
7844 17
7845 19
7846 18
7847 17
7848 17
7849 17
7850 17
7851 17
7852 17
7853 17
7854 17
7855 17
7856 17
7857 17
7858 18
7859 18
7860 18
7861 18
7862 18
7863 18
7864 17
7865 17
7866 17
7867 17
7868 17
7869 17
7870 17
7871 17
7872 17
7873 17
7874 17
7875 17
7876 17
7877 17
7878 17
7879 17
7880 17
7881 17
7882 18
7883 17
7884 17
7885 17
7886 17
7887 18
7888 17
7889 17
7890 17
7891 19
7892 17
7893 18
7894 27
7895 18
7896 17
7897 17
7898 17
7899 17
7900 17
7901 17
7902 19
7903 18
7904 17
7905 17
7906 26
7907 18
7908 17
7909 17
7910 18
7911 18
7912 17
7913 17
7914 17
7915 18
7916 17
7917 17
7918 17
7919 18
7920 17
7921 18
7922 17
7923 18
7924 18
7925 17
7926 18
7927 17
7928 18
7929 20
7930 17
7931 18
7932 18
7933 18
7934 19
7935 17
7936 17
7937 18
7938 18
7939 18
7940 18
7941 18
7942 18
7943 18
7944 18
7945 17
7946 17
7947 17
7948 17
7949 17
7950 17
7951 18
7952 17
7953 17
7954 18
7955 20
7956 19
7957 19
7958 17
7959 18
7960 18
7961 17
7962 18
7963 17
7964 17
7965 17
7966 18
7967 18
7968 18
7969 18
7970 18
7971 18
7972 18
7973 18
7974 18
7975 17
7976 17
7977 17
7978 17
7979 17
7980 17
7981 17
7982 17
7983 17
7984 17
7985 17
7986 17
7987 17
7988 17
7989 17
7990 17
7991 18
7992 18
7993 19
7994 18
7995 17
7996 20
7997 18
7998 18
7999 18
8000 18
8001 17
8002 17
8003 17
8004 17
8005 18
8006 18
8007 19
8008 18
8009 17
8010 18
8011 17
8012 17
8013 17
8014 17
8015 17
8016 17
8017 17
8018 17
8019 19
8020 17
8021 17
8022 17
8023 17
8024 17
8025 18
8026 18
8027 18
8028 17
8029 17
8030 17
8031 17
8032 17
8033 17
8034 17
8035 18
8036 17
8037 17
8038 17
8039 18
8040 18
8041 18
8042 18
8043 17
8044 17
8045 17
8046 17
8047 17
8048 17
8049 18
8050 18
8051 18
8052 17
8053 18
8054 18
8055 17
8056 17
8057 17
8058 18
8059 18
8060 17
8061 18
8062 18
8063 18
8064 19
8065 17
8066 17
8067 17
8068 18
8069 17
8070 17
8071 28
8072 18
8073 18
8074 19
8075 19
8076 17
8077 18
8078 18
8079 17
8080 17
8081 18
8082 18
8083 19
8084 18
8085 20
8086 18
8087 17
8088 18
8089 17
8090 17
8091 17
8092 17
8093 17
8094 17
8095 18
8096 18
8097 18
8098 18
8099 18
8100 17
8101 18
8102 18
8103 17
8104 17
8105 17
8106 18
8107 18
8108 19
8109 18
8110 18
8111 17
8112 18
8113 18
8114 17
8115 17
8116 17
8117 17
8118 17
8119 17
8120 18
8121 18
8122 17
8123 17
8124 18
8125 18
8126 18
8127 17
8128 17
8129 18
8130 17
8131 17
8132 17
8133 17
8134 17
8135 18
8136 19
8137 17
8138 18
8139 18
8140 18
8141 17
8142 17
8143 18
8144 17
8145 18
8146 18
8147 19
8148 18
8149 18
8150 17
8151 17
8152 19
8153 19
8154 18
8155 18
8156 18
8157 28
8158 19
8159 19
8160 18
8161 17
8162 17
8163 17
8164 17
8165 17
8166 17
8167 17
8168 17
8169 17
8170 18
8171 17
8172 17
8173 17
8174 18
8175 19
8176 18
8177 18
8178 18
8179 18
8180 18
8181 17
8182 17
8183 17
8184 17
8185 17
8186 17
8187 17
8188 17
8189 17
8190 17
8191 18
8192 18
8193 18
8194 17
8195 17
8196 17
8197 17
8198 17
8199 18
8200 17
8201 17
8202 17
8203 19
8204 17
8205 17
8206 17
8207 18
8208 18
8209 18
8210 17
8211 19
8212 17
8213 17
8214 17
8215 17
8216 17
8217 17
8218 17
8219 18
8220 18
8221 18
8222 17
8223 17
8224 17
8225 17
8226 17
8227 17
8228 17
8229 17
8230 17
8231 17
8232 17
8233 17
8234 17
8235 17
8236 17
8237 18
8238 18
8239 18
8240 18
8241 17
8242 17
8243 18
8244 18
8245 18
8246 18
8247 18
8248 17
8249 17
8250 33
8251 17
8252 17
8253 18
8254 18
8255 17
8256 18
8257 19
8258 18
8259 17
8260 17
8261 17
8262 17
8263 17
8264 18
8265 18
8266 18
8267 18
8268 17
8269 18
8270 19
8271 18
8272 18
8273 19
8274 18
8275 29
8276 19
8277 17
8278 18
8279 17
8280 17
8281 17
8282 17
8283 17
8284 17
8285 17
8286 17
8287 17
8288 17
8289 17
8290 18
8291 18
8292 18
8293 18
8294 18
8295 18
8296 18
8297 17
8298 17
8299 18
8300 27
8301 18
8302 17
8303 18
8304 18
8305 17
8306 17
8307 17
8308 17
8309 18
8310 17
8311 17
8312 17
8313 17
8314 18
8315 18
8316 18
8317 18
8318 17
8319 17
8320 18
8321 17
8322 17
8323 17
8324 17
8325 17
8326 17
8327 17
8328 17
8329 17
8330 17
8331 18
8332 26
8333 18
8334 17
8335 17
8336 18
8337 17
8338 17
8339 17
8340 17
8341 17
8342 17
8343 17
8344 17
8345 17
8346 17
8347 17
8348 17
8349 17
8350 17
8351 17
8352 18
8353 17
8354 18
8355 18
8356 18
8357 18
8358 18
8359 18
8360 18
8361 18
8362 17
8363 18
8364 18
8365 17
8366 17
8367 17
8368 17
8369 18
8370 18
8371 19
8372 17
8373 18
8374 18
8375 18
8376 19
8377 17
8378 18
8379 17
8380 17
8381 18
8382 17
8383 18
8384 17
8385 17
8386 17
8387 17
8388 18
8389 17
8390 17
8391 18
8392 18
8393 19
8394 17
8395 17
8396 17
8397 17
8398 17
8399 17
8400 18
8401 18
8402 18
8403 17
8404 17
8405 18
8406 18
8407 18
8408 17
8409 17
8410 19
8411 18
8412 19
8413 18
8414 18
8415 17
8416 18
8417 18
8418 31
8419 18
8420 18
8421 18
8422 18
8423 18
8424 18
8425 17
8426 17
8427 17
8428 18
8429 17
8430 17
8431 18
8432 19
8433 18
8434 18
8435 17
8436 17
8437 17
8438 17
8439 17
8440 18
8441 18
8442 18
8443 18
8444 18
8445 18
8446 17
8447 18
8448 27
8449 19
8450 18
8451 17
8452 18
8453 18
8454 17
8455 17
8456 18
8457 18
8458 19
8459 18
8460 17
8461 17
8462 18
8463 18
8464 18
8465 18
8466 18
8467 18
8468 17
8469 17
8470 17
8471 17
8472 17
8473 17
8474 17
8475 17
8476 17
8477 17
8478 17
8479 18
8480 18
8481 17
8482 18
8483 18
8484 18
8485 17
8486 17
8487 17
8488 17
8489 17
8490 17
8491 17
8492 17
8493 18
8494 19
8495 19
8496 17
8497 17
8498 17
8499 17
8500 17
8501 17
8502 17
8503 17
8504 18
8505 19
8506 18
8507 17
8508 17
8509 17
8510 19
8511 17
8512 18
8513 18
8514 18
8515 17
8516 18
8517 17
8518 17
8519 17
8520 18
8521 18
8522 18
8523 18
8524 18
8525 17
8526 17
8527 18
8528 18
8529 17
8530 17
8531 17
8532 18
8533 18
8534 18
8535 19
8536 18
8537 18
8538 18
8539 18
8540 17
8541 17
8542 17
8543 18
8544 18
8545 18
8546 17
8547 17
8548 17
8549 17
8550 17
8551 17
8552 17
8553 17
8554 27
8555 19
8556 17
8557 17
8558 17
8559 18
8560 18
8561 18
8562 18
8563 18
8564 18
8565 18
8566 17
8567 17
8568 17
8569 17
8570 17
8571 18
8572 18
8573 18
8574 18
8575 18
8576 17
8577 17
8578 17
8579 17
8580 17
8581 17
8582 18
8583 18
8584 18
8585 18
8586 18
8587 17
8588 17
8589 17
8590 18
8591 17
8592 17
8593 27
8594 18
8595 29
8596 18
8597 17
8598 19
8599 20
8600 18
8601 18
8602 17
8603 17
8604 17
8605 17
8606 17
8607 17
8608 17
8609 17
8610 17
8611 17
8612 17
8613 18
8614 18
8615 19
8616 17
8617 18
8618 18
8619 17
8620 18
8621 19
8622 18
8623 18
8624 18
8625 18
8626 18
8627 18
8628 18
8629 18
8630 17
8631 18
8632 18
8633 17
8634 18
8635 18
8636 18
8637 19
8638 19
8639 18
8640 17
8641 18
8642 28
8643 19
8644 18
8645 18
8646 18
8647 18
8648 17
8649 17
8650 18
8651 18
8652 17
8653 17
8654 17
8655 18
8656 18
8657 17
8658 17
8659 17
8660 17
8661 17
8662 17
8663 17
8664 17
8665 17
8666 18
8667 19
8668 18
8669 18
8670 18
8671 18
8672 17
8673 18
8674 18
8675 17
8676 18
8677 18
8678 18
8679 18
8680 17
8681 18
8682 18
8683 18
8684 17
8685 17
8686 17
8687 19
8688 18
8689 18
8690 18
8691 18
8692 17
8693 17
8694 18
8695 18
8696 18
8697 18
8698 17
8699 17
8700 17
8701 18
8702 18
8703 17
8704 17
8705 17
8706 17
8707 17
8708 17
8709 17
8710 17
8711 17
8712 17
8713 18
8714 17
8715 18
8716 26
8717 19
8718 18
8719 18
8720 17
8721 17
8722 17
8723 17
8724 17
8725 17
8726 17
8727 17
8728 17
8729 17
8730 17
8731 17
8732 17
8733 17
8734 18
8735 18
8736 18
8737 17
8738 18
8739 19
8740 18
8741 18
8742 18
8743 18
8744 17
8745 17
8746 17
8747 18
8748 17
8749 19
8750 17
8751 17
8752 18
8753 18
8754 18
8755 18
8756 17
8757 18
8758 18
8759 17
8760 18
8761 18
8762 18
8763 17
8764 18
8765 18
8766 17
8767 17
8768 20
8769 19
8770 18
8771 20
8772 17
8773 22
8774 17
8775 18
8776 18
8777 19
8778 18
8779 17
8780 17
8781 18
8782 17
8783 17
8784 17
8785 17
8786 18
8787 17
8788 17
8789 18
8790 18
8791 18
8792 17
8793 17
8794 17
8795 17
8796 18
8797 17
8798 18
8799 18
8800 18
8801 19
8802 17
8803 17
8804 17
8805 18
8806 18
8807 17
8808 17
8809 17
8810 18
8811 18
8812 17
8813 17
8814 17
8815 17
8816 18
8817 18
8818 18
8819 17
8820 17
8821 17
8822 17
8823 17
8824 17
8825 18
8826 17
8827 17
8828 17
8829 17
8830 18
8831 18
8832 17
8833 17
8834 18
8835 18
8836 17
8837 18
8838 17
8839 17
8840 17
8841 18
8842 18
8843 18
8844 17
8845 19
8846 19
8847 18
8848 17
8849 17
8850 17
8851 17
8852 17
8853 17
8854 17
8855 17
8856 17
8857 17
8858 17
8859 17
8860 17
8861 18
8862 18
8863 18
8864 17
8865 17
8866 19
8867 17
8868 19
8869 18
8870 18
8871 18
8872 17
8873 17
8874 17
8875 17
8876 17
8877 17
8878 28
8879 18
8880 17
8881 17
8882 17
8883 18
8884 18
8885 18
8886 18
8887 18
8888 18
8889 18
8890 18
8891 18
8892 17
8893 17
8894 17
8895 18
8896 18
8897 17
8898 17
8899 17
8900 17
8901 17
8902 17
8903 18
8904 18
8905 18
8906 17
8907 17
8908 17
8909 17
8910 17
8911 17
8912 18
8913 17
8914 19
8915 17
8916 18
8917 18
8918 18
8919 17
8920 17
8921 18
8922 17
8923 18
8924 17
8925 17
8926 17
8927 17
8928 17
8929 17
8930 17
8931 18
8932 18
8933 29
8934 18
8935 17
8936 19
8937 18
8938 18
8939 18
8940 18
8941 17
8942 17
8943 25
8944 18
8945 17
8946 17
8947 18
8948 18
8949 19
8950 18
8951 35
8952 18
8953 17
8954 18
8955 17
8956 18
8957 18
8958 17
8959 18
8960 17
8961 17
8962 17
8963 18
8964 18
8965 19
8966 18
8967 18
8968 17
8969 18
8970 18
8971 19
8972 18
8973 18
8974 17
8975 18
8976 18
8977 17
8978 17
8979 18
8980 18
8981 17
8982 17
8983 18
8984 18
8985 17
8986 18
8987 19
8988 17
8989 17
8990 17
8991 18
8992 18
8993 17
8994 17
8995 18
8996 18
8997 18
8998 18
8999 18
9000 18
9001 18
9002 18
9003 18
9004 17
9005 18
9006 18
9007 18
9008 17
9009 17
9010 17
9011 18
9012 18
9013 18
9014 18
9015 17
9016 17
9017 17
9018 17
9019 17
9020 17
9021 18
9022 18
9023 18
9024 18
9025 17
9026 18
9027 17
9028 18
9029 19
9030 18
9031 18
9032 17
9033 18
9034 18
9035 18
9036 17
9037 17
9038 18
9039 18
9040 17
9041 18
9042 18
9043 18
9044 18
9045 18
9046 18
9047 20
9048 18
9049 17
9050 17
9051 18
9052 18
9053 17
9054 18
9055 18
9056 18
9057 17
9058 17
9059 17
9060 19
9061 18
9062 18
9063 18
9064 19
9065 18
9066 17
9067 17
9068 17
9069 18
9070 18
9071 18
9072 17
9073 17
9074 18
9075 18
9076 28
9077 18
9078 17
9079 18
9080 18
9081 17
9082 17
9083 17
9084 17
9085 17
9086 17
9087 17
9088 18
9089 17
9090 18
9091 18
9092 17
9093 18
9094 19
9095 18
9096 17
9097 17
9098 17
9099 17
9100 17
9101 17
9102 17
9103 17
9104 18
9105 18
9106 18
9107 18
9108 17
9109 17
9110 17
9111 19
9112 18
9113 17
9114 17
9115 27
9116 18
9117 17
9118 17
9119 17
9120 17
9121 17
9122 17
9123 17
9124 17
9125 17
9126 17
9127 17
9128 18
9129 29
9130 19
9131 17
9132 17
9133 18
9134 19
9135 19
9136 18
9137 17
9138 18
9139 18
9140 17
9141 17
9142 17
9143 19
9144 18
9145 18
9146 18
9147 17
9148 17
9149 17
9150 18
9151 17
9152 18
9153 18
9154 18
9155 18
9156 18
9157 18
9158 18
9159 18
9160 18
9161 18
9162 18
9163 17
9164 17
9165 17
9166 17
9167 18
9168 18
9169 17
9170 17
9171 17
9172 17
9173 18
9174 17
9175 19
9176 18
9177 18
9178 18
9179 18
9180 18
9181 18
9182 17
9183 18
9184 17
9185 17
9186 17
9187 27
9188 19
9189 18
9190 18
9191 18
9192 17
9193 17
9194 17
9195 17
9196 17
9197 18
9198 18
9199 17
9200 17
9201 17
9202 17
9203 17
9204 18
9205 18
9206 18
9207 17
9208 18
9209 17
9210 17
9211 17
9212 17
9213 17
9214 17
9215 17
9216 17
9217 17
9218 17
9219 17
9220 17
9221 18
9222 18
9223 18
9224 18
9225 18
9226 27
9227 18
9228 18
9229 18
9230 18
9231 17
9232 17
9233 17
9234 17
9235 17
9236 17
9237 17
9238 18
9239 19
9240 17
9241 17
9242 17
9243 18
9244 18
9245 18
9246 17
9247 18
9248 18
9249 17
9250 17
9251 17
9252 17
9253 17
9254 17
9255 17
9256 18
9257 17
9258 17
9259 17
9260 17
9261 19
9262 18
9263 18
9264 18
9265 18
9266 18
9267 18
9268 18
9269 18
9270 18
9271 17
9272 17
9273 17
9274 17
9275 17
9276 17
9277 18
9278 18
9279 18
9280 17
9281 17
9282 17
9283 17
9284 17
9285 17
9286 17
9287 17
9288 17
9289 17
9290 18
9291 18
9292 17
9293 18
9294 18
9295 18
9296 17
9297 18
9298 18
9299 27
9300 19
9301 18
9302 18
9303 19
9304 17
9305 17
9306 17
9307 33
9308 18
9309 18
9310 18
9311 19
9312 18
9313 17
9314 18
9315 18
9316 18
9317 18
9318 17
9319 17
9320 18
9321 19
9322 17
9323 18
9324 18
9325 18
9326 17
9327 18
9328 18
9329 17
9330 18
9331 18
9332 19
9333 19
9334 17
9335 18
9336 17
9337 17
9338 17
9339 17
9340 17
9341 17
9342 17
9343 17
9344 17
9345 18
9346 17
9347 17
9348 17
9349 19
9350 18
9351 17
9352 18
9353 18
9354 18
9355 18
9356 18
9357 17
9358 17
9359 18
9360 20
9361 18
9362 18
9363 17
9364 18
9365 17
9366 17
9367 19
9368 17
9369 18
9370 17
9371 17
9372 17
9373 18
9374 18
9375 17
9376 17
9377 17
9378 17
9379 17
9380 18
9381 18
9382 17
9383 17
9384 17
9385 17
9386 17
9387 18
9388 18
9389 18
9390 18
9391 18
9392 18
9393 18
9394 26
9395 19
9396 17
9397 18
9398 18
9399 18
9400 18
9401 18
9402 17
9403 18
9404 18
9405 19
9406 19
9407 18
9408 17
9409 18
9410 17
9411 17
9412 17
9413 18
9414 17
9415 18
9416 19
9417 18
9418 17
9419 17
9420 17
9421 17
9422 17
9423 17
9424 17
9425 17
9426 26
9427 18
9428 18
9429 17
9430 18
9431 20
9432 18
9433 17
9434 17
9435 17
9436 17
9437 17
9438 17
9439 17
9440 17
9441 17
9442 17
9443 17
9444 18
9445 17
9446 17
9447 17
9448 17
9449 17
9450 18
9451 18
9452 18
9453 18
9454 17
9455 18
9456 17
9457 18
9458 17
9459 17
9460 20
9461 18
9462 18
9463 18
9464 17
9465 17
9466 17
9467 18
9468 18
9469 17
9470 17
9471 18
9472 18
9473 17
9474 17
9475 18
9476 18
9477 17
9478 18
9479 19
9480 19
9481 18
9482 19
9483 19
9484 23
9485 18
9486 18
9487 18
9488 17
9489 17
9490 17
9491 18
9492 21
9493 18
9494 18
9495 21
9496 19
9497 18
9498 18
9499 17
9500 17
9501 17
9502 17
9503 17
9504 17
9505 19
9506 18
9507 18
9508 18
9509 17
9510 18
9511 17
9512 17
9513 17
9514 17
9515 17
9516 17
9517 17
9518 17
9519 17
9520 18
9521 17
9522 17
9523 17
9524 18
9525 18
9526 28
9527 19
9528 18
9529 18
9530 17
9531 18
9532 18
9533 18
9534 17
9535 17
9536 17
9537 17
9538 17
9539 18
9540 17
9541 17
9542 17
9543 19
9544 18
9545 17
9546 18
9547 18
9548 18
9549 17
9550 17
9551 18
9552 18
9553 18
9554 19
9555 18
9556 19
9557 18
9558 17
9559 19
9560 20
9561 17
9562 18
9563 19
9564 18
9565 18
9566 17
9567 17
9568 17
9569 17
9570 17
9571 17
9572 17
9573 17
9574 17
9575 17
9576 18
9577 19
9578 18
9579 17
9580 17
9581 17
9582 17
9583 17
9584 17
9585 17
9586 17
9587 17
9588 19
9589 17
9590 17
9591 17
9592 17
9593 17
9594 17
9595 17
9596 17
9597 17
9598 18
9599 18
9600 18
9601 17
9602 17
9603 17
9604 17
9605 18
9606 18
9607 17
9608 17
9609 17
9610 17
9611 17
9612 17
9613 17
9614 17
9615 17
9616 17
9617 17
9618 18
9619 17
9620 17
9621 18
9622 19
9623 20
9624 17
9625 17
9626 17
9627 18
9628 18
9629 18
9630 18
9631 18
9632 19
9633 19
9634 18
9635 17
9636 17
9637 17
9638 18
9639 17
9640 18
9641 17
9642 17
9643 17
9644 17
9645 17
9646 17
9647 17
9648 17
9649 18
9650 19
9651 18
9652 18
9653 18
9654 18
9655 18
9656 17
9657 17
9658 18
9659 18
9660 18
9661 18
9662 18
9663 31
9664 19
9665 18
9666 17
9667 17
9668 17
9669 17
9670 17
9671 18
9672 19
9673 18
9674 17
9675 18
9676 18
9677 17
9678 17
9679 17
9680 17
9681 18
9682 18
9683 18
9684 18
9685 17
9686 17
9687 18
9688 19
9689 18
9690 18
9691 17
9692 17
9693 18
9694 20
9695 18
9696 17
9697 18
9698 18
9699 18
9700 17
9701 17
9702 17
9703 18
9704 33
9705 19
9706 17
9707 18
9708 18
9709 18
9710 19
9711 17
9712 18
9713 17
9714 18
9715 17
9716 18
9717 17
9718 17
9719 18
9720 18
9721 20
9722 18
9723 18
9724 17
9725 18
9726 18
9727 17
9728 17
9729 18
9730 17
9731 17
9732 18
9733 17
9734 17
9735 18
9736 18
9737 18
9738 18
9739 17
9740 18
9741 17
9742 17
9743 18
9744 18
9745 18
9746 18
9747 18
9748 17
9749 17
9750 18
9751 17
9752 17
9753 18
9754 17
9755 18
9756 18
9757 17
9758 18
9759 18
9760 18
9761 17
9762 17
9763 18
9764 19
9765 18
9766 18
9767 18
9768 17
9769 18
9770 18
9771 18
9772 17
9773 17
9774 18
9775 18
9776 17
9777 18
9778 18
9779 17
9780 18
9781 18
9782 18
9783 19
9784 18
9785 17
9786 18
9787 17
9788 18
9789 18
9790 18
9791 18
9792 18
9793 18
9794 18
9795 17
9796 18
9797 18
9798 17
9799 17
9800 18
9801 18
9802 17
9803 18
9804 18
9805 17
9806 17
9807 17
9808 18
9809 17
9810 17
9811 18
9812 18
9813 17
9814 18
9815 18
9816 18
9817 17
9818 18
9819 17
9820 17
9821 18
9822 18
9823 17
9824 18
9825 18
9826 17
9827 18
9828 18
9829 29
9830 19
9831 18
9832 18
9833 18
9834 18
9835 18
9836 17
9837 18
9838 18
9839 17
9840 17
9841 17
9842 18
9843 17
9844 18
9845 18
9846 17
9847 18
9848 17
9849 18
9850 17
9851 18
9852 18
9853 17
9854 19
9855 20
9856 18
9857 18
9858 17
9859 18
9860 17
9861 18
9862 18
9863 17
9864 18
9865 18
9866 19
9867 19
9868 18
9869 18
9870 18
9871 18
9872 17
9873 18
9874 18
9875 17
9876 18
9877 18
9878 17
9879 17
9880 18
9881 19
9882 19
9883 18
9884 18
9885 17
9886 19
9887 19
9888 18
9889 18
9890 17
9891 17
9892 18
9893 18
9894 18
9895 18
9896 17
9897 17
9898 18
9899 18
9900 18
9901 18
9902 18
9903 18
9904 17
9905 17
9906 17
9907 17
9908 17
9909 17
9910 17
9911 17
9912 17
9913 17
9914 17
9915 18
9916 18
9917 17
9918 17
9919 18
9920 18
9921 18
9922 18
9923 19
9924 18
9925 17
9926 18
9927 19
9928 18
9929 17
9930 18
9931 18
9932 18
9933 18
9934 18
9935 17
9936 17
9937 17
9938 17
9939 18
9940 18
9941 17
9942 18
9943 17
9944 17
9945 18
9946 18
9947 18
9948 28
9949 19
9950 17
9951 17
9952 17
9953 17
9954 17
9955 18
9956 18
9957 18
9958 17
9959 18
9960 18
9961 18
9962 17
9963 18
9964 17
9965 17
9966 17
9967 17
9968 17
9969 18
9970 18
9971 18
9972 18
9973 18
9974 18
9975 17
9976 17
9977 17
9978 17
9979 18
9980 17
9981 18
9982 17
9983 17
9984 17
9985 17
9986 17
9987 17
9988 18
9989 17
9990 17
9991 17
9992 17
9993 17
9994 27
9995 18
9996 18
9997 17
9998 18
9999 18
