0 97
1 19
2 18
3 17
4 17
5 18
6 18
7 18
8 17
9 18
10 18
11 17
12 17
13 17
14 17
15 17
16 17
17 17
18 17
19 17
20 17
21 18
22 18
23 18
24 17
25 17
26 18
27 17
28 17
29 17
30 17
31 17
32 17
33 18
34 17
35 17
36 18
37 17
38 17
39 17
40 17
41 18
42 17
43 17
44 17
45 17
46 17
47 18
48 17
49 17
50 17
51 17
52 17
53 17
54 17
55 17
56 17
57 17
58 18
59 18
60 17
61 17
62 17
63 17
64 17
65 18
66 17
67 17
68 17
69 17
70 17
71 17
72 17
73 17
74 17
75 17
76 17
77 18
78 18
79 18
80 17
81 17
82 17
83 17
84 17
85 17
86 17
87 17
88 17
89 17
90 18
91 17
92 17
93 18
94 18
95 18
96 17
97 17
98 17
99 18
100 20
101 19
102 19
103 19
104 17
105 19
106 19
107 22
108 18
109 18
110 18
111 18
112 17
113 17
114 17
115 17
116 17
117 17
118 17
119 17
120 18
121 17
122 18
123 18
124 18
125 17
126 18
127 18
128 18
129 18
130 17
131 17
132 17
133 17
134 17
135 18
136 17
137 17
138 16
139 17
140 17
141 17
142 17
143 17
144 17
145 17
146 17
147 17
148 18
149 17
150 17
151 17
152 17
153 17
154 17
155 17
156 17
157 18
158 17
159 17
160 17
161 17
162 17
163 17
164 17
165 17
166 18
167 16
168 17
169 17
170 17
171 17
172 17
173 17
174 17
175 17
176 17
177 17
178 17
179 18
180 18
181 18
182 18
183 17
184 17
185 18
186 18
187 17
188 17
189 17
190 18
191 17
192 17
193 17
194 17
195 17
196 17
197 18
198 17
199 17
200 17
201 17
202 17
203 17
204 17
205 17
206 17
207 17
208 17
209 17
210 17
211 17
212 17
213 16
214 17
215 17
216 17
217 17
218 17
219 17
220 17
221 17
222 18
223 18
224 18
225 18
226 18
227 18
228 18
229 18
230 17
231 17
232 17
233 17
234 17
235 17
236 17
237 18
238 16
239 17
240 17
241 17
242 18
243 17
244 17
245 17
246 17
247 17
248 18
249 18
250 17
251 17
252 17
253 17
254 17
255 17
256 17
257 17
258 17
259 18
260 17
261 18
262 17
263 17
264 18
265 18
266 17
267 17
268 17
269 17
270 17
271 18
272 17
273 17
274 18
275 33
276 18
277 17
278 17
279 17
280 17
281 17
282 18
283 17
284 17
285 17
286 17
287 18
288 17
289 17
290 17
291 17
292 18
293 18
294 17
295 17
296 17
297 17
298 17
299 17
300 17
301 17
302 17
303 17
304 18
305 18
306 17
307 17
308 17
309 17
310 18
311 18
312 18
313 17
314 17
315 17
316 18
317 17
318 17
319 17
320 17
321 17
322 17
323 17
324 17
325 17
326 17
327 17
328 18
329 17
330 17
331 17
332 16
333 17
334 17
335 17
336 17
337 17
338 17
339 18
340 17
341 17
342 17
343 17
344 17
345 17
346 17
347 18
348 17
349 18
350 18
351 18
352 18
353 18
354 18
355 17
356 18
357 18
358 18
359 18
360 17
361 17
362 17
363 17
364 17
365 17
366 18
367 17
368 17
369 16
370 18
371 18
372 18
373 17
374 18
375 18
376 17
377 17
378 17
379 17
380 17
381 17
382 17
383 18
384 18
385 18
386 17
387 17
388 17
389 17
390 17
391 17
392 17
393 17
394 17
395 17
396 17
397 17
398 17
399 17
400 17
401 17
402 17
403 17
404 17
405 17
406 17
407 17
408 17
409 17
410 18
411 17
412 17
413 17
414 17
415 17
416 17
417 17
418 17
419 17
420 17
421 17
422 17
423 17
424 17
425 17
426 18
427 17
428 17
429 18
430 18
431 18
432 17
433 17
434 17
435 17
436 17
437 17
438 17
439 17
440 18
441 17
442 17
443 17
444 19
445 18
446 18
447 18
448 18
449 18
450 18
451 17
452 17
453 17
454 17
455 17
456 18
457 22
458 17
459 17
460 17
461 17
462 17
463 17
464 16
465 17
466 17
467 17
468 17
469 17
470 17
471 18
472 17
473 17
474 17
475 17
476 17
477 17
478 17
479 18
480 18
481 17
482 18
483 17
484 18
485 18
486 18
487 17
488 18
489 18
490 18
491 18
492 18
493 18
494 18
495 17
496 17
497 17
498 17
499 17
500 17
501 17
502 17
503 17
504 18
505 17
506 17
507 17
508 17
509 17
510 17
511 17
512 17
513 17
514 17
515 16
516 17
517 16
518 17
519 17
520 17
521 17
522 18
523 17
524 17
525 17
526 17
527 17
528 17
529 18
530 18
531 17
532 18
533 18
534 18
535 17
536 17
537 18
538 17
539 18
540 18
541 17
542 18
543 18
544 18
545 18
546 18
547 17
548 18
549 18
550 17
551 17
552 17
553 17
554 17
555 17
556 17
557 17
558 18
559 17
560 17
561 17
562 17
563 17
564 17
565 17
566 17
567 17
568 17
569 17
570 17
571 17
572 17
573 17
574 17
575 17
576 18
577 17
578 18
579 17
580 17
581 17
582 17
583 17
584 17
585 18
586 17
587 17
588 17
589 17
590 18
591 18
592 18
593 17
594 17
595 17
596 17
597 17
598 17
599 17
600 17
601 17
602 17
603 17
604 18
605 18
606 18
607 17
608 18
609 17
610 17
611 18
612 18
613 17
614 17
615 17
616 17
617 17
618 17
619 17
620 17
621 17
622 17
623 17
624 17
625 17
626 17
627 17
628 18
629 18
630 18
631 18
632 18
633 17
634 17
635 17
636 17
637 17
638 17
639 28
640 18
641 18
642 17
643 17
644 17
645 17
646 17
647 18
648 17
649 17
650 17
651 17
652 18
653 18
654 17
655 17
656 18
657 17
658 17
659 17
660 17
661 18
662 18
663 17
664 17
665 17
666 17
667 17
668 17
669 17
670 18
671 18
672 17
673 17
674 17
675 18
676 18
677 18
678 17
679 17
680 17
681 17
682 17
683 17
684 17
685 17
686 17
687 17
688 17
689 18
690 18
691 17
692 17
693 18
694 17
695 17
696 17
697 17
698 17
699 17
700 17
701 17
702 17
703 17
704 17
705 18
706 18
707 18
708 18
709 18
710 17
711 17
712 17
713 17
714 17
715 17
716 18
717 17
718 17
719 17
720 17
721 17
722 17
723 17
724 17
725 18
726 18
727 17
728 17
729 17
730 17
731 17
732 17
733 17
734 18
735 18
736 17
737 18
738 18
739 18
740 18
741 18
742 18
743 17
744 18
745 18
746 18
747 17
748 17
749 17
750 17
751 17
752 17
753 19
754 17
755 17
756 17
757 17
758 18
759 18
760 17
761 17
762 17
763 17
764 17
765 17
766 18
767 18
768 17
769 17
770 17
771 17
772 17
773 17
774 18
775 18
776 17
777 17
778 17
779 17
780 17
781 18
782 17
783 17
784 17
785 17
786 18
787 17
788 17
789 17
790 17
791 17
792 18
793 18
794 18
795 17
796 17
797 17
798 17
799 17
800 17
801 17
802 17
803 17
804 17
805 17
806 18
807 18
808 17
809 17
810 17
811 17
812 17
813 17
814 17
815 17
816 17
817 17
818 17
819 17
820 17
821 29
822 17
823 17
824 17
825 17
826 17
827 17
828 17
829 17
830 17
831 17
832 17
833 17
834 17
835 17
836 17
837 20
838 17
839 17
840 17
841 17
842 17
843 17
844 16
845 17
846 17
847 17
848 17
849 17
850 17
851 17
852 17
853 17
854 17
855 17
856 18
857 17
858 18
859 17
860 17
861 17
862 17
863 17
864 17
865 17
866 17
867 17
868 17
869 17
870 17
871 17
872 17
873 17
874 17
875 16
876 17
877 17
878 17
879 18
880 18
881 17
882 17
883 17
884 17
885 17
886 17
887 16
888 17
889 17
890 17
891 17
892 17
893 17
894 17
895 17
896 17
897 17
898 18
899 18
900 18
901 17
902 17
903 17
904 17
905 17
906 17
907 17
908 17
909 16
910 17
911 17
912 17
913 17
914 17
915 17
916 17
917 17
918 18
919 17
920 17
921 18
922 18
923 17
924 17
925 17
926 17
927 17
928 17
929 17
930 17
931 17
932 17
933 17
934 17
935 17
936 17
937 17
938 18
939 17
940 17
941 17
942 18
943 17
944 17
945 17
946 17
947 17
948 17
949 17
950 17
951 17
952 17
953 17
954 17
955 17
956 16
957 17
958 17
959 17
960 17
961 17
962 17
963 19
964 18
965 17
966 17
967 17
968 17
969 16
970 17
971 17
972 17
973 17
974 17
975 16
976 17
977 17
978 17
979 17
980 17
981 17
982 17
983 17
984 18
985 17
986 17
987 17
988 17
989 17
990 16
991 17
992 17
993 17
994 17
995 17
996 16
997 17
998 17
999 17
1000 17
1001 18
1002 17
1003 17
1004 235
1005 23
1006 17
1007 17
1008 17
1009 17
1010 17
1011 18
1012 18
1013 17
1014 17
1015 17
1016 17
1017 16
1018 17
1019 16
1020 17
1021 17
1022 17
1023 16
1024 17
1025 16
1026 17
1027 17
1028 17
1029 17
1030 17
1031 17
1032 17
1033 17
1034 17
1035 17
1036 17
1037 17
1038 17
1039 16
1040 17
1041 17
1042 17
1043 17
1044 18
1045 18
1046 18
1047 18
1048 17
1049 17
1050 18
1051 18
1052 17
1053 18
1054 18
1055 17
1056 17
1057 18
1058 18
1059 18
1060 18
1061 18
1062 17
1063 18
1064 18
1065 17
1066 17
1067 17
1068 17
1069 18
1070 17
1071 17
1072 17
1073 17
1074 17
1075 17
1076 17
1077 17
1078 17
1079 18
1080 18
1081 18
1082 17
1083 17
1084 17
1085 17
1086 17
1087 17
1088 17
1089 17
1090 17
1091 17
1092 17
1093 17
1094 17
1095 17
1096 17
1097 18
1098 17
1099 17
1100 17
1101 17
1102 17
1103 16
1104 17
1105 17
1106 17
1107 17
1108 16
1109 17
1110 17
1111 17
1112 17
1113 16
1114 17
1115 17
1116 17
1117 17
1118 17
1119 17
1120 17
1121 18
1122 18
1123 18
1124 17
1125 17
1126 17
1127 17
1128 17
1129 17
1130 17
1131 17
1132 17
1133 17
1134 18
1135 18
1136 18
1137 17
1138 18
1139 17
1140 17
1141 17
1142 17
1143 17
1144 17
1145 17
1146 17
1147 16
1148 17
1149 17
1150 17
1151 17
1152 17
1153 17
1154 17
1155 17
1156 17
1157 17
1158 17
1159 17
1160 17
1161 17
1162 17
1163 18
1164 17
1165 17
1166 17
1167 17
1168 18
1169 18
1170 17
1171 17
1172 17
1173 16
1174 17
1175 17
1176 18
1177 26
1178 18
1179 17
1180 18
1181 17
1182 17
1183 17
1184 17
1185 17
1186 17
1187 17
1188 17
1189 17
1190 17
1191 17
1192 17
1193 17
1194 17
1195 17
1196 17
1197 17
1198 18
1199 18
1200 18
1201 17
1202 17
1203 17
1204 17
1205 17
1206 17
1207 17
1208 17
1209 17
1210 17
1211 17
1212 17
1213 17
1214 17
1215 17
1216 17
1217 17
1218 17
1219 17
1220 18
1221 17
1222 17
1223 17
1224 17
1225 17
1226 17
1227 17
1228 17
1229 17
1230 17
1231 17
1232 17
1233 17
1234 17
1235 17
1236 18
1237 17
1238 17
1239 17
1240 17
1241 17
1242 18
1243 17
1244 17
1245 18
1246 17
1247 17
1248 17
1249 17
1250 17
1251 17
1252 17
1253 17
1254 17
1255 17
1256 17
1257 17
1258 17
1259 17
1260 17
1261 17
1262 17
1263 17
1264 17
1265 18
1266 17
1267 17
1268 17
1269 17
1270 17
1271 17
1272 17
1273 16
1274 17
1275 18
1276 17
1277 17
1278 18
1279 17
1280 17
1281 17
1282 17
1283 20
1284 17
1285 18
1286 18
1287 18
1288 18
1289 17
1290 17
1291 18
1292 17
1293 17
1294 17
1295 17
1296 18
1297 17
1298 17
1299 17
1300 17
1301 17
1302 17
1303 16
1304 17
1305 17
1306 17
1307 17
1308 17
1309 17
1310 17
1311 17
1312 17
1313 17
1314 17
1315 17
1316 17
1317 17
1318 18
1319 18
1320 17
1321 17
1322 17
1323 17
1324 17
1325 16
1326 17
1327 17
1328 18
1329 17
1330 17
1331 17
1332 17
1333 17
1334 17
1335 17
1336 17
1337 17
1338 17
1339 17
1340 16
1341 17
1342 17
1343 17
1344 17
1345 17
1346 17
1347 17
1348 16
1349 17
1350 18
1351 17
1352 17
1353 17
1354 17
1355 17
1356 16
1357 17
1358 17
1359 17
1360 17
1361 17
1362 17
1363 17
1364 17
1365 17
1366 17
1367 17
1368 17
1369 17
1370 17
1371 17
1372 17
1373 17
1374 17
1375 17
1376 17
1377 17
1378 17
1379 17
1380 17
1381 17
1382 17
1383 17
1384 17
1385 17
1386 16
1387 17
1388 17
1389 17
1390 17
1391 17
1392 17
1393 17
1394 18
1395 18
1396 18
1397 17
1398 17
1399 17
1400 17
1401 17
1402 17
1403 17
1404 17
1405 18
1406 18
1407 18
1408 18
1409 18
1410 17
1411 17
1412 17
1413 17
1414 16
1415 17
1416 17
1417 17
1418 18
1419 17
1420 17
1421 17
1422 17
1423 17
1424 17
1425 17
1426 17
1427 18
1428 17
1429 17
1430 17
1431 17
1432 17
1433 17
1434 18
1435 17
1436 16
1437 17
1438 17
1439 17
1440 17
1441 17
1442 18
1443 18
1444 17
1445 17
1446 17
1447 17
1448 17
1449 17
1450 17
1451 17
1452 17
1453 17
1454 17
1455 17
1456 17
1457 18
1458 17
1459 17
1460 17
1461 17
1462 17
1463 17
1464 17
1465 17
1466 17
1467 17
1468 17
1469 17
1470 17
1471 17
1472 17
1473 17
1474 17
1475 17
1476 17
1477 17
1478 17
1479 17
1480 17
1481 17
1482 17
1483 17
1484 16
1485 17
1486 16
1487 17
1488 17
1489 17
1490 17
1491 17
1492 16
1493 17
1494 18
1495 17
1496 17
1497 17
1498 17
1499 17
1500 17
1501 17
1502 17
1503 17
1504 17
1505 18
1506 17
1507 17
1508 17
1509 17
1510 17
1511 17
1512 16
1513 17
1514 17
1515 17
1516 17
1517 18
1518 18
1519 18
1520 17
1521 17
1522 17
1523 17
1524 17
1525 17
1526 17
1527 17
1528 17
1529 17
1530 17
1531 17
1532 17
1533 17
1534 17
1535 17
1536 17
1537 18
1538 17
1539 17
1540 17
1541 17
1542 17
1543 17
1544 20
1545 17
1546 17
1547 17
1548 17
1549 17
1550 17
1551 17
1552 17
1553 17
1554 18
1555 17
1556 17
1557 17
1558 17
1559 17
1560 17
1561 17
1562 17
1563 17
1564 17
1565 17
1566 17
1567 18
1568 17
1569 18
1570 18
1571 17
1572 17
1573 17
1574 17
1575 17
1576 17
1577 17
1578 17
1579 17
1580 17
1581 17
1582 17
1583 18
1584 17
1585 17
1586 18
1587 18
1588 17
1589 17
1590 17
1591 18
1592 18
1593 18
1594 17
1595 17
1596 17
1597 17
1598 17
1599 17
1600 17
1601 16
1602 17
1603 17
1604 17
1605 17
1606 17
1607 17
1608 18
1609 17
1610 17
1611 18
1612 17
1613 17
1614 18
1615 17
1616 17
1617 17
1618 17
1619 17
1620 17
1621 17
1622 18
1623 17
1624 17
1625 17
1626 17
1627 17
1628 17
1629 17
1630 16
1631 17
1632 17
1633 18
1634 18
1635 17
1636 18
1637 18
1638 18
1639 17
1640 18
1641 17
1642 17
1643 17
1644 17
1645 17
1646 17
1647 17
1648 17
1649 17
1650 17
1651 17
1652 17
1653 18
1654 18
1655 17
1656 17
1657 17
1658 17
1659 17
1660 17
1661 17
1662 17
1663 17
1664 17
1665 17
1666 17
1667 17
1668 17
1669 17
1670 17
1671 17
1672 18
1673 17
1674 17
1675 17
1676 17
1677 18
1678 18
1679 17
1680 17
1681 18
1682 18
1683 17
1684 17
1685 17
1686 17
1687 17
1688 17
1689 17
1690 18
1691 17
1692 17
1693 17
1694 17
1695 17
1696 17
1697 17
1698 17
1699 17
1700 17
1701 17
1702 17
1703 17
1704 17
1705 17
1706 19
1707 17
1708 17
1709 17
1710 17
1711 17
1712 17
1713 17
1714 17
1715 17
1716 16
1717 17
1718 18
1719 17
1720 17
1721 17
1722 18
1723 17
1724 18
1725 18
1726 18
1727 17
1728 19
1729 18
1730 18
1731 17
1732 17
1733 17
1734 18
1735 23
1736 18
1737 17
1738 18
1739 18
1740 18
1741 17
1742 17
1743 17
1744 17
1745 17
1746 17
1747 17
1748 17
1749 17
1750 17
1751 17
1752 17
1753 16
1754 17
1755 19
1756 17
1757 18
1758 18
1759 17
1760 17
1761 17
1762 17
1763 17
1764 17
1765 17
1766 17
1767 17
1768 17
1769 17
1770 19
1771 17
1772 17
1773 17
1774 17
1775 17
1776 17
1777 17
1778 17
1779 17
1780 17
1781 16
1782 17
1783 17
1784 17
1785 17
1786 18
1787 17
1788 17
1789 17
1790 17
1791 17
1792 18
1793 18
1794 18
1795 18
1796 18
1797 17
1798 17
1799 17
1800 17
1801 17
1802 17
1803 18
1804 17
1805 17
1806 17
1807 17
1808 17
1809 17
1810 17
1811 17
1812 17
1813 16
1814 17
1815 17
1816 17
1817 17
1818 17
1819 17
1820 17
1821 17
1822 18
1823 17
1824 17
1825 17
1826 17
1827 17
1828 17
1829 17
1830 17
1831 17
1832 17
1833 17
1834 22
1835 17
1836 17
1837 17
1838 17
1839 17
1840 17
1841 17
1842 17
1843 17
1844 17
1845 17
1846 17
1847 17
1848 17
1849 17
1850 17
1851 17
1852 17
1853 17
1854 17
1855 17
1856 17
1857 17
1858 17
1859 17
1860 16
1861 17
1862 17
1863 17
1864 17
1865 17
1866 17
1867 17
1868 17
1869 17
1870 17
1871 17
1872 17
1873 17
1874 18
1875 17
1876 17
1877 17
1878 17
1879 17
1880 17
1881 17
1882 17
1883 17
1884 17
1885 17
1886 17
1887 17
1888 17
1889 17
1890 17
1891 17
1892 17
1893 17
1894 18
1895 17
1896 17
1897 17
1898 19
1899 17
1900 17
1901 18
1902 18
1903 17
1904 17
1905 17
1906 16
1907 17
1908 17
1909 17
1910 19
1911 17
1912 18
1913 17
1914 17
1915 18
1916 17
1917 17
1918 17
1919 17
1920 17
1921 17
1922 17
1923 17
1924 17
1925 17
1926 17
1927 17
1928 17
1929 17
1930 17
1931 17
1932 18
1933 17
1934 17
1935 17
1936 17
1937 18
1938 18
1939 18
1940 17
1941 17
1942 17
1943 17
1944 18
1945 18
1946 18
1947 17
1948 17
1949 17
1950 17
1951 17
1952 17
1953 17
1954 17
1955 18
1956 17
1957 17
1958 17
1959 17
1960 17
1961 17
1962 18
1963 17
1964 17
1965 17
1966 18
1967 17
1968 17
1969 17
1970 17
1971 17
1972 18
1973 17
1974 17
1975 17
1976 17
1977 17
1978 17
1979 17
1980 17
1981 17
1982 17
1983 17
1984 17
1985 17
1986 18
1987 17
1988 17
1989 17
1990 17
1991 17
1992 17
1993 17
1994 17
1995 17
1996 17
1997 17
1998 18
1999 18
2000 18
2001 18
2002 17
2003 17
2004 17
2005 17
2006 17
2007 17
2008 17
2009 17
2010 17
2011 17
2012 18
2013 17
2014 18
2015 18
2016 18
2017 18
2018 18
2019 17
2020 17
2021 17
2022 19
2023 18
2024 17
2025 17
2026 19
2027 17
2028 18
2029 17
2030 17
2031 18
2032 17
2033 17
2034 17
2035 17
2036 17
2037 17
2038 17
2039 17
2040 17
2041 17
2042 18
2043 17
2044 17
2045 17
2046 21
2047 18
2048 18
2049 18
2050 18
2051 17
2052 19
2053 18
2054 18
2055 17
2056 18
2057 18
2058 18
2059 18
2060 17
2061 18
2062 18
2063 17
2064 19
2065 17
2066 18
2067 17
2068 17
2069 17
2070 17
2071 17
2072 17
2073 18
2074 17
2075 17
2076 17
2077 17
2078 17
2079 17
2080 17
2081 19
2082 17
2083 16
2084 17
2085 17
2086 18
2087 17
2088 17
2089 17
2090 27
2091 23
2092 17
2093 17
2094 17
2095 17
2096 17
2097 17
2098 17
2099 17
2100 17
2101 17
2102 16
2103 17
2104 17
2105 17
2106 17
2107 17
2108 17
2109 17
2110 16
2111 17
2112 18
2113 17
2114 17
2115 17
2116 16
2117 17
2118 17
2119 16
2120 17
2121 17
2122 17
2123 17
2124 16
2125 17
2126 16
2127 17
2128 17
2129 17
2130 17
2131 17
2132 17
2133 19
2134 18
2135 17
2136 17
2137 17
2138 17
2139 17
2140 17
2141 16
2142 17
2143 16
2144 17
2145 17
2146 17
2147 17
2148 17
2149 17
2150 17
2151 17
2152 17
2153 17
2154 19
2155 17
2156 16
2157 17
2158 16
2159 17
2160 16
2161 17
2162 16
2163 17
2164 17
2165 16
2166 17
2167 17
2168 16
2169 17
2170 17
2171 17
2172 17
2173 17
2174 17
2175 18
2176 17
2177 16
2178 17
2179 17
2180 17
2181 17
2182 17
2183 17
2184 17
2185 17
2186 17
2187 16
2188 17
2189 17
2190 19
2191 17
2192 17
2193 17
2194 17
2195 17
2196 18
2197 17
2198 17
2199 17
2200 17
2201 17
2202 17
2203 17
2204 17
2205 17
2206 17
2207 17
2208 17
2209 17
2210 17
2211 16
2212 17
2213 17
2214 17
2215 18
2216 17
2217 18
2218 18
2219 17
2220 16
2221 17
2222 17
2223 17
2224 17
2225 16
2226 17
2227 17
2228 16
2229 17
2230 17
2231 17
2232 17
2233 16
2234 17
2235 17
2236 17
2237 17
2238 18
2239 17
2240 17
2241 17
2242 17
2243 16
2244 17
2245 16
2246 17
2247 16
2248 17
2249 16
2250 17
2251 17
2252 17
2253 17
2254 17
2255 17
2256 17
2257 17
2258 17
2259 18
2260 17
2261 17
2262 17
2263 17
2264 17
2265 17
2266 17
2267 17
2268 17
2269 17
2270 17
2271 17
2272 16
2273 17
2274 17
2275 28
2276 17
2277 17
2278 18
2279 17
2280 18
2281 17
2282 20
2283 17
2284 17
2285 17
2286 16
2287 17
2288 16
2289 17
2290 16
2291 17
2292 17
2293 17
2294 17
2295 17
2296 17
2297 17
2298 17
2299 17
2300 17
2301 18
2302 17
2303 17
2304 17
2305 17
2306 16
2307 17
2308 17
2309 17
2310 17
2311 17
2312 17
2313 16
2314 17
2315 16
2316 17
2317 17
2318 16
2319 17
2320 17
2321 17
2322 18
2323 17
2324 17
2325 17
2326 17
2327 17
2328 17
2329 17
2330 16
2331 17
2332 17
2333 17
2334 17
2335 17
2336 17
2337 17
2338 17
2339 17
2340 17
2341 17
2342 17
2343 18
2344 17
2345 17
2346 19
2347 17
2348 16
2349 17
2350 17
2351 17
2352 17
2353 17
2354 17
2355 17
2356 16
2357 17
2358 17
2359 17
2360 17
2361 16
2362 17
2363 17
2364 18
2365 17
2366 17
2367 17
2368 17
2369 17
2370 17
2371 17
2372 17
2373 17
2374 17
2375 17
2376 17
2377 17
2378 17
2379 17
2380 17
2381 17
2382 17
2383 17
2384 17
2385 18
2386 17
2387 17
2388 17
2389 17
2390 16
2391 17
2392 17
2393 17
2394 17
2395 16
2396 17
2397 16
2398 17
2399 17
2400 17
2401 17
2402 17
2403 17
2404 17
2405 16
2406 18
2407 17
2408 17
2409 17
2410 19
2411 16
2412 17
2413 17
2414 17
2415 17
2416 17
2417 17
2418 17
2419 17
2420 16
2421 17
2422 16
2423 17
2424 18
2425 17
2426 17
2427 17
2428 17
2429 17
2430 17
2431 17
2432 17
2433 17
2434 17
2435 17
2436 17
2437 17
2438 17
2439 16
2440 17
2441 16
2442 17
2443 17
2444 17
2445 17
2446 17
2447 17
2448 18
2449 17
2450 17
2451 17
2452 16
2453 17
2454 17
2455 17
2456 17
2457 17
2458 18
2459 216
2460 22
2461 17
2462 17
2463 16
2464 17
2465 16
2466 18
2467 18
2468 18
2469 18
2470 17
2471 17
2472 17
2473 17
2474 18
2475 17
2476 17
2477 17
2478 18
2479 17
2480 17
2481 17
2482 17
2483 18
2484 17
2485 17
2486 17
2487 17
2488 17
2489 17
2490 17
2491 17
2492 17
2493 17
2494 18
2495 17
2496 17
2497 17
2498 17
2499 17
2500 17
2501 17
2502 17
2503 18
2504 17
2505 17
2506 17
2507 17
2508 17
2509 17
2510 17
2511 17
2512 17
2513 16
2514 17
2515 17
2516 17
2517 17
2518 17
2519 17
2520 18
2521 17
2522 17
2523 17
2524 17
2525 17
2526 17
2527 17
2528 17
2529 16
2530 17
2531 17
2532 17
2533 18
2534 17
2535 17
2536 17
2537 17
2538 17
2539 17
2540 18
2541 17
2542 17
2543 17
2544 17
2545 17
2546 17
2547 17
2548 17
2549 17
2550 17
2551 17
2552 18
2553 17
2554 17
2555 17
2556 17
2557 17
2558 17
2559 17
2560 17
2561 17
2562 17
2563 17
2564 17
2565 17
2566 17
2567 17
2568 17
2569 16
2570 17
2571 17
2572 17
2573 17
2574 17
2575 17
2576 17
2577 17
2578 17
2579 17
2580 17
2581 16
2582 17
2583 17
2584 17
2585 17
2586 17
2587 17
2588 17
2589 17
2590 17
2591 17
2592 17
2593 17
2594 17
2595 17
2596 17
2597 17
2598 17
2599 17
2600 17
2601 16
2602 17
2603 17
2604 17
2605 17
2606 17
2607 17
2608 17
2609 18
2610 17
2611 17
2612 17
2613 16
2614 17
2615 17
2616 17
2617 17
2618 17
2619 17
2620 17
2621 17
2622 17
2623 17
2624 17
2625 17
2626 18
2627 17
2628 17
2629 17
2630 18
2631 17
2632 17
2633 17
2634 28
2635 17
2636 21
2637 17
2638 17
2639 17
2640 16
2641 17
2642 18
2643 17
2644 17
2645 16
2646 17
2647 16
2648 17
2649 17
2650 17
2651 17
2652 17
2653 18
2654 17
2655 17
2656 18
2657 17
2658 17
2659 17
2660 17
2661 17
2662 17
2663 17
2664 17
2665 17
2666 16
2667 17
2668 17
2669 18
2670 17
2671 17
2672 17
2673 16
2674 17
2675 16
2676 17
2677 17
2678 17
2679 17
2680 17
2681 17
2682 17
2683 17
2684 17
2685 17
2686 18
2687 17
2688 17
2689 17
2690 17
2691 17
2692 18
2693 17
2694 17
2695 17
2696 17
2697 18
2698 18
2699 18
2700 17
2701 17
2702 17
2703 17
2704 17
2705 17
2706 17
2707 17
2708 17
2709 17
2710 17
2711 17
2712 17
2713 17
2714 17
2715 17
2716 17
2717 18
2718 17
2719 17
2720 17
2721 17
2722 17
2723 16
2724 17
2725 17
2726 18
2727 17
2728 18
2729 18
2730 18
2731 17
2732 17
2733 18
2734 18
2735 17
2736 17
2737 18
2738 18
2739 17
2740 17
2741 17
2742 16
2743 17
2744 17
2745 17
2746 17
2747 17
2748 17
2749 18
2750 17
2751 17
2752 17
2753 17
2754 17
2755 17
2756 17
2757 17
2758 17
2759 17
2760 17
2761 17
2762 17
2763 17
2764 17
2765 17
2766 17
2767 17
2768 17
2769 18
2770 18
2771 17
2772 17
2773 18
2774 17
2775 17
2776 17
2777 17
2778 17
2779 17
2780 17
2781 18
2782 17
2783 17
2784 17
2785 17
2786 17
2787 17
2788 17
2789 17
2790 17
2791 17
2792 17
2793 17
2794 17
2795 17
2796 17
2797 16
2798 17
2799 17
2800 17
2801 17
2802 17
2803 17
2804 17
2805 17
2806 17
2807 18
2808 17
2809 17
2810 17
2811 17
2812 17
2813 17
2814 17
2815 18
2816 18
2817 37
2818 18
2819 18
2820 17
2821 18
2822 18
2823 17
2824 17
2825 18
2826 17
2827 17
2828 17
2829 17
2830 17
2831 17
2832 16
2833 17
2834 17
2835 17
2836 17
2837 17
2838 17
2839 17
2840 17
2841 17
2842 17
2843 17
2844 17
2845 17
2846 18
2847 17
2848 17
2849 17
2850 17
2851 18
2852 18
2853 18
2854 17
2855 17
2856 17
2857 17
2858 16
2859 17
2860 17
2861 17
2862 18
2863 17
2864 17
2865 16
2866 17
2867 17
2868 17
2869 17
2870 17
2871 17
2872 17
2873 17
2874 17
2875 17
2876 17
2877 17
2878 17
2879 17
2880 18
2881 18
2882 18
2883 17
2884 17
2885 17
2886 17
2887 17
2888 17
2889 17
2890 17
2891 17
2892 18
2893 17
2894 18
2895 17
2896 17
2897 17
2898 17
2899 17
2900 17
2901 16
2902 17
2903 17
2904 18
2905 17
2906 17
2907 17
2908 17
2909 17
2910 17
2911 17
2912 17
2913 17
2914 18
2915 17
2916 17
2917 17
2918 18
2919 17
2920 17
2921 17
2922 17
2923 17
2924 17
2925 17
2926 17
2927 17
2928 17
2929 17
2930 17
2931 17
2932 17
2933 17
2934 17
2935 17
2936 17
2937 17
2938 17
2939 17
2940 17
2941 17
2942 17
2943 17
2944 18
2945 17
2946 17
2947 17
2948 17
2949 17
2950 18
2951 17
2952 18
2953 18
2954 18
2955 18
2956 17
2957 17
2958 17
2959 17
2960 18
2961 18
2962 17
2963 17
2964 17
2965 17
2966 17
2967 17
2968 17
2969 17
2970 17
2971 17
2972 17
2973 17
2974 17
2975 17
2976 17
2977 17
2978 17
2979 17
2980 17
2981 17
2982 17
2983 17
2984 17
2985 17
2986 17
2987 17
2988 17
2989 18
2990 18
2991 17
2992 17
2993 18
2994 18
2995 18
2996 17
2997 17
2998 18
2999 26
3000 17
3001 17
3002 17
3003 17
3004 17
3005 17
3006 17
3007 17
3008 17
3009 18
3010 17
3011 17
3012 17
3013 17
3014 17
3015 18
3016 18
3017 18
3018 17
3019 17
3020 17
3021 17
3022 17
3023 17
3024 17
3025 17
3026 17
3027 17
3028 17
3029 17
3030 17
3031 17
3032 18
3033 18
3034 18
3035 18
3036 17
3037 18
3038 18
3039 17
3040 17
3041 18
3042 18
3043 17
3044 18
3045 18
3046 18
3047 18
3048 18
3049 17
3050 17
3051 18
3052 18
3053 18
3054 18
3055 18
3056 18
3057 17
3058 17
3059 17
3060 17
3061 17
3062 17
3063 17
3064 17
3065 17
3066 18
3067 17
3068 17
3069 17
3070 17
3071 17
3072 18
3073 17
3074 18
3075 17
3076 17
3077 17
3078 17
3079 17
3080 17
3081 17
3082 17
3083 17
3084 17
3085 17
3086 17
3087 17
3088 17
3089 17
3090 17
3091 17
3092 18
3093 17
3094 17
3095 17
3096 18
3097 18
3098 17
3099 17
3100 17
3101 17
3102 17
3103 18
3104 17
3105 17
3106 18
3107 17
3108 17
3109 17
3110 17
3111 17
3112 17
3113 17
3114 17
3115 17
3116 17
3117 17
3118 17
3119 17
3120 17
3121 16
3122 18
3123 18
3124 17
3125 17
3126 17
3127 17
3128 18
3129 18
3130 17
3131 17
3132 17
3133 17
3134 17
3135 17
3136 17
3137 17
3138 17
3139 17
3140 17
3141 17
3142 17
3143 17
3144 17
3145 17
3146 17
3147 17
3148 17
3149 17
3150 17
3151 17
3152 17
3153 17
3154 17
3155 17
3156 17
3157 17
3158 18
3159 18
3160 17
3161 18
3162 18
3163 18
3164 18
3165 18
3166 18
3167 17
3168 17
3169 17
3170 18
3171 18
3172 17
3173 17
3174 18
3175 17
3176 17
3177 17
3178 17
3179 17
3180 17
3181 17
3182 19
3183 18
3184 18
3185 17
3186 17
3187 17
3188 17
3189 18
3190 18
3191 17
3192 17
3193 17
3194 17
3195 17
3196 17
3197 17
3198 17
3199 17
3200 17
3201 17
3202 17
3203 17
3204 18
3205 17
3206 18
3207 18
3208 18
3209 18
3210 18
3211 18
3212 17
3213 17
3214 17
3215 17
3216 17
3217 17
3218 17
3219 18
3220 17
3221 17
3222 17
3223 17
3224 17
3225 17
3226 17
3227 17
3228 17
3229 17
3230 17
3231 17
3232 18
3233 18
3234 17
3235 17
3236 17
3237 17
3238 18
3239 18
3240 18
3241 17
3242 17
3243 17
3244 17
3245 17
3246 17
3247 17
3248 17
3249 17
3250 18
3251 17
3252 17
3253 17
3254 17
3255 17
3256 18
3257 18
3258 18
3259 17
3260 17
3261 17
3262 17
3263 17
3264 17
3265 17
3266 17
3267 17
3268 18
3269 17
3270 17
3271 17
3272 17
3273 17
3274 17
3275 17
3276 17
3277 17
3278 17
3279 18
3280 18
3281 18
3282 18
3283 17
3284 17
3285 17
3286 17
3287 17
3288 18
3289 18
3290 17
3291 17
3292 17
3293 17
3294 17
3295 17
3296 18
3297 18
3298 17
3299 17
3300 17
3301 17
3302 17
3303 17
3304 18
3305 18
3306 18
3307 17
3308 17
3309 17
3310 17
3311 17
3312 17
3313 17
3314 17
3315 17
3316 17
3317 17
3318 17
3319 18
3320 18
3321 18
3322 17
3323 17
3324 17
3325 17
3326 17
3327 18
3328 17
3329 17
3330 17
3331 17
3332 17
3333 17
3334 18
3335 17
3336 17
3337 17
3338 17
3339 17
3340 17
3341 17
3342 17
3343 17
3344 17
3345 17
3346 18
3347 17
3348 17
3349 19
3350 17
3351 17
3352 17
3353 17
3354 17
3355 17
3356 17
3357 16
3358 17
3359 17
3360 17
3361 17
3362 17
3363 17
3364 32
3365 17
3366 17
3367 17
3368 17
3369 18
3370 19
3371 18
3372 17
3373 17
3374 18
3375 17
3376 17
3377 17
3378 17
3379 17
3380 17
3381 17
3382 18
3383 17
3384 17
3385 17
3386 17
3387 17
3388 18
3389 18
3390 17
3391 18
3392 17
3393 17
3394 17
3395 17
3396 17
3397 17
3398 17
3399 17
3400 17
3401 17
3402 18
3403 17
3404 17
3405 17
3406 17
3407 17
3408 17
3409 17
3410 17
3411 17
3412 18
3413 17
3414 17
3415 17
3416 17
3417 17
3418 17
3419 17
3420 17
3421 17
3422 17
3423 17
3424 17
3425 17
3426 17
3427 17
3428 17
3429 17
3430 17
3431 17
3432 18
3433 18
3434 17
3435 17
3436 17
3437 17
3438 17
3439 17
3440 17
3441 17
3442 17
3443 17
3444 17
3445 17
3446 17
3447 17
3448 17
3449 17
3450 17
3451 17
3452 17
3453 17
3454 18
3455 17
3456 17
3457 17
3458 16
3459 17
3460 16
3461 17
3462 17
3463 17
3464 16
3465 17
3466 17
3467 17
3468 17
3469 17
3470 17
3471 17
3472 17
3473 17
3474 17
3475 17
3476 17
3477 17
3478 17
3479 19
3480 16
3481 17
3482 17
3483 17
3484 17
3485 17
3486 17
3487 17
3488 17
3489 17
3490 17
3491 17
3492 17
3493 17
3494 18
3495 17
3496 18
3497 17
3498 17
3499 17
3500 16
3501 17
3502 17
3503 17
3504 17
3505 16
3506 17
3507 17
3508 17
3509 17
3510 17
3511 16
3512 17
3513 16
3514 17
3515 17
3516 17
3517 19
3518 18
3519 17
3520 17
3521 16
3522 17
3523 16
3524 17
3525 17
3526 17
3527 17
3528 17
3529 17
3530 17
3531 17
3532 17
3533 17
3534 17
3535 17
3536 17
3537 17
3538 19
3539 17
3540 16
3541 17
3542 16
3543 18
3544 17
3545 17
3546 17
3547 16
3548 18
3549 17
3550 17
3551 17
3552 17
3553 16
3554 17
3555 16
3556 17
3557 17
3558 17
3559 18
3560 17
3561 17
3562 17
3563 16
3564 17
3565 17
3566 17
3567 17
3568 17
3569 17
3570 17
3571 17
3572 17
3573 17
3574 17
3575 17
3576 17
3577 17
3578 17
3579 17
3580 18
3581 17
3582 17
3583 17
3584 17
3585 17
3586 17
3587 16
3588 17
3589 16
3590 17
3591 17
3592 17
3593 17
3594 17
3595 17
3596 17
3597 17
3598 17
3599 17
3600 17
3601 18
3602 17
3603 17
3604 16
3605 17
3606 17
3607 18
3608 17
3609 17
3610 17
3611 17
3612 17
3613 17
3614 17
3615 17
3616 17
3617 16
3618 17
3619 17
3620 17
3621 17
3622 18
3623 17
3624 17
3625 17
3626 16
3627 17
3628 16
3629 17
3630 17
3631 17
3632 17
3633 17
3634 17
3635 17
3636 17
3637 17
3638 17
3639 17
3640 17
3641 17
3642 17
3643 18
3644 17
3645 17
3646 18
3647 17
3648 17
3649 17
3650 16
3651 17
3652 17
3653 17
3654 17
3655 17
3656 17
3657 17
3658 17
3659 17
3660 17
3661 17
3662 18
3663 17
3664 18
3665 17
3666 16
3667 17
3668 16
3669 17
3670 17
3671 19
3672 16
3673 17
3674 17
3675 17
3676 17
3677 17
3678 17
3679 17
3680 17
3681 16
3682 17
3683 17
3684 17
3685 19
3686 18
3687 17
3688 17
3689 17
3690 17
3691 17
3692 17
3693 17
3694 17
3695 17
3696 16
3697 17
3698 17
3699 17
3700 17
3701 16
3702 17
3703 16
3704 17
3705 17
3706 18
3707 17
3708 17
3709 17
3710 17
3711 17
3712 16
3713 17
3714 17
3715 16
3716 17
3717 17
3718 17
3719 17
3720 16
3721 17
3722 16
3723 17
3724 17
3725 17
3726 17
3727 18
3728 17
3729 17
3730 17
3731 17
3732 29
3733 17
3734 17
3735 18
3736 17
3737 17
3738 17
3739 16
3740 17
3741 17
3742 17
3743 17
3744 17
3745 17
3746 18
3747 17
3748 18
3749 17
3750 17
3751 17
3752 17
3753 17
3754 17
3755 16
3756 17
3757 17
3758 17
3759 17
3760 17
3761 17
3762 17
3763 17
3764 17
3765 17
3766 17
3767 18
3768 17
3769 18
3770 18
3771 17
3772 17
3773 17
3774 17
3775 17
3776 16
3777 17
3778 16
3779 17
3780 16
3781 17
3782 16
3783 17
3784 16
3785 17
3786 17
3787 17
3788 17
3789 17
3790 18
3791 17
3792 17
3793 17
3794 17
3795 17
3796 17
3797 16
3798 17
3799 19
3800 17
3801 16
3802 17
3803 17
3804 17
3805 17
3806 17
3807 17
3808 17
3809 17
3810 17
3811 18
3812 17
3813 17
3814 17
3815 17
3816 16
3817 17
3818 17
3819 17
3820 17
3821 17
3822 17
3823 17
3824 17
3825 16
3826 17
3827 17
3828 17
3829 17
3830 17
3831 17
3832 19
3833 17
3834 17
3835 17
3836 17
3837 17
3838 17
3839 17
3840 16
3841 17
3842 17
3843 17
3844 17
3845 17
3846 17
3847 17
3848 17
3849 16
3850 17
3851 17
3852 16
3853 18
3854 17
3855 17
3856 17
3857 17
3858 16
3859 17
3860 16
3861 17
3862 17
3863 19
3864 17
3865 17
3866 17
3867 17
3868 17
3869 16
3870 17
3871 17
3872 17
3873 17
3874 18
3875 17
3876 17
3877 17
3878 17
3879 17
3880 17
3881 17
3882 16
3883 17
3884 16
3885 17
3886 17
3887 17
3888 16
3889 17
3890 17
3891 17
3892 17
3893 17
3894 17
3895 18
3896 18
3897 17
3898 17
3899 17
3900 17
3901 17
3902 16
3903 17
3904 17
3905 17
3906 17
3907 17
3908 17
3909 16
3910 17
3911 16
3912 17
3913 17
3914 18
3915 17
3916 18
3917 288
3918 18
3919 17
3920 17
3921 17
3922 17
3923 17
3924 17
3925 16
3926 17
3927 18
3928 17
3929 17
3930 17
3931 17
3932 17
3933 17
3934 18
3935 17
3936 17
3937 17
3938 17
3939 17
3940 17
3941 18
3942 18
3943 17
3944 17
3945 17
3946 17
3947 17
3948 17
3949 17
3950 17
3951 18
3952 17
3953 17
3954 17
3955 17
3956 17
3957 17
3958 18
3959 17
3960 17
3961 17
3962 17
3963 17
3964 17
3965 17
3966 17
3967 17
3968 17
3969 17
3970 17
3971 17
3972 17
3973 17
3974 17
3975 18
3976 18
3977 17
3978 17
3979 17
3980 17
3981 17
3982 18
3983 17
3984 17
3985 17
3986 18
3987 18
3988 18
3989 17
3990 18
3991 18
3992 18
3993 17
3994 17
3995 17
3996 17
3997 17
3998 17
3999 17
4000 17
4001 17
4002 17
4003 17
4004 17
4005 17
4006 17
4007 17
4008 17
4009 17
4010 17
4011 17
4012 17
4013 17
4014 17
4015 17
4016 17
4017 16
4018 17
4019 17
4020 17
4021 17
4022 18
4023 17
4024 16
4025 17
4026 17
4027 17
4028 17
4029 18
4030 17
4031 17
4032 17
4033 17
4034 17
4035 17
4036 17
4037 17
4038 18
4039 17
4040 17
4041 17
4042 18
4043 17
4044 17
4045 17
4046 17
4047 17
4048 16
4049 17
4050 17
4051 17
4052 18
4053 17
4054 17
4055 17
4056 17
4057 17
4058 17
4059 17
4060 18
4061 17
4062 17
4063 18
4064 17
4065 17
4066 22
4067 17
4068 18
4069 17
4070 17
4071 17
4072 17
4073 17
4074 17
4075 17
4076 17
4077 17
4078 17
4079 17
4080 17
4081 17
4082 18
4083 17
4084 17
4085 17
4086 17
4087 17
4088 29
4089 17
4090 17
4091 17
4092 16
4093 17
4094 17
4095 17
4096 17
4097 17
4098 17
4099 17
4100 18
4101 17
4102 17
4103 17
4104 17
4105 17
4106 17
4107 17
4108 17
4109 17
4110 17
4111 17
4112 17
4113 17
4114 17
4115 17
4116 17
4117 17
4118 18
4119 17
4120 17
4121 16
4122 17
4123 16
4124 17
4125 16
4126 17
4127 17
4128 17
4129 17
4130 17
4131 18
4132 18
4133 17
4134 18
4135 18
4136 18
4137 17
4138 18
4139 18
4140 17
4141 17
4142 17
4143 17
4144 17
4145 17
4146 17
4147 17
4148 17
4149 17
4150 17
4151 17
4152 17
4153 17
4154 17
4155 16
4156 17
4157 17
4158 17
4159 17
4160 17
4161 17
4162 17
4163 17
4164 17
4165 16
4166 17
4167 17
4168 17
4169 17
4170 17
4171 17
4172 17
4173 17
4174 17
4175 17
4176 17
4177 17
4178 17
4179 18
4180 17
4181 17
4182 16
4183 17
4184 16
4185 17
4186 17
4187 17
4188 17
4189 17
4190 17
4191 17
4192 17
4193 17
4194 17
4195 17
4196 17
4197 17
4198 17
4199 17
4200 17
4201 17
4202 17
4203 17
4204 17
4205 17
4206 17
4207 18
4208 17
4209 17
4210 17
4211 17
4212 17
4213 17
4214 17
4215 17
4216 18
4217 17
4218 17
4219 17
4220 17
4221 17
4222 17
4223 17
4224 17
4225 17
4226 17
4227 17
4228 18
4229 17
4230 17
4231 17
4232 17
4233 18
4234 17
4235 17
4236 17
4237 17
4238 17
4239 17
4240 17
4241 17
4242 17
4243 17
4244 17
4245 17
4246 18
4247 17
4248 17
4249 17
4250 17
4251 17
4252 17
4253 17
4254 18
4255 17
4256 17
4257 18
4258 17
4259 17
4260 17
4261 17
4262 17
4263 17
4264 17
4265 17
4266 17
4267 17
4268 17
4269 17
4270 17
4271 26
4272 17
4273 17
4274 17
4275 17
4276 17
4277 17
4278 17
4279 17
4280 17
4281 17
4282 17
4283 17
4284 17
4285 17
4286 18
4287 17
4288 16
4289 17
4290 16
4291 17
4292 17
4293 18
4294 18
4295 18
4296 17
4297 17
4298 17
4299 17
4300 16
4301 17
4302 17
4303 17
4304 17
4305 16
4306 17
4307 17
4308 18
4309 17
4310 17
4311 17
4312 17
4313 16
4314 17
4315 17
4316 17
4317 17
4318 17
4319 17
4320 17
4321 17
4322 17
4323 17
4324 17
4325 18
4326 17
4327 17
4328 17
4329 17
4330 17
4331 17
4332 17
4333 17
4334 17
4335 17
4336 17
4337 17
4338 17
4339 17
4340 17
4341 17
4342 17
4343 17
4344 17
4345 18
4346 17
4347 17
4348 18
4349 18
4350 17
4351 18
4352 17
4353 17
4354 17
4355 17
4356 17
4357 17
4358 17
4359 18
4360 17
4361 17
4362 17
4363 17
4364 17
4365 17
4366 17
4367 16
4368 17
4369 16
4370 17
4371 17
4372 18
4373 17
4374 18
4375 18
4376 16
4377 17
4378 17
4379 17
4380 16
4381 17
4382 17
4383 16
4384 17
4385 17
4386 18
4387 17
4388 17
4389 17
4390 17
4391 16
4392 17
4393 17
4394 17
4395 17
4396 17
4397 17
4398 18
4399 17
4400 16
4401 17
4402 17
4403 17
4404 17
4405 17
4406 17
4407 16
4408 17
4409 16
4410 17
4411 17
4412 17
4413 17
4414 17
4415 17
4416 17
4417 17
4418 17
4419 17
4420 17
4421 17
4422 18
4423 17
4424 17
4425 17
4426 18
4427 17
4428 17
4429 17
4430 17
4431 17
4432 17
4433 17
4434 17
4435 17
4436 17
4437 17
4438 17
4439 17
4440 17
4441 17
4442 17
4443 17
4444 17
4445 17
4446 17
4447 17
4448 18
4449 17
4450 17
4451 17
4452 17
4453 17
4454 17
4455 27
4456 17
4457 17
4458 17
4459 17
4460 17
4461 17
4462 17
4463 17
4464 17
4465 17
4466 17
4467 17
4468 17
4469 18
4470 18
4471 17
4472 17
4473 17
4474 17
4475 17
4476 17
4477 17
4478 17
4479 17
4480 17
4481 17
4482 18
4483 17
4484 17
4485 17
4486 17
4487 17
4488 16
4489 17
4490 17
4491 17
4492 17
4493 17
4494 17
4495 17
4496 18
4497 17
4498 17
4499 17
4500 16
4501 17
4502 16
4503 17
4504 16
4505 17
4506 17
4507 17
4508 17
4509 16
4510 17
4511 16
4512 17
4513 17
4514 17
4515 17
4516 17
4517 17
4518 17
4519 17
4520 17
4521 17
4522 17
4523 17
4524 17
4525 17
4526 17
4527 17
4528 18
4529 17
4530 17
4531 17
4532 17
4533 17
4534 17
4535 17
4536 17
4537 17
4538 16
4539 17
4540 16
4541 17
4542 17
4543 17
4544 17
4545 19
4546 17
4547 17
4548 17
4549 17
4550 17
4551 17
4552 17
4553 17
4554 17
4555 17
4556 17
4557 17
4558 17
4559 18
4560 18
4561 18
4562 18
4563 18
4564 18
4565 18
4566 17
4567 17
4568 16
4569 17
4570 17
4571 17
4572 17
4573 17
4574 17
4575 17
4576 17
4577 17
4578 17
4579 18
4580 17
4581 17
4582 17
4583 17
4584 17
4585 17
4586 17
4587 18
4588 17
4589 17
4590 18
4591 17
4592 17
4593 17
4594 17
4595 17
4596 18
4597 17
4598 18
4599 17
4600 17
4601 17
4602 18
4603 18
4604 17
4605 18
4606 18
4607 17
4608 18
4609 18
4610 17
4611 17
4612 17
4613 17
4614 17
4615 17
4616 17
4617 17
4618 17
4619 17
4620 17
4621 17
4622 17
4623 17
4624 17
4625 17
4626 17
4627 17
4628 16
4629 17
4630 17
4631 17
4632 17
4633 17
4634 17
4635 17
4636 16
4637 17
4638 17
4639 19
4640 18
4641 17
4642 17
4643 17
4644 17
4645 18
4646 18
4647 18
4648 17
4649 17
4650 18
4651 18
4652 17
4653 17
4654 17
4655 17
4656 17
4657 17
4658 17
4659 17
4660 17
4661 16
4662 17
4663 17
4664 17
4665 17
4666 17
4667 17
4668 17
4669 17
4670 17
4671 16
4672 17
4673 16
4674 17
4675 16
4676 17
4677 18
4678 20
4679 17
4680 17
4681 17
4682 17
4683 16
4684 17
4685 18
4686 17
4687 17
4688 16
4689 17
4690 18
4691 18
4692 18
4693 17
4694 18
4695 18
4696 17
4697 17
4698 17
4699 18
4700 18
4701 18
4702 17
4703 17
4704 17
4705 17
4706 17
4707 17
4708 17
4709 17
4710 17
4711 17
4712 17
4713 17
4714 17
4715 17
4716 17
4717 17
4718 17
4719 17
4720 17
4721 16
4722 17
4723 17
4724 18
4725 17
4726 17
4727 17
4728 17
4729 17
4730 17
4731 17
4732 17
4733 17
4734 17
4735 17
4736 17
4737 17
4738 17
4739 18
4740 17
4741 17
4742 19
4743 16
4744 17
4745 17
4746 17
4747 17
4748 17
4749 17
4750 17
4751 17
4752 17
4753 16
4754 17
4755 17
4756 17
4757 17
4758 17
4759 17
4760 17
4761 17
4762 16
4763 17
4764 17
4765 17
4766 18
4767 17
4768 17
4769 17
4770 17
4771 17
4772 17
4773 17
4774 17
4775 18
4776 17
4777 17
4778 17
4779 18
4780 17
4781 17
4782 17
4783 17
4784 17
4785 17
4786 18
4787 17
4788 18
4789 18
4790 18
4791 17
4792 17
4793 17
4794 17
4795 17
4796 17
4797 17
4798 17
4799 17
4800 17
4801 17
4802 17
4803 18
4804 18
4805 17
4806 19
4807 18
4808 17
4809 17
4810 17
4811 16
4812 17
4813 17
4814 18
4815 17
4816 18
4817 17
4818 17
4819 17
4820 17
4821 17
4822 18
4823 17
4824 17
4825 17
4826 18
4827 17
4828 17
4829 17
4830 17
4831 18
4832 18
4833 18
4834 18
4835 17
4836 17
4837 17
4838 17
4839 17
4840 17
4841 16
4842 17
4843 17
4844 18
4845 17
4846 17
4847 17
4848 17
4849 17
4850 17
4851 17
4852 17
4853 17
4854 17
4855 18
4856 18
4857 17
4858 17
4859 17
4860 18
4861 17
4862 17
4863 17
4864 17
4865 17
4866 17
4867 17
4868 17
4869 17
4870 19
4871 17
4872 17
4873 17
4874 17
4875 17
4876 17
4877 30
4878 17
4879 16
4880 17
4881 17
4882 18
4883 17
4884 17
4885 17
4886 17
4887 17
4888 17
4889 17
4890 17
4891 17
4892 17
4893 18
4894 17
4895 17
4896 18
4897 17
4898 17
4899 17
4900 16
4901 17
4902 17
4903 17
4904 17
4905 18
4906 18
4907 17
4908 17
4909 17
4910 17
4911 17
4912 17
4913 17
4914 17
4915 18
4916 18
4917 18
4918 18
4919 18
4920 17
4921 17
4922 17
4923 17
4924 18
4925 17
4926 17
4927 17
4928 17
4929 18
4930 18
4931 18
4932 18
4933 17
4934 19
4935 17
4936 17
4937 18
4938 17
4939 17
4940 17
4941 17
4942 17
4943 17
4944 17
4945 17
4946 17
4947 17
4948 17
4949 18
4950 18
4951 17
4952 17
4953 18
4954 18
4955 22
4956 17
4957 17
4958 17
4959 17
4960 17
4961 17
4962 17
4963 17
4964 17
4965 17
4966 17
4967 17
4968 17
4969 17
4970 17
4971 17
4972 17
4973 17
4974 17
4975 17
4976 17
4977 17
4978 17
4979 17
4980 17
4981 18
4982 17
4983 17
4984 17
4985 17
4986 17
4987 17
4988 17
4989 17
4990 17
4991 17
4992 17
4993 17
4994 17
4995 18
4996 18
4997 17
4998 19
4999 17
5000 17
5001 17
5002 17
5003 17
5004 28
5005 17
5006 17
5007 17
5008 17
5009 17
5010 17
5011 17
5012 17
5013 17
5014 17
5015 17
5016 17
5017 20
5018 18
5019 18
5020 18
5021 17
5022 18
5023 18
5024 18
5025 17
5026 17
5027 17
5028 17
5029 17
5030 17
5031 17
5032 17
5033 17
5034 18
5035 18
5036 17
5037 17
5038 17
5039 17
5040 17
5041 17
5042 17
5043 17
5044 17
5045 17
5046 17
5047 17
5048 17
5049 18
5050 18
5051 17
5052 17
5053 17
5054 17
5055 17
5056 17
5057 18
5058 18
5059 18
5060 18
5061 18
5062 19
5063 18
5064 17
5065 17
5066 17
5067 17
5068 17
5069 17
5070 17
5071 17
5072 18
5073 18
5074 18
5075 17
5076 17
5077 17
5078 18
5079 17
5080 17
5081 17
5082 17
5083 17
5084 18
5085 17
5086 17
5087 16
5088 17
5089 16
5090 17
5091 16
5092 17
5093 17
5094 17
5095 17
5096 17
5097 17
5098 17
5099 17
5100 17
5101 17
5102 18
5103 17
5104 17
5105 18
5106 18
5107 17
5108 17
5109 17
5110 17
5111 17
5112 17
5113 17
5114 17
5115 16
5116 17
5117 17
5118 17
5119 18
5120 17
5121 17
5122 16
5123 17
5124 16
5125 17
5126 20
5127 19
5128 17
5129 17
5130 17
5131 16
5132 17
5133 16
5134 17
5135 17
5136 17
5137 16
5138 17
5139 17
5140 18
5141 17
5142 17
5143 16
5144 17
5145 17
5146 17
5147 17
5148 -999981
5149 18
5150 18
5151 17
5152 17
5153 17
5154 17
5155 17
5156 17
5157 17
5158 17
5159 17
5160 17
5161 17
5162 17
5163 17
5164 17
5165 17
5166 17
5167 17
5168 17
5169 19
5170 17
5171 17
5172 17
5173 17
5174 17
5175 17
5176 16
5177 17
5178 17
5179 17
5180 17
5181 17
5182 17
5183 17
5184 17
5185 17
5186 30
5187 17
5188 17
5189 17
5190 20
5191 17
5192 17
5193 17
5194 17
5195 16
5196 17
5197 16
5198 17
5199 17
5200 17
5201 17
5202 17
5203 17
5204 17
5205 16
5206 17
5207 17
5208 17
5209 17
5210 17
5211 19
5212 17
5213 17
5214 17
5215 17
5216 17
5217 17
5218 17
5219 17
5220 17
5221 17
5222 17
5223 17
5224 17
5225 17
5226 17
5227 17
5228 17
5229 17
5230 17
5231 17
5232 18
5233 17
5234 17
5235 17
5236 17
5237 17
5238 16
5239 17
5240 17
5241 17
5242 18
5243 17
5244 17
5245 17
5246 17
5247 17
5248 17
5249 17
5250 17
5251 17
5252 17
5253 18
5254 18
5255 17
5256 17
5257 17
5258 17
5259 17
5260 17
5261 17
5262 17
5263 17
5264 17
5265 16
5266 17
5267 17
5268 17
5269 16
5270 17
5271 17
5272 17
5273 17
5274 18
5275 17
5276 17
5277 17
5278 16
5279 17
5280 16
5281 17
5282 17
5283 17
5284 17
5285 16
5286 17
5287 17
5288 17
5289 17
5290 17
5291 17
5292 17
5293 17
5294 17
5295 20
5296 17
5297 17
5298 17
5299 17
5300 17
5301 17
5302 18
5303 16
5304 17
5305 16
5306 18
5307 18
5308 18
5309 17
5310 18
5311 17
5312 17
5313 17
5314 18
5315 17
5316 21
5317 18
5318 20
5319 17
5320 16
5321 18
5322 17
5323 17
5324 18
5325 17
5326 17
5327 18
5328 17
5329 17
5330 17
5331 18
5332 17
5333 17
5334 17
5335 17
5336 17
5337 22
5338 18
5339 17
5340 17
5341 17
5342 17
5343 18
5344 17
5345 17
5346 18
5347 17
5348 17
5349 17
5350 17
5351 17
5352 17
5353 17
5354 17
5355 17
5356 17
5357 17
5358 21
5359 17
5360 17
5361 17
5362 18
5363 16
5364 17
5365 18
5366 16
5367 17
5368 16
5369 32
5370 18
5371 17
5372 24
5373 17
5374 17
5375 17
5376 17
5377 17
5378 17
5379 17
5380 17
5381 17
5382 17
5383 18
5384 18
5385 18
5386 17
5387 17
5388 17
5389 17
5390 17
5391 17
5392 17
5393 17
5394 18
5395 17
5396 17
5397 18
5398 17
5399 17
5400 17
5401 17
5402 17
5403 17
5404 17
5405 17
5406 17
5407 17
5408 18
5409 17
5410 17
5411 16
5412 17
5413 18
5414 18
5415 18
5416 18
5417 17
5418 17
5419 17
5420 16
5421 17
5422 17
5423 16
5424 17
5425 17
5426 17
5427 17
5428 17
5429 18
5430 17
5431 17
5432 18
5433 18
5434 17
5435 17
5436 16
5437 17
5438 17
5439 18
5440 18
5441 17
5442 17
5443 17
5444 17
5445 17
5446 17
5447 16
5448 17
5449 17
5450 17
5451 17
5452 18
5453 18
5454 18
5455 17
5456 17
5457 17
5458 17
5459 17
5460 18
5461 17
5462 17
5463 17
5464 17
5465 17
5466 17
5467 17
5468 18
5469 17
5470 17
5471 17
5472 17
5473 17
5474 17
5475 18
5476 17
5477 19
5478 18
5479 17
5480 16
5481 18
5482 17
5483 18
5484 17
5485 19
5486 17
5487 17
5488 19
5489 19
5490 21
5491 19
5492 18
5493 19
5494 19
5495 20
5496 19
5497 20
5498 20
5499 18
5500 19
5501 18
5502 18
5503 18
5504 17
5505 18
5506 17
5507 17
5508 17
5509 18
5510 19
5511 18
5512 19
5513 18
5514 19
5515 20
5516 17
5517 18
5518 20
5519 18
5520 17
5521 18
5522 17
5523 17
5524 17
5525 19
5526 17
5527 17
5528 19
5529 18
5530 19
5531 17
5532 18
5533 18
5534 19
5535 17
5536 47
5537 18
5538 18
5539 17
5540 17
5541 18
5542 17
5543 17
5544 17
5545 18
5546 19
5547 18
5548 19
5549 19
5550 17
5551 18
5552 17
5553 18
5554 19
5555 18
5556 18
5557 17
5558 18
5559 18
5560 16
5561 18
5562 19
5563 18
5564 17
5565 17
5566 19
5567 18
5568 20
5569 19
5570 18
5571 19
5572 18
5573 18
5574 20
5575 18
5576 20
5577 20
5578 18
5579 17
5580 18
5581 18
5582 18
5583 18
5584 18
5585 19
5586 19
5587 19
5588 18
5589 18
5590 19
5591 19
5592 19
5593 19
5594 19
5595 19
5596 20
5597 18
5598 20
5599 18
5600 19
5601 17
5602 17
5603 16
5604 18
5605 18
5606 18
5607 18
5608 17
5609 17
5610 17
5611 17
5612 17
5613 17
5614 17
5615 17
5616 17
5617 18
5618 18
5619 18
5620 18
5621 18
5622 17
5623 17
5624 17
5625 16
5626 18
5627 17
5628 17
5629 17
5630 17
5631 17
5632 16
5633 17
5634 17
5635 17
5636 17
5637 17
5638 17
5639 16
5640 17
5641 17
5642 18
5643 18
5644 17
5645 18
5646 17
5647 17
5648 18
5649 18
5650 18
5651 17
5652 17
5653 17
5654 17
5655 17
5656 17
5657 17
5658 18
5659 17
5660 17
5661 17
5662 17
5663 17
5664 17
5665 18
5666 18
5667 17
5668 17
5669 17
5670 17
5671 17
5672 18
5673 18
5674 17
5675 17
5676 17
5677 18
5678 18
5679 17
5680 17
5681 17
5682 17
5683 18
5684 17
5685 18
5686 18
5687 17
5688 17
5689 17
5690 17
5691 17
5692 16
5693 17
5694 17
5695 17
5696 17
5697 17
5698 17
5699 17
5700 17
5701 17
5702 17
5703 17
5704 17
5705 17
5706 18
5707 18
5708 17
5709 17
5710 17
5711 17
5712 17
5713 17
5714 35
5715 17
5716 17
5717 17
5718 17
5719 17
5720 17
5721 17
5722 17
5723 17
5724 17
5725 17
5726 17
5727 17
5728 17
5729 17
5730 18
5731 18
5732 18
5733 18
5734 18
5735 17
5736 17
5737 17
5738 17
5739 17
5740 17
5741 17
5742 17
5743 17
5744 17
5745 17
5746 17
5747 18
5748 18
5749 17
5750 17
5751 17
5752 17
5753 17
5754 17
5755 17
5756 17
5757 17
5758 17
5759 17
5760 17
5761 17
5762 17
5763 17
5764 17
5765 17
5766 18
5767 17
5768 17
5769 17
5770 17
5771 17
5772 17
5773 17
5774 17
5775 17
5776 17
5777 17
5778 17
5779 16
5780 17
5781 17
5782 18
5783 17
5784 17
5785 17
5786 17
5787 17
5788 17
5789 17
5790 18
5791 17
5792 17
5793 17
5794 17
5795 17
5796 17
5797 17
5798 18
5799 17
5800 18
5801 17
5802 17
5803 18
5804 17
5805 16
5806 17
5807 17
5808 17
5809 17
5810 17
5811 17
5812 18
5813 17
5814 17
5815 17
5816 18
5817 17
5818 17
5819 17
5820 17
5821 17
5822 17
5823 17
5824 17
5825 17
5826 17
5827 17
5828 17
5829 17
5830 17
5831 18
5832 16
5833 17
5834 17
5835 17
5836 17
5837 17
5838 18
5839 18
5840 17
5841 17
5842 17
5843 17
5844 18
5845 18
5846 18
5847 17
5848 17
5849 17
5850 17
5851 17
5852 18
5853 17
5854 17
5855 17
5856 17
5857 17
5858 17
5859 17
5860 17
5861 17
5862 17
5863 17
5864 18
5865 18
5866 18
5867 17
5868 17
5869 17
5870 17
5871 17
5872 17
5873 17
5874 17
5875 17
5876 17
5877 18
5878 18
5879 18
5880 17
5881 17
5882 17
5883 18
5884 17
5885 17
5886 17
5887 17
5888 16
5889 17
5890 17
5891 18
5892 17
5893 17
5894 17
5895 17
5896 17
5897 26
5898 17
5899 17
5900 17
5901 18
5902 18
5903 17
5904 18
5905 17
5906 17
5907 17
5908 18
5909 18
5910 17
5911 17
5912 17
5913 17
5914 17
5915 17
5916 16
5917 17
5918 17
5919 17
5920 17
5921 17
5922 18
5923 18
5924 17
5925 17
5926 17
5927 17
5928 17
5929 17
5930 17
5931 17
5932 18
5933 17
5934 17
5935 17
5936 17
5937 17
5938 18
5939 17
5940 17
5941 18
5942 18
5943 18
5944 18
5945 18
5946 17
5947 18
5948 18
5949 18
5950 17
5951 18
5952 17
5953 17
5954 17
5955 17
5956 17
5957 17
5958 18
5959 17
5960 17
5961 17
5962 17
5963 17
5964 17
5965 17
5966 17
5967 18
5968 17
5969 17
5970 17
5971 17
5972 17
5973 17
5974 17
5975 17
5976 17
5977 17
5978 17
5979 17
5980 17
5981 17
5982 17
5983 18
5984 17
5985 18
5986 18
5987 17
5988 17
5989 18
5990 17
5991 17
5992 17
5993 18
5994 18
5995 17
5996 18
5997 18
5998 17
5999 18
6000 17
6001 17
6002 18
6003 17
6004 18
6005 18
6006 18
6007 18
6008 17
6009 17
6010 17
6011 17
6012 17
6013 17
6014 18
6015 17
6016 17
6017 17
6018 17
6019 16
6020 17
6021 17
6022 17
6023 17
6024 17
6025 17
6026 18
6027 17
6028 17
6029 17
6030 17
6031 17
6032 17
6033 18
6034 17
6035 17
6036 17
6037 17
6038 17
6039 17
6040 17
6041 17
6042 17
6043 17
6044 17
6045 17
6046 17
6047 17
6048 17
6049 17
6050 17
6051 17
6052 17
6053 17
6054 17
6055 17
6056 17
6057 18
6058 17
6059 17
6060 17
6061 17
6062 18
6063 18
6064 18
6065 18
6066 17
6067 17
6068 17
6069 17
6070 18
6071 17
6072 17
6073 17
6074 17
6075 17
6076 18
6077 17
6078 17
6079 38
6080 20
6081 17
6082 18
6083 17
6084 17
6085 17
6086 17
6087 17
6088 17
6089 17
6090 17
6091 17
6092 17
6093 17
6094 17
6095 17
6096 17
6097 17
6098 17
6099 17
6100 17
6101 17
6102 18
6103 17
6104 18
6105 17
6106 17
6107 17
6108 17
6109 17
6110 18
6111 18
6112 17
6113 18
6114 18
6115 17
6116 18
6117 17
6118 17
6119 17
6120 17
6121 17
6122 18
6123 18
6124 18
6125 18
6126 18
6127 18
6128 17
6129 17
6130 17
6131 17
6132 17
6133 17
6134 17
6135 18
6136 17
6137 17
6138 17
6139 17
6140 17
6141 17
6142 17
6143 18
6144 18
6145 17
6146 17
6147 17
6148 17
6149 17
6150 17
6151 17
6152 17
6153 17
6154 18
6155 18
6156 18
6157 18
6158 18
6159 18
6160 17
6161 17
6162 17
6163 18
6164 17
6165 17
6166 17
6167 17
6168 17
6169 17
6170 18
6171 17
6172 17
6173 17
6174 17
6175 17
6176 17
6177 17
6178 17
6179 17
6180 18
6181 17
6182 18
6183 18
6184 17
6185 17
6186 17
6187 17
6188 18
6189 18
6190 18
6191 18
6192 18
6193 17
6194 17
6195 17
6196 17
6197 17
6198 17
6199 18
6200 17
6201 17
6202 17
6203 17
6204 17
6205 17
6206 18
6207 18
6208 18
6209 18
6210 18
6211 18
6212 18
6213 17
6214 18
6215 17
6216 17
6217 17
6218 17
6219 17
6220 17
6221 17
6222 18
6223 18
6224 17
6225 17
6226 17
6227 17
6228 17
6229 17
6230 17
6231 17
6232 17
6233 17
6234 17
6235 18
6236 17
6237 18
6238 18
6239 17
6240 17
6241 17
6242 17
6243 17
6244 17
6245 18
6246 18
6247 17
6248 18
6249 17
6250 17
6251 17
6252 17
6253 17
6254 17
6255 17
6256 17
6257 17
6258 17
6259 17
6260 30
6261 18
6262 18
6263 18
6264 18
6265 18
6266 18
6267 18
6268 17
6269 17
6270 17
6271 17
6272 17
6273 18
6274 18
6275 18
6276 18
6277 18
6278 18
6279 17
6280 17
6281 17
6282 17
6283 17
6284 17
6285 18
6286 18
6287 18
6288 18
6289 18
6290 18
6291 18
6292 18
6293 18
6294 18
6295 18
6296 17
6297 17
6298 17
6299 17
6300 17
6301 17
6302 17
6303 18
6304 18
6305 18
6306 17
6307 18
6308 17
6309 17
6310 17
6311 19
6312 18
6313 18
6314 17
6315 17
6316 17
6317 17
6318 17
6319 17
6320 17
6321 17
6322 16
6323 17
6324 17
6325 17
6326 17
6327 17
6328 17
6329 17
6330 17
6331 18
6332 19
6333 18
6334 17
6335 17
6336 17
6337 17
6338 17
6339 17
6340 17
6341 17
6342 17
6343 17
6344 16
6345 17
6346 17
6347 17
6348 17
6349 17
6350 17
6351 17
6352 18
6353 18
6354 17
6355 17
6356 16
6357 17
6358 16
6359 17
6360 16
6361 17
6362 17
6363 17
6364 17
6365 17
6366 17
6367 17
6368 17
6369 17
6370 17
6371 16
6372 17
6373 17
6374 19
6375 17
6376 17
6377 17
6378 17
6379 17
6380 17
6381 19
6382 17
6383 17
6384 17
6385 17
6386 16
6387 17
6388 17
6389 17
6390 17
6391 17
6392 17
6393 18
6394 18
6395 18
6396 17
6397 17
6398 17
6399 17
6400 17
6401 16
6402 17
6403 17
6404 17
6405 17
6406 17
6407 17
6408 16
6409 17
6410 16
6411 17
6412 16
6413 17
6414 17
6415 17
6416 18
6417 17
6418 17
6419 17
6420 17
6421 17
6422 17
6423 17
6424 17
6425 17
6426 17
6427 17
6428 17
6429 17
6430 17
6431 17
6432 17
6433 16
6434 17
6435 17
6436 17
6437 18
6438 17
6439 17
6440 17
6441 17
6442 17
6443 30
6444 17
6445 17
6446 17
6447 17
6448 17
6449 16
6450 17
6451 16
6452 17
6453 16
6454 17
6455 19
6456 17
6457 17
6458 18
6459 17
6460 17
6461 17
6462 17
6463 17
6464 17
6465 16
6466 17
6467 17
6468 16
6469 17
6470 16
6471 17
6472 17
6473 17
6474 17
6475 16
6476 17
6477 17
6478 17
6479 18
6480 17
6481 17
6482 17
6483 16
6484 17
6485 17
6486 17
6487 17
6488 16
6489 17
6490 17
6491 17
6492 17
6493 16
6494 17
6495 16
6496 17
6497 17
6498 17
6499 17
6500 18
6501 17
6502 17
6503 16
6504 17
6505 17
6506 17
6507 17
6508 16
6509 17
6510 16
6511 17
6512 17
6513 17
6514 17
6515 17
6516 17
6517 16
6518 17
6519 19
6520 17
6521 18
6522 17
6523 17
6524 17
6525 17
6526 16
6527 17
6528 17
6529 17
6530 17
6531 17
6532 17
6533 17
6534 17
6535 17
6536 17
6537 16
6538 17
6539 17
6540 17
6541 17
6542 18
6543 17
6544 17
6545 17
6546 17
6547 17
6548 17
6549 17
6550 17
6551 17
6552 16
6553 17
6554 16
6555 17
6556 17
6557 17
6558 17
6559 17
6560 17
6561 17
6562 17
6563 18
6564 17
6565 17
6566 17
6567 17
6568 16
6569 17
6570 17
6571 17
6572 17
6573 17
6574 17
6575 17
6576 16
6577 17
6578 17
6579 17
6580 17
6581 17
6582 18
6583 19
6584 18
6585 17
6586 17
6587 17
6588 16
6589 17
6590 17
6591 17
6592 17
6593 16
6594 17
6595 17
6596 17
6597 17
6598 17
6599 17
6600 17
6601 17
6602 17
6603 18
6604 17
6605 18
6606 17
6607 17
6608 17
6609 17
6610 16
6611 17
6612 16
6613 17
6614 17
6615 16
6616 17
6617 17
6618 17
6619 17
6620 16
6621 17
6622 17
6623 17
6624 18
6625 17
6626 18
6627 17
6628 19
6629 17
6630 17
6631 17
6632 16
6633 17
6634 17
6635 16
6636 17
6637 17
6638 17
6639 17
6640 16
6641 17
6642 17
6643 17
6644 17
6645 17
6646 17
6647 20
6648 17
6649 17
6650 17
6651 18
6652 17
6653 17
6654 17
6655 17
6656 16
6657 17
6658 16
6659 17
6660 17
6661 17
6662 17
6663 16
6664 17
6665 17
6666 17
6667 17
6668 18
6669 17
6670 17
6671 17
6672 17
6673 16
6674 17
6675 17
6676 17
6677 17
6678 17
6679 17
6680 17
6681 17
6682 17
6683 17
6684 17
6685 17
6686 17
6687 18
6688 17
6689 18
6690 17
6691 17
6692 17
6693 17
6694 17
6695 17
6696 17
6697 17
6698 17
6699 17
6700 17
6701 17
6702 17
6703 17
6704 17
6705 17
6706 17
6707 17
6708 17
6709 17
6710 18
6711 19
6712 17
6713 17
6714 17
6715 17
6716 16
6717 17
6718 17
6719 17
6720 17
6721 17
6722 17
6723 16
6724 17
6725 17
6726 17
6727 17
6728 16
6729 17
6730 17
6731 19
6732 16
6733 17
6734 17
6735 17
6736 16
6737 17
6738 17
6739 16
6740 17
6741 17
6742 17
6743 17
6744 16
6745 17
6746 17
6747 16
6748 17
6749 17
6750 17
6751 17
6752 18
6753 17
6754 17
6755 17
6756 17
6757 17
6758 17
6759 17
6760 17
6761 17
6762 16
6763 17
6764 17
6765 16
6766 17
6767 17
6768 17
6769 17
6770 17
6771 17
6772 17
6773 17
6774 17
6775 19
6776 17
6777 16
6778 17
6779 16
6780 17
6781 17
6782 17
6783 17
6784 17
6785 16
6786 17
6787 17
6788 17
6789 17
6790 17
6791 17
6792 17
6793 17
6794 18
6795 17
6796 17
6797 17
6798 17
6799 17
6800 16
6801 17
6802 16
6803 17
6804 16
6805 17
6806 17
6807 17
6808 17
6809 16
6810 17
6811 17
6812 271
6813 24
6814 17
6815 17
6816 17
6817 17
6818 17
6819 17
6820 17
6821 18
6822 17
6823 17
6824 17
6825 17
6826 17
6827 17
6828 18
6829 17
6830 17
6831 17
6832 17
6833 16
6834 17
6835 16
6836 17
6837 17
6838 17
6839 18
6840 18
6841 17
6842 17
6843 17
6844 17
6845 18
6846 18
6847 17
6848 17
6849 17
6850 17
6851 17
6852 17
6853 17
6854 17
6855 17
6856 17
6857 17
6858 17
6859 17
6860 17
6861 17
6862 18
6863 18
6864 18
6865 18
6866 18
6867 18
6868 18
6869 18
6870 18
6871 18
6872 18
6873 17
6874 17
6875 17
6876 17
6877 17
6878 17
6879 17
6880 17
6881 17
6882 18
6883 18
6884 18
6885 18
6886 18
6887 17
6888 17
6889 17
6890 18
6891 18
6892 18
6893 17
6894 17
6895 17
6896 17
6897 17
6898 17
6899 17
6900 17
6901 17
6902 17
6903 17
6904 17
6905 17
6906 17
6907 17
6908 17
6909 17
6910 17
6911 18
6912 17
6913 18
6914 17
6915 18
6916 17
6917 17
6918 17
6919 17
6920 17
6921 17
6922 17
6923 17
6924 17
6925 17
6926 18
6927 17
6928 17
6929 17
6930 17
6931 17
6932 17
6933 17
6934 17
6935 17
6936 17
6937 17
6938 17
6939 17
6940 17
6941 17
6942 17
6943 17
6944 16
6945 17
6946 17
6947 17
6948 17
6949 17
6950 17
6951 17
6952 18
6953 17
6954 18
6955 17
6956 17
6957 17
6958 17
6959 17
6960 17
6961 17
6962 17
6963 17
6964 17
6965 17
6966 18
6967 17
6968 17
6969 17
6970 17
6971 18
6972 17
6973 17
6974 17
6975 17
6976 17
6977 17
6978 18
6979 18
6980 17
6981 18
6982 18
6983 17
6984 36
6985 17
6986 17
6987 17
6988 17
6989 17
6990 18
6991 17
6992 17
6993 16
6994 17
6995 17
6996 17
6997 17
6998 17
6999 18
7000 18
7001 17
7002 17
7003 17
7004 17
7005 17
7006 17
7007 16
7008 17
7009 17
7010 17
7011 18
7012 17
7013 18
7014 18
7015 18
7016 17
7017 18
7018 18
7019 18
7020 18
7021 18
7022 18
7023 18
7024 17
7025 17
7026 17
7027 17
7028 17
7029 17
7030 17
7031 17
7032 17
7033 16
7034 17
7035 17
7036 17
7037 17
7038 17
7039 17
7040 17
7041 17
7042 17
7043 17
7044 17
7045 17
7046 17
7047 17
7048 17
7049 17
7050 17
7051 17
7052 17
7053 17
7054 17
7055 17
7056 17
7057 17
7058 17
7059 17
7060 16
7061 17
7062 17
7063 17
7064 17
7065 18
7066 17
7067 17
7068 17
7069 17
7070 17
7071 17
7072 17
7073 17
7074 17
7075 17
7076 17
7077 17
7078 17
7079 17
7080 16
7081 17
7082 17
7083 17
7084 17
7085 17
7086 17
7087 17
7088 17
7089 17
7090 16
7091 17
7092 17
7093 18
7094 18
7095 17
7096 17
7097 18
7098 18
7099 18
7100 18
7101 18
7102 18
7103 17
7104 18
7105 18
7106 18
7107 17
7108 17
7109 17
7110 17
7111 17
7112 17
7113 17
7114 17
7115 17
7116 17
7117 17
7118 17
7119 17
7120 16
7121 17
7122 17
7123 17
7124 17
7125 17
7126 17
7127 17
7128 18
7129 17
7130 17
7131 17
7132 17
7133 17
7134 17
7135 16
7136 17
7137 17
7138 17
7139 17
7140 17
7141 17
7142 17
7143 16
7144 17
7145 17
7146 17
7147 18
7148 17
7149 17
7150 17
7151 17
7152 17
7153 17
7154 17
7155 17
7156 17
7157 17
7158 17
7159 17
7160 17
7161 17
7162 18
7163 18
7164 17
7165 17
7166 17
7167 30
7168 18
7169 17
7170 18
7171 17
7172 17
7173 17
7174 17
7175 17
7176 17
7177 17
7178 18
7179 18
7180 17
7181 17
7182 17
7183 17
7184 17
7185 17
7186 17
7187 17
7188 17
7189 17
7190 17
7191 17
7192 17
7193 16
7194 17
7195 17
7196 17
7197 17
7198 17
7199 17
7200 17
7201 17
7202 16
7203 17
7204 16
7205 17
7206 17
7207 18
7208 18
7209 18
7210 18
7211 17
7212 17
7213 16
7214 17
7215 17
7216 17
7217 17
7218 18
7219 18
7220 17
7221 17
7222 17
7223 16
7224 17
7225 16
7226 17
7227 16
7228 17
7229 18
7230 17
7231 17
7232 17
7233 18
7234 18
7235 18
7236 18
7237 18
7238 17
7239 17
7240 18
7241 17
7242 17
7243 17
7244 17
7245 17
7246 17
7247 17
7248 17
7249 17
7250 17
7251 17
7252 17
7253 17
7254 17
7255 17
7256 17
7257 17
7258 17
7259 17
7260 17
7261 17
7262 17
7263 17
7264 16
7265 17
7266 17
7267 17
7268 17
7269 18
7270 18
7271 17
7272 17
7273 17
7274 17
7275 17
7276 18
7277 17
7278 17
7279 17
7280 17
7281 17
7282 17
7283 16
7284 17
7285 17
7286 17
7287 17
7288 18
7289 17
7290 17
7291 17
7292 17
7293 17
7294 17
7295 17
7296 17
7297 17
7298 17
7299 17
7300 17
7301 18
7302 17
7303 18
7304 17
7305 17
7306 18
7307 17
7308 19
7309 18
7310 17
7311 17
7312 17
7313 17
7314 17
7315 17
7316 17
7317 18
7318 17
7319 17
7320 18
7321 17
7322 17
7323 17
7324 17
7325 17
7326 17
7327 17
7328 18
7329 17
7330 17
7331 17
7332 17
7333 17
7334 18
7335 17
7336 17
7337 17
7338 17
7339 17
7340 17
7341 17
7342 17
7343 17
7344 16
7345 17
7346 17
7347 17
7348 17
7349 17
7350 17
7351 33
7352 18
7353 17
7354 17
7355 17
7356 17
7357 17
7358 17
7359 16
7360 17
7361 17
7362 17
7363 17
7364 17
7365 17
7366 17
7367 18
7368 17
7369 17
7370 17
7371 17
7372 17
7373 17
7374 17
7375 17
7376 17
7377 17
7378 16
7379 17
7380 17
7381 17
7382 18
7383 17
7384 17
7385 17
7386 17
7387 18
7388 17
7389 16
7390 17
7391 17
7392 17
7393 16
7394 17
7395 17
7396 17
7397 17
7398 17
7399 17
7400 18
7401 18
7402 17
7403 17
7404 17
7405 17
7406 17
7407 17
7408 17
7409 17
7410 17
7411 17
7412 17
7413 17
7414 17
7415 17
7416 17
7417 17
7418 17
7419 17
7420 17
7421 17
7422 17
7423 16
7424 17
7425 17
7426 17
7427 17
7428 17
7429 18
7430 17
7431 16
7432 17
7433 17
7434 17
7435 17
7436 17
7437 17
7438 17
7439 17
7440 17
7441 17
7442 17
7443 17
7444 18
7445 17
7446 17
7447 17
7448 17
7449 17
7450 17
7451 17
7452 17
7453 17
7454 17
7455 17
7456 17
7457 17
7458 17
7459 17
7460 17
7461 17
7462 17
7463 18
7464 17
7465 17
7466 17
7467 17
7468 17
7469 17
7470 17
7471 17
7472 17
7473 17
7474 17
7475 16
7476 17
7477 17
7478 17
7479 17
7480 17
7481 17
7482 17
7483 17
7484 17
7485 17
7486 17
7487 17
7488 17
7489 17
7490 17
7491 17
7492 17
7493 17
7494 17
7495 17
7496 17
7497 17
7498 17
7499 17
7500 17
7501 17
7502 17
7503 17
7504 17
7505 17
7506 17
7507 16
7508 17
7509 17
7510 17
7511 16
7512 17
7513 17
7514 17
7515 17
7516 16
7517 17
7518 17
7519 17
7520 17
7521 17
7522 18
7523 18
7524 17
7525 17
7526 17
7527 17
7528 17
7529 17
7530 17
7531 17
7532 17
7533 17
7534 17
7535 26
7536 18
7537 17
7538 17
7539 17
7540 17
7541 17
7542 17
7543 17
7544 17
7545 17
7546 17
7547 17
7548 17
7549 17
7550 17
7551 17
7552 18
7553 17
7554 17
7555 17
7556 17
7557 17
7558 17
7559 16
7560 17
7561 17
7562 17
7563 17
7564 17
7565 17
7566 18
7567 17
7568 17
7569 18
7570 18
7571 17
7572 18
7573 17
7574 17
7575 16
7576 17
7577 16
7578 17
7579 16
7580 17
7581 17
7582 17
7583 17
7584 17
7585 17
7586 17
7587 17
7588 17
7589 17
7590 17
7591 17
7592 17
7593 17
7594 17
7595 17
7596 17
7597 16
7598 17
7599 17
7600 17
7601 17
7602 17
7603 17
7604 17
7605 17
7606 17
7607 17
7608 17
7609 16
7610 17
7611 17
7612 17
7613 17
7614 17
7615 16
7616 17
7617 17
7618 17
7619 17
7620 17
7621 17
7622 17
7623 17
7624 17
7625 16
7626 17
7627 17
7628 17
7629 16
7630 17
7631 18
7632 18
7633 17
7634 18
7635 18
7636 18
7637 18
7638 18
7639 18
7640 17
7641 17
7642 17
7643 17
7644 17
7645 17
7646 18
7647 18
7648 17
7649 17
7650 17
7651 19
7652 17
7653 17
7654 17
7655 17
7656 16
7657 17
7658 17
7659 17
7660 17
7661 16
7662 17
7663 17
7664 17
7665 17
7666 17
7667 17
7668 17
7669 17
7670 17
7671 17
7672 17
7673 17
7674 17
7675 17
7676 17
7677 17
7678 17
7679 17
7680 17
7681 17
7682 17
7683 17
7684 17
7685 16
7686 17
7687 18
7688 17
7689 17
7690 17
7691 16
7692 17
7693 17
7694 18
7695 17
7696 17
7697 17
7698 17
7699 17
7700 17
7701 17
7702 17
7703 17
7704 18
7705 17
7706 17
7707 17
7708 17
7709 17
7710 17
7711 17
7712 17
7713 17
7714 18
7715 19
7716 17
7717 17
7718 31
7719 19
7720 17
7721 17
7722 17
7723 17
7724 17
7725 17
7726 17
7727 17
7728 17
7729 17
7730 17
7731 17
7732 17
7733 17
7734 17
7735 17
7736 17
7737 18
7738 17
7739 17
7740 17
7741 17
7742 17
7743 17
7744 17
7745 17
7746 17
7747 17
7748 17
7749 16
7750 17
7751 17
7752 17
7753 17
7754 17
7755 17
7756 18
7757 18
7758 17
7759 17
7760 17
7761 17
7762 17
7763 17
7764 17
7765 17
7766 17
7767 17
7768 17
7769 17
7770 17
7771 17
7772 17
7773 17
7774 17
7775 18
7776 17
7777 17
7778 17
7779 19
7780 17
7781 18
7782 18
7783 17
7784 17
7785 17
7786 17
7787 17
7788 17
7789 17
7790 17
7791 17
7792 17
7793 17
7794 17
7795 17
7796 17
7797 17
7798 16
7799 17
7800 17
7801 16
7802 17
7803 17
7804 17
7805 17
7806 18
7807 17
7808 17
7809 17
7810 17
7811 17
7812 17
7813 17
7814 17
7815 17
7816 17
7817 17
7818 17
7819 17
7820 17
7821 17
7822 17
7823 17
7824 17
7825 17
7826 17
7827 17
7828 17
7829 18
7830 17
7831 17
7832 18
7833 18
7834 17
7835 17
7836 17
7837 16
7838 17
7839 17
7840 17
7841 17
7842 17
7843 19
7844 17
7845 17
7846 17
7847 17
7848 17
7849 17
7850 17
7851 17
7852 17
7853 17
7854 17
7855 17
7856 17
7857 17
7858 18
7859 18
7860 17
7861 17
7862 17
7863 17
7864 17
7865 17
7866 17
7867 17
7868 17
7869 18
7870 17
7871 17
7872 17
7873 16
7874 17
7875 17
7876 17
7877 17
7878 17
7879 17
7880 17
7881 17
7882 17
7883 17
7884 17
7885 17
7886 17
7887 17
7888 17
7889 17
7890 17
7891 17
7892 18
7893 17
7894 17
7895 17
7896 17
7897 17
7898 18
7899 17
7900 17
7901 30
7902 18
7903 17
7904 17
7905 17
7906 17
7907 19
7908 17
7909 17
7910 17
7911 17
7912 17
7913 17
7914 17
7915 17
7916 17
7917 17
7918 17
7919 17
7920 17
7921 18
7922 17
7923 17
7924 17
7925 17
7926 17
7927 17
7928 17
7929 17
7930 17
7931 17
7932 17
7933 17
7934 17
7935 17
7936 17
7937 17
7938 17
7939 17
7940 17
7941 17
7942 17
7943 17
7944 17
7945 17
7946 17
7947 17
7948 17
7949 17
7950 17
7951 18
7952 17
7953 17
7954 17
7955 17
7956 17
7957 17
7958 17
7959 17
7960 17
7961 18
7962 17
7963 17
7964 17
7965 17
7966 17
7967 17
7968 17
7969 17
7970 17
7971 19
7972 17
7973 17
7974 17
7975 17
7976 17
7977 17
7978 17
7979 17
7980 17
7981 17
7982 17
7983 17
7984 17
7985 17
7986 17
7987 17
7988 17
7989 17
7990 17
7991 17
7992 17
7993 17
7994 17
7995 17
7996 17
7997 17
7998 17
7999 17
8000 17
8001 17
8002 17
8003 17
8004 17
8005 17
8006 17
8007 17
8008 17
8009 17
8010 17
8011 17
8012 17
8013 17
8014 17
8015 18
8016 17
8017 17
8018 17
8019 17
8020 16
8021 17
8022 17
8023 16
8024 17
8025 17
8026 17
8027 17
8028 16
8029 17
8030 17
8031 16
8032 17
8033 17
8034 17
8035 18
8036 18
8037 17
8038 16
8039 17
8040 16
8041 17
8042 17
8043 17
8044 17
8045 16
8046 17
8047 17
8048 16
8049 17
8050 17
8051 16
8052 17
8053 17
8054 17
8055 17
8056 17
8057 18
8058 17
8059 17
8060 17
8061 17
8062 16
8063 17
8064 17
8065 16
8066 17
8067 17
8068 17
8069 17
8070 17
8071 17
8072 17
8073 17
8074 17
8075 17
8076 17
8077 17
8078 18
8079 17
8080 17
8081 17
8082 17
8083 17
8084 17
8085 24
8086 17
8087 17
8088 17
8089 17
8090 17
8091 17
8092 17
8093 16
8094 17
8095 17
8096 17
8097 17
8098 17
8099 20
8100 17
8101 17
8102 17
8103 17
8104 16
8105 17
8106 17
8107 17
8108 17
8109 16
8110 17
8111 17
8112 16
8113 16
8114 17
8115 17
8116 17
8117 17
8118 17
8119 17
8120 18
8121 17
8122 17
8123 17
8124 17
8125 17
8126 16
8127 17
8128 17
8129 16
8130 17
8131 17
8132 17
8133 17
8134 16
8135 17
8136 17
8137 17
8138 17
8139 17
8140 17
8141 18
8142 17
8143 17
8144 17
8145 16
8146 17
8147 17
8148 17
8149 17
8150 16
8151 17
8152 17
8153 16
8154 17
8155 17
8156 16
8157 17
8158 17
8159 17
8160 18
8161 17
8162 18
8163 19
8164 17
8165 17
8166 17
8167 17
8168 16
8169 17
8170 17
8171 17
8172 17
8173 17
8174 16
8175 17
8176 17
8177 17
8178 17
8179 16
8180 17
8181 18
8182 17
8183 18
8184 17
8185 17
8186 17
8187 17
8188 16
8189 17
8190 17
8191 17
8192 17
8193 16
8194 17
8195 17
8196 16
8197 17
8198 17
8199 17
8200 17
8201 17
8202 17
8203 17
8204 17
8205 17
8206 17
8207 17
8208 17
8209 17
8210 17
8211 17
8212 16
8213 17
8214 16
8215 17
8216 17
8217 17
8218 17
8219 16
8220 17
8221 17
8222 17
8223 17
8224 17
8225 17
8226 17
8227 19
8228 17
8229 16
8230 17
8231 17
8232 16
8233 17
8234 16
8235 17
8236 17
8237 16
8238 17
8239 17
8240 16
8241 17
8242 17
8243 17
8244 17
8245 17
8246 18
8247 17
8248 17
8249 17
8250 17
8251 17
8252 16
8253 17
8254 17
8255 16
8256 17
8257 17
8258 16
8259 17
8260 17
8261 17
8262 17
8263 17
8264 16
8265 17
8266 17
8267 18
8268 17
8269 16
8270 269
8271 26
8272 17
8273 17
8274 16
8275 17
8276 17
8277 16
8278 17
8279 18
8280 17
8281 16
8282 17
8283 16
8284 17
8285 17
8286 17
8287 17
8288 17
8289 17
8290 17
8291 18
8292 17
8293 17
8294 17
8295 17
8296 17
8297 17
8298 17
8299 17
8300 17
8301 17
8302 17
8303 17
8304 16
8305 17
8306 16
8307 17
8308 17
8309 17
8310 17
8311 17
8312 17
8313 17
8314 17
8315 17
8316 17
8317 17
8318 17
8319 17
8320 17
8321 17
8322 17
8323 16
8324 17
8325 17
8326 17
8327 17
8328 17
8329 17
8330 17
8331 17
8332 16
8333 18
8334 17
8335 16
8336 17
8337 17
8338 17
8339 17
8340 17
8341 16
8342 17
8343 17
8344 18
8345 17
8346 17
8347 17
8348 17
8349 17
8350 17
8351 17
8352 17
8353 17
8354 16
8355 17
8356 17
8357 17
8358 17
8359 17
8360 17
8361 17
8362 17
8363 17
8364 17
8365 16
8366 17
8367 17
8368 18
8369 19
8370 17
8371 17
8372 17
8373 18
8374 17
8375 17
8376 16
8377 17
8378 16
8379 17
8380 17
8381 17
8382 17
8383 17
8384 17
8385 17
8386 17
8387 17
8388 17
8389 17
8390 17
8391 17
8392 17
8393 17
8394 17
8395 18
8396 17
8397 17
8398 17
8399 17
8400 17
8401 17
8402 17
8403 17
8404 17
8405 17
8406 17
8407 17
8408 17
8409 17
8410 17
8411 17
8412 17
8413 17
8414 18
8415 17
8416 17
8417 17
8418 16
8419 17
8420 17
8421 17
8422 17
8423 17
8424 17
8425 16
8426 17
8427 17
8428 17
8429 17
8430 17
8431 17
8432 17
8433 18
8434 18
8435 17
8436 17
8437 17
8438 17
8439 17
8440 17
8441 17
8442 17
8443 18
8444 17
8445 17
8446 17
8447 17
8448 17
8449 17
8450 17
8451 17
8452 17
8453 17
8454 17
8455 17
8456 17
8457 17
8458 17
8459 17
8460 17
8461 16
8462 17
8463 16
8464 17
8465 17
8466 17
8467 18
8468 17
8469 17
8470 17
8471 17
8472 17
8473 17
8474 17
8475 18
8476 17
8477 16
8478 17
8479 18
8480 17
8481 17
8482 17
8483 16
8484 17
8485 17
8486 17
8487 18
8488 17
8489 17
8490 17
8491 17
8492 17
8493 17
8494 17
8495 17
8496 17
8497 18
8498 17
8499 17
8500 17
8501 17
8502 17
8503 16
8504 17
8505 17
8506 18
8507 18
8508 17
8509 16
8510 17
8511 17
8512 17
8513 17
8514 17
8515 17
8516 17
8517 17
8518 17
8519 17
8520 17
8521 17
8522 16
8523 17
8524 17
8525 17
8526 17
8527 17
8528 17
8529 18
8530 18
8531 17
8532 17
8533 17
8534 17
8535 17
8536 18
8537 18
8538 18
8539 18
8540 17
8541 17
8542 17
8543 17
8544 17
8545 17
8546 17
8547 17
8548 17
8549 17
8550 16
8551 17
8552 17
8553 17
8554 17
8555 17
8556 17
8557 17
8558 16
8559 17
8560 17
8561 17
8562 17
8563 17
8564 17
8565 18
8566 17
8567 17
8568 17
8569 17
8570 17
8571 17
8572 18
8573 17
8574 17
8575 17
8576 17
8577 16
8578 17
8579 17
8580 17
8581 17
8582 17
8583 17
8584 17
8585 17
8586 17
8587 17
8588 17
8589 17
8590 17
8591 17
8592 17
8593 17
8594 17
8595 17
8596 17
8597 18
8598 17
8599 17
8600 17
8601 17
8602 17
8603 18
8604 17
8605 17
8606 16
8607 17
8608 17
8609 17
8610 17
8611 17
8612 17
8613 17
8614 17
8615 17
8616 18
8617 17
8618 17
8619 17
8620 17
8621 17
8622 17
8623 16
8624 17
8625 17
8626 25
8627 17
8628 17
8629 17
8630 17
8631 17
8632 17
8633 17
8634 17
8635 17
8636 17
8637 18
8638 17
8639 17
8640 17
8641 17
8642 17
8643 17
8644 17
8645 16
8646 17
8647 16
8648 17
8649 17
8650 18
8651 18
8652 18
8653 17
8654 18
8655 17
8656 17
8657 17
8658 17
8659 17
8660 17
8661 17
8662 17
8663 17
8664 17
8665 17
8666 17
8667 17
8668 17
8669 18
8670 17
8671 17
8672 18
8673 17
8674 18
8675 17
8676 17
8677 17
8678 18
8679 17
8680 18
8681 18
8682 18
8683 18
8684 18
8685 18
8686 17
8687 17
8688 17
8689 17
8690 17
8691 17
8692 17
8693 17
8694 17
8695 17
8696 17
8697 17
8698 17
8699 16
8700 17
8701 17
8702 17
8703 17
8704 17
8705 17
8706 18
8707 17
8708 17
8709 17
8710 17
8711 17
8712 17
8713 17
8714 18
8715 17
8716 17
8717 17
8718 17
8719 17
8720 17
8721 17
8722 17
8723 17
8724 17
8725 16
8726 17
8727 17
8728 17
8729 17
8730 17
8731 18
8732 17
8733 17
8734 17
8735 17
8736 16
8737 17
8738 17
8739 17
8740 17
8741 17
8742 17
8743 17
8744 16
8745 17
8746 18
8747 17
8748 17
8749 17
8750 17
8751 17
8752 17
8753 17
8754 18
8755 17
8756 17
8757 17
8758 16
8759 17
8760 16
8761 17
8762 17
8763 17
8764 17
8765 17
8766 17
8767 17
8768 17
8769 17
8770 17
8771 17
8772 17
8773 17
8774 16
8775 17
8776 17
8777 17
8778 17
8779 18
8780 17
8781 17
8782 17
8783 17
8784 17
8785 17
8786 17
8787 17
8788 16
8789 17
8790 17
8791 17
8792 17
8793 17
8794 17
8795 16
8796 17
8797 17
8798 18
8799 17
8800 17
8801 17
8802 18
8803 18
8804 17
8805 17
8806 18
8807 17
8808 17
8809 17
8810 32
8811 17
8812 17
8813 17
8814 17
8815 17
8816 16
8817 17
8818 18
8819 18
8820 17
8821 17
8822 17
8823 17
8824 17
8825 18
8826 17
8827 17
8828 17
8829 17
8830 17
8831 17
8832 17
8833 17
8834 17
8835 17
8836 18
8837 17
8838 17
8839 17
8840 17
8841 16
8842 17
8843 16
8844 17
8845 16
8846 17
8847 17
8848 16
8849 17
8850 17
8851 17
8852 16
8853 17
8854 18
8855 18
8856 18
8857 17
8858 18
8859 18
8860 17
8861 17
8862 17
8863 17
8864 17
8865 17
8866 17
8867 16
8868 17
8869 17
8870 17
8871 17
8872 18
8873 17
8874 17
8875 17
8876 17
8877 17
8878 18
8879 17
8880 17
8881 18
8882 17
8883 17
8884 17
8885 17
8886 16
8887 17
8888 17
8889 17
8890 18
8891 18
8892 17
8893 18
8894 18
8895 18
8896 18
8897 17
8898 18
8899 18
8900 18
8901 18
8902 18
8903 17
8904 17
8905 17
8906 17
8907 17
8908 17
8909 17
8910 17
8911 17
8912 17
8913 17
8914 17
8915 17
8916 18
8917 17
8918 17
8919 17
8920 17
8921 16
8922 17
8923 17
8924 17
8925 17
8926 17
8927 17
8928 17
8929 17
8930 17
8931 17
8932 17
8933 17
8934 18
8935 17
8936 18
8937 18
8938 17
8939 17
8940 18
8941 18
8942 18
8943 17
8944 18
8945 18
8946 17
8947 18
8948 18
8949 18
8950 18
8951 17
8952 17
8953 18
8954 17
8955 17
8956 17
8957 17
8958 17
8959 17
8960 17
8961 17
8962 17
8963 18
8964 17
8965 17
8966 17
8967 17
8968 18
8969 17
8970 17
8971 17
8972 17
8973 16
8974 17
8975 18
8976 17
8977 17
8978 17
8979 17
8980 17
8981 17
8982 18
8983 17
8984 17
8985 19
8986 17
8987 17
8988 17
8989 16
8990 17
8991 18
8992 17
8993 23
8994 17
8995 17
8996 17
8997 17
8998 17
8999 17
9000 17
9001 16
9002 17
9003 17
9004 17
9005 17
9006 17
9007 17
9008 17
9009 17
9010 17
9011 17
9012 17
9013 17
9014 17
9015 17
9016 17
9017 17
9018 17
9019 17
9020 16
9021 17
9022 17
9023 17
9024 17
9025 17
9026 17
9027 18
9028 17
9029 17
9030 17
9031 17
9032 17
9033 18
9034 18
9035 18
9036 17
9037 17
9038 17
9039 17
9040 17
9041 17
9042 17
9043 17
9044 17
9045 17
9046 17
9047 17
9048 17
9049 17
9050 18
9051 18
9052 17
9053 17
9054 17
9055 18
9056 17
9057 18
9058 17
9059 17
9060 17
9061 17
9062 17
9063 17
9064 17
9065 17
9066 17
9067 17
9068 17
9069 17
9070 17
9071 17
9072 17
9073 17
9074 18
9075 17
9076 17
9077 17
9078 17
9079 17
9080 18
9081 17
9082 17
9083 17
9084 17
9085 18
9086 17
9087 17
9088 17
9089 17
9090 17
9091 17
9092 18
9093 17
9094 18
9095 17
9096 17
9097 17
9098 18
9099 17
9100 17
9101 18
9102 17
9103 17
9104 17
9105 17
9106 18
9107 18
9108 18
9109 17
9110 17
9111 17
9112 17
9113 17
9114 17
9115 18
9116 17
9117 17
9118 17
9119 17
9120 17
9121 17
9122 17
9123 17
9124 17
9125 18
9126 18
9127 17
9128 17
9129 17
9130 17
9131 17
9132 17
9133 18
9134 17
9135 17
9136 17
9137 17
9138 17
9139 17
9140 17
9141 17
9142 17
9143 18
9144 17
9145 17
9146 17
9147 17
9148 18
9149 17
9150 17
9151 18
9152 17
9153 17
9154 17
9155 18
9156 18
9157 17
9158 17
9159 17
9160 17
9161 17
9162 17
9163 17
9164 18
9165 18
9166 18
9167 17
9168 17
9169 17
9170 17
9171 17
9172 17
9173 17
9174 17
9175 17
9176 21
9177 17
9178 17
9179 17
9180 17
9181 18
9182 17
9183 17
9184 17
9185 18
9186 17
9187 17
9188 17
9189 17
9190 17
9191 18
9192 17
9193 17
9194 17
9195 17
9196 18
9197 17
9198 17
9199 17
9200 17
9201 17
9202 17
9203 17
9204 17
9205 17
9206 17
9207 17
9208 17
9209 17
9210 18
9211 17
9212 18
9213 17
9214 18
9215 18
9216 18
9217 17
9218 17
9219 17
9220 18
9221 17
9222 17
9223 17
9224 17
9225 17
9226 18
9227 18
9228 18
9229 17
9230 17
9231 17
9232 17
9233 17
9234 17
9235 17
9236 17
9237 17
9238 17
9239 17
9240 17
9241 17
9242 18
9243 17
9244 17
9245 17
9246 17
9247 17
9248 17
9249 17
9250 17
9251 17
9252 17
9253 17
9254 18
9255 17
9256 18
9257 17
9258 17
9259 17
9260 17
9261 17
9262 18
9263 17
9264 17
9265 17
9266 17
9267 17
9268 17
9269 17
9270 17
9271 17
9272 17
9273 17
9274 18
9275 17
9276 17
9277 17
9278 17
9279 17
9280 17
9281 17
9282 17
9283 17
9284 17
9285 17
9286 17
9287 17
9288 18
9289 17
9290 17
9291 19
9292 17
9293 17
9294 17
9295 16
9296 17
9297 17
9298 17
9299 17
9300 17
9301 17
9302 17
9303 17
9304 16
9305 17
9306 17
9307 17
9308 17
9309 17
9310 17
9311 17
9312 17
9313 18
9314 17
9315 17
9316 17
9317 16
9318 17
9319 16
9320 17
9321 17
9322 17
9323 16
9324 17
9325 17
9326 17
9327 17
9328 17
9329 17
9330 17
9331 17
9332 17
9333 18
9334 17
9335 17
9336 17
9337 17
9338 17
9339 17
9340 16
9341 17
9342 18
9343 17
9344 17
9345 16
9346 17
9347 17
9348 16
9349 17
9350 17
9351 17
9352 17
9353 17
9354 18
9355 17
9356 17
9357 17
9358 17
9359 17
9360 18
9361 17
9362 17
9363 17
9364 16
9365 17
9366 17
9367 17
9368 17
9369 17
9370 16
9371 17
9372 17
9373 17
9374 17
9375 18
9376 17
9377 17
9378 17
9379 17
9380 17
9381 16
9382 17
9383 16
9384 17
9385 17
9386 17
9387 17
9388 17
9389 17
9390 17
9391 17
9392 17
9393 17
9394 17
9395 17
9396 18
9397 17
9398 17
9399 17
9400 17
9401 16
9402 17
9403 16
9404 17
9405 16
9406 17
9407 17
9408 16
9409 17
9410 16
9411 17
9412 16
9413 17
9414 18
9415 19
9416 17
9417 18
9418 17
9419 17
9420 17
9421 17
9422 16
9423 17
9424 17
9425 17
9426 16
9427 17
9428 17
9429 17
9430 17
9431 16
9432 17
9433 17
9434 17
9435 17
9436 17
9437 17
9438 18
9439 17
9440 17
9441 17
9442 17
9443 16
9444 17
9445 17
9446 16
9447 17
9448 17
9449 16
9450 17
9451 16
9452 17
9453 17
9454 16
9455 17
9456 17
9457 17
9458 17
9459 18
9460 17
9461 17
9462 17
9463 16
9464 17
9465 17
9466 16
9467 17
9468 16
9469 17
9470 17
9471 16
9472 17
9473 17
9474 16
9475 17
9476 17
9477 17
9478 17
9479 18
9480 18
9481 17
9482 17
9483 17
9484 16
9485 17
9486 16
9487 17
9488 17
9489 16
9490 16
9491 17
9492 16
9493 17
9494 16
9495 17
9496 16
9497 17
9498 17
9499 17
9500 18
9501 18
9502 17
9503 17
9504 17
9505 17
9506 17
9507 17
9508 16
9509 17
9510 17
9511 17
9512 17
9513 17
9514 17
9515 17
9516 17
9517 16
9518 17
9519 17
9520 17
9521 17
9522 17
9523 17
9524 17
9525 17
9526 17
9527 16
9528 17
9529 16
9530 17
9531 17
9532 16
9533 17
9534 16
9535 17
9536 17
9537 17
9538 17
9539 17
9540 17
9541 17
9542 17
9543 19
9544 21
9545 18
9546 17
9547 17
9548 17
9549 16
9550 17
9551 17
9552 16
9553 17
9554 17
9555 17
9556 17
9557 16
9558 17
9559 17
9560 16
9561 17
9562 17
9563 17
9564 18
9565 17
9566 17
9567 17
9568 17
9569 16
9570 17
9571 17
9572 16
9573 17
9574 17
9575 16
9576 17
9577 17
9578 17
9579 17
9580 16
9581 16
9582 17
9583 17
9584 17
9585 18
9586 17
9587 17
9588 16
9589 17
9590 17
9591 16
9592 17
9593 17
9594 16
9595 17
9596 17
9597 16
9598 17
9599 17
9600 17
9601 17
9602 16
9603 17
9604 17
9605 17
9606 18
9607 19
9608 16
9609 17
9610 17
9611 17
9612 17
9613 16
9614 17
9615 16
9616 17
9617 17
9618 16
9619 17
9620 17
9621 16
9622 17
9623 17
9624 16
9625 17
9626 17
9627 18
9628 17
9629 17
9630 17
9631 17
9632 17
9633 17
9634 17
9635 16
9636 17
9637 17
9638 16
9639 17
9640 17
9641 16
9642 17
9643 17
9644 17
9645 17
9646 17
9647 17
9648 18
9649 17
9650 17
9651 16
9652 16
9653 17
9654 17
9655 17
9656 17
9657 17
9658 17
9659 17
9660 16
9661 17
9662 17
9663 16
9664 17
9665 17
9666 17
9667 17
9668 17
9669 18
9670 17
9671 19
9672 16
9673 17
9674 17
9675 16
9676 17
9677 17
9678 16
9679 17
9680 17
9681 16
9682 17
9683 17
9684 16
9685 17
9686 16
9687 17
9688 16
9689 17
9690 18
9691 17
9692 17
9693 17
9694 17
9695 17
9696 17
9697 16
9698 17
9699 17
9700 16
9701 17
9702 17
9703 17
9704 17
9705 16
9706 17
9707 17
9708 17
9709 17
9710 17
9711 18
9712 17
9713 17
9714 16
9715 18
9716 17
9717 17
9718 17
9719 17
9720 16
9721 17
9722 17
9723 16
9724 17
9725 17
9726 17
9727 16
9728 17
9729 17
9730 271
9731 20
9732 18
9733 17
9734 17
9735 17
9736 17
9737 17
9738 17
9739 17
9740 17
9741 17
9742 17
9743 17
9744 18
9745 19
9746 17
9747 17
9748 18
9749 17
9750 17
9751 17
9752 17
9753 17
9754 17
9755 17
9756 17
9757 17
9758 17
9759 16
9760 17
9761 16
9762 17
9763 17
9764 17
9765 17
9766 17
9767 17
9768 17
9769 17
9770 17
9771 17
9772 17
9773 17
9774 17
9775 17
9776 16
9777 17
9778 17
9779 17
9780 17
9781 17
9782 17
9783 17
9784 17
9785 17
9786 17
9787 17
9788 17
9789 17
9790 17
9791 17
9792 17
9793 17
9794 17
9795 17
9796 17
9797 17
9798 17
9799 17
9800 17
9801 17
9802 17
9803 17
9804 17
9805 18
9806 18
9807 18
9808 18
9809 17
9810 17
9811 17
9812 18
9813 18
9814 18
9815 18
9816 17
9817 17
9818 17
9819 17
9820 17
9821 17
9822 17
9823 16
9824 17
9825 17
9826 17
9827 17
9828 17
9829 17
9830 16
9831 17
9832 17
9833 17
9834 17
9835 17
9836 17
9837 17
9838 17
9839 17
9840 16
9841 17
9842 16
9843 17
9844 17
9845 17
9846 18
9847 17
9848 17
9849 17
9850 17
9851 17
9852 17
9853 17
9854 17
9855 17
9856 17
9857 16
9858 17
9859 17
9860 17
9861 17
9862 17
9863 16
9864 17
9865 17
9866 17
9867 17
9868 17
9869 17
9870 17
9871 17
9872 18
9873 17
9874 17
9875 17
9876 16
9877 17
9878 16
9879 17
9880 17
9881 17
9882 17
9883 17
9884 17
9885 18
9886 18
9887 17
9888 17
9889 17
9890 17
9891 17
9892 17
9893 17
9894 17
9895 17
9896 17
9897 17
9898 17
9899 17
9900 17
9901 18
9902 36
9903 17
9904 17
9905 17
9906 17
9907 17
9908 16
9909 17
9910 17
9911 17
9912 16
9913 17
9914 16
9915 17
9916 18
9917 17
9918 17
9919 17
9920 17
9921 18
9922 17
9923 17
9924 16
9925 17
9926 16
9927 17
9928 16
9929 17
9930 18
9931 18
9932 17
9933 18
9934 18
9935 17
9936 17
9937 17
9938 18
9939 17
9940 18
9941 18
9942 18
9943 18
9944 18
9945 18
9946 17
9947 17
9948 17
9949 17
9950 17
9951 17
9952 17
9953 17
9954 17
9955 17
9956 18
9957 17
9958 17
9959 17
9960 17
9961 17
9962 17
9963 17
9964 16
9965 17
9966 17
9967 17
9968 17
9969 17
9970 17
9971 17
9972 17
9973 16
9974 17
9975 17
9976 17
9977 16
9978 17
9979 17
9980 17
9981 18
9982 18
9983 17
9984 17
9985 17
9986 17
9987 17
9988 17
9989 17
9990 17
9991 17
9992 17
9993 18
9994 17
9995 17
9996 17
9997 17
9998 17
9999 17
