0 71
1 19
2 18
3 18
4 17
5 20
6 16
7 17
8 17
9 17
10 37
11 20
12 17
13 18
14 18
15 18
16 18
17 17
18 18
19 17
20 17
21 17
22 18
23 18
24 17
25 17
26 17
27 18
28 18
29 17
30 18
31 18
32 17
33 17
34 17
35 18
36 17
37 22
38 18
39 18
40 280
41 18
42 18
43 17
44 17
45 18
46 17
47 18
48 17
49 17
50 18
51 18
52 17
53 17
54 17
55 19
56 17
57 17
58 17
59 18
60 19
61 18
62 17
63 17
64 18
65 18
66 18
67 18
68 17
69 17
70 18
71 17
72 36
73 19
74 17
75 18
76 17
77 18
78 17
79 17
80 18
81 17
82 18
83 18
84 18
85 17
86 19
87 17
88 17
89 19
90 18
91 19
92 17
93 18
94 17
95 17
96 17
97 17
98 27
99 19
100 17
101 18
102 18
103 17
104 17
105 17
106 17
107 18
108 18
109 17
110 18
111 18
112 18
113 18
114 18
115 18
116 19
117 17
118 17
119 17
120 18
121 17
122 18
123 17
124 17
125 17
126 17
127 17
128 17
129 18
130 18
131 18
132 17
133 17
134 17
135 17
136 17
137 17
138 17
139 17
140 17
141 17
142 17
143 18
144 17
145 17
146 17
147 18
148 17
149 17
150 17
151 17
152 17
153 17
154 18
155 18
156 18
157 17
158 18
159 18
160 17
161 17
162 17
163 18
164 17
165 17
166 27
167 18
168 17
169 17
170 17
171 17
172 17
173 17
174 17
175 17
176 18
177 17
178 19
179 17
180 17
181 17
182 17
183 17
184 17
185 17
186 17
187 17
188 17
189 17
190 17
191 17
192 17
193 17
194 17
195 18
196 17
197 17
198 17
199 17
200 17
201 16
202 18
203 17
204 17
205 17
206 17
207 36
208 18
209 28
210 19
211 16
212 18
213 17
214 17
215 17
216 17
217 17
218 17
219 17
220 17
221 17
222 18
223 17
224 17
225 17
226 19
227 18
228 18
229 18
230 18
231 21
232 19
233 20
234 21
235 20
236 18
237 18
238 17
239 17
240 18
241 18
242 18
243 19
244 19
245 19
246 19
247 18
248 18
249 18
250 18
251 17
252 17
253 20
254 21
255 18
256 18
257 18
258 18
259 21
260 18
261 18
262 19
263 19
264 17
265 19
266 18
267 19
268 17
269 19
270 22
271 18
272 18
273 18
274 17
275 18
276 18
277 17
278 18
279 17
280 18
281 18
282 17
283 17
284 17
285 32
286 19
287 18
288 19
289 20
290 17
291 20
292 19
293 19
294 19
295 20
296 22
297 20
298 18
299 19
300 20
301 18
302 18
303 18
304 18
305 19
306 19
307 18
308 19
309 20
310 18
311 20
312 21
313 18
314 18
315 17
316 18
317 19
318 18
319 17
320 19
321 18
322 18
323 19
324 18
325 19
326 19
327 18
328 18
329 18
330 19
331 19
332 19
333 18
334 20
335 20
336 21
337 20
338 21
339 19
340 17
341 19
342 19
343 18
344 18
345 19
346 20
347 17
348 18
349 17
350 18
351 18
352 19
353 19
354 20
355 21
356 19
357 19
358 19
359 18
360 17
361 18
362 19
363 18
364 17
365 18
366 19
367 20
368 19
369 20
370 18
371 19
372 18
373 19
374 19
375 19
376 21
377 29
378 19
379 18
380 17
381 18
382 17
383 17
384 17
385 18
386 18
387 19
388 18
389 17
390 18
391 20
392 18
393 18
394 18
395 18
396 18
397 17
398 17
399 18
400 17
401 17
402 19
403 17
404 17
405 17
406 18
407 17
408 17
409 18
410 17
411 18
412 18
413 17
414 17
415 18
416 18
417 17
418 27
419 19
420 19
421 18
422 17
423 18
424 18
425 17
426 17
427 17
428 17
429 18
430 19
431 18
432 18
433 18
434 17
435 18
436 18
437 18
438 17
439 17
440 18
441 19
442 18
443 17
444 17
445 17
446 17
447 17
448 17
449 17
450 17
451 17
452 17
453 17
454 17
455 17
456 17
457 18
458 19
459 18
460 17
461 17
462 17
463 18
464 17
465 17
466 18
467 17
468 17
469 17
470 17
471 17
472 17
473 17
474 18
475 19
476 17
477 17
478 17
479 17
480 17
481 17
482 17
483 18
484 18
485 27
486 18
487 17
488 18
489 17
490 17
491 19
492 17
493 18
494 17
495 18
496 18
497 18
498 18
499 17
500 17
501 17
502 17
503 17
504 17
505 17
506 17
507 17
508 17
509 17
510 18
511 17
512 18
513 18
514 18
515 18
516 17
517 17
518 17
519 17
520 17
521 18
522 18
523 18
524 27
525 18
526 18
527 17
528 17
529 17
530 18
531 17
532 18
533 18
534 18
535 18
536 19
537 18
538 17
539 17
540 17
541 17
542 18
543 18
544 18
545 17
546 17
547 17
548 17
549 17
550 17
551 17
552 17
553 16
554 17
555 18
556 17
557 18
558 27
559 19
560 17
561 17
562 18
563 17
564 17
565 17
566 17
567 17
568 17
569 17
570 18
571 17
572 17
573 17
574 18
575 18
576 18
577 17
578 17
579 17
580 17
581 17
582 17
583 17
584 17
585 17
586 19
587 18
588 18
589 18
590 17
591 17
592 17
593 17
594 17
595 17
596 17
597 17
598 17
599 17
600 17
601 17
602 27
603 18
604 17
605 17
606 17
607 17
608 17
609 17
610 17
611 18
612 18
613 25
614 18
615 17
616 17
617 17
618 17
619 19
620 17
621 18
622 17
623 17
624 17
625 17
626 17
627 18
628 18
629 17
630 18
631 19
632 18
633 17
634 17
635 17
636 17
637 18
638 17
639 17
640 17
641 17
642 17
643 17
644 17
645 18
646 18
647 17
648 17
649 17
650 17
651 17
652 17
653 17
654 18
655 18
656 17
657 17
658 17
659 17
660 17
661 17
662 17
663 17
664 17
665 17
666 17
667 17
668 16
669 17
670 17
671 17
672 18
673 17
674 17
675 17
676 17
677 17
678 18
679 18
680 18
681 18
682 18
683 18
684 17
685 17
686 17
687 17
688 18
689 17
690 17
691 17
692 17
693 17
694 18
695 18
696 17
697 18
698 18
699 17
700 17
701 17
702 17
703 17
704 18
705 18
706 17
707 17
708 17
709 17
710 18
711 17
712 17
713 17
714 17
715 17
716 17
717 17
718 17
719 17
720 17
721 17
722 17
723 18
724 19
725 17
726 17
727 17
728 17
729 17
730 17
731 17
732 17
733 18
734 18
735 36
736 18
737 17
738 17
739 17
740 17
741 17
742 18
743 18
744 17
745 18
746 18
747 17
748 17
749 18
750 18
751 18
752 17
753 17
754 18
755 17
756 17
757 17
758 17
759 18
760 18
761 18
762 17
763 17
764 17
765 17
766 19
767 18
768 18
769 18
770 18
771 17
772 18
773 18
774 17
775 17
776 18
777 18
778 17
779 18
780 18
781 17
782 18
783 18
784 17
785 17
786 17
787 18
788 18
789 17
790 17
791 17
792 18
793 18
794 17
795 27
796 19
797 18
798 17
799 17
800 18
801 18
802 17
803 17
804 17
805 18
806 18
807 17
808 18
809 18
810 18
811 18
812 18
813 18
814 17
815 18
816 19
817 19
818 18
819 18
820 18
821 17
822 17
823 17
824 17
825 17
826 17
827 17
828 17
829 17
830 17
831 17
832 17
833 18
834 17
835 17
836 18
837 18
838 17
839 18
840 18
841 18
842 18
843 18
844 18
845 18
846 18
847 18
848 18
849 27
850 19
851 17
852 18
853 17
854 17
855 17
856 17
857 17
858 18
859 17
860 17
861 17
862 18
863 17
864 17
865 17
866 18
867 18
868 18
869 18
870 17
871 26
872 19
873 18
874 17
875 20
876 18
877 17
878 18
879 17
880 17
881 17
882 17
883 17
884 17
885 17
886 17
887 17
888 17
889 17
890 17
891 17
892 17
893 17
894 17
895 25
896 18
897 18
898 17
899 17
900 17
901 18
902 18
903 18
904 18
905 18
906 18
907 17
908 17
909 17
910 17
911 18
912 18
913 18
914 17
915 17
916 19
917 18
918 17
919 17
920 18
921 18
922 17
923 18
924 17
925 17
926 17
927 17
928 17
929 17
930 17
931 17
932 17
933 18
934 17
935 18
936 18
937 17
938 17
939 17
940 17
941 17
942 17
943 17
944 17
945 17
946 17
947 17
948 18
949 18
950 17
951 17
952 17
953 17
954 17
955 17
956 18
957 19
958 18
959 17
960 18
961 18
962 18
963 17
964 18
965 18
966 18
967 17
968 17
969 17
970 18
971 26
972 18
973 18
974 17
975 17
976 17
977 18
978 18
979 17
980 17
981 18
982 18
983 18
984 18
985 17
986 18
987 17
988 18
989 18
990 18
991 18
992 17
993 17
994 18
995 18
996 18
997 18
998 17
999 17
1000 18
1001 17
1002 17
1003 17
1004 17
1005 19
1006 17
1007 17
1008 17
1009 17
1010 17
1011 18
1012 17
1013 17
1014 17
1015 17
1016 18
1017 19
1018 18
1019 17
1020 17
1021 17
1022 17
1023 17
1024 17
1025 17
1026 17
1027 17
1028 17
1029 17
1030 17
1031 17
1032 17
1033 18
1034 18
1035 17
1036 17
1037 17
1038 17
1039 17
1040 18
1041 17
1042 17
1043 17
1044 17
1045 17
1046 17
1047 17
1048 18
1049 17
1050 18
1051 19
1052 18
1053 17
1054 17
1055 17
1056 17
1057 17
1058 17
1059 17
1060 17
1061 18
1062 18
1063 17
1064 17
1065 17
1066 17
1067 18
1068 19
1069 18
1070 17
1071 17
1072 17
1073 18
1074 17
1075 18
1076 17
1077 17
1078 17
1079 17
1080 17
1081 17
1082 17
1083 18
1084 18
1085 17
1086 17
1087 17
1088 17
1089 17
1090 18
1091 17
1092 28
1093 18
1094 18
1095 18
1096 18
1097 17
1098 17
1099 17
1100 17
1101 17
1102 18
1103 18
1104 17
1105 17
1106 18
1107 19
1108 18
1109 18
1110 17
1111 17
1112 17
1113 17
1114 17
1115 17
1116 17
1117 27
1118 18
1119 17
1120 18
1121 17
1122 17
1123 18
1124 18
1125 17
1126 18
1127 17
1128 18
1129 20
1130 18
1131 17
1132 17
1133 17
1134 18
1135 18
1136 17
1137 17
1138 17
1139 27
1140 18
1141 17
1142 18
1143 18
1144 17
1145 17
1146 18
1147 18
1148 18
1149 17
1150 18
1151 19
1152 18
1153 17
1154 18
1155 17
1156 19
1157 18
1158 18
1159 17
1160 17
1161 18
1162 17
1163 17
1164 17
1165 17
1166 18
1167 17
1168 18
1169 18
1170 18
1171 17
1172 17
1173 18
1174 18
1175 18
1176 17
1177 18
1178 18
1179 26
1180 18
1181 18
1182 17
1183 17
1184 17
1185 18
1186 18
1187 17
1188 17
1189 17
1190 17
1191 17
1192 18
1193 17
1194 17
1195 17
1196 17
1197 18
1198 18
1199 17
1200 17
1201 17
1202 17
1203 17
1204 17
1205 17
1206 18
1207 26
1208 18
1209 17
1210 18
1211 17
1212 17
1213 17
1214 17
1215 18
1216 18
1217 17
1218 17
1219 18
1220 18
1221 17
1222 19
1223 19
1224 19
1225 17
1226 17
1227 18
1228 18
1229 18
1230 17
1231 17
1232 18
1233 18
1234 20
1235 17
1236 17
1237 17
1238 17
1239 17
1240 17
1241 18
1242 17
1243 17
1244 17
1245 17
1246 17
1247 17
1248 17
1249 17
1250 17
1251 18
1252 17
1253 17
1254 17
1255 17
1256 17
1257 25
1258 18
1259 17
1260 17
1261 17
1262 18
1263 19
1264 17
1265 17
1266 17
1267 17
1268 17
1269 28
1270 17
1271 17
1272 18
1273 19
1274 18
1275 17
1276 17
1277 17
1278 17
1279 17
1280 17
1281 17
1282 17
1283 26
1284 18
1285 17
1286 18
1287 17
1288 18
1289 19
1290 18
1291 18
1292 18
1293 18
1294 17
1295 20
1296 18
1297 18
1298 18
1299 18
1300 17
1301 17
1302 17
1303 18
1304 17
1305 27
1306 18
1307 17
1308 17
1309 17
1310 17
1311 17
1312 17
1313 17
1314 17
1315 17
1316 24
1317 19
1318 18
1319 17
1320 17
1321 17
1322 18
1323 19
1324 17
1325 17
1326 18
1327 17
1328 17
1329 17
1330 17
1331 16
1332 17
1333 17
1334 17
1335 17
1336 17
1337 17
1338 17
1339 17
1340 17
1341 17
1342 17
1343 17
1344 17
1345 17
1346 17
1347 17
1348 17
1349 16
1350 17
1351 17
1352 17
1353 17
1354 17
1355 17
1356 17
1357 17
1358 17
1359 19
1360 17
1361 17
1362 17
1363 17
1364 17
1365 17
1366 17
1367 17
1368 17
1369 17
1370 17
1371 17
1372 17
1373 17
1374 17
1375 17
1376 17
1377 17
1378 17
1379 17
1380 17
1381 17
1382 17
1383 17
1384 17
1385 17
1386 17
1387 17
1388 17
1389 17
1390 17
1391 17
1392 17
1393 17
1394 17
1395 17
1396 17
1397 17
1398 17
1399 17
1400 17
1401 17
1402 17
1403 17
1404 17
1405 17
1406 17
1407 17
1408 17
1409 17
1410 17
1411 17
1412 16
1413 18
1414 18
1415 17
1416 17
1417 17
1418 17
1419 16
1420 17
1421 17
1422 17
1423 19
1424 17
1425 17
1426 17
1427 17
1428 18
1429 17
1430 17
1431 17
1432 17
1433 17
1434 17
1435 17
1436 17
1437 26
1438 18
1439 17
1440 17
1441 17
1442 17
1443 18
1444 18
1445 17
1446 17
1447 18
1448 18
1449 175
1450 21
1451 18
1452 17
1453 17
1454 17
1455 17
1456 17
1457 17
1458 17
1459 17
1460 17
1461 17
1462 18
1463 19
1464 18
1465 18
1466 17
1467 17
1468 17
1469 18
1470 17
1471 17
1472 17
1473 17
1474 17
1475 17
1476 17
1477 17
1478 17
1479 17
1480 18
1481 18
1482 17
1483 17
1484 17
1485 17
1486 17
1487 17
1488 17
1489 17
1490 17
1491 18
1492 18
1493 18
1494 18
1495 18
1496 18
1497 19
1498 17
1499 17
1500 17
1501 18
1502 19
1503 17
1504 17
1505 18
1506 18
1507 18
1508 18
1509 18
1510 18
1511 18
1512 17
1513 17
1514 17
1515 18
1516 17
1517 17
1518 17
1519 17
1520 18
1521 18
1522 17
1523 17
1524 18
1525 26
1526 19
1527 17
1528 17
1529 17
1530 17
1531 18
1532 18
1533 17
1534 18
1535 18
1536 19
1537 17
1538 18
1539 17
1540 17
1541 17
1542 17
1543 17
1544 17
1545 17
1546 18
1547 19
1548 18
1549 18
1550 17
1551 18
1552 18
1553 17
1554 17
1555 18
1556 18
1557 26
1558 19
1559 17
1560 17
1561 17
1562 17
1563 17
1564 17
1565 17
1566 17
1567 17
1568 17
1569 17
1570 17
1571 17
1572 17
1573 16
1574 19
1575 19
1576 18
1577 17
1578 18
1579 27
1580 18
1581 16
1582 18
1583 18
1584 18
1585 18
1586 18
1587 18
1588 18
1589 17
1590 17
1591 17
1592 18
1593 18
1594 18
1595 18
1596 19
1597 18
1598 17
1599 17
1600 17
1601 27
1602 18
1603 18
1604 18
1605 17
1606 17
1607 18
1608 18
1609 17
1610 17
1611 18
1612 17
1613 17
1614 17
1615 17
1616 18
1617 17
1618 18
1619 19
1620 23
1621 17
1622 18
1623 18
1624 19
1625 17
1626 18
1627 17
1628 18
1629 17
1630 17
1631 18
1632 18
1633 18
1634 17
1635 18
1636 18
1637 17
1638 17
1639 17
1640 19
1641 17
1642 18
1643 18
1644 18
1645 17
1646 17
1647 17
1648 18
1649 17
1650 18
1651 18
1652 19
1653 18
1654 18
1655 18
1656 18
1657 17
1658 17
1659 17
1660 17
1661 17
1662 18
1663 19
1664 18
1665 17
1666 18
1667 17
1668 18
1669 18
1670 17
1671 17
1672 17
1673 17
1674 18
1675 19
1676 17
1677 17
1678 17
1679 17
1680 17
1681 17
1682 17
1683 18
1684 17
1685 18
1686 18
1687 17
1688 17
1689 17
1690 17
1691 17
1692 17
1693 18
1694 18
1695 17
1696 17
1697 17
1698 17
1699 17
1700 17
1701 17
1702 18
1703 17
1704 18
1705 18
1706 18
1707 16
1708 17
1709 17
1710 17
1711 17
1712 17
1713 18
1714 18
1715 18
1716 17
1717 17
1718 17
1719 17
1720 18
1721 18
1722 18
1723 17
1724 19
1725 19
1726 18
1727 18
1728 17
1729 17
1730 17
1731 18
1732 18
1733 17
1734 17
1735 17
1736 17
1737 17
1738 17
1739 18
1740 18
1741 18
1742 18
1743 18
1744 17
1745 17
1746 18
1747 18
1748 17
1749 18
1750 17
1751 17
1752 17
1753 17
1754 17
1755 17
1756 17
1757 17
1758 18
1759 19
1760 17
1761 17
1762 17
1763 17
1764 19
1765 18
1766 17
1767 17
1768 17
1769 17
1770 17
1771 17
1772 17
1773 17
1774 17
1775 18
1776 17
1777 17
1778 17
1779 17
1780 17
1781 19
1782 17
1783 18
1784 17
1785 17
1786 17
1787 17
1788 18
1789 17
1790 17
1791 17
1792 17
1793 17
1794 17
1795 16
1796 17
1797 17
1798 18
1799 18
1800 35
1801 17
1802 18
1803 19
1804 17
1805 18
1806 17
1807 17
1808 17
1809 17
1810 17
1811 17
1812 17
1813 17
1814 18
1815 17
1816 18
1817 17
1818 17
1819 17
1820 17
1821 17
1822 17
1823 17
1824 17
1825 18
1826 18
1827 18
1828 17
1829 17
1830 18
1831 19
1832 17
1833 18
1834 17
1835 17
1836 17
1837 19
1838 18
1839 17
1840 17
1841 17
1842 17
1843 17
1844 17
1845 17
1846 17
1847 17
1848 17
1849 17
1850 17
1851 17
1852 17
1853 17
1854 18
1855 17
1856 17
1857 17
1858 17
1859 17
1860 28
1861 18
1862 17
1863 17
1864 17
1865 18
1866 19
1867 17
1868 17
1869 17
1870 17
1871 17
1872 17
1873 17
1874 18
1875 18
1876 17
1877 18
1878 18
1879 18
1880 18
1881 18
1882 18
1883 18
1884 17
1885 17
1886 17
1887 17
1888 17
1889 17
1890 17
1891 17
1892 27
1893 18
1894 17
1895 18
1896 18
1897 24
1898 18
1899 18
1900 17
1901 17
1902 17
1903 17
1904 18
1905 17
1906 18
1907 18
1908 18
1909 17
1910 17
1911 18
1912 18
1913 18
1914 19
1915 19
1916 17
1917 17
1918 18
1919 18
1920 17
1921 17
1922 17
1923 20
1924 18
1925 18
1926 19
1927 18
1928 18
1929 18
1930 18
1931 17
1932 17
1933 17
1934 17
1935 18
1936 18
1937 17
1938 17
1939 17
1940 18
1941 17
1942 19
1943 18
1944 18
1945 17
1946 17
1947 18
1948 18
1949 17
1950 17
1951 17
1952 18
1953 17
1954 17
1955 17
1956 17
1957 16
1958 17
1959 19
1960 18
1961 17
1962 17
1963 17
1964 18
1965 17
1966 17
1967 17
1968 18
1969 17
1970 18
1971 18
1972 17
1973 17
1974 18
1975 17
1976 17
1977 17
1978 28
1979 17
1980 17
1981 17
1982 18
1983 18
1984 17
1985 18
1986 28
1987 21
1988 17
1989 17
1990 17
1991 18
1992 17
1993 17
1994 18
1995 17
1996 18
1997 18
1998 18
1999 17
2000 17
2001 18
2002 18
2003 19
2004 18
2005 18
2006 17
2007 17
2008 18
2009 19
2010 17
2011 17
2012 18
2013 17
2014 17
2015 17
2016 17
2017 17
2018 17
2019 17
2020 17
2021 17
2022 17
2023 17
2024 17
2025 17
2026 18
2027 18
2028 17
2029 17
2030 17
2031 18
2032 18
2033 17
2034 17
2035 17
2036 27
2037 18
2038 18
2039 17
2040 17
2041 17
2042 17
2043 17
2044 17
2045 17
2046 17
2047 17
2048 18
2049 17
2050 17
2051 18
2052 17
2053 18
2054 18
2055 17
2056 17
2057 17
2058 17
2059 17
2060 17
2061 18
2062 18
2063 17
2064 27
2065 19
2066 17
2067 17
2068 17
2069 17
2070 17
2071 17
2072 17
2073 18
2074 18
2075 18
2076 19
2077 17
2078 17
2079 17
2080 18
2081 17
2082 17
2083 17
2084 17
2085 17
2086 17
2087 18
2088 17
2089 17
2090 17
2091 18
2092 18
2093 17
2094 18
2095 18
2096 17
2097 17
2098 19
2099 17
2100 18
2101 18
2102 18
2103 17
2104 18
2105 18
2106 18
2107 18
2108 17
2109 18
2110 19
2111 17
2112 17
2113 17
2114 18
2115 19
2116 18
2117 18
2118 18
2119 18
2120 18
2121 19
2122 17
2123 17
2124 18
2125 18
2126 20
2127 17
2128 17
2129 18
2130 17
2131 18
2132 19
2133 17
2134 17
2135 17
2136 18
2137 17
2138 17
2139 17
2140 17
2141 17
2142 17
2143 17
2144 17
2145 18
2146 17
2147 18
2148 18
2149 18
2150 18
2151 17
2152 17
2153 17
2154 17
2155 17
2156 24
2157 17
2158 17
2159 27
2160 18
2161 17
2162 17
2163 17
2164 17
2165 17
2166 17
2167 17
2168 17
2169 17
2170 18
2171 18
2172 18
2173 18
2174 19
2175 17
2176 18
2177 19
2178 18
2179 19
2180 17
2181 17
2182 17
2183 18
2184 17
2185 17
2186 17
2187 17
2188 17
2189 17
2190 17
2191 17
2192 17
2193 18
2194 19
2195 17
2196 17
2197 17
2198 26
2199 18
2200 17
2201 17
2202 17
2203 17
2204 17
2205 18
2206 18
2207 17
2208 18
2209 18
2210 18
2211 18
2212 17
2213 17
2214 17
2215 18
2216 19
2217 17
2218 17
2219 17
2220 16
2221 17
2222 17
2223 17
2224 17
2225 17
2226 17
2227 17
2228 17
2229 17
2230 17
2231 17
2232 17
2233 17
2234 17
2235 17
2236 17
2237 17
2238 18
2239 18
2240 17
2241 19
2242 17
2243 19
2244 17
2245 17
2246 17
2247 17
2248 18
2249 18
2250 17
2251 17
2252 17
2253 17
2254 17
2255 18
2256 18
2257 18
2258 18
2259 17
2260 18
2261 17
2262 18
2263 17
2264 17
2265 18
2266 18
2267 18
2268 18
2269 17
2270 17
2271 18
2272 18
2273 18
2274 17
2275 17
2276 18
2277 18
2278 17
2279 17
2280 18
2281 17
2282 28
2283 18
2284 17
2285 17
2286 17
2287 17
2288 17
2289 17
2290 17
2291 17
2292 17
2293 17
2294 17
2295 17
2296 17
2297 17
2298 18
2299 18
2300 18
2301 17
2302 18
2303 18
2304 17
2305 19
2306 17
2307 20
2308 16
2309 17
2310 17
2311 17
2312 17
2313 17
2314 17
2315 17
2316 18
2317 18
2318 18
2319 17
2320 17
2321 18
2322 17
2323 17
2324 17
2325 17
2326 17
2327 17
2328 18
2329 18
2330 18
2331 18
2332 18
2333 19
2334 18
2335 35
2336 18
2337 17
2338 18
2339 17
2340 18
2341 18
2342 17
2343 17
2344 17
2345 17
2346 17
2347 17
2348 17
2349 18
2350 19
2351 18
2352 17
2353 17
2354 17
2355 18
2356 17
2357 17
2358 17
2359 17
2360 18
2361 18
2362 17
2363 17
2364 18
2365 17
2366 18
2367 17
2368 18
2369 17
2370 18
2371 19
2372 17
2373 17
2374 18
2375 17
2376 17
2377 17
2378 17
2379 17
2380 18
2381 18
2382 17
2383 18
2384 17
2385 18
2386 17
2387 16
2388 17
2389 17
2390 18
2391 17
2392 17
2393 17
2394 17
2395 17
2396 17
2397 17
2398 17
2399 17
2400 18
2401 17
2402 17
2403 18
2404 17
2405 18
2406 20
2407 17
2408 17
2409 17
2410 17
2411 17
2412 18
2413 18
2414 18
2415 18
2416 27
2417 18
2418 18
2419 17
2420 17
2421 17
2422 17
2423 17
2424 17
2425 17
2426 18
2427 18
2428 18
2429 17
2430 18
2431 21
2432 17
2433 17
2434 17
2435 19
2436 18
2437 19
2438 17
2439 17
2440 18
2441 17
2442 17
2443 17
2444 17
2445 18
2446 17
2447 18
2448 18
2449 17
2450 17
2451 17
2452 18
2453 17
2454 17
2455 18
2456 19
2457 18
2458 18
2459 18
2460 18
2461 17
2462 17
2463 17
2464 17
2465 17
2466 17
2467 17
2468 17
2469 17
2470 17
2471 17
2472 18
2473 18
2474 18
2475 17
2476 17
2477 17
2478 18
2479 17
2480 18
2481 17
2482 17
2483 18
2484 19
2485 17
2486 17
2487 17
2488 16
2489 17
2490 17
2491 17
2492 17
2493 17
2494 18
2495 18
2496 18
2497 18
2498 18
2499 19
2500 18
2501 18
2502 18
2503 17
2504 17
2505 17
2506 17
2507 16
2508 17
2509 17
2510 17
2511 26
2512 18
2513 27
2514 18
2515 17
2516 17
2517 18
2518 18
2519 17
2520 17
2521 17
2522 17
2523 17
2524 17
2525 18
2526 17
2527 17
2528 17
2529 17
2530 18
2531 17
2532 17
2533 17
2534 17
2535 17
2536 17
2537 17
2538 17
2539 16
2540 17
2541 17
2542 17
2543 17
2544 17
2545 17
2546 26
2547 17
2548 17
2549 17
2550 17
2551 17
2552 17
2553 18
2554 17
2555 17
2556 17
2557 17
2558 17
2559 17
2560 17
2561 25
2562 18
2563 20
2564 17
2565 17
2566 17
2567 17
2568 18
2569 18
2570 17
2571 17
2572 17
2573 17
2574 17
2575 17
2576 18
2577 17
2578 18
2579 18
2580 17
2581 17
2582 17
2583 17
2584 17
2585 17
2586 17
2587 17
2588 17
2589 18
2590 18
2591 18
2592 19
2593 17
2594 17
2595 17
2596 17
2597 18
2598 17
2599 17
2600 17
2601 17
2602 17
2603 17
2604 18
2605 18
2606 17
2607 17
2608 17
2609 18
2610 17
2611 17
2612 17
2613 27
2614 18
2615 17
2616 17
2617 18
2618 17
2619 19
2620 17
2621 17
2622 17
2623 16
2624 18
2625 18
2626 17
2627 19
2628 17
2629 17
2630 17
2631 17
2632 17
2633 17
2634 17
2635 17
2636 17
2637 17
2638 17
2639 18
2640 17
2641 17
2642 17
2643 17
2644 17
2645 17
2646 17
2647 17
2648 17
2649 16
2650 17
2651 17
2652 17
2653 17
2654 17
2655 18
2656 18
2657 18
2658 18
2659 17
2660 17
2661 17
2662 17
2663 17
2664 17
2665 17
2666 17
2667 17
2668 17
2669 17
2670 17
2671 17
2672 17
2673 17
2674 17
2675 17
2676 18
2677 17
2678 17
2679 17
2680 17
2681 26
2682 18
2683 17
2684 17
2685 18
2686 18
2687 18
2688 18
2689 17
2690 17
2691 19
2692 17
2693 28
2694 18
2695 18
2696 17
2697 18
2698 17
2699 17
2700 17
2701 17
2702 17
2703 17
2704 17
2705 17
2706 17
2707 18
2708 17
2709 17
2710 17
2711 18
2712 17
2713 17
2714 17
2715 17
2716 17
2717 17
2718 17
2719 17
2720 17
2721 17
2722 17
2723 17
2724 17
2725 17
2726 17
2727 17
2728 17
2729 17
2730 17
2731 17
2732 17
2733 17
2734 17
2735 17
2736 17
2737 25
2738 18
2739 17
2740 17
2741 18
2742 18
2743 18
2744 17
2745 17
2746 22
2747 17
2748 17
2749 18
2750 17
2751 17
2752 17
2753 17
2754 18
2755 20
2756 18
2757 17
2758 18
2759 26
2760 19
2761 18
2762 17
2763 17
2764 18
2765 18
2766 18
2767 17
2768 18
2769 18
2770 18
2771 18
2772 18
2773 18
2774 18
2775 19
2776 19
2777 18
2778 17
2779 17
2780 19
2781 18
2782 18
2783 17
2784 19
2785 17
2786 17
2787 17
2788 17
2789 18
2790 18
2791 18
2792 17
2793 17
2794 17
2795 17
2796 27
2797 18
2798 17
2799 17
2800 17
2801 17
2802 19
2803 17
2804 18
2805 18
2806 18
2807 18
2808 18
2809 18
2810 17
2811 17
2812 18
2813 17
2814 18
2815 18
2816 17
2817 17
2818 17
2819 19
2820 18
2821 18
2822 18
2823 18
2824 17
2825 17
2826 17
2827 18
2828 18
2829 17
2830 17
2831 18
2832 18
2833 17
2834 21
2835 17
2836 27
2837 18
2838 18
2839 17
2840 17
2841 17
2842 18
2843 18
2844 18
2845 17
2846 18
2847 19
2848 18
2849 18
2850 18
2851 17
2852 20
2853 17
2854 17
2855 17
2856 17
2857 17
2858 17
2859 17
2860 17
2861 17
2862 17
2863 16
2864 17
2865 17
2866 17
2867 17
2868 18
2869 19
2870 252
2871 28
2872 18
2873 18
2874 17
2875 17
2876 17
2877 17
2878 16
2879 17
2880 17
2881 17
2882 17
2883 18
2884 18
2885 17
2886 17
2887 17
2888 17
2889 17
2890 17
2891 16
2892 17
2893 17
2894 17
2895 17
2896 19
2897 17
2898 17
2899 18
2900 18
2901 17
2902 17
2903 17
2904 17
2905 17
2906 17
2907 17
2908 18
2909 17
2910 18
2911 17
2912 17
2913 17
2914 17
2915 17
2916 17
2917 17
2918 18
2919 17
2920 19
2921 17
2922 17
2923 17
2924 17
2925 17
2926 17
2927 17
2928 17
2929 17
2930 18
2931 19
2932 18
2933 18
2934 18
2935 18
2936 18
2937 18
2938 17
2939 17
2940 17
2941 28
2942 18
2943 17
2944 17
2945 17
2946 17
2947 17
2948 17
2949 17
2950 17
2951 17
2952 25
2953 18
2954 18
2955 18
2956 18
2957 17
2958 17
2959 17
2960 17
2961 17
2962 17
2963 17
2964 17
2965 17
2966 17
2967 17
2968 17
2969 18
2970 18
2971 18
2972 18
2973 17
2974 17
2975 17
2976 17
2977 18
2978 17
2979 17
2980 17
2981 18
2982 17
2983 17
2984 17
2985 17
2986 17
2987 17
2988 17
2989 17
2990 17
2991 17
2992 17
2993 17
2994 17
2995 17
2996 17
2997 17
2998 17
2999 19
3000 18
3001 18
3002 18
3003 17
3004 18
3005 17
3006 17
3007 18
3008 17
3009 17
3010 17
3011 17
3012 17
3013 17
3014 17
3015 18
3016 17
3017 17
3018 18
3019 17
3020 17
3021 17
3022 17
3023 17
3024 17
3025 18
3026 18
3027 17
3028 17
3029 17
3030 17
3031 17
3032 19
3033 18
3034 18
3035 17
3036 17
3037 18
3038 18
3039 18
3040 18
3041 17
3042 17
3043 18
3044 18
3045 18
3046 18
3047 18
3048 18
3049 17
3050 18
3051 17
3052 18
3053 17
3054 17
3055 17
3056 17
3057 17
3058 17
3059 17
3060 17
3061 17
3062 17
3063 17
3064 17
3065 17
3066 18
3067 18
3068 18
3069 17
3070 18
3071 18
3072 18
3073 18
3074 17
3075 17
3076 17
3077 18
3078 18
3079 17
3080 17
3081 17
3082 17
3083 17
3084 17
3085 17
3086 17
3087 20
3088 18
3089 17
3090 19
3091 17
3092 17
3093 17
3094 17
3095 17
3096 17
3097 18
3098 17
3099 17
3100 17
3101 17
3102 17
3103 17
3104 17
3105 18
3106 17
3107 17
3108 18
3109 18
3110 18
3111 18
3112 27
3113 18
3114 17
3115 17
3116 17
3117 17
3118 18
3119 17
3120 18
3121 17
3122 17
3123 17
3124 17
3125 17
3126 17
3127 17
3128 18
3129 19
3130 17
3131 17
3132 17
3133 19
3134 17
3135 18
3136 18
3137 18
3138 18
3139 18
3140 18
3141 18
3142 17
3143 17
3144 17
3145 19
3146 18
3147 17
3148 17
3149 17
3150 18
3151 18
3152 18
3153 18
3154 18
3155 18
3156 18
3157 17
3158 17
3159 17
3160 17
3161 18
3162 19
3163 17
3164 17
3165 17
3166 17
3167 17
3168 17
3169 17
3170 17
3171 17
3172 17
3173 17
3174 17
3175 16
3176 18
3177 17
3178 17
3179 18
3180 18
3181 17
3182 17
3183 17
3184 17
3185 18
3186 18
3187 17
3188 17
3189 17
3190 18
3191 17
3192 18
3193 18
3194 17
3195 17
3196 17
3197 17
3198 17
3199 17
3200 17
3201 17
3202 18
3203 19
3204 19
3205 18
3206 17
3207 17
3208 17
3209 18
3210 18
3211 18
3212 19
3213 18
3214 17
3215 18
3216 18
3217 17
3218 18
3219 17
3220 19
3221 17
3222 18
3223 18
3224 17
3225 17
3226 18
3227 18
3228 19
3229 19
3230 18
3231 18
3232 17
3233 18
3234 20
3235 18
3236 18
3237 17
3238 18
3239 18
3240 17
3241 17
3242 18
3243 18
3244 18
3245 19
3246 17
3247 17
3248 18
3249 19
3250 17
3251 17
3252 17
3253 18
3254 18
3255 17
3256 17
3257 18
3258 18
3259 18
3260 17
3261 18
3262 18
3263 18
3264 17
3265 17
3266 18
3267 17
3268 17
3269 17
3270 18
3271 17
3272 17
3273 17
3274 18
3275 17
3276 17
3277 17
3278 17
3279 17
3280 17
3281 17
3282 17
3283 17
3284 17
3285 18
3286 17
3287 17
3288 17
3289 17
3290 18
3291 17
3292 18
3293 18
3294 17
3295 17
3296 18
3297 17
3298 17
3299 17
3300 18
3301 18
3302 18
3303 18
3304 17
3305 17
3306 17
3307 17
3308 18
3309 18
3310 18
3311 18
3312 17
3313 17
3314 17
3315 18
3316 18
3317 17
3318 17
3319 18
3320 21
3321 18
3322 18
3323 18
3324 17
3325 17
3326 17
3327 17
3328 17
3329 17
3330 18
3331 18
3332 18
3333 17
3334 27
3335 19
3336 18
3337 17
3338 17
3339 24
3340 19
3341 18
3342 18
3343 17
3344 18
3345 16
3346 17
3347 17
3348 17
3349 17
3350 17
3351 17
3352 17
3353 18
3354 17
3355 17
3356 17
3357 17
3358 17
3359 17
3360 17
3361 17
3362 17
3363 25
3364 18
3365 18
3366 17
3367 17
3368 17
3369 17
3370 17
3371 18
3372 17
3373 18
3374 18
3375 18
3376 18
3377 17
3378 17
3379 18
3380 17
3381 18
3382 17
3383 17
3384 17
3385 17
3386 17
3387 18
3388 18
3389 18
3390 19
3391 17
3392 17
3393 17
3394 17
3395 27
3396 18
3397 27
3398 18
3399 17
3400 18
3401 19
3402 17
3403 17
3404 17
3405 17
3406 18
3407 17
3408 17
3409 17
3410 17
3411 18
3412 19
3413 18
3414 17
3415 18
3416 18
3417 17
3418 17
3419 17
3420 17
3421 17
3422 17
3423 18
3424 17
3425 17
3426 17
3427 17
3428 18
3429 17
3430 17
3431 18
3432 18
3433 18
3434 18
3435 18
3436 17
3437 17
3438 17
3439 16
3440 18
3441 18
3442 17
3443 17
3444 17
3445 16
3446 17
3447 17
3448 17
3449 17
3450 22
3451 18
3452 25
3453 18
3454 17
3455 17
3456 18
3457 17
3458 18
3459 18
3460 18
3461 17
3462 18
3463 18
3464 18
3465 17
3466 17
3467 26
3468 18
3469 17
3470 18
3471 18
3472 17
3473 17
3474 18
3475 18
3476 18
3477 17
3478 18
3479 19
3480 18
3481 17
3482 17
3483 17
3484 18
3485 19
3486 18
3487 17
3488 17
3489 17
3490 17
3491 17
3492 17
3493 17
3494 17
3495 18
3496 18
3497 18
3498 18
3499 17
3500 17
3501 19
3502 18
3503 17
3504 18
3505 18
3506 17
3507 17
3508 17
3509 17
3510 17
3511 17
3512 17
3513 17
3514 17
3515 17
3516 17
3517 17
3518 17
3519 17
3520 17
3521 17
3522 17
3523 17
3524 18
3525 18
3526 17
3527 17
3528 17
3529 17
3530 18
3531 17
3532 18
3533 18
3534 18
3535 18
3536 17
3537 18
3538 17
3539 17
3540 18
3541 19
3542 18
3543 17
3544 18
3545 18
3546 19
3547 19
3548 18
3549 17
3550 18
3551 18
3552 17
3553 17
3554 18
3555 17
3556 18
3557 19
3558 19
3559 18
3560 17
3561 18
3562 18
3563 17
3564 17
3565 18
3566 17
3567 17
3568 17
3569 18
3570 18
3571 17
3572 17
3573 17
3574 19
3575 17
3576 29
3577 18
3578 17
3579 18
3580 18
3581 18
3582 18
3583 17
3584 18
3585 19
3586 17
3587 17
3588 18
3589 18
3590 19
3591 17
3592 18
3593 17
3594 17
3595 18
3596 18
3597 17
3598 17
3599 17
3600 17
3601 17
3602 17
3603 17
3604 18
3605 17
3606 17
3607 18
3608 17
3609 18
3610 18
3611 17
3612 18
3613 17
3614 17
3615 17
3616 18
3617 17
3618 17
3619 17
3620 17
3621 17
3622 18
3623 18
3624 20
3625 18
3626 17
3627 18
3628 18
3629 17
3630 18
3631 18
3632 18
3633 17
3634 18
3635 18
3636 18
3637 18
3638 17
3639 18
3640 27
3641 19
3642 17
3643 17
3644 17
3645 17
3646 17
3647 17
3648 17
3649 17
3650 17
3651 18
3652 20
3653 17
3654 18
3655 17
3656 18
3657 19
3658 17
3659 17
3660 18
3661 18
3662 18
3663 17
3664 18
3665 18
3666 17
3667 17
3668 17
3669 17
3670 18
3671 18
3672 17
3673 18
3674 18
3675 17
3676 18
3677 18
3678 17
3679 17
3680 18
3681 18
3682 17
3683 17
3684 19
3685 17
3686 25
3687 18
3688 17
3689 17
3690 18
3691 19
3692 18
3693 18
3694 17
3695 18
3696 18
3697 17
3698 17
3699 18
3700 18
3701 17
3702 18
3703 17
3704 17
3705 17
3706 18
3707 18
3708 19
3709 18
3710 17
3711 17
3712 17
3713 17
3714 18
3715 17
3716 17
3717 17
3718 18
3719 18
3720 18
3721 17
3722 17
3723 17
3724 19
3725 18
3726 18
3727 18
3728 18
3729 17
3730 17
3731 17
3732 17
3733 17
3734 17
3735 17
3736 18
3737 18
3738 18
3739 18
3740 18
3741 17
3742 17
3743 17
3744 17
3745 17
3746 17
3747 17
3748 18
3749 17
3750 19
3751 17
3752 18
3753 17
3754 21
3755 18
3756 17
3757 18
3758 18
3759 17
3760 18
3761 17
3762 17
3763 17
3764 17
3765 17
3766 17
3767 17
3768 17
3769 18
3770 18
3771 18
3772 17
3773 17
3774 17
3775 17
3776 17
3777 18
3778 17
3779 17
3780 17
3781 17
3782 17
3783 17
3784 17
3785 17
3786 17
3787 17
3788 17
3789 17
3790 17
3791 17
3792 17
3793 17
3794 18
3795 18
3796 18
3797 18
3798 18
3799 17
3800 17
3801 17
3802 20
3803 17
3804 27
3805 18
3806 17
3807 17
3808 17
3809 18
3810 17
3811 17
3812 17
3813 17
3814 17
3815 18
3816 18
3817 18
3818 17
3819 17
3820 18
3821 17
3822 17
3823 17
3824 17
3825 17
3826 18
3827 18
3828 27
3829 18
3830 17
3831 18
3832 17
3833 17
3834 17
3835 17
3836 17
3837 17
3838 17
3839 17
3840 17
3841 18
3842 17
3843 17
3844 17
3845 17
3846 17
3847 17
3848 19
3849 17
3850 18
3851 17
3852 18
3853 18
3854 18
3855 17
3856 17
3857 17
3858 18
3859 18
3860 18
3861 17
3862 17
3863 17
3864 17
3865 17
3866 17
3867 17
3868 17
3869 17
3870 17
3871 17
3872 19
3873 18
3874 18
3875 17
3876 18
3877 18
3878 17
3879 17
3880 18
3881 27
3882 19
3883 17
3884 17
3885 17
3886 24
3887 18
3888 18
3889 17
3890 17
3891 18
3892 19
3893 19
3894 18
3895 17
3896 17
3897 17
3898 17
3899 17
3900 17
3901 17
3902 17
3903 17
3904 17
3905 17
3906 17
3907 17
3908 17
3909 18
3910 18
3911 18
3912 17
3913 17
3914 17
3915 17
3916 17
3917 17
3918 17
3919 17
3920 17
3921 17
3922 17
3923 17
3924 18
3925 17
3926 17
3927 17
3928 17
3929 17
3930 17
3931 17
3932 17
3933 26
3934 36
3935 17
3936 17
3937 17
3938 17
3939 17
3940 17
3941 17
3942 17
3943 17
3944 18
3945 17
3946 17
3947 17
3948 18
3949 19
3950 18
3951 17
3952 17
3953 17
3954 17
3955 17
3956 18
3957 17
3958 17
3959 17
3960 17
3961 17
3962 17
3963 17
3964 18
3965 19
3966 17
3967 18
3968 17
3969 17
3970 17
3971 17
3972 17
3973 18
3974 17
3975 17
3976 17
3977 17
3978 17
3979 17
3980 18
3981 17
3982 18
3983 17
3984 18
3985 17
3986 17
3987 17
3988 17
3989 17
3990 17
3991 17
3992 17
3993 17
3994 17
3995 18
3996 18
3997 18
3998 18
3999 17
4000 17
4001 17
4002 17
4003 18
4004 18
4005 18
4006 17
4007 17
4008 17
4009 22
4010 17
4011 26
4012 19
4013 17
4014 18
4015 18
4016 18
4017 17
4018 17
4019 18
4020 17
4021 18
4022 18
4023 18
4024 17
4025 17
4026 18
4027 17
4028 17
4029 17
4030 17
4031 17
4032 17
4033 18
4034 18
4035 17
4036 17
4037 18
4038 19
4039 18
4040 18
4041 17
4042 18
4043 18
4044 19
4045 18
4046 17
4047 17
4048 18
4049 18
4050 17
4051 17
4052 17
4053 17
4054 18
4055 18
4056 17
4057 17
4058 18
4059 16
4060 17
4061 17
4062 17
4063 17
4064 17
4065 17
4066 17
4067 17
4068 17
4069 17
4070 17
4071 17
4072 18
4073 18
4074 17
4075 17
4076 18
4077 17
4078 18
4079 18
4080 18
4081 18
4082 18
4083 17
4084 18
4085 17
4086 18
4087 18
4088 18
4089 20
4090 17
4091 17
4092 17
4093 17
4094 17
4095 18
4096 17
4097 17
4098 17
4099 16
4100 18
4101 18
4102 17
4103 17
4104 17
4105 17
4106 18
4107 17
4108 17
4109 17
4110 18
4111 18
4112 26
4113 29
4114 17
4115 18
4116 17
4117 17
4118 17
4119 18
4120 18
4121 17
4122 17
4123 17
4124 17
4125 17
4126 18
4127 17
4128 17
4129 17
4130 17
4131 17
4132 18
4133 18
4134 25
4135 19
4136 18
4137 17
4138 17
4139 17
4140 17
4141 17
4142 17
4143 17
4144 17
4145 17
4146 17
4147 18
4148 17
4149 17
4150 18
4151 18
4152 18
4153 17
4154 17
4155 17
4156 17
4157 17
4158 17
4159 17
4160 17
4161 18
4162 19
4163 17
4164 17
4165 20
4166 17
4167 17
4168 17
4169 17
4170 17
4171 17
4172 17
4173 18
4174 18
4175 17
4176 17
4177 17
4178 18
4179 17
4180 17
4181 17
4182 17
4183 17
4184 19
4185 17
4186 17
4187 17
4188 17
4189 18
4190 18
4191 18
4192 18
4193 18
4194 18
4195 18
4196 18
4197 17
4198 17
4199 17
4200 17
4201 17
4202 17
4203 17
4204 17
4205 17
4206 17
4207 25
4208 19
4209 17
4210 17
4211 17
4212 17
4213 17
4214 17
4215 17
4216 17
4217 17
4218 17
4219 17
4220 17
4221 17
4222 17
4223 17
4224 17
4225 18
4226 18
4227 17
4228 17
4229 19
4230 17
4231 17
4232 17
4233 19
4234 17
4235 25
4236 18
4237 17
4238 17
4239 17
4240 16
4241 18
4242 18
4243 17
4244 17
4245 18
4246 17
4247 17
4248 17
4249 17
4250 17
4251 18
4252 18
4253 17
4254 17
4255 17
4256 17
4257 17
4258 17
4259 17
4260 17
4261 17
4262 18
4263 18
4264 17
4265 17
4266 17
4267 17
4268 17
4269 17
4270 17
4271 17
4272 17
4273 27
4274 18
4275 17
4276 18
4277 17
4278 17
4279 16
4280 17
4281 17
4282 17
4283 17
4284 25
4285 18
4286 17
4287 17
4288 17
4289 18
4290 19
4291 18
4292 244
4293 20
4294 18
4295 17
4296 18
4297 18
4298 18
4299 17
4300 17
4301 17
4302 19
4303 17
4304 18
4305 17
4306 17
4307 17
4308 17
4309 17
4310 17
4311 17
4312 17
4313 17
4314 17
4315 18
4316 17
4317 17
4318 17
4319 18
4320 18
4321 18
4322 17
4323 17
4324 17
4325 18
4326 17
4327 17
4328 17
4329 17
4330 18
4331 18
4332 18
4333 17
4334 18
4335 17
4336 19
4337 17
4338 18
4339 17
4340 17
4341 17
4342 18
4343 17
4344 17
4345 17
4346 17
4347 17
4348 17
4349 17
4350 17
4351 17
4352 17
4353 17
4354 17
4355 18
4356 17
4357 17
4358 18
4359 18
4360 18
4361 19
4362 18
4363 18
4364 17
4365 17
4366 17
4367 17
4368 18
4369 17
4370 17
4371 17
4372 17
4373 17
4374 18
4375 27
4376 18
4377 17
4378 17
4379 17
4380 18
4381 17
4382 18
4383 17
4384 17
4385 17
4386 17
4387 17
4388 17
4389 17
4390 17
4391 17
4392 17
4393 18
4394 18
4395 17
4396 18
4397 17
4398 17
4399 18
4400 18
4401 19
4402 17
4403 17
4404 19
4405 18
4406 17
4407 17
4408 21
4409 17
4410 17
4411 17
4412 18
4413 18
4414 17
4415 17
4416 17
4417 17
4418 17
4419 17
4420 18
4421 18
4422 18
4423 17
4424 18
4425 17
4426 17
4427 17
4428 17
4429 17
4430 17
4431 17
4432 17
4433 17
4434 18
4435 17
4436 18
4437 19
4438 19
4439 17
4440 18
4441 17
4442 18
4443 18
4444 17
4445 17
4446 17
4447 17
4448 18
4449 18
4450 18
4451 18
4452 17
4453 17
4454 19
4455 18
4456 18
4457 18
4458 17
4459 18
4460 19
4461 17
4462 20
4463 18
4464 18
4465 17
4466 17
4467 17
4468 17
4469 17
4470 18
4471 17
4472 18
4473 18
4474 17
4475 17
4476 17
4477 18
4478 18
4479 17
4480 17
4481 17
4482 18
4483 18
4484 18
4485 18
4486 18
4487 17
4488 17
4489 18
4490 18
4491 17
4492 18
4493 17
4494 17
4495 17
4496 18
4497 17
4498 18
4499 17
4500 17
4501 17
4502 17
4503 18
4504 18
4505 18
4506 17
4507 17
4508 18
4509 18
4510 18
4511 17
4512 17
4513 17
4514 18
4515 18
4516 17
4517 17
4518 18
4519 18
4520 18
4521 17
4522 17
4523 17
4524 17
4525 18
4526 18
4527 17
4528 17
4529 17
4530 18
4531 18
4532 18
4533 17
4534 17
4535 17
4536 18
4537 18
4538 18
4539 18
4540 17
4541 17
4542 17
4543 18
4544 18
4545 17
4546 18
4547 17
4548 17
4549 17
4550 18
4551 18
4552 18
4553 17
4554 18
4555 18
4556 18
4557 18
4558 18
4559 18
4560 17
4561 17
4562 17
4563 18
4564 18
4565 17
4566 17
4567 17
4568 18
4569 18
4570 17
4571 17
4572 17
4573 17
4574 18
4575 18
4576 17
4577 17
4578 17
4579 18
4580 18
4581 17
4582 17
4583 17
4584 17
4585 18
4586 18
4587 17
4588 17
4589 17
4590 17
4591 17
4592 17
4593 17
4594 18
4595 18
4596 18
4597 18
4598 17
4599 17
4600 18
4601 18
4602 17
4603 18
4604 18
4605 17
4606 17
4607 17
4608 17
4609 17
4610 17
4611 17
4612 18
4613 17
4614 17
4615 17
4616 18
4617 17
4618 18
4619 18
4620 18
4621 17
4622 17
4623 18
4624 18
4625 18
4626 17
4627 17
4628 17
4629 18
4630 17
4631 18
4632 18
4633 18
4634 17
4635 17
4636 18
4637 18
4638 18
4639 17
4640 17
4641 28
4642 17
4643 17
4644 18
4645 18
4646 17
4647 17
4648 17
4649 18
4650 18
4651 17
4652 17
4653 17
4654 17
4655 17
4656 17
4657 17
4658 18
4659 18
4660 18
4661 17
4662 18
4663 18
4664 18
4665 18
4666 18
4667 18
4668 17
4669 17
4670 18
4671 18
4672 18
4673 18
4674 17
4675 18
4676 18
4677 18
4678 18
4679 17
4680 17
4681 18
4682 18
4683 17
4684 18
4685 18
4686 18
4687 17
4688 17
4689 17
4690 18
4691 17
4692 18
4693 17
4694 18
4695 17
4696 18
4697 18
4698 17
4699 17
4700 18
4701 18
4702 18
4703 17
4704 18
4705 17
4706 18
4707 18
4708 18
4709 18
4710 18
4711 18
4712 17
4713 18
4714 17
4715 17
4716 18
4717 18
4718 18
4719 18
4720 17
4721 17
4722 17
4723 18
4724 18
4725 17
4726 17
4727 17
4728 17
4729 18
4730 17
4731 17
4732 18
4733 18
4734 18
4735 18
4736 17
4737 18
4738 18
4739 18
4740 18
4741 17
4742 17
4743 17
4744 17
4745 18
4746 18
4747 18
4748 17
4749 17
4750 17
4751 17
4752 18
4753 18
4754 18
4755 17
4756 17
4757 17
4758 17
4759 17
4760 18
4761 18
4762 18
4763 17
4764 18
4765 17
4766 17
4767 17
4768 18
4769 18
4770 18
4771 18
4772 17
4773 17
4774 17
4775 17
4776 17
4777 17
4778 18
4779 18
4780 17
4781 17
4782 17
4783 17
4784 18
4785 18
4786 18
4787 17
4788 17
4789 17
4790 17
4791 17
4792 17
4793 17
4794 18
4795 18
4796 18
4797 17
4798 18
4799 18
4800 18
4801 18
4802 17
4803 17
4804 18
4805 18
4806 18
4807 17
4808 17
4809 17
4810 18
4811 18
4812 17
4813 17
4814 18
4815 17
4816 17
4817 17
4818 20
4819 18
4820 17
4821 22
4822 18
4823 17
4824 17
4825 18
4826 18
4827 18
4828 17
4829 18
4830 17
4831 17
4832 17
4833 17
4834 18
4835 18
4836 17
4837 17
4838 17
4839 17
4840 18
4841 18
4842 17
4843 17
4844 17
4845 17
4846 17
4847 17
4848 17
4849 17
4850 18
4851 17
4852 18
4853 17
4854 17
4855 17
4856 17
4857 17
4858 18
4859 17
4860 17
4861 18
4862 18
4863 18
4864 17
4865 21
4866 18
4867 17
4868 17
4869 17
4870 17
4871 17
4872 17
4873 18
4874 18
4875 18
4876 17
4877 17
4878 17
4879 17
4880 17
4881 17
4882 20
4883 18
4884 18
4885 17
4886 18
4887 18
4888 17
4889 18
4890 18
4891 18
4892 17
4893 17
4894 17
4895 17
4896 17
4897 18
4898 18
4899 18
4900 18
4901 18
4902 17
4903 17
4904 17
4905 18
4906 18
4907 17
4908 18
4909 18
4910 18
4911 17
4912 18
4913 17
4914 17
4915 17
4916 17
4917 17
4918 17
4919 17
4920 17
4921 17
4922 17
4923 17
4924 17
4925 17
4926 17
4927 17
4928 17
4929 18
4930 18
4931 18
4932 18
4933 18
4934 17
4935 17
4936 17
4937 17
4938 18
4939 18
4940 17
4941 17
4942 18
4943 17
4944 18
4945 17
4946 19
4947 17
4948 17
4949 17
4950 17
4951 17
4952 17
4953 17
4954 17
4955 17
4956 17
4957 18
4958 18
4959 18
4960 17
4961 17
4962 17
4963 17
4964 18
4965 18
4966 17
4967 17
4968 17
4969 17
4970 17
4971 17
4972 17
4973 17
4974 18
4975 17
4976 17
4977 18
4978 18
4979 18
4980 17
4981 17
4982 17
4983 17
4984 17
4985 17
4986 18
4987 18
4988 18
4989 18
4990 18
4991 18
4992 17
4993 18
4994 17
4995 17
4996 17
4997 17
4998 17
4999 17
5000 17
5001 18
5002 19
5003 18
5004 18
5005 17
5006 17
5007 17
5008 17
5009 18
5010 20
5011 18
5012 17
5013 17
5014 17
5015 17
5016 18
5017 17
5018 18
5019 18
5020 17
5021 17
5022 17
5023 18
5024 17
5025 17
5026 18
5027 17
5028 17
5029 17
5030 17
5031 17
5032 17
5033 18
5034 18
5035 17
5036 18
5037 17
5038 18
5039 17
5040 17
5041 17
5042 17
5043 17
5044 18
5045 18
5046 17
5047 17
5048 17
5049 18
5050 17
5051 17
5052 17
5053 17
5054 17
5055 17
5056 17
5057 17
5058 17
5059 17
5060 17
5061 17
5062 18
5063 18
5064 18
5065 18
5066 17
5067 17
5068 17
5069 17
5070 17
5071 18
5072 18
5073 17
5074 19
5075 18
5076 18
5077 18
5078 17
5079 17
5080 17
5081 17
5082 17
5083 17
5084 17
5085 18
5086 18
5087 18
5088 17
5089 17
5090 17
5091 17
5092 18
5093 17
5094 18
5095 17
5096 17
5097 17
5098 17
5099 17
5100 17
5101 17
5102 17
5103 17
5104 17
5105 17
5106 17
5107 17
5108 17
5109 17
5110 17
5111 17
5112 17
5113 17
5114 17
5115 17
5116 17
5117 17
5118 17
5119 17
5120 17
5121 17
5122 17
5123 17
5124 17
5125 17
5126 17
5127 17
5128 17
5129 18
5130 18
5131 18
5132 18
5133 17
5134 18
5135 18
5136 18
5137 18
5138 20
5139 17
5140 17
5141 18
5142 18
5143 18
5144 18
5145 18
5146 18
5147 18
5148 18
5149 18
5150 17
5151 17
5152 18
5153 18
5154 18
5155 17
5156 17
5157 17
5158 17
5159 17
5160 17
5161 17
5162 17
5163 17
5164 17
5165 17
5166 17
5167 17
5168 17
5169 18
5170 17
5171 17
5172 17
5173 17
5174 17
5175 17
5176 18
5177 17
5178 18
5179 18
5180 18
5181 17
5182 31
5183 18
5184 17
5185 18
5186 18
5187 17
5188 17
5189 17
5190 17
5191 17
5192 17
5193 17
5194 17
5195 18
5196 18
5197 17
5198 17
5199 17
5200 17
5201 17
5202 19
5203 17
5204 18
5205 18
5206 18
5207 18
5208 18
5209 17
5210 17
5211 17
5212 17
5213 17
5214 17
5215 18
5216 18
5217 17
5218 18
5219 18
5220 18
5221 17
5222 17
5223 17
5224 17
5225 17
5226 17
5227 17
5228 18
5229 18
5230 18
5231 18
5232 18
5233 18
5234 18
5235 17
5236 17
5237 17
5238 17
5239 17
5240 17
5241 17
5242 17
5243 17
5244 17
5245 17
5246 17
5247 17
5248 18
5249 18
5250 17
5251 17
5252 17
5253 17
5254 17
5255 17
5256 17
5257 18
5258 18
5259 18
5260 17
5261 17
5262 17
5263 17
5264 17
5265 17
5266 20
5267 18
5268 17
5269 17
5270 17
5271 17
5272 17
5273 17
5274 18
5275 17
5276 17
5277 17
5278 17
5279 17
5280 17
5281 17
5282 17
5283 17
5284 18
5285 18
5286 18
5287 18
5288 18
5289 18
5290 18
5291 17
5292 17
5293 17
5294 17
5295 17
5296 17
5297 17
5298 17
5299 18
5300 18
5301 17
5302 17
5303 17
5304 18
5305 18
5306 17
5307 17
5308 17
5309 17
5310 17
5311 18
5312 18
5313 18
5314 17
5315 17
5316 17
5317 17
5318 18
5319 18
5320 17
5321 17
5322 17
5323 17
5324 17
5325 17
5326 17
5327 18
5328 18
5329 18
5330 20
5331 18
5332 17
5333 17
5334 17
5335 17
5336 17
5337 17
5338 17
5339 18
5340 18
5341 18
5342 18
5343 17
5344 17
5345 17
5346 17
5347 17
5348 17
5349 17
5350 17
5351 17
5352 17
5353 17
5354 17
5355 17
5356 17
5357 17
5358 17
5359 17
5360 18
5361 18
5362 29
5363 17
5364 17
5365 17
5366 17
5367 17
5368 17
5369 17
5370 17
5371 18
5372 18
5373 17
5374 17
5375 17
5376 17
5377 17
5378 18
5379 18
5380 17
5381 17
5382 17
5383 17
5384 17
5385 17
5386 17
5387 17
5388 17
5389 17
5390 18
5391 18
5392 17
5393 17
5394 19
5395 18
5396 18
5397 18
5398 18
5399 17
5400 17
5401 17
5402 17
5403 17
5404 18
5405 18
5406 18
5407 18
5408 18
5409 18
5410 18
5411 17
5412 17
5413 17
5414 17
5415 17
5416 17
5417 17
5418 17
5419 17
5420 17
5421 17
5422 17
5423 17
5424 17
5425 17
5426 17
5427 18
5428 18
5429 18
5430 18
5431 17
5432 17
5433 17
5434 17
5435 17
5436 18
5437 18
5438 18
5439 18
5440 18
5441 18
5442 18
5443 18
5444 18
5445 18
5446 18
5447 18
5448 18
5449 18
5450 17
5451 17
5452 17
5453 17
5454 17
5455 17
5456 17
5457 17
5458 19
5459 17
5460 18
5461 17
5462 17
5463 17
5464 18
5465 18
5466 18
5467 18
5468 18
5469 18
5470 18
5471 18
5472 17
5473 18
5474 18
5475 17
5476 17
5477 18
5478 17
5479 17
5480 17
5481 17
5482 17
5483 17
5484 17
5485 17
5486 17
5487 17
5488 17
5489 17
5490 17
5491 17
5492 17
5493 17
5494 17
5495 17
5496 17
5497 17
5498 17
5499 17
5500 17
5501 17
5502 17
5503 17
5504 17
5505 17
5506 17
5507 17
5508 17
5509 17
5510 17
5511 17
5512 18
5513 18
5514 17
5515 17
5516 17
5517 17
5518 17
5519 17
5520 17
5521 17
5522 19
5523 18
5524 18
5525 18
5526 18
5527 17
5528 17
5529 17
5530 17
5531 17
5532 17
5533 18
5534 18
5535 18
5536 18
5537 18
5538 18
5539 18
5540 17
5541 17
5542 17
5543 19
5544 18
5545 18
5546 18
5547 18
5548 18
5549 18
5550 17
5551 17
5552 18
5553 18
5554 18
5555 18
5556 17
5557 17
5558 18
5559 17
5560 17
5561 17
5562 17
5563 18
5564 18
5565 17
5566 17
5567 17
5568 17
5569 17
5570 17
5571 17
5572 17
5573 17
5574 17
5575 17
5576 18
5577 17
5578 18
5579 18
5580 18
5581 18
5582 18
5583 17
5584 17
5585 17
5586 19
5587 17
5588 17
5589 17
5590 17
5591 17
5592 17
5593 17
5594 17
5595 17
5596 17
5597 17
5598 17
5599 17
5600 17
5601 17
5602 17
5603 17
5604 17
5605 17
5606 17
5607 17
5608 17
5609 18
5610 18
5611 17
5612 17
5613 17
5614 17
5615 17
5616 17
5617 17
5618 17
5619 17
5620 18
5621 18
5622 18
5623 17
5624 18
5625 17
5626 17
5627 17
5628 17
5629 17
5630 17
5631 17
5632 17
5633 17
5634 17
5635 17
5636 18
5637 18
5638 18
5639 18
5640 18
5641 17
5642 17
5643 17
5644 17
5645 18
5646 18
5647 17
5648 17
5649 17
5650 19
5651 18
5652 18
5653 18
5654 17
5655 17
5656 17
5657 17
5658 17
5659 17
5660 17
5661 17
5662 17
5663 17
5664 17
5665 17
5666 18
5667 17
5668 17
5669 17
5670 17
5671 17
5672 17
5673 17
5674 17
5675 17
5676 17
5677 17
5678 17
5679 18
5680 18
5681 18
5682 18
5683 18
5684 18
5685 17
5686 17
5687 17
5688 17
5689 17
5690 17
5691 17
5692 17
5693 17
5694 17
5695 17
5696 18
5697 18
5698 18
5699 17
5700 17
5701 17
5702 18
5703 18
5704 18
5705 18
5706 17
5707 18
5708 17
5709 18
5710 18
5711 18
5712 17
5713 17
5714 19
5715 17
5716 17
5717 17
5718 17
5719 17
5720 18
5721 18
5722 17
5723 18
5724 26
5725 18
5726 18
5727 18
5728 18
5729 17
5730 17
5731 17
5732 18
5733 18
5734 18
5735 18
5736 18
5737 17
5738 17
5739 17
5740 17
5741 17
5742 17
5743 17
5744 18
5745 18
5746 17
5747 17
5748 17
5749 17
5750 17
5751 17
5752 17
5753 17
5754 17
5755 17
5756 17
5757 17
5758 17
5759 17
5760 17
5761 17
5762 17
5763 17
5764 17
5765 17
5766 18
5767 18
5768 17
5769 18
5770 17
5771 17
5772 17
5773 17
5774 17
5775 17
5776 17
5777 17
5778 17
5779 18
5780 17
5781 17
5782 17
5783 18
5784 18
5785 18
5786 17
5787 17
5788 17
5789 17
5790 18
5791 18
5792 17
5793 17
5794 18
5795 18
5796 17
5797 17
5798 18
5799 18
5800 17
5801 17
5802 17
5803 17
5804 18
5805 18
5806 18
5807 17
5808 18
5809 18
5810 17
5811 17
5812 17
5813 17
5814 17
5815 17
5816 18
5817 18
5818 18
5819 17
5820 17
5821 17
5822 17
5823 17
5824 17
5825 17
5826 18
5827 17
5828 17
5829 17
5830 18
5831 18
5832 17
5833 17
5834 18
5835 17
5836 17
5837 18
5838 18
5839 18
5840 17
5841 17
5842 17
5843 17
5844 17
5845 17
5846 18
5847 18
5848 18
5849 18
5850 17
5851 17
5852 18
5853 17
5854 17
5855 17
5856 17
5857 17
5858 18
5859 18
5860 18
5861 17
5862 17
5863 17
5864 17
5865 17
5866 18
5867 17
5868 18
5869 18
5870 18
5871 17
5872 18
5873 18
5874 18
5875 17
5876 18
5877 18
5878 18
5879 18
5880 17
5881 17
5882 18
5883 18
5884 18
5885 17
5886 17
5887 17
5888 18
5889 18
5890 17
5891 18
5892 17
5893 18
5894 18
5895 17
5896 18
5897 18
5898 18
5899 17
5900 17
5901 17
5902 18
5903 18
5904 18
5905 17
5906 17
5907 17
5908 18
5909 18
5910 17
5911 17
5912 17
5913 17
5914 17
5915 18
5916 18
5917 18
5918 18
5919 18
5920 18
5921 17
5922 18
5923 18
5924 17
5925 17
5926 17
5927 17
5928 17
5929 18
5930 17
5931 17
5932 18
5933 18
5934 18
5935 18
5936 18
5937 18
5938 18
5939 18
5940 17
5941 17
5942 18
5943 18
5944 17
5945 17
5946 18
5947 18
5948 17
5949 17
5950 17
5951 17
5952 17
5953 17
5954 17
5955 18
5956 18
5957 17
5958 17
5959 17
5960 18
5961 18
5962 17
5963 17
5964 17
5965 17
5966 17
5967 17
5968 18
5969 18
5970 18
5971 18
5972 18
5973 17
5974 17
5975 17
5976 17
5977 18
5978 17
5979 17
5980 18
5981 18
5982 17
5983 18
5984 18
5985 18
5986 17
5987 18
5988 18
5989 18
5990 17
5991 18
5992 18
5993 18
5994 18
5995 18
5996 17
5997 18
5998 18
5999 18
6000 17
6001 18
6002 18
6003 17
6004 18
6005 18
6006 17
6007 18
6008 18
6009 17
6010 17
6011 17
6012 17
6013 18
6014 17
6015 17
6016 17
6017 17
6018 17
6019 17
6020 17
6021 17
6022 18
6023 18
6024 18
6025 17
6026 18
6027 18
6028 18
6029 17
6030 18
6031 18
6032 18
6033 18
6034 18
6035 17
6036 18
6037 18
6038 18
6039 17
6040 17
6041 17
6042 17
6043 18
6044 17
6045 17
6046 18
6047 18
6048 17
6049 17
6050 17
6051 18
6052 18
6053 17
6054 17
6055 17
6056 18
6057 18
6058 17
6059 17
6060 18
6061 18
6062 17
6063 17
6064 17
6065 18
6066 17
6067 17
6068 18
6069 18
6070 18
6071 17
6072 17
6073 35
6074 19
6075 18
6076 17
6077 17
6078 18
6079 18
6080 18
6081 17
6082 17
6083 17
6084 17
6085 17
6086 18
6087 18
6088 17
6089 17
6090 17
6091 18
6092 18
6093 17
6094 17
6095 18
6096 18
6097 18
6098 17
6099 17
6100 17
6101 17
6102 18
6103 18
6104 18
6105 18
6106 17
6107 17
6108 17
6109 18
6110 18
6111 18
6112 18
6113 17
6114 18
6115 18
6116 17
6117 17
6118 17
6119 18
6120 18
6121 17
6122 17
6123 17
6124 18
6125 18
6126 18
6127 18
6128 17
6129 17
6130 18
6131 18
6132 18
6133 18
6134 18
6135 17
6136 18
6137 18
6138 17
6139 18
6140 18
6141 18
6142 17
6143 17
6144 18
6145 18
6146 17
6147 17
6148 17
6149 18
6150 18
6151 17
6152 17
6153 17
6154 17
6155 18
6156 18
6157 18
6158 18
6159 18
6160 18
6161 19
6162 17
6163 17
6164 17
6165 18
6166 18
6167 18
6168 17
6169 17
6170 17
6171 18
6172 18
6173 18
6174 17
6175 18
6176 18
6177 17
6178 18
6179 17
6180 18
6181 18
6182 17
6183 17
6184 17
6185 18
6186 18
6187 18
6188 17
6189 17
6190 17
6191 17
6192 18
6193 18
6194 18
6195 18
6196 18
6197 17
6198 18
6199 18
6200 17
6201 17
6202 17
6203 17
6204 18
6205 18
6206 17
6207 17
6208 17
6209 17
6210 17
6211 18
6212 18
6213 17
6214 17
6215 18
6216 17
6217 17
6218 17
6219 18
6220 18
6221 18
6222 17
6223 17
6224 17
6225 17
6226 17
6227 17
6228 17
6229 18
6230 18
6231 18
6232 18
6233 17
6234 22
6235 17
6236 17
6237 17
6238 18
6239 18
6240 18
6241 18
6242 17
6243 17
6244 18
6245 18
6246 18
6247 18
6248 17
6249 17
6250 18
6251 17
6252 21
6253 18
6254 17
6255 17
6256 17
6257 17
6258 17
6259 17
6260 17
6261 17
6262 17
6263 17
6264 18
6265 17
6266 17
6267 18
6268 18
6269 17
6270 17
6271 17
6272 18
6273 18
6274 17
6275 17
6276 18
6277 18
6278 18
6279 17
6280 17
6281 17
6282 18
6283 18
6284 17
6285 17
6286 17
6287 17
6288 17
6289 17
6290 18
6291 18
6292 17
6293 17
6294 18
6295 18
6296 18
6297 17
6298 17
6299 17
6300 18
6301 17
6302 17
6303 18
6304 18
6305 18
6306 18
6307 17
6308 18
6309 18
6310 17
6311 17
6312 18
6313 18
6314 18
6315 17
6316 17
6317 17
6318 18
6319 18
6320 18
6321 17
6322 17
6323 17
6324 17
6325 17
6326 17
6327 18
6328 17
6329 17
6330 17
6331 18
6332 17
6333 18
6334 17
6335 17
6336 17
6337 17
6338 17
6339 18
6340 18
6341 17
6342 18
6343 18
6344 18
6345 17
6346 17
6347 17
6348 17
6349 17
6350 17
6351 17
6352 17
6353 17
6354 17
6355 18
6356 17
6357 17
6358 17
6359 18
6360 17
6361 18
6362 17
6363 17
6364 17
6365 18
6366 18
6367 17
6368 17
6369 17
6370 17
6371 17
6372 18
6373 18
6374 18
6375 18
6376 17
6377 17
6378 18
6379 18
6380 17
6381 17
6382 17
6383 17
6384 17
6385 18
6386 18
6387 18
6388 18
6389 18
6390 17
6391 18
6392 18
6393 18
6394 17
6395 17
6396 18
6397 17
6398 17
6399 18
6400 18
6401 17
6402 17
6403 18
6404 18
6405 18
6406 17
6407 18
6408 18
6409 18
6410 18
6411 18
6412 18
6413 18
6414 18
6415 17
6416 18
6417 18
6418 18
6419 17
6420 17
6421 17
6422 18
6423 18
6424 18
6425 17
6426 17
6427 17
6428 17
6429 17
6430 17
6431 18
6432 18
6433 25
6434 18
6435 22
6436 17
6437 17
6438 18
6439 18
6440 17
6441 17
6442 18
6443 18
6444 17
6445 17
6446 17
6447 17
6448 17
6449 18
6450 17
6451 17
6452 18
6453 18
6454 17
6455 18
6456 18
6457 17
6458 17
6459 17
6460 18
6461 17
6462 17
6463 18
6464 18
6465 17
6466 18
6467 18
6468 17
6469 17
6470 18
6471 17
6472 17
6473 17
6474 17
6475 17
6476 18
6477 18
6478 18
6479 17
6480 17
6481 17
6482 17
6483 18
6484 18
6485 18
6486 17
6487 17
6488 17
6489 18
6490 18
6491 18
6492 17
6493 17
6494 17
6495 17
6496 18
6497 18
6498 17
6499 17
6500 18
6501 17
6502 17
6503 17
6504 18
6505 18
6506 17
6507 17
6508 17
6509 18
6510 18
6511 17
6512 17
6513 18
6514 18
6515 18
6516 17
6517 17
6518 18
6519 17
6520 17
6521 18
6522 17
6523 17
6524 18
6525 18
6526 17
6527 18
6528 18
6529 18
6530 18
6531 17
6532 17
6533 18
6534 18
6535 18
6536 17
6537 17
6538 17
6539 17
6540 17
6541 17
6542 17
6543 18
6544 17
6545 17
6546 18
6547 18
6548 17
6549 17
6550 17
6551 18
6552 18
6553 18
6554 18
6555 17
6556 18
6557 18
6558 18
6559 17
6560 17
6561 18
6562 18
6563 18
6564 18
6565 17
6566 17
6567 17
6568 18
6569 18
6570 18
6571 17
6572 17
6573 17
6574 18
6575 18
6576 17
6577 17
6578 17
6579 17
6580 18
6581 17
6582 17
6583 17
6584 18
6585 18
6586 18
6587 18
6588 18
6589 17
6590 17
6591 17
6592 18
6593 17
6594 17
6595 17
6596 17
6597 18
6598 18
6599 17
6600 17
6601 18
6602 17
6603 17
6604 17
6605 17
6606 18
6607 18
6608 17
6609 18
6610 17
6611 17
6612 25
6613 18
6614 18
6615 18
6616 17
6617 18
6618 17
6619 17
6620 18
6621 17
6622 17
6623 18
6624 18
6625 17
6626 17
6627 17
6628 18
6629 18
6630 18
6631 17
6632 18
6633 17
6634 18
6635 17
6636 18
6637 18
6638 17
6639 18
6640 17
6641 17
6642 18
6643 18
6644 17
6645 17
6646 17
6647 17
6648 17
6649 17
6650 18
6651 17
6652 18
6653 18
6654 17
6655 17
6656 17
6657 17
6658 18
6659 18
6660 17
6661 17
6662 17
6663 17
6664 18
6665 18
6666 17
6667 17
6668 18
6669 18
6670 18
6671 18
6672 17
6673 17
6674 17
6675 17
6676 18
6677 18
6678 18
6679 17
6680 18
6681 18
6682 17
6683 17
6684 18
6685 18
6686 17
6687 17
6688 18
6689 18
6690 17
6691 17
6692 18
6693 18
6694 17
6695 17
6696 17
6697 18
6698 17
6699 17
6700 18
6701 18
6702 17
6703 17
6704 17
6705 17
6706 18
6707 17
6708 17
6709 17
6710 17
6711 17
6712 18
6713 18
6714 18
6715 17
6716 17
6717 18
6718 17
6719 17
6720 18
6721 18
6722 17
6723 17
6724 17
6725 18
6726 18
6727 17
6728 17
6729 18
6730 18
6731 18
6732 18
6733 18
6734 18
6735 17
6736 17
6737 17
6738 17
6739 18
6740 18
6741 17
6742 17
6743 17
6744 18
6745 17
6746 17
6747 18
6748 17
6749 18
6750 18
6751 18
6752 18
6753 17
6754 18
6755 18
6756 17
6757 18
6758 18
6759 17
6760 17
6761 17
6762 18
6763 18
6764 17
6765 17
6766 17
6767 17
6768 18
6769 17
6770 17
6771 17
6772 17
6773 17
6774 18
6775 18
6776 18
6777 18
6778 17
6779 17
6780 18
6781 18
6782 17
6783 17
6784 17
6785 17
6786 18
6787 18
6788 18
6789 18
6790 18
6791 17
6792 26
6793 17
6794 17
6795 17
6796 18
6797 18
6798 18
6799 18
6800 18
6801 17
6802 17
6803 17
6804 18
6805 18
6806 17
6807 17
6808 18
6809 18
6810 17
6811 17
6812 18
6813 18
6814 17
6815 17
6816 17
6817 17
6818 18
6819 18
6820 18
6821 17
6822 17
6823 17
6824 17
6825 18
6826 17
6827 17
6828 18
6829 18
6830 17
6831 17
6832 17
6833 17
6834 17
6835 18
6836 18
6837 17
6838 17
6839 17
6840 18
6841 18
6842 18
6843 17
6844 17
6845 17
6846 18
6847 18
6848 17
6849 17
6850 17
6851 18
6852 18
6853 17
6854 17
6855 18
6856 18
6857 18
6858 17
6859 17
6860 17
6861 17
6862 18
6863 18
6864 17
6865 17
6866 17
6867 17
6868 17
6869 18
6870 18
6871 18
6872 17
6873 17
6874 18
6875 18
6876 18
6877 18
6878 18
6879 17
6880 18
6881 18
6882 17
6883 17
6884 17
6885 17
6886 17
6887 17
6888 18
6889 18
6890 18
6891 17
6892 17
6893 17
6894 17
6895 17
6896 17
6897 17
6898 18
6899 17
6900 18
6901 18
6902 17
6903 17
6904 17
6905 17
6906 18
6907 18
6908 17
6909 17
6910 17
6911 17
6912 17
6913 17
6914 17
6915 17
6916 17
6917 18
6918 17
6919 18
6920 18
6921 18
6922 17
6923 18
6924 17
6925 17
6926 17
6927 18
6928 18
6929 17
6930 18
6931 18
6932 17
6933 18
6934 18
6935 18
6936 18
6937 17
6938 18
6939 17
6940 18
6941 18
6942 17
6943 18
6944 17
6945 18
6946 18
6947 18
6948 18
6949 18
6950 17
6951 18
6952 17
6953 17
6954 18
6955 17
6956 18
6957 18
6958 17
6959 17
6960 18
6961 18
6962 17
6963 17
6964 18
6965 18
6966 18
6967 17
6968 17
6969 17
6970 17
6971 17
6972 19
6973 17
6974 17
6975 17
6976 17
6977 18
6978 18
6979 17
6980 18
6981 18
6982 17
6983 18
6984 17
6985 17
6986 18
6987 18
6988 17
6989 17
6990 18
6991 18
6992 17
6993 17
6994 18
6995 18
6996 17
6997 17
6998 17
6999 18
7000 17
7001 17
7002 17
7003 17
7004 17
7005 18
7006 18
7007 17
7008 17
7009 17
7010 18
7011 18
7012 18
7013 17
7014 18
7015 17
7016 17
7017 17
7018 17
7019 17
7020 18
7021 18
7022 17
7023 17
7024 18
7025 18
7026 17
7027 17
7028 17
7029 17
7030 17
7031 17
7032 18
7033 18
7034 18
7035 18
7036 18
7037 17
7038 17
7039 18
7040 17
7041 17
7042 18
7043 18
7044 18
7045 17
7046 17
7047 18
7048 18
7049 18
7050 18
7051 17
7052 17
7053 17
7054 17
7055 18
7056 17
7057 17
7058 17
7059 17
7060 18
7061 18
7062 17
7063 17
7064 17
7065 18
7066 18
7067 18
7068 17
7069 18
7070 17
7071 17
7072 17
7073 18
7074 17
7075 17
7076 17
7077 17
7078 18
7079 17
7080 18
7081 18
7082 17
7083 17
7084 17
7085 17
7086 17
7087 17
7088 17
7089 17
7090 18
7091 18
7092 17
7093 18
7094 18
7095 17
7096 17
7097 18
7098 18
7099 17
7100 17
7101 17
7102 17
7103 17
7104 17
7105 17
7106 17
7107 17
7108 17
7109 18
7110 18
7111 17
7112 17
7113 17
7114 18
7115 18
7116 17
7117 17
7118 17
7119 17
7120 17
7121 17
7122 17
7123 18
7124 17
7125 17
7126 17
7127 17
7128 18
7129 18
7130 17
7131 17
7132 17
7133 17
7134 17
7135 20
7136 17
7137 17
7138 18
7139 17
7140 17
7141 18
7142 17
7143 17
7144 17
7145 18
7146 18
7147 17
7148 17
7149 17
7150 18
7151 17
7152 239
7153 17
7154 18
7155 18
7156 18
7157 18
7158 17
7159 17
7160 17
7161 18
7162 17
7163 17
7164 17
7165 17
7166 17
7167 17
7168 18
7169 18
7170 18
7171 18
7172 17
7173 17
7174 17
7175 17
7176 17
7177 17
7178 18
7179 18
7180 18
7181 18
7182 17
7183 17
7184 17
7185 17
7186 17
7187 17
7188 17
7189 17
7190 17
7191 17
7192 17
7193 17
7194 17
7195 17
7196 17
7197 18
7198 18
7199 17
7200 17
7201 18
7202 18
7203 18
7204 17
7205 17
7206 17
7207 17
7208 17
7209 17
7210 18
7211 18
7212 17
7213 17
7214 17
7215 18
7216 18
7217 18
7218 17
7219 17
7220 18
7221 18
7222 17
7223 17
7224 17
7225 18
7226 18
7227 17
7228 17
7229 17
7230 17
7231 17
7232 18
7233 18
7234 18
7235 18
7236 18
7237 18
7238 17
7239 17
7240 18
7241 17
7242 17
7243 18
7244 17
7245 17
7246 18
7247 18
7248 17
7249 17
7250 17
7251 17
7252 18
7253 18
7254 17
7255 18
7256 18
7257 17
7258 17
7259 18
7260 18
7261 17
7262 17
7263 17
7264 17
7265 17
7266 17
7267 17
7268 17
7269 18
7270 18
7271 17
7272 17
7273 17
7274 18
7275 18
7276 18
7277 17
7278 17
7279 18
7280 17
7281 17
7282 17
7283 17
7284 17
7285 17
7286 17
7287 17
7288 18
7289 18
7290 17
7291 17
7292 17
7293 17
7294 17
7295 17
7296 17
7297 18
7298 18
7299 17
7300 17
7301 17
7302 17
7303 17
7304 17
7305 18
7306 18
7307 17
7308 17
7309 17
7310 18
7311 18
7312 18
7313 17
7314 17
7315 17
7316 18
7317 18
7318 17
7319 17
7320 17
7321 18
7322 30
7323 18
7324 17
7325 17
7326 17
7327 18
7328 18
7329 17
7330 18
7331 18
7332 18
7333 17
7334 17
7335 17
7336 18
7337 18
7338 17
7339 18
7340 18
7341 17
7342 17
7343 18
7344 18
7345 19
7346 18
7347 17
7348 18
7349 18
7350 17
7351 17
7352 17
7353 17
7354 18
7355 17
7356 18
7357 18
7358 17
7359 17
7360 17
7361 18
7362 18
7363 17
7364 17
7365 17
7366 17
7367 17
7368 17
7369 18
7370 17
7371 17
7372 17
7373 18
7374 18
7375 17
7376 17
7377 17
7378 18
7379 18
7380 18
7381 18
7382 18
7383 18
7384 17
7385 17
7386 17
7387 17
7388 18
7389 18
7390 17
7391 17
7392 17
7393 17
7394 18
7395 18
7396 17
7397 17
7398 17
7399 17
7400 18
7401 18
7402 17
7403 18
7404 17
7405 17
7406 18
7407 18
7408 18
7409 17
7410 17
7411 17
7412 17
7413 17
7414 17
7415 18
7416 18
7417 17
7418 17
7419 17
7420 18
7421 17
7422 17
7423 17
7424 18
7425 18
7426 17
7427 18
7428 18
7429 18
7430 17
7431 17
7432 17
7433 18
7434 18
7435 18
7436 18
7437 18
7438 17
7439 17
7440 17
7441 18
7442 18
7443 17
7444 17
7445 18
7446 18
7447 17
7448 17
7449 17
7450 17
7451 17
7452 17
7453 17
7454 17
7455 17
7456 17
7457 17
7458 18
7459 17
7460 17
7461 18
7462 17
7463 17
7464 18
7465 18
7466 18
7467 18
7468 17
7469 17
7470 18
7471 18
7472 17
7473 17
7474 17
7475 17
7476 17
7477 18
7478 17
7479 17
7480 17
7481 18
7482 17
7483 17
7484 18
7485 18
7486 18
7487 18
7488 18
7489 18
7490 17
7491 17
7492 17
7493 17
7494 17
7495 18
7496 18
7497 18
7498 17
7499 17
7500 17
7501 17
7502 21
7503 17
7504 18
7505 17
7506 17
7507 18
7508 18
7509 18
7510 17
7511 17
7512 17
7513 18
7514 18
7515 18
7516 17
7517 17
7518 17
7519 17
7520 17
7521 18
7522 18
7523 18
7524 17
7525 17
7526 18
7527 18
7528 17
7529 17
7530 17
7531 18
7532 18
7533 17
7534 17
7535 17
7536 18
7537 18
7538 18
7539 17
7540 17
7541 18
7542 18
7543 18
7544 18
7545 17
7546 17
7547 17
7548 17
7549 17
7550 17
7551 17
7552 18
7553 17
7554 17
7555 17
7556 18
7557 18
7558 18
7559 17
7560 17
7561 17
7562 17
7563 17
7564 18
7565 18
7566 18
7567 17
7568 17
7569 18
7570 17
7571 17
7572 17
7573 18
7574 18
7575 18
7576 17
7577 17
7578 17
7579 17
7580 18
7581 17
7582 17
7583 17
7584 18
7585 18
7586 17
7587 17
7588 17
7589 17
7590 18
7591 18
7592 17
7593 17
7594 18
7595 18
7596 17
7597 17
7598 18
7599 17
7600 17
7601 17
7602 18
7603 18
7604 18
7605 18
7606 17
7607 17
7608 17
7609 17
7610 18
7611 17
7612 18
7613 18
7614 18
7615 18
7616 17
7617 17
7618 17
7619 17
7620 18
7621 18
7622 17
7623 17
7624 17
7625 17
7626 18
7627 18
7628 18
7629 17
7630 18
7631 18
7632 18
7633 17
7634 17
7635 17
7636 17
7637 18
7638 18
7639 18
7640 18
7641 18
7642 18
7643 18
7644 18
7645 17
7646 17
7647 17
7648 18
7649 18
7650 17
7651 17
7652 17
7653 17
7654 17
7655 18
7656 18
7657 18
7658 17
7659 17
7660 18
7661 17
7662 17
7663 17
7664 17
7665 18
7666 18
7667 17
7668 17
7669 17
7670 17
7671 18
7672 17
7673 17
7674 18
7675 18
7676 18
7677 18
7678 17
7679 17
7680 17
7681 17
7682 30
7683 18
7684 17
7685 18
7686 18
7687 17
7688 18
7689 17
7690 17
7691 17
7692 18
7693 18
7694 18
7695 17
7696 17
7697 17
7698 18
7699 18
7700 18
7701 17
7702 17
7703 18
7704 18
7705 18
7706 18
7707 17
7708 17
7709 17
7710 18
7711 18
7712 17
7713 17
7714 17
7715 18
7716 18
7717 17
7718 17
7719 18
7720 18
7721 17
7722 17
7723 17
7724 17
7725 17
7726 17
7727 18
7728 18
7729 18
7730 18
7731 18
7732 18
7733 17
7734 17
7735 19
7736 17
7737 17
7738 17
7739 18
7740 18
7741 18
7742 18
7743 18
7744 18
7745 18
7746 17
7747 17
7748 17
7749 17
7750 18
7751 17
7752 17
7753 17
7754 18
7755 17
7756 17
7757 17
7758 17
7759 17
7760 17
7761 17
7762 17
7763 17
7764 17
7765 17
7766 17
7767 18
7768 17
7769 17
7770 17
7771 18
7772 18
7773 18
7774 17
7775 17
7776 17
7777 18
7778 18
7779 18
7780 17
7781 17
7782 18
7783 18
7784 18
7785 18
7786 17
7787 17
7788 17
7789 17
7790 17
7791 17
7792 18
7793 17
7794 17
7795 17
7796 18
7797 18
7798 18
7799 19
7800 17
7801 17
7802 18
7803 18
7804 18
7805 17
7806 17
7807 17
7808 17
7809 18
7810 18
7811 17
7812 18
7813 18
7814 17
7815 17
7816 17
7817 17
7818 17
7819 17
7820 18
7821 18
7822 18
7823 18
7824 18
7825 18
7826 18
7827 18
7828 18
7829 18
7830 18
7831 17
7832 17
7833 17
7834 17
7835 17
7836 17
7837 17
7838 17
7839 18
7840 17
7841 17
7842 17
7843 17
7844 17
7845 17
7846 17
7847 18
7848 17
7849 17
7850 17
7851 17
7852 17
7853 17
7854 17
7855 17
7856 17
7857 17
7858 17
7859 17
7860 17
7861 18
7862 21
7863 20
7864 17
7865 17
7866 17
7867 17
7868 17
7869 17
7870 18
7871 18
7872 18
7873 17
7874 18
7875 18
7876 17
7877 17
7878 17
7879 17
7880 17
7881 17
7882 17
7883 17
7884 17
7885 17
7886 17
7887 17
7888 17
7889 17
7890 17
7891 17
7892 17
7893 17
7894 17
7895 18
7896 17
7897 17
7898 17
7899 17
7900 17
7901 17
7902 17
7903 18
7904 17
7905 17
7906 17
7907 17
7908 17
7909 17
7910 18
7911 18
7912 18
7913 17
7914 17
7915 17
7916 17
7917 17
7918 17
7919 18
7920 17
7921 17
7922 17
7923 17
7924 17
7925 17
7926 18
7927 20
7928 18
7929 18
7930 17
7931 18
7932 18
7933 18
7934 17
7935 18
7936 18
7937 17
7938 17
7939 17
7940 17
7941 17
7942 18
7943 18
7944 18
7945 18
7946 18
7947 17
7948 17
7949 17
7950 17
7951 18
7952 17
7953 18
7954 18
7955 17
7956 17
7957 17
7958 17
7959 17
7960 17
7961 17
7962 18
7963 18
7964 17
7965 17
7966 17
7967 17
7968 17
7969 17
7970 17
7971 17
7972 17
7973 17
7974 17
7975 18
7976 18
7977 17
7978 18
7979 18
7980 17
7981 17
7982 17
7983 17
7984 18
7985 18
7986 18
7987 17
7988 18
7989 18
7990 17
7991 19
7992 17
7993 17
7994 17
7995 17
7996 17
7997 18
7998 18
7999 18
8000 17
8001 17
8002 17
8003 17
8004 18
8005 18
8006 18
8007 17
8008 17
8009 17
8010 18
8011 17
8012 18
8013 17
8014 17
8015 17
8016 17
8017 17
8018 17
8019 17
8020 17
8021 17
8022 17
8023 17
8024 17
8025 17
8026 17
8027 17
8028 17
8029 17
8030 18
8031 18
8032 18
8033 18
8034 18
8035 18
8036 17
8037 17
8038 17
8039 17
8040 17
8041 17
8042 17
8043 21
8044 18
8045 18
8046 18
8047 18
8048 17
8049 17
8050 17
8051 17
8052 17
8053 17
8054 17
8055 19
8056 17
8057 17
8058 18
8059 17
8060 17
8061 18
8062 18
8063 18
8064 17
8065 17
8066 17
8067 17
8068 17
8069 17
8070 17
8071 17
8072 17
8073 17
8074 18
8075 18
8076 17
8077 17
8078 17
8079 17
8080 18
8081 18
8082 17
8083 17
8084 17
8085 18
8086 18
8087 17
8088 17
8089 17
8090 17
8091 17
8092 17
8093 17
8094 17
8095 17
8096 17
8097 17
8098 17
8099 18
8100 17
8101 17
8102 17
8103 17
8104 17
8105 18
8106 17
8107 18
8108 18
8109 18
8110 18
8111 17
8112 17
8113 17
8114 17
8115 17
8116 17
8117 17
8118 18
8119 19
8120 17
8121 18
8122 18
8123 17
8124 17
8125 17
8126 17
8127 17
8128 17
8129 17
8130 17
8131 18
8132 18
8133 18
8134 18
8135 18
8136 18
8137 18
8138 17
8139 18
8140 17
8141 17
8142 17
8143 17
8144 17
8145 17
8146 17
8147 17
8148 18
8149 18
8150 17
8151 17
8152 17
8153 17
8154 17
8155 17
8156 17
8157 17
8158 17
8159 17
8160 17
8161 17
8162 18
8163 18
8164 17
8165 17
8166 17
8167 17
8168 17
8169 17
8170 17
8171 17
8172 17
8173 17
8174 17
8175 18
8176 18
8177 17
8178 17
8179 17
8180 17
8181 17
8182 17
8183 19
8184 18
8185 18
8186 17
8187 17
8188 17
8189 17
8190 17
8191 17
8192 17
8193 17
8194 17
8195 17
8196 17
8197 17
8198 18
8199 18
8200 18
8201 18
8202 18
8203 18
8204 18
8205 18
8206 18
8207 18
8208 18
8209 17
8210 17
8211 17
8212 17
8213 17
8214 17
8215 17
8216 18
8217 17
8218 17
8219 17
8220 17
8221 17
8222 18
8223 18
8224 20
8225 17
8226 17
8227 18
8228 18
8229 18
8230 17
8231 17
8232 18
8233 18
8234 18
8235 17
8236 17
8237 17
8238 17
8239 17
8240 18
8241 17
8242 17
8243 17
8244 18
8245 18
8246 18
8247 18
8248 17
8249 17
8250 18
8251 18
8252 18
8253 17
8254 17
8255 17
8256 18
8257 17
8258 18
8259 17
8260 17
8261 17
8262 18
8263 18
8264 18
8265 17
8266 17
8267 17
8268 17
8269 17
8270 17
8271 17
8272 17
8273 17
8274 17
8275 18
8276 18
8277 18
8278 17
8279 17
8280 17
8281 17
8282 17
8283 17
8284 17
8285 17
8286 17
8287 17
8288 17
8289 18
8290 18
8291 18
8292 17
8293 18
8294 18
8295 18
8296 18
8297 18
8298 17
8299 18
8300 18
8301 18
8302 18
8303 17
8304 18
8305 18
8306 17
8307 17
8308 17
8309 17
8310 17
8311 19
8312 17
8313 17
8314 17
8315 17
8316 17
8317 17
8318 17
8319 17
8320 17
8321 17
8322 17
8323 17
8324 17
8325 17
8326 17
8327 17
8328 17
8329 17
8330 17
8331 17
8332 17
8333 17
8334 17
8335 18
8336 18
8337 17
8338 17
8339 17
8340 17
8341 18
8342 18
8343 17
8344 18
8345 18
8346 18
8347 17
8348 17
8349 18
8350 18
8351 18
8352 18
8353 18
8354 18
8355 18
8356 18
8357 17
8358 17
8359 17
8360 17
8361 17
8362 17
8363 17
8364 17
8365 18
8366 18
8367 18
8368 18
8369 17
8370 17
8371 17
8372 18
8373 18
8374 18
8375 19
8376 18
8377 18
8378 18
8379 18
8380 18
8381 18
8382 18
8383 18
8384 18
8385 17
8386 17
8387 18
8388 18
8389 17
8390 17
8391 17
8392 17
8393 17
8394 17
8395 17
8396 17
8397 17
8398 17
8399 17
8400 17
8401 17
8402 17
8403 17
8404 21
8405 17
8406 17
8407 17
8408 17
8409 17
8410 17
8411 17
8412 17
8413 17
8414 17
8415 18
8416 17
8417 17
8418 17
8419 17
8420 17
8421 17
8422 17
8423 17
8424 18
8425 18
8426 17
8427 17
8428 17
8429 17
8430 17
8431 17
8432 17
8433 17
8434 18
8435 17
8436 18
8437 18
8438 17
8439 20
8440 17
8441 17
8442 17
8443 17
8444 17
8445 17
8446 17
8447 17
8448 17
8449 17
8450 17
8451 17
8452 17
8453 17
8454 17
8455 18
8456 17
8457 17
8458 17
8459 17
8460 17
8461 17
8462 17
8463 17
8464 17
8465 17
8466 17
8467 17
8468 18
8469 18
8470 18
8471 17
8472 17
8473 17
8474 17
8475 17
8476 17
8477 17
8478 17
8479 17
8480 17
8481 17
8482 17
8483 17
8484 17
8485 17
8486 18
8487 18
8488 18
8489 17
8490 17
8491 17
8492 17
8493 18
8494 17
8495 17
8496 18
8497 18
8498 18
8499 17
8500 17
8501 17
8502 17
8503 19
8504 18
8505 18
8506 18
8507 17
8508 17
8509 17
8510 17
8511 17
8512 17
8513 17
8514 17
8515 18
8516 18
8517 18
8518 18
8519 18
8520 18
8521 18
8522 18
8523 17
8524 17
8525 17
8526 18
8527 18
8528 17
8529 18
8530 18
8531 18
8532 17
8533 17
8534 17
8535 17
8536 17
8537 17
8538 17
8539 17
8540 18
8541 18
8542 17
8543 17
8544 17
8545 17
8546 17
8547 17
8548 17
8549 17
8550 17
8551 17
8552 17
8553 17
8554 17
8555 17
8556 17
8557 18
8558 17
8559 17
8560 17
8561 17
8562 17
8563 18
8564 18
8565 17
8566 18
8567 19
8568 17
8569 18
8570 17
8571 17
8572 17
8573 17
8574 17
8575 18
8576 18
8577 17
8578 17
8579 17
8580 17
8581 17
8582 18
8583 18
8584 17
8585 252
8586 18
8587 18
8588 17
8589 17
8590 17
8591 17
8592 18
8593 18
8594 18
8595 17
8596 17
8597 17
8598 17
8599 17
8600 17
8601 17
8602 17
8603 17
8604 17
8605 17
8606 17
8607 17
8608 17
8609 17
8610 18
8611 18
8612 17
8613 17
8614 17
8615 18
8616 18
8617 17
8618 17
8619 17
8620 17
8621 17
8622 17
8623 17
8624 17
8625 17
8626 18
8627 17
8628 17
8629 17
8630 17
8631 18
8632 17
8633 17
8634 17
8635 17
8636 18
8637 18
8638 18
8639 18
8640 18
8641 17
8642 17
8643 18
8644 18
8645 17
8646 17
8647 17
8648 17
8649 17
8650 17
8651 17
8652 17
8653 18
8654 18
8655 18
8656 18
8657 18
8658 17
8659 17
8660 17
8661 17
8662 18
8663 18
8664 18
8665 17
8666 17
8667 18
8668 17
8669 18
8670 18
8671 17
8672 17
8673 17
8674 17
8675 17
8676 17
8677 17
8678 17
8679 18
8680 17
8681 17
8682 18
8683 18
8684 18
8685 17
8686 17
8687 17
8688 18
8689 17
8690 18
8691 18
8692 18
8693 17
8694 17
8695 17
8696 18
8697 17
8698 18
8699 18
8700 17
8701 17
8702 17
8703 17
8704 17
8705 17
8706 17
8707 17
8708 17
8709 18
8710 17
8711 18
8712 18
8713 18
8714 17
8715 17
8716 17
8717 17
8718 18
8719 18
8720 17
8721 17
8722 17
8723 17
8724 17
8725 17
8726 17
8727 18
8728 17
8729 17
8730 18
8731 18
8732 18
8733 18
8734 17
8735 17
8736 17
8737 17
8738 17
8739 17
8740 17
8741 18
8742 18
8743 17
8744 17
8745 17
8746 18
8747 18
8748 18
8749 18
8750 18
8751 17
8752 17
8753 17
8754 17
8755 27
8756 18
8757 17
8758 17
8759 17
8760 17
8761 18
8762 17
8763 17
8764 17
8765 18
8766 18
8767 17
8768 17
8769 17
8770 17
8771 17
8772 17
8773 17
8774 18
8775 18
8776 18
8777 18
8778 18
8779 17
8780 18
8781 18
8782 18
8783 17
8784 17
8785 18
8786 18
8787 17
8788 17
8789 17
8790 18
8791 18
8792 17
8793 17
8794 17
8795 17
8796 17
8797 18
8798 18
8799 17
8800 17
8801 18
8802 18
8803 18
8804 17
8805 17
8806 17
8807 17
8808 17
8809 17
8810 18
8811 18
8812 17
8813 17
8814 17
8815 17
8816 17
8817 17
8818 17
8819 18
8820 18
8821 17
8822 18
8823 18
8824 17
8825 18
8826 18
8827 18
8828 17
8829 17
8830 17
8831 18
8832 18
8833 18
8834 18
8835 17
8836 17
8837 18
8838 17
8839 17
8840 17
8841 18
8842 18
8843 17
8844 18
8845 18
8846 17
8847 17
8848 17
8849 17
8850 17
8851 18
8852 18
8853 18
8854 18
8855 17
8856 17
8857 17
8858 17
8859 17
8860 18
8861 18
8862 17
8863 17
8864 17
8865 17
8866 17
8867 17
8868 17
8869 17
8870 17
8871 17
8872 18
8873 18
8874 17
8875 18
8876 18
8877 17
8878 17
8879 17
8880 17
8881 18
8882 18
8883 17
8884 17
8885 17
8886 17
8887 17
8888 17
8889 18
8890 17
8891 18
8892 17
8893 17
8894 18
8895 18
8896 17
8897 17
8898 17
8899 17
8900 18
8901 18
8902 17
8903 17
8904 18
8905 18
8906 18
8907 17
8908 17
8909 17
8910 18
8911 17
8912 18
8913 17
8914 17
8915 17
8916 18
8917 18
8918 17
8919 17
8920 17
8921 18
8922 18
8923 17
8924 17
8925 17
8926 18
8927 17
8928 18
8929 17
8930 17
8931 18
8932 18
8933 18
8934 17
8935 19
8936 17
8937 17
8938 17
8939 17
8940 18
8941 18
8942 17
8943 17
8944 17
8945 17
8946 18
8947 18
8948 17
8949 17
8950 17
8951 17
8952 17
8953 17
8954 18
8955 18
8956 17
8957 17
8958 18
8959 18
8960 17
8961 17
8962 18
8963 17
8964 17
8965 17
8966 17
8967 18
8968 18
8969 17
8970 20
8971 18
8972 18
8973 18
8974 17
8975 17
8976 18
8977 18
8978 18
8979 17
8980 17
8981 17
8982 18
8983 18
8984 17
8985 18
8986 17
8987 17
8988 18
8989 17
8990 17
8991 18
8992 17
8993 17
8994 17
8995 18
8996 18
8997 18
8998 17
8999 18
9000 18
9001 17
9002 17
9003 18
9004 18
9005 17
9006 17
9007 17
9008 17
9009 17
9010 17
9011 17
9012 17
9013 17
9014 17
9015 18
9016 17
9017 17
9018 17
9019 17
9020 18
9021 17
9022 18
9023 18
9024 17
9025 17
9026 17
9027 18
9028 18
9029 17
9030 17
9031 17
9032 18
9033 17
9034 17
9035 17
9036 18
9037 18
9038 18
9039 17
9040 18
9041 17
9042 17
9043 18
9044 18
9045 17
9046 17
9047 17
9048 18
9049 18
9050 17
9051 17
9052 17
9053 17
9054 17
9055 17
9056 17
9057 18
9058 18
9059 17
9060 17
9061 17
9062 18
9063 18
9064 17
9065 18
9066 17
9067 17
9068 17
9069 17
9070 18
9071 18
9072 18
9073 17
9074 17
9075 17
9076 18
9077 18
9078 18
9079 18
9080 17
9081 18
9082 17
9083 17
9084 17
9085 18
9086 18
9087 18
9088 17
9089 17
9090 17
9091 17
9092 18
9093 18
9094 18
9095 18
9096 17
9097 17
9098 18
9099 18
9100 18
9101 17
9102 17
9103 17
9104 17
9105 18
9106 18
9107 18
9108 17
9109 17
9110 17
9111 17
9112 17
9113 17
9114 17
9115 19
9116 18
9117 17
9118 17
9119 17
9120 17
9121 17
9122 17
9123 17
9124 18
9125 18
9126 17
9127 17
9128 18
9129 18
9130 18
9131 17
9132 17
9133 17
9134 17
9135 18
9136 18
9137 17
9138 17
9139 17
9140 18
9141 17
9142 17
9143 18
9144 18
9145 17
9146 17
9147 17
9148 17
9149 17
9150 18
9151 18
9152 18
9153 18
9154 18
9155 17
9156 17
9157 17
9158 18
9159 18
9160 18
9161 17
9162 17
9163 17
9164 17
9165 17
9166 18
9167 17
9168 17
9169 17
9170 17
9171 18
9172 18
9173 17
9174 17
9175 17
9176 17
9177 18
9178 18
9179 18
9180 18
9181 18
9182 18
9183 18
9184 17
9185 17
9186 17
9187 18
9188 18
9189 18
9190 18
9191 17
9192 17
9193 17
9194 17
9195 18
9196 18
9197 18
9198 17
9199 17
9200 18
9201 18
9202 17
9203 17
9204 17
9205 17
9206 18
9207 17
9208 17
9209 18
9210 17
9211 17
9212 18
9213 18
9214 18
9215 17
9216 18
9217 18
9218 17
9219 17
9220 17
9221 17
9222 17
9223 17
9224 17
9225 18
9226 18
9227 17
9228 17
9229 17
9230 18
9231 17
9232 17
9233 17
9234 17
9235 17
9236 18
9237 18
9238 18
9239 17
9240 17
9241 17
9242 17
9243 17
9244 17
9245 18
9246 17
9247 17
9248 18
9249 18
9250 18
9251 17
9252 17
9253 17
9254 17
9255 17
9256 17
9257 17
9258 17
9259 17
9260 17
9261 17
9262 17
9263 18
9264 17
9265 17
9266 18
9267 18
9268 17
9269 17
9270 17
9271 18
9272 18
9273 18
9274 17
9275 17
9276 18
9277 17
9278 17
9279 17
9280 18
9281 17
9282 17
9283 17
9284 17
9285 18
9286 18
9287 17
9288 17
9289 17
9290 18
9291 17
9292 17
9293 17
9294 17
9295 26
9296 18
9297 18
9298 18
9299 18
9300 17
9301 17
9302 17
9303 17
9304 17
9305 17
9306 17
9307 17
9308 18
9309 18
9310 18
9311 17
9312 17
9313 17
9314 17
9315 17
9316 18
9317 17
9318 17
9319 17
9320 18
9321 18
9322 17
9323 18
9324 18
9325 18
9326 17
9327 17
9328 18
9329 18
9330 17
9331 17
9332 17
9333 18
9334 17
9335 17
9336 17
9337 17
9338 18
9339 18
9340 18
9341 17
9342 17
9343 17
9344 17
9345 17
9346 18
9347 18
9348 18
9349 17
9350 18
9351 17
9352 17
9353 17
9354 17
9355 18
9356 18
9357 17
9358 18
9359 17
9360 17
9361 17
9362 17
9363 18
9364 17
9365 17
9366 17
9367 17
9368 17
9369 18
9370 18
9371 17
9372 17
9373 17
9374 18
9375 18
9376 18
9377 18
9378 18
9379 17
9380 17
9381 18
9382 18
9383 18
9384 17
9385 17
9386 17
9387 18
9388 18
9389 18
9390 18
9391 17
9392 17
9393 17
9394 17
9395 17
9396 18
9397 18
9398 18
9399 18
9400 17
9401 18
9402 17
9403 17
9404 17
9405 17
9406 18
9407 17
9408 17
9409 17
9410 17
9411 17
9412 17
9413 17
9414 18
9415 17
9416 18
9417 18
9418 17
9419 17
9420 17
9421 17
9422 18
9423 18
9424 17
9425 17
9426 17
9427 17
9428 17
9429 17
9430 18
9431 18
9432 18
9433 18
9434 17
9435 17
9436 17
9437 18
9438 18
9439 17
9440 17
9441 17
9442 18
9443 18
9444 18
9445 17
9446 17
9447 17
9448 18
9449 18
9450 18
9451 18
9452 17
9453 17
9454 17
9455 18
9456 18
9457 18
9458 18
9459 18
9460 18
9461 18
9462 17
9463 17
9464 17
9465 17
9466 17
9467 17
9468 18
9469 18
9470 17
9471 17
9472 17
9473 18
9474 18
9475 27
9476 18
9477 17
9478 18
9479 18
9480 18
9481 18
9482 17
9483 17
9484 17
9485 18
9486 18
9487 18
9488 17
9489 17
9490 17
9491 17
9492 18
9493 18
9494 18
9495 17
9496 17
9497 17
9498 17
9499 17
9500 18
9501 18
9502 17
9503 17
9504 17
9505 17
9506 17
9507 18
9508 18
9509 17
9510 17
9511 18
9512 18
9513 17
9514 17
9515 17
9516 17
9517 17
9518 18
9519 18
9520 17
9521 17
9522 17
9523 18
9524 17
9525 17
9526 18
9527 18
9528 18
9529 17
9530 17
9531 17
9532 17
9533 17
9534 17
9535 17
9536 18
9537 17
9538 17
9539 17
9540 18
9541 18
9542 17
9543 17
9544 18
9545 18
9546 17
9547 17
9548 18
9549 17
9550 18
9551 18
9552 17
9553 17
9554 17
9555 17
9556 17
9557 18
9558 18
9559 18
9560 17
9561 17
9562 17
9563 18
9564 18
9565 18
9566 17
9567 17
9568 17
9569 17
9570 18
9571 18
9572 18
9573 17
9574 17
9575 17
9576 18
9577 17
9578 17
9579 17
9580 18
9581 18
9582 17
9583 17
9584 18
9585 18
9586 18
9587 17
9588 17
9589 18
9590 18
9591 17
9592 17
9593 17
9594 18
9595 18
9596 17
9597 17
9598 17
9599 17
9600 17
9601 17
9602 18
9603 17
9604 17
9605 18
9606 18
9607 17
9608 17
9609 17
9610 18
9611 18
9612 17
9613 17
9614 17
9615 18
9616 18
9617 17
9618 17
9619 17
9620 18
9621 17
9622 17
9623 17
9624 17
9625 17
9626 18
9627 17
9628 17
9629 17
9630 18
9631 18
9632 17
9633 18
9634 18
9635 17
9636 17
9637 18
9638 18
9639 18
9640 17
9641 17
9642 17
9643 17
9644 18
9645 18
9646 17
9647 17
9648 17
9649 17
9650 18
9651 17
9652 17
9653 18
9654 18
9655 26
9656 18
9657 18
9658 17
9659 17
9660 18
9661 18
9662 18
9663 17
9664 17
9665 17
9666 17
9667 18
9668 17
9669 17
9670 18
9671 17
9672 17
9673 18
9674 18
9675 18
9676 17
9677 17
9678 17
9679 17
9680 18
9681 18
9682 18
9683 17
9684 17
9685 17
9686 17
9687 17
9688 18
9689 17
9690 17
9691 18
9692 18
9693 17
9694 17
9695 17
9696 18
9697 18
9698 17
9699 17
9700 17
9701 17
9702 17
9703 17
9704 17
9705 18
9706 17
9707 18
9708 18
9709 17
9710 17
9711 17
9712 17
9713 18
9714 17
9715 17
9716 17
9717 18
9718 18
9719 17
9720 17
9721 17
9722 17
9723 17
9724 18
9725 17
9726 17
9727 17
9728 17
9729 18
9730 18
9731 18
9732 17
9733 17
9734 17
9735 18
9736 18
9737 18
9738 17
9739 17
9740 17
9741 18
9742 18
9743 17
9744 17
9745 18
9746 18
9747 18
9748 17
9749 17
9750 18
9751 18
9752 18
9753 18
9754 18
9755 18
9756 18
9757 17
9758 17
9759 17
9760 17
9761 17
9762 18
9763 18
9764 17
9765 17
9766 17
9767 17
9768 17
9769 17
9770 17
9771 18
9772 18
9773 18
9774 18
9775 18
9776 17
9777 17
9778 17
9779 17
9780 18
9781 18
9782 17
9783 17
9784 17
9785 17
9786 18
9787 18
9788 18
9789 18
9790 18
9791 17
9792 17
9793 18
9794 18
9795 17
9796 18
9797 18
9798 17
9799 17
9800 17
9801 17
9802 17
9803 17
9804 18
9805 17
9806 18
9807 18
9808 18
9809 17
9810 17
9811 18
9812 18
9813 17
9814 17
9815 17
9816 17
9817 17
9818 17
9819 18
9820 18
9821 18
9822 18
9823 17
9824 17
9825 17
9826 17
9827 18
9828 18
9829 17
9830 17
9831 17
9832 18
9833 18
9834 17
9835 26
9836 17
9837 17
9838 18
9839 18
9840 17
9841 17
9842 18
9843 17
9844 17
9845 17
9846 18
9847 17
9848 17
9849 17
9850 18
9851 18
9852 17
9853 17
9854 18
9855 17
9856 18
9857 18
9858 18
9859 17
9860 17
9861 17
9862 17
9863 17
9864 17
9865 18
9866 17
9867 18
9868 18
9869 17
9870 17
9871 17
9872 18
9873 18
9874 17
9875 17
9876 17
9877 17
9878 17
9879 18
9880 17
9881 17
9882 17
9883 17
9884 17
9885 17
9886 18
9887 18
9888 21
9889 18
9890 18
9891 18
9892 18
9893 17
9894 17
9895 17
9896 18
9897 18
9898 17
9899 17
9900 17
9901 17
9902 17
9903 17
9904 17
9905 17
9906 17
9907 17
9908 18
9909 18
9910 17
9911 17
9912 17
9913 17
9914 17
9915 17
9916 17
9917 18
9918 18
9919 17
9920 17
9921 18
9922 18
9923 17
9924 17
9925 18
9926 18
9927 18
9928 17
9929 17
9930 17
9931 17
9932 17
9933 17
9934 17
9935 18
9936 17
9937 18
9938 18
9939 18
9940 17
9941 17
9942 17
9943 17
9944 17
9945 18
9946 18
9947 17
9948 17
9949 18
9950 18
9951 18
9952 17
9953 18
9954 18
9955 17
9956 18
9957 18
9958 17
9959 17
9960 17
9961 17
9962 18
9963 17
9964 18
9965 18
9966 18
9967 17
9968 17
9969 17
9970 17
9971 18
9972 18
9973 18
9974 17
9975 17
9976 18
9977 18
9978 18
9979 17
9980 18
9981 17
9982 17
9983 17
9984 17
9985 18
9986 18
9987 18
9988 17
9989 18
9990 18
9991 18
9992 17
9993 17
9994 17
9995 17
9996 18
9997 18
9998 17
9999 17
