0 71
1 18
2 17
3 17
4 17
5 18
6 18
7 18
8 17
9 17
10 17
11 17
12 19
13 17
14 17
15 17
16 17
17 17
18 17
19 17
20 17
21 18
22 18
23 17
24 18
25 17
26 17
27 17
28 17
29 17
30 17
31 17
32 17
33 17
34 17
35 18
36 18
37 18
38 18
39 18
40 17
41 17
42 17
43 17
44 17
45 17
46 17
47 17
48 18
49 18
50 19
51 18
52 17
53 23
54 17
55 17
56 18
57 18
58 18
59 17
60 18
61 17
62 17
63 17
64 17
65 17
66 20
67 18
68 17
69 18
70 17
71 17
72 18
73 17
74 17
75 17
76 17
77 18
78 17
79 17
80 17
81 19
82 17
83 17
84 18
85 17
86 17
87 17
88 18
89 17
90 17
91 17
92 17
93 17
94 17
95 18
96 17
97 18
98 17
99 17
100 17
101 17
102 17
103 18
104 17
105 17
106 17
107 17
108 17
109 17
110 17
111 17
112 17
113 17
114 17
115 17
116 17
117 17
118 18
119 17
120 17
121 17
122 17
123 17
124 17
125 17
126 17
127 18
128 18
129 17
130 17
131 18
132 18
133 18
134 17
135 17
136 17
137 17
138 17
139 17
140 18
141 17
142 17
143 18
144 17
145 17
146 18
147 18
148 18
149 18
150 18
151 18
152 17
153 17
154 17
155 17
156 17
157 17
158 17
159 17
160 18
161 17
162 17
163 17
164 17
165 17
166 17
167 17
168 17
169 18
170 17
171 17
172 17
173 17
174 17
175 17
176 17
177 17
178 17
179 17
180 17
181 17
182 17
183 18
184 18
185 18
186 17
187 17
188 17
189 17
190 17
191 17
192 17
193 17
194 17
195 17
196 18
197 18
198 17
199 17
200 17
201 17
202 17
203 17
204 17
205 18
206 17
207 17
208 17
209 17
210 17
211 17
212 131
213 21
214 21
215 22
216 20
217 18
218 39
219 23
220 21
221 19
222 19
223 23
224 18
225 16
226 19
227 19
228 23
229 19
230 19
231 20
232 19
233 19
234 21
235 18
236 19
237 20
238 23
239 21
240 20
241 20
242 20
243 18
244 20
245 20
246 18
247 18
248 20
249 17
250 21
251 19
252 18
253 18
254 18
255 19
256 19
257 17
258 18
259 18
260 17
261 18
262 17
263 18
264 19
265 18
266 18
267 17
268 18
269 19
270 21
271 18
272 21
273 19
274 20
275 20
276 17
277 17
278 17
279 17
280 23
281 20
282 19
283 18
284 18
285 18
286 18
287 30
288 18
289 17
290 17
291 18
292 18
293 17
294 19
295 34
296 20
297 20
298 19
299 17
300 19
301 22
302 19
303 18
304 17
305 18
306 18
307 18
308 17
309 18
310 19
311 18
312 18
313 17
314 18
315 18
316 18
317 18
318 18
319 18
320 17
321 18
322 19
323 19
324 20
325 18
326 19
327 19
328 20
329 20
330 19
331 18
332 34
333 20
334 18
335 20
336 18
337 17
338 20
339 19
340 18
341 19
342 20
343 22
344 26
345 18
346 20
347 19
348 19
349 18
350 18
351 17
352 18
353 18
354 20
355 18
356 19
357 19
358 18
359 19
360 18
361 18
362 19
363 17
364 31
365 18
366 18
367 17
368 17
369 17
370 17
371 17
372 17
373 17
374 17
375 17
376 17
377 17
378 17
379 17
380 18
381 17
382 19
383 18
384 18
385 19
386 18
387 18
388 17
389 17
390 18
391 18
392 18
393 18
394 18
395 17
396 17
397 17
398 17
399 18
400 17
401 18
402 18
403 18
404 18
405 17
406 18
407 18
408 27
409 19
410 17
411 17
412 18
413 17
414 18
415 17
416 18
417 18
418 18
419 17
420 17
421 18
422 18
423 18
424 19
425 18
426 18
427 18
428 17
429 17
430 17
431 17
432 17
433 18
434 17
435 18
436 18
437 17
438 17
439 18
440 18
441 19
442 18
443 18
444 17
445 18
446 17
447 18
448 18
449 17
450 17
451 17
452 17
453 18
454 18
455 17
456 17
457 18
458 19
459 43
460 19
461 17
462 17
463 18
464 17
465 17
466 18
467 18
468 19
469 18
470 17
471 17
472 17
473 17
474 17
475 17
476 17
477 17
478 17
479 18
480 18
481 18
482 17
483 17
484 18
485 18
486 17
487 18
488 18
489 17
490 18
491 17
492 17
493 17
494 17
495 17
496 17
497 17
498 18
499 18
500 17
501 18
502 18
503 18
504 17
505 17
506 17
507 17
508 17
509 17
510 18
511 17
512 17
513 17
514 17
515 18
516 17
517 18
518 18
519 17
520 17
521 17
522 17
523 17
524 17
525 18
526 19
527 18
528 17
529 17
530 17
531 17
532 18
533 17
534 18
535 19
536 18
537 17
538 17
539 17
540 17
541 17
542 17
543 18
544 17
545 17
546 17
547 19
548 18
549 17
550 18
551 18
552 17
553 17
554 17
555 17
556 17
557 17
558 18
559 18
560 17
561 17
562 17
563 17
564 17
565 17
566 17
567 17
568 27
569 18
570 17
571 17
572 17
573 18
574 19
575 18
576 18
577 17
578 17
579 18
580 18
581 17
582 17
583 17
584 18
585 17
586 17
587 17
588 18
589 17
590 17
591 18
592 17
593 18
594 18
595 18
596 17
597 18
598 17
599 17
600 17
601 17
602 17
603 17
604 17
605 17
606 18
607 18
608 19
609 18
610 17
611 17
612 17
613 17
614 17
615 18
616 17
617 17
618 17
619 18
620 19
621 18
622 17
623 17
624 27
625 18
626 17
627 17
628 16
629 17
630 17
631 17
632 17
633 17
634 17
635 17
636 17
637 17
638 30
639 17
640 17
641 17
642 17
643 18
644 17
645 17
646 17
647 17
648 17
649 18
650 17
651 17
652 18
653 19
654 18
655 17
656 17
657 18
658 17
659 17
660 17
661 17
662 17
663 17
664 17
665 18
666 18
667 17
668 17
669 19
670 18
671 17
672 17
673 17
674 17
675 17
676 17
677 17
678 17
679 17
680 17
681 17
682 17
683 18
684 17
685 17
686 18
687 19
688 18
689 17
690 17
691 27
692 18
693 17
694 18
695 17
696 18
697 17
698 17
699 17
700 17
701 17
702 17
703 19
704 17
705 17
706 17
707 17
708 17
709 17
710 17
711 17
712 17
713 17
714 18
715 17
716 17
717 17
718 17
719 18
720 17
721 18
722 17
723 17
724 17
725 18
726 26
727 18
728 17
729 17
730 17
731 17
732 17
733 18
734 17
735 17
736 17
737 18
738 18
739 18
740 17
741 17
742 17
743 17
744 17
745 17
746 17
747 27
748 18
749 17
750 17
751 18
752 18
753 17
754 18
755 17
756 18
757 17
758 19
759 18
760 18
761 17
762 18
763 17
764 18
765 18
766 17
767 18
768 17
769 17
770 18
771 17
772 17
773 18
774 18
775 18
776 18
777 18
778 18
779 17
780 18
781 17
782 18
783 18
784 18
785 18
786 18
787 18
788 18
789 18
790 17
791 26
792 18
793 18
794 18
795 17
796 18
797 18
798 17
799 17
800 17
801 21
802 18
803 18
804 18
805 17
806 17
807 18
808 20
809 17
810 18
811 18
812 18
813 18
814 17
815 17
816 18
817 17
818 17
819 18
820 19
821 18
822 18
823 18
824 18
825 17
826 17
827 18
828 18
829 17
830 17
831 17
832 18
833 18
834 18
835 17
836 19
837 18
838 19
839 17
840 17
841 17
842 18
843 18
844 18
845 18
846 18
847 21
848 18
849 17
850 18
851 17
852 19
853 18
854 17
855 18
856 19
857 17
858 19
859 17
860 18
861 17
862 17
863 17
864 17
865 17
866 17
867 17
868 17
869 17
870 17
871 17
872 18
873 18
874 17
875 18
876 18
877 17
878 18
879 18
880 18
881 17
882 18
883 18
884 17
885 18
886 20
887 18
888 18
889 18
890 17
891 18
892 18
893 17
894 17
895 18
896 17
897 18
898 18
899 17
900 18
901 18
902 18
903 19
904 17
905 17
906 18
907 18
908 19
909 18
910 18
911 17
912 18
913 18
914 17
915 17
916 18
917 18
918 17
919 22
920 18
921 18
922 17
923 17
924 18
925 19
926 17
927 17
928 18
929 18
930 17
931 17
932 17
933 17
934 17
935 27
936 18
937 18
938 17
939 17
940 17
941 17
942 17
943 17
944 17
945 18
946 25
947 18
948 17
949 17
950 17
951 18
952 18
953 19
954 17
955 17
956 17
957 17
958 17
959 17
960 17
961 17
962 27
963 18
964 17
965 17
966 17
967 17
968 18
969 18
970 18
971 17
972 18
973 17
974 17
975 17
976 17
977 17
978 17
979 18
980 18
981 18
982 17
983 17
984 17
985 18
986 18
987 17
988 17
989 17
990 17
991 18
992 32
993 20
994 20
995 18
996 18
997 18
998 19
999 17
1000 17
1001 17
1002 17
1003 17
1004 17
1005 20
1006 18
1007 18
1008 18
1009 18
1010 17
1011 17
1012 18
1013 18
1014 18
1015 17
1016 18
1017 19
1018 19
1019 18
1020 17
1021 18
1022 17
1023 17
1024 18
1025 17
1026 18
1027 18
1028 20
1029 18
1030 17
1031 17
1032 18
1033 17
1034 18
1035 19
1036 18
1037 18
1038 17
1039 17
1040 17
1041 17
1042 17
1043 17
1044 17
1045 18
1046 18
1047 17
1048 17
1049 17
1050 18
1051 18
1052 18
1053 17
1054 18
1055 17
1056 17
1057 18
1058 19
1059 18
1060 19
1061 17
1062 18
1063 17
1064 18
1065 17
1066 18
1067 17
1068 19
1069 17
1070 18
1071 18
1072 17
1073 17
1074 17
1075 18
1076 18
1077 17
1078 22
1079 18
1080 18
1081 18
1082 18
1083 18
1084 19
1085 18
1086 18
1087 17
1088 18
1089 17
1090 18
1091 17
1092 18
1093 18
1094 18
1095 17
1096 18
1097 18
1098 17
1099 18
1100 18
1101 18
1102 17
1103 18
1104 17
1105 18
1106 20
1107 18
1108 17
1109 17
1110 19
1111 19
1112 18
1113 19
1114 18
1115 18
1116 18
1117 17
1118 18
1119 17
1120 17
1121 20
1122 18
1123 18
1124 17
1125 18
1126 17
1127 18
1128 19
1129 17
1130 18
1131 18
1132 17
1133 17
1134 17
1135 17
1136 17
1137 18
1138 18
1139 17
1140 17
1141 16
1142 17
1143 17
1144 18
1145 19
1146 18
1147 18
1148 17
1149 17
1150 17
1151 18
1152 17
1153 17
1154 17
1155 17
1156 17
1157 17
1158 17
1159 17
1160 17
1161 17
1162 18
1163 18
1164 18
1165 17
1166 28
1167 18
1168 190
1169 20
1170 19
1171 18
1172 20
1173 17
1174 17
1175 19
1176 17
1177 18
1178 17
1179 18
1180 18
1181 17
1182 18
1183 17
1184 18
1185 17
1186 18
1187 18
1188 17
1189 18
1190 17
1191 19
1192 18
1193 18
1194 18
1195 17
1196 29
1197 18
1198 17
1199 17
1200 17
1201 18
1202 18
1203 18
1204 17
1205 18
1206 18
1207 17
1208 17
1209 18
1210 18
1211 18
1212 18
1213 18
1214 17
1215 18
1216 18
1217 18
1218 18
1219 25
1220 18
1221 18
1222 17
1223 17
1224 19
1225 18
1226 18
1227 18
1228 18
1229 18
1230 19
1231 18
1232 17
1233 17
1234 17
1235 17
1236 17
1237 17
1238 18
1239 18
1240 18
1241 18
1242 18
1243 18
1244 18
1245 17
1246 17
1247 18
1248 18
1249 17
1250 17
1251 17
1252 17
1253 17
1254 17
1255 17
1256 17
1257 18
1258 17
1259 18
1260 17
1261 18
1262 18
1263 17
1264 17
1265 17
1266 18
1267 18
1268 19
1269 18
1270 21
1271 17
1272 17
1273 18
1274 18
1275 18
1276 18
1277 18
1278 17
1279 17
1280 17
1281 18
1282 18
1283 18
1284 18
1285 19
1286 19
1287 17
1288 17
1289 17
1290 17
1291 17
1292 17
1293 18
1294 17
1295 18
1296 18
1297 17
1298 18
1299 18
1300 18
1301 18
1302 19
1303 17
1304 17
1305 18
1306 17
1307 18
1308 18
1309 17
1310 17
1311 18
1312 17
1313 17
1314 17
1315 17
1316 17
1317 18
1318 17
1319 17
1320 17
1321 17
1322 18
1323 17
1324 26
1325 18
1326 18
1327 17
1328 19
1329 18
1330 19
1331 19
1332 17
1333 17
1334 17
1335 18
1336 22
1337 18
1338 17
1339 17
1340 17
1341 17
1342 17
1343 17
1344 18
1345 17
1346 17
1347 18
1348 18
1349 17
1350 18
1351 17
1352 17
1353 17
1354 19
1355 17
1356 17
1357 17
1358 17
1359 18
1360 18
1361 17
1362 18
1363 18
1364 17
1365 18
1366 17
1367 18
1368 18
1369 19
1370 17
1371 18
1372 17
1373 17
1374 18
1375 17
1376 18
1377 17
1378 17
1379 17
1380 18
1381 18
1382 18
1383 22
1384 17
1385 18
1386 21
1387 17
1388 17
1389 18
1390 18
1391 17
1392 18
1393 17
1394 17
1395 17
1396 17
1397 18
1398 18
1399 17
1400 17
1401 18
1402 19
1403 20
1404 17
1405 17
1406 18
1407 17
1408 17
1409 17
1410 17
1411 17
1412 18
1413 17
1414 18
1415 18
1416 17
1417 19
1418 19
1419 18
1420 17
1421 17
1422 17
1423 17
1424 18
1425 17
1426 17
1427 17
1428 17
1429 18
1430 17
1431 17
1432 18
1433 18
1434 17
1435 18
1436 18
1437 18
1438 18
1439 17
1440 17
1441 17
1442 18
1443 17
1444 17
1445 17
1446 17
1447 17
1448 17
1449 18
1450 19
1451 18
1452 18
1453 18
1454 19
1455 18
1456 17
1457 18
1458 18
1459 18
1460 17
1461 17
1462 18
1463 17
1464 18
1465 17
1466 18
1467 17
1468 17
1469 18
1470 17
1471 18
1472 17
1473 18
1474 19
1475 17
1476 18
1477 18
1478 19
1479 18
1480 19
1481 17
1482 17
1483 17
1484 17
1485 17
1486 17
1487 17
1488 17
1489 17
1490 17
1491 17
1492 17
1493 17
1494 17
1495 18
1496 19
1497 18
1498 18
1499 17
1500 17
1501 17
1502 18
1503 17
1504 17
1505 19
1506 19
1507 19
1508 18
1509 19
1510 18
1511 28
1512 19
1513 17
1514 20
1515 18
1516 18
1517 18
1518 17
1519 18
1520 17
1521 18
1522 18
1523 18
1524 18
1525 17
1526 18
1527 19
1528 19
1529 17
1530 17
1531 18
1532 18
1533 18
1534 18
1535 17
1536 17
1537 17
1538 18
1539 18
1540 18
1541 17
1542 17
1543 18
1544 18
1545 17
1546 18
1547 18
1548 19
1549 17
1550 18
1551 19
1552 17
1553 18
1554 18
1555 20
1556 19
1557 17
1558 17
1559 18
1560 18
1561 17
1562 18
1563 18
1564 17
1565 18
1566 18
1567 18
1568 18
1569 17
1570 18
1571 18
1572 18
1573 17
1574 18
1575 17
1576 18
1577 18
1578 18
1579 18
1580 17
1581 17
1582 17
1583 17
1584 17
1585 17
1586 17
1587 17
1588 18
1589 17
1590 17
1591 17
1592 17
1593 17
1594 17
1595 17
1596 17
1597 17
1598 17
1599 18
1600 19
1601 20
1602 18
1603 18
1604 18
1605 18
1606 18
1607 18
1608 17
1609 17
1610 18
1611 18
1612 18
1613 17
1614 18
1615 18
1616 19
1617 18
1618 17
1619 18
1620 17
1621 18
1622 18
1623 17
1624 18
1625 18
1626 17
1627 20
1628 19
1629 17
1630 17
1631 17
1632 18
1633 18
1634 17
1635 17
1636 17
1637 18
1638 18
1639 18
1640 17
1641 17
1642 17
1643 18
1644 18
1645 18
1646 18
1647 17
1648 17
1649 19
1650 18
1651 18
1652 18
1653 18
1654 18
1655 17
1656 17
1657 17
1658 17
1659 18
1660 18
1661 17
1662 17
1663 17
1664 17
1665 28
1666 17
1667 18
1668 17
1669 17
1670 18
1671 17
1672 17
1673 18
1674 18
1675 17
1676 17
1677 17
1678 17
1679 17
1680 17
1681 17
1682 18
1683 18
1684 17
1685 18
1686 18
1687 17
1688 17
1689 17
1690 32
1691 20
1692 27
1693 19
1694 17
1695 17
1696 17
1697 18
1698 18
1699 18
1700 17
1701 17
1702 18
1703 17
1704 18
1705 18
1706 17
1707 17
1708 18
1709 20
1710 18
1711 18
1712 17
1713 17
1714 17
1715 17
1716 18
1717 18
1718 17
1719 18
1720 19
1721 18
1722 17
1723 18
1724 18
1725 17
1726 17
1727 18
1728 18
1729 17
1730 17
1731 17
1732 18
1733 18
1734 18
1735 17
1736 17
1737 18
1738 18
1739 18
1740 17
1741 17
1742 17
1743 17
1744 18
1745 18
1746 18
1747 17
1748 18
1749 18
1750 17
1751 18
1752 18
1753 17
1754 17
1755 20
1756 17
1757 17
1758 17
1759 18
1760 17
1761 17
1762 17
1763 17
1764 18
1765 18
1766 18
1767 17
1768 17
1769 17
1770 17
1771 27
1772 18
1773 17
1774 18
1775 18
1776 18
1777 17
1778 17
1779 17
1780 17
1781 17
1782 18
1783 19
1784 17
1785 17
1786 18
1787 16
1788 18
1789 18
1790 18
1791 17
1792 27
1793 17
1794 18
1795 18
1796 17
1797 17
1798 17
1799 17
1800 17
1801 17
1802 17
1803 17
1804 17
1805 18
1806 18
1807 17
1808 17
1809 17
1810 18
1811 17
1812 17
1813 17
1814 17
1815 17
1816 17
1817 18
1818 19
1819 20
1820 17
1821 18
1822 18
1823 17
1824 18
1825 17
1826 18
1827 18
1828 18
1829 17
1830 17
1831 17
1832 17
1833 17
1834 17
1835 17
1836 17
1837 17
1838 17
1839 18
1840 18
1841 18
1842 17
1843 19
1844 17
1845 18
1846 16
1847 17
1848 17
1849 17
1850 17
1851 17
1852 17
1853 17
1854 17
1855 18
1856 18
1857 17
1858 17
1859 17
1860 17
1861 17
1862 17
1863 17
1864 17
1865 17
1866 17
1867 17
1868 26
1869 17
1870 17
1871 17
1872 17
1873 18
1874 18
1875 17
1876 17
1877 17
1878 17
1879 17
1880 17
1881 18
1882 18
1883 21
1884 18
1885 17
1886 17
1887 16
1888 17
1889 17
1890 17
1891 17
1892 17
1893 17
1894 17
1895 18
1896 18
1897 17
1898 17
1899 17
1900 18
1901 17
1902 17
1903 17
1904 17
1905 17
1906 17
1907 17
1908 18
1909 17
1910 17
1911 18
1912 19
1913 18
1914 17
1915 17
1916 18
1917 19
1918 18
1919 17
1920 18
1921 18
1922 18
1923 17
1924 17
1925 17
1926 18
1927 18
1928 18
1929 18
1930 18
1931 17
1932 17
1933 18
1934 18
1935 18
1936 18
1937 18
1938 18
1939 27
1940 18
1941 18
1942 17
1943 17
1944 17
1945 17
1946 17
1947 20
1948 18
1949 17
1950 17
1951 17
1952 18
1953 17
1954 17
1955 17
1956 18
1957 18
1958 17
1959 18
1960 27
1961 18
1962 17
1963 17
1964 18
1965 18
1966 17
1967 17
1968 17
1969 17
1970 17
1971 17
1972 19
1973 18
1974 17
1975 18
1976 18
1977 17
1978 17
1979 18
1980 18
1981 18
1982 17
1983 18
1984 18
1985 17
1986 18
1987 18
1988 19
1989 19
1990 18
1991 17
1992 17
1993 17
1994 17
1995 17
1996 18
1997 17
1998 17
1999 18
2000 19
2001 18
2002 19
2003 18
2004 17
2005 18
2006 18
2007 18
2008 17
2009 17
2010 18
2011 19
2012 17
2013 17
2014 17
2015 17
2016 18
2017 18
2018 18
2019 17
2020 17
2021 17
2022 18
2023 17
2024 17
2025 17
2026 17
2027 17
2028 17
2029 17
2030 17
2031 17
2032 17
2033 17
2034 18
2035 18
2036 18
2037 17
2038 17
2039 18
2040 17
2041 18
2042 17
2043 17
2044 17
2045 18
2046 18
2047 34
2048 17
2049 18
2050 18
2051 18
2052 17
2053 17
2054 18
2055 19
2056 18
2057 17
2058 18
2059 17
2060 18
2061 17
2062 17
2063 18
2064 18
2065 18
2066 19
2067 18
2068 18
2069 17
2070 18
2071 17
2072 17
2073 17
2074 17
2075 20
2076 17
2077 19
2078 17
2079 18
2080 17
2081 17
2082 27
2083 18
2084 18
2085 18
2086 18
2087 25
2088 19
2089 18
2090 17
2091 18
2092 18
2093 20
2094 18
2095 18
2096 17
2097 17
2098 18
2099 17
2100 17
2101 17
2102 18
2103 18
2104 17
2105 17
2106 17
2107 18
2108 18
2109 26
2110 18
2111 18
2112 18
2113 18
2114 25
2115 19
2116 17
2117 17
2118 17
2119 17
2120 19
2121 17
2122 17
2123 17
2124 18
2125 18
2126 18
2127 17
2128 18
2129 17
2130 17
2131 17
2132 18
2133 18
2134 17
2135 17
2136 17
2137 17
2138 17
2139 19
2140 17
2141 17
2142 17
2143 18
2144 18
2145 17
2146 17
2147 17
2148 18
2149 18
2150 17
2151 17
2152 17
2153 17
2154 18
2155 17
2156 18
2157 17
2158 17
2159 17
2160 18
2161 17
2162 17
2163 17
2164 17
2165 17
2166 17
2167 17
2168 18
2169 17
2170 17
2171 19
2172 18
2173 18
2174 17
2175 18
2176 18
2177 19
2178 17
2179 18
2180 17
2181 17
2182 17
2183 17
2184 17
2185 17
2186 17
2187 17
2188 17
2189 17
2190 16
2191 17
2192 18
2193 17
2194 17
2195 17
2196 17
2197 17
2198 17
2199 17
2200 26
2201 18
2202 17
2203 20
2204 18
2205 18
2206 17
2207 17
2208 17
2209 17
2210 17
2211 17
2212 17
2213 17
2214 17
2215 24
2216 18
2217 17
2218 17
2219 17
2220 17
2221 18
2222 19
2223 26
2224 18
2225 18
2226 17
2227 17
2228 17
2229 17
2230 17
2231 17
2232 17
2233 16
2234 17
2235 17
2236 17
2237 17
2238 17
2239 17
2240 17
2241 17
2242 18
2243 18
2244 18
2245 17
2246 17
2247 17
2248 17
2249 17
2250 18
2251 18
2252 19
2253 17
2254 17
2255 17
2256 17
2257 18
2258 18
2259 18
2260 18
2261 17
2262 17
2263 17
2264 17
2265 17
2266 17
2267 20
2268 18
2269 17
2270 17
2271 17
2272 27
2273 18
2274 18
2275 17
2276 24
2277 18
2278 17
2279 17
2280 17
2281 17
2282 17
2283 17
2284 17
2285 17
2286 17
2287 25
2288 18
2289 17
2290 17
2291 17
2292 17
2293 18
2294 18
2295 17
2296 17
2297 17
2298 24
2299 18
2300 17
2301 17
2302 17
2303 18
2304 18
2305 18
2306 18
2307 17
2308 18
2309 17
2310 17
2311 17
2312 17
2313 17
2314 17
2315 17
2316 17
2317 17
2318 17
2319 17
2320 17
2321 17
2322 17
2323 17
2324 17
2325 17
2326 17
2327 18
2328 17
2329 18
2330 18
2331 19
2332 17
2333 17
2334 18
2335 17
2336 17
2337 17
2338 17
2339 17
2340 17
2341 17
2342 17
2343 26
2344 18
2345 17
2346 17
2347 17
2348 17
2349 17
2350 17
2351 17
2352 17
2353 17
2354 25
2355 18
2356 17
2357 18
2358 18
2359 18
2360 18
2361 18
2362 18
2363 17
2364 18
2365 18
2366 17
2367 17
2368 17
2369 17
2370 17
2371 18
2372 18
2373 17
2374 18
2375 18
2376 17
2377 18
2378 18
2379 17
2380 17
2381 17
2382 18
2383 17
2384 17
2385 17
2386 17
2387 18
2388 18
2389 19
2390 18
2391 18
2392 18
2393 18
2394 18
2395 20
2396 18
2397 17
2398 17
2399 17
2400 17
2401 35
2402 18
2403 17
2404 17
2405 17
2406 17
2407 18
2408 18
2409 18
2410 19
2411 17
2412 18
2413 18
2414 18
2415 17
2416 17
2417 18
2418 18
2419 17
2420 17
2421 17
2422 17
2423 17
2424 18
2425 17
2426 19
2427 18
2428 17
2429 17
2430 18
2431 17
2432 17
2433 17
2434 17
2435 17
2436 17
2437 18
2438 17
2439 17
2440 17
2441 17
2442 17
2443 19
2444 17
2445 18
2446 18
2447 18
2448 18
2449 18
2450 17
2451 17
2452 17
2453 18
2454 17
2455 17
2456 17
2457 18
2458 17
2459 20
2460 20
2461 17
2462 18
2463 17
2464 18
2465 17
2466 17
2467 17
2468 18
2469 18
2470 28
2471 18
2472 17
2473 18
2474 18
2475 18
2476 19
2477 18
2478 19
2479 17
2480 17
2481 17
2482 17
2483 17
2484 17
2485 18
2486 17
2487 17
2488 17
2489 17
2490 17
2491 17
2492 17
2493 19
2494 18
2495 18
2496 17
2497 17
2498 17
2499 19
2500 18
2501 18
2502 18
2503 17
2504 17
2505 17
2506 17
2507 17
2508 18
2509 18
2510 17
2511 17
2512 18
2513 18
2514 18
2515 18
2516 19
2517 17
2518 17
2519 17
2520 17
2521 17
2522 17
2523 19
2524 17
2525 17
2526 19
2527 19
2528 18
2529 17
2530 17
2531 17
2532 17
2533 17
2534 17
2535 17
2536 17
2537 17
2538 17
2539 17
2540 17
2541 17
2542 17
2543 17
2544 17
2545 17
2546 17
2547 17
2548 17
2549 17
2550 26
2551 17
2552 18
2553 18
2554 18
2555 17
2556 17
2557 17
2558 17
2559 17
2560 18
2561 18
2562 17
2563 17
2564 17
2565 17
2566 19
2567 18
2568 17
2569 18
2570 17
2571 17
2572 17
2573 17
2574 17
2575 17
2576 18
2577 18
2578 17
2579 32
2580 18
2581 16
2582 18
2583 17
2584 17
2585 17
2586 17
2587 19
2588 17
2589 17
2590 17
2591 17
2592 17
2593 17
2594 18
2595 17
2596 17
2597 17
2598 17
2599 17
2600 19
2601 17
2602 18
2603 17
2604 17
2605 17
2606 17
2607 17
2608 17
2609 17
2610 17
2611 17
2612 17
2613 17
2614 17
2615 17
2616 17
2617 17
2618 17
2619 17
2620 17
2621 18
2622 17
2623 17
2624 17
2625 17
2626 17
2627 17
2628 18
2629 18
2630 19
2631 17
2632 17
2633 17
2634 17
2635 17
2636 17
2637 17
2638 17
2639 17
2640 17
2641 18
2642 17
2643 18
2644 18
2645 18
2646 17
2647 17
2648 17
2649 17
2650 17
2651 19
2652 17
2653 17
2654 17
2655 18
2656 18
2657 17
2658 17
2659 17
2660 17
2661 17
2662 17
2663 17
2664 17
2665 17
2666 17
2667 17
2668 18
2669 18
2670 18
2671 18
2672 17
2673 17
2674 17
2675 17
2676 17
2677 17
2678 18
2679 18
2680 17
2681 17
2682 17
2683 17
2684 18
2685 17
2686 17
2687 17
2688 17
2689 18
2690 19
2691 18
2692 18
2693 18
2694 18
2695 18
2696 17
2697 17
2698 17
2699 17
2700 18
2701 18
2702 18
2703 18
2704 17
2705 17
2706 17
2707 18
2708 18
2709 17
2710 18
2711 17
2712 17
2713 17
2714 17
2715 19
2716 18
2717 19
2718 19
2719 17
2720 17
2721 17
2722 17
2723 17
2724 17
2725 17
2726 17
2727 17
2728 28
2729 18
2730 18
2731 17
2732 17
2733 17
2734 17
2735 17
2736 17
2737 17
2738 17
2739 18
2740 19
2741 17
2742 17
2743 17
2744 18
2745 18
2746 19
2747 18
2748 18
2749 18
2750 18
2751 17
2752 18
2753 17
2754 17
2755 17
2756 17
2757 17
2758 18
2759 18
2760 17
2761 26
2762 18
2763 17
2764 18
2765 17
2766 17
2767 18
2768 18
2769 17
2770 17
2771 17
2772 17
2773 17
2774 18
2775 17
2776 17
2777 17
2778 18
2779 20
2780 17
2781 17
2782 17
2783 17
2784 26
2785 18
2786 17
2787 17
2788 25
2789 18
2790 18
2791 17
2792 18
2793 17
2794 17
2795 18
2796 18
2797 18
2798 17
2799 17
2800 18
2801 18
2802 17
2803 17
2804 17
2805 18
2806 26
2807 18
2808 18
2809 18
2810 25
2811 18
2812 18
2813 17
2814 17
2815 17
2816 17
2817 17
2818 17
2819 17
2820 17
2821 18
2822 18
2823 18
2824 18
2825 18
2826 18
2827 17
2828 17
2829 18
2830 18
2831 17
2832 18
2833 18
2834 17
2835 18
2836 17
2837 18
2838 17
2839 17
2840 17
2841 18
2842 17
2843 19
2844 17
2845 18
2846 18
2847 17
2848 17
2849 17
2850 17
2851 18
2852 18
2853 17
2854 17
2855 18
2856 18
2857 19
2858 17
2859 17
2860 18
2861 17
2862 18
2863 17
2864 17
2865 17
2866 17
2867 17
2868 18
2869 17
2870 17
2871 18
2872 19
2873 18
2874 17
2875 17
2876 17
2877 17
2878 17
2879 17
2880 18
2881 16
2882 17
2883 18
2884 18
2885 18
2886 17
2887 17
2888 17
2889 17
2890 17
2891 17
2892 17
2893 17
2894 17
2895 18
2896 18
2897 17
2898 18
2899 17
2900 17
2901 17
2902 17
2903 17
2904 17
2905 17
2906 19
2907 19
2908 17
2909 17
2910 17
2911 17
2912 17
2913 17
2914 17
2915 17
2916 27
2917 18
2918 17
2919 17
2920 17
2921 18
2922 17
2923 17
2924 17
2925 17
2926 17
2927 18
2928 17
2929 17
2930 17
2931 17
2932 18
2933 17
2934 17
2935 17
2936 18
2937 17
2938 17
2939 17
2940 18
2941 18
2942 17
2943 17
2944 18
2945 17
2946 17
2947 17
2948 17
2949 18
2950 17
2951 17
2952 17
2953 17
2954 17
2955 27
2956 18
2957 17
2958 17
2959 17
2960 17
2961 18
2962 18
2963 19
2964 18
2965 17
2966 17
2967 17
2968 17
2969 17
2970 17
2971 20
2972 19
2973 17
2974 18
2975 17
2976 17
2977 16
2978 18
2979 18
2980 17
2981 17
2982 17
2983 17
2984 17
2985 17
2986 17
2987 17
2988 17
2989 17
2990 16
2991 17
2992 17
2993 17
2994 17
2995 17
2996 18
2997 17
2998 18
2999 17
3000 18
3001 17
3002 18
3003 19
3004 18
3005 17
3006 17
3007 17
3008 17
3009 18
3010 17
3011 27
3012 19
3013 18
3014 17
3015 17
3016 17
3017 17
3018 17
3019 17
3020 17
3021 17
3022 17
3023 18
3024 17
3025 17
3026 17
3027 17
3028 17
3029 18
3030 18
3031 17
3032 17
3033 17
3034 17
3035 19
3036 17
3037 17
3038 17
3039 17
3040 19
3041 18
3042 17
3043 16
3044 17
3045 18
3046 17
3047 18
3048 17
3049 17
3050 17
3051 17
3052 18
3053 17
3054 17
3055 17
3056 17
3057 18
3058 17
3059 17
3060 17
3061 17
3062 18
3063 18
3064 18
3065 17
3066 17
3067 17
3068 17
3069 17
3070 17
3071 17
3072 17
3073 17
3074 18
3075 17
3076 17
3077 17
3078 18
3079 17
3080 17
3081 17
3082 17
3083 16
3084 17
3085 17
3086 17
3087 17
3088 17
3089 17
3090 17
3091 17
3092 17
3093 17
3094 17
3095 17
3096 17
3097 17
3098 17
3099 19
3100 17
3101 17
3102 17
3103 26
3104 18
3105 17
3106 17
3107 18
3108 18
3109 17
3110 17
3111 17
3112 17
3113 17
3114 17
3115 35
3116 17
3117 17
3118 18
3119 18
3120 18
3121 17
3122 17
3123 17
3124 18
3125 17
3126 17
3127 17
3128 17
3129 17
3130 17
3131 17
3132 17
3133 17
3134 16
3135 17
3136 17
3137 17
3138 17
3139 17
3140 17
3141 17
3142 17
3143 18
3144 18
3145 17
3146 17
3147 18
3148 18
3149 18
3150 17
3151 17
3152 17
3153 17
3154 18
3155 18
3156 17
3157 18
3158 19
3159 17
3160 17
3161 18
3162 18
3163 20
3164 18
3165 18
3166 17
3167 17
3168 17
3169 19
3170 17
3171 18
3172 18
3173 18
3174 18
3175 17
3176 17
3177 17
3178 17
3179 17
3180 17
3181 18
3182 18
3183 17
3184 17
3185 18
3186 19
3187 17
3188 17
3189 17
3190 18
3191 19
3192 18
3193 18
3194 17
3195 18
3196 18
3197 17
3198 17
3199 17
3200 18
3201 18
3202 20
3203 17
3204 17
3205 18
3206 18
3207 17
3208 18
3209 18
3210 18
3211 18
3212 17
3213 18
3214 19
3215 17
3216 17
3217 17
3218 17
3219 17
3220 17
3221 17
3222 18
3223 17
3224 17
3225 17
3226 17
3227 19
3228 17
3229 17
3230 18
3231 18
3232 18
3233 17
3234 17
3235 18
3236 17
3237 17
3238 18
3239 18
3240 17
3241 18
3242 20
3243 18
3244 17
3245 17
3246 17
3247 18
3248 18
3249 18
3250 18
3251 17
3252 18
3253 18
3254 18
3255 18
3256 18
3257 18
3258 17
3259 18
3260 17
3261 17
3262 18
3263 18
3264 18
3265 17
3266 17
3267 17
3268 17
3269 18
3270 19
3271 17
3272 17
3273 17
3274 18
3275 18
3276 17
3277 17
3278 17
3279 17
3280 17
3281 19
3282 18
3283 17
3284 17
3285 17
3286 17
3287 17
3288 17
3289 17
3290 17
3291 19
3292 17
3293 17
3294 26
3295 17
3296 18
3297 19
3298 18
3299 17
3300 17
3301 18
3302 18
3303 18
3304 17
3305 17
3306 17
3307 17
3308 17
3309 18
3310 18
3311 17
3312 18
3313 18
3314 17
3315 17
3316 17
3317 17
3318 17
3319 17
3320 18
3321 17
3322 17
3323 17
3324 17
3325 17
3326 17
3327 17
3328 18
3329 17
3330 17
3331 17
3332 17
3333 18
3334 18
3335 17
3336 17
3337 18
3338 18
3339 19
3340 18
3341 17
3342 17
3343 17
3344 17
3345 17
3346 18
3347 18
3348 17
3349 17
3350 17
3351 17
3352 17
3353 18
3354 18
3355 19
3356 17
3357 17
3358 17
3359 19
3360 18
3361 18
3362 18
3363 17
3364 17
3365 17
3366 18
3367 18
3368 18
3369 17
3370 19
3371 17
3372 17
3373 17
3374 17
3375 28
3376 18
3377 18
3378 18
3379 18
3380 17
3381 19
3382 17
3383 17
3384 17
3385 17
3386 17
3387 17
3388 17
3389 17
3390 17
3391 17
3392 17
3393 17
3394 17
3395 17
3396 18
3397 18
3398 18
3399 17
3400 18
3401 17
3402 17
3403 17
3404 17
3405 17
3406 17
3407 17
3408 17
3409 17
3410 17
3411 17
3412 17
3413 17
3414 17
3415 17
3416 18
3417 18
3418 19
3419 19
3420 17
3421 17
3422 17
3423 17
3424 17
3425 17
3426 19
3427 17
3428 17
3429 17
3430 17
3431 17
3432 17
3433 17
3434 17
3435 17
3436 17
3437 17
3438 17
3439 18
3440 17
3441 17
3442 17
3443 18
3444 17
3445 17
3446 17
3447 17
3448 16
3449 17
3450 17
3451 17
3452 17
3453 17
3454 17
3455 17
3456 17
3457 17
3458 16
3459 18
3460 18
3461 17
3462 17
3463 17
3464 17
3465 17
3466 17
3467 18
3468 18
3469 19
3470 17
3471 17
3472 17
3473 17
3474 18
3475 17
3476 17
3477 17
3478 16
3479 17
3480 17
3481 18
3482 18
3483 21
3484 17
3485 17
3486 17
3487 17
3488 19
3489 18
3490 17
3491 17
3492 17
3493 17
3494 19
3495 17
3496 17
3497 16
3498 17
3499 18
3500 17
3501 17
3502 18
3503 17
3504 17
3505 17
3506 17
3507 17
3508 17
3509 17
3510 17
3511 17
3512 17
3513 17
3514 17
3515 17
3516 17
3517 16
3518 17
3519 17
3520 17
3521 16
3522 17
3523 18
3524 17
3525 17
3526 17
3527 17
3528 17
3529 17
3530 17
3531 17
3532 17
3533 17
3534 18
3535 18
3536 18
3537 18
3538 17
3539 18
3540 17
3541 17
3542 18
3543 17
3544 19
3545 17
3546 17
3547 19
3548 17
3549 17
3550 17
3551 18
3552 18
3553 17
3554 17
3555 17
3556 17
3557 17
3558 17
3559 17
3560 17
3561 17
3562 17
3563 17
3564 18
3565 18
3566 17
3567 17
3568 17
3569 17
3570 17
3571 17
3572 17
3573 17
3574 17
3575 17
3576 17
3577 17
3578 17
3579 17
3580 16
3581 17
3582 17
3583 16
3584 17
3585 17
3586 18
3587 17
3588 17
3589 17
3590 17
3591 17
3592 17
3593 17
3594 17
3595 17
3596 17
3597 17
3598 17
3599 17
3600 17
3601 17
3602 17
3603 17
3604 17
3605 17
3606 17
3607 17
3608 17
3609 17
3610 17
3611 19
3612 17
3613 17
3614 17
3615 17
3616 17
3617 17
3618 17
3619 17
3620 17
3621 17
3622 17
3623 17
3624 17
3625 17
3626 18
3627 19
3628 19
3629 18
3630 19
3631 17
3632 18
3633 18
3634 17
3635 18
3636 18
3637 18
3638 17
3639 17
3640 18
3641 19
3642 17
3643 17
3644 17
3645 18
3646 17
3647 18
3648 18
3649 19
3650 18
3651 17
3652 18
3653 18
3654 33
3655 17
3656 18
3657 19
3658 17
3659 17
3660 17
3661 18
3662 18
3663 18
3664 17
3665 17
3666 17
3667 17
3668 18
3669 17
3670 18
3671 18
3672 18
3673 28
3674 18
3675 19
3676 17
3677 17
3678 17
3679 17
3680 17
3681 17
3682 17
3683 17
3684 17
3685 19
3686 18
3687 17
3688 17
3689 18
3690 17
3691 18
3692 17
3693 17
3694 17
3695 17
3696 17
3697 17
3698 17
3699 17
3700 17
3701 17
3702 17
3703 17
3704 17
3705 17
3706 17
3707 17
3708 17
3709 17
3710 17
3711 20
3712 18
3713 18
3714 18
3715 18
3716 17
3717 17
3718 17
3719 18
3720 17
3721 17
3722 17
3723 17
3724 18
3725 18
3726 17
3727 17
3728 17
3729 18
3730 19
3731 17
3732 18
3733 17
3734 16
3735 17
3736 17
3737 16
3738 17
3739 19
3740 17
3741 17
3742 17
3743 17
3744 17
3745 17
3746 17
3747 18
3748 18
3749 17
3750 17
3751 17
3752 17
3753 18
3754 17
3755 17
3756 16
3757 17
3758 18
3759 18
3760 18
3761 17
3762 17
3763 18
3764 17
3765 18
3766 18
3767 17
3768 18
3769 18
3770 18
3771 17
3772 17
3773 17
3774 28
3775 19
3776 17
3777 18
3778 18
3779 17
3780 17
3781 17
3782 17
3783 17
3784 17
3785 17
3786 17
3787 17
3788 17
3789 17
3790 17
3791 18
3792 19
3793 17
3794 18
3795 18
3796 17
3797 18
3798 18
3799 18
3800 17
3801 18
3802 17
3803 29
3804 18
3805 17
3806 17
3807 18
3808 17
3809 19
3810 17
3811 17
3812 17
3813 17
3814 18
3815 18
3816 18
3817 17
3818 17
3819 17
3820 17
3821 18
3822 17
3823 17
3824 18
3825 18
3826 17
3827 17
3828 17
3829 17
3830 17
3831 17
3832 447
3833 19
3834 19
3835 18
3836 17
3837 17
3838 17
3839 17
3840 17
3841 18
3842 17
3843 17
3844 18
3845 18
3846 18
3847 17
3848 17
3849 17
3850 19
3851 18
3852 17
3853 17
3854 17
3855 17
3856 17
3857 17
3858 17
3859 17
3860 17
3861 18
3862 17
3863 17
3864 17
3865 17
3866 17
3867 18
3868 17
3869 17
3870 17
3871 17
3872 17
3873 17
3874 17
3875 17
3876 17
3877 28
3878 19
3879 18
3880 17
3881 17
3882 18
3883 18
3884 18
3885 18
3886 17
3887 17
3888 18
3889 17
3890 17
3891 17
3892 17
3893 17
3894 18
3895 18
3896 18
3897 17
3898 17
3899 17
3900 17
3901 18
3902 17
3903 17
3904 17
3905 17
3906 17
3907 17
3908 17
3909 17
3910 17
3911 18
3912 18
3913 18
3914 18
3915 17
3916 17
3917 17
3918 17
3919 17
3920 17
3921 17
3922 17
3923 17
3924 17
3925 17
3926 18
3927 17
3928 19
3929 18
3930 17
3931 18
3932 18
3933 17
3934 17
3935 17
3936 17
3937 17
3938 17
3939 17
3940 17
3941 18
3942 18
3943 17
3944 17
3945 18
3946 18
3947 18
3948 17
3949 17
3950 18
3951 19
3952 19
3953 17
3954 17
3955 17
3956 18
3957 19
3958 18
3959 18
3960 17
3961 18
3962 17
3963 17
3964 18
3965 18
3966 17
3967 17
3968 18
3969 17
3970 17
3971 17
3972 17
3973 18
3974 18
3975 17
3976 18
3977 18
3978 17
3979 18
3980 18
3981 18
3982 18
3983 17
3984 17
3985 17
3986 18
3987 17
3988 17
3989 18
3990 18
3991 17
3992 31
3993 18
3994 17
3995 18
3996 18
3997 17
3998 17
3999 17
4000 17
4001 18
4002 18
4003 17
4004 18
4005 18
4006 18
4007 18
4008 19
4009 18
4010 18
4011 17
4012 18
4013 18
4014 17
4015 17
4016 17
4017 18
4018 17
4019 18
4020 17
4021 17
4022 28
4023 19
4024 18
4025 17
4026 17
4027 17
4028 17
4029 17
4030 17
4031 16
4032 17
4033 18
4034 20
4035 17
4036 18
4037 17
4038 17
4039 18
4040 17
4041 17
4042 17
4043 17
4044 27
4045 18
4046 17
4047 18
4048 17
4049 17
4050 17
4051 18
4052 18
4053 17
4054 18
4055 18
4056 19
4057 18
4058 17
4059 18
4060 17
4061 19
4062 17
4063 18
4064 18
4065 17
4066 18
4067 17
4068 17
4069 18
4070 18
4071 17
4072 17
4073 18
4074 18
4075 17
4076 17
4077 17
4078 18
4079 18
4080 17
4081 18
4082 18
4083 17
4084 17
4085 17
4086 17
4087 18
4088 18
4089 18
4090 19
4091 19
4092 18
4093 17
4094 17
4095 17
4096 17
4097 17
4098 17
4099 17
4100 17
4101 17
4102 17
4103 17
4104 17
4105 17
4106 17
4107 17
4108 17
4109 17
4110 18
4111 17
4112 17
4113 17
4114 17
4115 17
4116 17
4117 17
4118 17
4119 17
4120 31
4121 18
4122 18
4123 18
4124 18
4125 17
4126 17
4127 18
4128 18
4129 18
4130 18
4131 17
4132 17
4133 18
4134 18
4135 17
4136 18
4137 18
4138 18
4139 18
4140 19
4141 17
4142 18
4143 17
4144 27
4145 18
4146 17
4147 17
4148 18
4149 17
4150 17
4151 17
4152 17
4153 18
4154 18
4155 18
4156 18
4157 18
4158 18
4159 17
4160 18
4161 18
4162 17
4163 17
4164 17
4165 17
4166 18
4167 18
4168 19
4169 29
4170 18
4171 17
4172 17
4173 17
4174 17
4175 17
4176 17
4177 18
4178 19
4179 17
4180 17
4181 17
4182 17
4183 17
4184 17
4185 17
4186 17
4187 17
4188 28
4189 18
4190 17
4191 17
4192 17
4193 17
4194 18
4195 17
4196 18
4197 17
4198 17
4199 18
4200 19
4201 18
4202 18
4203 17
4204 17
4205 17
4206 17
4207 17
4208 17
4209 17
4210 17
4211 18
4212 18
4213 18
4214 17
4215 17
4216 17
4217 17
4218 17
4219 17
4220 18
4221 17
4222 18
4223 18
4224 18
4225 18
4226 17
4227 26
4228 19
4229 17
4230 17
4231 17
4232 17
4233 17
4234 17
4235 17
4236 17
4237 18
4238 18
4239 18
4240 17
4241 18
4242 18
4243 17
4244 18
4245 18
4246 18
4247 17
4248 18
4249 18
4250 18
4251 16
4252 18
4253 17
4254 18
4255 18
4256 18
4257 17
4258 17
4259 17
4260 18
4261 26
4262 17
4263 19
4264 17
4265 17
4266 19
4267 19
4268 18
4269 17
4270 17
4271 17
4272 17
4273 17
4274 17
4275 17
4276 17
4277 18
4278 19
4279 18
4280 17
4281 17
4282 17
4283 19
4284 18
4285 17
4286 17
4287 17
4288 18
4289 17
4290 18
4291 18
4292 18
4293 18
4294 18
4295 18
4296 18
4297 18
4298 17
4299 17
4300 17
4301 17
4302 18
4303 17
4304 17
4305 17
4306 18
4307 18
4308 19
4309 18
4310 17
4311 17
4312 18
4313 18
4314 17
4315 17
4316 17
4317 17
4318 18
4319 17
4320 17
4321 17
4322 27
4323 18
4324 17
4325 17
4326 17
4327 17
4328 18
4329 18
4330 17
4331 17
4332 17
4333 18
4334 20
4335 18
4336 18
4337 17
4338 17
4339 17
4340 17
4341 17
4342 17
4343 17
4344 27
4345 17
4346 26
4347 18
4348 17
4349 18
4350 18
4351 17
4352 17
4353 17
4354 17
4355 17
4356 17
4357 17
4358 18
4359 17
4360 17
4361 17
4362 18
4363 18
4364 17
4365 17
4366 17
4367 18
4368 18
4369 18
4370 17
4371 17
4372 17
4373 17
4374 17
4375 17
4376 17
4377 18
4378 18
4379 26
4380 18
4381 17
4382 17
4383 18
4384 19
4385 18
4386 17
4387 17
4388 17
4389 17
4390 18
4391 18
4392 18
4393 18
4394 18
4395 18
4396 18
4397 17
4398 17
4399 17
4400 18
4401 17
4402 17
4403 17
4404 18
4405 27
4406 18
4407 17
4408 17
4409 18
4410 18
4411 17
4412 17
4413 17
4414 17
4415 18
4416 25
4417 18
4418 17
4419 17
4420 17
4421 18
4422 18
4423 17
4424 17
4425 17
4426 17
4427 18
4428 19
4429 18
4430 18
4431 17
4432 18
4433 18
4434 17
4435 17
4436 18
4437 18
4438 27
4439 18
4440 17
4441 17
4442 18
4443 17
4444 17
4445 18
4446 17
4447 17
4448 18
4449 18
4450 17
4451 17
4452 17
4453 18
4454 18
4455 19
4456 18
4457 18
4458 18
4459 17
4460 18
4461 17
4462 17
4463 17
4464 17
4465 17
4466 18
4467 18
4468 18
4469 17
4470 17
4471 18
4472 18
4473 18
4474 17
4475 17
4476 18
4477 18
4478 18
4479 18
4480 19
4481 17
4482 17
4483 19
4484 17
4485 18
4486 17
4487 18
4488 17
4489 17
4490 18
4491 17
4492 17
4493 17
4494 18
4495 18
4496 17
4497 18
4498 19
4499 18
4500 18
4501 17
4502 17
4503 18
4504 18
4505 17
4506 17
4507 18
4508 17
4509 18
4510 17
4511 19
4512 17
4513 17
4514 17
4515 18
4516 18
4517 17
4518 17
4519 18
4520 17
4521 17
4522 17
4523 17
4524 31
4525 17
4526 17
4527 18
4528 18
4529 18
4530 18
4531 18
4532 18
4533 17
4534 18
4535 17
4536 17
4537 18
4538 18
4539 17
4540 17
4541 17
4542 18
4543 18
4544 20
4545 18
4546 18
4547 18
4548 18
4549 18
4550 19
4551 18
4552 18
4553 18
4554 18
4555 19
4556 17
4557 18
4558 17
4559 17
4560 17
4561 17
4562 17
4563 18
4564 17
4565 18
4566 18
4567 18
4568 17
4569 17
4570 17
4571 17
4572 18
4573 17
4574 18
4575 17
4576 17
4577 19
4578 19
4579 18
4580 18
4581 18
4582 18
4583 17
4584 17
4585 17
4586 17
4587 16
4588 17
4589 18
4590 17
4591 18
4592 17
4593 17
4594 17
4595 18
4596 18
4597 18
4598 17
4599 17
4600 18
4601 18
4602 18
4603 17
4604 17
4605 17
4606 17
4607 27
4608 19
4609 17
4610 18
4611 17
4612 17
4613 17
4614 17
4615 17
4616 18
4617 18
4618 19
4619 17
4620 17
4621 17
4622 18
4623 17
4624 18
4625 18
4626 17
4627 17
4628 18
4629 18
4630 18
4631 18
4632 17
4633 18
4634 18
4635 17
4636 17
4637 17
4638 17
4639 17
4640 18
4641 18
4642 17
4643 17
4644 18
4645 17
4646 17
4647 17
4648 18
4649 17
4650 18
4651 17
4652 17
4653 17
4654 18
4655 17
4656 18
4657 18
4658 18
4659 17
4660 18
4661 17
4662 19
4663 17
4664 18
4665 17
4666 18
4667 17
4668 21
4669 18
4670 17
4671 17
4672 17
4673 17
4674 17
4675 17
4676 17
4677 17
4678 17
4679 20
4680 18
4681 17
4682 17
4683 17
4684 18
4685 18
4686 18
4687 17
4688 17
4689 17
4690 19
4691 17
4692 17
4693 18
4694 17
4695 17
4696 17
4697 17
4698 17
4699 17
4700 17
4701 16
4702 17
4703 32
4704 20
4705 18
4706 18
4707 18
4708 18
4709 17
4710 17
4711 17
4712 17
4713 17
4714 17
4715 17
4716 17
4717 17
4718 19
4719 18
4720 17
4721 17
4722 17
4723 17
4724 17
4725 17
4726 17
4727 17
4728 26
4729 18
4730 18
4731 16
4732 19
4733 17
4734 17
4735 17
4736 17
4737 17
4738 16
4739 17
4740 17
4741 17
4742 17
4743 17
4744 17
4745 17
4746 18
4747 17
4748 17
4749 17
4750 17
4751 17
4752 17
4753 17
4754 17
4755 17
4756 17
4757 17
4758 17
4759 17
4760 17
4761 17
4762 17
4763 17
4764 17
4765 17
4766 19
4767 17
4768 18
4769 18
4770 17
4771 18
4772 17
4773 17
4774 17
4775 17
4776 17
4777 18
4778 17
4779 17
4780 17
4781 17
4782 18
4783 17
4784 18
4785 18
4786 17
4787 18
4788 18
4789 17
4790 17
4791 17
4792 18
4793 19
4794 20
4795 17
4796 19
4797 18
4798 16
4799 17
4800 17
4801 18
4802 18
4803 17
4804 17
4805 17
4806 17
4807 16
4808 18
4809 18
4810 17
4811 17
4812 17
4813 18
4814 20
4815 17
4816 17
4817 17
4818 17
4819 17
4820 17
4821 17
4822 17
4823 17
4824 18
4825 17
4826 17
4827 17
4828 17
4829 17
4830 17
4831 17
4832 17
4833 17
4834 17
4835 17
4836 18
4837 17
4838 17
4839 17
4840 17
4841 17
4842 17
4843 17
4844 17
4845 17
4846 17
4847 17
4848 17
4849 17
4850 17
4851 17
4852 17
4853 17
4854 17
4855 17
4856 17
4857 17
4858 17
4859 17
4860 19
4861 17
4862 16
4863 17
4864 18
4865 18
4866 18
4867 17
4868 17
4869 17
4870 17
4871 17
4872 17
4873 17
4874 18
4875 17
4876 17
4877 17
4878 17
4879 17
4880 18
4881 18
4882 18
4883 17
4884 28
4885 18
4886 17
4887 17
4888 18
4889 20
4890 19
4891 17
4892 18
4893 18
4894 18
4895 17
4896 17
4897 17
4898 19
4899 19
4900 19
4901 18
4902 18
4903 18
4904 19
4905 18
4906 17
4907 17
4908 17
4909 17
4910 16
4911 17
4912 17
4913 17
4914 17
4915 17
4916 18
4917 17
4918 18
4919 18
4920 21
4921 18
4922 17
4923 18
4924 20
4925 17
4926 18
4927 17
4928 17
4929 17
4930 17
4931 18
4932 17
4933 17
4934 18
4935 18
4936 17
4937 18
4938 18
4939 18
4940 18
4941 18
4942 18
4943 18
4944 18
4945 17
4946 17
4947 18
4948 17
4949 17
4950 18
4951 18
4952 17
4953 17
4954 18
4955 17
4956 17
4957 18
4958 18
4959 17
4960 18
4961 18
4962 19
4963 18
4964 18
4965 18
4966 17
4967 17
4968 17
4969 17
4970 19
4971 18
4972 18
4973 17
4974 18
4975 17
4976 19
4977 17
4978 18
4979 17
4980 17
4981 18
4982 17
4983 17
4984 17
4985 17
4986 18
4987 19
4988 20
4989 17
4990 18
4991 17
4992 17
4993 17
4994 17
4995 17
4996 17
4997 29
4998 18
4999 19
5000 18
5001 17
5002 17
5003 17
5004 17
5005 17
5006 17
5007 17
5008 17
5009 17
5010 18
5011 17
5012 17
5013 18
5014 18
5015 17
5016 17
5017 17
5018 18
5019 19
5020 18
5021 18
5022 18
5023 19
5024 17
5025 17
5026 17
5027 17
5028 17
5029 17
5030 17
5031 18
5032 18
5033 18
5034 18
5035 17
5036 17
5037 17
5038 18
5039 18
5040 18
5041 18
5042 17
5043 17
5044 18
5045 17
5046 17
5047 18
5048 19
5049 17
5050 20
5051 17
5052 21
5053 17
5054 17
5055 17
5056 17
5057 18
5058 17
5059 17
5060 17
5061 21
5062 17
5063 17
5064 17
5065 18
5066 18
5067 18
5068 18
5069 17
5070 17
5071 18
5072 17
5073 17
5074 17
5075 17
5076 17
5077 17
5078 17
5079 17
5080 17
5081 27
5082 18
5083 17
5084 17
5085 17
5086 17
5087 17
5088 17
5089 17
5090 17
5091 17
5092 18
5093 18
5094 18
5095 17
5096 17
5097 17
5098 17
5099 17
5100 17
5101 17
5102 17
5103 17
5104 18
5105 17
5106 17
5107 17
5108 16
5109 19
5110 19
5111 17
5112 17
5113 17
5114 17
5115 17
5116 20
5117 17
5118 17
5119 17
5120 18
5121 18
5122 18
5123 17
5124 17
5125 17
5126 18
5127 18
5128 18
5129 17
5130 18
5131 17
5132 17
5133 17
5134 17
5135 17
5136 18
5137 17
5138 17
5139 17
5140 18
5141 18
5142 19
5143 17
5144 32
5145 19
5146 19
5147 17
5148 17
5149 17
5150 17
5151 19
5152 18
5153 18
5154 17
5155 18
5156 18
5157 18
5158 18
5159 19
5160 18
5161 19
5162 19
5163 19
5164 18
5165 17
5166 17
5167 18
5168 19
5169 17
5170 18
5171 18
5172 18
5173 17
5174 18
5175 18
5176 18
5177 18
5178 17
5179 19
5180 24
5181 18
5182 18
5183 18
5184 18
5185 16
5186 19
5187 17
5188 19
5189 17
5190 18
5191 19
5192 19
5193 17
5194 19
5195 17
5196 17
5197 18
5198 33
5199 18
5200 17
5201 17
5202 19
5203 20
5204 18
5205 17
5206 18
5207 19
5208 18
5209 18
5210 17
5211 17
5212 18
5213 18
5214 19
5215 19
5216 18
5217 18
5218 18
5219 18
5220 18
5221 18
5222 18
5223 18
5224 19
5225 18
5226 19
5227 20
5228 19
5229 17
5230 17
5231 18
5232 17
5233 17
5234 18
5235 17
5236 17
5237 35
5238 18
5239 19
5240 18
5241 17
5242 18
5243 18
5244 18
5245 17
5246 17
5247 17
5248 17
5249 17
5250 18
5251 17
5252 17
5253 18
5254 18
5255 19
5256 19
5257 17
5258 18
5259 19
5260 18
5261 18
5262 17
5263 17
5264 17
5265 17
5266 17
5267 17
5268 17
5269 17
5270 17
5271 17
5272 17
5273 18
5274 18
5275 17
5276 17
5277 17
5278 18
5279 18
5280 17
5281 17
5282 28
5283 17
5284 18
5285 18
5286 17
5287 17
5288 17
5289 17
5290 18
5291 18
5292 18
5293 18
5294 17
5295 17
5296 17
5297 17
5298 17
5299 18
5300 18
5301 17
5302 17
5303 18
5304 18
5305 18
5306 17
5307 18
5308 18
5309 27
5310 19
5311 18
5312 18
5313 17
5314 18
5315 17
5316 18
5317 17
5318 17
5319 17
5320 17
5321 17
5322 17
5323 19
5324 17
5325 18
5326 18
5327 19
5328 18
5329 18
5330 19
5331 29
5332 20
5333 20
5334 18
5335 20
5336 20
5337 17
5338 18
5339 19
5340 19
5341 18
5342 18
5343 18
5344 18
5345 19
5346 18
5347 18
5348 17
5349 18
5350 18
5351 18
5352 18
5353 17
5354 17
5355 17
5356 17
5357 17
5358 17
5359 18
5360 22
5361 18
5362 17
5363 19
5364 22
5365 19
5366 18
5367 17
5368 18
5369 17
5370 17
5371 17
5372 18
5373 18
5374 19
5375 19
5376 19
5377 18
5378 17
5379 18
5380 17
5381 17
5382 18
5383 19
5384 18
5385 17
5386 17
5387 18
5388 18
5389 18
5390 18
5391 21
5392 19
5393 18
5394 18
5395 22
5396 18
5397 17
5398 26
5399 19
5400 18
5401 17
5402 18
5403 17
5404 18
5405 19
5406 32
5407 20
5408 18
5409 17
5410 17
5411 17
5412 17
5413 17
5414 18
5415 18
5416 17
5417 18
5418 23
5419 18
5420 18
5421 18
5422 20
5423 18
5424 19
5425 18
5426 18
5427 20
5428 24
5429 18
5430 19
5431 18
5432 18
5433 18
5434 17
5435 18
5436 19
5437 18
5438 19
5439 22
5440 19
5441 17
5442 17
5443 19
5444 18
5445 17
5446 18
5447 19
5448 19
5449 21
5450 20
5451 20
5452 18
5453 20
5454 19
5455 17
5456 17
5457 17
5458 17
5459 20
5460 19
5461 18
5462 17
5463 17
5464 17
5465 18
5466 17
5467 17
5468 17
5469 17
5470 17
5471 18
5472 17
5473 17
5474 17
5475 17
5476 17
5477 18
5478 18
5479 18
5480 18
5481 17
5482 18
5483 18
5484 17
5485 17
5486 17
5487 18
5488 17
5489 18
5490 18
5491 17
5492 17
5493 18
5494 19
5495 17
5496 18
5497 18
5498 17
5499 18
5500 17
5501 17
5502 17
5503 17
5504 18
5505 18
5506 17
5507 18
5508 17
5509 17
5510 18
5511 19
5512 18
5513 18
5514 17
5515 18
5516 17
5517 17
5518 17
5519 17
5520 18
5521 17
5522 17
5523 19
5524 17
5525 17
5526 17
5527 17
5528 18
5529 17
5530 17
5531 17
5532 17
5533 17
5534 18
5535 19
5536 17
5537 17
5538 18
5539 18
5540 18
5541 18
5542 17
5543 17
5544 17
5545 17
5546 17
5547 17
5548 17
5549 17
5550 17
5551 17
5552 17
5553 17
5554 16
5555 17
5556 17
5557 17
5558 17
5559 18
5560 17
5561 18
5562 26
5563 18
5564 18
5565 17
5566 18
5567 19
5568 18
5569 17
5570 17
5571 26
5572 18
5573 28
5574 18
5575 18
5576 18
5577 17
5578 17
5579 17
5580 17
5581 17
5582 18
5583 18
5584 18
5585 17
5586 17
5587 19
5588 17
5589 17
5590 17
5591 16
5592 17
5593 18
5594 19
5595 17
5596 17
5597 17
5598 17
5599 17
5600 17
5601 17
5602 17
5603 17
5604 28
5605 17
5606 18
5607 17
5608 17
5609 17
5610 17
5611 17
5612 17
5613 17
5614 17
5615 17
5616 19
5617 17
5618 17
5619 17
5620 17
5621 17
5622 17
5623 17
5624 17
5625 18
5626 18
5627 18
5628 17
5629 18
5630 17
5631 17
5632 17
5633 17
5634 17
5635 18
5636 17
5637 17
5638 17
5639 17
5640 17
5641 17
5642 17
5643 17
5644 17
5645 17
5646 17
5647 17
5648 17
5649 17
5650 18
5651 20
5652 18
5653 18
5654 17
5655 17
5656 17
5657 18
5658 17
5659 17
5660 17
5661 17
5662 18
5663 18
5664 18
5665 17
5666 17
5667 17
5668 17
5669 17
5670 17
5671 16
5672 17
5673 17
5674 17
5675 17
5676 17
5677 17
5678 17
5679 26
5680 18
5681 17
5682 17
5683 17
5684 17
5685 17
5686 17
5687 17
5688 18
5689 18
5690 18
5691 18
5692 17
5693 17
5694 27
5695 18
5696 18
5697 18
5698 18
5699 17
5700 18
5701 17
5702 18
5703 17
5704 17
5705 17
5706 17
5707 17
5708 17
5709 17
5710 17
5711 17
5712 17
5713 18
5714 17
5715 20
5716 17
5717 17
5718 17
5719 17
5720 17
5721 17
5722 18
5723 17
5724 17
5725 17
5726 18
5727 17
5728 17
5729 17
5730 19
5731 18
5732 18
5733 17
5734 18
5735 17
5736 18
5737 17
5738 17
5739 17
5740 17
5741 17
5742 17
5743 17
5744 17
5745 17
5746 17
5747 17
5748 17
5749 17
5750 17
5751 18
5752 17
5753 36
5754 18
5755 18
5756 17
5757 17
5758 18
5759 18
5760 17
5761 18
5762 19
5763 17
5764 17
5765 17
5766 17
5767 17
5768 18
5769 17
5770 17
5771 17
5772 27
5773 19
5774 18
5775 17
5776 17
5777 17
5778 17
5779 19
5780 17
5781 17
5782 17
5783 17
5784 17
5785 17
5786 17
5787 17
5788 17
5789 18
5790 18
5791 18
5792 17
5793 17
5794 27
5795 18
5796 17
5797 17
5798 17
5799 18
5800 17
5801 17
5802 17
5803 17
5804 17
5805 17
5806 17
5807 17
5808 17
5809 17
5810 17
5811 17
5812 19
5813 17
5814 18
5815 17
5816 18
5817 18
5818 17
5819 17
5820 17
5821 17
5822 18
5823 18
5824 17
5825 17
5826 17
5827 18
5828 18
5829 18
5830 18
5831 18
5832 18
5833 27
5834 19
5835 18
5836 18
5837 17
5838 17
5839 17
5840 17
5841 18
5842 18
5843 20
5844 17
5845 17
5846 17
5847 17
5848 17
5849 17
5850 17
5851 17
5852 17
5853 17
5854 17
5855 17
5856 17
5857 18
5858 18
5859 18
5860 17
5861 17
5862 18
5863 18
5864 18
5865 18
5866 18
5867 17
5868 18
5869 17
5870 17
5871 18
5872 17
5873 17
5874 17
5875 18
5876 18
5877 17
5878 18
5879 17
5880 18
5881 17
5882 17
5883 18
5884 18
5885 17
5886 17
5887 18
5888 18
5889 17
5890 18
5891 18
5892 18
5893 17
5894 18
5895 17
5896 17
5897 17
5898 17
5899 18
5900 17
5901 18
5902 18
5903 17
5904 17
5905 17
5906 17
5907 19
5908 17
5909 17
5910 18
5911 18
5912 17
5913 17
5914 18
5915 18
5916 18
5917 18
5918 18
5919 17
5920 17
5921 18
5922 17
5923 18
5924 19
5925 18
5926 18
5927 18
5928 17
5929 19
5930 17
5931 18
5932 18
5933 17
5934 18
5935 18
5936 18
5937 18
5938 18
5939 18
5940 17
5941 17
5942 17
5943 17
5944 17
5945 17
5946 17
5947 17
5948 17
5949 17
5950 18
5951 18
5952 17
5953 17
5954 17
5955 17
5956 22
5957 19
5958 18
5959 17
5960 17
5961 19
5962 19
5963 18
5964 17
5965 17
5966 18
5967 17
5968 17
5969 18
5970 18
5971 18
5972 27
5973 18
5974 17
5975 17
5976 17
5977 25
5978 17
5979 17
5980 18
5981 17
5982 17
5983 18
5984 18
5985 18
5986 17
5987 17
5988 17
5989 17
5990 18
5991 18
5992 17
5993 18
5994 17
5995 17
5996 17
5997 16
5998 17
5999 17
6000 17
6001 18
6002 18
6003 18
6004 17
6005 17
6006 17
6007 16
6008 17
6009 17
6010 17
6011 27
6012 18
6013 18
6014 17
6015 17
6016 17
6017 17
6018 18
6019 17
6020 17
6021 17
6022 17
6023 17
6024 19
6025 18
6026 17
6027 18
6028 17
6029 17
6030 17
6031 17
6032 17
6033 17
6034 17
6035 19
6036 17
6037 17
6038 17
6039 17
6040 17
6041 17
6042 17
6043 17
6044 17
6045 17
6046 17
6047 17
6048 17
6049 18
6050 17
6051 17
6052 17
6053 17
6054 16
6055 17
6056 17
6057 17
6058 17
6059 19
6060 18
6061 17
6062 17
6063 17
6064 17
6065 17
6066 17
6067 26
6068 18
6069 17
6070 17
6071 18
6072 18
6073 17
6074 17
6075 17
6076 17
6077 18
6078 17
6079 17
6080 18
6081 17
6082 17
6083 17
6084 18
6085 19
6086 17
6087 17
6088 17
6089 17
6090 17
6091 17
6092 17
6093 17
6094 17
6095 17
6096 17
6097 17
6098 17
6099 19
6100 17
6101 17
6102 17
6103 17
6104 17
6105 17
6106 18
6107 18
6108 18
6109 31
6110 19
6111 18
6112 17
6113 17
6114 17
6115 18
6116 17
6117 17
6118 18
6119 17
6120 18
6121 18
6122 18
6123 17
6124 17
6125 17
6126 17
6127 17
6128 17
6129 18
6130 18
6131 18
6132 17
6133 17
6134 17
6135 17
6136 17
6137 17
6138 17
6139 17
6140 17
6141 17
6142 17
6143 17
6144 17
6145 16
6146 18
6147 17
6148 18
6149 18
6150 18
6151 18
6152 17
6153 17
6154 17
6155 17
6156 17
6157 18
6158 17
6159 17
6160 17
6161 17
6162 17
6163 19
6164 17
6165 16
6166 17
6167 17
6168 17
6169 17
6170 27
6171 18
6172 17
6173 18
6174 18
6175 17
6176 17
6177 17
6178 17
6179 18
6180 17
6181 17
6182 17
6183 17
6184 17
6185 17
6186 17
6187 17
6188 18
6189 16
6190 17
6191 17
6192 17
6193 17
6194 17
6195 17
6196 17
6197 17
6198 25
6199 18
6200 18
6201 17
6202 17
6203 17
6204 17
6205 17
6206 17
6207 17
6208 17
6209 17
6210 17
6211 17
6212 17
6213 24
6214 18
6215 17
6216 18
6217 18
6218 17
6219 17
6220 17
6221 17
6222 17
6223 18
6224 25
6225 19
6226 18
6227 20
6228 18
6229 17
6230 17
6231 17
6232 17
6233 17
6234 18
6235 18
6236 18
6237 18
6238 18
6239 17
6240 18
6241 18
6242 17
6243 17
6244 17
6245 18
6246 17
6247 17
6248 17
6249 18
6250 18
6251 17
6252 18
6253 18
6254 17
6255 18
6256 17
6257 28
6258 18
6259 17
6260 18
6261 18
6262 18
6263 17
6264 17
6265 18
6266 18
6267 17
6268 18
6269 19
6270 17
6271 17
6272 18
6273 17
6274 17
6275 17
6276 17
6277 17
6278 18
6279 17
6280 17
6281 17
6282 17
6283 17
6284 17
6285 18
6286 19
6287 17
6288 18
6289 18
6290 17
6291 20
6292 17
6293 17
6294 17
6295 17
6296 18
6297 17
6298 18
6299 17
6300 17
6301 17
6302 17
6303 17
6304 17
6305 17
6306 17
6307 17
6308 18
6309 17
6310 17
6311 17
6312 17
6313 18
6314 17
6315 18
6316 18
6317 17
6318 17
6319 17
6320 17
6321 17
6322 17
6323 17
6324 17
6325 17
6326 17
6327 17
6328 17
6329 17
6330 17
6331 17
6332 17
6333 17
6334 17
6335 17
6336 17
6337 17
6338 18
6339 18
6340 17
6341 18
6342 20
6343 18
6344 17
6345 17
6346 17
6347 19
6348 18
6349 17
6350 17
6351 17
6352 19
6353 19
6354 18
6355 20
6356 17
6357 17
6358 18
6359 18
6360 17
6361 17
6362 17
6363 17
6364 17
6365 17
6366 17
6367 18
6368 17
6369 17
6370 17
6371 17
6372 17
6373 17
6374 17
6375 17
6376 26
6377 19
6378 18
6379 17
6380 17
6381 17
6382 17
6383 17
6384 17
6385 17
6386 18
6387 19
6388 18
6389 17
6390 17
6391 18
6392 17
6393 17
6394 17
6395 17
6396 17
6397 17
6398 16
6399 17
6400 17
6401 17
6402 18
6403 18
6404 18
6405 17
6406 17
6407 18
6408 17
6409 17
6410 17
6411 17
6412 18
6413 17
6414 17
6415 17
6416 17
6417 17
6418 17
6419 19
6420 17
6421 18
6422 18
6423 17
6424 17
6425 17
6426 19
6427 17
6428 17
6429 17
6430 17
6431 18
6432 17
6433 17
6434 17
6435 17
6436 17
6437 17
6438 18
6439 18
6440 18
6441 17
6442 17
6443 19
6444 18
6445 18
6446 17
6447 17
6448 17
6449 17
6450 17
6451 17
6452 17
6453 17
6454 18
6455 19
6456 18
6457 17
6458 17
6459 17
6460 17
6461 17
6462 17
6463 17
6464 17
6465 17
6466 17
6467 17
6468 26
6469 16
6470 17
6471 19
6472 17
6473 17
6474 17
6475 17
6476 17
6477 17
6478 17
6479 17
6480 17
6481 17
6482 17
6483 19
6484 17
6485 17
6486 16
6487 17
6488 19
6489 18
6490 18
6491 17
6492 17
6493 17
6494 17
6495 17
6496 17
6497 17
6498 17
6499 18
6500 18
6501 18
6502 17
6503 17
6504 17
6505 17
6506 17
6507 17
6508 17
6509 17
6510 18
6511 18
6512 18
6513 18
6514 17
6515 17
6516 17
6517 17
6518 17
6519 17
6520 17
6521 17
6522 17
6523 16
6524 17
6525 17
6526 17
6527 17
6528 19
6529 18
6530 17
6531 16
6532 17
6533 18
6534 19
6535 17
6536 17
6537 17
6538 27
6539 18
6540 18
6541 17
6542 17
6543 17
6544 17
6545 17
6546 17
6547 19
6548 17
6549 17
6550 17
6551 17
6552 17
6553 17
6554 17
6555 17
6556 17
6557 17
6558 17
6559 17
6560 17
6561 17
6562 19
6563 18
6564 19
6565 17
6566 18
6567 19
6568 17
6569 18
6570 18
6571 18
6572 18
6573 17
6574 17
6575 17
6576 17
6577 18
6578 18
6579 17
6580 17
6581 17
6582 17
6583 17
6584 17
6585 18
6586 18
6587 17
6588 17
6589 17
6590 17
6591 18
6592 18
6593 17
6594 17
6595 17
6596 18
6597 18
6598 18
6599 17
6600 18
6601 18
6602 18
6603 17
6604 17
6605 17
6606 17
6607 17
6608 17
6609 17
6610 17
6611 19
6612 18
6613 18
6614 17
6615 17
6616 17
6617 18
6618 17
6619 18
6620 17
6621 17
6622 17
6623 17
6624 17
6625 17
6626 17
6627 17
6628 17
6629 18
6630 18
6631 17
6632 17
6633 18
6634 18
6635 17
6636 17
6637 18
6638 18
6639 17
6640 19
6641 18
6642 18
6643 17
6644 18
6645 18
6646 17
6647 290
6648 23
6649 18
6650 18
6651 17
6652 18
6653 17
6654 18
6655 18
6656 18
6657 17
6658 17
6659 17
6660 18
6661 19
6662 17
6663 18
6664 18
6665 18
6666 18
6667 17
6668 17
6669 17
6670 17
6671 28
6672 17
6673 18
6674 17
6675 17
6676 18
6677 18
6678 17
6679 17
6680 18
6681 17
6682 17
6683 18
6684 17
6685 17
6686 18
6687 18
6688 17
6689 18
6690 17
6691 18
6692 18
6693 17
6694 17
6695 17
6696 18
6697 17
6698 17
6699 18
6700 18
6701 17
6702 18
6703 18
6704 17
6705 18
6706 17
6707 17
6708 17
6709 17
6710 18
6711 18
6712 18
6713 19
6714 18
6715 17
6716 18
6717 17
6718 18
6719 17
6720 17
6721 18
6722 19
6723 19
6724 17
6725 17
6726 17
6727 17
6728 17
6729 17
6730 17
6731 17
6732 27
6733 18
6734 18
6735 17
6736 18
6737 18
6738 18
6739 17
6740 17
6741 17
6742 18
6743 17
6744 17
6745 18
6746 18
6747 18
6748 17
6749 18
6750 19
6751 18
6752 17
6753 17
6754 17
6755 19
6756 18
6757 17
6758 17
6759 17
6760 17
6761 18
6762 18
6763 18
6764 17
6765 17
6766 18
6767 18
6768 18
6769 17
6770 17
6771 17
6772 17
6773 17
6774 17
6775 17
6776 17
6777 18
6778 18
6779 17
6780 17
6781 17
6782 17
6783 18
6784 18
6785 18
6786 17
6787 17
6788 17
6789 17
6790 17
6791 18
6792 18
6793 17
6794 17
6795 18
6796 17
6797 17
6798 17
6799 27
6800 18
6801 18
6802 17
6803 17
6804 17
6805 17
6806 17
6807 17
6808 17
6809 17
6810 17
6811 17
6812 17
6813 33
6814 17
6815 24
6816 18
6817 17
6818 18
6819 18
6820 25
6821 18
6822 17
6823 17
6824 17
6825 17
6826 18
6827 18
6828 17
6829 17
6830 17
6831 17
6832 17
6833 17
6834 17
6835 17
6836 17
6837 18
6838 19
6839 18
6840 17
6841 17
6842 17
6843 17
6844 17
6845 17
6846 17
6847 17
6848 17
6849 17
6850 18
6851 17
6852 19
6853 17
6854 17
6855 18
6856 17
6857 17
6858 17
6859 17
6860 17
6861 17
6862 18
6863 18
6864 18
6865 17
6866 18
6867 18
6868 19
6869 18
6870 17
6871 17
6872 18
6873 18
6874 17
6875 17
6876 27
6877 18
6878 17
6879 17
6880 17
6881 17
6882 17
6883 17
6884 17
6885 17
6886 17
6887 24
6888 18
6889 18
6890 17
6891 18
6892 18
6893 17
6894 18
6895 17
6896 17
6897 17
6898 17
6899 17
6900 18
6901 18
6902 17
6903 17
6904 17
6905 17
6906 17
6907 17
6908 18
6909 18
6910 18
6911 17
6912 18
6913 17
6914 18
6915 18
6916 18
6917 18
6918 18
6919 18
6920 18
6921 18
6922 17
6923 18
6924 17
6925 17
6926 17
6927 17
6928 25
6929 17
6930 18
6931 18
6932 18
6933 19
6934 17
6935 17
6936 17
6937 17
6938 17
6939 17
6940 17
6941 17
6942 17
6943 18
6944 19
6945 18
6946 17
6947 17
6948 17
6949 17
6950 17
6951 17
6952 17
6953 17
6954 17
6955 17
6956 17
6957 17
6958 17
6959 17
6960 18
6961 18
6962 18
6963 17
6964 18
6965 18
6966 17
6967 18
6968 18
6969 17
6970 18
6971 18
6972 17
6973 17
6974 17
6975 17
6976 18
6977 18
6978 18
6979 17
6980 18
6981 17
6982 27
6983 18
6984 17
6985 17
6986 18
6987 17
6988 19
6989 17
6990 29
6991 17
6992 17
6993 19
6994 17
6995 17
6996 18
6997 18
6998 18
6999 18
7000 18
7001 17
7002 17
7003 18
7004 18
7005 18
7006 17
7007 17
7008 18
7009 27
7010 18
7011 17
7012 18
7013 17
7014 17
7015 18
7016 18
7017 17
7018 17
7019 18
7020 17
7021 18
7022 18
7023 17
7024 17
7025 17
7026 19
7027 18
7028 17
7029 18
7030 17
7031 18
7032 19
7033 18
7034 17
7035 17
7036 18
7037 17
7038 17
7039 17
7040 18
7041 18
7042 17
7043 17
7044 17
7045 17
7046 18
7047 18
7048 18
7049 18
7050 18
7051 18
7052 17
7053 17
7054 17
7055 17
7056 17
7057 17
7058 17
7059 17
7060 18
7061 18
7062 18
7063 17
7064 18
7065 26
7066 18
7067 17
7068 17
7069 17
7070 17
7071 17
7072 17
7073 17
7074 17
7075 17
7076 17
7077 17
7078 17
7079 17
7080 17
7081 17
7082 18
7083 17
7084 18
7085 18
7086 17
7087 18
7088 17
7089 17
7090 17
7091 17
7092 18
7093 19
7094 17
7095 18
7096 17
7097 17
7098 18
7099 17
7100 17
7101 18
7102 17
7103 17
7104 18
7105 18
7106 17
7107 17
7108 18
7109 18
7110 18
7111 17
7112 18
7113 18
7114 17
7115 18
7116 19
7117 17
7118 17
7119 17
7120 17
7121 17
7122 17
7123 17
7124 17
7125 17
7126 26
7127 18
7128 17
7129 17
7130 17
7131 17
7132 17
7133 17
7134 17
7135 18
7136 17
7137 25
7138 18
7139 18
7140 18
7141 18
7142 17
7143 18
7144 17
7145 17
7146 18
7147 16
7148 17
7149 17
7150 17
7151 17
7152 17
7153 17
7154 18
7155 18
7156 18
7157 17
7158 17
7159 17
7160 18
7161 17
7162 17
7163 17
7164 17
7165 18
7166 19
7167 18
7168 18
7169 17
7170 17
7171 17
7172 17
7173 17
7174 17
7175 17
7176 18
7177 18
7178 18
7179 17
7180 18
7181 17
7182 17
7183 18
7184 17
7185 17
7186 17
7187 17
7188 19
7189 18
7190 18
7191 18
7192 18
7193 18
7194 17
7195 17
7196 17
7197 17
7198 17
7199 17
7200 17
7201 17
7202 17
7203 17
7204 18
7205 18
7206 17
7207 17
7208 17
7209 17
7210 17
7211 17
7212 17
7213 17
7214 17
7215 17
7216 17
7217 17
7218 17
7219 17
7220 17
7221 18
7222 17
7223 17
7224 18
7225 18
7226 17
7227 18
7228 26
7229 19
7230 17
7231 17
7232 17
7233 17
7234 17
7235 18
7236 18
7237 17
7238 17
7239 17
7240 17
7241 17
7242 18
7243 17
7244 17
7245 18
7246 17
7247 18
7248 17
7249 18
7250 25
7251 18
7252 18
7253 18
7254 17
7255 17
7256 18
7257 17
7258 17
7259 17
7260 17
7261 17
7262 17
7263 18
7264 18
7265 17
7266 18
7267 19
7268 17
7269 17
7270 17
7271 18
7272 18
7273 17
7274 18
7275 18
7276 17
7277 18
7278 17
7279 17
7280 17
7281 17
7282 17
7283 18
7284 17
7285 18
7286 17
7287 17
7288 18
7289 20
7290 17
7291 17
7292 17
7293 17
7294 18
7295 18
7296 18
7297 17
7298 17
7299 17
7300 17
7301 17
7302 18
7303 18
7304 18
7305 17
7306 17
7307 17
7308 17
7309 17
7310 17
7311 17
7312 18
7313 18
7314 18
7315 17
7316 18
7317 18
7318 18
7319 18
7320 18
7321 18
7322 17
7323 18
7324 18
7325 17
7326 17
7327 17
7328 17
7329 17
7330 17
7331 17
7332 17
7333 17
7334 17
7335 17
7336 17
7337 17
7338 17
7339 17
7340 18
7341 18
7342 18
7343 18
7344 17
7345 18
7346 18
7347 36
7348 17
7349 18
7350 17
7351 17
7352 17
7353 17
7354 17
7355 17
7356 17
7357 17
7358 17
7359 17
7360 17
7361 18
7362 18
7363 18
7364 18
7365 17
7366 17
7367 19
7368 18
7369 17
7370 17
7371 18
7372 19
7373 17
7374 18
7375 17
7376 17
7377 17
7378 17
7379 17
7380 17
7381 17
7382 17
7383 18
7384 19
7385 18
7386 17
7387 17
7388 17
7389 17
7390 17
7391 17
7392 18
7393 17
7394 18
7395 18
7396 18
7397 18
7398 18
7399 18
7400 18
7401 18
7402 17
7403 17
7404 17
7405 17
7406 18
7407 18
7408 17
7409 18
7410 17
7411 18
7412 18
7413 18
7414 18
7415 17
7416 17
7417 18
7418 17
7419 17
7420 17
7421 17
7422 17
7423 18
7424 18
7425 18
7426 18
7427 17
7428 18
7429 18
7430 18
7431 18
7432 18
7433 28
7434 19
7435 18
7436 17
7437 17
7438 18
7439 18
7440 17
7441 18
7442 18
7443 17
7444 18
7445 18
7446 18
7447 18
7448 17
7449 17
7450 17
7451 17
7452 17
7453 17
7454 18
7455 17
7456 17
7457 18
7458 17
7459 17
7460 17
7461 18
7462 18
7463 18
7464 17
7465 17
7466 17
7467 17
7468 18
7469 18
7470 18
7471 17
7472 19
7473 19
7474 18
7475 18
7476 17
7477 17
7478 17
7479 18
7480 18
7481 18
7482 17
7483 17
7484 19
7485 18
7486 18
7487 17
7488 17
7489 19
7490 19
7491 18
7492 17
7493 18
7494 18
7495 17
7496 18
7497 18
7498 17
7499 17
7500 18
7501 18
7502 18
7503 18
7504 18
7505 17
7506 19
7507 18
7508 17
7509 18
7510 18
7511 17
7512 18
7513 18
7514 17
7515 17
7516 17
7517 18
7518 18
7519 17
7520 18
7521 18
7522 27
7523 18
7524 27
7525 18
7526 18
7527 18
7528 18
7529 18
7530 18
7531 17
7532 17
7533 17
7534 17
7535 17
7536 17
7537 17
7538 17
7539 19
7540 18
7541 18
7542 18
7543 18
7544 18
7545 17
7546 17
7547 17
7548 17
7549 17
7550 17
7551 17
7552 17
7553 18
7554 18
7555 26
7556 19
7557 18
7558 17
7559 17
7560 17
7561 18
7562 18
7563 17
7564 18
7565 18
7566 18
7567 19
7568 21
7569 17
7570 18
7571 18
7572 17
7573 17
7574 18
7575 18
7576 17
7577 17
7578 18
7579 18
7580 17
7581 17
7582 17
7583 18
7584 18
7585 18
7586 18
7587 17
7588 17
7589 18
7590 18
7591 19
7592 18
7593 17
7594 17
7595 17
7596 17
7597 17
7598 17
7599 18
7600 17
7601 17
7602 17
7603 17
7604 17
7605 27
7606 18
7607 17
7608 17
7609 17
7610 17
7611 18
7612 17
7613 17
7614 17
7615 17
7616 18
7617 19
7618 18
7619 18
7620 17
7621 17
7622 17
7623 17
7624 17
7625 17
7626 17
7627 17
7628 17
7629 18
7630 17
7631 17
7632 19
7633 18
7634 19
7635 18
7636 17
7637 17
7638 17
7639 18
7640 18
7641 17
7642 17
7643 17
7644 17
7645 17
7646 17
7647 17
7648 17
7649 17
7650 18
7651 18
7652 18
7653 17
7654 17
7655 18
7656 17
7657 17
7658 17
7659 18
7660 17
7661 17
7662 17
7663 17
7664 17
7665 17
7666 18
7667 18
7668 18
7669 18
7670 17
7671 17
7672 18
7673 18
7674 17
7675 17
7676 17
7677 17
7678 17
7679 17
7680 17
7681 17
7682 17
7683 17
7684 18
7685 17
7686 17
7687 17
7688 17
7689 18
7690 17
7691 17
7692 17
7693 17
7694 17
7695 17
7696 19
7697 17
7698 17
7699 17
7700 17
7701 17
7702 17
7703 17
7704 18
7705 17
7706 17
7707 17
7708 17
7709 17
7710 18
7711 18
7712 18
7713 19
7714 18
7715 18
7716 18
7717 18
7718 17
7719 17
7720 17
7721 17
7722 16
7723 18
7724 18
7725 18
7726 17
7727 17
7728 17
7729 18
7730 18
7731 18
7732 17
7733 17
7734 17
7735 18
7736 18
7737 17
7738 16
7739 17
7740 17
7741 17
7742 17
7743 17
7744 17
7745 17
7746 17
7747 17
7748 17
7749 17
7750 17
7751 17
7752 17
7753 18
7754 18
7755 18
7756 17
7757 18
7758 17
7759 17
7760 19
7761 17
7762 17
7763 18
7764 18
7765 18
7766 17
7767 18
7768 27
7769 18
7770 18
7771 17
7772 17
7773 17
7774 17
7775 18
7776 17
7777 17
7778 17
7779 17
7780 17
7781 17
7782 17
7783 17
7784 18
7785 18
7786 18
7787 19
7788 18
7789 17
7790 17
7791 17
7792 17
7793 17
7794 17
7795 17
7796 17
7797 18
7798 18
7799 17
7800 17
7801 17
7802 17
7803 18
7804 18
7805 17
7806 17
7807 17
7808 18
7809 18
7810 18
7811 17
7812 18
7813 17
7814 17
7815 17
7816 17
7817 18
7818 18
7819 18
7820 17
7821 17
7822 16
7823 17
7824 19
7825 18
7826 17
7827 18
7828 18
7829 17
7830 18
7831 18
7832 18
7833 18
7834 18
7835 17
7836 17
7837 17
7838 17
7839 17
7840 17
7841 17
7842 17
7843 17
7844 18
7845 17
7846 17
7847 17
7848 19
7849 17
7850 18
7851 17
7852 18
7853 17
7854 18
7855 18
7856 17
7857 17
7858 17
7859 18
7860 18
7861 17
7862 17
7863 18
7864 17
7865 17
7866 17
7867 17
7868 17
7869 18
7870 18
7871 17
7872 17
7873 17
7874 17
7875 17
7876 18
7877 18
7878 19
7879 20
7880 17
7881 18
7882 18
7883 35
7884 17
7885 18
7886 17
7887 17
7888 20
7889 17
7890 18
7891 17
7892 17
7893 18
7894 18
7895 17
7896 18
7897 18
7898 17
7899 18
7900 18
7901 17
7902 17
7903 18
7904 18
7905 18
7906 18
7907 18
7908 19
7909 17
7910 18
7911 18
7912 17
7913 18
7914 17
7915 18
7916 18
7917 17
7918 17
7919 18
7920 18
7921 17
7922 17
7923 17
7924 18
7925 17
7926 17
7927 18
7928 18
7929 17
7930 17
7931 26
7932 18
7933 17
7934 17
7935 17
7936 17
7937 18
7938 18
7939 17
7940 18
7941 17
7942 17
7943 17
7944 17
7945 17
7946 17
7947 18
7948 18
7949 18
7950 17
7951 17
7952 19
7953 17
7954 17
7955 17
7956 17
7957 17
7958 17
7959 17
7960 17
7961 17
7962 17
7963 17
7964 18
7965 17
7966 17
7967 17
7968 17
7969 17
7970 17
7971 17
7972 17
7973 17
7974 17
7975 17
7976 17
7977 17
7978 17
7979 17
7980 17
7981 18
7982 18
7983 19
7984 17
7985 18
7986 18
7987 17
7988 17
7989 17
7990 18
7991 17
7992 18
7993 17
7994 18
7995 17
7996 17
7997 17
7998 18
7999 18
8000 18
8001 17
8002 17
8003 17
8004 17
8005 17
8006 18
8007 17
8008 17
8009 17
8010 17
8011 17
8012 17
8013 17
8014 17
8015 18
8016 19
8017 18
8018 17
8019 17
8020 17
8021 17
8022 17
8023 17
8024 17
8025 17
8026 17
8027 17
8028 17
8029 17
8030 17
8031 17
8032 18
8033 17
8034 18
8035 17
8036 17
8037 17
8038 17
8039 17
8040 17
8041 17
8042 17
8043 18
8044 18
8045 18
8046 17
8047 17
8048 17
8049 17
8050 17
8051 17
8052 18
8053 17
8054 17
8055 17
8056 17
8057 18
8058 17
8059 17
8060 18
8061 19
8062 244
8063 21
8064 18
8065 17
8066 17
8067 17
8068 18
8069 17
8070 17
8071 17
8072 17
8073 18
8074 18
8075 17
8076 17
8077 18
8078 17
8079 18
8080 18
8081 17
8082 18
8083 18
8084 18
8085 18
8086 18
8087 18
8088 18
8089 17
8090 17
8091 17
8092 18
8093 18
8094 29
8095 18
8096 17
8097 17
8098 17
8099 17
8100 17
8101 17
8102 18
8103 17
8104 17
8105 17
8106 17
8107 17
8108 17
8109 17
8110 17
8111 17
8112 17
8113 18
8114 18
8115 17
8116 17
8117 17
8118 25
8119 18
8120 16
8121 17
8122 17
8123 17
8124 17
8125 17
8126 17
8127 17
8128 18
8129 18
8130 17
8131 17
8132 17
8133 24
8134 19
8135 18
8136 17
8137 17
8138 17
8139 17
8140 17
8141 17
8142 17
8143 17
8144 24
8145 18
8146 17
8147 18
8148 17
8149 17
8150 18
8151 19
8152 17
8153 17
8154 17
8155 17
8156 19
8157 17
8158 17
8159 17
8160 17
8161 19
8162 18
8163 18
8164 17
8165 17
8166 17
8167 17
8168 17
8169 17
8170 17
8171 17
8172 17
8173 17
8174 17
8175 17
8176 17
8177 17
8178 17
8179 17
8180 17
8181 17
8182 17
8183 17
8184 17
8185 17
8186 18
8187 18
8188 18
8189 18
8190 17
8191 17
8192 17
8193 17
8194 17
8195 21
8196 17
8197 18
8198 18
8199 17
8200 17
8201 17
8202 17
8203 17
8204 17
8205 17
8206 17
8207 17
8208 17
8209 17
8210 17
8211 19
8212 18
8213 19
8214 18
8215 17
8216 18
8217 17
8218 17
8219 17
8220 17
8221 17
8222 16
8223 18
8224 18
8225 17
8226 17
8227 17
8228 17
8229 17
8230 17
8231 29
8232 17
8233 17
8234 18
8235 18
8236 18
8237 18
8238 17
8239 18
8240 19
8241 18
8242 17
8243 17
8244 17
8245 18
8246 18
8247 18
8248 17
8249 17
8250 17
8251 17
8252 17
8253 17
8254 17
8255 18
8256 18
8257 19
8258 17
8259 17
8260 17
8261 17
8262 18
8263 17
8264 17
8265 17
8266 17
8267 17
8268 17
8269 17
8270 17
8271 17
8272 17
8273 18
8274 18
8275 19
8276 18
8277 17
8278 18
8279 18
8280 17
8281 17
8282 18
8283 18
8284 18
8285 17
8286 18
8287 18
8288 17
8289 18
8290 18
8291 18
8292 18
8293 18
8294 18
8295 18
8296 17
8297 17
8298 17
8299 18
8300 18
8301 17
8302 17
8303 17
8304 17
8305 17
8306 17
8307 17
8308 17
8309 17
8310 17
8311 18
8312 17
8313 17
8314 17
8315 17
8316 18
8317 18
8318 18
8319 17
8320 18
8321 19
8322 17
8323 16
8324 17
8325 17
8326 17
8327 17
8328 17
8329 17
8330 17
8331 17
8332 17
8333 17
8334 17
8335 17
8336 17
8337 17
8338 17
8339 19
8340 17
8341 17
8342 17
8343 17
8344 17
8345 17
8346 17
8347 17
8348 17
8349 17
8350 17
8351 17
8352 17
8353 17
8354 17
8355 17
8356 18
8357 17
8358 17
8359 17
8360 17
8361 17
8362 17
8363 17
8364 17
8365 27
8366 18
8367 17
8368 17
8369 18
8370 18
8371 17
8372 17
8373 18
8374 18
8375 17
8376 17
8377 17
8378 17
8379 17
8380 18
8381 18
8382 18
8383 17
8384 17
8385 18
8386 17
8387 17
8388 18
8389 17
8390 17
8391 17
8392 17
8393 18
8394 18
8395 17
8396 17
8397 18
8398 18
8399 17
8400 18
8401 16
8402 17
8403 19
8404 17
8405 17
8406 17
8407 18
8408 18
8409 18
8410 30
8411 18
8412 17
8413 17
8414 17
8415 17
8416 18
8417 18
8418 17
8419 19
8420 17
8421 17
8422 17
8423 18
8424 17
8425 17
8426 17
8427 17
8428 17
8429 17
8430 18
8431 18
8432 17
8433 17
8434 17
8435 17
8436 18
8437 17
8438 17
8439 17
8440 17
8441 17
8442 17
8443 17
8444 17
8445 17
8446 17
8447 17
8448 18
8449 18
8450 17
8451 17
8452 17
8453 19
8454 17
8455 18
8456 17
8457 17
8458 18
8459 19
8460 18
8461 18
8462 17
8463 17
8464 17
8465 17
8466 17
8467 18
8468 17
8469 17
8470 17
8471 17
8472 17
8473 17
8474 17
8475 18
8476 18
8477 18
8478 17
8479 17
8480 17
8481 17
8482 17
8483 17
8484 16
8485 17
8486 27
8487 18
8488 17
8489 17
8490 17
8491 17
8492 19
8493 18
8494 17
8495 17
8496 17
8497 17
8498 19
8499 17
8500 17
8501 17
8502 18
8503 18
8504 18
8505 18
8506 17
8507 17
8508 17
8509 17
8510 18
8511 18
8512 17
8513 17
8514 17
8515 17
8516 17
8517 17
8518 17
8519 17
8520 18
8521 18
8522 17
8523 17
8524 17
8525 17
8526 17
8527 17
8528 17
8529 17
8530 17
8531 20
8532 18
8533 17
8534 17
8535 17
8536 17
8537 19
8538 18
8539 18
8540 17
8541 17
8542 17
8543 17
8544 17
8545 17
8546 17
8547 17
8548 18
8549 19
8550 17
8551 17
8552 17
8553 17
8554 17
8555 17
8556 17
8557 17
8558 17
8559 26
8560 18
8561 18
8562 17
8563 17
8564 17
8565 17
8566 17
8567 17
8568 17
8569 17
8570 17
8571 17
8572 18
8573 17
8574 17
8575 18
8576 18
8577 18
8578 18
8579 17
8580 17
8581 18
8582 18
8583 17
8584 18
8585 18
8586 17
8587 17
8588 17
8589 17
8590 18
8591 17
8592 17
8593 18
8594 18
8595 20
8596 17
8597 17
8598 17
8599 17
8600 17
8601 17
8602 17
8603 18
8604 17
8605 17
8606 17
8607 17
8608 17
8609 17
8610 18
8611 17
8612 18
8613 17
8614 18
8615 18
8616 18
8617 17
8618 18
8619 18
8620 17
8621 17
8622 18
8623 17
8624 17
8625 18
8626 18
8627 19
8628 18
8629 17
8630 18
8631 18
8632 17
8633 18
8634 17
8635 17
8636 18
8637 27
8638 18
8639 18
8640 17
8641 17
8642 17
8643 17
8644 17
8645 17
8646 17
8647 17
8648 17
8649 17
8650 17
8651 17
8652 17
8653 17
8654 17
8655 17
8656 17
8657 17
8658 17
8659 19
8660 17
8661 17
8662 17
8663 17
8664 17
8665 17
8666 17
8667 17
8668 17
8669 17
8670 17
8671 17
8672 18
8673 19
8674 17
8675 17
8676 18
8677 18
8678 17
8679 17
8680 18
8681 18
8682 18
8683 20
8684 17
8685 18
8686 17
8687 18
8688 17
8689 17
8690 17
8691 18
8692 18
8693 18
8694 19
8695 18
8696 17
8697 18
8698 18
8699 17
8700 17
8701 17
8702 17
8703 17
8704 17
8705 17
8706 17
8707 17
8708 17
8709 17
8710 17
8711 17
8712 17
8713 17
8714 17
8715 17
8716 17
8717 17
8718 18
8719 17
8720 18
8721 17
8722 18
8723 19
8724 18
8725 17
8726 17
8727 18
8728 19
8729 17
8730 18
8731 17
8732 18
8733 17
8734 17
8735 17
8736 17
8737 18
8738 19
8739 18
8740 17
8741 17
8742 18
8743 17
8744 17
8745 17
8746 17
8747 17
8748 18
8749 18
8750 18
8751 18
8752 19
8753 17
8754 17
8755 17
8756 17
8757 17
8758 17
8759 17
8760 17
8761 18
8762 17
8763 18
8764 17
8765 17
8766 18
8767 17
8768 17
8769 19
8770 18
8771 17
8772 17
8773 17
8774 18
8775 17
8776 17
8777 17
8778 17
8779 18
8780 17
8781 17
8782 17
8783 17
8784 17
8785 18
8786 18
8787 19
8788 18
8789 27
8790 18
8791 18
8792 18
8793 17
8794 18
8795 17
8796 17
8797 17
8798 17
8799 17
8800 17
8801 17
8802 17
8803 17
8804 17
8805 17
8806 18
8807 18
8808 18
8809 17
8810 18
8811 18
8812 18
8813 17
8814 17
8815 17
8816 19
8817 18
8818 18
8819 18
8820 17
8821 27
8822 18
8823 17
8824 17
8825 17
8826 17
8827 17
8828 17
8829 17
8830 17
8831 18
8832 17
8833 17
8834 17
8835 17
8836 18
8837 18
8838 19
8839 19
8840 18
8841 18
8842 18
8843 18
8844 17
8845 17
8846 17
8847 18
8848 18
8849 18
8850 17
8851 19
8852 17
8853 18
8854 17
8855 19
8856 17
8857 18
8858 18
8859 18
8860 17
8861 17
8862 17
8863 17
8864 17
8865 17
8866 17
8867 17
8868 17
8869 17
8870 17
8871 27
8872 18
8873 17
8874 17
8875 17
8876 18
8877 18
8878 18
8879 17
8880 17
8881 17
8882 17
8883 18
8884 17
8885 17
8886 17
8887 18
8888 18
8889 19
8890 17
8891 18
8892 18
8893 18
8894 18
8895 17
8896 17
8897 17
8898 17
8899 17
8900 18
8901 17
8902 17
8903 17
8904 17
8905 18
8906 18
8907 17
8908 18
8909 17
8910 18
8911 18
8912 17
8913 17
8914 17
8915 19
8916 18
8917 18
8918 18
8919 17
8920 17
8921 17
8922 17
8923 17
8924 18
8925 18
8926 18
8927 17
8928 18
8929 19
8930 20
8931 18
8932 17
8933 19
8934 18
8935 18
8936 18
8937 17
8938 18
8939 20
8940 17
8941 18
8942 17
8943 17
8944 18
8945 18
8946 34
8947 18
8948 18
8949 17
8950 18
8951 17
8952 17
8953 17
8954 17
8955 17
8956 17
8957 17
8958 17
8959 17
8960 18
8961 18
8962 17
8963 17
8964 17
8965 17
8966 17
8967 17
8968 18
8969 17
8970 17
8971 18
8972 17
8973 17
8974 17
8975 17
8976 17
8977 17
8978 17
8979 19
8980 17
8981 18
8982 18
8983 17
8984 17
8985 17
8986 17
8987 17
8988 17
8989 17
8990 17
8991 17
8992 17
8993 17
8994 17
8995 17
8996 17
8997 17
8998 17
8999 17
9000 17
9001 18
9002 17
9003 17
9004 17
9005 17
9006 17
9007 18
9008 17
9009 17
9010 17
9011 17
9012 17
9013 17
9014 17
9015 17
9016 17
9017 17
9018 17
9019 17
9020 17
9021 17
9022 18
9023 18
9024 17
9025 17
9026 17
9027 17
9028 17
9029 17
9030 17
9031 17
9032 17
9033 17
9034 18
9035 17
9036 17
9037 18
9038 17
9039 17
9040 17
9041 17
9042 17
9043 19
9044 17
9045 18
9046 18
9047 18
9048 17
9049 17
9050 18
9051 18
9052 18
9053 18
9054 17
9055 18
9056 17
9057 17
9058 17
9059 17
9060 17
9061 17
9062 17
9063 17
9064 17
9065 17
9066 17
9067 17
9068 17
9069 17
9070 17
9071 17
9072 17
9073 17
9074 17
9075 17
9076 17
9077 17
9078 17
9079 17
9080 17
9081 17
9082 17
9083 17
9084 17
9085 17
9086 17
9087 16
9088 17
9089 18
9090 17
9091 17
9092 17
9093 17
9094 17
9095 17
9096 17
9097 18
9098 18
9099 18
9100 17
9101 17
9102 17
9103 17
9104 17
9105 17
9106 17
9107 20
9108 17
9109 17
9110 17
9111 17
9112 17
9113 17
9114 18
9115 17
9116 17
9117 18
9118 18
9119 17
9120 18
9121 17
9122 18
9123 17
9124 17
9125 17
9126 17
9127 26
9128 18
9129 17
9130 17
9131 17
9132 17
9133 17
9134 17
9135 18
9136 18
9137 17
9138 17
9139 18
9140 18
9141 18
9142 18
9143 17
9144 17
9145 17
9146 18
9147 17
9148 17
9149 18
9150 17
9151 17
9152 17
9153 17
9154 17
9155 17
9156 17
9157 18
9158 17
9159 17
9160 17
9161 18
9162 18
9163 18
9164 18
9165 17
9166 17
9167 17
9168 17
9169 17
9170 17
9171 20
9172 18
9173 17
9174 17
9175 17
9176 17
9177 17
9178 17
9179 17
9180 18
9181 18
9182 17
9183 18
9184 18
9185 17
9186 17
9187 17
9188 17
9189 17
9190 17
9191 18
9192 17
9193 17
9194 17
9195 17
9196 17
9197 17
9198 17
9199 17
9200 17
9201 17
9202 17
9203 17
9204 17
9205 17
9206 17
9207 17
9208 21
9209 17
9210 17
9211 17
9212 17
9213 17
9214 17
9215 17
9216 17
9217 17
9218 17
9219 17
9220 17
9221 17
9222 17
9223 17
9224 17
9225 17
9226 17
9227 17
9228 18
9229 18
9230 17
9231 17
9232 17
9233 17
9234 17
9235 19
9236 17
9237 17
9238 18
9239 17
9240 18
9241 18
9242 17
9243 17
9244 17
9245 17
9246 17
9247 17
9248 17
9249 17
9250 17
9251 17
9252 17
9253 17
9254 17
9255 18
9256 17
9257 17
9258 17
9259 17
9260 17
9261 18
9262 17
9263 17
9264 17
9265 17
9266 17
9267 17
9268 17
9269 17
9270 17
9271 17
9272 17
9273 17
9274 17
9275 17
9276 17
9277 17
9278 17
9279 17
9280 17
9281 17
9282 17
9283 17
9284 17
9285 17
9286 17
9287 17
9288 17
9289 18
9290 17
9291 18
9292 17
9293 18
9294 17
9295 17
9296 17
9297 17
9298 17
9299 19
9300 18
9301 17
9302 17
9303 17
9304 17
9305 18
9306 17
9307 17
9308 27
9309 17
9310 17
9311 17
9312 17
9313 17
9314 17
9315 17
9316 18
9317 17
9318 17
9319 17
9320 17
9321 17
9322 17
9323 18
9324 17
9325 17
9326 17
9327 17
9328 17
9329 17
9330 17
9331 17
9332 17
9333 17
9334 17
9335 17
9336 17
9337 18
9338 17
9339 17
9340 17
9341 18
9342 18
9343 18
9344 17
9345 17
9346 17
9347 17
9348 17
9349 17
9350 17
9351 17
9352 17
9353 17
9354 17
9355 17
9356 17
9357 17
9358 17
9359 17
9360 17
9361 17
9362 17
9363 19
9364 17
9365 17
9366 17
9367 17
9368 17
9369 17
9370 16
9371 17
9372 17
9373 17
9374 17
9375 17
9376 17
9377 17
9378 17
9379 17
9380 17
9381 17
9382 18
9383 18
9384 17
9385 17
9386 17
9387 17
9388 17
9389 17
9390 18
9391 18
9392 17
9393 17
9394 17
9395 17
9396 17
9397 17
9398 18
9399 17
9400 18
9401 17
9402 17
9403 17
9404 17
9405 17
9406 17
9407 17
9408 18
9409 17
9410 17
9411 17
9412 18
9413 17
9414 18
9415 17
9416 18
9417 17
9418 17
9419 17
9420 17
9421 17
9422 17
9423 17
9424 17
9425 17
9426 17
9427 19
9428 17
9429 17
9430 17
9431 17
9432 17
9433 17
9434 17
9435 17
9436 17
9437 18
9438 17
9439 17
9440 18
9441 17
9442 17
9443 17
9444 17
9445 17
9446 18
9447 18
9448 17
9449 17
9450 17
9451 17
9452 17
9453 17
9454 17
9455 16
9456 17
9457 17
9458 17
9459 17
9460 17
9461 17
9462 17
9463 17
9464 17
9465 18
9466 18
9467 17
9468 17
9469 17
9470 17
9471 17
9472 17
9473 17
9474 18
9475 17
9476 18
9477 17
9478 17
9479 17
9480 17
9481 17
9482 17
9483 17
9484 17
9485 17
9486 18
9487 17
9488 17
9489 18
9490 31
9491 18
9492 17
9493 17
9494 17
9495 17
9496 18
9497 18
9498 17
9499 17
9500 17
9501 17
9502 17
9503 17
9504 17
9505 17
9506 18
9507 17
9508 18
9509 17
9510 17
9511 17
9512 17
9513 17
9514 17
9515 17
9516 17
9517 17
9518 17
9519 17
9520 17
9521 17
9522 17
9523 17
9524 17
9525 17
9526 17
9527 17
9528 17
9529 17
9530 17
9531 17
9532 18
9533 17
9534 17
9535 18
9536 18
9537 17
9538 18
9539 17
9540 17
9541 17
9542 18
9543 17
9544 18
9545 17
9546 17
9547 17
9548 18
9549 17
9550 17
9551 17
9552 17
9553 17
9554 17
9555 17
9556 17
9557 17
9558 17
9559 17
9560 18
9561 17
9562 17
9563 18
9564 18
9565 17
9566 19
9567 18
9568 17
9569 17
9570 17
9571 17
9572 18
9573 18
9574 18
9575 17
9576 17
9577 17
9578 17
9579 18
9580 18
9581 18
9582 17
9583 18
9584 18
9585 17
9586 17
9587 18
9588 18
9589 18
9590 17
9591 17
9592 17
9593 17
9594 17
9595 18
9596 17
9597 17
9598 17
9599 17
9600 17
9601 17
9602 17
9603 17
9604 18
9605 18
9606 18
9607 18
9608 18
9609 17
9610 17
9611 17
9612 17
9613 17
9614 17
9615 17
9616 17
9617 17
9618 17
9619 17
9620 17
9621 17
9622 17
9623 17
9624 17
9625 18
9626 17
9627 18
9628 18
9629 18
9630 18
9631 17
9632 17
9633 17
9634 17
9635 17
9636 17
9637 17
9638 17
9639 17
9640 17
9641 18
9642 17
9643 17
9644 17
9645 17
9646 17
9647 17
9648 17
9649 17
9650 18
9651 17
9652 17
9653 17
9654 17
9655 17
9656 18
9657 17
9658 17
9659 18
9660 30
9661 17
9662 18
9663 18
9664 17
9665 17
9666 17
9667 17
9668 17
9669 17
9670 17
9671 17
9672 18
9673 18
9674 17
9675 17
9676 17
9677 17
9678 17
9679 17
9680 17
9681 17
9682 17
9683 17
9684 17
9685 17
9686 17
9687 17
9688 18
9689 18
9690 18
9691 17
9692 17
9693 17
9694 17
9695 17
9696 18
9697 18
9698 18
9699 17
9700 18
9701 17
9702 17
9703 17
9704 17
9705 17
9706 18
9707 17
9708 17
9709 17
9710 17
9711 17
9712 18
9713 17
9714 17
9715 17
9716 18
9717 18
9718 18
9719 18
9720 18
9721 18
9722 17
9723 17
9724 18
9725 17
9726 17
9727 17
9728 17
9729 17
9730 17
9731 17
9732 17
9733 17
9734 17
9735 17
9736 17
9737 17
9738 17
9739 17
9740 17
9741 17
9742 17
9743 17
9744 17
9745 18
9746 18
9747 18
9748 18
9749 18
9750 17
9751 17
9752 17
9753 17
9754 17
9755 17
9756 17
9757 17
9758 17
9759 18
9760 18
9761 18
9762 18
9763 17
9764 18
9765 18
9766 17
9767 17
9768 17
9769 17
9770 17
9771 17
9772 17
9773 17
9774 17
9775 18
9776 18
9777 18
9778 17
9779 18
9780 17
9781 17
9782 17
9783 17
9784 17
9785 17
9786 17
9787 18
9788 17
9789 17
9790 17
9791 17
9792 17
9793 17
9794 17
9795 18
9796 18
9797 18
9798 18
9799 18
9800 17
9801 17
9802 17
9803 17
9804 17
9805 17
9806 17
9807 17
9808 17
9809 17
9810 17
9811 17
9812 18
9813 17
9814 18
9815 17
9816 18
9817 17
9818 17
9819 17
9820 17
9821 18
9822 18
9823 17
9824 17
9825 17
9826 18
9827 17
9828 18
9829 17
9830 17
9831 17
9832 17
9833 18
9834 17
9835 17
9836 18
9837 17
9838 18
9839 18
9840 18
9841 22
9842 17
9843 17
9844 18
9845 17
9846 18
9847 18
9848 18
9849 17
9850 17
9851 17
9852 17
9853 17
9854 18
9855 18
9856 17
9857 18
9858 18
9859 17
9860 18
9861 17
9862 17
9863 18
9864 18
9865 17
9866 17
9867 17
9868 17
9869 17
9870 17
9871 17
9872 17
9873 18
9874 18
9875 17
9876 18
9877 18
9878 18
9879 18
9880 17
9881 17
9882 17
9883 17
9884 18
9885 18
9886 18
9887 17
9888 17
9889 17
9890 17
9891 17
9892 18
9893 17
9894 17
9895 17
9896 18
9897 18
9898 17
9899 18
9900 18
9901 17
9902 18
9903 18
9904 17
9905 18
9906 18
9907 17
9908 17
9909 18
9910 18
9911 17
9912 17
9913 17
9914 18
9915 18
9916 17
9917 18
9918 18
9919 18
9920 17
9921 18
9922 18
9923 17
9924 17
9925 17
9926 17
9927 17
9928 17
9929 17
9930 17
9931 17
9932 17
9933 17
9934 18
9935 17
9936 17
9937 17
9938 17
9939 17
9940 17
9941 17
9942 18
9943 18
9944 18
9945 18
9946 18
9947 18
9948 18
9949 18
9950 18
9951 17
9952 17
9953 17
9954 17
9955 17
9956 17
9957 17
9958 17
9959 17
9960 17
9961 17
9962 17
9963 18
9964 17
9965 18
9966 18
9967 18
9968 18
9969 17
9970 17
9971 17
9972 17
9973 17
9974 18
9975 18
9976 18
9977 18
9978 17
9979 18
9980 18
9981 18
9982 18
9983 17
9984 18
9985 18
9986 18
9987 17
9988 17
9989 17
9990 17
9991 17
9992 17
9993 17
9994 17
9995 17
9996 17
9997 17
9998 17
9999 17
