0 69
1 20
2 18
3 18
4 18
5 17
6 17
7 18
8 18
9 19
10 18
11 18
12 18
13 17
14 17
15 17
16 18
17 17
18 17
19 17
20 17
21 17
22 17
23 17
24 17
25 17
26 17
27 18
28 17
29 17
30 17
31 17
32 17
33 17
34 18
35 18
36 18
37 18
38 18
39 17
40 17
41 18
42 18
43 17
44 17
45 18
46 17
47 18
48 17
49 17
50 17
51 17
52 17
53 40
54 18
55 17
56 17
57 17
58 17
59 17
60 18
61 18
62 17
63 17
64 17
65 18
66 17
67 17
68 18
69 17
70 18
71 17
72 18
73 17
74 17
75 18
76 18
77 17
78 17
79 17
80 17
81 17
82 17
83 18
84 18
85 17
86 18
87 17
88 17
89 17
90 17
91 17
92 17
93 18
94 18
95 17
96 17
97 18
98 17
99 17
100 19
101 19
102 18
103 18
104 18
105 17
106 17
107 17
108 19
109 19
110 18
111 17
112 18
113 18
114 18
115 18
116 18
117 18
118 17
119 17
120 17
121 18
122 18
123 18
124 18
125 18
126 18
127 17
128 17
129 17
130 17
131 17
132 17
133 17
134 17
135 17
136 17
137 17
138 17
139 17
140 17
141 17
142 18
143 17
144 17
145 17
146 17
147 18
148 18
149 17
150 17
151 18
152 18
153 17
154 17
155 17
156 17
157 17
158 16
159 18
160 18
161 18
162 17
163 17
164 17
165 18
166 18
167 17
168 17
169 17
170 18
171 17
172 17
173 17
174 17
175 17
176 17
177 17
178 17
179 17
180 17
181 17
182 17
183 17
184 17
185 17
186 17
187 17
188 17
189 17
190 17
191 18
192 18
193 17
194 18
195 17
196 17
197 18
198 17
199 18
200 18
201 18
202 17
203 17
204 18
205 18
206 17
207 17
208 17
209 17
210 17
211 17
212 17
213 18
214 18
215 18
216 18
217 18
218 17
219 17
220 17
221 17
222 17
223 17
224 17
225 17
226 18
227 17
228 17
229 17
230 18
231 17
232 17
233 17
234 25
235 18
236 18
237 17
238 18
239 17
240 18
241 18
242 18
243 18
244 18
245 17
246 17
247 17
248 17
249 17
250 17
251 17
252 17
253 18
254 18
255 17
256 18
257 18
258 18
259 17
260 17
261 17
262 18
263 18
264 17
265 17
266 17
267 17
268 17
269 17
270 17
271 17
272 18
273 17
274 17
275 17
276 17
277 17
278 17
279 17
280 17
281 17
282 17
283 17
284 17
285 17
286 17
287 18
288 18
289 17
290 17
291 17
292 17
293 17
294 17
295 17
296 17
297 17
298 17
299 18
300 18
301 18
302 17
303 17
304 17
305 17
306 17
307 17
308 17
309 18
310 18
311 18
312 17
313 18
314 17
315 17
316 17
317 17
318 17
319 17
320 17
321 17
322 17
323 18
324 17
325 17
326 18
327 17
328 17
329 17
330 17
331 18
332 17
333 18
334 18
335 17
336 18
337 18
338 18
339 18
340 18
341 18
342 18
343 18
344 18
345 18
346 18
347 17
348 17
349 18
350 18
351 17
352 18
353 18
354 18
355 17
356 18
357 18
358 18
359 18
360 18
361 18
362 18
363 17
364 18
365 18
366 17
367 18
368 18
369 18
370 17
371 18
372 18
373 18
374 18
375 17
376 18
377 18
378 17
379 17
380 17
381 17
382 17
383 17
384 16
385 17
386 17
387 17
388 17
389 17
390 17
391 17
392 17
393 17
394 17
395 17
396 17
397 17
398 17
399 17
400 17
401 17
402 17
403 33
404 18
405 18
406 17
407 17
408 17
409 17
410 17
411 18
412 17
413 17
414 17
415 18
416 18
417 18
418 18
419 18
420 18
421 17
422 17
423 17
424 17
425 17
426 18
427 17
428 17
429 18
430 18
431 17
432 17
433 17
434 17
435 17
436 18
437 17
438 17
439 17
440 17
441 17
442 17
443 17
444 17
445 17
446 17
447 18
448 17
449 17
450 17
451 17
452 18
453 17
454 17
455 17
456 17
457 17
458 18
459 18
460 18
461 17
462 18
463 18
464 18
465 17
466 17
467 17
468 17
469 17
470 18
471 17
472 17
473 17
474 18
475 18
476 17
477 18
478 18
479 18
480 17
481 18
482 17
483 17
484 17
485 17
486 17
487 18
488 18
489 18
490 18
491 18
492 17
493 17
494 17
495 17
496 17
497 17
498 17
499 17
500 17
501 18
502 17
503 17
504 17
505 18
506 17
507 17
508 17
509 17
510 17
511 17
512 17
513 17
514 17
515 17
516 17
517 16
518 17
519 17
520 17
521 17
522 17
523 17
524 17
525 18
526 17
527 17
528 17
529 18
530 17
531 17
532 17
533 17
534 17
535 17
536 17
537 17
538 17
539 18
540 18
541 18
542 17
543 17
544 17
545 17
546 17
547 17
548 17
549 17
550 17
551 18
552 17
553 17
554 19
555 20
556 18
557 17
558 17
559 17
560 17
561 18
562 17
563 17
564 17
565 17
566 17
567 17
568 18
569 18
570 18
571 18
572 17
573 17
574 17
575 17
576 18
577 17
578 17
579 17
580 17
581 17
582 17
583 17
584 17
585 19
586 18
587 18
588 17
589 17
590 17
591 17
592 17
593 17
594 18
595 18
596 18
597 18
598 18
599 18
600 17
601 17
602 17
603 17
604 17
605 18
606 17
607 17
608 18
609 18
610 18
611 18
612 17
613 17
614 17
615 17
616 17
617 17
618 17
619 18
620 17
621 17
622 17
623 17
624 17
625 17
626 17
627 17
628 17
629 18
630 17
631 17
632 17
633 17
634 17
635 17
636 17
637 17
638 17
639 17
640 17
641 17
642 17
643 17
644 17
645 17
646 17
647 17
648 17
649 17
650 18
651 17
652 17
653 17
654 17
655 17
656 17
657 17
658 17
659 17
660 17
661 17
662 17
663 17
664 18
665 17
666 17
667 17
668 17
669 17
670 17
671 17
672 17
673 17
674 17
675 17
676 17
677 17
678 17
679 17
680 17
681 17
682 18
683 17
684 17
685 17
686 17
687 18
688 17
689 17
690 17
691 18
692 17
693 18
694 17
695 17
696 17
697 17
698 17
699 17
700 17
701 17
702 17
703 18
704 18
705 17
706 17
707 17
708 17
709 17
710 17
711 17
712 17
713 17
714 17
715 17
716 17
717 17
718 17
719 17
720 17
721 17
722 17
723 17
724 17
725 19
726 18
727 18
728 17
729 17
730 17
731 18
732 17
733 18
734 18
735 18
736 17
737 17
738 17
739 17
740 17
741 17
742 18
743 18
744 18
745 17
746 17
747 17
748 17
749 17
750 17
751 17
752 18
753 17
754 17
755 17
756 17
757 17
758 17
759 17
760 17
761 17
762 17
763 17
764 17
765 17
766 17
767 18
768 17
769 17
770 17
771 17
772 17
773 18
774 18
775 17
776 17
777 17
778 17
779 17
780 17
781 17
782 17
783 17
784 17
785 17
786 17
787 17
788 17
789 17
790 18
791 18
792 18
793 18
794 17
795 17
796 17
797 18
798 18
799 17
800 17
801 17
802 17
803 17
804 17
805 17
806 18
807 17
808 17
809 17
810 17
811 17
812 18
813 17
814 17
815 17
816 17
817 17
818 17
819 17
820 18
821 17
822 17
823 17
824 17
825 17
826 17
827 17
828 17
829 17
830 17
831 17
832 18
833 18
834 17
835 17
836 17
837 18
838 17
839 17
840 17
841 17
842 18
843 18
844 17
845 17
846 17
847 17
848 18
849 17
850 17
851 17
852 17
853 17
854 17
855 17
856 18
857 17
858 17
859 17
860 17
861 17
862 17
863 17
864 18
865 17
866 17
867 17
868 18
869 17
870 17
871 17
872 18
873 17
874 17
875 17
876 18
877 17
878 17
879 17
880 17
881 18
882 17
883 17
884 17
885 17
886 17
887 17
888 17
889 18
890 17
891 18
892 17
893 17
894 17
895 17
896 17
897 17
898 17
899 18
900 17
901 18
902 17
903 17
904 17
905 17
906 17
907 17
908 17
909 17
910 17
911 17
912 17
913 17
914 17
915 17
916 18
917 18
918 17
919 17
920 17
921 17
922 17
923 17
924 17
925 17
926 17
927 18
928 18
929 18
930 18
931 18
932 18
933 17
934 17
935 17
936 18
937 18
938 18
939 18
940 18
941 18
942 18
943 18
944 17
945 18
946 18
947 18
948 17
949 22
950 18
951 18
952 18
953 18
954 17
955 17
956 17
957 17
958 17
959 18
960 17
961 17
962 18
963 18
964 18
965 18
966 17
967 17
968 18
969 17
970 17
971 17
972 17
973 17
974 17
975 17
976 18
977 18
978 18
979 17
980 18
981 17
982 17
983 17
984 18
985 18
986 18
987 18
988 18
989 18
990 17
991 18
992 18
993 17
994 18
995 18
996 17
997 17
998 18
999 18
1000 17
1001 18
1002 17
1003 17
1004 25
1005 18
1006 18
1007 17
1008 17
1009 18
1010 17
1011 17
1012 18
1013 18
1014 18
1015 17
1016 17
1017 18
1018 18
1019 17
1020 18
1021 21
1022 17
1023 18
1024 17
1025 18
1026 18
1027 18
1028 17
1029 17
1030 18
1031 18
1032 17
1033 17
1034 17
1035 17
1036 17
1037 17
1038 18
1039 18
1040 17
1041 17
1042 17
1043 17
1044 17
1045 17
1046 17
1047 17
1048 17
1049 17
1050 18
1051 17
1052 18
1053 18
1054 18
1055 17
1056 17
1057 17
1058 17
1059 17
1060 17
1061 17
1062 17
1063 17
1064 17
1065 17
1066 17
1067 18
1068 17
1069 18
1070 17
1071 17
1072 18
1073 17
1074 17
1075 17
1076 17
1077 17
1078 18
1079 18
1080 17
1081 17
1082 17
1083 17
1084 17
1085 17
1086 17
1087 17
1088 17
1089 17
1090 17
1091 18
1092 17
1093 17
1094 17
1095 17
1096 17
1097 17
1098 18
1099 17
1100 17
1101 18
1102 17
1103 17
1104 17
1105 17
1106 17
1107 17
1108 17
1109 17
1110 17
1111 17
1112 20
1113 17
1114 17
1115 17
1116 17
1117 17
1118 18
1119 17
1120 17
1121 17
1122 17
1123 17
1124 17
1125 17
1126 17
1127 18
1128 17
1129 17
1130 33
1131 18
1132 17
1133 18
1134 17
1135 17
1136 17
1137 17
1138 17
1139 17
1140 17
1141 17
1142 17
1143 17
1144 17
1145 17
1146 17
1147 17
1148 17
1149 17
1150 17
1151 17
1152 17
1153 17
1154 17
1155 17
1156 17
1157 17
1158 17
1159 17
1160 17
1161 17
1162 17
1163 17
1164 17
1165 17
1166 17
1167 17
1168 17
1169 17
1170 17
1171 17
1172 17
1173 17
1174 17
1175 17
1176 19
1177 17
1178 17
1179 17
1180 18
1181 17
1182 18
1183 18
1184 17
1185 17
1186 17
1187 17
1188 17
1189 17
1190 18
1191 17
1192 17
1193 17
1194 17
1195 17
1196 17
1197 17
1198 17
1199 17
1200 17
1201 18
1202 18
1203 18
1204 18
1205 18
1206 17
1207 17
1208 18
1209 18
1210 17
1211 18
1212 18
1213 17
1214 18
1215 17
1216 17
1217 17
1218 17
1219 17
1220 17
1221 17
1222 17
1223 17
1224 17
1225 18
1226 17
1227 17
1228 17
1229 17
1230 18
1231 17
1232 17
1233 17
1234 17
1235 17
1236 17
1237 17
1238 17
1239 17
1240 18
1241 17
1242 18
1243 18
1244 18
1245 18
1246 18
1247 18
1248 18
1249 18
1250 17
1251 17
1252 17
1253 17
1254 18
1255 18
1256 17
1257 17
1258 18
1259 17
1260 17
1261 18
1262 18
1263 17
1264 17
1265 17
1266 17
1267 18
1268 17
1269 17
1270 17
1271 17
1272 17
1273 17
1274 17
1275 17
1276 17
1277 17
1278 17
1279 17
1280 17
1281 17
1282 17
1283 17
1284 17
1285 17
1286 17
1287 17
1288 17
1289 18
1290 17
1291 17
1292 17
1293 17
1294 17
1295 18
1296 18
1297 18
1298 18
1299 17
1300 17
1301 17
1302 17
1303 17
1304 19
1305 18
1306 18
1307 18
1308 17
1309 18
1310 18
1311 17
1312 26
1313 17
1314 17
1315 17
1316 17
1317 17
1318 18
1319 18
1320 18
1321 18
1322 17
1323 17
1324 17
1325 17
1326 18
1327 18
1328 17
1329 17
1330 17
1331 17
1332 17
1333 17
1334 18
1335 17
1336 18
1337 17
1338 17
1339 17
1340 17
1341 17
1342 17
1343 17
1344 17
1345 17
1346 17
1347 17
1348 17
1349 18
1350 17
1351 17
1352 17
1353 17
1354 17
1355 17
1356 17
1357 18
1358 17
1359 18
1360 17
1361 17
1362 17
1363 17
1364 18
1365 17
1366 17
1367 17
1368 19
1369 17
1370 17
1371 17
1372 18
1373 17
1374 17
1375 17
1376 17
1377 17
1378 17
1379 17
1380 17
1381 17
1382 17
1383 17
1384 17
1385 17
1386 18
1387 18
1388 18
1389 17
1390 17
1391 17
1392 17
1393 17
1394 18
1395 17
1396 17
1397 17
1398 17
1399 17
1400 17
1401 17
1402 18
1403 18
1404 18
1405 17
1406 17
1407 17
1408 17
1409 17
1410 18
1411 18
1412 17
1413 17
1414 17
1415 17
1416 17
1417 17
1418 17
1419 17
1420 17
1421 18
1422 18
1423 18
1424 17
1425 17
1426 17
1427 17
1428 17
1429 17
1430 18
1431 18
1432 19
1433 17
1434 17
1435 17
1436 17
1437 17
1438 17
1439 17
1440 17
1441 17
1442 17
1443 17
1444 17
1445 17
1446 17
1447 17
1448 17
1449 17
1450 17
1451 18
1452 18
1453 18
1454 18
1455 17
1456 17
1457 17
1458 17
1459 18
1460 18
1461 17
1462 17
1463 17
1464 17
1465 17
1466 17
1467 16
1468 18
1469 17
1470 17
1471 17
1472 17
1473 18
1474 18
1475 17
1476 17
1477 17
1478 17
1479 17
1480 17
1481 18
1482 17
1483 17
1484 17
1485 17
1486 17
1487 17
1488 17
1489 18
1490 18
1491 18
1492 18
1493 17
1494 22
1495 18
1496 19
1497 17
1498 17
1499 17
1500 17
1501 18
1502 18
1503 17
1504 17
1505 18
1506 18
1507 17
1508 18
1509 17
1510 18
1511 18
1512 17
1513 18
1514 18
1515 18
1516 17
1517 17
1518 17
1519 17
1520 17
1521 17
1522 17
1523 17
1524 17
1525 17
1526 18
1527 18
1528 18
1529 18
1530 18
1531 18
1532 18
1533 18
1534 18
1535 17
1536 17
1537 17
1538 17
1539 17
1540 17
1541 17
1542 17
1543 17
1544 18
1545 18
1546 17
1547 18
1548 18
1549 18
1550 17
1551 17
1552 17
1553 17
1554 17
1555 17
1556 17
1557 17
1558 18
1559 17
1560 19
1561 17
1562 17
1563 17
1564 17
1565 17
1566 17
1567 17
1568 17
1569 17
1570 17
1571 17
1572 18
1573 18
1574 18
1575 18
1576 17
1577 17
1578 18
1579 17
1580 17
1581 17
1582 17
1583 17
1584 17
1585 17
1586 17
1587 17
1588 17
1589 17
1590 17
1591 17
1592 18
1593 18
1594 18
1595 18
1596 17
1597 17
1598 17
1599 17
1600 17
1601 17
1602 18
1603 17
1604 18
1605 18
1606 18
1607 18
1608 18
1609 18
1610 18
1611 18
1612 18
1613 18
1614 18
1615 18
1616 18
1617 18
1618 17
1619 17
1620 17
1621 17
1622 17
1623 17
1624 19
1625 17
1626 17
1627 17
1628 17
1629 17
1630 17
1631 17
1632 17
1633 18
1634 17
1635 17
1636 17
1637 17
1638 17
1639 17
1640 17
1641 17
1642 17
1643 17
1644 17
1645 17
1646 17
1647 17
1648 17
1649 17
1650 17
1651 17
1652 17
1653 17
1654 17
1655 17
1656 17
1657 17
1658 17
1659 17
1660 17
1661 17
1662 17
1663 17
1664 17
1665 17
1666 17
1667 17
1668 17
1669 17
1670 17
1671 17
1672 17
1673 17
1674 17
1675 17
1676 23
1677 18
1678 18
1679 17
1680 17
1681 18
1682 18
1683 18
1684 18
1685 17
1686 17
1687 17
1688 17
1689 17
1690 18
1691 18
1692 18
1693 17
1694 17
1695 17
1696 17
1697 17
1698 17
1699 17
1700 18
1701 18
1702 17
1703 18
1704 18
1705 18
1706 18
1707 17
1708 17
1709 17
1710 17
1711 18
1712 18
1713 18
1714 18
1715 17
1716 17
1717 17
1718 17
1719 17
1720 17
1721 17
1722 17
1723 17
1724 17
1725 17
1726 17
1727 17
1728 17
1729 17
1730 18
1731 18
1732 18
1733 18
1734 18
1735 17
1736 17
1737 17
1738 17
1739 17
1740 17
1741 17
1742 17
1743 17
1744 17
1745 17
1746 17
1747 17
1748 17
1749 17
1750 17
1751 18
1752 17
1753 17
1754 17
1755 17
1756 18
1757 18
1758 18
1759 17
1760 18
1761 18
1762 17
1763 18
1764 18
1765 18
1766 18
1767 17
1768 17
1769 17
1770 18
1771 17
1772 17
1773 17
1774 18
1775 18
1776 18
1777 17
1778 17
1779 17
1780 17
1781 17
1782 17
1783 17
1784 17
1785 18
1786 17
1787 17
1788 17
1789 17
1790 18
1791 18
1792 18
1793 17
1794 17
1795 17
1796 17
1797 17
1798 17
1799 18
1800 18
1801 17
1802 17
1803 17
1804 17
1805 17
1806 17
1807 17
1808 17
1809 18
1810 17
1811 17
1812 16
1813 17
1814 18
1815 18
1816 17
1817 17
1818 17
1819 17
1820 18
1821 17
1822 17
1823 17
1824 17
1825 17
1826 18
1827 18
1828 18
1829 17
1830 17
1831 17
1832 17
1833 17
1834 17
1835 17
1836 18
1837 18
1838 18
1839 17
1840 17
1841 17
1842 17
1843 17
1844 17
1845 17
1846 17
1847 17
1848 17
1849 18
1850 21
1851 18
1852 18
1853 17
1854 17
1855 17
1856 17
1857 17
1858 18
1859 17
1860 17
1861 17
1862 17
1863 17
1864 17
1865 17
1866 17
1867 17
1868 18
1869 17
1870 17
1871 17
1872 17
1873 18
1874 18
1875 18
1876 18
1877 18
1878 18
1879 17
1880 17
1881 18
1882 17
1883 18
1884 17
1885 17
1886 17
1887 17
1888 18
1889 17
1890 17
1891 17
1892 17
1893 17
1894 17
1895 17
1896 17
1897 17
1898 17
1899 18
1900 17
1901 18
1902 18
1903 17
1904 17
1905 18
1906 18
1907 18
1908 17
1909 17
1910 18
1911 18
1912 18
1913 18
1914 17
1915 18
1916 18
1917 17
1918 17
1919 18
1920 17
1921 17
1922 18
1923 17
1924 17
1925 17
1926 17
1927 17
1928 17
1929 17
1930 17
1931 17
1932 17
1933 18
1934 18
1935 17
1936 18
1937 18
1938 18
1939 17
1940 18
1941 18
1942 17
1943 17
1944 17
1945 17
1946 17
1947 18
1948 18
1949 18
1950 17
1951 18
1952 18
1953 17
1954 18
1955 18
1956 17
1957 18
1958 18
1959 18
1960 17
1961 17
1962 17
1963 18
1964 17
1965 17
1966 17
1967 18
1968 17
1969 17
1970 17
1971 17
1972 17
1973 18
1974 17
1975 17
1976 18
1977 18
1978 18
1979 18
1980 17
1981 17
1982 17
1983 17
1984 18
1985 17
1986 17
1987 17
1988 17
1989 17
1990 17
1991 17
1992 17
1993 17
1994 17
1995 17
1996 18
1997 17
1998 17
1999 17
2000 18
2001 17
2002 17
2003 17
2004 17
2005 17
2006 18
2007 18
2008 18
2009 17
2010 18
2011 17
2012 17
2013 17
2014 17
2015 18
2016 17
2017 18
2018 18
2019 17
2020 18
2021 18
2022 18
2023 17
2024 17
2025 17
2026 18
2027 18
2028 17
2029 17
2030 17
2031 17
2032 20
2033 17
2034 17
2035 17
2036 17
2037 17
2038 18
2039 18
2040 17
2041 18
2042 18
2043 17
2044 18
2045 17
2046 18
2047 18
2048 17
2049 17
2050 17
2051 17
2052 18
2053 17
2054 17
2055 17
2056 17
2057 17
2058 17
2059 17
2060 17
2061 17
2062 17
2063 17
2064 17
2065 17
2066 18
2067 18
2068 18
2069 18
2070 18
2071 17
2072 17
2073 17
2074 17
2075 17
2076 18
2077 18
2078 17
2079 17
2080 17
2081 17
2082 18
2083 18
2084 18
2085 18
2086 18
2087 18
2088 18
2089 17
2090 17
2091 17
2092 17
2093 18
2094 17
2095 17
2096 17
2097 17
2098 17
2099 17
2100 18
2101 17
2102 17
2103 17
2104 17
2105 18
2106 18
2107 18
2108 18
2109 18
2110 20
2111 17
2112 17
2113 17
2114 18
2115 17
2116 17
2117 17
2118 18
2119 17
2120 17
2121 17
2122 17
2123 18
2124 17
2125 17
2126 17
2127 17
2128 18
2129 18
2130 17
2131 17
2132 18
2133 18
2134 18
2135 17
2136 17
2137 17
2138 18
2139 18
2140 17
2141 17
2142 17
2143 17
2144 17
2145 17
2146 17
2147 17
2148 17
2149 18
2150 18
2151 17
2152 17
2153 18
2154 18
2155 17
2156 17
2157 17
2158 17
2159 18
2160 17
2161 17
2162 17
2163 17
2164 18
2165 18
2166 17
2167 17
2168 17
2169 17
2170 17
2171 17
2172 17
2173 17
2174 17
2175 17
2176 18
2177 17
2178 18
2179 18
2180 17
2181 17
2182 17
2183 17
2184 17
2185 17
2186 18
2187 17
2188 17
2189 17
2190 17
2191 17
2192 17
2193 18
2194 17
2195 17
2196 17
2197 17
2198 18
2199 18
2200 17
2201 17
2202 17
2203 17
2204 17
2205 17
2206 18
2207 17
2208 18
2209 17
2210 17
2211 17
2212 17
2213 18
2214 32
2215 18
2216 17
2217 17
2218 17
2219 17
2220 17
2221 17
2222 18
2223 17
2224 17
2225 18
2226 18
2227 18
2228 18
2229 17
2230 17
2231 17
2232 17
2233 18
2234 17
2235 17
2236 17
2237 18
2238 18
2239 18
2240 18
2241 17
2242 17
2243 17
2244 17
2245 17
2246 17
2247 17
2248 18
2249 17
2250 17
2251 17
2252 18
2253 18
2254 18
2255 18
2256 17
2257 17
2258 17
2259 17
2260 17
2261 17
2262 17
2263 17
2264 18
2265 17
2266 17
2267 17
2268 17
2269 17
2270 17
2271 17
2272 18
2273 18
2274 17
2275 18
2276 18
2277 18
2278 17
2279 17
2280 17
2281 17
2282 17
2283 17
2284 17
2285 17
2286 18
2287 17
2288 17
2289 17
2290 17
2291 17
2292 17
2293 17
2294 17
2295 17
2296 17
2297 17
2298 17
2299 17
2300 17
2301 18
2302 18
2303 18
2304 17
2305 17
2306 18
2307 18
2308 18
2309 18
2310 17
2311 17
2312 17
2313 18
2314 17
2315 18
2316 18
2317 18
2318 18
2319 18
2320 18
2321 17
2322 18
2323 18
2324 18
2325 17
2326 17
2327 18
2328 18
2329 18
2330 18
2331 17
2332 18
2333 18
2334 18
2335 18
2336 18
2337 17
2338 18
2339 18
2340 17
2341 17
2342 18
2343 18
2344 18
2345 18
2346 18
2347 18
2348 17
2349 17
2350 17
2351 17
2352 17
2353 17
2354 17
2355 17
2356 17
2357 17
2358 17
2359 17
2360 17
2361 17
2362 18
2363 18
2364 18
2365 18
2366 18
2367 17
2368 18
2369 17
2370 17
2371 17
2372 17
2373 17
2374 17
2375 17
2376 17
2377 17
2378 17
2379 17
2380 17
2381 17
2382 17
2383 18
2384 18
2385 17
2386 17
2387 17
2388 17
2389 17
2390 18
2391 17
2392 17
2393 17
2394 17
2395 21
2396 18
2397 17
2398 17
2399 17
2400 17
2401 17
2402 18
2403 17
2404 18
2405 18
2406 18
2407 17
2408 17
2409 17
2410 17
2411 17
2412 17
2413 18
2414 18
2415 18
2416 18
2417 18
2418 17
2419 17
2420 17
2421 17
2422 17
2423 17
2424 17
2425 17
2426 17
2427 17
2428 18
2429 18
2430 18
2431 18
2432 18
2433 18
2434 18
2435 18
2436 17
2437 17
2438 17
2439 17
2440 17
2441 18
2442 18
2443 18
2444 17
2445 17
2446 17
2447 17
2448 17
2449 18
2450 18
2451 17
2452 17
2453 17
2454 17
2455 17
2456 17
2457 18
2458 18
2459 18
2460 17
2461 17
2462 17
2463 17
2464 17
2465 17
2466 18
2467 18
2468 18
2469 18
2470 17
2471 17
2472 17
2473 17
2474 18
2475 18
2476 18
2477 18
2478 18
2479 18
2480 18
2481 18
2482 18
2483 18
2484 17
2485 18
2486 18
2487 18
2488 17
2489 17
2490 17
2491 17
2492 17
2493 17
2494 17
2495 17
2496 18
2497 18
2498 18
2499 18
2500 17
2501 18
2502 18
2503 18
2504 17
2505 18
2506 18
2507 18
2508 17
2509 17
2510 18
2511 18
2512 18
2513 17
2514 17
2515 17
2516 18
2517 18
2518 18
2519 18
2520 17
2521 18
2522 18
2523 17
2524 17
2525 17
2526 17
2527 17
2528 17
2529 17
2530 17
2531 17
2532 18
2533 18
2534 18
2535 18
2536 18
2537 18
2538 18
2539 18
2540 18
2541 18
2542 18
2543 17
2544 17
2545 18
2546 17
2547 17
2548 17
2549 17
2550 17
2551 17
2552 17
2553 17
2554 17
2555 18
2556 18
2557 18
2558 17
2559 17
2560 17
2561 17
2562 17
2563 17
2564 17
2565 17
2566 17
2567 17
2568 17
2569 17
2570 18
2571 18
2572 21
2573 18
2574 17
2575 17
2576 17
2577 19
2578 18
2579 18
2580 20
2581 18
2582 18
2583 18
2584 18
2585 18
2586 18
2587 17
2588 17
2589 17
2590 17
2591 17
2592 17
2593 17
2594 17
2595 17
2596 17
2597 17
2598 17
2599 17
2600 17
2601 18
2602 18
2603 18
2604 17
2605 17
2606 18
2607 18
2608 18
2609 17
2610 18
2611 17
2612 17
2613 17
2614 17
2615 17
2616 17
2617 17
2618 17
2619 17
2620 17
2621 17
2622 17
2623 17
2624 17
2625 17
2626 17
2627 17
2628 17
2629 17
2630 17
2631 18
2632 17
2633 17
2634 17
2635 17
2636 17
2637 16
2638 17
2639 17
2640 17
2641 17
2642 17
2643 17
2644 19
2645 18
2646 17
2647 17
2648 17
2649 17
2650 17
2651 17
2652 19
2653 18
2654 17
2655 17
2656 17
2657 17
2658 17
2659 17
2660 17
2661 17
2662 17
2663 17
2664 17
2665 17
2666 17
2667 17
2668 17
2669 17
2670 17
2671 17
2672 17
2673 18
2674 18
2675 17
2676 17
2677 16
2678 17
2679 16
2680 17
2681 17
2682 17
2683 17
2684 17
2685 17
2686 17
2687 17
2688 17
2689 17
2690 17
2691 17
2692 17
2693 17
2694 18
2695 17
2696 18
2697 17
2698 17
2699 17
2700 17
2701 17
2702 17
2703 17
2704 17
2705 17
2706 17
2707 17
2708 18
2709 17
2710 18
2711 17
2712 17
2713 18
2714 18
2715 18
2716 17
2717 17
2718 18
2719 17
2720 17
2721 17
2722 17
2723 17
2724 17
2725 16
2726 17
2727 17
2728 17
2729 17
2730 17
2731 17
2732 17
2733 17
2734 17
2735 17
2736 19
2737 18
2738 17
2739 17
2740 17
2741 17
2742 17
2743 17
2744 17
2745 17
2746 17
2747 17
2748 17
2749 17
2750 17
2751 17
2752 17
2753 17
2754 17
2755 17
2756 17
2757 18
2758 17
2759 17
2760 30
2761 18
2762 17
2763 17
2764 17
2765 17
2766 17
2767 17
2768 17
2769 17
2770 17
2771 17
2772 19
2773 17
2774 17
2775 17
2776 17
2777 17
2778 18
2779 17
2780 17
2781 17
2782 17
2783 17
2784 17
2785 17
2786 17
2787 17
2788 16
2789 17
2790 17
2791 17
2792 17
2793 17
2794 17
2795 16
2796 17
2797 17
2798 17
2799 18
2800 17
2801 17
2802 17
2803 17
2804 17
2805 17
2806 17
2807 16
2808 17
2809 17
2810 17
2811 17
2812 17
2813 17
2814 17
2815 17
2816 17
2817 17
2818 18
2819 17
2820 18
2821 17
2822 17
2823 17
2824 17
2825 17
2826 17
2827 17
2828 17
2829 17
2830 17
2831 17
2832 17
2833 17
2834 17
2835 17
2836 18
2837 17
2838 17
2839 17
2840 17
2841 18
2842 18
2843 17
2844 17
2845 17
2846 17
2847 17
2848 17
2849 17
2850 17
2851 17
2852 17
2853 17
2854 17
2855 17
2856 16
2857 17
2858 16
2859 17
2860 17
2861 17
2862 18
2863 18
2864 17
2865 17
2866 17
2867 17
2868 17
2869 17
2870 16
2871 17
2872 17
2873 17
2874 17
2875 17
2876 17
2877 17
2878 17
2879 18
2880 17
2881 17
2882 17
2883 18
2884 17
2885 17
2886 17
2887 17
2888 17
2889 17
2890 17
2891 16
2892 17
2893 17
2894 17
2895 17
2896 17
2897 17
2898 18
2899 17
2900 18
2901 17
2902 17
2903 17
2904 18
2905 17
2906 17
2907 17
2908 17
2909 16
2910 17
2911 17
2912 17
2913 17
2914 17
2915 17
2916 18
2917 17
2918 17
2919 17
2920 17
2921 17
2922 17
2923 17
2924 17
2925 18
2926 17
2927 17
2928 17
2929 17
2930 17
2931 17
2932 17
2933 17
2934 17
2935 17
2936 17
2937 17
2938 17
2939 17
2940 17
2941 17
2942 17
2943 18
2944 18
2945 17
2946 18
2947 17
2948 17
2949 18
2950 17
2951 17
2952 17
2953 17
2954 17
2955 17
2956 17
2957 17
2958 17
2959 17
2960 17
2961 17
2962 17
2963 17
2964 19
2965 17
2966 17
2967 18
2968 17
2969 17
2970 17
2971 17
2972 17
2973 17
2974 17
2975 16
2976 17
2977 17
2978 17
2979 17
2980 17
2981 17
2982 17
2983 17
2984 17
2985 17
2986 18
2987 17
2988 18
2989 17
2990 17
2991 17
2992 17
2993 17
2994 17
2995 17
2996 17
2997 17
2998 17
2999 17
3000 17
3001 17
3002 17
3003 17
3004 17
3005 17
3006 17
3007 17
3008 17
3009 18
3010 17
3011 17
3012 17
3013 17
3014 17
3015 17
3016 16
3017 17
3018 17
3019 17
3020 17
3021 17
3022 17
3023 17
3024 17
3025 17
3026 17
3027 18
3028 19
3029 17
3030 18
3031 17
3032 17
3033 17
3034 17
3035 17
3036 17
3037 17
3038 17
3039 17
3040 17
3041 17
3042 17
3043 17
3044 17
3045 17
3046 17
3047 18
3048 17
3049 17
3050 17
3051 18
3052 17
3053 17
3054 17
3055 17
3056 17
3057 17
3058 17
3059 17
3060 17
3061 17
3062 17
3063 17
3064 17
3065 17
3066 17
3067 17
3068 17
3069 17
3070 17
3071 17
3072 18
3073 17
3074 17
3075 17
3076 17
3077 17
3078 17
3079 17
3080 17
3081 17
3082 17
3083 17
3084 17
3085 17
3086 16
3087 17
3088 16
3089 17
3090 18
3091 18
3092 19
3093 18
3094 17
3095 17
3096 17
3097 17
3098 17
3099 17
3100 17
3101 17
3102 17
3103 17
3104 17
3105 17
3106 17
3107 17
3108 17
3109 17
3110 17
3111 17
3112 17
3113 17
3114 18
3115 18
3116 17
3117 17
3118 17
3119 17
3120 17
3121 17
3122 17
3123 17
3124 17
3125 17
3126 17
3127 268
3128 22
3129 17
3130 17
3131 17
3132 18
3133 17
3134 17
3135 17
3136 17
3137 17
3138 17
3139 17
3140 17
3141 17
3142 17
3143 17
3144 17
3145 17
3146 17
3147 17
3148 17
3149 17
3150 18
3151 18
3152 17
3153 17
3154 17
3155 17
3156 18
3157 18
3158 18
3159 18
3160 18
3161 18
3162 18
3163 17
3164 17
3165 17
3166 17
3167 17
3168 17
3169 17
3170 18
3171 17
3172 17
3173 17
3174 17
3175 17
3176 17
3177 17
3178 18
3179 18
3180 17
3181 17
3182 17
3183 18
3184 17
3185 17
3186 17
3187 17
3188 17
3189 18
3190 18
3191 18
3192 18
3193 17
3194 17
3195 17
3196 17
3197 18
3198 18
3199 18
3200 18
3201 17
3202 17
3203 17
3204 18
3205 18
3206 17
3207 17
3208 17
3209 18
3210 17
3211 17
3212 18
3213 18
3214 18
3215 18
3216 18
3217 17
3218 17
3219 17
3220 17
3221 17
3222 17
3223 17
3224 17
3225 17
3226 17
3227 17
3228 17
3229 17
3230 17
3231 17
3232 18
3233 18
3234 17
3235 18
3236 17
3237 17
3238 17
3239 18
3240 18
3241 17
3242 17
3243 18
3244 18
3245 18
3246 17
3247 17
3248 18
3249 18
3250 17
3251 18
3252 18
3253 17
3254 17
3255 18
3256 18
3257 17
3258 17
3259 17
3260 17
3261 18
3262 18
3263 18
3264 18
3265 17
3266 17
3267 17
3268 17
3269 17
3270 16
3271 17
3272 17
3273 17
3274 17
3275 17
3276 16
3277 17
3278 17
3279 17
3280 17
3281 17
3282 18
3283 17
3284 17
3285 17
3286 17
3287 17
3288 17
3289 17
3290 17
3291 17
3292 17
3293 17
3294 18
3295 18
3296 18
3297 18
3298 26
3299 17
3300 17
3301 17
3302 17
3303 18
3304 18
3305 17
3306 18
3307 17
3308 17
3309 18
3310 17
3311 17
3312 17
3313 17
3314 17
3315 17
3316 17
3317 17
3318 17
3319 17
3320 17
3321 17
3322 17
3323 17
3324 17
3325 17
3326 17
3327 17
3328 18
3329 17
3330 17
3331 17
3332 17
3333 17
3334 17
3335 17
3336 17
3337 17
3338 17
3339 17
3340 17
3341 17
3342 17
3343 17
3344 18
3345 18
3346 18
3347 18
3348 18
3349 18
3350 17
3351 17
3352 18
3353 18
3354 18
3355 17
3356 18
3357 18
3358 18
3359 17
3360 17
3361 17
3362 17
3363 17
3364 17
3365 17
3366 17
3367 17
3368 17
3369 17
3370 18
3371 17
3372 17
3373 17
3374 17
3375 17
3376 17
3377 17
3378 17
3379 17
3380 17
3381 17
3382 17
3383 17
3384 18
3385 17
3386 17
3387 17
3388 17
3389 17
3390 17
3391 17
3392 18
3393 17
3394 17
3395 17
3396 17
3397 17
3398 17
3399 17
3400 17
3401 17
3402 18
3403 18
3404 18
3405 18
3406 17
3407 18
3408 17
3409 17
3410 17
3411 17
3412 18
3413 17
3414 17
3415 17
3416 18
3417 17
3418 17
3419 17
3420 17
3421 18
3422 18
3423 18
3424 18
3425 17
3426 17
3427 17
3428 18
3429 17
3430 17
3431 17
3432 17
3433 18
3434 17
3435 17
3436 17
3437 18
3438 18
3439 18
3440 17
3441 17
3442 17
3443 17
3444 17
3445 17
3446 18
3447 17
3448 17
3449 18
3450 17
3451 17
3452 18
3453 17
3454 17
3455 17
3456 17
3457 17
3458 17
3459 17
3460 17
3461 17
3462 17
3463 18
3464 17
3465 17
3466 17
3467 17
3468 17
3469 18
3470 17
3471 17
3472 17
3473 17
3474 18
3475 17
3476 17
3477 17
3478 17
3479 17
3480 17
3481 21
3482 17
3483 17
3484 17
3485 17
3486 17
3487 17
3488 18
3489 18
3490 18
3491 17
3492 17
3493 18
3494 18
3495 18
3496 18
3497 17
3498 17
3499 17
3500 18
3501 18
3502 17
3503 17
3504 17
3505 17
3506 17
3507 17
3508 17
3509 17
3510 17
3511 17
3512 17
3513 17
3514 18
3515 17
3516 17
3517 18
3518 17
3519 17
3520 17
3521 17
3522 17
3523 17
3524 17
3525 17
3526 17
3527 17
3528 17
3529 17
3530 17
3531 17
3532 17
3533 17
3534 17
3535 17
3536 18
3537 17
3538 18
3539 17
3540 17
3541 17
3542 17
3543 17
3544 17
3545 17
3546 17
3547 17
3548 17
3549 18
3550 17
3551 17
3552 17
3553 17
3554 17
3555 17
3556 17
3557 18
3558 17
3559 17
3560 18
3561 17
3562 17
3563 17
3564 17
3565 17
3566 17
3567 17
3568 17
3569 18
3570 18
3571 17
3572 17
3573 17
3574 17
3575 17
3576 21
3577 17
3578 17
3579 17
3580 17
3581 17
3582 18
3583 17
3584 17
3585 17
3586 17
3587 17
3588 17
3589 17
3590 17
3591 17
3592 17
3593 18
3594 18
3595 18
3596 18
3597 17
3598 17
3599 17
3600 18
3601 17
3602 17
3603 17
3604 17
3605 17
3606 18
3607 17
3608 17
3609 17
3610 17
3611 17
3612 17
3613 17
3614 17
3615 17
3616 17
3617 17
3618 17
3619 17
3620 17
3621 17
3622 17
3623 17
3624 17
3625 17
3626 17
3627 17
3628 17
3629 18
3630 18
3631 18
3632 17
3633 17
3634 17
3635 16
3636 17
3637 17
3638 18
3639 17
3640 17
3641 17
3642 17
3643 17
3644 17
3645 18
3646 18
3647 18
3648 17
3649 17
3650 17
3651 17
3652 17
3653 17
3654 17
3655 17
3656 17
3657 17
3658 17
3659 18
3660 17
3661 17
3662 17
3663 17
3664 30
3665 18
3666 18
3667 18
3668 17
3669 17
3670 17
3671 17
3672 17
3673 17
3674 17
3675 17
3676 17
3677 17
3678 17
3679 17
3680 17
3681 17
3682 17
3683 17
3684 18
3685 17
3686 17
3687 17
3688 17
3689 17
3690 18
3691 17
3692 17
3693 16
3694 17
3695 17
3696 17
3697 18
3698 18
3699 17
3700 17
3701 17
3702 18
3703 18
3704 17
3705 17
3706 17
3707 17
3708 18
3709 17
3710 17
3711 17
3712 17
3713 17
3714 18
3715 17
3716 18
3717 18
3718 18
3719 17
3720 17
3721 17
3722 18
3723 17
3724 17
3725 17
3726 17
3727 16
3728 17
3729 17
3730 17
3731 20
3732 18
3733 17
3734 18
3735 18
3736 17
3737 17
3738 17
3739 17
3740 17
3741 17
3742 17
3743 18
3744 17
3745 17
3746 17
3747 17
3748 17
3749 17
3750 17
3751 18
3752 17
3753 17
3754 17
3755 17
3756 17
3757 17
3758 17
3759 17
3760 18
3761 18
3762 17
3763 18
3764 18
3765 17
3766 17
3767 17
3768 17
3769 17
3770 18
3771 18
3772 18
3773 17
3774 18
3775 18
3776 18
3777 17
3778 17
3779 18
3780 17
3781 20
3782 18
3783 18
3784 18
3785 18
3786 17
3787 17
3788 18
3789 17
3790 17
3791 17
3792 17
3793 17
3794 17
3795 17
3796 17
3797 17
3798 17
3799 17
3800 17
3801 17
3802 17
3803 17
3804 17
3805 17
3806 17
3807 17
3808 18
3809 18
3810 18
3811 18
3812 18
3813 17
3814 17
3815 17
3816 17
3817 17
3818 17
3819 17
3820 18
3821 17
3822 17
3823 17
3824 17
3825 17
3826 18
3827 17
3828 17
3829 17
3830 17
3831 17
3832 17
3833 17
3834 17
3835 17
3836 17
3837 17
3838 18
3839 17
3840 17
3841 17
3842 17
3843 17
3844 17
3845 17
3846 36
3847 18
3848 17
3849 17
3850 18
3851 18
3852 17
3853 18
3854 18
3855 17
3856 17
3857 17
3858 18
3859 18
3860 18
3861 18
3862 18
3863 18
3864 18
3865 18
3866 18
3867 18
3868 17
3869 17
3870 17
3871 17
3872 17
3873 17
3874 17
3875 17
3876 17
3877 18
3878 18
3879 18
3880 18
3881 18
3882 18
3883 18
3884 17
3885 18
3886 20
3887 18
3888 18
3889 17
3890 17
3891 17
3892 17
3893 17
3894 17
3895 18
3896 17
3897 17
3898 17
3899 18
3900 17
3901 18
3902 18
3903 17
3904 18
3905 18
3906 18
3907 18
3908 17
3909 17
3910 17
3911 17
3912 17
3913 17
3914 18
3915 17
3916 17
3917 17
3918 17
3919 17
3920 17
3921 17
3922 17
3923 17
3924 17
3925 17
3926 17
3927 17
3928 17
3929 18
3930 17
3931 17
3932 18
3933 17
3934 17
3935 18
3936 18
3937 17
3938 17
3939 17
3940 17
3941 17
3942 18
3943 18
3944 18
3945 17
3946 18
3947 17
3948 18
3949 18
3950 18
3951 17
3952 17
3953 17
3954 18
3955 18
3956 18
3957 18
3958 17
3959 17
3960 17
3961 17
3962 18
3963 17
3964 17
3965 18
3966 18
3967 18
3968 18
3969 17
3970 19
3971 17
3972 17
3973 17
3974 18
3975 18
3976 18
3977 18
3978 18
3979 18
3980 17
3981 18
3982 18
3983 18
3984 17
3985 17
3986 17
3987 17
3988 17
3989 17
3990 17
3991 17
3992 17
3993 17
3994 18
3995 18
3996 18
3997 18
3998 18
3999 18
4000 18
4001 17
4002 18
4003 18
4004 17
4005 17
4006 17
4007 17
4008 17
4009 17
4010 17
4011 17
4012 17
4013 17
4014 17
4015 17
4016 17
4017 18
4018 18
4019 18
4020 17
4021 18
4022 17
4023 17
4024 17
4025 17
4026 17
4027 24
4028 18
4029 17
4030 17
4031 17
4032 18
4033 18
4034 17
4035 18
4036 18
4037 19
4038 17
4039 17
4040 17
4041 17
4042 17
4043 17
4044 17
4045 17
4046 18
4047 17
4048 18
4049 18
4050 18
4051 17
4052 17
4053 17
4054 18
4055 18
4056 18
4057 17
4058 17
4059 18
4060 18
4061 18
4062 17
4063 17
4064 17
4065 17
4066 17
4067 17
4068 17
4069 17
4070 17
4071 18
4072 17
4073 18
4074 17
4075 18
4076 17
4077 17
4078 18
4079 17
4080 17
4081 17
4082 18
4083 19
4084 18
4085 18
4086 22
4087 17
4088 17
4089 17
4090 17
4091 18
4092 18
4093 18
4094 19
4095 17
4096 18
4097 18
4098 18
4099 17
4100 17
4101 17
4102 17
4103 18
4104 18
4105 18
4106 18
4107 18
4108 18
4109 18
4110 17
4111 17
4112 17
4113 17
4114 17
4115 17
4116 17
4117 17
4118 17
4119 17
4120 18
4121 17
4122 17
4123 17
4124 17
4125 18
4126 18
4127 18
4128 18
4129 18
4130 18
4131 18
4132 18
4133 18
4134 18
4135 19
4136 18
4137 18
4138 17
4139 18
4140 18
4141 18
4142 18
4143 17
4144 17
4145 17
4146 17
4147 17
4148 17
4149 17
4150 21
4151 17
4152 18
4153 18
4154 17
4155 17
4156 18
4157 18
4158 18
4159 17
4160 17
4161 17
4162 18
4163 18
4164 18
4165 18
4166 17
4167 18
4168 18
4169 18
4170 17
4171 18
4172 18
4173 17
4174 18
4175 17
4176 17
4177 17
4178 17
4179 17
4180 17
4181 17
4182 17
4183 17
4184 18
4185 18
4186 17
4187 17
4188 17
4189 17
4190 17
4191 17
4192 17
4193 17
4194 18
4195 18
4196 18
4197 18
4198 17
4199 17
4200 18
4201 17
4202 17
4203 17
4204 17
4205 17
4206 17
4207 26
4208 17
4209 17
4210 17
4211 17
4212 18
4213 18
4214 20
4215 18
4216 18
4217 17
4218 18
4219 18
4220 18
4221 18
4222 18
4223 18
4224 18
4225 17
4226 18
4227 18
4228 18
4229 18
4230 18
4231 17
4232 17
4233 17
4234 17
4235 17
4236 17
4237 17
4238 17
4239 17
4240 16
4241 18
4242 17
4243 17
4244 18
4245 17
4246 17
4247 17
4248 17
4249 17
4250 17
4251 18
4252 18
4253 18
4254 18
4255 17
4256 17
4257 18
4258 17
4259 17
4260 17
4261 17
4262 17
4263 18
4264 17
4265 17
4266 17
4267 17
4268 17
4269 17
4270 17
4271 17
4272 17
4273 17
4274 17
4275 17
4276 17
4277 17
4278 20
4279 17
4280 17
4281 17
4282 17
4283 17
4284 17
4285 17
4286 17
4287 17
4288 18
4289 18
4290 18
4291 17
4292 18
4293 18
4294 17
4295 17
4296 17
4297 17
4298 17
4299 17
4300 17
4301 17
4302 17
4303 18
4304 17
4305 17
4306 17
4307 17
4308 17
4309 17
4310 17
4311 17
4312 17
4313 17
4314 17
4315 18
4316 18
4317 18
4318 17
4319 17
4320 17
4321 17
4322 17
4323 17
4324 17
4325 18
4326 18
4327 17
4328 17
4329 17
4330 17
4331 17
4332 17
4333 18
4334 18
4335 17
4336 17
4337 17
4338 17
4339 17
4340 17
4341 17
4342 20
4343 18
4344 17
4345 17
4346 17
4347 17
4348 17
4349 17
4350 17
4351 17
4352 17
4353 17
4354 17
4355 17
4356 17
4357 17
4358 18
4359 18
4360 18
4361 18
4362 17
4363 17
4364 18
4365 17
4366 17
4367 17
4368 17
4369 17
4370 18
4371 17
4372 17
4373 17
4374 18
4375 18
4376 18
4377 18
4378 18
4379 17
4380 17
4381 17
4382 17
4383 17
4384 17
4385 17
4386 17
4387 17
4388 17
4389 38
4390 21
4391 17
4392 17
4393 17
4394 17
4395 17
4396 17
4397 18
4398 18
4399 18
4400 17
4401 18
4402 18
4403 18
4404 18
4405 18
4406 20
4407 17
4408 17
4409 17
4410 17
4411 17
4412 17
4413 17
4414 17
4415 17
4416 17
4417 17
4418 17
4419 17
4420 17
4421 17
4422 17
4423 17
4424 17
4425 17
4426 17
4427 17
4428 17
4429 17
4430 18
4431 17
4432 17
4433 17
4434 17
4435 17
4436 17
4437 17
4438 17
4439 17
4440 17
4441 17
4442 17
4443 17
4444 17
4445 17
4446 17
4447 17
4448 17
4449 17
4450 17
4451 17
4452 17
4453 17
4454 17
4455 17
4456 17
4457 17
4458 17
4459 17
4460 17
4461 17
4462 17
4463 17
4464 17
4465 18
4466 18
4467 17
4468 17
4469 18
4470 19
4471 17
4472 17
4473 17
4474 17
4475 17
4476 17
4477 17
4478 17
4479 17
4480 17
4481 17
4482 17
4483 17
4484 17
4485 17
4486 17
4487 17
4488 17
4489 17
4490 17
4491 17
4492 17
4493 17
4494 17
4495 17
4496 17
4497 17
4498 17
4499 17
4500 17
4501 17
4502 17
4503 17
4504 17
4505 17
4506 18
4507 17
4508 17
4509 17
4510 17
4511 17
4512 17
4513 17
4514 17
4515 17
4516 17
4517 17
4518 17
4519 17
4520 17
4521 17
4522 17
4523 17
4524 17
4525 18
4526 18
4527 17
4528 18
4529 18
4530 18
4531 18
4532 18
4533 18
4534 19
4535 17
4536 17
4537 17
4538 17
4539 17
4540 17
4541 17
4542 17
4543 17
4544 17
4545 17
4546 17
4547 17
4548 18
4549 18
4550 17
4551 17
4552 17
4553 17
4554 17
4555 17
4556 18
4557 18
4558 18
4559 17
4560 17
4561 17
4562 17
4563 17
4564 17
4565 18
4566 18
4567 18
4568 17
4569 293
4570 24
4571 17
4572 17
4573 17
4574 17
4575 17
4576 17
4577 18
4578 17
4579 17
4580 17
4581 17
4582 17
4583 17
4584 17
4585 17
4586 17
4587 17
4588 17
4589 17
4590 18
4591 17
4592 17
4593 17
4594 17
4595 17
4596 17
4597 18
4598 18
4599 18
4600 17
4601 17
4602 18
4603 18
4604 17
4605 17
4606 18
4607 18
4608 19
4609 17
4610 20
4611 19
4612 18
4613 18
4614 18
4615 18
4616 17
4617 18
4618 17
4619 17
4620 17
4621 17
4622 17
4623 17
4624 17
4625 17
4626 17
4627 17
4628 17
4629 17
4630 17
4631 17
4632 18
4633 18
4634 17
4635 17
4636 18
4637 18
4638 18
4639 18
4640 18
4641 18
4642 18
4643 17
4644 18
4645 17
4646 17
4647 17
4648 17
4649 17
4650 17
4651 17
4652 18
4653 18
4654 18
4655 17
4656 17
4657 17
4658 17
4659 17
4660 17
4661 17
4662 17
4663 17
4664 18
4665 18
4666 18
4667 18
4668 17
4669 17
4670 18
4671 17
4672 17
4673 17
4674 17
4675 17
4676 18
4677 18
4678 17
4679 18
4680 19
4681 18
4682 18
4683 18
4684 17
4685 18
4686 19
4687 17
4688 19
4689 20
4690 17
4691 17
4692 17
4693 17
4694 18
4695 18
4696 17
4697 18
4698 17
4699 17
4700 17
4701 17
4702 18
4703 18
4704 18
4705 17
4706 17
4707 18
4708 18
4709 18
4710 18
4711 18
4712 18
4713 18
4714 18
4715 17
4716 17
4717 18
4718 18
4719 17
4720 18
4721 18
4722 18
4723 17
4724 17
4725 17
4726 17
4727 17
4728 17
4729 17
4730 17
4731 17
4732 17
4733 17
4734 17
4735 18
4736 18
4737 23
4738 18
4739 17
4740 17
4741 17
4742 18
4743 17
4744 17
4745 17
4746 17
4747 17
4748 17
4749 17
4750 17
4751 17
4752 16
4753 18
4754 17
4755 17
4756 18
4757 18
4758 21
4759 20
4760 17
4761 20
4762 17
4763 17
4764 17
4765 17
4766 18
4767 17
4768 17
4769 17
4770 18
4771 17
4772 17
4773 17
4774 17
4775 17
4776 18
4777 17
4778 17
4779 17
4780 17
4781 18
4782 17
4783 18
4784 17
4785 17
4786 19
4787 18
4788 17
4789 18
4790 19
4791 18
4792 18
4793 17
4794 18
4795 17
4796 18
4797 18
4798 19
4799 17
4800 18
4801 17
4802 17
4803 17
4804 18
4805 17
4806 17
4807 17
4808 17
4809 17
4810 17
4811 20
4812 19
4813 21
4814 20
4815 19
4816 20
4817 17
4818 18
4819 19
4820 18
4821 21
4822 22
4823 22
4824 25
4825 19
4826 18
4827 20
4828 19
4829 19
4830 20
4831 21
4832 21
4833 19
4834 21
4835 21
4836 20
4837 21
4838 21
4839 17
4840 20
4841 19
4842 20
4843 19
4844 18
4845 18
4846 19
4847 21
4848 21
4849 20
4850 21
4851 20
4852 19
4853 21
4854 19
4855 19
4856 20
4857 21
4858 20
4859 20
4860 23
4861 19
4862 18
4863 19
4864 22
4865 20
4866 21
4867 21
4868 21
4869 17
4870 18
4871 18
4872 19
4873 20
4874 20
4875 18
4876 18
4877 19
4878 18
4879 19
4880 21
4881 23
4882 22
4883 21
4884 21
4885 21
4886 21
4887 23
4888 25
4889 22
4890 19
4891 19
4892 20
4893 23
4894 21
4895 21
4896 23
4897 21
4898 22
4899 20
4900 22
4901 22
4902 19
4903 18
4904 18
4905 41
4906 20
4907 20
4908 21
4909 20
4910 18
4911 18
4912 19
4913 18
4914 20
4915 20
4916 19
4917 18
4918 19
4919 18
4920 20
4921 21
4922 22
4923 21
4924 20
4925 17
4926 18
4927 18
4928 18
4929 19
4930 17
4931 18
4932 19
4933 18
4934 20
4935 20
4936 20
4937 20
4938 18
4939 20
4940 18
4941 18
4942 17
4943 19
4944 19
4945 18
4946 20
4947 18
4948 20
4949 21
4950 20
4951 20
4952 22
4953 21
4954 18
4955 19
4956 19
4957 19
4958 19
4959 20
4960 20
4961 19
4962 20
4963 20
4964 21
4965 20
4966 20
4967 20
4968 18
4969 17
4970 18
4971 19
4972 24
4973 22
4974 21
4975 22
4976 23
4977 20
4978 20
4979 19
4980 18
4981 18
4982 20
4983 18
4984 19
4985 21
4986 21
4987 19
4988 19
4989 22
4990 20
4991 20
4992 22
4993 21
4994 21
4995 21
4996 19
4997 22
4998 19
4999 18
5000 21
5001 21
5002 21
5003 21
5004 21
5005 19
5006 20
5007 20
5008 19
5009 19
5010 19
5011 19
5012 19
5013 18
5014 21
5015 21
5016 22
5017 19
5018 17
5019 18
5020 19
5021 18
5022 18
5023 19
5024 20
5025 21
5026 20
5027 19
5028 19
5029 18
5030 20
5031 20
5032 18
5033 19
5034 18
5035 19
5036 21
5037 19
5038 19
5039 17
5040 18
5041 18
5042 18
5043 20
5044 17
5045 17
5046 18
5047 18
5048 19
5049 20
5050 18
5051 22
5052 20
5053 20
5054 24
5055 19
5056 19
5057 19
5058 17
5059 18
5060 18
5061 19
5062 19
5063 19
5064 17
5065 19
5066 18
5067 18
5068 18
5069 19
5070 22
5071 20
5072 19
5073 21
5074 18
5075 18
5076 18
5077 19
5078 18
5079 18
5080 19
5081 17
5082 20
5083 19
5084 20
5085 18
5086 17
5087 19
5088 19
5089 19
5090 19
5091 18
5092 19
5093 19
5094 20
5095 20
5096 18
5097 17
5098 19
5099 19
5100 19
5101 19
5102 19
5103 18
5104 18
5105 18
5106 19
5107 19
5108 18
5109 18
5110 17
5111 18
5112 19
5113 18
5114 19
5115 18
5116 18
5117 19
5118 19
5119 19
5120 21
5121 19
5122 18
5123 19
5124 19
5125 19
5126 18
5127 18
5128 17
5129 20
5130 17
5131 18
5132 19
5133 20
5134 19
5135 19
5136 19
5137 18
5138 18
5139 19
5140 18
5141 18
5142 17
5143 18
5144 18
5145 19
5146 19
5147 20
5148 19
5149 17
5150 18
5151 17
5152 18
5153 18
5154 19
5155 19
5156 17
5157 17
5158 18
5159 19
5160 20
5161 20
5162 21
5163 17
5164 17
5165 17
5166 18
5167 17
5168 17
5169 18
5170 19
5171 19
5172 20
5173 20
5174 21
5175 20
5176 19
5177 20
5178 19
5179 19
5180 19
5181 18
5182 19
5183 19
5184 20
5185 20
5186 20
5187 19
5188 19
5189 19
5190 17
5191 19
5192 19
5193 18
5194 18
5195 18
5196 18
5197 18
5198 18
5199 18
5200 19
5201 19
5202 19
5203 17
5204 18
5205 19
5206 20
5207 19
5208 19
5209 18
5210 17
5211 18
5212 18
5213 19
5214 17
5215 17
5216 18
5217 19
5218 19
5219 18
5220 18
5221 19
5222 20
5223 19
5224 18
5225 22
5226 20
5227 20
5228 21
5229 21
5230 21
5231 20
5232 22
5233 19
5234 19
5235 19
5236 19
5237 19
5238 18
5239 19
5240 20
5241 18
5242 18
5243 18
5244 19
5245 19
5246 17
5247 17
5248 18
5249 19
5250 20
5251 18
5252 18
5253 19
5254 18
5255 18
5256 19
5257 19
5258 19
5259 19
5260 18
5261 18
5262 18
5263 18
5264 18
5265 17
5266 19
5267 19
5268 21
5269 20
5270 18
5271 18
5272 17
5273 17
5274 17
5275 18
5276 18
5277 18
5278 17
5279 18
5280 17
5281 17
5282 17
5283 18
5284 17
5285 18
5286 18
5287 18
5288 17
5289 18
5290 18
5291 19
5292 18
5293 17
5294 17
5295 17
5296 17
5297 18
5298 17
5299 17
5300 17
5301 17
5302 18
5303 18
5304 18
5305 19
5306 18
5307 18
5308 18
5309 18
5310 18
5311 18
5312 18
5313 19
5314 18
5315 18
5316 18
5317 18
5318 18
5319 18
5320 18
5321 17
5322 17
5323 18
5324 18
5325 18
5326 18
5327 18
5328 17
5329 18
5330 18
5331 18
5332 18
5333 18
5334 19
5335 18
5336 18
5337 18
5338 17
5339 19
5340 18
5341 18
5342 17
5343 18
5344 18
5345 18
5346 18
5347 18
5348 17
5349 18
5350 17
5351 17
5352 18
5353 18
5354 17
5355 18
5356 18
5357 19
5358 18
5359 18
5360 17
5361 19
5362 19
5363 18
5364 18
5365 17
5366 18
5367 18
5368 18
5369 17
5370 18
5371 17
5372 19
5373 18
5374 17
5375 18
5376 18
5377 17
5378 17
5379 17
5380 17
5381 17
5382 17
5383 18
5384 18
5385 17
5386 17
5387 18
5388 17
5389 18
5390 19
5391 18
5392 18
5393 18
5394 17
5395 18
5396 18
5397 18
5398 18
5399 18
5400 18
5401 17
5402 17
5403 19
5404 17
5405 17
5406 17
5407 17
5408 18
5409 18
5410 17
5411 17
5412 18
5413 18
5414 18
5415 39
5416 18
5417 17
5418 17
5419 17
5420 18
5421 18
5422 18
5423 18
5424 18
5425 18
5426 17
5427 18
5428 18
5429 18
5430 19
5431 18
5432 18
5433 17
5434 18
5435 18
5436 18
5437 18
5438 17
5439 18
5440 18
5441 18
5442 18
5443 18
5444 18
5445 17
5446 18
5447 18
5448 18
5449 18
5450 18
5451 17
5452 18
5453 17
5454 18
5455 19
5456 18
5457 18
5458 17
5459 17
5460 17
5461 17
5462 18
5463 17
5464 18
5465 18
5466 18
5467 18
5468 18
5469 17
5470 17
5471 18
5472 18
5473 17
5474 17
5475 17
5476 18
5477 18
5478 17
5479 18
5480 18
5481 18
5482 17
5483 17
5484 17
5485 18
5486 18
5487 18
5488 18
5489 18
5490 18
5491 17
5492 17
5493 18
5494 18
5495 17
5496 17
5497 18
5498 18
5499 18
5500 18
5501 17
5502 18
5503 17
5504 17
5505 18
5506 17
5507 18
5508 18
5509 19
5510 18
5511 18
5512 18
5513 18
5514 17
5515 18
5516 17
5517 18
5518 18
5519 17
5520 18
5521 18
5522 18
5523 18
5524 18
5525 18
5526 18
5527 17
5528 17
5529 17
5530 18
5531 17
5532 18
5533 18
5534 18
5535 17
5536 18
5537 18
5538 23
5539 17
5540 17
5541 17
5542 17
5543 17
5544 17
5545 18
5546 17
5547 17
5548 17
5549 17
5550 17
5551 17
5552 17
5553 17
5554 17
5555 18
5556 18
5557 17
5558 18
5559 18
5560 17
5561 17
5562 17
5563 18
5564 18
5565 17
5566 17
5567 17
5568 19
5569 17
5570 17
5571 17
5572 17
5573 17
5574 17
5575 18
5576 17
5577 17
5578 17
5579 17
5580 17
5581 16
5582 17
5583 16
5584 17
5585 17
5586 17
5587 17
5588 17
5589 19
5590 17
5591 17
5592 17
5593 20
5594 17
5595 16
5596 17
5597 16
5598 17
5599 16
5600 17
5601 17
5602 22
5603 18
5604 17
5605 17
5606 17
5607 17
5608 17
5609 19
5610 18
5611 17
5612 17
5613 17
5614 17
5615 18
5616 17
5617 18
5618 17
5619 17
5620 17
5621 18
5622 17
5623 17
5624 17
5625 18
5626 17
5627 17
5628 17
5629 17
5630 21
5631 17
5632 18
5633 17
5634 17
5635 17
5636 17
5637 18
5638 16
5639 17
5640 17
5641 17
5642 17
5643 17
5644 17
5645 17
5646 17
5647 17
5648 17
5649 17
5650 18
5651 21
5652 17
5653 18
5654 17
5655 17
5656 16
5657 17
5658 16
5659 17
5660 16
5661 17
5662 17
5663 17
5664 16
5665 17
5666 23
5667 17
5668 17
5669 17
5670 18
5671 17
5672 22
5673 18
5674 17
5675 17
5676 17
5677 18
5678 17
5679 17
5680 17
5681 17
5682 17
5683 17
5684 17
5685 17
5686 16
5687 17
5688 17
5689 17
5690 17
5691 17
5692 17
5693 20
5694 18
5695 17
5696 17
5697 17
5698 17
5699 18
5700 17
5701 17
5702 17
5703 17
5704 16
5705 17
5706 17
5707 17
5708 17
5709 17
5710 17
5711 17
5712 18
5713 17
5714 18
5715 17
5716 17
5717 17
5718 17
5719 17
5720 17
5721 17
5722 18
5723 18
5724 17
5725 17
5726 17
5727 17
5728 17
5729 17
5730 18
5731 17
5732 17
5733 18
5734 17
5735 18
5736 17
5737 17
5738 17
5739 17
5740 17
5741 17
5742 16
5743 17
5744 17
5745 17
5746 17
5747 17
5748 17
5749 17
5750 17
5751 17
5752 17
5753 17
5754 17
5755 17
5756 18
5757 18
5758 17
5759 17
5760 16
5761 17
5762 17
5763 17
5764 17
5765 16
5766 17
5767 17
5768 17
5769 17
5770 17
5771 21
5772 17
5773 17
5774 17
5775 17
5776 17
5777 18
5778 17
5779 17
5780 17
5781 17
5782 17
5783 17
5784 17
5785 17
5786 17
5787 17
5788 17
5789 16
5790 17
5791 17
5792 17
5793 17
5794 18
5795 17
5796 17
5797 17
5798 19
5799 18
5800 17
5801 17
5802 17
5803 17
5804 17
5805 17
5806 17
5807 17
5808 17
5809 17
5810 17
5811 17
5812 17
5813 17
5814 17
5815 17
5816 17
5817 17
5818 17
5819 18
5820 17
5821 17
5822 17
5823 17
5824 17
5825 17
5826 17
5827 16
5828 17
5829 16
5830 17
5831 16
5832 17
5833 17
5834 17
5835 17
5836 17
5837 17
5838 17
5839 17
5840 20
5841 17
5842 17
5843 17
5844 17
5845 17
5846 17
5847 17
5848 17
5849 17
5850 17
5851 16
5852 17
5853 16
5854 17
5855 16
5856 17
5857 17
5858 20
5859 18
5860 17
5861 19
5862 17
5863 17
5864 17
5865 18
5866 17
5867 17
5868 17
5869 16
5870 17
5871 17
5872 17
5873 17
5874 17
5875 17
5876 17
5877 17
5878 16
5879 17
5880 17
5881 17
5882 20
5883 17
5884 18
5885 18
5886 17
5887 16
5888 17
5889 16
5890 17
5891 17
5892 17
5893 17
5894 17
5895 17
5896 17
5897 17
5898 17
5899 17
5900 17
5901 17
5902 17
5903 18
5904 17
5905 17
5906 17
5907 17
5908 17
5909 17
5910 17
5911 17
5912 16
5913 17
5914 17
5915 17
5916 16
5917 17
5918 17
5919 17
5920 17
5921 17
5922 20
5923 17
5924 19
5925 17
5926 17
5927 17
5928 16
5929 17
5930 17
5931 17
5932 17
5933 17
5934 17
5935 17
5936 18
5937 17
5938 16
5939 18
5940 17
5941 17
5942 17
5943 17
5944 17
5945 20
5946 17
5947 17
5948 18
5949 18
5950 17
5951 17
5952 17
5953 17
5954 27
5955 19
5956 17
5957 17
5958 16
5959 17
5960 17
5961 18
5962 17
5963 17
5964 17
5965 17
5966 21
5967 18
5968 18
5969 17
5970 17
5971 18
5972 16
5973 18
5974 17
5975 17
5976 17
5977 17
5978 18
5979 17
5980 17
5981 18
5982 19
5983 17
5984 17
5985 17
5986 22
5987 21
5988 17
5989 18
5990 18
5991 17
5992 17
5993 17
5994 17
5995 17
5996 18
5997 17
5998 17
5999 16
6000 17
6001 17
6002 17
6003 18
6004 17
6005 17
6006 18
6007 17
6008 18
6009 17
6010 17
6011 16
6012 17
6013 17
6014 17
6015 17
6016 17
6017 17
6018 16
6019 17
6020 16
6021 17
6022 17
6023 21
6024 17
6025 17
6026 17
6027 17
6028 16
6029 19
6030 17
6031 17
6032 17
6033 17
6034 17
6035 17
6036 17
6037 17
6038 17
6039 17
6040 17
6041 17
6042 17
6043 16
6044 17
6045 17
6046 17
6047 17
6048 17
6049 17
6050 20
6051 17
6052 16
6053 17
6054 17
6055 17
6056 17
6057 17
6058 17
6059 17
6060 18
6061 18
6062 17
6063 17
6064 17
6065 17
6066 18
6067 17
6068 17
6069 18
6070 17
6071 18
6072 23
6073 18
6074 18
6075 18
6076 17
6077 18
6078 17
6079 18
6080 17
6081 18
6082 17
6083 18
6084 17
6085 17
6086 17
6087 17
6088 18
6089 18
6090 17
6091 17
6092 17
6093 22
6094 18
6095 18
6096 17
6097 17
6098 17
6099 17
6100 17
6101 17
6102 16
6103 17
6104 17
6105 17
6106 17
6107 17
6108 17
6109 17
6110 17
6111 17
6112 17
6113 17
6114 20
6115 17
6116 17
6117 17
6118 17
6119 17
6120 17
6121 17
6122 17
6123 17
6124 17
6125 17
6126 17
6127 17
6128 17
6129 16
6130 17
6131 18
6132 17
6133 17
6134 17
6135 340
6136 20
6137 18
6138 18
6139 17
6140 17
6141 17
6142 17
6143 17
6144 17
6145 17
6146 17
6147 17
6148 17
6149 17
6150 18
6151 17
6152 17
6153 17
6154 17
6155 17
6156 17
6157 17
6158 17
6159 17
6160 18
6161 17
6162 17
6163 17
6164 17
6165 17
6166 17
6167 17
6168 17
6169 18
6170 17
6171 17
6172 17
6173 18
6174 17
6175 17
6176 18
6177 16
6178 17
6179 17
6180 17
6181 17
6182 17
6183 17
6184 17
6185 17
6186 17
6187 17
6188 17
6189 17
6190 17
6191 17
6192 17
6193 18
6194 18
6195 17
6196 17
6197 17
6198 17
6199 17
6200 17
6201 17
6202 17
6203 18
6204 17
6205 17
6206 17
6207 18
6208 17
6209 17
6210 17
6211 18
6212 18
6213 17
6214 17
6215 17
6216 17
6217 17
6218 17
6219 17
6220 18
6221 18
6222 18
6223 17
6224 17
6225 17
6226 18
6227 17
6228 17
6229 17
6230 17
6231 17
6232 17
6233 17
6234 17
6235 17
6236 17
6237 17
6238 18
6239 18
6240 18
6241 18
6242 18
6243 18
6244 18
6245 17
6246 18
6247 17
6248 17
6249 18
6250 18
6251 21
6252 23
6253 20
6254 23
6255 21
6256 23
6257 21
6258 20
6259 22
6260 20
6261 20
6262 20
6263 20
6264 22
6265 20
6266 21
6267 21
6268 18
6269 19
6270 19
6271 20
6272 18
6273 19
6274 20
6275 19
6276 18
6277 19
6278 19
6279 18
6280 20
6281 19
6282 19
6283 19
6284 20
6285 18
6286 18
6287 19
6288 20
6289 20
6290 18
6291 20
6292 18
6293 19
6294 19
6295 19
6296 19
6297 29
6298 19
6299 19
6300 18
6301 18
6302 18
6303 20
6304 21
6305 20
6306 20
6307 20
6308 19
6309 18
6310 19
6311 18
6312 19
6313 18
6314 19
6315 18
6316 20
6317 20
6318 19
6319 20
6320 19
6321 21
6322 18
6323 19
6324 20
6325 19
6326 18
6327 18
6328 18
6329 17
6330 20
6331 18
6332 17
6333 19
6334 20
6335 22
6336 20
6337 18
6338 20
6339 19
6340 18
6341 17
6342 19
6343 19
6344 20
6345 21
6346 21
6347 20
6348 19
6349 20
6350 19
6351 19
6352 20
6353 21
6354 19
6355 21
6356 19
6357 20
6358 21
6359 19
6360 22
6361 20
6362 19
6363 17
6364 19
6365 19
6366 18
6367 19
6368 19
6369 20
6370 19
6371 21
6372 19
6373 17
6374 18
6375 20
6376 18
6377 19
6378 19
6379 18
6380 18
6381 19
6382 18
6383 17
6384 19
6385 20
6386 19
6387 19
6388 19
6389 18
6390 20
6391 19
6392 19
6393 17
6394 17
6395 18
6396 18
6397 18
6398 17
6399 18
6400 20
6401 20
6402 19
6403 20
6404 19
6405 19
6406 17
6407 18
6408 19
6409 19
6410 19
6411 18
6412 19
6413 17
6414 19
6415 17
6416 18
6417 19
6418 19
6419 19
6420 19
6421 18
6422 17
6423 19
6424 18
6425 19
6426 19
6427 18
6428 17
6429 18
6430 19
6431 18
6432 19
6433 20
6434 22
6435 19
6436 19
6437 19
6438 19
6439 19
6440 17
6441 19
6442 19
6443 17
6444 18
6445 18
6446 19
6447 20
6448 21
6449 20
6450 18
6451 19
6452 18
6453 19
6454 19
6455 18
6456 18
6457 18
6458 18
6459 20
6460 18
6461 18
6462 18
6463 18
6464 21
6465 35
6466 22
6467 19
6468 18
6469 19
6470 19
6471 19
6472 19
6473 21
6474 19
6475 17
6476 19
6477 19
6478 18
6479 19
6480 18
6481 18
6482 19
6483 18
6484 20
6485 18
6486 19
6487 20
6488 20
6489 20
6490 19
6491 19
6492 19
6493 18
6494 19
6495 19
6496 18
6497 20
6498 19
6499 18
6500 27
6501 20
6502 19
6503 19
6504 18
6505 20
6506 18
6507 19
6508 17
6509 17
6510 19
6511 19
6512 20
6513 19
6514 19
6515 17
6516 19
6517 18
6518 18
6519 17
6520 18
6521 17
6522 19
6523 18
6524 18
6525 18
6526 20
6527 17
6528 17
6529 19
6530 18
6531 19
6532 18
6533 17
6534 20
6535 19
6536 18
6537 17
6538 19
6539 17
6540 18
6541 19
6542 18
6543 19
6544 18
6545 18
6546 19
6547 18
6548 19
6549 18
6550 19
6551 18
6552 19
6553 19
6554 18
6555 18
6556 19
6557 19
6558 18
6559 20
6560 19
6561 18
6562 18
6563 19
6564 19
6565 19
6566 20
6567 18
6568 17
6569 17
6570 18
6571 19
6572 19
6573 19
6574 19
6575 18
6576 19
6577 18
6578 18
6579 18
6580 18
6581 17
6582 18
6583 17
6584 17
6585 19
6586 20
6587 20
6588 18
6589 19
6590 19
6591 18
6592 20
6593 17
6594 18
6595 18
6596 18
6597 20
6598 18
6599 17
6600 17
6601 19
6602 18
6603 17
6604 18
6605 20
6606 20
6607 19
6608 18
6609 21
6610 20
6611 20
6612 20
6613 21
6614 19
6615 18
6616 19
6617 18
6618 19
6619 18
6620 17
6621 19
6622 17
6623 17
6624 17
6625 18
6626 20
6627 18
6628 18
6629 19
6630 19
6631 18
6632 19
6633 19
6634 20
6635 28
6636 19
6637 17
6638 18
6639 18
6640 18
6641 19
6642 19
6643 20
6644 18
6645 18
6646 18
6647 18
6648 19
6649 18
6650 18
6651 17
6652 18
6653 17
6654 18
6655 17
6656 18
6657 20
6658 20
6659 19
6660 19
6661 21
6662 19
6663 17
6664 17
6665 18
6666 19
6667 18
6668 19
6669 18
6670 17
6671 19
6672 17
6673 20
6674 20
6675 19
6676 18
6677 19
6678 19
6679 19
6680 19
6681 18
6682 19
6683 19
6684 17
6685 17
6686 17
6687 17
6688 18
6689 18
6690 17
6691 19
6692 18
6693 18
6694 19
6695 17
6696 18
6697 19
6698 18
6699 19
6700 18
6701 19
6702 18
6703 17
6704 17
6705 17
6706 18
6707 17
6708 18
6709 18
6710 19
6711 19
6712 17
6713 17
6714 19
6715 17
6716 17
6717 18
6718 19
6719 17
6720 17
6721 18
6722 18
6723 17
6724 18
6725 19
6726 19
6727 20
6728 20
6729 19
6730 18
6731 19
6732 17
6733 18
6734 17
6735 17
6736 17
6737 18
6738 18
6739 20
6740 18
6741 19
6742 18
6743 18
6744 18
6745 18
6746 18
6747 17
6748 19
6749 17
6750 17
6751 18
6752 17
6753 18
6754 18
6755 18
6756 19
6757 19
6758 19
6759 19
6760 18
6761 19
6762 17
6763 17
6764 18
6765 20
6766 19
6767 19
6768 19
6769 19
6770 18
6771 20
6772 18
6773 19
6774 20
6775 20
6776 18
6777 22
6778 19
6779 19
6780 18
6781 19
6782 18
6783 17
6784 18
6785 19
6786 18
6787 17
6788 18
6789 18
6790 19
6791 19
6792 17
6793 18
6794 19
6795 18
6796 18
6797 21
6798 19
6799 18
6800 19
6801 19
6802 18
6803 19
6804 20
6805 18
6806 20
6807 19
6808 29
6809 20
6810 21
6811 18
6812 20
6813 17
6814 18
6815 18
6816 19
6817 17
6818 17
6819 18
6820 19
6821 17
6822 19
6823 20
6824 19
6825 20
6826 17
6827 19
6828 18
6829 17
6830 18
6831 20
6832 18
6833 18
6834 20
6835 19
6836 19
6837 20
6838 18
6839 17
6840 19
6841 20
6842 18
6843 20
6844 19
6845 20
6846 20
6847 19
6848 18
6849 20
6850 20
6851 19
6852 20
6853 18
6854 19
6855 18
6856 20
6857 19
6858 20
6859 19
6860 18
6861 19
6862 19
6863 19
6864 20
6865 21
6866 18
6867 18
6868 18
6869 19
6870 19
6871 18
6872 20
6873 20
6874 19
6875 18
6876 20
6877 19
6878 19
6879 19
6880 18
6881 17
6882 18
6883 18
6884 18
6885 17
6886 19
6887 17
6888 18
6889 17
6890 18
6891 18
6892 18
6893 20
6894 19
6895 19
6896 19
6897 18
6898 19
6899 18
6900 19
6901 19
6902 18
6903 19
6904 20
6905 18
6906 18
6907 19
6908 18
6909 18
6910 19
6911 19
6912 18
6913 18
6914 19
6915 18
6916 18
6917 20
6918 20
6919 19
6920 17
6921 19
6922 18
6923 18
6924 17
6925 18
6926 18
6927 18
6928 19
6929 20
6930 17
6931 18
6932 18
6933 18
6934 17
6935 18
6936 18
6937 17
6938 17
6939 19
6940 18
6941 20
6942 20
6943 18
6944 17
6945 20
6946 18
6947 20
6948 20
6949 19
6950 19
6951 20
6952 18
6953 18
6954 18
6955 17
6956 18
6957 19
6958 20
6959 18
6960 19
6961 18
6962 19
6963 17
6964 18
6965 18
6966 18
6967 18
6968 17
6969 18
6970 17
6971 18
6972 18
6973 17
6974 18
6975 18
6976 18
6977 19
6978 20
6979 29
6980 18
6981 17
6982 19
6983 18
6984 18
6985 17
6986 18
6987 18
6988 17
6989 18
6990 18
6991 18
6992 18
6993 17
6994 18
6995 18
6996 18
6997 18
6998 17
6999 17
7000 17
7001 18
7002 18
7003 18
7004 17
7005 17
7006 18
7007 18
7008 19
7009 18
7010 18
7011 19
7012 19
7013 19
7014 17
7015 19
7016 19
7017 18
7018 18
7019 18
7020 17
7021 17
7022 17
7023 19
7024 18
7025 19
7026 20
7027 19
7028 17
7029 17
7030 18
7031 18
7032 18
7033 19
7034 19
7035 19
7036 19
7037 19
7038 18
7039 18
7040 18
7041 18
7042 18
7043 19
7044 19
7045 19
7046 19
7047 17
7048 19
7049 19
7050 19
7051 19
7052 20
7053 18
7054 18
7055 17
7056 18
7057 18
7058 17
7059 18
7060 17
7061 17
7062 17
7063 17
7064 17
7065 18
7066 18
7067 19
7068 19
7069 17
7070 18
7071 18
7072 17
7073 18
7074 19
7075 17
7076 17
7077 18
7078 17
7079 17
7080 18
7081 19
7082 17
7083 18
7084 17
7085 18
7086 17
7087 18
7088 18
7089 17
7090 18
7091 18
7092 18
7093 17
7094 18
7095 18
7096 19
7097 18
7098 17
7099 19
7100 18
7101 18
7102 18
7103 17
7104 18
7105 18
7106 17
7107 18
7108 18
7109 18
7110 18
7111 17
7112 17
7113 18
7114 18
7115 18
7116 18
7117 19
7118 18
7119 18
7120 18
7121 17
7122 18
7123 18
7124 17
7125 17
7126 18
7127 18
7128 18
7129 17
7130 18
7131 18
7132 18
7133 18
7134 18
7135 18
7136 18
7137 18
7138 18
7139 18
7140 18
7141 18
7142 17
7143 18
7144 18
7145 18
7146 17
7147 18
7148 18
7149 18
7150 18
7151 18
7152 18
7153 17
7154 18
7155 18
7156 26
7157 18
7158 17
7159 18
7160 18
7161 18
7162 18
7163 18
7164 17
7165 18
7166 18
7167 17
7168 18
7169 18
7170 18
7171 17
7172 20
7173 17
7174 17
7175 18
7176 17
7177 18
7178 17
7179 17
7180 17
7181 17
7182 17
7183 18
7184 17
7185 17
7186 17
7187 17
7188 17
7189 17
7190 17
7191 17
7192 17
7193 17
7194 18
7195 17
7196 17
7197 17
7198 17
7199 17
7200 18
7201 17
7202 17
7203 18
7204 17
7205 17
7206 17
7207 17
7208 18
7209 18
7210 18
7211 18
7212 18
7213 17
7214 17
7215 17
7216 17
7217 17
7218 17
7219 17
7220 18
7221 17
7222 17
7223 17
7224 17
7225 17
7226 17
7227 17
7228 17
7229 17
7230 17
7231 17
7232 17
7233 17
7234 17
7235 18
7236 19
7237 17
7238 17
7239 18
7240 17
7241 17
7242 18
7243 17
7244 17
7245 17
7246 18
7247 18
7248 17
7249 17
7250 17
7251 17
7252 17
7253 17
7254 17
7255 17
7256 17
7257 18
7258 17
7259 17
7260 17
7261 17
7262 17
7263 17
7264 17
7265 17
7266 17
7267 17
7268 18
7269 17
7270 17
7271 17
7272 17
7273 17
7274 17
7275 17
7276 17
7277 18
7278 17
7279 17
7280 17
7281 18
7282 17
7283 18
7284 18
7285 17
7286 17
7287 17
7288 17
7289 17
7290 17
7291 18
7292 17
7293 18
7294 17
7295 17
7296 17
7297 17
7298 17
7299 18
7300 19
7301 17
7302 18
7303 17
7304 17
7305 17
7306 17
7307 18
7308 18
7309 17
7310 17
7311 17
7312 17
7313 17
7314 18
7315 17
7316 17
7317 17
7318 17
7319 18
7320 17
7321 17
7322 17
7323 17
7324 17
7325 17
7326 17
7327 17
7328 17
7329 17
7330 17
7331 17
7332 17
7333 17
7334 17
7335 17
7336 17
7337 17
7338 19
7339 17
7340 17
7341 17
7342 17
7343 18
7344 18
7345 17
7346 17
7347 17
7348 17
7349 17
7350 18
7351 18
7352 18
7353 18
7354 18
7355 18
7356 18
7357 17
7358 17
7359 17
7360 17
7361 17
7362 17
7363 17
7364 23
7365 18
7366 18
7367 17
7368 18
7369 18
7370 17
7371 17
7372 17
7373 17
7374 17
7375 17
7376 17
7377 17
7378 17
7379 17
7380 17
7381 17
7382 17
7383 17
7384 17
7385 17
7386 17
7387 17
7388 17
7389 17
7390 17
7391 18
7392 18
7393 18
7394 18
7395 18
7396 18
7397 17
7398 17
7399 18
7400 18
7401 18
7402 17
7403 17
7404 17
7405 18
7406 18
7407 17
7408 17
7409 17
7410 17
7411 17
7412 17
7413 18
7414 17
7415 18
7416 17
7417 17
7418 17
7419 17
7420 17
7421 17
7422 18
7423 17
7424 17
7425 17
7426 17
7427 17
7428 25
7429 17
7430 17
7431 17
7432 17
7433 17
7434 17
7435 17
7436 17
7437 18
7438 18
7439 18
7440 18
7441 18
7442 17
7443 17
7444 17
7445 17
7446 18
7447 17
7448 17
7449 17
7450 17
7451 17
7452 17
7453 17
7454 18
7455 18
7456 18
7457 17
7458 18
7459 17
7460 17
7461 17
7462 18
7463 18
7464 18
7465 18
7466 17
7467 17
7468 18
7469 18
7470 17
7471 17
7472 17
7473 17
7474 17
7475 17
7476 17
7477 17
7478 17
7479 17
7480 17
7481 17
7482 17
7483 17
7484 17
7485 17
7486 17
7487 17
7488 17
7489 18
7490 18
7491 18
7492 19
7493 18
7494 18
7495 18
7496 17
7497 17
7498 17
7499 18
7500 18
7501 17
7502 17
7503 17
7504 17
7505 17
7506 17
7507 17
7508 17
7509 17
7510 17
7511 17
7512 17
7513 17
7514 17
7515 17
7516 17
7517 17
7518 33
7519 17
7520 17
7521 18
7522 18
7523 18
7524 17
7525 18
7526 17
7527 17
7528 17
7529 17
7530 17
7531 17
7532 17
7533 16
7534 17
7535 17
7536 17
7537 17
7538 17
7539 17
7540 17
7541 17
7542 17
7543 17
7544 17
7545 17
7546 18
7547 18
7548 17
7549 17
7550 17
7551 19
7552 16
7553 18
7554 18
7555 17
7556 18
7557 18
7558 18
7559 17
7560 17
7561 18
7562 18
7563 18
7564 17
7565 18
7566 17
7567 17
7568 17
7569 17
7570 17
7571 17
7572 17
7573 17
7574 17
7575 17
7576 17
7577 17
7578 17
7579 18
7580 18
7581 18
7582 18
7583 18
7584 17
7585 18
7586 17
7587 17
7588 16
7589 17
7590 17
7591 17
7592 17
7593 17
7594 17
7595 18
7596 17
7597 17
7598 17
7599 17
7600 17
7601 17
7602 17
7603 17
7604 17
7605 18
7606 18
7607 17
7608 17
7609 17
7610 18
7611 18
7612 18
7613 18
7614 18
7615 17
7616 18
7617 17
7618 17
7619 17
7620 18
7621 17
7622 17
7623 17
7624 17
7625 17
7626 18
7627 18
7628 17
7629 17
7630 18
7631 19
7632 19
7633 22
7634 20
7635 20
7636 17
7637 17
7638 17
7639 18
7640 18
7641 18
7642 17
7643 17
7644 17
7645 17
7646 17
7647 17
7648 17
7649 17
7650 18
7651 17
7652 17
7653 17
7654 17
7655 17
7656 17
7657 17
7658 17
7659 17
7660 17
7661 17
7662 18
7663 17
7664 17
7665 17
7666 17
7667 18
7668 17
7669 17
7670 17
7671 18
7672 17
7673 18
7674 17
7675 17
7676 17
7677 17
7678 17
7679 17
7680 18
7681 18
7682 17
7683 17
7684 17
7685 18
7686 28
7687 18
7688 18
7689 17
7690 17
7691 17
7692 17
7693 17
7694 17
7695 17
7696 17
7697 17
7698 17
7699 17
7700 18
7701 17
7702 17
7703 17
7704 17
7705 18
7706 17
7707 18
7708 19
7709 17
7710 18
7711 17
7712 17
7713 18
7714 18
7715 23
7716 18
7717 19
7718 17
7719 17
7720 17
7721 18
7722 17
7723 17
7724 17
7725 18
7726 18
7727 17
7728 17
7729 17
7730 17
7731 17
7732 17
7733 17
7734 17
7735 18
7736 17
7737 17
7738 17
7739 19
7740 18
7741 18
7742 17
7743 17
7744 17
7745 17
7746 16
7747 17
7748 18
7749 17
7750 17
7751 17
7752 17
7753 17
7754 17
7755 17
7756 17
7757 16
7758 17
7759 16
7760 17
7761 17
7762 17
7763 17
7764 17
7765 18
7766 17
7767 17
7768 18
7769 17
7770 17
7771 17
7772 17
7773 17
7774 17
7775 17
7776 17
7777 17
7778 17
7779 17
7780 18
7781 17
7782 17
7783 17
7784 17
7785 17
7786 17
7787 17
7788 17
7789 17
7790 17
7791 17
7792 17
7793 17
7794 17
7795 17
7796 17
7797 17
7798 18
7799 17
7800 18
7801 17
7802 17
7803 18
7804 17
7805 17
7806 17
7807 17
7808 17
7809 17
7810 17
7811 18
7812 17
7813 18
7814 17
7815 17
7816 17
7817 17
7818 18
7819 18
7820 17
7821 18
7822 18
7823 17
7824 17
7825 17
7826 17
7827 17
7828 17
7829 17
7830 17
7831 17
7832 17
7833 17
7834 17
7835 17
7836 17
7837 18
7838 18
7839 17
7840 17
7841 17
7842 17
7843 18
7844 17
7845 17
7846 17
7847 17
7848 17
7849 17
7850 17
7851 17
7852 17
7853 17
7854 17
7855 17
7856 17
7857 16
7858 17
7859 17
7860 17
7861 18
7862 18
7863 17
7864 17
7865 17
7866 17
7867 17
7868 29
7869 17
7870 17
7871 17
7872 17
7873 17
7874 17
7875 17
7876 17
7877 17
7878 17
7879 17
7880 18
7881 17
7882 17
7883 17
7884 18
7885 17
7886 17
7887 17
7888 18
7889 17
7890 18
7891 17
7892 17
7893 17
7894 17
7895 18
7896 17
7897 17
7898 17
7899 17
7900 17
7901 17
7902 17
7903 17
7904 18
7905 18
7906 17
7907 17
7908 17
7909 17
7910 17
7911 17
7912 17
7913 17
7914 17
7915 17
7916 17
7917 17
7918 17
7919 17
7920 17
7921 17
7922 17
7923 17
7924 17
7925 17
7926 17
7927 17
7928 18
7929 18
7930 18
7931 18
7932 17
7933 17
7934 17
7935 17
7936 17
7937 17
7938 17
7939 18
7940 17
7941 17
7942 17
7943 17
7944 17
7945 17
7946 17
7947 17
7948 17
7949 17
7950 17
7951 17
7952 17
7953 17
7954 17
7955 17
7956 17
7957 17
7958 17
7959 17
7960 17
7961 17
7962 17
7963 17
7964 17
7965 18
7966 18
7967 17
7968 17
7969 17
7970 17
7971 17
7972 17
7973 17
7974 17
7975 17
7976 17
7977 17
7978 17
7979 17
7980 18
7981 17
7982 18
7983 17
7984 17
7985 17
7986 17
7987 17
7988 17
7989 18
7990 17
7991 17
7992 17
7993 17
7994 17
7995 17
7996 17
7997 17
7998 17
7999 17
8000 17
8001 18
8002 18
8003 17
8004 17
8005 18
8006 18
8007 18
8008 17
8009 17
8010 18
8011 17
8012 17
8013 17
8014 17
8015 17
8016 17
8017 17
8018 18
8019 17
8020 17
8021 17
8022 17
8023 17
8024 17
8025 17
8026 18
8027 18
8028 17
8029 18
8030 18
8031 17
8032 17
8033 17
8034 17
8035 17
8036 18
8037 18
8038 18
8039 18
8040 18
8041 18
8042 18
8043 18
8044 17
8045 17
8046 17
8047 17
8048 17
8049 17
8050 17
8051 18
8052 17
8053 18
8054 17
8055 17
8056 17
8057 17
8058 17
8059 17
8060 17
8061 17
8062 17
8063 17
8064 17
8065 18
8066 18
8067 17
8068 17
8069 18
8070 18
8071 17
8072 17
8073 18
8074 18
8075 18
8076 18
8077 18
8078 17
8079 17
8080 17
8081 17
8082 17
8083 17
8084 17
8085 17
8086 17
8087 17
8088 17
8089 17
8090 17
8091 17
8092 18
8093 18
8094 17
8095 17
8096 18
8097 18
8098 17
8099 18
8100 17
8101 18
8102 17
8103 17
8104 17
8105 17
8106 17
8107 17
8108 17
8109 17
8110 17
8111 17
8112 17
8113 17
8114 17
8115 18
8116 17
8117 17
8118 18
8119 18
8120 18
8121 17
8122 17
8123 18
8124 18
8125 17
8126 17
8127 17
8128 17
8129 17
8130 17
8131 17
8132 17
8133 17
8134 17
8135 17
8136 17
8137 17
8138 18
8139 17
8140 17
8141 17
8142 18
8143 17
8144 17
8145 17
8146 17
8147 18
8148 18
8149 18
8150 17
8151 17
8152 17
8153 17
8154 17
8155 17
8156 17
8157 17
8158 17
8159 17
8160 22
8161 18
8162 18
8163 17
8164 17
8165 17
8166 17
8167 17
8168 17
8169 17
8170 17
8171 17
8172 17
8173 17
8174 17
8175 17
8176 17
8177 17
8178 17
8179 17
8180 17
8181 17
8182 17
8183 17
8184 17
8185 17
8186 18
8187 17
8188 17
8189 17
8190 17
8191 18
8192 19
8193 18
8194 17
8195 18
8196 19
8197 21
8198 18
8199 19
8200 19
8201 18
8202 18
8203 19
8204 17
8205 18
8206 18
8207 20
8208 20
8209 21
8210 19
8211 20
8212 20
8213 22
8214 20
8215 21
8216 19
8217 18
8218 17
8219 18
8220 18
8221 18
8222 17
8223 18
8224 18
8225 17
8226 18
8227 17
8228 17
8229 27
8230 17
8231 17
8232 18
8233 18
8234 17
8235 18
8236 17
8237 17
8238 17
8239 18
8240 17
8241 17
8242 17
8243 18
8244 17
8245 17
8246 16
8247 17
8248 17
8249 18
8250 17
8251 18
8252 17
8253 17
8254 17
8255 17
8256 17
8257 17
8258 18
8259 18
8260 17
8261 18
8262 17
8263 18
8264 18
8265 18
8266 18
8267 18
8268 17
8269 18
8270 17
8271 17
8272 17
8273 17
8274 17
8275 17
8276 17
8277 17
8278 17
8279 17
8280 17
8281 17
8282 18
8283 18
8284 18
8285 17
8286 18
8287 17
8288 17
8289 17
8290 17
8291 17
8292 18
8293 18
8294 18
8295 17
8296 17
8297 17
8298 17
8299 18
8300 18
8301 18
8302 18
8303 17
8304 17
8305 17
8306 17
8307 17
8308 17
8309 17
8310 17
8311 17
8312 17
8313 17
8314 17
8315 17
8316 17
8317 18
8318 18
8319 18
8320 18
8321 18
8322 17
8323 17
8324 18
8325 17
8326 17
8327 17
8328 17
8329 17
8330 17
8331 17
8332 17
8333 18
8334 18
8335 17
8336 18
8337 17
8338 17
8339 17
8340 17
8341 17
8342 17
8343 18
8344 18
8345 18
8346 18
8347 18
8348 18
8349 18
8350 17
8351 18
8352 18
8353 19
8354 17
8355 17
8356 17
8357 17
8358 17
8359 17
8360 17
8361 17
8362 17
8363 17
8364 18
8365 18
8366 17
8367 17
8368 17
8369 17
8370 17
8371 17
8372 17
8373 17
8374 18
8375 17
8376 18
8377 17
8378 17
8379 18
8380 18
8381 17
8382 18
8383 17
8384 17
8385 17
8386 17
8387 17
8388 17
8389 17
8390 17
8391 17
8392 17
8393 17
8394 17
8395 17
8396 17
8397 17
8398 17
8399 17
8400 17
8401 17
8402 18
8403 18
8404 18
8405 18
8406 17
8407 17
8408 17
8409 17
8410 21
8411 21
8412 17
8413 18
8414 18
8415 17
8416 18
8417 18
8418 17
8419 18
8420 17
8421 18
8422 17
8423 17
8424 17
8425 17
8426 17
8427 17
8428 17
8429 17
8430 18
8431 17
8432 17
8433 17
8434 17
8435 17
8436 17
8437 17
8438 17
8439 18
8440 18
8441 18
8442 18
8443 18
8444 17
8445 17
8446 17
8447 17
8448 17
8449 17
8450 17
8451 18
8452 18
8453 17
8454 17
8455 17
8456 17
8457 18
8458 17
8459 17
8460 17
8461 17
8462 17
8463 18
8464 18
8465 17
8466 17
8467 17
8468 17
8469 17
8470 17
8471 17
8472 18
8473 18
8474 17
8475 17
8476 17
8477 17
8478 17
8479 18
8480 17
8481 17
8482 17
8483 18
8484 24
8485 18
8486 17
8487 18
8488 17
8489 18
8490 17
8491 17
8492 17
8493 17
8494 17
8495 17
8496 17
8497 18
8498 17
8499 17
8500 17
8501 17
8502 17
8503 18
8504 17
8505 17
8506 17
8507 17
8508 17
8509 17
8510 18
8511 18
8512 18
8513 17
8514 18
8515 18
8516 18
8517 18
8518 18
8519 18
8520 17
8521 18
8522 17
8523 17
8524 17
8525 17
8526 17
8527 17
8528 17
8529 17
8530 17
8531 17
8532 17
8533 17
8534 17
8535 17
8536 17
8537 17
8538 17
8539 17
8540 17
8541 17
8542 17
8543 17
8544 17
8545 20
8546 17
8547 17
8548 17
8549 17
8550 17
8551 17
8552 17
8553 17
8554 17
8555 17
8556 17
8557 18
8558 18
8559 18
8560 18
8561 18
8562 18
8563 18
8564 18
8565 17
8566 17
8567 17
8568 17
8569 17
8570 17
8571 17
8572 17
8573 17
8574 17
8575 18
8576 18
8577 17
8578 17
8579 17
8580 17
8581 17
8582 17
8583 17
8584 18
8585 18
8586 18
8587 18
8588 18
8589 18
8590 17
8591 37
8592 18
8593 18
8594 18
8595 18
8596 17
8597 17
8598 17
8599 17
8600 18
8601 17
8602 18
8603 18
8604 17
8605 17
8606 17
8607 17
8608 17
8609 19
8610 18
8611 17
8612 17
8613 18
8614 17
8615 17
8616 17
8617 17
8618 17
8619 17
8620 17
8621 17
8622 17
8623 17
8624 17
8625 17
8626 17
8627 18
8628 17
8629 17
8630 17
8631 17
8632 17
8633 17
8634 17
8635 17
8636 17
8637 17
8638 17
8639 17
8640 18
8641 17
8642 17
8643 17
8644 16
8645 17
8646 17
8647 17
8648 17
8649 16
8650 17
8651 17
8652 17
8653 17
8654 17
8655 17
8656 17
8657 17
8658 17
8659 17
8660 17
8661 18
8662 17
8663 17
8664 17
8665 17
8666 17
8667 17
8668 17
8669 17
8670 17
8671 17
8672 17
8673 18
8674 17
8675 17
8676 17
8677 17
8678 17
8679 17
8680 18
8681 17
8682 19
8683 17
8684 17
8685 17
8686 17
8687 17
8688 17
8689 17
8690 17
8691 17
8692 17
8693 17
8694 17
8695 17
8696 17
8697 17
8698 17
8699 17
8700 17
8701 17
8702 17
8703 18
8704 17
8705 17
8706 17
8707 17
8708 17
8709 17
8710 17
8711 17
8712 17
8713 17
8714 17
8715 17
8716 17
8717 17
8718 16
8719 17
8720 16
8721 17
8722 17
8723 17
8724 19
8725 18
8726 17
8727 17
8728 17
8729 17
8730 17
8731 17
8732 17
8733 16
8734 17
8735 17
8736 17
8737 19
8738 17
8739 17
8740 17
8741 17
8742 17
8743 17
8744 17
8745 18
8746 17
8747 17
8748 17
8749 17
8750 17
8751 17
8752 17
8753 17
8754 17
8755 17
8756 17
8757 17
8758 17
8759 17
8760 17
8761 17
8762 17
8763 17
8764 17
8765 17
8766 17
8767 17
8768 17
8769 17
8770 17
8771 17
8772 17
8773 17
8774 20
8775 17
8776 17
8777 17
8778 16
8779 17
8780 16
8781 17
8782 17
8783 17
8784 17
8785 17
8786 17
8787 18
8788 18
8789 17
8790 17
8791 16
8792 17
8793 17
8794 17
8795 17
8796 17
8797 17
8798 17
8799 17
8800 17
8801 18
8802 17
8803 17
8804 17
8805 17
8806 17
8807 17
8808 18
8809 17
8810 17
8811 17
8812 17
8813 17
8814 17
8815 17
8816 17
8817 17
8818 17
8819 16
8820 17
8821 16
8822 17
8823 16
8824 17
8825 17
8826 17
8827 17
8828 18
8829 18
8830 17
8831 17
8832 17
8833 17
8834 17
8835 17
8836 17
8837 17
8838 17
8839 17
8840 17
8841 17
8842 17
8843 17
8844 16
8845 17
8846 17
8847 17
8848 17
8849 17
8850 20
8851 17
8852 17
8853 17
8854 17
8855 17
8856 17
8857 17
8858 17
8859 17
8860 17
8861 17
8862 17
8863 17
8864 16
8865 19
8866 17
8867 17
8868 17
8869 17
8870 17
8871 19
8872 17
8873 17
8874 17
8875 17
8876 17
8877 17
8878 17
8879 17
8880 17
8881 16
8882 17
8883 16
8884 17
8885 17
8886 17
8887 17
8888 17
8889 17
8890 17
8891 17
8892 18
8893 17
8894 17
8895 17
8896 17
8897 17
8898 17
8899 17
8900 17
8901 17
8902 17
8903 17
8904 17
8905 17
8906 17
8907 20
8908 17
8909 17
8910 17
8911 18
8912 17
8913 18
8914 17
8915 17
8916 17
8917 17
8918 17
8919 17
8920 16
8921 17
8922 17
8923 17
8924 16
8925 17
8926 16
8927 17
8928 16
8929 19
8930 17
8931 17
8932 18
8933 18
8934 18
8935 17
8936 17
8937 16
8938 17
8939 17
8940 17
8941 17
8942 17
8943 17
8944 17
8945 17
8946 16
8947 17
8948 17
8949 19
8950 16
8951 17
8952 17
8953 17
8954 17
8955 19
8956 17
8957 17
8958 279
8959 18
8960 17
8961 17
8962 17
8963 17
8964 16
8965 17
8966 17
8967 16
8968 17
8969 16
8970 18
8971 18
8972 18
8973 22
8974 20
8975 18
8976 17
8977 18
8978 18
8979 17
8980 18
8981 17
8982 17
8983 19
8984 18
8985 17
8986 17
8987 17
8988 19
8989 18
8990 19
8991 18
8992 19
8993 18
8994 18
8995 18
8996 18
8997 18
8998 20
8999 20
9000 19
9001 18
9002 20
9003 18
9004 17
9005 19
9006 18
9007 17
9008 17
9009 17
9010 17
9011 18
9012 18
9013 18
9014 18
9015 18
9016 17
9017 17
9018 17
9019 17
9020 17
9021 17
9022 17
9023 17
9024 17
9025 17
9026 17
9027 18
9028 17
9029 17
9030 17
9031 17
9032 18
9033 17
9034 17
9035 18
9036 18
9037 17
9038 17
9039 17
9040 17
9041 17
9042 17
9043 17
9044 17
9045 17
9046 17
9047 17
9048 17
9049 17
9050 17
9051 17
9052 17
9053 17
9054 17
9055 17
9056 17
9057 17
9058 17
9059 17
9060 17
9061 18
9062 17
9063 17
9064 17
9065 17
9066 17
9067 17
9068 17
9069 17
9070 17
9071 17
9072 17
9073 18
9074 17
9075 17
9076 17
9077 17
9078 17
9079 17
9080 17
9081 17
9082 17
9083 17
9084 17
9085 17
9086 17
9087 18
9088 18
9089 22
9090 18
9091 18
9092 18
9093 17
9094 18
9095 18
9096 18
9097 17
9098 18
9099 17
9100 17
9101 17
9102 18
9103 17
9104 17
9105 17
9106 17
9107 18
9108 17
9109 18
9110 18
9111 17
9112 17
9113 17
9114 17
9115 18
9116 17
9117 17
9118 16
9119 17
9120 17
9121 17
9122 17
9123 18
9124 17
9125 17
9126 27
9127 18
9128 17
9129 17
9130 16
9131 17
9132 17
9133 17
9134 17
9135 17
9136 17
9137 17
9138 17
9139 17
9140 17
9141 17
9142 17
9143 18
9144 17
9145 17
9146 16
9147 17
9148 17
9149 17
9150 17
9151 17
9152 17
9153 17
9154 17
9155 17
9156 17
9157 17
9158 17
9159 17
9160 17
9161 17
9162 17
9163 17
9164 17
9165 17
9166 16
9167 19
9168 17
9169 17
9170 17
9171 18
9172 20
9173 17
9174 17
9175 17
9176 18
9177 18
9178 18
9179 18
9180 17
9181 17
9182 17
9183 17
9184 17
9185 17
9186 18
9187 18
9188 18
9189 18
9190 17
9191 17
9192 18
9193 17
9194 17
9195 17
9196 17
9197 17
9198 18
9199 18
9200 17
9201 17
9202 17
9203 17
9204 17
9205 17
9206 17
9207 17
9208 17
9209 17
9210 18
9211 18
9212 17
9213 17
9214 17
9215 17
9216 17
9217 17
9218 17
9219 17
9220 17
9221 17
9222 17
9223 17
9224 18
9225 18
9226 17
9227 17
9228 17
9229 17
9230 17
9231 17
9232 17
9233 17
9234 17
9235 17
9236 17
9237 17
9238 17
9239 18
9240 18
9241 17
9242 18
9243 18
9244 19
9245 17
9246 18
9247 18
9248 17
9249 18
9250 18
9251 17
9252 17
9253 17
9254 17
9255 18
9256 18
9257 18
9258 18
9259 18
9260 17
9261 17
9262 17
9263 17
9264 17
9265 17
9266 17
9267 17
9268 17
9269 17
9270 17
9271 18
9272 17
9273 17
9274 17
9275 17
9276 17
9277 17
9278 18
9279 17
9280 17
9281 18
9282 17
9283 17
9284 17
9285 17
9286 18
9287 17
9288 17
9289 17
9290 17
9291 17
9292 17
9293 17
9294 17
9295 17
9296 17
9297 17
9298 18
9299 17
9300 18
9301 18
9302 17
9303 18
9304 17
9305 17
9306 17
9307 17
9308 26
9309 18
9310 17
9311 17
9312 17
9313 17
9314 17
9315 17
9316 17
9317 17
9318 17
9319 18
9320 17
9321 18
9322 18
9323 20
9324 18
9325 18
9326 20
9327 18
9328 18
9329 17
9330 17
9331 18
9332 18
9333 18
9334 17
9335 17
9336 17
9337 18
9338 18
9339 17
9340 17
9341 17
9342 17
9343 18
9344 17
9345 17
9346 18
9347 18
9348 18
9349 17
9350 18
9351 18
9352 17
9353 17
9354 17
9355 19
9356 19
9357 17
9358 19
9359 17
9360 17
9361 17
9362 18
9363 18
9364 17
9365 17
9366 17
9367 17
9368 17
9369 17
9370 17
9371 17
9372 17
9373 17
9374 17
9375 17
9376 17
9377 17
9378 17
9379 17
9380 17
9381 17
9382 17
9383 17
9384 17
9385 17
9386 17
9387 17
9388 17
9389 17
9390 17
9391 17
9392 17
9393 17
9394 17
9395 17
9396 17
9397 17
9398 17
9399 17
9400 18
9401 17
9402 17
9403 17
9404 17
9405 17
9406 17
9407 18
9408 17
9409 17
9410 17
9411 17
9412 17
9413 17
9414 18
9415 17
9416 16
9417 17
9418 17
9419 17
9420 17
9421 17
9422 17
9423 17
9424 17
9425 17
9426 17
9427 17
9428 17
9429 17
9430 17
9431 17
9432 17
9433 17
9434 17
9435 17
9436 17
9437 17
9438 17
9439 17
9440 17
9441 18
9442 18
9443 17
9444 18
9445 17
9446 17
9447 17
9448 17
9449 17
9450 17
9451 18
9452 17
9453 17
9454 17
9455 17
9456 17
9457 17
9458 17
9459 17
9460 18
9461 17
9462 17
9463 17
9464 17
9465 17
9466 17
9467 16
9468 17
9469 17
9470 17
9471 17
9472 17
9473 17
9474 17
9475 17
9476 17
9477 17
9478 17
9479 17
9480 17
9481 17
9482 16
9483 17
9484 17
9485 17
9486 17
9487 18
9488 17
9489 17
9490 18
9491 310
9492 17
9493 18
9494 17
9495 17
9496 17
9497 17
9498 17
9499 17
9500 17
9501 17
9502 17
9503 17
9504 17
9505 17
9506 16
9507 17
9508 17
9509 17
9510 17
9511 17
9512 17
9513 17
9514 17
9515 18
9516 18
9517 17
9518 17
9519 17
9520 17
9521 18
9522 17
9523 17
9524 17
9525 17
9526 17
9527 17
9528 17
9529 17
9530 17
9531 17
9532 17
9533 17
9534 17
9535 17
9536 17
9537 17
9538 17
9539 17
9540 17
9541 17
9542 21
9543 17
9544 17
9545 17
9546 17
9547 17
9548 17
9549 17
9550 17
9551 17
9552 17
9553 16
9554 17
9555 17
9556 17
9557 17
9558 17
9559 17
9560 18
9561 18
9562 18
9563 17
9564 17
9565 17
9566 18
9567 17
9568 17
9569 17
9570 17
9571 18
9572 17
9573 17
9574 18
9575 17
9576 17
9577 17
9578 17
9579 17
9580 17
9581 17
9582 17
9583 16
9584 17
9585 17
9586 17
9587 17
9588 17
9589 18
9590 18
9591 17
9592 17
9593 18
9594 17
9595 17
9596 17
9597 18
9598 18
9599 17
9600 17
9601 17
9602 17
9603 17
9604 17
9605 17
9606 17
9607 17
9608 16
9609 17
9610 17
9611 17
9612 17
9613 17
9614 17
9615 17
9616 18
9617 17
9618 17
9619 17
9620 16
9621 17
9622 16
9623 17
9624 17
9625 17
9626 17
9627 18
9628 17
9629 17
9630 17
9631 17
9632 17
9633 17
9634 17
9635 17
9636 17
9637 17
9638 17
9639 17
9640 17
9641 17
9642 17
9643 17
9644 17
9645 17
9646 17
9647 17
9648 17
9649 17
9650 17
9651 18
9652 17
9653 17
9654 17
9655 17
9656 17
9657 17
9658 17
9659 17
9660 17
9661 40
9662 17
9663 17
9664 17
9665 17
9666 17
9667 17
9668 17
9669 17
9670 18
9671 17
9672 17
9673 17
9674 17
9675 17
9676 17
9677 17
9678 17
9679 17
9680 17
9681 17
9682 17
9683 17
9684 18
9685 17
9686 17
9687 18
9688 17
9689 17
9690 17
9691 18
9692 18
9693 18
9694 17
9695 18
9696 18
9697 17
9698 18
9699 18
9700 17
9701 18
9702 17
9703 17
9704 18
9705 18
9706 17
9707 18
9708 19
9709 19
9710 20
9711 19
9712 19
9713 20
9714 21
9715 20
9716 20
9717 20
9718 20
9719 23
9720 20
9721 19
9722 19
9723 19
9724 20
9725 19
9726 20
9727 20
9728 20
9729 20
9730 20
9731 20
9732 20
9733 18
9734 19
9735 20
9736 18
9737 18
9738 17
9739 20
9740 19
9741 18
9742 17
9743 17
9744 18
9745 17
9746 17
9747 17
9748 17
9749 17
9750 17
9751 17
9752 17
9753 17
9754 16
9755 17
9756 17
9757 17
9758 17
9759 18
9760 19
9761 17
9762 18
9763 17
9764 17
9765 17
9766 17
9767 17
9768 17
9769 17
9770 17
9771 17
9772 17
9773 17
9774 17
9775 17
9776 17
9777 17
9778 18
9779 18
9780 17
9781 18
9782 18
9783 18
9784 17
9785 17
9786 17
9787 17
9788 18
9789 18
9790 17
9791 18
9792 17
9793 17
9794 18
9795 18
9796 17
9797 17
9798 17
9799 18
9800 18
9801 18
9802 18
9803 18
9804 18
9805 17
9806 17
9807 17
9808 17
9809 17
9810 17
9811 17
9812 17
9813 18
9814 17
9815 17
9816 17
9817 17
9818 17
9819 18
9820 18
9821 17
9822 17
9823 17
9824 17
9825 18
9826 18
9827 17
9828 18
9829 17
9830 17
9831 17
9832 17
9833 17
9834 18
9835 17
9836 17
9837 17
9838 25
9839 18
9840 16
9841 18
9842 18
9843 17
9844 18
9845 17
9846 18
9847 18
9848 18
9849 17
9850 17
9851 17
9852 16
9853 18
9854 17
9855 18
9856 17
9857 17
9858 17
9859 18
9860 18
9861 17
9862 17
9863 17
9864 16
9865 18
9866 17
9867 18
9868 17
9869 18
9870 18
9871 17
9872 17
9873 18
9874 18
9875 18
9876 18
9877 18
9878 18
9879 18
9880 17
9881 17
9882 17
9883 17
9884 17
9885 17
9886 17
9887 16
9888 17
9889 17
9890 17
9891 18
9892 18
9893 17
9894 18
9895 17
9896 17
9897 17
9898 17
9899 17
9900 17
9901 17
9902 18
9903 18
9904 17
9905 17
9906 17
9907 17
9908 17
9909 17
9910 17
9911 17
9912 17
9913 17
9914 17
9915 18
9916 17
9917 17
9918 17
9919 17
9920 17
9921 18
9922 17
9923 17
9924 17
9925 17
9926 17
9927 17
9928 17
9929 17
9930 17
9931 17
9932 17
9933 17
9934 17
9935 17
9936 17
9937 18
9938 17
9939 17
9940 17
9941 17
9942 17
9943 17
9944 17
9945 17
9946 17
9947 17
9948 17
9949 17
9950 17
9951 17
9952 17
9953 18
9954 17
9955 18
9956 19
9957 17
9958 17
9959 18
9960 17
9961 18
9962 17
9963 17
9964 17
9965 17
9966 17
9967 17
9968 18
9969 18
9970 17
9971 17
9972 17
9973 17
9974 17
9975 17
9976 17
9977 17
9978 17
9979 17
9980 17
9981 17
9982 17
9983 17
9984 16
9985 17
9986 17
9987 17
9988 18
9989 17
9990 18
9991 18
9992 17
9993 17
9994 17
9995 17
9996 30
9997 23
9998 23
9999 23
