0 109
1 19
2 19
3 18
4 18
5 19
6 18
7 18
8 17
9 19
10 18
11 18
12 19
13 19
14 19
15 18
16 18
17 18
18 18
19 18
20 18
21 19
22 18
23 18
24 18
25 18
26 18
27 18
28 18
29 17
30 18
31 18
32 18
33 18
34 21
35 19
36 19
37 18
38 17
39 18
40 17
41 17
42 17
43 19
44 19
45 17
46 18
47 18
48 17
49 17
50 18
51 18
52 17
53 17
54 17
55 18
56 18
57 19
58 17
59 18
60 17
61 17
62 18
63 18
64 17
65 17
66 17
67 18
68 18
69 17
70 19
71 20
72 18
73 17
74 18
75 18
76 19
77 18
78 19
79 18
80 18
81 18
82 18
83 17
84 17
85 18
86 17
87 18
88 18
89 18
90 18
91 18
92 20
93 18
94 17
95 18
96 17
97 18
98 17
99 17
100 17
101 18
102 17
103 19
104 18
105 18
106 17
107 18
108 18
109 17
110 17
111 18
112 18
113 18
114 19
115 17
116 18
117 17
118 17
119 18
120 20
121 19
122 17
123 18
124 17
125 17
126 17
127 17
128 18
129 18
130 18
131 18
132 18
133 18
134 35
135 18
136 18
137 17
138 18
139 18
140 17
141 17
142 17
143 18
144 18
145 17
146 17
147 18
148 17
149 18
150 18
151 17
152 18
153 18
154 17
155 17
156 18
157 17
158 17
159 20
160 17
161 17
162 17
163 17
164 18
165 17
166 18
167 17
168 19
169 18
170 18
171 17
172 18
173 17
174 17
175 18
176 18
177 18
178 17
179 17
180 17
181 18
182 18
183 17
184 18
185 18
186 18
187 18
188 18
189 17
190 18
191 17
192 17
193 17
194 17
195 17
196 17
197 17
198 18
199 17
200 17
201 18
202 17
203 18
204 17
205 17
206 17
207 18
208 17
209 18
210 17
211 18
212 17
213 17
214 18
215 17
216 18
217 17
218 18
219 17
220 17
221 18
222 17
223 17
224 17
225 18
226 17
227 19
228 18
229 17
230 35
231 26
232 18
233 17
234 17
235 18
236 18
237 17
238 17
239 17
240 19
241 36
242 18
243 17
244 29
245 18
246 17
247 17
248 17
249 18
250 19
251 19
252 17
253 18
254 17
255 19
256 22
257 18
258 17
259 18
260 17
261 18
262 17
263 18
264 18
265 18
266 18
267 18
268 18
269 18
270 18
271 18
272 19
273 19
274 18
275 17
276 18
277 18
278 21
279 19
280 18
281 17
282 19
283 21
284 20
285 18
286 17
287 18
288 21
289 17
290 19
291 18
292 17
293 18
294 18
295 19
296 18
297 18
298 18
299 23
300 22
301 19
302 20
303 18
304 21
305 19
306 18
307 20
308 19
309 21
310 19
311 19
312 20
313 19
314 18
315 19
316 19
317 18
318 18
319 22
320 19
321 22
322 19
323 18
324 20
325 31
326 19
327 19
328 18
329 19
330 21
331 18
332 19
333 19
334 20
335 23
336 21
337 19
338 17
339 19
340 18
341 19
342 18
343 19
344 18
345 18
346 18
347 18
348 19
349 17
350 38
351 21
352 19
353 19
354 19
355 19
356 18
357 18
358 17
359 18
360 21
361 23
362 20
363 17
364 18
365 18
366 17
367 18
368 18
369 18
370 17
371 18
372 18
373 18
374 19
375 17
376 18
377 18
378 18
379 19
380 19
381 36
382 22
383 19
384 20
385 18
386 19
387 19
388 18
389 18
390 18
391 17
392 17
393 19
394 18
395 17
396 18
397 19
398 21
399 24
400 19
401 18
402 17
403 17
404 18
405 18
406 18
407 18
408 18
409 17
410 20
411 19
412 18
413 19
414 19
415 18
416 18
417 18
418 17
419 18
420 18
421 17
422 17
423 17
424 17
425 18
426 19
427 18
428 17
429 30
430 19
431 18
432 17
433 18
434 18
435 20
436 18
437 18
438 18
439 19
440 18
441 18
442 18
443 18
444 17
445 18
446 18
447 18
448 18
449 17
450 17
451 18
452 18
453 18
454 17
455 18
456 19
457 20
458 18
459 18
460 19
461 17
462 18
463 18
464 18
465 17
466 17
467 17
468 17
469 17
470 18
471 19
472 17
473 19
474 20
475 17
476 18
477 18
478 29
479 20
480 18
481 18
482 18
483 17
484 18
485 17
486 17
487 18
488 18
489 17
490 18
491 18
492 18
493 18
494 18
495 19
496 18
497 18
498 17
499 18
500 19
501 19
502 18
503 18
504 19
505 18
506 18
507 18
508 18
509 19
510 20
511 19
512 18
513 18
514 18
515 18
516 18
517 18
518 19
519 18
520 27
521 19
522 20
523 20
524 20
525 17
526 23
527 19
528 19
529 18
530 19
531 20
532 18
533 21
534 20
535 18
536 20
537 18
538 19
539 20
540 19
541 20
542 19
543 20
544 19
545 19
546 20
547 17
548 20
549 19
550 20
551 18
552 22
553 23
554 24
555 24
556 21
557 24
558 23
559 20
560 18
561 20
562 48
563 20
564 17
565 20
566 17
567 19
568 22
569 19
570 19
571 21
572 27
573 20
574 21
575 27
576 23
577 26
578 22
579 31
580 19
581 23
582 21
583 25
584 32
585 20
586 20
587 18
588 19
589 20
590 18
591 21
592 20
593 18
594 20
595 19
596 21
597 20
598 18
599 19
600 21
601 19
602 22
603 30
604 22
605 21
606 20
607 18
608 20
609 20
610 21
611 20
612 19
613 20
614 20
615 20
616 18
617 18
618 21
619 21
620 22
621 21
622 20
623 20
624 20
625 20
626 20
627 19
628 18
629 18
630 19
631 23
632 24
633 19
634 18
635 18
636 22
637 19
638 19
639 21
640 21
641 19
642 21
643 20
644 19
645 22
646 25
647 20
648 20
649 19
650 19
651 19
652 19
653 18
654 19
655 20
656 18
657 21
658 19
659 19
660 19
661 18
662 18
663 17
664 20
665 18
666 20
667 24
668 19
669 19
670 19
671 21
672 19
673 20
674 17
675 21
676 19
677 21
678 19
679 19
680 20
681 19
682 18
683 23
684 19
685 23
686 21
687 21
688 19
689 18
690 17
691 20
692 21
693 19
694 19
695 19
696 22
697 20
698 19
699 19
700 19
701 20
702 19
703 19
704 19
705 19
706 20
707 24
708 19
709 18
710 19
711 17
712 19
713 19
714 21
715 19
716 22
717 25
718 29
719 19
720 18
721 19
722 19
723 19
724 19
725 18
726 25
727 21
728 20
729 19
730 20
731 22
732 20
733 18
734 18
735 20
736 20
737 20
738 20
739 20
740 20
741 21
742 24
743 20
744 21
745 18
746 18
747 20
748 19
749 19
750 18
751 18
752 18
753 19
754 20
755 19
756 38
757 21
758 24
759 19
760 22
761 21
762 21
763 19
764 20
765 19
766 20
767 20
768 19
769 21
770 20
771 21
772 23
773 24
774 23
775 20
776 20
777 20
778 20
779 19
780 24
781 28
782 21
783 21
784 19
785 20
786 20
787 21
788 18
789 19
790 19
791 19
792 18
793 19
794 40
795 23
796 21
797 18
798 21
799 19
800 19
801 20
802 20
803 20
804 20
805 20
806 18
807 20
808 20
809 23
810 21
811 18
812 20
813 38
814 25
815 20
816 19
817 20
818 20
819 19
820 19
821 21
822 21
823 18
824 20
825 18
826 20
827 19
828 20
829 23
830 19
831 19
832 19
833 21
834 19
835 20
836 20
837 18
838 20
839 20
840 19
841 20
842 19
843 19
844 25
845 20
846 18
847 20
848 22
849 22
850 22
851 18
852 19
853 21
854 19
855 20
856 21
857 20
858 20
859 19
860 20
861 20
862 19
863 22
864 20
865 19
866 18
867 35
868 21
869 23
870 20
871 19
872 17
873 17
874 194
875 23
876 23
877 20
878 18
879 18
880 22
881 22
882 19
883 20
884 23
885 19
886 19
887 19
888 20
889 18
890 27
891 20
892 19
893 18
894 19
895 21
896 19
897 19
898 20
899 37
900 20
901 20
902 18
903 18
904 18
905 17
906 18
907 17
908 19
909 18
910 17
911 18
912 17
913 18
914 19
915 19
916 20
917 17
918 17
919 18
920 18
921 18
922 18
923 18
924 18
925 19
926 17
927 19
928 18
929 18
930 18
931 18
932 18
933 18
934 17
935 18
936 18
937 18
938 17
939 17
940 18
941 18
942 17
943 19
944 19
945 18
946 17
947 17
948 18
949 17
950 18
951 18
952 19
953 17
954 17
955 18
956 17
957 17
958 17
959 17
960 17
961 18
962 17
963 18
964 17
965 17
966 18
967 17
968 17
969 23
970 26
971 19
972 18
973 18
974 18
975 20
976 17
977 17
978 18
979 18
980 18
981 19
982 17
983 17
984 18
985 26
986 18
987 18
988 17
989 17
990 18
991 18
992 18
993 18
994 18
995 17
996 18
997 20
998 18
999 17
1000 18
1001 18
1002 17
1003 18
1004 20
1005 18
1006 17
1007 18
1008 18
1009 17
1010 18
1011 18
1012 18
1013 17
1014 19
1015 19
1016 18
1017 18
1018 18
1019 18
1020 17
1021 19
1022 18
1023 18
1024 18
1025 19
1026 18
1027 18
1028 18
1029 18
1030 18
1031 19
1032 18
1033 18
1034 21
1035 27
1036 30
1037 21
1038 29
1039 18
1040 20
1041 18
1042 18
1043 17
1044 18
1045 18
1046 18
1047 18
1048 18
1049 19
1050 20
1051 18
1052 19
1053 19
1054 20
1055 18
1056 18
1057 18
1058 18
1059 17
1060 18
1061 18
1062 17
1063 17
1064 18
1065 20
1066 20
1067 18
1068 19
1069 19
1070 18
1071 17
1072 18
1073 19
1074 17
1075 19
1076 17
1077 17
1078 18
1079 17
1080 19
1081 19
1082 18
1083 19
1084 18
1085 18
1086 19
1087 18
1088 18
1089 18
1090 18
1091 18
1092 18
1093 17
1094 19
1095 18
1096 18
1097 20
1098 19
1099 17
1100 18
1101 18
1102 18
1103 18
1104 18
1105 19
1106 17
1107 26
1108 20
1109 18
1110 18
1111 18
1112 17
1113 17
1114 17
1115 17
1116 19
1117 18
1118 17
1119 21
1120 18
1121 19
1122 18
1123 19
1124 20
1125 21
1126 20
1127 19
1128 19
1129 19
1130 17
1131 18
1132 19
1133 17
1134 18
1135 18
1136 17
1137 18
1138 18
1139 19
1140 21
1141 18
1142 18
1143 17
1144 20
1145 18
1146 19
1147 18
1148 18
1149 18
1150 19
1151 18
1152 18
1153 18
1154 18
1155 18
1156 21
1157 19
1158 20
1159 18
1160 18
1161 18
1162 18
1163 18
1164 17
1165 18
1166 19
1167 18
1168 18
1169 18
1170 18
1171 19
1172 20
1173 18
1174 18
1175 20
1176 18
1177 18
1178 18
1179 18
1180 17
1181 18
1182 19
1183 19
1184 18
1185 18
1186 19
1187 18
1188 18
1189 19
1190 18
1191 18
1192 18
1193 22
1194 17
1195 17
1196 17
1197 31
1198 19
1199 19
1200 18
1201 20
1202 19
1203 18
1204 23
1205 18
1206 18
1207 19
1208 20
1209 17
1210 19
1211 18
1212 19
1213 17
1214 18
1215 18
1216 18
1217 18
1218 18
1219 17
1220 17
1221 18
1222 18
1223 19
1224 20
1225 17
1226 17
1227 18
1228 18
1229 17
1230 17
1231 18
1232 18
1233 18
1234 19
1235 18
1236 18
1237 18
1238 18
1239 17
1240 18
1241 18
1242 18
1243 18
1244 18
1245 19
1246 18
1247 19
1248 18
1249 18
1250 18
1251 17
1252 18
1253 18
1254 17
1255 18
1256 18
1257 18
1258 17
1259 18
1260 18
1261 18
1262 20
1263 18
1264 18
1265 17
1266 18
1267 17
1268 17
1269 18
1270 18
1271 17
1272 19
1273 20
1274 19
1275 18
1276 18
1277 19
1278 18
1279 18
1280 18
1281 18
1282 17
1283 18
1284 18
1285 17
1286 18
1287 18
1288 19
1289 21
1290 18
1291 18
1292 17
1293 18
1294 18
1295 18
1296 18
1297 18
1298 18
1299 19
1300 19
1301 17
1302 18
1303 17
1304 18
1305 19
1306 18
1307 17
1308 18
1309 18
1310 19
1311 18
1312 18
1313 17
1314 18
1315 18
1316 17
1317 18
1318 17
1319 17
1320 18
1321 18
1322 18
1323 18
1324 17
1325 18
1326 18
1327 17
1328 18
1329 17
1330 20
1331 19
1332 19
1333 27
1334 19
1335 20
1336 18
1337 18
1338 18
1339 17
1340 17
1341 18
1342 25
1343 18
1344 18
1345 17
1346 17
1347 17
1348 17
1349 17
1350 17
1351 17
1352 17
1353 18
1354 19
1355 20
1356 18
1357 17
1358 18
1359 20
1360 17
1361 18
1362 17
1363 18
1364 17
1365 19
1366 18
1367 17
1368 18
1369 17
1370 20
1371 18
1372 17
1373 18
1374 17
1375 17
1376 18
1377 17
1378 18
1379 17
1380 29
1381 19
1382 18
1383 17
1384 18
1385 18
1386 17
1387 18
1388 17
1389 17
1390 18
1391 18
1392 17
1393 18
1394 18
1395 17
1396 17
1397 17
1398 18
1399 19
1400 18
1401 17
1402 17
1403 26
1404 19
1405 17
1406 17
1407 18
1408 17
1409 17
1410 17
1411 17
1412 17
1413 17
1414 17
1415 17
1416 17
1417 17
1418 17
1419 18
1420 17
1421 17
1422 17
1423 18
1424 17
1425 25
1426 18
1427 17
1428 17
1429 17
1430 17
1431 17
1432 17
1433 17
1434 17
1435 17
1436 17
1437 17
1438 17
1439 18
1440 17
1441 18
1442 19
1443 19
1444 18
1445 18
1446 17
1447 17
1448 17
1449 17
1450 17
1451 17
1452 18
1453 19
1454 17
1455 18
1456 17
1457 18
1458 19
1459 18
1460 18
1461 17
1462 18
1463 20
1464 18
1465 18
1466 18
1467 17
1468 18
1469 19
1470 18
1471 19
1472 17
1473 18
1474 17
1475 17
1476 17
1477 18
1478 18
1479 17
1480 19
1481 18
1482 18
1483 17
1484 17
1485 18
1486 17
1487 18
1488 18
1489 17
1490 18
1491 17
1492 18
1493 17
1494 17
1495 18
1496 17
1497 17
1498 17
1499 17
1500 18
1501 17
1502 18
1503 19
1504 18
1505 18
1506 18
1507 27
1508 19
1509 18
1510 17
1511 17
1512 17
1513 17
1514 18
1515 17
1516 17
1517 17
1518 18
1519 18
1520 18
1521 17
1522 17
1523 17
1524 17
1525 17
1526 17
1527 19
1528 18
1529 18
1530 18
1531 18
1532 17
1533 17
1534 18
1535 17
1536 17
1537 17
1538 17
1539 17
1540 18
1541 18
1542 18
1543 18
1544 17
1545 17
1546 17
1547 17
1548 17
1549 17
1550 18
1551 20
1552 17
1553 18
1554 34
1555 20
1556 17
1557 18
1558 18
1559 18
1560 18
1561 18
1562 19
1563 19
1564 19
1565 18
1566 18
1567 19
1568 17
1569 17
1570 18
1571 17
1572 18
1573 18
1574 19
1575 18
1576 17
1577 18
1578 17
1579 17
1580 17
1581 17
1582 17
1583 18
1584 17
1585 17
1586 17
1587 17
1588 17
1589 17
1590 17
1591 21
1592 17
1593 17
1594 17
1595 17
1596 28
1597 19
1598 18
1599 18
1600 18
1601 17
1602 18
1603 17
1604 19
1605 18
1606 17
1607 17
1608 18
1609 18
1610 17
1611 17
1612 18
1613 18
1614 18
1615 18
1616 18
1617 18
1618 17
1619 17
1620 17
1621 18
1622 18
1623 18
1624 17
1625 18
1626 17
1627 18
1628 17
1629 18
1630 17
1631 18
1632 18
1633 17
1634 17
1635 18
1636 17
1637 18
1638 18
1639 18
1640 17
1641 18
1642 17
1643 17
1644 18
1645 17
1646 17
1647 18
1648 17
1649 17
1650 17
1651 18
1652 18
1653 19
1654 20
1655 20
1656 18
1657 17
1658 18
1659 17
1660 18
1661 28
1662 19
1663 18
1664 17
1665 18
1666 17
1667 17
1668 17
1669 18
1670 17
1671 17
1672 18
1673 17
1674 18
1675 17
1676 17
1677 17
1678 20
1679 17
1680 17
1681 17
1682 18
1683 18
1684 20
1685 18
1686 18
1687 18
1688 18
1689 17
1690 18
1691 17
1692 17
1693 18
1694 17
1695 17
1696 17
1697 18
1698 18
1699 18
1700 18
1701 17
1702 18
1703 18
1704 18
1705 17
1706 18
1707 19
1708 21
1709 18
1710 19
1711 19
1712 17
1713 17
1714 17
1715 18
1716 17
1717 17
1718 17
1719 19
1720 17
1721 17
1722 18
1723 18
1724 18
1725 18
1726 17
1727 17
1728 17
1729 17
1730 132
1731 17
1732 18
1733 18
1734 18
1735 18
1736 18
1737 17
1738 17
1739 18
1740 19
1741 18
1742 18
1743 17
1744 18
1745 17
1746 17
1747 18
1748 17
1749 17
1750 19
1751 20
1752 19
1753 17
1754 18
1755 18
1756 17
1757 17
1758 17
1759 18
1760 18
1761 18
1762 19
1763 17
1764 18
1765 18
1766 18
1767 19
1768 19
1769 18
1770 17
1771 18
1772 17
1773 17
1774 19
1775 18
1776 17
1777 18
1778 19
1779 18
1780 17
1781 17
1782 17
1783 17
1784 18
1785 18
1786 17
1787 17
1788 18
1789 20
1790 17
1791 18
1792 18
1793 17
1794 19
1795 20
1796 18
1797 18
1798 18
1799 21
1800 21
1801 19
1802 18
1803 18
1804 19
1805 18
1806 19
1807 18
1808 18
1809 19
1810 18
1811 21
1812 18
1813 19
1814 18
1815 19
1816 18
1817 18
1818 19
1819 18
1820 19
1821 17
1822 19
1823 17
1824 19
1825 19
1826 19
1827 17
1828 18
1829 17
1830 18
1831 19
1832 18
1833 19
1834 20
1835 21
1836 22
1837 18
1838 21
1839 19
1840 18
1841 19
1842 18
1843 20
1844 19
1845 19
1846 17
1847 20
1848 22
1849 20
1850 18
1851 19
1852 21
1853 26
1854 19
1855 17
1856 19
1857 18
1858 19
1859 19
1860 19
1861 19
1862 19
1863 19
1864 19
1865 18
1866 18
1867 17
1868 17
1869 18
1870 18
1871 18
1872 17
1873 18
1874 18
1875 18
1876 18
1877 18
1878 20
1879 19
1880 18
1881 18
1882 17
1883 28
1884 19
1885 17
1886 18
1887 18
1888 18
1889 18
1890 17
1891 18
1892 18
1893 17
1894 17
1895 18
1896 22
1897 18
1898 18
1899 18
1900 20
1901 17
1902 18
1903 18
1904 19
1905 22
1906 21
1907 19
1908 18
1909 17
1910 21
1911 18
1912 17
1913 19
1914 20
1915 18
1916 19
1917 18
1918 19
1919 19
1920 19
1921 19
1922 17
1923 18
1924 19
1925 18
1926 18
1927 17
1928 18
1929 19
1930 17
1931 19
1932 17
1933 18
1934 18
1935 18
1936 17
1937 19
1938 21
1939 22
1940 19
1941 18
1942 18
1943 18
1944 18
1945 18
1946 18
1947 18
1948 20
1949 21
1950 18
1951 19
1952 19
1953 19
1954 19
1955 19
1956 19
1957 18
1958 19
1959 23
1960 19
1961 18
1962 19
1963 21
1964 21
1965 19
1966 19
1967 19
1968 21
1969 18
1970 19
1971 19
1972 19
1973 20
1974 20
1975 18
1976 19
1977 18
1978 20
1979 35
1980 19
1981 19
1982 17
1983 17
1984 17
1985 17
1986 17
1987 17
1988 17
1989 19
1990 18
1991 17
1992 17
1993 18
1994 17
1995 17
1996 17
1997 17
1998 17
1999 17
2000 17
2001 18
2002 18
2003 17
2004 17
2005 17
2006 18
2007 17
2008 17
2009 19
2010 19
2011 17
2012 19
2013 17
2014 17
2015 18
2016 17
2017 17
2018 17
2019 17
2020 18
2021 18
2022 17
2023 17
2024 17
2025 17
2026 17
2027 18
2028 18
2029 18
2030 18
2031 18
2032 18
2033 17
2034 18
2035 18
2036 18
2037 18
2038 17
2039 18
2040 18
2041 17
2042 18
2043 17
2044 18
2045 18
2046 18
2047 17
2048 17
2049 18
2050 19
2051 18
2052 17
2053 18
2054 17
2055 18
2056 17
2057 18
2058 17
2059 18
2060 17
2061 19
2062 17
2063 18
2064 17
2065 18
2066 17
2067 18
2068 18
2069 35
2070 18
2071 18
2072 18
2073 17
2074 18
2075 17
2076 17
2077 19
2078 18
2079 18
2080 17
2081 18
2082 17
2083 18
2084 17
2085 18
2086 18
2087 17
2088 19
2089 18
2090 18
2091 18
2092 18
2093 19
2094 17
2095 18
2096 18
2097 18
2098 17
2099 18
2100 18
2101 18
2102 18
2103 17
2104 20
2105 18
2106 17
2107 18
2108 18
2109 18
2110 17
2111 18
2112 17
2113 17
2114 18
2115 19
2116 17
2117 17
2118 19
2119 17
2120 18
2121 18
2122 18
2123 18
2124 17
2125 18
2126 18
2127 18
2128 17
2129 17
2130 17
2131 17
2132 17
2133 17
2134 17
2135 17
2136 18
2137 18
2138 17
2139 18
2140 17
2141 17
2142 17
2143 17
2144 17
2145 18
2146 17
2147 17
2148 17
2149 17
2150 18
2151 18
2152 18
2153 17
2154 17
2155 18
2156 18
2157 18
2158 18
2159 17
2160 17
2161 17
2162 17
2163 17
2164 17
2165 17
2166 18
2167 17
2168 18
2169 17
2170 17
2171 17
2172 19
2173 17
2174 17
2175 17
2176 18
2177 18
2178 17
2179 17
2180 17
2181 18
2182 26
2183 19
2184 18
2185 17
2186 17
2187 17
2188 18
2189 18
2190 18
2191 18
2192 18
2193 19
2194 18
2195 17
2196 18
2197 17
2198 17
2199 18
2200 17
2201 18
2202 17
2203 18
2204 17
2205 17
2206 18
2207 17
2208 17
2209 18
2210 18
2211 17
2212 18
2213 17
2214 17
2215 18
2216 17
2217 18
2218 18
2219 17
2220 18
2221 17
2222 17
2223 18
2224 17
2225 18
2226 17
2227 18
2228 17
2229 18
2230 18
2231 17
2232 17
2233 18
2234 17
2235 17
2236 18
2237 18
2238 17
2239 22
2240 18
2241 17
2242 17
2243 18
2244 17
2245 18
2246 30
2247 18
2248 18
2249 17
2250 18
2251 17
2252 18
2253 17
2254 17
2255 18
2256 17
2257 17
2258 20
2259 26
2260 18
2261 18
2262 18
2263 18
2264 17
2265 18
2266 17
2267 18
2268 17
2269 17
2270 18
2271 18
2272 17
2273 18
2274 18
2275 17
2276 17
2277 18
2278 18
2279 18
2280 17
2281 17
2282 17
2283 18
2284 17
2285 17
2286 18
2287 18
2288 17
2289 18
2290 17
2291 17
2292 18
2293 18
2294 17
2295 17
2296 17
2297 17
2298 18
2299 17
2300 18
2301 18
2302 17
2303 17
2304 18
2305 18
2306 17
2307 18
2308 17
2309 17
2310 17
2311 17
2312 17
2313 18
2314 17
2315 17
2316 18
2317 18
2318 18
2319 17
2320 17
2321 17
2322 20
2323 17
2324 17
2325 17
2326 17
2327 17
2328 18
2329 17
2330 17
2331 18
2332 17
2333 17
2334 18
2335 18
2336 17
2337 18
2338 17
2339 17
2340 18
2341 18
2342 17
2343 17
2344 17
2345 18
2346 18
2347 17
2348 17
2349 17
2350 18
2351 18
2352 18
2353 18
2354 17
2355 18
2356 18
2357 17
2358 18
2359 17
2360 18
2361 17
2362 18
2363 17
2364 17
2365 18
2366 18
2367 18
2368 18
2369 18
2370 17
2371 19
2372 17
2373 17
2374 17
2375 18
2376 18
2377 17
2378 17
2379 18
2380 18
2381 17
2382 19
2383 17
2384 18
2385 18
2386 19
2387 18
2388 18
2389 17
2390 18
2391 18
2392 18
2393 17
2394 17
2395 17
2396 17
2397 17
2398 17
2399 17
2400 17
2401 17
2402 17
2403 17
2404 18
2405 17
2406 17
2407 17
2408 18
2409 18
2410 18
2411 18
2412 17
2413 17
2414 17
2415 18
2416 17
2417 17
2418 17
2419 18
2420 18
2421 19
2422 18
2423 17
2424 19
2425 18
2426 18
2427 17
2428 17
2429 18
2430 17
2431 18
2432 17
2433 17
2434 18
2435 17
2436 17
2437 18
2438 17
2439 19
2440 17
2441 17
2442 18
2443 18
2444 18
2445 17
2446 17
2447 18
2448 18
2449 18
2450 19
2451 18
2452 18
2453 17
2454 18
2455 17
2456 17
2457 20
2458 17
2459 18
2460 18
2461 18
2462 17
2463 17
2464 18
2465 17
2466 18
2467 17
2468 17
2469 18
2470 17
2471 17
2472 17
2473 18
2474 18
2475 18
2476 19
2477 18
2478 17
2479 17
2480 18
2481 17
2482 18
2483 17
2484 18
2485 18
2486 17
2487 18
2488 18
2489 17
2490 18
2491 17
2492 18
2493 18
2494 18
2495 18
2496 17
2497 17
2498 18
2499 17
2500 17
2501 17
2502 17
2503 17
2504 18
2505 17
2506 18
2507 17
2508 18
2509 19
2510 18
2511 17
2512 18
2513 17
2514 20
2515 19
2516 17
2517 17
2518 17
2519 18
2520 17
2521 17
2522 17
2523 18
2524 18
2525 17
2526 18
2527 18
2528 18
2529 18
2530 18
2531 17
2532 17
2533 17
2534 18
2535 17
2536 17
2537 19
2538 18
2539 18
2540 17
2541 18
2542 18
2543 17
2544 17
2545 18
2546 18
2547 17
2548 18
2549 18
2550 18
2551 18
2552 17
2553 17
2554 17
2555 16
2556 17
2557 17
2558 17
2559 17
2560 17
2561 17
2562 17
2563 17
2564 17
2565 17
2566 18
2567 18
2568 17
2569 18
2570 18
2571 18
2572 17
2573 18
2574 18
2575 17
2576 17
2577 18
2578 19
2579 17
2580 18
2581 18
2582 18
2583 18
2584 19
2585 18
2586 17
2587 20
2588 18
2589 18
2590 18
2591 17
2592 17
2593 18
2594 17
2595 17
2596 18
2597 17
2598 17
2599 17
2600 18
2601 37
2602 18
2603 19
2604 17
2605 18
2606 17
2607 17
2608 18
2609 18
2610 18
2611 17
2612 17
2613 18
2614 17
2615 17
2616 18
2617 18
2618 17
2619 17
2620 18
2621 17
2622 17
2623 17
2624 18
2625 17
2626 17
2627 17
2628 18
2629 18
2630 17
2631 17
2632 19
2633 17
2634 17
2635 18
2636 17
2637 17
2638 17
2639 18
2640 17
2641 18
2642 18
2643 17
2644 17
2645 17
2646 17
2647 17
2648 18
2649 17
2650 18
2651 17
2652 18
2653 17
2654 17
2655 18
2656 17
2657 18
2658 18
2659 17
2660 17
2661 17
2662 16
2663 17
2664 17
2665 18
2666 17
2667 18
2668 17
2669 17
2670 27
2671 18
2672 18
2673 17
2674 17
2675 17
2676 19
2677 17
2678 18
2679 17
2680 18
2681 20
2682 18
2683 18
2684 17
2685 18
2686 19
2687 18
2688 17
2689 17
2690 18
2691 18
2692 19
2693 17
2694 17
2695 18
2696 17
2697 18
2698 17
2699 17
2700 18
2701 17
2702 17
2703 18
2704 18
2705 17
2706 19
2707 17
2708 17
2709 18
2710 17
2711 17
2712 17
2713 17
2714 17
2715 17
2716 17
2717 17
2718 17
2719 17
2720 17
2721 17
2722 18
2723 18
2724 17
2725 17
2726 19
2727 18
2728 17
2729 18
2730 17
2731 18
2732 17
2733 17
2734 18
2735 17
2736 17
2737 18
2738 18
2739 17
2740 17
2741 18
2742 17
2743 18
2744 18
2745 18
2746 17
2747 17
2748 17
2749 17
2750 17
2751 17
2752 17
2753 17
2754 18
2755 17
2756 18
2757 18
2758 17
2759 17
2760 17
2761 17
2762 17
2763 17
2764 17
2765 17
2766 19
2767 18
2768 17
2769 18
2770 19
2771 17
2772 17
2773 17
2774 17
2775 17
2776 17
2777 17
2778 17
2779 31
2780 17
2781 17
2782 17
2783 17
2784 17
2785 17
2786 17
2787 19
2788 17
2789 18
2790 18
2791 18
2792 17
2793 17
2794 17
2795 17
2796 17
2797 17
2798 27
2799 17
2800 18
2801 17
2802 17
2803 17
2804 17
2805 17
2806 17
2807 17
2808 17
2809 17
2810 17
2811 17
2812 17
2813 17
2814 17
2815 18
2816 18
2817 17
2818 18
2819 18
2820 17
2821 17
2822 18
2823 17
2824 17
2825 17
2826 18
2827 17
2828 18
2829 17
2830 18
2831 18
2832 18
2833 17
2834 20
2835 18
2836 17
2837 17
2838 17
2839 17
2840 17
2841 17
2842 18
2843 18
2844 17
2845 17
2846 17
2847 17
2848 17
2849 18
2850 17
2851 17
2852 18
2853 18
2854 17
2855 17
2856 18
2857 18
2858 17
2859 18
2860 18
2861 17
2862 17
2863 18
2864 18
2865 25
2866 18
2867 18
2868 17
2869 17
2870 17
2871 17
2872 17
2873 17
2874 17
2875 17
2876 17
2877 17
2878 17
2879 17
2880 18
2881 18
2882 18
2883 17
2884 18
2885 17
2886 17
2887 22
2888 17
2889 19
2890 18
2891 18
2892 18
2893 19
2894 18
2895 17
2896 17
2897 18
2898 20
2899 17
2900 18
2901 17
2902 17
2903 18
2904 18
2905 17
2906 17
2907 17
2908 17
2909 17
2910 18
2911 17
2912 17
2913 17
2914 18
2915 18
2916 18
2917 18
2918 18
2919 17
2920 17
2921 18
2922 18
2923 17
2924 17
2925 17
2926 18
2927 18
2928 17
2929 17
2930 17
2931 17
2932 17
2933 17
2934 17
2935 17
2936 17
2937 18
2938 18
2939 17
2940 17
2941 17
2942 18
2943 18
2944 18
2945 19
2946 17
2947 17
2948 17
2949 18
2950 17
2951 18
2952 17
2953 17
2954 17
2955 18
2956 17
2957 27
2958 18
2959 17
2960 17
2961 19
2962 19
2963 17
2964 17
2965 18
2966 18
2967 17
2968 17
2969 17
2970 17
2971 17
2972 17
2973 17
2974 17
2975 17
2976 17
2977 18
2978 18
2979 17
2980 17
2981 17
2982 17
2983 18
2984 18
2985 17
2986 18
2987 18
2988 17
2989 17
2990 18
2991 17
2992 17
2993 17
2994 18
2995 17
2996 17
2997 17
2998 18
2999 18
3000 17
3001 18
3002 18
3003 18
3004 18
3005 17
3006 17
3007 17
3008 17
3009 17
3010 17
3011 17
3012 17
3013 17
3014 16
3015 17
3016 17
3017 17
3018 17
3019 17
3020 17
3021 17
3022 25
3023 19
3024 18
3025 17
3026 19
3027 17
3028 17
3029 17
3030 17
3031 18
3032 17
3033 19
3034 17
3035 17
3036 17
3037 18
3038 18
3039 18
3040 17
3041 17
3042 17
3043 18
3044 18
3045 17
3046 17
3047 18
3048 17
3049 17
3050 18
3051 17
3052 18
3053 18
3054 17
3055 18
3056 18
3057 17
3058 17
3059 18
3060 17
3061 18
3062 18
3063 17
3064 17
3065 18
3066 18
3067 18
3068 17
3069 17
3070 17
3071 18
3072 17
3073 18
3074 18
3075 17
3076 17
3077 19
3078 17
3079 17
3080 17
3081 18
3082 18
3083 17
3084 17
3085 18
3086 17
3087 18
3088 18
3089 18
3090 20
3091 18
3092 17
3093 18
3094 18
3095 17
3096 17
3097 17
3098 18
3099 18
3100 18
3101 17
3102 18
3103 18
3104 18
3105 18
3106 17
3107 18
3108 18
3109 17
3110 18
3111 17
3112 19
3113 17
3114 18
3115 18
3116 18
3117 18
3118 18
3119 17
3120 18
3121 18
3122 17
3123 17
3124 18
3125 18
3126 17
3127 18
3128 18
3129 18
3130 18
3131 17
3132 18
3133 18
3134 17
3135 17
3136 28
3137 18
3138 18
3139 17
3140 17
3141 17
3142 18
3143 17
3144 17
3145 18
3146 17
3147 18
3148 17
3149 18
3150 17
3151 18
3152 17
3153 18
3154 18
3155 17
3156 18
3157 17
3158 18
3159 18
3160 18
3161 18
3162 17
3163 18
3164 18
3165 19
3166 17
3167 18
3168 17
3169 18
3170 18
3171 18
3172 18
3173 18
3174 18
3175 17
3176 26
3177 18
3178 18
3179 18
3180 17
3181 17
3182 18
3183 18
3184 17
3185 18
3186 19
3187 18
3188 18
3189 17
3190 17
3191 17
3192 17
3193 17
3194 20
3195 17
3196 17
3197 17
3198 17
3199 17
3200 17
3201 18
3202 17
3203 18
3204 17
3205 17
3206 17
3207 17
3208 17
3209 17
3210 17
3211 17
3212 17
3213 17
3214 17
3215 17
3216 17
3217 18
3218 17
3219 17
3220 17
3221 17
3222 17
3223 17
3224 18
3225 18
3226 17
3227 17
3228 17
3229 18
3230 18
3231 18
3232 18
3233 18
3234 18
3235 18
3236 17
3237 17
3238 17
3239 18
3240 17
3241 17
3242 17
3243 17
3244 18
3245 18
3246 17
3247 17
3248 17
3249 17
3250 17
3251 17
3252 17
3253 18
3254 17
3255 17
3256 17
3257 17
3258 17
3259 20
3260 19
3261 18
3262 17
3263 18
3264 17
3265 18
3266 18
3267 18
3268 17
3269 17
3270 18
3271 18
3272 18
3273 18
3274 18
3275 17
3276 18
3277 17
3278 18
3279 17
3280 17
3281 17
3282 17
3283 17
3284 17
3285 17
3286 17
3287 17
3288 17
3289 17
3290 17
3291 17
3292 17
3293 18
3294 18
3295 18
3296 18
3297 18
3298 18
3299 17
3300 18
3301 17
3302 18
3303 17
3304 18
3305 17
3306 18
3307 18
3308 18
3309 17
3310 17
3311 18
3312 18
3313 18
3314 18
3315 19
3316 18
3317 17
3318 18
3319 17
3320 18
3321 18
3322 17
3323 18
3324 17
3325 17
3326 17
3327 18
3328 17
3329 18
3330 18
3331 19
3332 18
3333 17
3334 18
3335 18
3336 17
3337 18
3338 17
3339 17
3340 17
3341 17
3342 17
3343 18
3344 18
3345 18
3346 17
3347 18
3348 17
3349 18
3350 18
3351 18
3352 17
3353 18
3354 17
3355 18
3356 17
3357 18
3358 18
3359 17
3360 18
3361 18
3362 17
3363 18
3364 18
3365 18
3366 19
3367 17
3368 18
3369 18
3370 18
3371 17
3372 17
3373 17
3374 17
3375 18
3376 19
3377 17
3378 18
3379 18
3380 18
3381 18
3382 18
3383 18
3384 17
3385 18
3386 18
3387 17
3388 18
3389 17
3390 17
3391 18
3392 17
3393 18
3394 18
3395 17
3396 18
3397 18
3398 18
3399 18
3400 17
3401 18
3402 18
3403 17
3404 18
3405 17
3406 18
3407 17
3408 18
3409 17
3410 18
3411 18
3412 18
3413 17
3414 18
3415 17
3416 18
3417 17
3418 17
3419 17
3420 18
3421 19
3422 17
3423 18
3424 18
3425 18
3426 17
3427 18
3428 17
3429 18
3430 17
3431 18
3432 18
3433 18
3434 17
3435 18
3436 17
3437 18
3438 17
3439 18
3440 18
3441 17
3442 18
3443 18
3444 17
3445 18
3446 17
3447 18
3448 17
3449 19
3450 17
3451 17
3452 17
3453 17
3454 18
3455 17
3456 17
3457 17
3458 17
3459 17
3460 17
3461 17
3462 18
3463 18
3464 17
3465 17
3466 17
3467 17
3468 17
3469 17
3470 18
3471 18
3472 18
3473 17
3474 18
3475 18
3476 18
3477 18
3478 18
3479 18
3480 18
3481 18
3482 17
3483 17
3484 26
3485 18
3486 17
3487 17
3488 17
3489 18
3490 18
3491 18
3492 17
3493 17
3494 17
3495 17
3496 18
3497 18
3498 17
3499 17
3500 17
3501 17
3502 17
3503 17
3504 18
3505 18
3506 18
3507 18
3508 18
3509 18
3510 17
3511 18
3512 17
3513 17
3514 17
3515 17
3516 17
3517 17
3518 18
3519 17
3520 20
3521 18
3522 18
3523 18
3524 18
3525 18
3526 19
3527 18
3528 18
3529 17
3530 18
3531 17
3532 18
3533 17
3534 17
3535 18
3536 17
3537 19
3538 18
3539 17
3540 18
3541 17
3542 17
3543 18
3544 17
3545 18
3546 17
3547 18
3548 18
3549 17
3550 18
3551 17
3552 17
3553 18
3554 18
3555 18
3556 18
3557 17
3558 18
3559 18
3560 18
3561 18
3562 18
3563 17
3564 18
3565 18
3566 18
3567 18
3568 17
3569 18
3570 18
3571 17
3572 18
3573 17
3574 18
3575 18
3576 18
3577 19
3578 18
3579 18
3580 17
3581 17
3582 18
3583 17
3584 18
3585 18
3586 17
3587 18
3588 18
3589 18
3590 17
3591 18
3592 17
3593 19
3594 18
3595 17
3596 18
3597 17
3598 18
3599 17
3600 18
3601 18
3602 17
3603 18
3604 19
3605 17
3606 17
3607 18
3608 18
3609 17
3610 18
3611 17
3612 18
3613 18
3614 17
3615 19
3616 17
3617 18
3618 18
3619 17
3620 18
3621 17
3622 18
3623 17
3624 18
3625 18
3626 20
3627 17
3628 17
3629 18
3630 17
3631 17
3632 18
3633 18
3634 17
3635 17
3636 17
3637 17
3638 19
3639 17
3640 18
3641 17
3642 17
3643 17
3644 17
3645 17
3646 17
3647 17
3648 18
3649 17
3650 18
3651 17
3652 17
3653 18
3654 18
3655 18
3656 17
3657 17
3658 18
3659 18
3660 19
3661 18
3662 29
3663 18
3664 18
3665 17
3666 17
3667 18
3668 18
3669 17
3670 17
3671 18
3672 17
3673 18
3674 17
3675 18
3676 19
3677 18
3678 17
3679 17
3680 18
3681 19
3682 18
3683 18
3684 18
3685 18
3686 18
3687 17
3688 17
3689 18
3690 19
3691 17
3692 19
3693 18
3694 18
3695 17
3696 18
3697 18
3698 19
3699 17
3700 18
3701 18
3702 17
3703 18
3704 17
3705 17
3706 18
3707 18
3708 17
3709 17
3710 18
3711 17
3712 18
3713 18
3714 17
3715 19
3716 17
3717 18
3718 17
3719 18
3720 17
3721 18
3722 18
3723 17
3724 17
3725 18
3726 19
3727 18
3728 17
3729 17
3730 18
3731 18
3732 17
3733 18
3734 18
3735 17
3736 18
3737 17
3738 18
3739 17
3740 18
3741 18
3742 17
3743 18
3744 17
3745 18
3746 17
3747 17
3748 17
3749 18
3750 18
3751 17
3752 18
3753 17
3754 19
3755 17
3756 18
3757 17
3758 18
3759 27
3760 18
3761 17
3762 18
3763 18
3764 17
3765 18
3766 17
3767 18
3768 18
3769 17
3770 19
3771 18
3772 17
3773 17
3774 18
3775 17
3776 18
3777 17
3778 17
3779 17
3780 17
3781 17
3782 18
3783 17
3784 18
3785 17
3786 19
3787 17
3788 18
3789 18
3790 17
3791 17
3792 17
3793 17
3794 17
3795 17
3796 17
3797 17
3798 17
3799 18
3800 17
3801 17
3802 17
3803 17
3804 17
3805 18
3806 18
3807 18
3808 18
3809 18
3810 17
3811 17
3812 18
3813 17
3814 17
3815 17
3816 17
3817 17
3818 19
3819 18
3820 25
3821 18
3822 18
3823 18
3824 17
3825 18
3826 17
3827 18
3828 18
3829 17
3830 18
3831 17
3832 17
3833 17
3834 18
3835 17
3836 18
3837 19
3838 18
3839 25
3840 18
3841 18
3842 18
3843 17
3844 18
3845 18
3846 17
3847 19
3848 18
3849 18
3850 17
3851 18
3852 17
3853 18
3854 18
3855 18
3856 17
3857 18
3858 17
3859 17
3860 17
3861 17
3862 18
3863 17
3864 18
3865 17
3866 17
3867 18
3868 17
3869 21
3870 19
3871 17
3872 18
3873 17
3874 18
3875 17
3876 17
3877 18
3878 18
3879 17
3880 19
3881 18
3882 20
3883 18
3884 17
3885 17
3886 18
3887 17
3888 18
3889 17
3890 17
3891 18
3892 17
3893 18
3894 17
3895 18
3896 18
3897 17
3898 18
3899 18
3900 17
3901 17
3902 18
3903 19
3904 17
3905 17
3906 18
3907 18
3908 17
3909 17
3910 18
3911 17
3912 18
3913 26
3914 18
3915 18
3916 18
3917 17
3918 17
3919 18
3920 17
3921 18
3922 17
3923 18
3924 17
3925 18
3926 18
3927 17
3928 18
3929 18
3930 19
3931 17
3932 17
3933 17
3934 18
3935 17
3936 18
3937 17
3938 18
3939 18
3940 18
3941 17
3942 18
3943 18
3944 17
3945 18
3946 20
3947 18
3948 17
3949 17
3950 18
3951 18
3952 17
3953 19
3954 17
3955 18
3956 18
3957 17
3958 17
3959 17
3960 17
3961 17
3962 17
3963 18
3964 17
3965 18
3966 18
3967 17
3968 18
3969 17
3970 18
3971 18
3972 18
3973 17
3974 18
3975 18
3976 17
3977 18
3978 17
3979 18
3980 19
3981 17
3982 18
3983 17
3984 18
3985 17
3986 18
3987 17
3988 18
3989 17
3990 18
3991 18
3992 17
3993 17
3994 18
3995 17
3996 18
3997 19
3998 17
3999 18
4000 17
4001 17
4002 17
4003 17
4004 17
4005 18
4006 18
4007 18
4008 19
4009 18
4010 19
4011 17
4012 17
4013 17
4014 17
4015 17
4016 27
4017 17
4018 17
4019 18
4020 18
4021 17
4022 17
4023 18
4024 18
4025 18
4026 17
4027 17
4028 17
4029 25
4030 19
4031 18
4032 17
4033 17
4034 18
4035 18
4036 18
4037 18
4038 17
4039 18
4040 18
4041 17
4042 17
4043 17
4044 18
4045 17
4046 17
4047 17
4048 17
4049 18
4050 18
4051 18
4052 17
4053 17
4054 17
4055 18
4056 18
4057 17
4058 18
4059 18
4060 17
4061 18
4062 18
4063 17
4064 17
4065 17
4066 17
4067 17
4068 18
4069 18
4070 18
4071 18
4072 17
4073 17
4074 19
4075 17
4076 17
4077 17
4078 18
4079 18
4080 18
4081 18
4082 18
4083 18
4084 17
4085 18
4086 17
4087 17
4088 17
4089 17
4090 17
4091 26
4092 18
4093 18
4094 18
4095 17
4096 18
4097 18
4098 18
4099 18
4100 17
4101 17
4102 17
4103 17
4104 18
4105 17
4106 17
4107 18
4108 18
4109 17
4110 17
4111 17
4112 18
4113 18
4114 17
4115 18
4116 17
4117 17
4118 17
4119 17
4120 17
4121 17
4122 17
4123 17
4124 18
4125 17
4126 17
4127 18
4128 18
4129 18
4130 18
4131 18
4132 18
4133 17
4134 18
4135 19
4136 18
4137 17
4138 20
4139 18
4140 18
4141 18
4142 18
4143 17
4144 18
4145 18
4146 18
4147 17
4148 17
4149 17
4150 17
4151 17
4152 17
4153 17
4154 17
4155 17
4156 17
4157 19
4158 17
4159 19
4160 18
4161 17
4162 18
4163 17
4164 18
4165 17
4166 18
4167 18
4168 17
4169 17
4170 18
4171 17
4172 17
4173 18
4174 19
4175 18
4176 17
4177 18
4178 18
4179 18
4180 17
4181 17
4182 17
4183 17
4184 18
4185 18
4186 17
4187 17
4188 18
4189 18
4190 18
4191 18
4192 17
4193 18
4194 18
4195 17
4196 18
4197 17
4198 17
4199 17
4200 18
4201 18
4202 19
4203 18
4204 18
4205 17
4206 17
4207 17
4208 17
4209 17
4210 17
4211 17
4212 17
4213 17
4214 17
4215 17
4216 18
4217 17
4218 17
4219 18
4220 18
4221 18
4222 18
4223 17
4224 17
4225 18
4226 18
4227 17
4228 17
4229 17
4230 18
4231 18
4232 18
4233 18
4234 17
4235 18
4236 17
4237 18
4238 17
4239 18
4240 18
4241 18
4242 17
4243 18
4244 17
4245 18
4246 18
4247 18
4248 18
4249 18
4250 17
4251 17
4252 19
4253 17
4254 18
4255 18
4256 18
4257 17
4258 18
4259 18
4260 17
4261 18
4262 18
4263 18
4264 17
4265 18
4266 19
4267 18
4268 17
4269 17
4270 18
4271 17
4272 17
4273 18
4274 17
4275 18
4276 18
4277 18
4278 17
4279 17
4280 26
4281 18
4282 18
4283 18
4284 17
4285 19
4286 18
4287 17
4288 17
4289 18
4290 17
4291 17
4292 18
4293 18
4294 18
4295 17
4296 18
4297 17
4298 17
4299 18
4300 17
4301 18
4302 18
4303 18
4304 17
4305 18
4306 18
4307 17
4308 18
4309 18
4310 17
4311 18
4312 18
4313 17
4314 18
4315 18
4316 18
4317 17
4318 18
4319 18
4320 17
4321 18
4322 17
4323 17
4324 18
4325 18
4326 18
4327 17
4328 17
4329 18
4330 20
4331 18
4332 17
4333 18
4334 17
4335 18
4336 18
4337 17
4338 18
4339 17
4340 18
4341 19
4342 17
4343 18
4344 17
4345 17
4346 18
4347 17
4348 17
4349 18
4350 17
4351 17
4352 19
4353 18
4354 18
4355 17
4356 18
4357 18
4358 17
4359 17
4360 18
4361 18
4362 17
4363 17
4364 18
4365 18
4366 17
4367 18
4368 18
4369 19
4370 18
4371 27
4372 18
4373 18
4374 17
4375 17
4376 17
4377 17
4378 18
4379 19
4380 18
4381 18
4382 18
4383 17
4384 18
4385 18
4386 17
4387 17
4388 17
4389 18
4390 19
4391 17
4392 18
4393 17
4394 21
4395 18
4396 17
4397 17
4398 18
4399 18
4400 18
4401 17
4402 17
4403 17
4404 18
4405 17
4406 18
4407 19
4408 17
4409 18
4410 18
4411 17
4412 19
4413 19
4414 17
4415 18
4416 17
4417 18
4418 18
4419 18
4420 17
4421 17
4422 17
4423 18
4424 17
4425 18
4426 18
4427 17
4428 17
4429 18
4430 18
4431 17
4432 17
4433 18
4434 17
4435 18
4436 19
4437 18
4438 17
4439 18
4440 18
4441 17
4442 18
4443 18
4444 18
4445 18
4446 17
4447 17
4448 18
4449 17
4450 17
4451 18
4452 18
4453 17
4454 18
4455 18
4456 22
4457 18
4458 21
4459 17
4460 18
4461 17
4462 18
4463 17
4464 18
4465 17
4466 18
4467 17
4468 17
4469 18
4470 18
4471 17
4472 17
4473 19
4474 17
4475 18
4476 18
4477 17
4478 18
4479 19
4480 17
4481 18
4482 18
4483 18
4484 17
4485 18
4486 17
4487 17
4488 17
4489 18
4490 18
4491 17
4492 18
4493 17
4494 18
4495 17
4496 18
4497 17
4498 18
4499 18
4500 17
4501 18
4502 18
4503 17
4504 17
4505 18
4506 26
4507 19
4508 18
4509 17
4510 17
4511 17
4512 18
4513 17
4514 17
4515 17
4516 17
4517 18
4518 18
4519 18
4520 17
4521 18
4522 19
4523 17
4524 18
4525 17
4526 18
4527 18
4528 18
4529 17
4530 18
4531 18
4532 18
4533 17
4534 17
4535 18
4536 17
4537 17
4538 18
4539 18
4540 17
4541 17
4542 17
4543 17
4544 18
4545 17
4546 18
4547 18
4548 248
4549 19
4550 17
4551 17
4552 19
4553 18
4554 17
4555 17
4556 18
4557 17
4558 17
4559 17
4560 17
4561 17
4562 17
4563 18
4564 18
4565 18
4566 18
4567 17
4568 18
4569 18
4570 17
4571 18
4572 17
4573 17
4574 19
4575 18
4576 18
4577 17
4578 18
4579 17
4580 18
4581 18
4582 17
4583 17
4584 18
4585 18
4586 18
4587 18
4588 17
4589 18
4590 18
4591 18
4592 18
4593 17
4594 18
4595 19
4596 18
4597 17
4598 18
4599 17
4600 17
4601 18
4602 19
4603 18
4604 17
4605 18
4606 18
4607 18
4608 17
4609 18
4610 18
4611 18
4612 18
4613 18
4614 18
4615 17
4616 17
4617 18
4618 18
4619 18
4620 18
4621 18
4622 17
4623 18
4624 27
4625 19
4626 18
4627 18
4628 17
4629 18
4630 17
4631 17
4632 18
4633 17
4634 18
4635 19
4636 18
4637 17
4638 18
4639 18
4640 18
4641 17
4642 17
4643 18
4644 17
4645 17
4646 21
4647 17
4648 18
4649 17
4650 18
4651 19
4652 18
4653 18
4654 17
4655 18
4656 18
4657 17
4658 18
4659 17
4660 17
4661 18
4662 18
4663 18
4664 17
4665 18
4666 18
4667 18
4668 19
4669 17
4670 18
4671 18
4672 17
4673 17
4674 17
4675 17
4676 17
4677 17
4678 18
4679 18
4680 18
4681 17
4682 17
4683 17
4684 18
4685 17
4686 18
4687 18
4688 18
4689 18
4690 18
4691 17
4692 18
4693 18
4694 18
4695 18
4696 18
4697 17
4698 17
4699 17
4700 17
4701 19
4702 18
4703 18
4704 18
4705 17
4706 18
4707 18
4708 17
4709 18
4710 17
4711 18
4712 17
4713 18
4714 17
4715 18
4716 18
4717 18
4718 18
4719 18
4720 18
4721 18
4722 18
4723 17
4724 18
4725 18
4726 18
4727 18
4728 19
4729 17
4730 18
4731 17
4732 18
4733 17
4734 18
4735 17
4736 18
4737 17
4738 18
4739 18
4740 18
4741 17
4742 18
4743 17
4744 18
4745 18
4746 27
4747 17
4748 18
4749 17
4750 19
4751 18
4752 18
4753 18
4754 17
4755 18
4756 22
4757 18
4758 18
4759 17
4760 27
4761 19
4762 18
4763 18
4764 18
4765 17
4766 19
4767 18
4768 17
4769 18
4770 17
4771 17
4772 17
4773 17
4774 17
4775 17
4776 18
4777 19
4778 18
4779 18
4780 17
4781 18
4782 17
4783 17
4784 17
4785 17
4786 17
4787 17
4788 19
4789 18
4790 18
4791 18
4792 18
4793 18
4794 18
4795 17
4796 18
4797 18
4798 18
4799 18
4800 18
4801 17
4802 17
4803 18
4804 17
4805 18
4806 18
4807 17
4808 18
4809 17
4810 19
4811 18
4812 18
4813 18
4814 18
4815 18
4816 18
4817 17
4818 17
4819 18
4820 17
4821 18
4822 17
4823 18
4824 18
4825 17
4826 18
4827 18
4828 18
4829 18
4830 18
4831 17
4832 17
4833 18
4834 17
4835 17
4836 17
4837 17
4838 17
4839 17
4840 17
4841 17
4842 17
4843 18
4844 18
4845 18
4846 18
4847 17
4848 18
4849 17
4850 18
4851 17
4852 17
4853 18
4854 17
4855 17
4856 18
4857 18
4858 18
4859 17
4860 18
4861 17
4862 19
4863 18
4864 17
4865 17
4866 18
4867 18
4868 17
4869 18
4870 18
4871 17
4872 17
4873 17
4874 17
4875 17
4876 17
4877 18
4878 18
4879 18
4880 17
4881 18
4882 17
4883 17
4884 18
4885 18
4886 18
4887 18
4888 18
4889 17
4890 17
4891 27
4892 17
4893 17
4894 18
4895 18
4896 18
4897 17
4898 18
4899 18
4900 18
4901 18
4902 17
4903 18
4904 18
4905 18
4906 17
4907 18
4908 17
4909 18
4910 19
4911 18
4912 18
4913 18
4914 18
4915 18
4916 19
4917 18
4918 18
4919 18
4920 17
4921 17
4922 17
4923 17
4924 17
4925 18
4926 17
4927 18
4928 18
4929 17
4930 18
4931 17
4932 17
4933 17
4934 17
4935 17
4936 17
4937 18
4938 18
4939 18
4940 17
4941 17
4942 17
4943 18
4944 18
4945 18
4946 17
4947 18
4948 18
4949 17
4950 17
4951 18
4952 17
4953 17
4954 26
4955 19
4956 18
4957 17
4958 18
4959 18
4960 18
4961 17
4962 17
4963 18
4964 18
4965 18
4966 18
4967 18
4968 17
4969 17
4970 17
4971 18
4972 18
4973 18
4974 18
4975 18
4976 18
4977 18
4978 17
4979 18
4980 18
4981 17
4982 19
4983 18
4984 18
4985 17
4986 18
4987 18
4988 17
4989 18
4990 17
4991 17
4992 17
4993 18
4994 18
4995 17
4996 18
4997 17
4998 17
4999 17
5000 18
5001 18
5002 17
5003 17
5004 17
5005 17
5006 17
5007 17
5008 17
5009 18
5010 17
5011 17
5012 17
5013 17
5014 17
5015 18
5016 18
5017 17
5018 17
5019 17
5020 18
5021 17
5022 17
5023 18
5024 18
5025 18
5026 17
5027 17
5028 18
5029 18
5030 18
5031 18
5032 18
5033 17
5034 18
5035 17
5036 17
5037 18
5038 25
5039 19
5040 17
5041 17
5042 17
5043 18
5044 18
5045 18
5046 18
5047 18
5048 17
5049 19
5050 18
5051 18
5052 18
5053 17
5054 18
5055 17
5056 18
5057 17
5058 17
5059 18
5060 20
5061 18
5062 17
5063 18
5064 18
5065 22
5066 17
5067 18
5068 23
5069 17
5070 18
5071 18
5072 17
5073 18
5074 18
5075 17
5076 19
5077 19
5078 18
5079 19
5080 18
5081 18
5082 18
5083 18
5084 18
5085 18
5086 17
5087 18
5088 18
5089 18
5090 18
5091 19
5092 18
5093 18
5094 18
5095 18
5096 18
5097 17
5098 18
5099 17
5100 18
5101 17
5102 18
5103 18
5104 20
5105 18
5106 18
5107 17
5108 18
5109 18
5110 19
5111 17
5112 18
5113 18
5114 18
5115 19
5116 18
5117 18
5118 18
5119 18
5120 17
5121 19
5122 18
5123 18
5124 18
5125 18
5126 18
5127 17
5128 18
5129 18
5130 18
5131 18
5132 18
5133 18
5134 17
5135 18
5136 18
5137 18
5138 18
5139 17
5140 18
5141 18
5142 18
5143 17
5144 18
5145 17
5146 18
5147 18
5148 18
5149 18
5150 18
5151 19
5152 17
5153 18
5154 18
5155 17
5156 18
5157 18
5158 18
5159 18
5160 21
5161 17
5162 18
5163 17
5164 18
5165 18
5166 17
5167 17
5168 17
5169 18
5170 18
5171 18
5172 18
5173 17
5174 18
5175 17
5176 17
5177 18
5178 18
5179 18
5180 19
5181 19
5182 19
5183 19
5184 18
5185 18
5186 18
5187 17
5188 18
5189 18
5190 17
5191 19
5192 18
5193 19
5194 18
5195 18
5196 18
5197 19
5198 18
5199 17
5200 18
5201 18
5202 18
5203 17
5204 17
5205 18
5206 18
5207 21
5208 17
5209 18
5210 19
5211 18
5212 18
5213 19
5214 18
5215 18
5216 18
5217 18
5218 18
5219 17
5220 17
5221 17
5222 17
5223 17
5224 19
5225 17
5226 18
5227 17
5228 17
5229 17
5230 18
5231 18
5232 18
5233 17
5234 17
5235 17
5236 21
5237 19
5238 18
5239 18
5240 17
5241 18
5242 18
5243 34
5244 18
5245 17
5246 18
5247 18
5248 18
5249 17
5250 18
5251 18
5252 17
5253 18
5254 17
5255 18
5256 18
5257 19
5258 18
5259 19
5260 19
5261 19
5262 18
5263 18
5264 18
5265 17
5266 17
5267 18
5268 17
5269 18
5270 18
5271 18
5272 17
5273 17
5274 17
5275 18
5276 18
5277 18
5278 17
5279 17
5280 17
5281 17
5282 18
5283 17
5284 19
5285 18
5286 18
5287 17
5288 20
5289 18
5290 17
5291 17
5292 18
5293 18
5294 17
5295 19
5296 17
5297 18
5298 18
5299 18
5300 19
5301 18
5302 17
5303 18
5304 18
5305 18
5306 19
5307 18
5308 17
5309 18
5310 17
5311 18
5312 18
5313 18
5314 18
5315 18
5316 17
5317 19
5318 19
5319 18
5320 17
5321 18
5322 18
5323 18
5324 18
5325 17
5326 18
5327 17
5328 19
5329 18
5330 18
5331 17
5332 17
5333 18
5334 19
5335 18
5336 18
5337 17
5338 17
5339 17
5340 17
5341 17
5342 17
5343 17
5344 18
5345 17
5346 18
5347 17
5348 18
5349 17
5350 17
5351 18
5352 20
5353 19
5354 18
5355 18
5356 17
5357 17
5358 19
5359 18
5360 17
5361 18
5362 18
5363 18
5364 18
5365 17
5366 21
5367 18
5368 19
5369 18
5370 17
5371 17
5372 17
5373 18
5374 18
5375 17
5376 17
5377 18
5378 17
5379 17
5380 17
5381 19
5382 18
5383 17
5384 19
5385 18
5386 18
5387 17
5388 18
5389 18
5390 17
5391 18
5392 18
5393 18
5394 18
5395 18
5396 17
5397 17
5398 18
5399 17
5400 18
5401 17
5402 17
5403 18
5404 18
5405 18
5406 18
5407 17
5408 18
5409 17
5410 18
5411 17
5412 19
5413 17
5414 18
5415 17
5416 20
5417 17
5418 18
5419 23
5420 17
5421 18
5422 19
5423 18
5424 18
5425 17
5426 19
5427 19
5428 17
5429 18
5430 18
5431 18
5432 17
5433 18
5434 17
5435 18
5436 18
5437 17
5438 18
5439 18
5440 29
5441 19
5442 18
5443 18
5444 18
5445 19
5446 18
5447 17
5448 17
5449 18
5450 18
5451 17
5452 18
5453 17
5454 18
5455 18
5456 17
5457 18
5458 18
5459 19
5460 18
5461 34
5462 21
5463 19
5464 18
5465 18
5466 17
5467 18
5468 18
5469 19
5470 19
5471 22
5472 20
5473 18
5474 19
5475 18
5476 19
5477 19
5478 18
5479 17
5480 26
5481 18
5482 20
5483 19
5484 18
5485 19
5486 31
5487 19
5488 18
5489 19
5490 18
5491 18
5492 18
5493 18
5494 18
5495 20
5496 19
5497 18
5498 18
5499 17
5500 19
5501 18
5502 20
5503 19
5504 18
5505 17
5506 18
5507 18
5508 19
5509 19
5510 17
5511 19
5512 19
5513 26
5514 18
5515 18
5516 19
5517 21
5518 17
5519 17
5520 19
5521 17
5522 24
5523 20
5524 19
5525 19
5526 19
5527 17
5528 18
5529 18
5530 18
5531 18
5532 17
5533 18
5534 17
5535 18
5536 18
5537 18
5538 19
5539 18
5540 18
5541 17
5542 18
5543 17
5544 20
5545 17
5546 18
5547 18
5548 18
5549 18
5550 17
5551 18
5552 18
5553 18
5554 19
5555 18
5556 17
5557 18
5558 18
5559 18
5560 17
5561 18
5562 18
5563 17
5564 17
5565 18
5566 17
5567 17
5568 18
5569 19
5570 19
5571 18
5572 20
5573 18
5574 18
5575 18
5576 18
5577 17
5578 18
5579 17
5580 18
5581 18
5582 20
5583 18
5584 17
5585 18
5586 18
5587 17
5588 18
5589 22
5590 18
5591 18
5592 18
5593 22
5594 18
5595 17
5596 18
5597 19
5598 20
5599 18
5600 17
5601 18
5602 18
5603 21
5604 18
5605 17
5606 18
5607 17
5608 21
5609 18
5610 17
5611 18
5612 17
5613 17
5614 19
5615 19
5616 18
5617 19
5618 17
5619 22
5620 18
5621 18
5622 17
5623 20
5624 18
5625 18
5626 17
5627 18
5628 17
5629 18
5630 20
5631 19
5632 19
5633 18
5634 17
5635 17
5636 17
5637 18
5638 18
5639 17
5640 19
5641 23
5642 22
5643 21
5644 19
5645 20
5646 18
5647 18
5648 19
5649 18
5650 19
5651 20
5652 19
5653 18
5654 19
5655 19
5656 19
5657 17
5658 18
5659 17
5660 17
5661 17
5662 18
5663 23
5664 21
5665 19
5666 20
5667 19
5668 20
5669 17
5670 19
5671 19
5672 31
5673 27
5674 20
5675 19
5676 17
5677 20
5678 18
5679 17
5680 19
5681 19
5682 19
5683 20
5684 19
5685 19
5686 17
5687 17
5688 18
5689 18
5690 20
5691 19
5692 18
5693 19
5694 17
5695 18
5696 18
5697 20
5698 23
5699 26
5700 19
5701 17
5702 18
5703 17
5704 19
5705 18
5706 17
5707 17
5708 17
5709 18
5710 18
5711 18
5712 19
5713 18
5714 26
5715 20
5716 17
5717 20
5718 21
5719 17
5720 19
5721 18
5722 19
5723 20
5724 23
5725 19
5726 18
5727 17
5728 21
5729 26
5730 18
5731 19
5732 19
5733 23
5734 20
5735 20
5736 28
5737 19
5738 19
5739 18
5740 19
5741 18
5742 19
5743 18
5744 17
5745 18
5746 19
5747 18
5748 19
5749 24
5750 19
5751 17
5752 18
5753 18
5754 19
5755 33
5756 21
5757 19
5758 18
5759 23
5760 19
5761 19
5762 19
5763 18
5764 20
5765 20
5766 18
5767 17
5768 18
5769 18
5770 18
5771 19
5772 17
5773 18
5774 18
5775 17
5776 19
5777 19
5778 22
5779 40
5780 21
5781 20
5782 18
5783 19
5784 18
5785 18
5786 18
5787 18
5788 17
5789 18
5790 17
5791 17
5792 17
5793 19
5794 18
5795 23
5796 20
5797 17
5798 19
5799 18
5800 23
5801 17
5802 19
5803 19
5804 17
5805 17
5806 18
5807 17
5808 17
5809 18
5810 17
5811 20
5812 19
5813 19
5814 17
5815 17
5816 18
5817 21
5818 20
5819 18
5820 17
5821 19
5822 18
5823 17
5824 17
5825 21
5826 21
5827 21
5828 20
5829 20
5830 21
5831 19
5832 17
5833 19
5834 17
5835 19
5836 17
5837 19
5838 17
5839 18
5840 18
5841 18
5842 23
5843 19
5844 21
5845 18
5846 18
5847 18
5848 18
5849 17
5850 18
5851 18
5852 22
5853 20
5854 18
5855 18
5856 17
5857 20
5858 21
5859 20
5860 20
5861 19
5862 17
5863 17
5864 28
5865 19
5866 19
5867 20
5868 17
5869 18
5870 17
5871 20
5872 17
5873 21
5874 22
5875 19
5876 17
5877 18
5878 21
5879 22
5880 19
5881 17
5882 17
5883 19
5884 19
5885 19
5886 17
5887 18
5888 18
5889 26
5890 20
5891 19
5892 18
5893 18
5894 19
5895 18
5896 18
5897 17
5898 18
5899 17
5900 18
5901 19
5902 18
5903 19
5904 18
5905 24
5906 19
5907 17
5908 18
5909 20
5910 24
5911 19
5912 18
5913 18
5914 18
5915 17
5916 18
5917 18
5918 19
5919 18
5920 19
5921 18
5922 942
5923 26
5924 20
5925 22
5926 18
5927 20
5928 23
5929 22
5930 19
5931 20
5932 21
5933 20
5934 19
5935 21
5936 18
5937 19
5938 19
5939 18
5940 18
5941 18
5942 22
5943 22
5944 19
5945 19
5946 18
5947 20
5948 20
5949 18
5950 20
5951 18
5952 19
5953 18
5954 20
5955 20
5956 21
5957 38
5958 19
5959 18
5960 18
5961 20
5962 18
5963 18
5964 18
5965 19
5966 18
5967 18
5968 19
5969 19
5970 19
5971 18
5972 31
5973 20
5974 18
5975 18
5976 18
5977 19
5978 24
5979 19
5980 19
5981 19
5982 21
5983 19
5984 19
5985 18
5986 18
5987 19
5988 22
5989 18
5990 18
5991 18
5992 19
5993 18
5994 19
5995 17
5996 19
5997 18
5998 18
5999 18
6000 18
6001 17
6002 18
6003 18
6004 19
6005 18
6006 18
6007 18
6008 17
6009 18
6010 17
6011 18
6012 17
6013 18
6014 27
6015 19
6016 18
6017 18
6018 18
6019 17
6020 18
6021 18
6022 17
6023 22
6024 18
6025 20
6026 17
6027 19
6028 18
6029 18
6030 18
6031 17
6032 18
6033 17
6034 18
6035 18
6036 20
6037 18
6038 17
6039 18
6040 17
6041 18
6042 18
6043 18
6044 18
6045 18
6046 18
6047 18
6048 18
6049 22
6050 18
6051 18
6052 18
6053 19
6054 18
6055 18
6056 17
6057 26
6058 18
6059 18
6060 17
6061 17
6062 18
6063 18
6064 17
6065 18
6066 18
6067 18
6068 18
6069 18
6070 18
6071 18
6072 17
6073 18
6074 18
6075 18
6076 18
6077 18
6078 18
6079 19
6080 19
6081 20
6082 18
6083 17
6084 18
6085 17
6086 18
6087 17
6088 18
6089 17
6090 18
6091 18
6092 19
6093 18
6094 17
6095 27
6096 19
6097 17
6098 18
6099 17
6100 18
6101 18
6102 17
6103 18
6104 18
6105 18
6106 17
6107 18
6108 17
6109 18
6110 18
6111 18
6112 19
6113 18
6114 18
6115 18
6116 19
6117 17
6118 17
6119 18
6120 17
6121 18
6122 26
6123 20
6124 18
6125 17
6126 18
6127 17
6128 18
6129 18
6130 17
6131 18
6132 19
6133 18
6134 18
6135 18
6136 18
6137 18
6138 18
6139 19
6140 18
6141 18
6142 17
6143 19
6144 18
6145 18
6146 18
6147 18
6148 20
6149 17
6150 18
6151 17
6152 18
6153 19
6154 18
6155 19
6156 19
6157 18
6158 18
6159 18
6160 21
6161 19
6162 20
6163 18
6164 18
6165 19
6166 18
6167 17
6168 18
6169 17
6170 17
6171 20
6172 18
6173 19
6174 18
6175 17
6176 20
6177 18
6178 18
6179 18
6180 18
6181 28
6182 19
6183 17
6184 18
6185 17
6186 18
6187 18
6188 18
6189 18
6190 18
6191 18
6192 18
6193 18
6194 17
6195 18
6196 18
6197 17
6198 18
6199 18
6200 18
6201 18
6202 18
6203 18
6204 19
6205 19
6206 19
6207 17
6208 18
6209 18
6210 17
6211 18
6212 19
6213 20
6214 18
6215 18
6216 18
6217 19
6218 18
6219 18
6220 19
6221 32
6222 25
6223 19
6224 18
6225 19
6226 19
6227 17
6228 19
6229 18
6230 19
6231 18
6232 18
6233 17
6234 19
6235 18
6236 17
6237 18
6238 18
6239 18
6240 18
6241 18
6242 19
6243 17
6244 18
6245 17
6246 18
6247 17
6248 19
6249 17
6250 18
6251 19
6252 17
6253 18
6254 17
6255 18
6256 18
6257 18
6258 17
6259 18
6260 17
6261 18
6262 18
6263 18
6264 18
6265 17
6266 18
6267 20
6268 31
6269 19
6270 19
6271 19
6272 18
6273 18
6274 18
6275 18
6276 18
6277 18
6278 19
6279 19
6280 17
6281 18
6282 18
6283 18
6284 18
6285 18
6286 18
6287 18
6288 18
6289 18
6290 18
6291 18
6292 18
6293 18
6294 18
6295 17
6296 18
6297 17
6298 18
6299 17
6300 19
6301 19
6302 19
6303 18
6304 27
6305 22
6306 18
6307 18
6308 17
6309 18
6310 18
6311 17
6312 18
6313 18
6314 18
6315 18
6316 19
6317 19
6318 18
6319 17
6320 18
6321 19
6322 18
6323 18
6324 19
6325 18
6326 19
6327 19
6328 18
6329 18
6330 18
6331 17
6332 18
6333 18
6334 18
6335 18
6336 17
6337 18
6338 18
6339 18
6340 18
6341 18
6342 17
6343 18
6344 18
6345 18
6346 18
6347 18
6348 18
6349 18
6350 20
6351 18
6352 17
6353 18
6354 18
6355 18
6356 18
6357 18
6358 17
6359 18
6360 17
6361 17
6362 18
6363 17
6364 17
6365 18
6366 18
6367 18
6368 18
6369 18
6370 18
6371 18
6372 20
6373 19
6374 17
6375 18
6376 17
6377 17
6378 18
6379 18
6380 17
6381 17
6382 18
6383 17
6384 17
6385 18
6386 18
6387 19
6388 18
6389 18
6390 17
6391 18
6392 17
6393 17
6394 29
6395 19
6396 17
6397 18
6398 18
6399 17
6400 18
6401 18
6402 29
6403 20
6404 18
6405 18
6406 17
6407 19
6408 20
6409 18
6410 18
6411 17
6412 18
6413 17
6414 18
6415 18
6416 17
6417 17
6418 17
6419 18
6420 18
6421 18
6422 17
6423 18
6424 18
6425 17
6426 17
6427 18
6428 17
6429 17
6430 18
6431 18
6432 19
6433 18
6434 18
6435 18
6436 19
6437 17
6438 18
6439 18
6440 28
6441 18
6442 18
6443 18
6444 20
6445 17
6446 19
6447 19
6448 18
6449 17
6450 17
6451 17
6452 18
6453 17
6454 17
6455 17
6456 27
6457 18
6458 17
6459 17
6460 17
6461 18
6462 17
6463 17
6464 18
6465 17
6466 17
6467 18
6468 19
6469 18
6470 17
6471 18
6472 17
6473 18
6474 17
6475 17
6476 17
6477 17
6478 22
6479 19
6480 18
6481 18
6482 18
6483 17
6484 19
6485 17
6486 18
6487 18
6488 17
6489 18
6490 17
6491 18
6492 17
6493 18
6494 18
6495 17
6496 18
6497 18
6498 17
6499 18
6500 18
6501 18
6502 18
6503 17
6504 17
6505 18
6506 17
6507 18
6508 21
6509 18
6510 17
6511 18
6512 18
6513 18
6514 17
6515 17
6516 18
6517 17
6518 18
6519 17
6520 18
6521 18
6522 18
6523 19
6524 18
6525 18
6526 17
6527 18
6528 18
6529 17
6530 18
6531 17
6532 18
6533 17
6534 18
6535 18
6536 17
6537 18
6538 17
6539 20
6540 17
6541 18
6542 17
6543 18
6544 17
6545 18
6546 18
6547 18
6548 17
6549 18
6550 17
6551 18
6552 18
6553 19
6554 17
6555 18
6556 19
6557 18
6558 18
6559 19
6560 19
6561 18
6562 18
6563 19
6564 18
6565 17
6566 18
6567 18
6568 28
6569 20
6570 18
6571 19
6572 22
6573 17
6574 18
6575 18
6576 17
6577 18
6578 18
6579 17
6580 18
6581 18
6582 17
6583 19
6584 18
6585 17
6586 18
6587 17
6588 19
6589 18
6590 19
6591 17
6592 17
6593 17
6594 17
6595 17
6596 18
6597 18
6598 17
6599 18
6600 18
6601 17
6602 18
6603 17
6604 18
6605 20
6606 18
6607 18
6608 17
6609 17
6610 19
6611 18
6612 18
6613 18
6614 18
6615 19
6616 20
6617 18
6618 17
6619 18
6620 17
6621 17
6622 18
6623 17
6624 18
6625 17
6626 18
6627 17
6628 18
6629 17
6630 18
6631 17
6632 17
6633 18
6634 18
6635 17
6636 20
6637 17
6638 17
6639 18
6640 18
6641 18
6642 17
6643 18
6644 18
6645 18
6646 17
6647 17
6648 18
6649 19
6650 17
6651 18
6652 18
6653 17
6654 18
6655 17
6656 18
6657 17
6658 17
6659 18
6660 17
6661 18
6662 17
6663 18
6664 18
6665 18
6666 17
6667 19
6668 18
6669 18
6670 17
6671 18
6672 17
6673 18
6674 17
6675 18
6676 28
6677 19
6678 19
6679 18
6680 18
6681 18
6682 18
6683 19
6684 18
6685 18
6686 17
6687 17
6688 17
6689 17
6690 17
6691 17
6692 18
6693 19
6694 18
6695 18
6696 17
6697 17
6698 17
6699 18
6700 20
6701 18
6702 17
6703 17
6704 17
6705 17
6706 17
6707 17
6708 17
6709 19
6710 19
6711 18
6712 18
6713 19
6714 18
6715 18
6716 18
6717 18
6718 18
6719 18
6720 17
6721 17
6722 18
6723 17
6724 18
6725 19
6726 19
6727 18
6728 18
6729 17
6730 29
6731 18
6732 18
6733 17
6734 18
6735 18
6736 18
6737 17
6738 18
6739 17
6740 18
6741 18
6742 17
6743 34
6744 18
6745 18
6746 18
6747 20
6748 17
6749 18
6750 17
6751 18
6752 18
6753 17
6754 18
6755 17
6756 18
6757 17
6758 18
6759 18
6760 18
6761 18
6762 17
6763 17
6764 21
6765 17
6766 18
6767 18
6768 17
6769 19
6770 19
6771 19
6772 18
6773 17
6774 18
6775 18
6776 17
6777 17
6778 17
6779 18
6780 20
6781 18
6782 17
6783 18
6784 18
6785 17
6786 18
6787 18
6788 17
6789 17
6790 18
6791 19
6792 18
6793 17
6794 17
6795 18
6796 18
6797 17
6798 17
6799 17
6800 17
6801 18
6802 17
6803 17
6804 17
6805 17
6806 17
6807 17
6808 17
6809 17
6810 17
6811 18
6812 18
6813 17
6814 17
6815 19
6816 18
6817 17
6818 17
6819 17
6820 18
6821 18
6822 18
6823 18
6824 18
6825 18
6826 17
6827 17
6828 19
6829 18
6830 21
6831 18
6832 17
6833 17
6834 17
6835 17
6836 17
6837 17
6838 17
6839 17
6840 18
6841 18
6842 17
6843 17
6844 18
6845 17
6846 19
6847 20
6848 17
6849 18
6850 18
6851 18
6852 17
6853 17
6854 17
6855 17
6856 17
6857 17
6858 18
6859 17
6860 17
6861 18
6862 17
6863 18
6864 17
6865 17
6866 17
6867 18
6868 18
6869 17
6870 18
6871 19
6872 18
6873 18
6874 18
6875 17
6876 17
6877 19
6878 17
6879 18
6880 20
6881 17
6882 18
6883 17
6884 17
6885 17
6886 17
6887 17
6888 17
6889 18
6890 20
6891 21
6892 25
6893 19
6894 17
6895 18
6896 21
6897 21
6898 17
6899 17
6900 17
6901 17
6902 18
6903 18
6904 17
6905 18
6906 17
6907 18
6908 18
6909 19
6910 18
6911 17
6912 18
6913 19
6914 18
6915 18
6916 19
6917 18
6918 41
6919 21
6920 17
6921 19
6922 21
6923 21
6924 18
6925 17
6926 18
6927 19
6928 17
6929 18
6930 17
6931 18
6932 19
6933 17
6934 18
6935 18
6936 19
6937 20
6938 23
6939 19
6940 17
6941 17
6942 20
6943 21
6944 20
6945 18
6946 18
6947 19
6948 17
6949 19
6950 18
6951 17
6952 18
6953 18
6954 18
6955 17
6956 25
6957 19
6958 18
6959 19
6960 18
6961 19
6962 19
6963 17
6964 19
6965 17
6966 18
6967 20
6968 17
6969 18
6970 18
6971 18
6972 18
6973 19
6974 18
6975 17
6976 18
6977 18
6978 17
6979 18
6980 22
6981 19
6982 17
6983 17
6984 19
6985 18
6986 17
6987 17
6988 18
6989 18
6990 17
6991 22
6992 20
6993 18
6994 18
6995 20
6996 18
6997 19
6998 18
6999 17
7000 19
7001 18
7002 18
7003 18
7004 17
7005 18
7006 17
7007 18
7008 18
7009 18
7010 18
7011 18
7012 19
7013 18
7014 18
7015 17
7016 18
7017 19
7018 18
7019 17
7020 19
7021 18
7022 19
7023 18
7024 18
7025 17
7026 18
7027 17
7028 18
7029 18
7030 18
7031 17
7032 17
7033 17
7034 17
7035 17
7036 17
7037 17
7038 17
7039 32
7040 18
7041 18
7042 18
7043 18
7044 18
7045 18
7046 18
7047 17
7048 18
7049 25
7050 18
7051 17
7052 18
7053 17
7054 18
7055 17
7056 18
7057 18
7058 17
7059 18
7060 19
7061 19
7062 18
7063 17
7064 18
7065 18
7066 19
7067 18
7068 17
7069 18
7070 18
7071 17
7072 18
7073 18
7074 17
7075 17
7076 18
7077 18
7078 18
7079 17
7080 17
7081 17
7082 19
7083 18
7084 22
7085 18
7086 17
7087 18
7088 18
7089 17
7090 23
7091 17
7092 18
7093 17
7094 18
7095 18
7096 18
7097 17
7098 19
7099 19
7100 18
7101 17
7102 18
7103 20
7104 20
7105 18
7106 18
7107 18
7108 18
7109 18
7110 18
7111 17
7112 18
7113 17
7114 18
7115 20
7116 17
7117 18
7118 17
7119 20
7120 19
7121 19
7122 18
7123 19
7124 19
7125 17
7126 18
7127 19
7128 19
7129 20
7130 20
7131 19
7132 17
7133 20
7134 19
7135 17
7136 52
7137 19
7138 20
7139 22
7140 18
7141 17
7142 18
7143 18
7144 19
7145 19
7146 19
7147 18
7148 27
7149 18
7150 20
7151 23
7152 17
7153 18
7154 19
7155 18
7156 18
7157 19
7158 18
7159 18
7160 19
7161 20
7162 20
7163 17
7164 18
7165 19
7166 24
7167 21
7168 17
7169 18
7170 17
7171 18
7172 19
7173 19
7174 19
7175 18
7176 23
7177 19
7178 20
7179 19
7180 17
7181 19
7182 17
7183 19
7184 17
7185 17
7186 17
7187 19
7188 20
7189 22
7190 21
7191 23
7192 17
7193 19
7194 19
7195 19
7196 17
7197 20
7198 22
7199 20
7200 19
7201 19
7202 18
7203 19
7204 17
7205 18
7206 40
7207 22
7208 19
7209 17
7210 19
7211 21
7212 32
7213 21
7214 18
7215 19
7216 17
7217 19
7218 18
7219 18
7220 18
7221 18
7222 17
7223 17
7224 17
7225 19
7226 17
7227 18
7228 17
7229 17
7230 17
7231 20
7232 18
7233 18
7234 19
7235 18
7236 18
7237 17
7238 19
7239 19
7240 20
7241 20
7242 18
7243 18
7244 17
7245 19
7246 18
7247 18
7248 19
7249 18
7250 18
7251 17
7252 18
7253 36
7254 20
7255 67
7256 22
7257 24
7258 19
7259 19
7260 20
7261 21
7262 23
7263 18
7264 19
7265 19
7266 19
7267 19
7268 17
7269 19
7270 18
7271 17
7272 18
7273 18
7274 19
7275 17
7276 20
7277 19
7278 20
7279 19
7280 19
7281 19
7282 20
7283 20
7284 24
7285 23
7286 21
7287 17
7288 19
7289 18
7290 18
7291 19
7292 19
7293 19
7294 20
7295 19
7296 19
7297 22
7298 23
7299 19
7300 19
7301 19
7302 21
7303 22
7304 19
7305 18
7306 19
7307 20
7308 19
7309 20
7310 18
7311 18
7312 21
7313 23
7314 20
7315 18
7316 22
7317 18
7318 20
7319 19
7320 18
7321 21
7322 20
7323 24
7324 20
7325 19
7326 18
7327 18
7328 42
7329 21
7330 21
7331 20
7332 19
7333 18
7334 20
7335 19
7336 19
7337 18
7338 21
7339 19
7340 20
7341 21
7342 24
7343 23
7344 19
7345 19
7346 20
7347 25
7348 20
7349 18
7350 20
7351 21
7352 20
7353 19
7354 21
7355 19
7356 19
7357 18
7358 19
7359 19
7360 19
7361 21
7362 23
7363 19
7364 18
7365 20
7366 18
7367 19
7368 18
7369 20
7370 20
7371 19
7372 19
7373 19
7374 19
7375 19
7376 18
7377 18
7378 18
7379 19
7380 20
7381 18
7382 19
7383 20
7384 20
7385 18
7386 19
7387 20
7388 51
7389 24
7390 33
7391 21
7392 21
7393 20
7394 19
7395 19
7396 20
7397 18
7398 17
7399 19
7400 20
7401 18
7402 18
7403 19
7404 18
7405 20
7406 18
7407 19
7408 20
7409 18
7410 20
7411 19
7412 18
7413 21
7414 21
7415 18
7416 18
7417 19
7418 18
7419 19
7420 18
7421 18
7422 19
7423 19
7424 18
7425 18
7426 18
7427 17
7428 18
7429 19
7430 18
7431 19
7432 19
7433 17
7434 17
7435 17
7436 19
7437 19
7438 18
7439 18
7440 18
7441 18
7442 18
7443 19
7444 19
7445 20
7446 18
7447 18
7448 17
7449 18
7450 17
7451 17
7452 18
7453 18
7454 21
7455 18
7456 18
7457 17
7458 18
7459 18
7460 18
7461 18
7462 18
7463 17
7464 18
7465 17
7466 17
7467 18
7468 18
7469 17
7470 17
7471 18
7472 17
7473 17
7474 18
7475 17
7476 18
7477 18
7478 18
7479 18
7480 17
7481 17
7482 18
7483 17
7484 17
7485 17
7486 17
7487 18
7488 18
7489 18
7490 17
7491 17
7492 18
7493 18
7494 18
7495 18
7496 17
7497 18
7498 18
7499 19
7500 18
7501 17
7502 18
7503 18
7504 18
7505 18
7506 18
7507 18
7508 17
7509 17
7510 18
7511 17
7512 18
7513 18
7514 17
7515 18
7516 18
7517 18
7518 18
7519 17
7520 27
7521 19
7522 19
7523 18
7524 18
7525 17
7526 17
7527 17
7528 18
7529 18
7530 18
7531 18
7532 18
7533 18
7534 18
7535 18
7536 18
7537 17
7538 18
7539 17
7540 18
7541 18
7542 17
7543 18
7544 18
7545 18
7546 18
7547 18
7548 18
7549 17
7550 18
7551 18
7552 18
7553 17
7554 18
7555 17
7556 18
7557 18
7558 18
7559 20
7560 23
7561 20
7562 18
7563 18
7564 19
7565 18
7566 18
7567 18
7568 18
7569 18
7570 18
7571 18
7572 18
7573 18
7574 18
7575 20
7576 18
7577 18
7578 17
7579 18
7580 17
7581 17
7582 17
7583 17
7584 18
7585 17
7586 17
7587 17
7588 18
7589 17
7590 17
7591 19
7592 18
7593 17
7594 18
7595 18
7596 17
7597 17
7598 18
7599 18
7600 18
7601 22
7602 28
7603 18
7604 19
7605 17
7606 18
7607 18
7608 18
7609 19
7610 19
7611 17
7612 18
7613 18
7614 18
7615 18
7616 18
7617 19
7618 19
7619 20
7620 17
7621 18
7622 17
7623 17
7624 18
7625 17
7626 18
7627 17
7628 19
7629 19
7630 19
7631 18
7632 18
7633 18
7634 18
7635 18
7636 18
7637 17
7638 18
7639 19
7640 19
7641 18
7642 18
7643 17
7644 18
7645 18
7646 18
7647 17
7648 17
7649 18
7650 18
7651 18
7652 18
7653 17
7654 18
7655 28
7656 19
7657 20
7658 18
7659 18
7660 18
7661 18
7662 18
7663 18
7664 17
7665 18
7666 18
7667 19
7668 19
7669 17
7670 17
7671 17
7672 18
7673 18
7674 17
7675 18
7676 17
7677 18
7678 19
7679 19
7680 18
7681 19
7682 31
7683 20
7684 19
7685 19
7686 18
7687 18
7688 18
7689 20
7690 18
7691 18
7692 27
7693 19
7694 18
7695 17
7696 17
7697 18
7698 20
7699 18
7700 18
7701 19
7702 18
7703 19
7704 19
7705 18
7706 18
7707 18
7708 29
7709 19
7710 18
7711 18
7712 17
7713 18
7714 21
7715 19
7716 18
7717 18
7718 18
7719 18
7720 18
7721 18
7722 18
7723 18
7724 17
7725 18
7726 19
7727 18
7728 18
7729 18
7730 17
7731 19
7732 319
7733 22
7734 19
7735 18
7736 19
7737 19
7738 19
7739 18
7740 18
7741 19
7742 18
7743 19
7744 20
7745 18
7746 18
7747 18
7748 31
7749 19
7750 19
7751 18
7752 18
7753 19
7754 20
7755 18
7756 18
7757 18
7758 17
7759 18
7760 18
7761 17
7762 18
7763 18
7764 17
7765 18
7766 18
7767 17
7768 18
7769 18
7770 17
7771 18
7772 18
7773 18
7774 18
7775 19
7776 20
7777 18
7778 18
7779 18
7780 17
7781 18
7782 18
7783 17
7784 18
7785 17
7786 18
7787 17
7788 18
7789 18
7790 17
7791 18
7792 18
7793 17
7794 18
7795 18
7796 17
7797 18
7798 28
7799 18
7800 18
7801 18
7802 17
7803 18
7804 17
7805 17
7806 17
7807 17
7808 17
7809 18
7810 17
7811 17
7812 18
7813 17
7814 19
7815 17
7816 18
7817 18
7818 17
7819 18
7820 19
7821 17
7822 18
7823 17
7824 17
7825 18
7826 17
7827 18
7828 18
7829 18
7830 18
7831 18
7832 17
7833 17
7834 18
7835 17
7836 18
7837 17
7838 17
7839 18
7840 17
7841 18
7842 17
7843 18
7844 17
7845 18
7846 17
7847 17
7848 18
7849 18
7850 18
7851 18
7852 18
7853 17
7854 17
7855 17
7856 18
7857 17
7858 18
7859 17
7860 18
7861 17
7862 18
7863 18
7864 18
7865 18
7866 17
7867 18
7868 17
7869 18
7870 17
7871 18
7872 18
7873 17
7874 18
7875 18
7876 18
7877 18
7878 17
7879 18
7880 17
7881 18
7882 18
7883 19
7884 18
7885 18
7886 19
7887 18
7888 20
7889 18
7890 18
7891 17
7892 18
7893 29
7894 18
7895 17
7896 19
7897 19
7898 18
7899 18
7900 17
7901 17
7902 18
7903 18
7904 17
7905 17
7906 18
7907 17
7908 17
7909 18
7910 18
7911 17
7912 18
7913 18
7914 17
7915 17
7916 18
7917 17
7918 17
7919 17
7920 18
7921 17
7922 17
7923 17
7924 18
7925 18
7926 18
7927 19
7928 18
7929 18
7930 20
7931 17
7932 18
7933 18
7934 19
7935 20
7936 17
7937 17
7938 18
7939 19
7940 18
7941 18
7942 18
7943 18
7944 18
7945 18
7946 17
7947 18
7948 17
7949 18
7950 17
7951 18
7952 17
7953 18
7954 18
7955 17
7956 18
7957 17
7958 18
7959 18
7960 18
7961 18
7962 19
7963 27
7964 18
7965 18
7966 18
7967 18
7968 19
7969 19
7970 18
7971 17
7972 17
7973 17
7974 18
7975 18
7976 18
7977 17
7978 28
7979 19
7980 18
7981 17
7982 18
7983 17
7984 18
7985 18
7986 18
7987 18
7988 17
7989 18
7990 19
7991 18
7992 17
7993 18
7994 17
7995 18
7996 18
7997 17
7998 17
7999 17
8000 18
8001 18
8002 18
8003 18
8004 17
8005 18
8006 18
8007 18
8008 17
8009 18
8010 17
8011 17
8012 26
8013 19
8014 17
8015 18
8016 17
8017 18
8018 18
8019 18
8020 18
8021 18
8022 18
8023 17
8024 18
8025 18
8026 18
8027 19
8028 20
8029 19
8030 18
8031 17
8032 19
8033 17
8034 18
8035 17
8036 18
8037 17
8038 29
8039 18
8040 18
8041 18
8042 18
8043 17
8044 19
8045 19
8046 18
8047 18
8048 18
8049 18
8050 17
8051 19
8052 19
8053 18
8054 26
8055 19
8056 18
8057 18
8058 18
8059 17
8060 18
8061 18
8062 17
8063 17
8064 19
8065 18
8066 20
8067 29
8068 18
8069 19
8070 18
8071 17
8072 18
8073 18
8074 17
8075 18
8076 18
8077 18
8078 18
8079 18
8080 17
8081 18
8082 18
8083 19
8084 18
8085 18
8086 18
8087 22
8088 19
8089 18
8090 18
8091 19
8092 18
8093 17
8094 17
8095 18
8096 17
8097 17
8098 18
8099 18
8100 17
8101 18
8102 17
8103 17
8104 18
8105 18
8106 18
8107 18
8108 18
8109 18
8110 17
8111 18
8112 17
8113 17
8114 18
8115 18
8116 17
8117 18
8118 18
8119 18
8120 27
8121 19
8122 18
8123 18
8124 18
8125 18
8126 17
8127 18
8128 18
8129 17
8130 18
8131 18
8132 18
8133 17
8134 18
8135 18
8136 19
8137 19
8138 18
8139 18
8140 18
8141 20
8142 18
8143 18
8144 18
8145 17
8146 18
8147 18
8148 17
8149 18
8150 18
8151 30
8152 19
8153 18
8154 18
8155 18
8156 18
8157 17
8158 18
8159 17
8160 18
8161 18
8162 19
8163 19
8164 17
8165 18
8166 18
8167 18
8168 17
8169 18
8170 17
8171 18
8172 18
8173 18
8174 18
8175 18
8176 17
8177 18
8178 26
8179 19
8180 18
8181 17
8182 18
8183 17
8184 18
8185 18
8186 17
8187 18
8188 19
8189 18
8190 17
8191 17
8192 18
8193 17
8194 18
8195 20
8196 17
8197 18
8198 17
8199 18
8200 19
8201 20
8202 18
8203 18
8204 17
8205 18
8206 18
8207 19
8208 17
8209 18
8210 19
8211 17
8212 18
8213 17
8214 18
8215 17
8216 28
8217 19
8218 18
8219 18
8220 18
8221 17
8222 17
8223 17
8224 18
8225 17
8226 17
8227 19
8228 19
8229 18
8230 19
8231 18
8232 18
8233 17
8234 18
8235 18
8236 18
8237 17
8238 18
8239 18
8240 36
8241 18
8242 18
8243 20
8244 18
8245 18
8246 17
8247 18
8248 17
8249 18
8250 18
8251 17
8252 18
8253 17
8254 18
8255 18
8256 18
8257 18
8258 19
8259 19
8260 19
8261 18
8262 18
8263 17
8264 19
8265 18
8266 18
8267 18
8268 18
8269 18
8270 18
8271 18
8272 18
8273 17
8274 18
8275 18
8276 18
8277 17
8278 18
8279 17
8280 19
8281 18
8282 18
8283 19
8284 19
8285 18
8286 18
8287 18
8288 18
8289 18
8290 18
8291 17
8292 19
8293 18
8294 18
8295 18
8296 19
8297 17
8298 19
8299 17
8300 18
8301 18
8302 18
8303 18
8304 18
8305 18
8306 18
8307 18
8308 18
8309 18
8310 18
8311 19
8312 18
8313 18
8314 18
8315 18
8316 18
8317 18
8318 18
8319 18
8320 28
8321 20
8322 18
8323 20
8324 18
8325 19
8326 19
8327 18
8328 18
8329 18
8330 18
8331 19
8332 18
8333 18
8334 18
8335 21
8336 20
8337 17
8338 18
8339 18
8340 21
8341 18
8342 18
8343 20
8344 19
8345 18
8346 19
8347 18
8348 19
8349 18
8350 19
8351 19
8352 18
8353 18
8354 17
8355 19
8356 19
8357 31
8358 21
8359 18
8360 17
8361 19
8362 18
8363 18
8364 17
8365 18
8366 20
8367 20
8368 21
8369 17
8370 18
8371 20
8372 24
8373 20
8374 19
8375 17
8376 18
8377 18
8378 20
8379 17
8380 18
8381 18
8382 18
8383 26
8384 18
8385 18
8386 17
8387 18
8388 17
8389 18
8390 19
8391 18
8392 18
8393 18
8394 17
8395 18
8396 21
8397 19
8398 17
8399 20
8400 20
8401 19
8402 18
8403 19
8404 19
8405 18
8406 17
8407 19
8408 18
8409 18
8410 23
8411 18
8412 18
8413 17
8414 18
8415 17
8416 18
8417 18
8418 18
8419 18
8420 17
8421 18
8422 17
8423 18
8424 18
8425 18
8426 17
8427 17
8428 18
8429 17
8430 18
8431 17
8432 17
8433 18
8434 17
8435 18
8436 18
8437 19
8438 17
8439 18
8440 19
8441 18
8442 17
8443 17
8444 17
8445 17
8446 26
8447 20
8448 18
8449 17
8450 17
8451 17
8452 17
8453 17
8454 17
8455 17
8456 17
8457 17
8458 17
8459 18
8460 18
8461 17
8462 17
8463 18
8464 17
8465 18
8466 18
8467 17
8468 18
8469 17
8470 17
8471 18
8472 17
8473 17
8474 19
8475 18
8476 17
8477 18
8478 18
8479 18
8480 18
8481 18
8482 18
8483 17
8484 18
8485 18
8486 18
8487 18
8488 17
8489 18
8490 18
8491 17
8492 18
8493 17
8494 18
8495 18
8496 18
8497 18
8498 18
8499 17
8500 18
8501 17
8502 18
8503 18
8504 18
8505 17
8506 18
8507 17
8508 17
8509 18
8510 18
8511 19
8512 18
8513 20
8514 17
8515 18
8516 17
8517 18
8518 18
8519 17
8520 18
8521 18
8522 17
8523 18
8524 19
8525 18
8526 17
8527 18
8528 17
8529 18
8530 18
8531 17
8532 17
8533 17
8534 18
8535 18
8536 17
8537 17
8538 18
8539 18
8540 26
8541 18
8542 18
8543 17
8544 18
8545 17
8546 18
8547 17
8548 18
8549 17
8550 18
8551 18
8552 19
8553 17
8554 18
8555 17
8556 18
8557 18
8558 17
8559 18
8560 18
8561 18
8562 18
8563 19
8564 17
8565 18
8566 17
8567 18
8568 17
8569 18
8570 17
8571 17
8572 18
8573 18
8574 18
8575 20
8576 17
8577 18
8578 17
8579 18
8580 18
8581 17
8582 17
8583 17
8584 17
8585 17
8586 17
8587 27
8588 18
8589 17
8590 18
8591 18
8592 17
8593 17
8594 17
8595 18
8596 17
8597 18
8598 17
8599 18
8600 18
8601 19
8602 18
8603 18
8604 17
8605 17
8606 18
8607 18
8608 17
8609 18
8610 17
8611 17
8612 18
8613 17
8614 18
8615 18
8616 17
8617 18
8618 18
8619 18
8620 17
8621 18
8622 18
8623 17
8624 18
8625 18
8626 17
8627 18
8628 21
8629 18
8630 20
8631 18
8632 17
8633 18
8634 17
8635 17
8636 17
8637 17
8638 17
8639 19
8640 18
8641 18
8642 18
8643 18
8644 18
8645 17
8646 17
8647 17
8648 17
8649 17
8650 18
8651 17
8652 18
8653 17
8654 17
8655 17
8656 18
8657 18
8658 17
8659 18
8660 17
8661 18
8662 18
8663 17
8664 18
8665 17
8666 18
8667 18
8668 19
8669 18
8670 17
8671 18
8672 18
8673 18
8674 17
8675 18
8676 18
8677 17
8678 26
8679 18
8680 18
8681 18
8682 17
8683 17
8684 17
8685 17
8686 18
8687 17
8688 17
8689 17
8690 18
8691 18
8692 17
8693 17
8694 17
8695 17
8696 17
8697 17
8698 17
8699 18
8700 18
8701 18
8702 18
8703 20
8704 18
8705 18
8706 19
8707 17
8708 18
8709 17
8710 18
8711 18
8712 19
8713 18
8714 18
8715 17
8716 18
8717 18
8718 18
8719 17
8720 17
8721 18
8722 17
8723 18
8724 18
8725 17
8726 18
8727 17
8728 18
8729 17
8730 17
8731 18
8732 17
8733 20
8734 18
8735 18
8736 18
8737 18
8738 17
8739 18
8740 17
8741 17
8742 18
8743 17
8744 18
8745 18
8746 18
8747 18
8748 18
8749 17
8750 18
8751 18
8752 17
8753 17
8754 17
8755 17
8756 18
8757 18
8758 17
8759 17
8760 17
8761 17
8762 18
8763 18
8764 28
8765 18
8766 18
8767 20
8768 18
8769 18
8770 17
8771 18
8772 18
8773 17
8774 17
8775 18
8776 17
8777 27
8778 19
8779 17
8780 18
8781 17
8782 18
8783 18
8784 17
8785 18
8786 17
8787 18
8788 19
8789 19
8790 18
8791 17
8792 18
8793 18
8794 17
8795 17
8796 18
8797 18
8798 17
8799 18
8800 18
8801 17
8802 18
8803 18
8804 18
8805 19
8806 17
8807 17
8808 17
8809 18
8810 18
8811 18
8812 17
8813 18
8814 17
8815 17
8816 17
8817 17
8818 17
8819 17
8820 17
8821 25
8822 19
8823 19
8824 18
8825 18
8826 18
8827 19
8828 17
8829 17
8830 18
8831 19
8832 18
8833 17
8834 18
8835 18
8836 18
8837 17
8838 18
8839 18
8840 18
8841 17
8842 18
8843 18
8844 17
8845 17
8846 17
8847 18
8848 18
8849 18
8850 18
8851 17
8852 18
8853 18
8854 18
8855 19
8856 17
8857 18
8858 17
8859 18
8860 17
8861 18
8862 17
8863 18
8864 17
8865 18
8866 18
8867 18
8868 17
8869 18
8870 17
8871 18
8872 17
8873 17
8874 18
8875 17
8876 17
8877 18
8878 17
8879 18
8880 18
8881 17
8882 18
8883 18
8884 18
8885 17
8886 18
8887 18
8888 18
8889 18
8890 17
8891 17
8892 18
8893 18
8894 18
8895 19
8896 18
8897 17
8898 18
8899 18
8900 17
8901 17
8902 18
8903 17
8904 19
8905 18
8906 18
8907 17
8908 18
8909 17
8910 18
8911 17
8912 18
8913 18
8914 18
8915 17
8916 17
8917 17
8918 18
8919 18
8920 17
8921 17
8922 18
8923 17
8924 20
8925 18
8926 17
8927 18
8928 18
8929 17
8930 18
8931 17
8932 17
8933 19
8934 17
8935 17
8936 18
8937 17
8938 18
8939 17
8940 27
8941 18
8942 18
8943 19
8944 18
8945 17
8946 17
8947 19
8948 18
8949 17
8950 18
8951 18
8952 17
8953 18
8954 17
8955 17
8956 18
8957 18
8958 18
8959 20
8960 18
8961 17
8962 17
8963 17
8964 17
8965 18
8966 18
8967 17
8968 18
8969 17
8970 26
8971 18
8972 17
8973 17
8974 18
8975 18
8976 18
8977 17
8978 18
8979 17
8980 17
8981 17
8982 18
8983 17
8984 18
8985 18
8986 17
8987 17
8988 17
8989 17
8990 17
8991 17
8992 17
8993 18
8994 18
8995 18
8996 18
8997 17
8998 18
8999 17
9000 17
9001 17
9002 17
9003 17
9004 17
9005 18
9006 17
9007 17
9008 18
9009 17
9010 18
9011 17
9012 17
9013 17
9014 18
9015 18
9016 19
9017 18
9018 17
9019 18
9020 18
9021 18
9022 17
9023 20
9024 18
9025 17
9026 18
9027 18
9028 18
9029 18
9030 17
9031 18
9032 19
9033 18
9034 18
9035 18
9036 18
9037 18
9038 18
9039 17
9040 18
9041 17
9042 18
9043 18
9044 17
9045 17
9046 18
9047 17
9048 26
9049 18
9050 17
9051 17
9052 18
9053 17
9054 19
9055 18
9056 18
9057 18
9058 17
9059 17
9060 18
9061 17
9062 17
9063 17
9064 17
9065 17
9066 17
9067 17
9068 17
9069 17
9070 17
9071 17
9072 18
9073 17
9074 17
9075 17
9076 17
9077 17
9078 17
9079 18
9080 18
9081 17
9082 17
9083 17
9084 17
9085 17
9086 17
9087 20
9088 17
9089 17
9090 17
9091 17
9092 17
9093 17
9094 17
9095 18
9096 18
9097 17
9098 18
9099 18
9100 18
9101 17
9102 18
9103 17
9104 17
9105 18
9106 17
9107 18
9108 18
9109 17
9110 18
9111 18
9112 18
9113 18
9114 19
9115 18
9116 17
9117 18
9118 107
9119 18
9120 18
9121 17
9122 18
9123 17
9124 17
9125 18
9126 18
9127 18
9128 19
9129 18
9130 17
9131 17
9132 18
9133 17
9134 18
9135 17
9136 18
9137 17
9138 17
9139 17
9140 17
9141 17
9142 17
9143 17
9144 17
9145 17
9146 17
9147 17
9148 17
9149 17
9150 19
9151 18
9152 18
9153 18
9154 17
9155 17
9156 18
9157 18
9158 17
9159 17
9160 17
9161 17
9162 18
9163 17
9164 18
9165 18
9166 17
9167 17
9168 18
9169 18
9170 17
9171 17
9172 18
9173 18
9174 17
9175 18
9176 17
9177 18
9178 26
9179 19
9180 17
9181 17
9182 18
9183 18
9184 19
9185 18
9186 18
9187 17
9188 17
9189 18
9190 19
9191 17
9192 17
9193 17
9194 17
9195 18
9196 18
9197 17
9198 17
9199 17
9200 17
9201 17
9202 17
9203 18
9204 17
9205 18
9206 19
9207 17
9208 18
9209 18
9210 17
9211 18
9212 19
9213 18
9214 17
9215 18
9216 18
9217 18
9218 18
9219 17
9220 18
9221 17
9222 17
9223 17
9224 18
9225 18
9226 18
9227 18
9228 18
9229 19
9230 17
9231 18
9232 18
9233 18
9234 17
9235 18
9236 18
9237 18
9238 17
9239 18
9240 19
9241 18
9242 17
9243 18
9244 18
9245 17
9246 18
9247 17
9248 18
9249 17
9250 18
9251 18
9252 17
9253 18
9254 18
9255 17
9256 19
9257 18
9258 17
9259 18
9260 17
9261 17
9262 18
9263 17
9264 18
9265 17
9266 17
9267 17
9268 17
9269 17
9270 18
9271 18
9272 18
9273 17
9274 17
9275 17
9276 17
9277 17
9278 25
9279 18
9280 18
9281 17
9282 18
9283 18
9284 18
9285 18
9286 18
9287 18
9288 18
9289 18
9290 18
9291 18
9292 33
9293 17
9294 17
9295 18
9296 18
9297 17
9298 17
9299 18
9300 19
9301 18
9302 18
9303 18
9304 18
9305 17
9306 17
9307 18
9308 17
9309 18
9310 17
9311 17
9312 18
9313 17
9314 18
9315 17
9316 19
9317 18
9318 18
9319 18
9320 17
9321 18
9322 17
9323 17
9324 18
9325 17
9326 17
9327 17
9328 18
9329 18
9330 18
9331 17
9332 18
9333 17
9334 18
9335 18
9336 17
9337 17
9338 18
9339 18
9340 19
9341 18
9342 18
9343 18
9344 17
9345 18
9346 18
9347 17
9348 17
9349 17
9350 18
9351 17
9352 18
9353 17
9354 18
9355 17
9356 18
9357 18
9358 17
9359 18
9360 17
9361 19
9362 18
9363 17
9364 18
9365 18
9366 18
9367 17
9368 18
9369 17
9370 18
9371 17
9372 19
9373 18
9374 17
9375 18
9376 18
9377 18
9378 17
9379 18
9380 17
9381 18
9382 17
9383 19
9384 18
9385 17
9386 18
9387 19
9388 18
9389 17
9390 18
9391 17
9392 17
9393 18
9394 19
9395 17
9396 18
9397 17
9398 17
9399 26
9400 18
9401 17
9402 18
9403 17
9404 18
9405 18
9406 17
9407 17
9408 18
9409 17
9410 17
9411 18
9412 18
9413 17
9414 18
9415 17
9416 17
9417 17
9418 17
9419 17
9420 18
9421 18
9422 25
9423 18
9424 18
9425 18
9426 17
9427 18
9428 18
9429 18
9430 18
9431 17
9432 18
9433 19
9434 18
9435 18
9436 17
9437 17
9438 17
9439 17
9440 18
9441 18
9442 18
9443 17
9444 17
9445 17
9446 17
9447 17
9448 18
9449 18
9450 17
9451 17
9452 17
9453 17
9454 17
9455 18
9456 18
9457 17
9458 18
9459 17
9460 18
9461 18
9462 18
9463 17
9464 18
9465 17
9466 18
9467 18
9468 17
9469 18
9470 18
9471 18
9472 18
9473 18
9474 18
9475 17
9476 17
9477 18
9478 18
9479 17
9480 18
9481 17
9482 18
9483 18
9484 17
9485 17
9486 18
9487 17
9488 19
9489 17
9490 18
9491 18
9492 17
9493 18
9494 19
9495 17
9496 17
9497 17
9498 17
9499 17
9500 17
9501 18
9502 18
9503 17
9504 17
9505 18
9506 18
9507 18
9508 18
9509 17
9510 18
9511 17
9512 17
9513 18
9514 18
9515 17
9516 18
9517 17
9518 18
9519 17
9520 18
9521 18
9522 19
9523 17
9524 18
9525 18
9526 17
9527 17
9528 18
9529 18
9530 17
9531 17
9532 17
9533 18
9534 18
9535 17
9536 17
9537 17
9538 18
9539 17
9540 18
9541 17
9542 18
9543 18
9544 18
9545 18
9546 17
9547 18
9548 17
9549 18
9550 17
9551 17
9552 17
9553 18
9554 18
9555 17
9556 17
9557 17
9558 17
9559 17
9560 18
9561 19
9562 18
9563 17
9564 18
9565 17
9566 18
9567 17
9568 18
9569 18
9570 17
9571 18
9572 19
9573 18
9574 18
9575 17
9576 17
9577 18
9578 17
9579 17
9580 17
9581 18
9582 18
9583 17
9584 17
9585 18
9586 18
9587 18
9588 19
9589 18
9590 18
9591 17
9592 18
9593 17
9594 19
9595 18
9596 17
9597 18
9598 18
9599 19
9600 17
9601 18
9602 17
9603 19
9604 18
9605 18
9606 18
9607 17
9608 18
9609 17
9610 17
9611 18
9612 17
9613 17
9614 17
9615 17
9616 17
9617 17
9618 18
9619 17
9620 18
9621 18
9622 17
9623 17
9624 18
9625 18
9626 18
9627 18
9628 19
9629 17
9630 17
9631 17
9632 17
9633 17
9634 17
9635 19
9636 18
9637 17
9638 17
9639 18
9640 18
9641 17
9642 17
9643 17
9644 17
9645 18
9646 17
9647 27
9648 18
9649 17
9650 18
9651 18
9652 17
9653 18
9654 18
9655 18
9656 18
9657 18
9658 17
9659 17
9660 17
9661 17
9662 17
9663 18
9664 17
9665 18
9666 18
9667 17
9668 17
9669 17
9670 17
9671 17
9672 18
9673 17
9674 18
9675 17
9676 18
9677 17
9678 18
9679 17
9680 17
9681 17
9682 18
9683 18
9684 18
9685 17
9686 18
9687 17
9688 18
9689 18
9690 18
9691 18
9692 20
9693 18
9694 17
9695 18
9696 18
9697 17
9698 18
9699 17
9700 17
9701 17
9702 17
9703 18
9704 17
9705 18
9706 19
9707 18
9708 17
9709 18
9710 18
9711 17
9712 18
9713 18
9714 18
9715 18
9716 17
9717 18
9718 18
9719 17
9720 18
9721 17
9722 17
9723 18
9724 18
9725 18
9726 18
9727 18
9728 18
9729 17
9730 18
9731 18
9732 17
9733 18
9734 18
9735 17
9736 17
9737 18
9738 17
9739 18
9740 18
9741 17
9742 18
9743 18
9744 17
9745 18
9746 17
9747 17
9748 18
9749 18
9750 17
9751 18
9752 18
9753 17
9754 18
9755 17
9756 19
9757 17
9758 18
9759 18
9760 17
9761 17
9762 18
9763 18
9764 18
9765 18
9766 17
9767 18
9768 17
9769 18
9770 18
9771 17
9772 17
9773 18
9774 17
9775 18
9776 18
9777 17
9778 18
9779 17
9780 18
9781 18
9782 17
9783 18
9784 18
9785 17
9786 18
9787 18
9788 17
9789 18
9790 18
9791 17
9792 17
9793 18
9794 17
9795 18
9796 18
9797 17
9798 18
9799 18
9800 18
9801 18
9802 18
9803 18
9804 17
9805 17
9806 18
9807 17
9808 17
9809 18
9810 18
9811 17
9812 18
9813 18
9814 18
9815 17
9816 17
9817 18
9818 17
9819 18
9820 21
9821 18
9822 17
9823 17
9824 18
9825 38
9826 17
9827 18
9828 17
9829 17
9830 18
9831 17
9832 18
9833 18
9834 18
9835 18
9836 18
9837 18
9838 17
9839 17
9840 18
9841 17
9842 18
9843 17
9844 18
9845 18
9846 17
9847 18
9848 18
9849 17
9850 18
9851 18
9852 18
9853 17
9854 18
9855 18
9856 19
9857 17
9858 18
9859 18
9860 18
9861 19
9862 18
9863 18
9864 18
9865 18
9866 18
9867 17
9868 17
9869 17
9870 17
9871 17
9872 18
9873 17
9874 17
9875 17
9876 17
9877 18
9878 17
9879 17
9880 17
9881 17
9882 18
9883 18
9884 20
9885 17
9886 17
9887 17
9888 18
9889 17
9890 18
9891 18
9892 17
9893 17
9894 18
9895 18
9896 18
9897 18
9898 18
9899 18
9900 18
9901 18
9902 18
9903 18
9904 18
9905 17
9906 18
9907 17
9908 17
9909 17
9910 18
9911 18
9912 17
9913 18
9914 18
9915 17
9916 18
9917 18
9918 18
9919 17
9920 17
9921 18
9922 18
9923 18
9924 17
9925 18
9926 18
9927 17
9928 17
9929 17
9930 18
9931 18
9932 17
9933 18
9934 18
9935 17
9936 18
9937 17
9938 18
9939 19
9940 17
9941 17
9942 17
9943 18
9944 17
9945 17
9946 18
9947 18
9948 19
9949 17
9950 19
9951 18
9952 18
9953 18
9954 18
9955 17
9956 17
9957 18
9958 18
9959 17
9960 17
9961 19
9962 18
9963 18
9964 18
9965 18
9966 17
9967 18
9968 17
9969 18
9970 18
9971 17
9972 18
9973 18
9974 17
9975 17
9976 18
9977 28
9978 18
9979 17
9980 18
9981 18
9982 18
9983 17
9984 18
9985 18
9986 18
9987 18
9988 19
9989 18
9990 18
9991 17
9992 18
9993 18
9994 18
9995 17
9996 18
9997 18
9998 17
9999 18
