0 101
1 19
2 19
3 19
4 19
5 17
6 17
7 18
8 18
9 37
10 18
11 31
12 20
13 18
14 17
15 17
16 19
17 18
18 18
19 44
20 19
21 18
22 17
23 18
24 17
25 18
26 18
27 17
28 18
29 19
30 19
31 19
32 19
33 19
34 18
35 18
36 18
37 18
38 19
39 20
40 20
41 21
42 23
43 18
44 18
45 19
46 17
47 19
48 18
49 17
50 18
51 18
52 17
53 18
54 18
55 18
56 19
57 19
58 18
59 18
60 17
61 18
62 18
63 17
64 17
65 18
66 18
67 18
68 19
69 17
70 19
71 17
72 17
73 17
74 17
75 18
76 18
77 18
78 18
79 18
80 19
81 18
82 17
83 17
84 17
85 17
86 17
87 18
88 18
89 17
90 17
91 17
92 17
93 17
94 19
95 18
96 17
97 17
98 17
99 17
100 18
101 17
102 17
103 18
104 18
105 17
106 18
107 17
108 17
109 17
110 17
111 17
112 17
113 17
114 18
115 18
116 18
117 17
118 19
119 18
120 18
121 17
122 17
123 17
124 17
125 17
126 17
127 17
128 18
129 17
130 17
131 17
132 17
133 17
134 17
135 27
136 18
137 18
138 17
139 17
140 18
141 18
142 19
143 18
144 17
145 27
146 20
147 18
148 18
149 18
150 18
151 18
152 17
153 17
154 17
155 17
156 17
157 18
158 17
159 17
160 18
161 17
162 17
163 18
164 18
165 18
166 18
167 17
168 17
169 18
170 18
171 17
172 17
173 18
174 17
175 17
176 17
177 17
178 17
179 17
180 18
181 18
182 18
183 18
184 27
185 18
186 29
187 18
188 17
189 17
190 17
191 17
192 17
193 17
194 17
195 18
196 18
197 17
198 17
199 17
200 17
201 17
202 17
203 18
204 18
205 17
206 17
207 19
208 17
209 17
210 17
211 17
212 17
213 17
214 17
215 17
216 17
217 17
218 18
219 18
220 23
221 18
222 37
223 20
224 21
225 19
226 19
227 19
228 19
229 19
230 19
231 18
232 22
233 18
234 18
235 18
236 20
237 19
238 21
239 19
240 18
241 18
242 19
243 21
244 19
245 18
246 18
247 18
248 20
249 21
250 20
251 19
252 19
253 18
254 18
255 19
256 18
257 19
258 18
259 19
260 19
261 17
262 18
263 18
264 21
265 20
266 20
267 18
268 19
269 19
270 17
271 18
272 18
273 18
274 28
275 18
276 20
277 18
278 18
279 17
280 18
281 19
282 17
283 19
284 18
285 19
286 18
287 18
288 18
289 18
290 18
291 18
292 17
293 18
294 17
295 19
296 18
297 18
298 18
299 17
300 18
301 18
302 18
303 19
304 18
305 17
306 17
307 18
308 18
309 18
310 17
311 18
312 19
313 33
314 19
315 20
316 17
317 18
318 22
319 23
320 19
321 20
322 20
323 24
324 21
325 19
326 19
327 19
328 19
329 18
330 19
331 18
332 19
333 18
334 18
335 17
336 19
337 20
338 22
339 21
340 20
341 19
342 18
343 20
344 18
345 17
346 18
347 18
348 17
349 18
350 18
351 17
352 17
353 17
354 17
355 19
356 36
357 17
358 17
359 18
360 18
361 19
362 18
363 18
364 17
365 17
366 17
367 17
368 17
369 17
370 18
371 17
372 18
373 18
374 18
375 17
376 28
377 18
378 18
379 17
380 17
381 17
382 18
383 17
384 17
385 17
386 18
387 20
388 18
389 18
390 18
391 17
392 17
393 17
394 17
395 17
396 17
397 17
398 17
399 17
400 17
401 17
402 17
403 20
404 18
405 17
406 18
407 17
408 18
409 19
410 17
411 17
412 17
413 17
414 19
415 18
416 18
417 17
418 17
419 17
420 17
421 17
422 17
423 17
424 18
425 17
426 18
427 18
428 18
429 17
430 17
431 17
432 18
433 27
434 17
435 18
436 18
437 28
438 18
439 18
440 17
441 17
442 17
443 17
444 17
445 17
446 17
447 18
448 17
449 17
450 17
451 18
452 17
453 18
454 18
455 18
456 17
457 18
458 19
459 19
460 17
461 18
462 18
463 18
464 18
465 17
466 18
467 17
468 17
469 18
470 19
471 18
472 18
473 18
474 18
475 17
476 17
477 18
478 18
479 17
480 17
481 17
482 17
483 17
484 18
485 18
486 18
487 18
488 18
489 17
490 18
491 18
492 18
493 18
494 17
495 18
496 17
497 17
498 18
499 17
500 17
501 17
502 27
503 19
504 18
505 18
506 18
507 17
508 18
509 18
510 18
511 17
512 17
513 18
514 18
515 18
516 18
517 19
518 17
519 17
520 17
521 19
522 17
523 17
524 18
525 18
526 18
527 18
528 19
529 19
530 18
531 18
532 19
533 17
534 18
535 17
536 18
537 18
538 18
539 18
540 28
541 19
542 20
543 18
544 17
545 26
546 18
547 17
548 18
549 17
550 18
551 18
552 18
553 18
554 17
555 17
556 18
557 20
558 17
559 18
560 17
561 18
562 17
563 17
564 17
565 18
566 18
567 17
568 18
569 17
570 18
571 18
572 17
573 18
574 19
575 18
576 18
577 17
578 18
579 18
580 17
581 18
582 18
583 17
584 19
585 19
586 18
587 17
588 17
589 17
590 17
591 17
592 17
593 18
594 18
595 19
596 17
597 17
598 18
599 18
600 18
601 18
602 17
603 18
604 17
605 18
606 18
607 17
608 17
609 18
610 18
611 27
612 18
613 17
614 18
615 18
616 17
617 20
618 17
619 18
620 18
621 18
622 17
623 17
624 17
625 18
626 18
627 18
628 19
629 17
630 18
631 18
632 18
633 18
634 20
635 17
636 18
637 18
638 18
639 18
640 18
641 17
642 17
643 17
644 17
645 17
646 18
647 18
648 17
649 18
650 19
651 18
652 18
653 17
654 17
655 17
656 17
657 18
658 17
659 17
660 17
661 17
662 19
663 18
664 17
665 17
666 18
667 18
668 18
669 17
670 18
671 17
672 17
673 17
674 17
675 17
676 18
677 17
678 17
679 17
680 18
681 18
682 18
683 18
684 17
685 17
686 17
687 17
688 17
689 17
690 18
691 18
692 19
693 19
694 18
695 18
696 18
697 18
698 17
699 17
700 17
701 17
702 17
703 18
704 17
705 18
706 17
707 19
708 268
709 26
710 18
711 18
712 18
713 18
714 18
715 19
716 18
717 18
718 18
719 17
720 17
721 17
722 29
723 19
724 17
725 18
726 18
727 18
728 17
729 17
730 18
731 17
732 17
733 18
734 18
735 18
736 18
737 17
738 17
739 17
740 18
741 18
742 18
743 17
744 18
745 18
746 18
747 18
748 17
749 17
750 17
751 18
752 17
753 17
754 18
755 18
756 18
757 18
758 17
759 17
760 19
761 18
762 18
763 18
764 21
765 17
766 17
767 18
768 17
769 18
770 18
771 18
772 18
773 17
774 18
775 17
776 18
777 18
778 19
779 18
780 17
781 17
782 17
783 19
784 17
785 18
786 17
787 17
788 17
789 17
790 18
791 18
792 17
793 17
794 19
795 17
796 18
797 18
798 17
799 18
800 19
801 18
802 17
803 17
804 17
805 17
806 18
807 17
808 17
809 17
810 27
811 18
812 18
813 18
814 18
815 17
816 18
817 17
818 18
819 18
820 18
821 18
822 19
823 18
824 17
825 17
826 17
827 17
828 17
829 19
830 18
831 17
832 18
833 18
834 18
835 17
836 18
837 17
838 17
839 17
840 17
841 17
842 18
843 18
844 19
845 18
846 17
847 18
848 18
849 18
850 17
851 18
852 17
853 18
854 19
855 17
856 18
857 18
858 18
859 18
860 23
861 17
862 18
863 18
864 18
865 18
866 18
867 18
868 18
869 17
870 17
871 17
872 19
873 33
874 18
875 17
876 18
877 19
878 19
879 18
880 18
881 18
882 17
883 18
884 18
885 18
886 18
887 18
888 18
889 19
890 18
891 18
892 28
893 18
894 17
895 18
896 17
897 25
898 19
899 18
900 18
901 18
902 18
903 18
904 18
905 17
906 18
907 17
908 18
909 18
910 18
911 18
912 18
913 18
914 18
915 19
916 18
917 18
918 18
919 17
920 18
921 18
922 18
923 17
924 17
925 18
926 17
927 18
928 18
929 18
930 17
931 18
932 17
933 17
934 17
935 18
936 17
937 18
938 18
939 19
940 18
941 18
942 19
943 17
944 18
945 19
946 18
947 17
948 18
949 17
950 18
951 17
952 17
953 17
954 18
955 18
956 18
957 17
958 17
959 17
960 17
961 19
962 17
963 18
964 17
965 18
966 18
967 17
968 18
969 19
970 19
971 19
972 18
973 18
974 18
975 19
976 18
977 17
978 17
979 17
980 17
981 17
982 17
983 17
984 17
985 17
986 18
987 18
988 17
989 17
990 17
991 17
992 17
993 17
994 17
995 17
996 26
997 18
998 18
999 18
1000 18
1001 18
1002 17
1003 18
1004 18
1005 17
1006 17
1007 18
1008 18
1009 17
1010 17
1011 18
1012 18
1013 20
1014 18
1015 18
1016 18
1017 17
1018 19
1019 19
1020 18
1021 17
1022 17
1023 17
1024 17
1025 18
1026 17
1027 17
1028 17
1029 19
1030 18
1031 17
1032 17
1033 18
1034 18
1035 18
1036 18
1037 18
1038 17
1039 17
1040 17
1041 18
1042 17
1043 17
1044 18
1045 18
1046 17
1047 17
1048 28
1049 18
1050 17
1051 18
1052 17
1053 18
1054 18
1055 18
1056 18
1057 18
1058 17
1059 18
1060 17
1061 17
1062 29
1063 19
1064 18
1065 17
1066 18
1067 17
1068 17
1069 17
1070 17
1071 17
1072 17
1073 17
1074 17
1075 18
1076 17
1077 18
1078 17
1079 17
1080 17
1081 17
1082 18
1083 18
1084 17
1085 18
1086 20
1087 18
1088 18
1089 18
1090 18
1091 17
1092 18
1093 18
1094 17
1095 18
1096 19
1097 18
1098 17
1099 17
1100 18
1101 17
1102 17
1103 17
1104 17
1105 18
1106 17
1107 18
1108 17
1109 18
1110 18
1111 17
1112 19
1113 17
1114 18
1115 18
1116 17
1117 18
1118 18
1119 17
1120 17
1121 17
1122 18
1123 18
1124 18
1125 18
1126 17
1127 18
1128 17
1129 19
1130 17
1131 18
1132 18
1133 18
1134 18
1135 18
1136 18
1137 17
1138 18
1139 28
1140 19
1141 18
1142 18
1143 18
1144 18
1145 19
1146 18
1147 17
1148 18
1149 18
1150 17
1151 18
1152 18
1153 18
1154 18
1155 18
1156 20
1157 18
1158 17
1159 18
1160 18
1161 19
1162 18
1163 18
1164 18
1165 18
1166 28
1167 19
1168 18
1169 18
1170 18
1171 17
1172 18
1173 18
1174 18
1175 18
1176 18
1177 18
1178 17
1179 18
1180 18
1181 18
1182 17
1183 19
1184 18
1185 17
1186 18
1187 20
1188 17
1189 18
1190 17
1191 18
1192 18
1193 17
1194 18
1195 17
1196 18
1197 18
1198 17
1199 18
1200 19
1201 18
1202 18
1203 18
1204 17
1205 18
1206 18
1207 18
1208 18
1209 19
1210 18
1211 19
1212 18
1213 18
1214 17
1215 18
1216 17
1217 18
1218 22
1219 18
1220 18
1221 18
1222 18
1223 22
1224 17
1225 18
1226 28
1227 20
1228 18
1229 18
1230 18
1231 17
1232 17
1233 17
1234 18
1235 18
1236 18
1237 18
1238 19
1239 18
1240 18
1241 18
1242 18
1243 17
1244 17
1245 18
1246 18
1247 18
1248 19
1249 18
1250 18
1251 18
1252 17
1253 17
1254 18
1255 18
1256 17
1257 17
1258 18
1259 17
1260 17
1261 18
1262 17
1263 19
1264 18
1265 19
1266 18
1267 18
1268 17
1269 17
1270 17
1271 17
1272 17
1273 17
1274 18
1275 18
1276 17
1277 18
1278 18
1279 17
1280 17
1281 27
1282 19
1283 18
1284 17
1285 18
1286 17
1287 17
1288 17
1289 17
1290 17
1291 17
1292 18
1293 18
1294 18
1295 18
1296 18
1297 28
1298 19
1299 19
1300 18
1301 17
1302 18
1303 18
1304 17
1305 18
1306 18
1307 18
1308 25
1309 18
1310 18
1311 17
1312 18
1313 18
1314 18
1315 18
1316 18
1317 18
1318 21
1319 19
1320 17
1321 17
1322 17
1323 18
1324 18
1325 17
1326 18
1327 18
1328 18
1329 18
1330 18
1331 19
1332 17
1333 17
1334 18
1335 19
1336 17
1337 17
1338 18
1339 18
1340 18
1341 17
1342 18
1343 18
1344 18
1345 17
1346 18
1347 18
1348 19
1349 19
1350 17
1351 19
1352 18
1353 18
1354 18
1355 18
1356 17
1357 19
1358 18
1359 18
1360 17
1361 18
1362 18
1363 18
1364 17
1365 18
1366 18
1367 17
1368 19
1369 18
1370 18
1371 17
1372 18
1373 18
1374 19
1375 17
1376 17
1377 17
1378 18
1379 17
1380 18
1381 18
1382 20
1383 18
1384 18
1385 18
1386 18
1387 18
1388 18
1389 27
1390 19
1391 19
1392 17
1393 18
1394 18
1395 18
1396 18
1397 172
1398 18
1399 20
1400 18
1401 18
1402 18
1403 18
1404 18
1405 18
1406 18
1407 17
1408 18
1409 18
1410 17
1411 17
1412 17
1413 17
1414 17
1415 18
1416 17
1417 19
1418 18
1419 17
1420 17
1421 18
1422 17
1423 17
1424 17
1425 17
1426 17
1427 27
1428 19
1429 19
1430 17
1431 18
1432 19
1433 20
1434 18
1435 18
1436 17
1437 18
1438 17
1439 17
1440 17
1441 17
1442 17
1443 17
1444 18
1445 17
1446 18
1447 17
1448 18
1449 17
1450 18
1451 18
1452 18
1453 17
1454 17
1455 17
1456 17
1457 18
1458 18
1459 18
1460 17
1461 18
1462 17
1463 17
1464 18
1465 17
1466 17
1467 18
1468 17
1469 18
1470 18
1471 17
1472 18
1473 18
1474 18
1475 17
1476 17
1477 17
1478 17
1479 18
1480 20
1481 17
1482 27
1483 19
1484 17
1485 18
1486 18
1487 17
1488 17
1489 17
1490 18
1491 17
1492 18
1493 17
1494 18
1495 18
1496 18
1497 18
1498 18
1499 18
1500 17
1501 17
1502 18
1503 17
1504 19
1505 19
1506 19
1507 18
1508 18
1509 18
1510 17
1511 17
1512 17
1513 17
1514 17
1515 17
1516 17
1517 17
1518 17
1519 17
1520 18
1521 17
1522 18
1523 18
1524 18
1525 17
1526 19
1527 19
1528 17
1529 18
1530 18
1531 17
1532 17
1533 17
1534 18
1535 17
1536 17
1537 26
1538 18
1539 18
1540 18
1541 18
1542 18
1543 17
1544 17
1545 17
1546 17
1547 18
1548 18
1549 18
1550 17
1551 17
1552 17
1553 18
1554 19
1555 18
1556 18
1557 17
1558 18
1559 17
1560 18
1561 17
1562 17
1563 17
1564 18
1565 17
1566 17
1567 18
1568 17
1569 18
1570 17
1571 17
1572 17
1573 17
1574 17
1575 28
1576 18
1577 17
1578 18
1579 18
1580 17
1581 18
1582 18
1583 17
1584 17
1585 17
1586 18
1587 17
1588 17
1589 18
1590 18
1591 18
1592 17
1593 17
1594 17
1595 18
1596 16
1597 19
1598 19
1599 18
1600 18
1601 17
1602 17
1603 18
1604 17
1605 17
1606 17
1607 17
1608 18
1609 18
1610 18
1611 18
1612 17
1613 17
1614 17
1615 17
1616 17
1617 18
1618 17
1619 18
1620 17
1621 17
1622 17
1623 17
1624 17
1625 17
1626 17
1627 17
1628 17
1629 18
1630 17
1631 17
1632 18
1633 19
1634 18
1635 17
1636 18
1637 18
1638 18
1639 18
1640 17
1641 17
1642 17
1643 17
1644 17
1645 17
1646 17
1647 18
1648 18
1649 18
1650 19
1651 18
1652 18
1653 17
1654 17
1655 17
1656 17
1657 17
1658 17
1659 17
1660 17
1661 17
1662 17
1663 17
1664 17
1665 28
1666 18
1667 18
1668 18
1669 17
1670 18
1671 18
1672 18
1673 18
1674 17
1675 17
1676 17
1677 18
1678 19
1679 18
1680 18
1681 17
1682 17
1683 17
1684 17
1685 17
1686 18
1687 18
1688 19
1689 18
1690 18
1691 17
1692 18
1693 17
1694 18
1695 17
1696 17
1697 18
1698 19
1699 20
1700 18
1701 18
1702 18
1703 18
1704 18
1705 18
1706 17
1707 18
1708 17
1709 18
1710 18
1711 17
1712 17
1713 18
1714 18
1715 19
1716 19
1717 18
1718 18
1719 18
1720 18
1721 17
1722 17
1723 17
1724 17
1725 17
1726 17
1727 17
1728 17
1729 17
1730 17
1731 27
1732 18
1733 17
1734 17
1735 17
1736 26
1737 18
1738 18
1739 18
1740 17
1741 18
1742 18
1743 18
1744 27
1745 18
1746 17
1747 18
1748 17
1749 17
1750 18
1751 18
1752 18
1753 18
1754 17
1755 18
1756 18
1757 18
1758 19
1759 19
1760 18
1761 17
1762 18
1763 18
1764 21
1765 22
1766 19
1767 18
1768 18
1769 18
1770 17
1771 18
1772 18
1773 17
1774 18
1775 19
1776 18
1777 17
1778 18
1779 18
1780 18
1781 18
1782 18
1783 17
1784 17
1785 18
1786 18
1787 17
1788 17
1789 18
1790 18
1791 17
1792 17
1793 18
1794 18
1795 17
1796 22
1797 29
1798 18
1799 17
1800 18
1801 18
1802 17
1803 18
1804 18
1805 17
1806 17
1807 18
1808 18
1809 19
1810 18
1811 17
1812 18
1813 18
1814 18
1815 18
1816 17
1817 17
1818 17
1819 18
1820 17
1821 18
1822 18
1823 17
1824 18
1825 18
1826 17
1827 17
1828 18
1829 17
1830 17
1831 18
1832 18
1833 17
1834 18
1835 17
1836 18
1837 18
1838 18
1839 17
1840 20
1841 26
1842 19
1843 18
1844 17
1845 17
1846 18
1847 18
1848 17
1849 17
1850 18
1851 18
1852 18
1853 18
1854 17
1855 17
1856 20
1857 18
1858 19
1859 18
1860 18
1861 18
1862 17
1863 18
1864 17
1865 17
1866 17
1867 26
1868 19
1869 18
1870 17
1871 18
1872 17
1873 18
1874 18
1875 18
1876 18
1877 17
1878 18
1879 19
1880 18
1881 18
1882 18
1883 18
1884 17
1885 17
1886 18
1887 18
1888 17
1889 17
1890 17
1891 18
1892 18
1893 17
1894 18
1895 17
1896 18
1897 19
1898 18
1899 17
1900 18
1901 18
1902 18
1903 19
1904 18
1905 18
1906 18
1907 18
1908 18
1909 17
1910 17
1911 18
1912 17
1913 17
1914 17
1915 17
1916 20
1917 18
1918 17
1919 32
1920 21
1921 17
1922 19
1923 19
1924 20
1925 19
1926 17
1927 18
1928 18
1929 18
1930 17
1931 17
1932 18
1933 18
1934 20
1935 19
1936 19
1937 18
1938 18
1939 19
1940 18
1941 19
1942 17
1943 18
1944 17
1945 18
1946 18
1947 19
1948 17
1949 17
1950 17
1951 17
1952 19
1953 21
1954 21
1955 20
1956 18
1957 20
1958 21
1959 18
1960 19
1961 19
1962 20
1963 20
1964 20
1965 19
1966 43
1967 23
1968 25
1969 20
1970 20
1971 19
1972 20
1973 21
1974 23
1975 20
1976 24
1977 20
1978 20
1979 19
1980 17
1981 18
1982 20
1983 19
1984 18
1985 20
1986 19
1987 19
1988 23
1989 18
1990 18
1991 19
1992 20
1993 17
1994 18
1995 21
1996 23
1997 23
1998 18
1999 21
2000 20
2001 20
2002 18
2003 19
2004 19
2005 20
2006 19
2007 18
2008 18
2009 44
2010 23
2011 21
2012 19
2013 18
2014 18
2015 18
2016 21
2017 20
2018 18
2019 37
2020 22
2021 22
2022 18
2023 17
2024 19
2025 18
2026 20
2027 18
2028 19
2029 18
2030 19
2031 19
2032 20
2033 20
2034 21
2035 25
2036 23
2037 19
2038 20
2039 27
2040 21
2041 18
2042 38
2043 17
2044 21
2045 20
2046 18
2047 20
2048 26
2049 19
2050 18
2051 19
2052 20
2053 20
2054 18
2055 18
2056 17
2057 18
2058 21
2059 18
2060 17
2061 18
2062 35
2063 19
2064 19
2065 20
2066 21
2067 20
2068 20
2069 28
2070 19
2071 20
2072 20
2073 19
2074 19
2075 20
2076 18
2077 18
2078 17
2079 52
2080 18
2081 21
2082 22
2083 20
2084 21
2085 19
2086 17
2087 18
2088 18
2089 18
2090 20
2091 19
2092 19
2093 17
2094 19
2095 18
2096 18
2097 22
2098 20
2099 19
2100 21
2101 19
2102 18
2103 18
2104 19
2105 19
2106 20
2107 19
2108 17
2109 19
2110 17
2111 18
2112 20
2113 25
2114 19
2115 18
2116 19
2117 18
2118 17
2119 18
2120 20
2121 20
2122 19
2123 19
2124 18
2125 20
2126 19
2127 19
2128 19
2129 24
2130 20
2131 19
2132 19
2133 23
2134 20
2135 19
2136 19
2137 19
2138 18
2139 19
2140 17
2141 18
2142 19
2143 20
2144 25
2145 20
2146 19
2147 19
2148 20
2149 19
2150 19
2151 19
2152 19
2153 18
2154 23
2155 29
2156 18
2157 19
2158 19
2159 18
2160 18
2161 18
2162 19
2163 17
2164 19
2165 17
2166 18
2167 18
2168 18
2169 20
2170 20
2171 20
2172 19
2173 17
2174 20
2175 18
2176 18
2177 19
2178 18
2179 20
2180 25
2181 17
2182 17
2183 19
2184 18
2185 18
2186 19
2187 18
2188 18
2189 17
2190 18
2191 21
2192 18
2193 19
2194 17
2195 19
2196 18
2197 18
2198 18
2199 17
2200 18
2201 16
2202 18
2203 18
2204 17
2205 18
2206 20
2207 23
2208 18
2209 20
2210 17
2211 32
2212 19
2213 21
2214 19
2215 19
2216 18
2217 18
2218 17
2219 25
2220 19
2221 18
2222 18
2223 17
2224 17
2225 19
2226 17
2227 19
2228 19
2229 19
2230 18
2231 19
2232 21
2233 19
2234 19
2235 18
2236 19
2237 17
2238 19
2239 17
2240 24
2241 20
2242 33
2243 21
2244 34
2245 18
2246 20
2247 18
2248 19
2249 19
2250 18
2251 19
2252 18
2253 22
2254 17
2255 18
2256 17
2257 20
2258 22
2259 19
2260 18
2261 17
2262 19
2263 18
2264 18
2265 19
2266 18
2267 17
2268 19
2269 17
2270 18
2271 18
2272 18
2273 19
2274 20
2275 19
2276 20
2277 19
2278 20
2279 23
2280 19
2281 19
2282 18
2283 25
2284 17
2285 19
2286 19
2287 18
2288 19
2289 17
2290 17
2291 17
2292 17
2293 17
2294 18
2295 17
2296 18
2297 19
2298 18
2299 17
2300 17
2301 19
2302 19
2303 19
2304 17
2305 18
2306 21
2307 18
2308 17
2309 18
2310 21
2311 20
2312 18
2313 17
2314 18
2315 21
2316 19
2317 18
2318 17
2319 17
2320 19
2321 19
2322 21
2323 18
2324 20
2325 18
2326 18
2327 23
2328 18
2329 18
2330 18
2331 17
2332 18
2333 17
2334 18
2335 17
2336 17
2337 18
2338 17
2339 17
2340 19
2341 18
2342 17
2343 19
2344 20
2345 18
2346 17
2347 21
2348 17
2349 17
2350 17
2351 17
2352 19
2353 19
2354 18
2355 19
2356 18
2357 18
2358 18
2359 18
2360 17
2361 17
2362 19
2363 18
2364 17
2365 17
2366 19
2367 17
2368 17
2369 18
2370 18
2371 18
2372 18
2373 19
2374 18
2375 17
2376 18
2377 21
2378 19
2379 21
2380 17
2381 17
2382 17
2383 19
2384 18
2385 18
2386 17
2387 18
2388 18
2389 18
2390 18
2391 18
2392 21
2393 18
2394 20
2395 18
2396 17
2397 17
2398 18
2399 18
2400 18
2401 18
2402 18
2403 18
2404 17
2405 17
2406 18
2407 17
2408 19
2409 22
2410 19
2411 24
2412 17
2413 18
2414 21
2415 41
2416 19
2417 17
2418 17
2419 18
2420 18
2421 17
2422 17
2423 19
2424 23
2425 19
2426 18
2427 17
2428 18
2429 18
2430 18
2431 18
2432 18
2433 18
2434 17
2435 18
2436 17
2437 18
2438 17
2439 18
2440 18
2441 17
2442 17
2443 18
2444 21
2445 17
2446 33
2447 19
2448 19
2449 17
2450 18
2451 21
2452 19
2453 18
2454 17
2455 18
2456 17
2457 17
2458 17
2459 17
2460 18
2461 17
2462 16
2463 17
2464 17
2465 18
2466 19
2467 22
2468 19
2469 20
2470 18
2471 18
2472 18
2473 17
2474 19
2475 22
2476 17
2477 18
2478 17
2479 19
2480 19
2481 18
2482 19
2483 19
2484 17
2485 17
2486 18
2487 18
2488 17
2489 18
2490 19
2491 23
2492 18
2493 17
2494 18
2495 18
2496 19
2497 18
2498 18
2499 19
2500 19
2501 17
2502 18
2503 18
2504 20
2505 19
2506 19
2507 17
2508 18
2509 19
2510 19
2511 18
2512 18
2513 19
2514 17
2515 18
2516 17
2517 19
2518 20
2519 36
2520 19
2521 18
2522 18
2523 19
2524 18
2525 17
2526 18
2527 19
2528 18
2529 30
2530 20
2531 18
2532 18
2533 18
2534 18
2535 18
2536 18
2537 17
2538 17
2539 23
2540 22
2541 20
2542 18
2543 18
2544 18
2545 18
2546 18
2547 19
2548 17
2549 18
2550 17
2551 17
2552 20
2553 18
2554 18
2555 19
2556 18
2557 19
2558 18
2559 19
2560 18
2561 18
2562 32
2563 20
2564 20
2565 19
2566 18
2567 18
2568 17
2569 17
2570 18
2571 29
2572 19
2573 19
2574 18
2575 19
2576 18
2577 21
2578 21
2579 18
2580 18
2581 17
2582 18
2583 17
2584 35
2585 18
2586 18
2587 19
2588 18
2589 19
2590 17
2591 17
2592 18
2593 18
2594 18
2595 18
2596 18
2597 33
2598 20
2599 17
2600 18
2601 18
2602 17
2603 23
2604 18
2605 18
2606 17
2607 18
2608 17
2609 18
2610 18
2611 17
2612 17
2613 19
2614 19
2615 18
2616 19
2617 19
2618 18
2619 19
2620 17
2621 19
2622 18
2623 19
2624 18
2625 19
2626 19
2627 18
2628 17
2629 17
2630 17
2631 17
2632 19
2633 19
2634 18
2635 18
2636 19
2637 19
2638 21
2639 17
2640 18
2641 18
2642 18
2643 17
2644 19
2645 18
2646 18
2647 18
2648 19
2649 17
2650 19
2651 19
2652 17
2653 18
2654 18
2655 17
2656 18
2657 17
2658 18
2659 17
2660 17
2661 17
2662 18
2663 21
2664 21
2665 23
2666 24
2667 23
2668 19
2669 20
2670 19
2671 18
2672 18
2673 17
2674 17
2675 17
2676 18
2677 18
2678 21
2679 18
2680 18
2681 18
2682 19
2683 18
2684 17
2685 17
2686 17
2687 18
2688 20
2689 22
2690 20
2691 17
2692 17
2693 19
2694 22
2695 21
2696 19
2697 18
2698 18
2699 17
2700 18
2701 17
2702 18
2703 17
2704 17
2705 18
2706 19
2707 19
2708 18
2709 18
2710 22
2711 19
2712 18
2713 18
2714 42
2715 19
2716 17
2717 20
2718 17
2719 17
2720 20
2721 19
2722 18
2723 18
2724 17
2725 18
2726 18
2727 19
2728 17
2729 18
2730 17
2731 20
2732 17
2733 17
2734 17
2735 18
2736 17
2737 17
2738 17
2739 17
2740 17
2741 17
2742 27
2743 18
2744 18
2745 18
2746 18
2747 18
2748 18
2749 18
2750 18
2751 29
2752 18
2753 29
2754 18
2755 18
2756 18
2757 18
2758 18
2759 17
2760 17
2761 17
2762 18
2763 18
2764 18
2765 18
2766 17
2767 17
2768 17
2769 17
2770 17
2771 17
2772 17
2773 17
2774 19
2775 17
2776 17
2777 18
2778 18
2779 17
2780 17
2781 17
2782 17
2783 18
2784 17
2785 18
2786 18
2787 18
2788 17
2789 17
2790 19
2791 18
2792 18
2793 17
2794 17
2795 20
2796 17
2797 17
2798 18
2799 17
2800 17
2801 17
2802 17
2803 17
2804 17
2805 17
2806 18
2807 20
2808 18
2809 17
2810 18
2811 17
2812 17
2813 17
2814 17
2815 18
2816 18
2817 17
2818 17
2819 18
2820 18
2821 18
2822 17
2823 18
2824 20
2825 18
2826 18
2827 18
2828 17
2829 18
2830 18
2831 17
2832 17
2833 17
2834 18
2835 20
2836 18
2837 18
2838 18
2839 18
2840 18
2841 18
2842 18
2843 18
2844 18
2845 17
2846 17
2847 17
2848 18
2849 17
2850 18
2851 19
2852 19
2853 17
2854 18
2855 18
2856 17
2857 17
2858 18
2859 19
2860 18
2861 18
2862 19
2863 18
2864 18
2865 18
2866 17
2867 17
2868 18
2869 17
2870 17
2871 17
2872 17
2873 18
2874 18
2875 18
2876 18
2877 18
2878 18
2879 17
2880 18
2881 18
2882 18
2883 17
2884 18
2885 18
2886 18
2887 18
2888 18
2889 17
2890 18
2891 19
2892 18
2893 18
2894 18
2895 17
2896 18
2897 17
2898 17
2899 18
2900 18
2901 18
2902 18
2903 18
2904 18
2905 19
2906 18
2907 21
2908 17
2909 19
2910 18
2911 17
2912 17
2913 17
2914 17
2915 17
2916 17
2917 18
2918 18
2919 17
2920 18
2921 17
2922 18
2923 22
2924 17
2925 18
2926 18
2927 17
2928 18
2929 17
2930 17
2931 18
2932 17
2933 17
2934 18
2935 18
2936 17
2937 17
2938 17
2939 18
2940 17
2941 18
2942 18
2943 17
2944 18
2945 18
2946 17
2947 17
2948 18
2949 18
2950 18
2951 18
2952 18
2953 17
2954 17
2955 29
2956 20
2957 18
2958 17
2959 18
2960 18
2961 17
2962 17
2963 18
2964 19
2965 18
2966 18
2967 18
2968 17
2969 18
2970 18
2971 27
2972 20
2973 18
2974 17
2975 19
2976 18
2977 22
2978 18
2979 17
2980 17
2981 20
2982 20
2983 18
2984 18
2985 17
2986 17
2987 22
2988 19
2989 18
2990 18
2991 18
2992 19
2993 17
2994 17
2995 18
2996 19
2997 18
2998 17
2999 20
3000 18
3001 19
3002 17
3003 18
3004 18
3005 18
3006 17
3007 18
3008 17
3009 17
3010 17
3011 17
3012 17
3013 17
3014 17
3015 17
3016 18
3017 17
3018 17
3019 18
3020 18
3021 19
3022 18
3023 17
3024 17
3025 17
3026 20
3027 18
3028 18
3029 17
3030 18
3031 17
3032 18
3033 18
3034 18
3035 17
3036 17
3037 18
3038 17
3039 18
3040 17
3041 19
3042 18
3043 19
3044 18
3045 18
3046 18
3047 17
3048 17
3049 17
3050 17
3051 19
3052 18
3053 18
3054 18
3055 26
3056 18
3057 18
3058 17
3059 17
3060 17
3061 17
3062 17
3063 17
3064 18
3065 19
3066 17
3067 18
3068 17
3069 17
3070 17
3071 17
3072 17
3073 17
3074 18
3075 17
3076 17
3077 17
3078 17
3079 17
3080 17
3081 18
3082 19
3083 17
3084 17
3085 17
3086 17
3087 18
3088 17
3089 18
3090 17
3091 17
3092 17
3093 17
3094 17
3095 17
3096 17
3097 17
3098 17
3099 17
3100 17
3101 17
3102 17
3103 17
3104 18
3105 17
3106 29
3107 17
3108 17
3109 18
3110 18
3111 17
3112 18
3113 18
3114 18
3115 20
3116 18
3117 17
3118 17
3119 17
3120 18
3121 18
3122 18
3123 17
3124 17
3125 18
3126 17
3127 19
3128 17
3129 17
3130 17
3131 18
3132 27
3133 18
3134 18
3135 17
3136 18
3137 19
3138 19
3139 17
3140 18
3141 18
3142 17
3143 17
3144 18
3145 18
3146 18
3147 17
3148 17
3149 17
3150 18
3151 17
3152 17
3153 18
3154 18
3155 17
3156 17
3157 17
3158 18
3159 18
3160 17
3161 17
3162 18
3163 18
3164 17
3165 18
3166 18
3167 18
3168 17
3169 17
3170 18
3171 17
3172 18
3173 18
3174 18
3175 17
3176 18
3177 19
3178 17
3179 20
3180 18
3181 18
3182 17
3183 17
3184 18
3185 18
3186 17
3187 18
3188 17
3189 17
3190 17
3191 18
3192 18
3193 18
3194 19
3195 18
3196 18
3197 17
3198 19
3199 18
3200 17
3201 18
3202 18
3203 27
3204 18
3205 17
3206 18
3207 17
3208 25
3209 18
3210 18
3211 18
3212 17
3213 17
3214 17
3215 17
3216 17
3217 17
3218 17
3219 17
3220 17
3221 17
3222 17
3223 17
3224 17
3225 18
3226 19
3227 17
3228 17
3229 17
3230 17
3231 17
3232 17
3233 17
3234 17
3235 17
3236 28
3237 18
3238 17
3239 17
3240 17
3241 17
3242 18
3243 21
3244 18
3245 17
3246 17
3247 18
3248 17
3249 18
3250 18
3251 17
3252 17
3253 18
3254 18
3255 17
3256 17
3257 17
3258 17
3259 17
3260 17
3261 17
3262 17
3263 17
3264 18
3265 18
3266 18
3267 17
3268 17
3269 17
3270 17
3271 17
3272 17
3273 17
3274 17
3275 19
3276 17
3277 18
3278 18
3279 17
3280 17
3281 18
3282 17
3283 297
3284 19
3285 18
3286 17
3287 18
3288 17
3289 17
3290 18
3291 17
3292 17
3293 17
3294 17
3295 17
3296 17
3297 17
3298 17
3299 17
3300 17
3301 18
3302 28
3303 18
3304 17
3305 17
3306 17
3307 18
3308 18
3309 18
3310 17
3311 17
3312 18
3313 18
3314 18
3315 17
3316 17
3317 17
3318 18
3319 17
3320 17
3321 17
3322 17
3323 18
3324 17
3325 17
3326 17
3327 18
3328 18
3329 17
3330 18
3331 18
3332 18
3333 17
3334 17
3335 18
3336 18
3337 18
3338 17
3339 17
3340 17
3341 17
3342 18
3343 18
3344 18
3345 17
3346 18
3347 17
3348 18
3349 17
3350 17
3351 17
3352 18
3353 18
3354 18
3355 17
3356 17
3357 17
3358 17
3359 18
3360 18
3361 17
3362 17
3363 17
3364 18
3365 18
3366 17
3367 18
3368 18
3369 18
3370 17
3371 18
3372 18
3373 17
3374 19
3375 18
3376 19
3377 18
3378 18
3379 17
3380 17
3381 18
3382 18
3383 17
3384 17
3385 18
3386 17
3387 17
3388 17
3389 17
3390 17
3391 17
3392 18
3393 17
3394 18
3395 17
3396 18
3397 17
3398 17
3399 21
3400 18
3401 18
3402 18
3403 17
3404 17
3405 17
3406 17
3407 18
3408 18
3409 18
3410 18
3411 17
3412 18
3413 18
3414 17
3415 18
3416 17
3417 17
3418 17
3419 18
3420 17
3421 18
3422 18
3423 18
3424 17
3425 20
3426 20
3427 18
3428 19
3429 20
3430 19
3431 18
3432 20
3433 18
3434 20
3435 21
3436 19
3437 21
3438 24
3439 23
3440 20
3441 19
3442 20
3443 19
3444 20
3445 20
3446 18
3447 51
3448 20
3449 20
3450 21
3451 20
3452 20
3453 20
3454 21
3455 28
3456 18
3457 18
3458 19
3459 19
3460 20
3461 20
3462 19
3463 19
3464 19
3465 20
3466 17
3467 18
3468 18
3469 18
3470 18
3471 20
3472 19
3473 19
3474 20
3475 23
3476 21
3477 22
3478 23
3479 20
3480 20
3481 18
3482 19
3483 19
3484 20
3485 24
3486 22
3487 19
3488 19
3489 19
3490 24
3491 20
3492 20
3493 18
3494 18
3495 20
3496 18
3497 20
3498 18
3499 19
3500 18
3501 39
3502 23
3503 22
3504 20
3505 20
3506 19
3507 20
3508 20
3509 18
3510 20
3511 17
3512 19
3513 20
3514 18
3515 17
3516 17
3517 18
3518 19
3519 18
3520 19
3521 20
3522 22
3523 22
3524 35
3525 20
3526 20
3527 18
3528 18
3529 18
3530 19
3531 18
3532 19
3533 20
3534 18
3535 17
3536 20
3537 18
3538 18
3539 34
3540 21
3541 19
3542 19
3543 18
3544 20
3545 24
3546 19
3547 20
3548 18
3549 19
3550 17
3551 18
3552 18
3553 19
3554 19
3555 20
3556 19
3557 18
3558 19
3559 18
3560 21
3561 21
3562 19
3563 18
3564 19
3565 20
3566 19
3567 17
3568 19
3569 18
3570 19
3571 19
3572 19
3573 19
3574 17
3575 20
3576 22
3577 20
3578 17
3579 19
3580 36
3581 20
3582 19
3583 19
3584 18
3585 18
3586 19
3587 18
3588 18
3589 19
3590 17
3591 18
3592 19
3593 17
3594 18
3595 18
3596 18
3597 19
3598 19
3599 19
3600 19
3601 18
3602 32
3603 19
3604 20
3605 18
3606 21
3607 20
3608 22
3609 18
3610 36
3611 23
3612 23
3613 20
3614 19
3615 18
3616 19
3617 19
3618 20
3619 19
3620 18
3621 19
3622 19
3623 19
3624 18
3625 19
3626 18
3627 19
3628 19
3629 19
3630 19
3631 20
3632 20
3633 20
3634 19
3635 18
3636 22
3637 19
3638 19
3639 18
3640 19
3641 19
3642 18
3643 18
3644 19
3645 38
3646 21
3647 19
3648 17
3649 19
3650 18
3651 17
3652 20
3653 19
3654 18
3655 20
3656 25
3657 20
3658 18
3659 18
3660 18
3661 18
3662 35
3663 19
3664 18
3665 20
3666 18
3667 19
3668 18
3669 18
3670 19
3671 19
3672 18
3673 17
3674 17
3675 31
3676 20
3677 18
3678 18
3679 17
3680 17
3681 17
3682 19
3683 19
3684 19
3685 18
3686 19
3687 23
3688 21
3689 19
3690 17
3691 17
3692 18
3693 19
3694 17
3695 18
3696 19
3697 21
3698 20
3699 18
3700 18
3701 20
3702 23
3703 20
3704 19
3705 18
3706 32
3707 19
3708 20
3709 18
3710 19
3711 19
3712 18
3713 19
3714 18
3715 19
3716 19
3717 18
3718 19
3719 19
3720 17
3721 18
3722 17
3723 18
3724 17
3725 19
3726 18
3727 18
3728 30
3729 19
3730 18
3731 18
3732 18
3733 18
3734 18
3735 18
3736 18
3737 28
3738 20
3739 19
3740 18
3741 19
3742 18
3743 18
3744 18
3745 19
3746 20
3747 17
3748 20
3749 23
3750 18
3751 17
3752 18
3753 19
3754 17
3755 18
3756 19
3757 17
3758 20
3759 24
3760 19
3761 19
3762 19
3763 20
3764 24
3765 17
3766 19
3767 18
3768 20
3769 18
3770 341
3771 35
3772 20
3773 19
3774 20
3775 20
3776 18
3777 18
3778 20
3779 18
3780 20
3781 20
3782 19
3783 19
3784 18
3785 19
3786 17
3787 18
3788 18
3789 19
3790 19
3791 36
3792 21
3793 17
3794 20
3795 18
3796 19
3797 18
3798 18
3799 19
3800 33
3801 20
3802 19
3803 18
3804 19
3805 19
3806 20
3807 19
3808 18
3809 18
3810 19
3811 19
3812 17
3813 19
3814 19
3815 18
3816 19
3817 18
3818 19
3819 18
3820 17
3821 18
3822 19
3823 17
3824 18
3825 18
3826 20
3827 19
3828 20
3829 22
3830 20
3831 34
3832 20
3833 19
3834 19
3835 18
3836 17
3837 19
3838 18
3839 17
3840 18
3841 18
3842 19
3843 20
3844 18
3845 18
3846 19
3847 20
3848 20
3849 18
3850 18
3851 18
3852 19
3853 18
3854 17
3855 17
3856 19
3857 19
3858 18
3859 18
3860 18
3861 18
3862 19
3863 17
3864 18
3865 19
3866 18
3867 18
3868 18
3869 17
3870 18
3871 17
3872 18
3873 18
3874 18
3875 21
3876 21
3877 23
3878 18
3879 19
3880 19
3881 17
3882 19
3883 18
3884 20
3885 21
3886 18
3887 17
3888 19
3889 19
3890 19
3891 18
3892 19
3893 18
3894 18
3895 18
3896 19
3897 17
3898 18
3899 19
3900 17
3901 18
3902 17
3903 18
3904 18
3905 18
3906 18
3907 18
3908 20
3909 18
3910 18
3911 17
3912 19
3913 18
3914 17
3915 19
3916 18
3917 20
3918 19
3919 18
3920 17
3921 19
3922 18
3923 57
3924 26
3925 22
3926 19
3927 21
3928 21
3929 18
3930 17
3931 17
3932 19
3933 17
3934 18
3935 18
3936 22
3937 19
3938 21
3939 19
3940 19
3941 18
3942 17
3943 18
3944 17
3945 18
3946 17
3947 18
3948 20
3949 19
3950 18
3951 19
3952 19
3953 18
3954 18
3955 18
3956 19
3957 18
3958 33
3959 21
3960 18
3961 18
3962 19
3963 18
3964 19
3965 19
3966 19
3967 20
3968 20
3969 22
3970 18
3971 19
3972 19
3973 18
3974 19
3975 18
3976 17
3977 18
3978 18
3979 18
3980 17
3981 17
3982 19
3983 20
3984 22
3985 19
3986 18
3987 18
3988 17
3989 17
3990 18
3991 17
3992 17
3993 17
3994 22
3995 20
3996 19
3997 17
3998 18
3999 18
4000 19
4001 17
4002 19
4003 19
4004 20
4005 18
4006 17
4007 18
4008 19
4009 19
4010 20
4011 19
4012 18
4013 18
4014 19
4015 20
4016 23
4017 20
4018 18
4019 18
4020 21
4021 19
4022 19
4023 18
4024 18
4025 21
4026 23
4027 18
4028 17
4029 19
4030 18
4031 19
4032 18
4033 18
4034 20
4035 19
4036 19
4037 18
4038 18
4039 18
4040 17
4041 19
4042 22
4043 19
4044 17
4045 17
4046 19
4047 18
4048 19
4049 18
4050 17
4051 18
4052 17
4053 19
4054 17
4055 18
4056 18
4057 19
4058 21
4059 18
4060 19
4061 18
4062 20
4063 18
4064 19
4065 19
4066 18
4067 17
4068 18
4069 17
4070 18
4071 18
4072 18
4073 20
4074 22
4075 20
4076 18
4077 18
4078 21
4079 20
4080 19
4081 18
4082 19
4083 19
4084 19
4085 18
4086 18
4087 17
4088 19
4089 21
4090 22
4091 21
4092 19
4093 19
4094 18
4095 18
4096 19
4097 18
4098 19
4099 21
4100 19
4101 20
4102 19
4103 19
4104 21
4105 19
4106 18
4107 19
4108 18
4109 17
4110 19
4111 19
4112 18
4113 20
4114 19
4115 21
4116 19
4117 19
4118 18
4119 20
4120 23
4121 18
4122 17
4123 18
4124 17
4125 19
4126 19
4127 18
4128 18
4129 17
4130 19
4131 18
4132 19
4133 18
4134 19
4135 33
4136 20
4137 18
4138 18
4139 20
4140 19
4141 18
4142 18
4143 18
4144 19
4145 33
4146 23
4147 18
4148 18
4149 18
4150 19
4151 18
4152 17
4153 19
4154 18
4155 20
4156 18
4157 18
4158 19
4159 18
4160 20
4161 22
4162 23
4163 19
4164 18
4165 17
4166 19
4167 18
4168 19
4169 19
4170 18
4171 19
4172 18
4173 19
4174 20
4175 19
4176 19
4177 24
4178 18
4179 17
4180 17
4181 17
4182 18
4183 18
4184 18
4185 18
4186 17
4187 19
4188 20
4189 19
4190 18
4191 18
4192 20
4193 22
4194 17
4195 18
4196 18
4197 17
4198 18
4199 19
4200 19
4201 17
4202 18
4203 18
4204 17
4205 17
4206 18
4207 17
4208 28
4209 19
4210 18
4211 18
4212 18
4213 18
4214 18
4215 19
4216 18
4217 18
4218 18
4219 18
4220 18
4221 18
4222 17
4223 18
4224 18
4225 17
4226 18
4227 17
4228 18
4229 18
4230 17
4231 18
4232 17
4233 18
4234 18
4235 18
4236 18
4237 18
4238 18
4239 19
4240 18
4241 27
4242 18
4243 18
4244 18
4245 18
4246 18
4247 18
4248 18
4249 18
4250 18
4251 18
4252 18
4253 19
4254 18
4255 17
4256 18
4257 19
4258 18
4259 17
4260 28
4261 18
4262 18
4263 18
4264 17
4265 18
4266 17
4267 18
4268 18
4269 17
4270 17
4271 18
4272 18
4273 17
4274 17
4275 18
4276 18
4277 17
4278 18
4279 17
4280 17
4281 18
4282 18
4283 17
4284 18
4285 17
4286 17
4287 18
4288 17
4289 18
4290 18
4291 17
4292 18
4293 18
4294 18
4295 17
4296 17
4297 18
4298 17
4299 18
4300 18
4301 17
4302 18
4303 18
4304 17
4305 17
4306 18
4307 18
4308 19
4309 17
4310 19
4311 18
4312 18
4313 18
4314 17
4315 18
4316 17
4317 18
4318 17
4319 17
4320 18
4321 18
4322 18
4323 17
4324 18
4325 18
4326 17
4327 18
4328 18
4329 18
4330 17
4331 18
4332 20
4333 18
4334 17
4335 17
4336 17
4337 17
4338 18
4339 17
4340 17
4341 17
4342 18
4343 17
4344 17
4345 17
4346 18
4347 19
4348 18
4349 17
4350 18
4351 19
4352 18
4353 17
4354 18
4355 17
4356 18
4357 19
4358 21
4359 18
4360 18
4361 17
4362 18
4363 18
4364 19
4365 18
4366 18
4367 18
4368 19
4369 19
4370 18
4371 19
4372 18
4373 18
4374 17
4375 18
4376 18
4377 18
4378 17
4379 17
4380 19
4381 18
4382 17
4383 19
4384 19
4385 18
4386 17
4387 18
4388 17
4389 18
4390 19
4391 19
4392 18
4393 18
4394 17
4395 18
4396 18
4397 18
4398 18
4399 18
4400 18
4401 18
4402 18
4403 17
4404 18
4405 18
4406 17
4407 18
4408 18
4409 23
4410 17
4411 18
4412 17
4413 18
4414 17
4415 17
4416 18
4417 17
4418 30
4419 20
4420 18
4421 18
4422 18
4423 18
4424 18
4425 17
4426 17
4427 17
4428 18
4429 19
4430 19
4431 18
4432 18
4433 21
4434 18
4435 38
4436 19
4437 19
4438 19
4439 18
4440 19
4441 20
4442 17
4443 17
4444 18
4445 17
4446 17
4447 18
4448 28
4449 20
4450 18
4451 18
4452 17
4453 18
4454 18
4455 17
4456 17
4457 17
4458 17
4459 18
4460 17
4461 17
4462 17
4463 17
4464 17
4465 19
4466 17
4467 18
4468 18
4469 17
4470 17
4471 17
4472 18
4473 20
4474 18
4475 18
4476 18
4477 17
4478 17
4479 17
4480 17
4481 17
4482 17
4483 17
4484 17
4485 17
4486 17
4487 18
4488 17
4489 18
4490 17
4491 17
4492 17
4493 17
4494 17
4495 17
4496 18
4497 17
4498 17
4499 17
4500 17
4501 17
4502 17
4503 17
4504 17
4505 18
4506 17
4507 17
4508 17
4509 18
4510 18
4511 18
4512 17
4513 17
4514 17
4515 17
4516 17
4517 17
4518 30
4519 18
4520 18
4521 19
4522 18
4523 17
4524 17
4525 17
4526 19
4527 17
4528 17
4529 17
4530 17
4531 17
4532 17
4533 17
4534 17
4535 17
4536 17
4537 18
4538 18
4539 17
4540 18
4541 17
4542 17
4543 17
4544 17
4545 17
4546 17
4547 17
4548 17
4549 18
4550 18
4551 18
4552 17
4553 17
4554 18
4555 17
4556 17
4557 17
4558 17
4559 17
4560 17
4561 17
4562 18
4563 17
4564 17
4565 18
4566 18
4567 18
4568 18
4569 18
4570 18
4571 17
4572 18
4573 17
4574 18
4575 17
4576 18
4577 17
4578 17
4579 18
4580 17
4581 17
4582 18
4583 20
4584 17
4585 18
4586 18
4587 17
4588 19
4589 18
4590 18
4591 17
4592 18
4593 18
4594 17
4595 18
4596 17
4597 17
4598 17
4599 18
4600 18
4601 19
4602 18
4603 18
4604 18
4605 17
4606 17
4607 18
4608 17
4609 18
4610 18
4611 19
4612 23
4613 20
4614 19
4615 22
4616 19
4617 20
4618 17
4619 18
4620 19
4621 19
4622 18
4623 19
4624 18
4625 19
4626 19
4627 18
4628 18
4629 17
4630 17
4631 18
4632 20
4633 18
4634 18
4635 17
4636 18
4637 19
4638 16
4639 17
4640 17
4641 18
4642 18
4643 19
4644 18
4645 18
4646 19
4647 19
4648 21
4649 24
4650 19
4651 19
4652 20
4653 19
4654 20
4655 19
4656 18
4657 19
4658 18
4659 18
4660 20
4661 19
4662 18
4663 44
4664 19
4665 29
4666 19
4667 22
4668 18
4669 19
4670 18
4671 18
4672 18
4673 19
4674 18
4675 19
4676 17
4677 19
4678 21
4679 20
4680 19
4681 18
4682 39
4683 20
4684 22
4685 19
4686 17
4687 21
4688 25
4689 21
4690 21
4691 19
4692 19
4693 18
4694 21
4695 20
4696 19
4697 20
4698 17
4699 19
4700 19
4701 19
4702 20
4703 25
4704 21
4705 19
4706 19
4707 21
4708 23
4709 21
4710 18
4711 17
4712 18
4713 17
4714 17
4715 17
4716 16
4717 17
4718 19
4719 19
4720 21
4721 18
4722 41
4723 24
4724 22
4725 19
4726 33
4727 21
4728 22
4729 26
4730 22
4731 24
4732 20
4733 19
4734 19
4735 19
4736 18
4737 17
4738 19
4739 18
4740 18
4741 18
4742 18
4743 18
4744 17
4745 18
4746 19
4747 23
4748 18
4749 21
4750 18
4751 18
4752 19
4753 17
4754 18
4755 19
4756 18
4757 18
4758 19
4759 19
4760 18
4761 17
4762 18
4763 18
4764 19
4765 18
4766 18
4767 17
4768 34
4769 19
4770 22
4771 17
4772 19
4773 19
4774 27
4775 19
4776 19
4777 19
4778 19
4779 21
4780 19
4781 17
4782 18
4783 19
4784 19
4785 18
4786 19
4787 19
4788 19
4789 18
4790 19
4791 18
4792 18
4793 28
4794 23
4795 17
4796 17
4797 18
4798 21
4799 18
4800 19
4801 18
4802 20
4803 18
4804 18
4805 18
4806 18
4807 19
4808 19
4809 19
4810 18
4811 19
4812 20
4813 19
4814 18
4815 19
4816 18
4817 19
4818 20
4819 18
4820 21
4821 21
4822 21
4823 19
4824 19
4825 17
4826 18
4827 18
4828 18
4829 20
4830 23
4831 18
4832 18
4833 18
4834 20
4835 23
4836 18
4837 18
4838 18
4839 20
4840 19
4841 19
4842 19
4843 17
4844 18
4845 21
4846 23
4847 19
4848 17
4849 17
4850 17
4851 19
4852 17
4853 19
4854 19
4855 18
4856 18
4857 22
4858 19
4859 19
4860 20
4861 18
4862 19
4863 19
4864 18
4865 19
4866 18
4867 18
4868 18
4869 20
4870 17
4871 17
4872 18
4873 18
4874 18
4875 18
4876 18
4877 22
4878 22
4879 27
4880 18
4881 18
4882 18
4883 19
4884 18
4885 18
4886 17
4887 19
4888 18
4889 18
4890 19
4891 17
4892 19
4893 22
4894 18
4895 18
4896 17
4897 18
4898 19
4899 18
4900 17
4901 18
4902 17
4903 18
4904 22
4905 18
4906 18
4907 17
4908 18
4909 17
4910 17
4911 18
4912 17
4913 17
4914 18
4915 18
4916 18
4917 17
4918 18
4919 33
4920 19
4921 26
4922 17
4923 17
4924 18
4925 18
4926 17
4927 17
4928 19
4929 33
4930 23
4931 17
4932 18
4933 18
4934 18
4935 17
4936 18
4937 18
4938 18
4939 17
4940 18
4941 18
4942 33
4943 21
4944 18
4945 18
4946 18
4947 31
4948 20
4949 19
4950 18
4951 17
4952 21
4953 20
4954 19
4955 18
4956 18
4957 18
4958 18
4959 18
4960 18
4961 17
4962 17
4963 20
4964 20
4965 18
4966 17
4967 18
4968 19
4969 23
4970 18
4971 18
4972 18
4973 19
4974 19
4975 18
4976 18
4977 17
4978 18
4979 20
4980 20
4981 18
4982 18
4983 18
4984 20
4985 20
4986 18
4987 20
4988 18
4989 21
4990 21
4991 19
4992 19
4993 18
4994 17
4995 18
4996 17
4997 17
4998 19
4999 19
5000 21
5001 21
5002 20
5003 18
5004 19
5005 18
5006 18
5007 19
5008 17
5009 19
5010 20
5011 24
5012 19
5013 18
5014 18
5015 20
5016 21
5017 17
5018 19
5019 18
5020 19
5021 19
5022 18
5023 18
5024 19
5025 19
5026 19
5027 20
5028 19
5029 18
5030 18
5031 19
5032 20
5033 20
5034 21
5035 19
5036 19
5037 19
5038 19
5039 18
5040 18
5041 18
5042 18
5043 18
5044 18
5045 19
5046 18
5047 29
5048 20
5049 19
5050 18
5051 36
5052 22
5053 21
5054 19
5055 18
5056 18
5057 18
5058 20
5059 18
5060 19
5061 19
5062 18
5063 20
5064 17
5065 18
5066 19
5067 20
5068 24
5069 18
5070 19
5071 18
5072 19
5073 18
5074 20
5075 20
5076 18
5077 19
5078 19
5079 18
5080 18
5081 18
5082 20
5083 20
5084 23
5085 19
5086 19
5087 38
5088 21
5089 18
5090 18
5091 18
5092 19
5093 19
5094 20
5095 19
5096 19
5097 18
5098 18
5099 25
5100 19
5101 19
5102 19
5103 19
5104 18
5105 18
5106 18
5107 18
5108 20
5109 23
5110 19
5111 18
5112 19
5113 19
5114 17
5115 19
5116 17
5117 18
5118 18
5119 18
5120 18
5121 18
5122 18
5123 18
5124 19
5125 42
5126 21
5127 23
5128 20
5129 18
5130 17
5131 19
5132 19
5133 17
5134 18
5135 17
5136 18
5137 19
5138 21
5139 23
5140 19
5141 18
5142 17
5143 18
5144 18
5145 17
5146 17
5147 18
5148 18
5149 20
5150 20
5151 24
5152 18
5153 19
5154 19
5155 19
5156 18
5157 19
5158 19
5159 18
5160 18
5161 19
5162 17
5163 18
5164 17
5165 19
5166 21
5167 21
5168 19
5169 20
5170 18
5171 19
5172 17
5173 18
5174 17
5175 18
5176 17
5177 18
5178 18
5179 17
5180 19
5181 19
5182 20
5183 19
5184 20
5185 19
5186 18
5187 18
5188 18
5189 18
5190 18
5191 18
5192 18
5193 17
5194 20
5195 19
5196 18
5197 35
5198 21
5199 21
5200 17
5201 18
5202 19
5203 17
5204 18
5205 18
5206 19
5207 17
5208 18
5209 18
5210 18
5211 18
5212 19
5213 19
5214 21
5215 17
5216 17
5217 17
5218 19
5219 18
5220 17
5221 18
5222 18
5223 18
5224 18
5225 18
5226 18
5227 17
5228 19
5229 22
5230 20
5231 18
5232 17
5233 32
5234 21
5235 19
5236 18
5237 18
5238 21
5239 21
5240 20
5241 17
5242 18
5243 18
5244 23
5245 19
5246 18
5247 18
5248 19
5249 19
5250 18
5251 19
5252 18
5253 18
5254 18
5255 18
5256 18
5257 20
5258 19
5259 18
5260 19
5261 19
5262 19
5263 18
5264 17
5265 19
5266 25
5267 20
5268 20
5269 19
5270 18
5271 18
5272 18
5273 17
5274 18
5275 19
5276 20
5277 18
5278 18
5279 18
5280 18
5281 19
5282 19
5283 18
5284 18
5285 17
5286 21
5287 20
5288 19
5289 18
5290 17
5291 32
5292 20
5293 20
5294 18
5295 18
5296 18
5297 18
5298 18
5299 17
5300 19
5301 19
5302 18
5303 18
5304 18
5305 17
5306 17
5307 18
5308 18
5309 18
5310 18
5311 19
5312 18
5313 22
5314 19
5315 18
5316 19
5317 19
5318 21
5319 18
5320 18
5321 19
5322 17
5323 18
5324 17
5325 19
5326 19
5327 18
5328 19
5329 17
5330 19
5331 18
5332 18
5333 19
5334 20
5335 20
5336 18
5337 18
5338 18
5339 18
5340 18
5341 18
5342 18
5343 18
5344 19
5345 19
5346 18
5347 19
5348 18
5349 19
5350 19
5351 19
5352 19
5353 18
5354 19
5355 18
5356 18
5357 18
5358 18
5359 18
5360 18
5361 17
5362 19
5363 18
5364 20
5365 18
5366 18
5367 19
5368 20
5369 18
5370 17
5371 18
5372 19
5373 17
5374 17
5375 19
5376 19
5377 19
5378 19
5379 18
5380 19
5381 18
5382 21
5383 20
5384 20
5385 20
5386 19
5387 24
5388 18
5389 18
5390 19
5391 19
5392 19
5393 19
5394 19
5395 19
5396 18
5397 18
5398 19
5399 18
5400 18
5401 19
5402 22
5403 20
5404 19
5405 19
5406 19
5407 18
5408 18
5409 18
5410 19
5411 19
5412 19
5413 23
5414 19
5415 17
5416 18
5417 17
5418 17
5419 17
5420 18
5421 17
5422 17
5423 18
5424 19
5425 18
5426 18
5427 18
5428 18
5429 17
5430 18
5431 18
5432 18
5433 18
5434 17
5435 18
5436 18
5437 20
5438 18
5439 18
5440 18
5441 18
5442 19
5443 18
5444 18
5445 19
5446 19
5447 18
5448 17
5449 17
5450 19
5451 19
5452 18
5453 17
5454 18
5455 18
5456 17
5457 17
5458 17
5459 17
5460 17
5461 17
5462 18
5463 18
5464 17
5465 18
5466 18
5467 17
5468 18
5469 18
5470 17
5471 18
5472 20
5473 18
5474 17
5475 17
5476 18
5477 18
5478 19
5479 17
5480 18
5481 17
5482 18
5483 18
5484 19
5485 18
5486 18
5487 17
5488 17
5489 18
5490 17
5491 17
5492 17
5493 17
5494 17
5495 17
5496 17
5497 17
5498 17
5499 17
5500 17
5501 18
5502 18
5503 17
5504 17
5505 18
5506 17
5507 17
5508 17
5509 17
5510 17
5511 17
5512 19
5513 17
5514 18
5515 18
5516 18
5517 18
5518 17
5519 17
5520 17
5521 17
5522 17
5523 18
5524 17
5525 18
5526 17
5527 17
5528 17
5529 19
5530 18
5531 17
5532 18
5533 17
5534 18
5535 17
5536 19
5537 17
5538 17
5539 17
5540 18
5541 17
5542 17
5543 17
5544 17
5545 18
5546 19
5547 18
5548 17
5549 17
5550 17
5551 16
5552 18
5553 17
5554 17
5555 17
5556 17
5557 17
5558 17
5559 17
5560 17
5561 17
5562 18
5563 20
5564 17
5565 17
5566 17
5567 18
5568 19
5569 18
5570 19
5571 17
5572 17
5573 17
5574 17
5575 17
5576 17
5577 19
5578 17
5579 18
5580 18
5581 19
5582 17
5583 18
5584 18
5585 17
5586 17
5587 17
5588 17
5589 17
5590 17
5591 17
5592 18
5593 18
5594 18
5595 17
5596 18
5597 18
5598 18
5599 18
5600 19
5601 19
5602 17
5603 17
5604 17
5605 17
5606 17
5607 19
5608 19
5609 18
5610 18
5611 18
5612 31
5613 19
5614 253
5615 19
5616 18
5617 18
5618 18
5619 17
5620 17
5621 17
5622 18
5623 30
5624 18
5625 20
5626 17
5627 17
5628 17
5629 17
5630 18
5631 19
5632 17
5633 18
5634 17
5635 17
5636 17
5637 17
5638 18
5639 17
5640 19
5641 18
5642 19
5643 18
5644 18
5645 18
5646 17
5647 17
5648 17
5649 18
5650 18
5651 22
5652 20
5653 18
5654 18
5655 20
5656 18
5657 17
5658 17
5659 18
5660 18
5661 18
5662 18
5663 18
5664 19
5665 18
5666 18
5667 19
5668 21
5669 18
5670 18
5671 18
5672 20
5673 19
5674 19
5675 19
5676 18
5677 18
5678 20
5679 19
5680 18
5681 17
5682 18
5683 18
5684 18
5685 18
5686 18
5687 17
5688 21
5689 18
5690 18
5691 17
5692 18
5693 17
5694 20
5695 21
5696 19
5697 19
5698 18
5699 18
5700 17
5701 18
5702 17
5703 17
5704 18
5705 17
5706 17
5707 18
5708 17
5709 18
5710 18
5711 18
5712 18
5713 17
5714 19
5715 18
5716 18
5717 18
5718 18
5719 17
5720 18
5721 17
5722 17
5723 17
5724 18
5725 17
5726 17
5727 19
5728 17
5729 18
5730 18
5731 18
5732 18
5733 17
5734 18
5735 17
5736 18
5737 17
5738 18
5739 18
5740 18
5741 18
5742 18
5743 18
5744 18
5745 19
5746 19
5747 18
5748 18
5749 18
5750 19
5751 18
5752 19
5753 17
5754 17
5755 17
5756 17
5757 18
5758 18
5759 18
5760 17
5761 18
5762 17
5763 17
5764 17
5765 18
5766 18
5767 17
5768 18
5769 18
5770 17
5771 18
5772 19
5773 18
5774 19
5775 18
5776 17
5777 17
5778 17
5779 22
5780 18
5781 18
5782 18
5783 20
5784 17
5785 18
5786 17
5787 17
5788 19
5789 18
5790 18
5791 18
5792 18
5793 18
5794 17
5795 17
5796 18
5797 17
5798 18
5799 19
5800 20
5801 20
5802 20
5803 20
5804 40
5805 19
5806 19
5807 19
5808 18
5809 19
5810 17
5811 19
5812 18
5813 18
5814 18
5815 18
5816 19
5817 17
5818 17
5819 18
5820 27
5821 24
5822 19
5823 19
5824 19
5825 19
5826 20
5827 18
5828 20
5829 21
5830 26
5831 21
5832 20
5833 19
5834 18
5835 20
5836 20
5837 20
5838 18
5839 20
5840 20
5841 19
5842 20
5843 17
5844 48
5845 23
5846 18
5847 23
5848 21
5849 18
5850 25
5851 19
5852 26
5853 20
5854 20
5855 19
5856 18
5857 20
5858 18
5859 19
5860 18
5861 17
5862 20
5863 21
5864 19
5865 18
5866 20
5867 20
5868 20
5869 17
5870 20
5871 20
5872 20
5873 19
5874 18
5875 18
5876 19
5877 18
5878 23
5879 21
5880 21
5881 20
5882 18
5883 19
5884 18
5885 20
5886 19
5887 19
5888 21
5889 21
5890 21
5891 19
5892 19
5893 22
5894 21
5895 20
5896 19
5897 17
5898 18
5899 20
5900 20
5901 19
5902 19
5903 21
5904 20
5905 20
5906 20
5907 19
5908 19
5909 21
5910 24
5911 22
5912 19
5913 19
5914 20
5915 23
5916 21
5917 17
5918 19
5919 18
5920 19
5921 17
5922 20
5923 19
5924 19
5925 18
5926 19
5927 19
5928 35
5929 20
5930 19
5931 19
5932 18
5933 18
5934 20
5935 21
5936 23
5937 20
5938 23
5939 20
5940 43
5941 20
5942 19
5943 19
5944 18
5945 19
5946 18
5947 18
5948 17
5949 19
5950 19
5951 18
5952 19
5953 19
5954 19
5955 18
5956 18
5957 19
5958 19
5959 22
5960 18
5961 18
5962 20
5963 21
5964 20
5965 17
5966 19
5967 19
5968 18
5969 20
5970 19
5971 19
5972 18
5973 19
5974 22
5975 19
5976 19
5977 18
5978 21
5979 20
5980 20
5981 18
5982 18
5983 19
5984 22
5985 22
5986 19
5987 20
5988 19
5989 20
5990 20
5991 20
5992 21
5993 19
5994 18
5995 19
5996 18
5997 19
5998 19
5999 22
6000 19
6001 18
6002 19
6003 19
6004 22
6005 20
6006 19
6007 20
6008 19
6009 20
6010 18
6011 20
6012 18
6013 20
6014 20
6015 17
6016 20
6017 19
6018 20
6019 19
6020 22
6021 18
6022 18
6023 18
6024 18
6025 18
6026 18
6027 17
6028 19
6029 20
6030 18
6031 18
6032 17
6033 18
6034 19
6035 18
6036 23
6037 19
6038 19
6039 23
6040 19
6041 19
6042 18
6043 18
6044 19
6045 21
6046 21
6047 20
6048 18
6049 19
6050 20
6051 20
6052 18
6053 18
6054 19
6055 19
6056 18
6057 18
6058 19
6059 19
6060 19
6061 19
6062 19
6063 18
6064 19
6065 20
6066 19
6067 19
6068 21
6069 20
6070 19
6071 20
6072 20
6073 18
6074 20
6075 19
6076 18
6077 18
6078 18
6079 19
6080 20
6081 18
6082 19
6083 20
6084 20
6085 18
6086 18
6087 20
6088 18
6089 18
6090 18
6091 18
6092 18
6093 20
6094 21
6095 17
6096 19
6097 18
6098 18
6099 19
6100 18
6101 19
6102 18
6103 19
6104 23
6105 28
6106 20
6107 18
6108 19
6109 18
6110 19
6111 18
6112 18
6113 20
6114 21
6115 19
6116 20
6117 19
6118 18
6119 18
6120 17
6121 17
6122 17
6123 18
6124 21
6125 19
6126 19
6127 19
6128 18
6129 19
6130 18
6131 18
6132 19
6133 18
6134 19
6135 18
6136 17
6137 19
6138 18
6139 18
6140 23
6141 19
6142 18
6143 19
6144 18
6145 20
6146 18
6147 19
6148 18
6149 19
6150 19
6151 22
6152 18
6153 20
6154 18
6155 17
6156 22
6157 20
6158 19
6159 19
6160 20
6161 21
6162 20
6163 17
6164 18
6165 18
6166 22
6167 19
6168 18
6169 18
6170 19
6171 18
6172 18
6173 17
6174 19
6175 19
6176 19
6177 18
6178 19
6179 18
6180 18
6181 18
6182 18
6183 18
6184 19
6185 18
6186 20
6187 18
6188 19
6189 18
6190 19
6191 19
6192 19
6193 17
6194 18
6195 18
6196 17
6197 19
6198 18
6199 18
6200 19
6201 17
6202 18
6203 18
6204 19
6205 19
6206 18
6207 19
6208 19
6209 18
6210 18
6211 19
6212 18
6213 17
6214 18
6215 18
6216 24
6217 18
6218 20
6219 18
6220 18
6221 19
6222 19
6223 19
6224 18
6225 18
6226 18
6227 20
6228 18
6229 18
6230 20
6231 19
6232 18
6233 18
6234 18
6235 17
6236 18
6237 18
6238 18
6239 19
6240 19
6241 18
6242 19
6243 18
6244 18
6245 21
6246 20
6247 22
6248 20
6249 19
6250 19
6251 20
6252 19
6253 18
6254 18
6255 18
6256 18
6257 18
6258 17
6259 18
6260 18
6261 19
6262 19
6263 17
6264 19
6265 18
6266 17
6267 19
6268 20
6269 22
6270 20
6271 19
6272 18
6273 19
6274 27
6275 20
6276 19
6277 18
6278 18
6279 17
6280 18
6281 18
6282 20
6283 24
6284 19
6285 19
6286 18
6287 19
6288 18
6289 18
6290 18
6291 17
6292 19
6293 17
6294 19
6295 18
6296 17
6297 18
6298 19
6299 18
6300 17
6301 18
6302 18
6303 18
6304 20
6305 19
6306 18
6307 17
6308 17
6309 18
6310 19
6311 19
6312 17
6313 18
6314 20
6315 18
6316 17
6317 19
6318 17
6319 18
6320 18
6321 17
6322 18
6323 18
6324 27
6325 17
6326 20
6327 21
6328 20
6329 17
6330 17
6331 22
6332 18
6333 18
6334 19
6335 18
6336 19
6337 18
6338 17
6339 18
6340 18
6341 19
6342 18
6343 17
6344 18
6345 18
6346 18
6347 23
6348 21
6349 18
6350 17
6351 17
6352 19
6353 18
6354 19
6355 17
6356 17
6357 17
6358 20
6359 19
6360 18
6361 17
6362 18
6363 20
6364 20
6365 18
6366 18
6367 18
6368 18
6369 17
6370 18
6371 17
6372 17
6373 18
6374 17
6375 18
6376 17
6377 18
6378 18
6379 17
6380 17
6381 18
6382 18
6383 17
6384 18
6385 18
6386 17
6387 17
6388 22
6389 17
6390 18
6391 18
6392 17
6393 17
6394 17
6395 19
6396 18
6397 20
6398 18
6399 17
6400 17
6401 17
6402 18
6403 18
6404 18
6405 17
6406 18
6407 20
6408 18
6409 17
6410 17
6411 18
6412 17
6413 17
6414 17
6415 17
6416 18
6417 19
6418 21
6419 19
6420 18
6421 17
6422 19
6423 18
6424 17
6425 17
6426 18
6427 17
6428 19
6429 20
6430 20
6431 18
6432 18
6433 18
6434 20
6435 18
6436 18
6437 18
6438 17
6439 17
6440 18
6441 17
6442 17
6443 17
6444 17
6445 17
6446 18
6447 34
6448 20
6449 19
6450 17
6451 18
6452 24
6453 17
6454 17
6455 17
6456 17
6457 18
6458 18
6459 18
6460 17
6461 18
6462 17
6463 17
6464 18
6465 17
6466 18
6467 18
6468 18
6469 18
6470 18
6471 17
6472 18
6473 17
6474 19
6475 21
6476 18
6477 17
6478 18
6479 19
6480 18
6481 18
6482 38
6483 23
6484 21
6485 17
6486 18
6487 18
6488 17
6489 18
6490 17
6491 18
6492 19
6493 17
6494 18
6495 19
6496 17
6497 17
6498 20
6499 20
6500 19
6501 17
6502 17
6503 18
6504 17
6505 17
6506 17
6507 18
6508 20
6509 21
6510 19
6511 20
6512 18
6513 19
6514 19
6515 19
6516 23
6517 18
6518 19
6519 19
6520 19
6521 17
6522 18
6523 17
6524 18
6525 22
6526 19
6527 17
6528 17
6529 21
6530 18
6531 17
6532 18
6533 18
6534 19
6535 20
6536 20
6537 18
6538 18
6539 18
6540 19
6541 23
6542 18
6543 17
6544 18
6545 21
6546 22
6547 19
6548 17
6549 18
6550 18
6551 19
6552 18
6553 17
6554 17
6555 17
6556 18
6557 17
6558 17
6559 18
6560 18
6561 18
6562 19
6563 19
6564 19
6565 19
6566 18
6567 20
6568 20
6569 19
6570 18
6571 18
6572 19
6573 19
6574 17
6575 18
6576 18
6577 17
6578 17
6579 18
6580 23
6581 19
6582 33
6583 21
6584 18
6585 17
6586 18
6587 17
6588 17
6589 17
6590 17
6591 17
6592 17
6593 18
6594 18
6595 18
6596 18
6597 17
6598 19
6599 17
6600 18
6601 18
6602 17
6603 18
6604 19
6605 18
6606 17
6607 18
6608 17
6609 18
6610 18
6611 18
6612 18
6613 17
6614 17
6615 20
6616 20
6617 22
6618 19
6619 17
6620 18
6621 19
6622 17
6623 18
6624 17
6625 17
6626 17
6627 17
6628 17
6629 17
6630 17
6631 17
6632 17
6633 17
6634 17
6635 17
6636 17
6637 17
6638 18
6639 17
6640 18
6641 17
6642 18
6643 17
6644 19
6645 17
6646 18
6647 18
6648 18
6649 17
6650 18
6651 18
6652 18
6653 17
6654 18
6655 18
6656 18
6657 17
6658 18
6659 17
6660 17
6661 18
6662 19
6663 17
6664 17
6665 18
6666 18
6667 18
6668 18
6669 18
6670 17
6671 17
6672 17
6673 17
6674 17
6675 17
6676 18
6677 19
6678 18
6679 17
6680 17
6681 17
6682 17
6683 17
6684 17
6685 17
6686 18
6687 17
6688 17
6689 17
6690 17
6691 17
6692 18
6693 18
6694 19
6695 17
6696 17
6697 17
6698 18
6699 17
6700 17
6701 17
6702 17
6703 17
6704 27
6705 18
6706 18
6707 17
6708 20
6709 17
6710 17
6711 18
6712 18
6713 17
6714 17
6715 17
6716 17
6717 17
6718 17
6719 17
6720 17
6721 18
6722 19
6723 17
6724 17
6725 17
6726 17
6727 17
6728 17
6729 17
6730 17
6731 17
6732 17
6733 17
6734 18
6735 18
6736 18
6737 17
6738 18
6739 18
6740 18
6741 18
6742 17
6743 18
6744 18
6745 17
6746 17
6747 17
6748 18
6749 17
6750 18
6751 17
6752 18
6753 17
6754 17
6755 20
6756 17
6757 17
6758 18
6759 17
6760 17
6761 17
6762 18
6763 18
6764 17
6765 17
6766 19
6767 21
6768 18
6769 17
6770 18
6771 18
6772 21
6773 17
6774 17
6775 17
6776 18
6777 21
6778 18
6779 18
6780 17
6781 17
6782 18
6783 18
6784 17
6785 17
6786 17
6787 17
6788 18
6789 20
6790 18
6791 17
6792 18
6793 28
6794 19
6795 22
6796 18
6797 17
6798 17
6799 16
6800 18
6801 17
6802 17
6803 17
6804 17
6805 17
6806 17
6807 16
6808 18
6809 18
6810 18
6811 19
6812 19
6813 17
6814 17
6815 19
6816 18
6817 18
6818 17
6819 17
6820 17
6821 17
6822 17
6823 17
6824 17
6825 17
6826 26
6827 19
6828 18
6829 17
6830 17
6831 17
6832 17
6833 17
6834 18
6835 17
6836 21
6837 18
6838 25
6839 19
6840 18
6841 18
6842 19
6843 17
6844 18
6845 18
6846 17
6847 17
6848 20
6849 19
6850 18
6851 19
6852 20
6853 19
6854 22
6855 18
6856 19
6857 19
6858 18
6859 17
6860 18
6861 17
6862 18
6863 17
6864 19
6865 18
6866 18
6867 30
6868 45
6869 35
6870 34
6871 30
6872 34
6873 34
6874 34
6875 35
6876 35
6877 34
6878 30
6879 34
6880 34
6881 34
6882 34
6883 33
6884 34
6885 34
6886 33
6887 34
6888 33
6889 34
6890 35
6891 32
6892 32
6893 35
6894 34
6895 34
6896 33
6897 34
6898 30
6899 34
6900 34
6901 33
6902 38
6903 33
6904 31
6905 33
6906 32
6907 33
6908 35
6909 34
6910 34
6911 33
6912 34
6913 33
6914 34
6915 31
6916 34
6917 35
6918 33
6919 19
6920 18
6921 33
6922 30
6923 1517
6924 53
6925 21
6926 19
6927 20
6928 18
6929 18
6930 19
6931 18
6932 18
6933 18
6934 19
6935 19
6936 18
6937 20
6938 22
6939 18
6940 18
6941 19
6942 19
6943 26
6944 23
6945 20
6946 63
6947 20
6948 18
6949 19
6950 19
6951 18
6952 18
6953 17
6954 18
6955 17
6956 17
6957 18
6958 18
6959 19
6960 17
6961 17
6962 18
6963 18
6964 18
6965 28
6966 20
6967 24
6968 17
6969 18
6970 18
6971 18
6972 19
6973 19
6974 18
6975 18
6976 17
6977 18
6978 18
6979 19
6980 18
6981 18
6982 17
6983 17
6984 17
6985 17
6986 17
6987 17
6988 17
6989 17
6990 17
6991 18
6992 18
6993 28
6994 18
6995 18
6996 17
6997 18
6998 17
6999 18
7000 17
7001 17
7002 18
7003 18
7004 18
7005 18
7006 18
7007 18
7008 18
7009 19
7010 40
7011 21
7012 18
7013 19
7014 17
7015 17
7016 17
7017 18
7018 17
7019 17
7020 18
7021 17
7022 19
7023 17
7024 18
7025 17
7026 17
7027 241
7028 18
7029 18
7030 17
7031 52
7032 19
7033 19
7034 17
7035 18
7036 19
7037 16
7038 17
7039 18
7040 18
7041 17
7042 18
7043 17
7044 17
7045 17
7046 17
7047 18
7048 18
7049 18
7050 18
7051 18
7052 18
7053 17
7054 17
7055 17
7056 17
7057 17
7058 18
7059 19
7060 18
7061 18
7062 18
7063 17
7064 17
7065 17
7066 18
7067 17
7068 17
7069 17
7070 17
7071 18
7072 17
7073 17
7074 17
7075 19
7076 17
7077 17
7078 17
7079 17
7080 27
7081 18
7082 18
7083 17
7084 17
7085 17
7086 17
7087 17
7088 17
7089 17
7090 17
7091 17
7092 17
7093 17
7094 17
7095 18
7096 18
7097 18
7098 18
7099 17
7100 18
7101 17
7102 17
7103 17
7104 17
7105 17
7106 17
7107 17
7108 19
7109 19
7110 18
7111 17
7112 17
7113 17
7114 18
7115 18
7116 18
7117 17
7118 17
7119 18
7120 17
7121 17
7122 17
7123 17
7124 18
7125 17
7126 17
7127 17
7128 17
7129 17
7130 18
7131 18
7132 17
7133 18
7134 17
7135 22
7136 17
7137 18
7138 17
7139 17
7140 17
7141 17
7142 18
7143 17
7144 26
7145 18
7146 18
7147 18
7148 19
7149 19
7150 18
7151 18
7152 17
7153 18
7154 18
7155 18
7156 18
7157 18
7158 18
7159 17
7160 18
7161 18
7162 17
7163 17
7164 17
7165 17
7166 17
7167 17
7168 17
7169 18
7170 17
7171 17
7172 17
7173 17
7174 17
7175 18
7176 18
7177 18
7178 18
7179 17
7180 17
7181 17
7182 17
7183 17
7184 17
7185 17
7186 17
7187 17
7188 17
7189 17
7190 17
7191 18
7192 19
7193 18
7194 18
7195 18
7196 18
7197 17
7198 18
7199 18
7200 17
7201 17
7202 17
7203 17
7204 17
7205 17
7206 17
7207 17
7208 17
7209 17
7210 17
7211 17
7212 17
7213 17
7214 17
7215 19
7216 18
7217 18
7218 18
7219 17
7220 17
7221 17
7222 18
7223 17
7224 17
7225 17
7226 17
7227 18
7228 17
7229 17
7230 17
7231 20
7232 17
7233 17
7234 19
7235 19
7236 18
7237 17
7238 18
7239 18
7240 18
7241 18
7242 17
7243 19
7244 17
7245 18
7246 17
7247 17
7248 17
7249 17
7250 18
7251 18
7252 18
7253 17
7254 19
7255 18
7256 17
7257 17
7258 17
7259 17
7260 19
7261 17
7262 17
7263 18
7264 18
7265 19
7266 17
7267 18
7268 18
7269 18
7270 18
7271 18
7272 18
7273 18
7274 18
7275 17
7276 18
7277 18
7278 18
7279 17
7280 17
7281 17
7282 18
7283 18
7284 18
7285 17
7286 17
7287 17
7288 17
7289 18
7290 17
7291 18
7292 17
7293 18
7294 16
7295 18
7296 17
7297 18
7298 17
7299 18
7300 20
7301 19
7302 17
7303 18
7304 17
7305 18
7306 17
7307 17
7308 17
7309 18
7310 19
7311 18
7312 18
7313 18
7314 17
7315 28
7316 18
7317 17
7318 17
7319 20
7320 18
7321 20
7322 25
7323 22
7324 19
7325 18
7326 18
7327 20
7328 18
7329 19
7330 19
7331 20
7332 24
7333 25
7334 19
7335 19
7336 18
7337 20
7338 18
7339 20
7340 20
7341 20
7342 20
7343 19
7344 19
7345 20
7346 19
7347 18
7348 20
7349 20
7350 18
7351 18
7352 20
7353 20
7354 21
7355 21
7356 19
7357 20
7358 43
7359 21
7360 22
7361 20
7362 23
7363 20
7364 18
7365 23
7366 19
7367 25
7368 18
7369 22
7370 21
7371 19
7372 19
7373 21
7374 23
7375 22
7376 19
7377 19
7378 19
7379 20
7380 18
7381 19
7382 19
7383 22
7384 26
7385 22
7386 21
7387 19
7388 23
7389 19
7390 21
7391 20
7392 18
7393 20
7394 19
7395 18
7396 18
7397 18
7398 21
7399 50
7400 22
7401 21
7402 19
7403 20
7404 20
7405 20
7406 18
7407 19
7408 18
7409 18
7410 18
7411 18
7412 19
7413 17
7414 20
7415 19
7416 20
7417 20
7418 18
7419 20
7420 17
7421 19
7422 18
7423 19
7424 18
7425 35
7426 21
7427 21
7428 22
7429 21
7430 21
7431 20
7432 20
7433 19
7434 18
7435 20
7436 18
7437 20
7438 19
7439 18
7440 18
7441 18
7442 19
7443 22
7444 22
7445 19
7446 19
7447 21
7448 24
7449 18
7450 19
7451 19
7452 21
7453 19
7454 18
7455 18
7456 19
7457 20
7458 20
7459 19
7460 18
7461 18
7462 35
7463 20
7464 18
7465 19
7466 17
7467 17
7468 20
7469 20
7470 19
7471 19
7472 19
7473 22
7474 20
7475 19
7476 18
7477 19
7478 18
7479 20
7480 19
7481 18
7482 19
7483 19
7484 19
7485 18
7486 19
7487 19
7488 18
7489 19
7490 19
7491 18
7492 48
7493 20
7494 21
7495 23
7496 17
7497 18
7498 17
7499 19
7500 17
7501 19
7502 17
7503 22
7504 24
7505 19
7506 20
7507 21
7508 22
7509 18
7510 19
7511 18
7512 19
7513 18
7514 19
7515 18
7516 20
7517 19
7518 18
7519 19
7520 19
7521 18
7522 17
7523 17
7524 20
7525 51
7526 20
7527 18
7528 18
7529 18
7530 18
7531 18
7532 17
7533 19
7534 20
7535 19
7536 19
7537 19
7538 18
7539 20
7540 18
7541 20
7542 19
7543 17
7544 18
7545 18
7546 18
7547 19
7548 19
7549 17
7550 18
7551 18
7552 17
7553 21
7554 20
7555 19
7556 19
7557 20
7558 18
7559 17
7560 18
7561 18
7562 17
7563 19
7564 19
7565 18
7566 19
7567 17
7568 19
7569 18
7570 21
7571 20
7572 20
7573 19
7574 19
7575 29
7576 21
7577 19
7578 19
7579 20
7580 20
7581 21
7582 17
7583 18
7584 19
7585 21
7586 18
7587 19
7588 18
7589 18
7590 19
7591 20
7592 18
7593 18
7594 17
7595 18
7596 18
7597 19
7598 19
7599 19
7600 18
7601 18
7602 19
7603 18
7604 18
7605 18
7606 19
7607 19
7608 19
7609 17
7610 19
7611 21
7612 22
7613 20
7614 17
7615 20
7616 17
7617 18
7618 17
7619 17
7620 17
7621 17
7622 18
7623 23
7624 18
7625 18
7626 17
7627 18
7628 17
7629 17
7630 18
7631 17
7632 17
7633 19
7634 20
7635 17
7636 18
7637 19
7638 21
7639 30
7640 19
7641 18
7642 17
7643 18
7644 18
7645 18
7646 18
7647 17
7648 19
7649 17
7650 17
7651 18
7652 18
7653 19
7654 19
7655 24
7656 20
7657 18
7658 18
7659 19
7660 24
7661 19
7662 19
7663 17
7664 17
7665 18
7666 18
7667 17
7668 18
7669 17
7670 18
7671 18
7672 19
7673 17
7674 18
7675 35
7676 20
7677 18
7678 17
7679 17
7680 18
7681 19
7682 17
7683 17
7684 17
7685 19
7686 18
7687 19
7688 18
7689 19
7690 18
7691 18
7692 21
7693 971
7694 29
7695 22
7696 18
7697 19
7698 20
7699 18
7700 17
7701 37
7702 23
7703 20
7704 18
7705 19
7706 18
7707 35
7708 22
7709 21
7710 20
7711 19
7712 19
7713 18
7714 19
7715 18
7716 19
7717 19
7718 18
7719 19
7720 18
7721 19
7722 18
7723 18
7724 18
7725 18
7726 18
7727 18
7728 18
7729 18
7730 18
7731 18
7732 20
7733 18
7734 19
7735 18
7736 20
7737 19
7738 18
7739 19
7740 18
7741 18
7742 18
7743 18
7744 20
7745 19
7746 19
7747 21
7748 20
7749 18
7750 19
7751 20
7752 18
7753 19
7754 18
7755 17
7756 21
7757 19
7758 20
7759 19
7760 19
7761 20
7762 17
7763 18
7764 18
7765 19
7766 20
7767 19
7768 18
7769 21
7770 19
7771 18
7772 19
7773 18
7774 17
7775 18
7776 18
7777 19
7778 18
7779 19
7780 17
7781 18
7782 19
7783 18
7784 20
7785 20
7786 19
7787 20
7788 19
7789 18
7790 17
7791 19
7792 19
7793 19
7794 19
7795 19
7796 20
7797 21
7798 20
7799 18
7800 19
7801 20
7802 18
7803 18
7804 18
7805 19
7806 18
7807 20
7808 20
7809 19
7810 17
7811 20
7812 25
7813 19
7814 18
7815 18
7816 18
7817 18
7818 19
7819 18
7820 42
7821 18
7822 21
7823 17
7824 17
7825 18
7826 19
7827 18
7828 18
7829 18
7830 18
7831 19
7832 18
7833 19
7834 20
7835 19
7836 18
7837 17
7838 17
7839 17
7840 19
7841 20
7842 17
7843 19
7844 20
7845 19
7846 18
7847 18
7848 19
7849 18
7850 19
7851 18
7852 19
7853 17
7854 18
7855 17
7856 17
7857 18
7858 18
7859 19
7860 18
7861 18
7862 20
7863 18
7864 22
7865 19
7866 19
7867 17
7868 18
7869 20
7870 26
7871 19
7872 20
7873 36
7874 19
7875 20
7876 18
7877 18
7878 19
7879 19
7880 19
7881 19
7882 18
7883 19
7884 18
7885 18
7886 19
7887 20
7888 19
7889 18
7890 17
7891 17
7892 17
7893 18
7894 19
7895 19
7896 21
7897 22
7898 19
7899 18
7900 18
7901 17
7902 17
7903 18
7904 19
7905 17
7906 18
7907 19
7908 21
7909 19
7910 19
7911 18
7912 19
7913 17
7914 18
7915 17
7916 19
7917 20
7918 24
7919 17
7920 19
7921 18
7922 17
7923 18
7924 17
7925 18
7926 19
7927 18
7928 18
7929 18
7930 17
7931 18
7932 18
7933 33
7934 20
7935 19
7936 19
7937 18
7938 19
7939 19
7940 18
7941 18
7942 20
7943 30
7944 21
7945 19
7946 18
7947 19
7948 19
7949 19
7950 18
7951 19
7952 18
7953 18
7954 17
7955 19
7956 18
7957 18
7958 20
7959 19
7960 23
7961 18
7962 18
7963 19
7964 21
7965 24
7966 19
7967 19
7968 18
7969 19
7970 20
7971 18
7972 19
7973 18
7974 18
7975 19
7976 19
7977 19
7978 19
7979 20
7980 23
7981 21
7982 19
7983 18
7984 19
7985 20
7986 22
7987 19
7988 19
7989 19
7990 21
7991 18
7992 18
7993 17
7994 22
7995 23
7996 20
7997 18
7998 19
7999 19
8000 21
8001 19
8002 18
8003 18
8004 20
8005 18
8006 19
8007 17
8008 19
8009 19
8010 20
8011 20
8012 20
8013 19
8014 18
8015 19
8016 18
8017 18
8018 18
8019 18
8020 19
8021 19
8022 19
8023 18
8024 18
8025 19
8026 22
8027 20
8028 21
8029 19
8030 18
8031 20
8032 21
8033 18
8034 19
8035 18
8036 21
8037 23
8038 18
8039 18
8040 19
8041 19
8042 18
8043 20
8044 18
8045 20
8046 19
8047 18
8048 19
8049 19
8050 18
8051 18
8052 17
8053 20
8054 18
8055 18
8056 17
8057 18
8058 17
8059 19
8060 20
8061 19
8062 18
8063 18
8064 18
8065 18
8066 17
8067 18
8068 19
8069 19
8070 17
8071 17
8072 18
8073 18
8074 17
8075 18
8076 17
8077 17
8078 17
8079 18
8080 17
8081 18
8082 17
8083 18
8084 29
8085 18
8086 17
8087 17
8088 17
8089 17
8090 19
8091 17
8092 18
8093 17
8094 17
8095 17
8096 17
8097 18
8098 17
8099 17
8100 18
8101 19
8102 17
8103 17
8104 17
8105 17
8106 27
8107 19
8108 17
8109 17
8110 17
8111 17
8112 17
8113 18
8114 17
8115 17
8116 18
8117 17
8118 17
8119 17
8120 17
8121 17
8122 18
8123 18
8124 18
8125 17
8126 17
8127 18
8128 17
8129 17
8130 26
8131 17
8132 17
8133 17
8134 17
8135 17
8136 17
8137 18
8138 18
8139 17
8140 17
8141 17
8142 17
8143 18
8144 17
8145 18
8146 19
8147 19
8148 17
8149 17
8150 18
8151 17
8152 18
8153 17
8154 17
8155 17
8156 26
8157 18
8158 27
8159 19
8160 18
8161 18
8162 18
8163 17
8164 17
8165 17
8166 18
8167 18
8168 19
8169 18
8170 18
8171 17
8172 17
8173 17
8174 17
8175 17
8176 17
8177 17
8178 17
8179 17
8180 17
8181 17
8182 17
8183 18
8184 19
8185 17
8186 18
8187 18
8188 17
8189 17
8190 17
8191 17
8192 17
8193 17
8194 17
8195 18
8196 18
8197 17
8198 17
8199 18
8200 17
8201 18
8202 18
8203 18
8204 19
8205 17
8206 17
8207 18
8208 17
8209 17
8210 18
8211 17
8212 19
8213 19
8214 19
8215 18
8216 17
8217 29
8218 19
8219 18
8220 18
8221 18
8222 16
8223 18
8224 18
8225 17
8226 17
8227 17
8228 18
8229 17
8230 19
8231 18
8232 18
8233 18
8234 19
8235 18
8236 18
8237 17
8238 17
8239 17
8240 18
8241 17
8242 17
8243 17
8244 17
8245 17
8246 17
8247 18
8248 17
8249 18
8250 29
8251 19
8252 17
8253 18
8254 18
8255 18
8256 20
8257 19
8258 19
8259 18
8260 18
8261 18
8262 17
8263 17
8264 18
8265 17
8266 18
8267 18
8268 17
8269 17
8270 17
8271 17
8272 17
8273 17
8274 17
8275 17
8276 17
8277 17
8278 17
8279 17
8280 26
8281 18
8282 17
8283 17
8284 17
8285 17
8286 18
8287 17
8288 18
8289 17
8290 17
8291 18
8292 17
8293 17
8294 17
8295 19
8296 20
8297 18
8298 17
8299 19
8300 19
8301 18
8302 18
8303 18
8304 18
8305 18
8306 18
8307 17
8308 18
8309 19
8310 18
8311 20
8312 19
8313 18
8314 20
8315 18
8316 21
8317 20
8318 18
8319 18
8320 39
8321 21
8322 19
8323 18
8324 18
8325 18
8326 18
8327 18
8328 18
8329 18
8330 18
8331 17
8332 19
8333 19
8334 21
8335 17
8336 18
8337 17
8338 17
8339 17
8340 17
8341 17
8342 19
8343 20
8344 18
8345 17
8346 18
8347 17
8348 17
8349 17
8350 18
8351 18
8352 18
8353 18
8354 17
8355 17
8356 17
8357 18
8358 18
8359 17
8360 18
8361 17
8362 18
8363 18
8364 18
8365 19
8366 18
8367 18
8368 18
8369 17
8370 17
8371 17
8372 17
8373 18
8374 19
8375 18
8376 17
8377 18
8378 18
8379 18
8380 21
8381 18
8382 20
8383 18
8384 18
8385 19
8386 18
8387 19
8388 18
8389 17
8390 18
8391 28
8392 19
8393 18
8394 17
8395 17
8396 18
8397 18
8398 17
8399 17
8400 17
8401 17
8402 17
8403 17
8404 17
8405 18
8406 18
8407 17
8408 18
8409 19
8410 17
8411 18
8412 18
8413 17
8414 19
8415 18
8416 18
8417 18
8418 18
8419 19
8420 19
8421 17
8422 17
8423 18
8424 18
8425 18
8426 18
8427 18
8428 17
8429 17
8430 17
8431 18
8432 17
8433 18
8434 17
8435 17
8436 17
8437 18
8438 18
8439 18
8440 17
8441 18
8442 19
8443 20
8444 18
8445 18
8446 17
8447 17
8448 18
8449 18
8450 17
8451 18
8452 18
8453 20
8454 18
8455 17
8456 17
8457 17
8458 17
8459 18
8460 17
8461 17
8462 17
8463 28
8464 18
8465 17
8466 17
8467 17
8468 17
8469 18
8470 17
8471 17
8472 17
8473 20
8474 17
8475 17
8476 21
8477 18
8478 17
8479 17
8480 17
8481 17
8482 17
8483 17
8484 17
8485 17
8486 17
8487 16
8488 17
8489 17
8490 17
8491 18
8492 27
8493 20
8494 19
8495 17
8496 17
8497 17
8498 17
8499 18
8500 17
8501 17
8502 17
8503 18
8504 18
8505 18
8506 17
8507 17
8508 18
8509 18
8510 25
8511 17
8512 17
8513 17
8514 19
8515 20
8516 18
8517 17
8518 18
8519 18
8520 17
8521 24
8522 18
8523 18
8524 18
8525 19
8526 19
8527 17
8528 17
8529 17
8530 17
8531 17
8532 19
8533 17
8534 21
8535 19
8536 17
8537 17
8538 17
8539 18
8540 20
8541 18
8542 17
8543 17
8544 17
8545 17
8546 17
8547 18
8548 19
8549 18
8550 18
8551 17
8552 19
8553 18
8554 17
8555 17
8556 17
8557 17
8558 17
8559 17
8560 17
8561 17
8562 17
8563 17
8564 17
8565 17
8566 17
8567 17
8568 17
8569 27
8570 18
8571 18
8572 17
8573 17
8574 17
8575 18
8576 18
8577 18
8578 17
8579 17
8580 18
8581 19
8582 17
8583 17
8584 17
8585 17
8586 17
8587 17
8588 17
8589 17
8590 17
8591 18
8592 17
8593 17
8594 17
8595 18
8596 18
8597 19
8598 18
8599 18
8600 17
8601 17
8602 17
8603 17
8604 22
8605 17
8606 17
8607 17
8608 17
8609 17
8610 17
8611 17
8612 16
8613 17
8614 17
8615 17
8616 17
8617 17
8618 18
8619 17
8620 28
8621 18
8622 17
8623 17
8624 17
8625 17
8626 17
8627 16
8628 17
8629 25
8630 20
8631 18
8632 18
8633 18
8634 17
8635 17
8636 17
8637 17
8638 17
8639 18
8640 27
8641 19
8642 18
8643 17
8644 17
8645 17
8646 17
8647 17
8648 17
8649 17
8650 17
8651 17
8652 18
8653 17
8654 17
8655 17
8656 17
8657 17
8658 17
8659 17
8660 18
8661 17
8662 18
8663 18
8664 19
8665 18
8666 18
8667 18
8668 21
8669 17
8670 18
8671 17
8672 17
8673 17
8674 17
8675 17
8676 18
8677 18
8678 17
8679 28
8680 19
8681 17
8682 17
8683 17
8684 17
8685 17
8686 137
8687 24
8688 18
8689 17
8690 17
8691 18
8692 18
8693 19
8694 17
8695 34
8696 18
8697 18
8698 18
8699 18
8700 20
8701 19
8702 17
8703 17
8704 16
8705 17
8706 18
8707 17
8708 17
8709 17
8710 17
8711 18
8712 16
8713 17
8714 17
8715 17
8716 17
8717 17
8718 17
8719 17
8720 17
8721 17
8722 17
8723 17
8724 18
8725 17
8726 19
8727 18
8728 17
8729 18
8730 17
8731 18
8732 18
8733 17
8734 18
8735 17
8736 17
8737 17
8738 18
8739 18
8740 19
8741 19
8742 17
8743 17
8744 18
8745 18
8746 19
8747 18
8748 17
8749 17
8750 18
8751 18
8752 19
8753 18
8754 17
8755 17
8756 18
8757 18
8758 17
8759 17
8760 17
8761 17
8762 18
8763 18
8764 18
8765 18
8766 17
8767 18
8768 18
8769 17
8770 17
8771 17
8772 18
8773 18
8774 19
8775 21
8776 21
8777 17
8778 18
8779 17
8780 18
8781 19
8782 19
8783 19
8784 18
8785 17
8786 17
8787 19
8788 19
8789 20
8790 19
8791 19
8792 18
8793 17
8794 17
8795 19
8796 18
8797 18
8798 20
8799 17
8800 17
8801 18
8802 20
8803 19
8804 18
8805 18
8806 18
8807 19
8808 18
8809 18
8810 20
8811 19
8812 18
8813 22
8814 19
8815 19
8816 19
8817 19
8818 18
8819 18
8820 17
8821 18
8822 19
8823 18
8824 16
8825 17
8826 17
8827 17
8828 17
8829 18
8830 18
8831 18
8832 18
8833 19
8834 17
8835 18
8836 20
8837 21
8838 23
8839 18
8840 18
8841 18
8842 18
8843 18
8844 23
8845 19
8846 17
8847 19
8848 18
8849 18
8850 17
8851 17
8852 17
8853 17
8854 18
8855 18
8856 33
8857 17
8858 17
8859 21
8860 18
8861 17
8862 17
8863 17
8864 17
8865 17
8866 18
8867 17
8868 17
8869 17
8870 17
8871 17
8872 17
8873 17
8874 17
8875 17
8876 17
8877 17
8878 17
8879 17
8880 17
8881 18
8882 19
8883 18
8884 18
8885 17
8886 17
8887 17
8888 18
8889 17
8890 17
8891 17
8892 18
8893 19
8894 18
8895 18
8896 17
8897 18
8898 18
8899 18
8900 18
8901 17
8902 17
8903 17
8904 18
8905 19
8906 18
8907 18
8908 18
8909 18
8910 17
8911 18
8912 18
8913 17
8914 17
8915 17
8916 19
8917 18
8918 18
8919 18
8920 27
8921 18
8922 17
8923 17
8924 18
8925 17
8926 17
8927 17
8928 17
8929 17
8930 17
8931 17
8932 17
8933 17
8934 17
8935 17
8936 17
8937 18
8938 18
8939 18
8940 17
8941 17
8942 28
8943 19
8944 18
8945 17
8946 17
8947 17
8948 17
8949 17
8950 18
8951 17
8952 18
8953 17
8954 18
8955 18
8956 17
8957 18
8958 17
8959 25
8960 18
8961 18
8962 17
8963 17
8964 18
8965 19
8966 18
8967 17
8968 18
8969 18
8970 17
8971 17
8972 18
8973 18
8974 17
8975 18
8976 18
8977 17
8978 17
8979 17
8980 17
8981 17
8982 18
8983 18
8984 17
8985 17
8986 17
8987 18
8988 20
8989 18
8990 17
8991 18
8992 19
8993 18
8994 17
8995 17
8996 17
8997 18
8998 18
8999 18
9000 18
9001 18
9002 18
9003 17
9004 17
9005 18
9006 17
9007 17
9008 18
9009 19
9010 20
9011 18
9012 19
9013 17
9014 18
9015 18
9016 18
9017 18
9018 18
9019 19
9020 17
9021 18
9022 18
9023 18
9024 17
9025 18
9026 19
9027 18
9028 18
9029 20
9030 38
9031 34
9032 24
9033 20
9034 22
9035 28
9036 19
9037 20
9038 19
9039 21
9040 18
9041 20
9042 20
9043 19
9044 19
9045 18
9046 19
9047 19
9048 19
9049 20
9050 24
9051 19
9052 20
9053 19
9054 20
9055 18
9056 18
9057 18
9058 20
9059 19
9060 20
9061 21
9062 20
9063 20
9064 18
9065 20
9066 20
9067 20
9068 19
9069 18
9070 19
9071 19
9072 18
9073 18
9074 19
9075 21
9076 20
9077 19
9078 19
9079 19
9080 19
9081 20
9082 18
9083 20
9084 19
9085 18
9086 18
9087 20
9088 18
9089 20
9090 19
9091 19
9092 20
9093 20
9094 18
9095 18
9096 19
9097 21
9098 18
9099 20
9100 19
9101 18
9102 19
9103 19
9104 18
9105 19
9106 18
9107 19
9108 19
9109 21
9110 20
9111 19
9112 19
9113 19
9114 20
9115 18
9116 18
9117 21
9118 23
9119 22
9120 20
9121 19
9122 21
9123 20
9124 20
9125 19
9126 18
9127 19
9128 18
9129 18
9130 18
9131 19
9132 18
9133 19
9134 19
9135 18
9136 17
9137 19
9138 18
9139 18
9140 19
9141 18
9142 19
9143 17
9144 18
9145 19
9146 18
9147 22
9148 20
9149 21
9150 22
9151 20
9152 19
9153 19
9154 20
9155 17
9156 19
9157 17
9158 23
9159 19
9160 21
9161 18
9162 18
9163 19
9164 18
9165 17
9166 18
9167 18
9168 19
9169 18
9170 19
9171 18
9172 18
9173 18
9174 18
9175 18
9176 18
9177 17
9178 17
9179 19
9180 19
9181 20
9182 20
9183 21
9184 19
9185 18
9186 18
9187 18
9188 18
9189 18
9190 18
9191 17
9192 19
9193 21
9194 20
9195 19
9196 18
9197 28
9198 20
9199 19
9200 21
9201 21
9202 20
9203 19
9204 17
9205 19
9206 20
9207 19
9208 19
9209 18
9210 18
9211 19
9212 18
9213 19
9214 18
9215 18
9216 18
9217 19
9218 19
9219 19
9220 19
9221 17
9222 17
9223 17
9224 20
9225 18
9226 19
9227 18
9228 18
9229 21
9230 18
9231 37
9232 22
9233 19
9234 19
9235 17
9236 21
9237 19
9238 19
9239 19
9240 18
9241 18
9242 19
9243 20
9244 19
9245 18
9246 19
9247 19
9248 19
9249 17
9250 19
9251 20
9252 19
9253 18
9254 18
9255 17
9256 18
9257 19
9258 19
9259 19
9260 24
9261 19
9262 18
9263 18
9264 18
9265 18
9266 18
9267 17
9268 19
9269 19
9270 20
9271 19
9272 18
9273 18
9274 21
9275 20
9276 17
9277 18
9278 19
9279 19
9280 18
9281 18
9282 18
9283 18
9284 19
9285 17
9286 19
9287 18
9288 17
9289 19
9290 24
9291 19
9292 20
9293 19
9294 18
9295 18
9296 18
9297 18
9298 20
9299 21
9300 24
9301 18
9302 18
9303 20
9304 20
9305 20
9306 20
9307 19
9308 20
9309 19
9310 18
9311 20
9312 19
9313 20
9314 19
9315 19
9316 19
9317 19
9318 18
9319 18
9320 20
9321 19
9322 20
9323 22
9324 18
9325 19
9326 18
9327 19
9328 19
9329 20
9330 34
9331 22
9332 19
9333 18
9334 23
9335 17
9336 17
9337 17
9338 18
9339 18
9340 20
9341 23
9342 18
9343 18
9344 19
9345 17
9346 18
9347 18
9348 17
9349 17
9350 17
9351 19
9352 21
9353 20
9354 17
9355 18
9356 19
9357 18
9358 19
9359 17
9360 17
9361 17
9362 21
9363 20
9364 66
9365 19
9366 17
9367 21
9368 20
9369 18
9370 19
9371 18
9372 19
9373 19
9374 20
9375 17
9376 19
9377 19
9378 18
9379 18
9380 18
9381 19
9382 19
9383 18
9384 20
9385 19
9386 18
9387 17
9388 19
9389 18
9390 20
9391 19
9392 19
9393 18
9394 18
9395 18
9396 18
9397 18
9398 21
9399 18
9400 34
9401 23
9402 19
9403 18
9404 19
9405 19
9406 18
9407 17
9408 29
9409 20
9410 19
9411 18
9412 18
9413 18
9414 23
9415 20
9416 19
9417 18
9418 18
9419 18
9420 17
9421 18
9422 17
9423 18
9424 18
9425 20
9426 19
9427 20
9428 18
9429 20
9430 19
9431 18
9432 18
9433 17
9434 19
9435 22
9436 19
9437 17
9438 18
9439 18
9440 17
9441 18
9442 18
9443 19
9444 19
9445 19
9446 23
9447 19
9448 18
9449 20
9450 19
9451 19
9452 20
9453 17
9454 18
9455 29
9456 20
9457 20
9458 19
9459 18
9460 19
9461 17
9462 19
9463 20
9464 18
9465 18
9466 18
9467 17
9468 17
9469 19
9470 18
9471 21
9472 23
9473 21
9474 19
9475 18
9476 21
9477 23
9478 19
9479 18
9480 18
9481 17
9482 18
9483 19
9484 20
9485 19
9486 18
9487 18
9488 18
9489 19
9490 18
9491 18
9492 18
9493 17
9494 19
9495 17
9496 18
9497 18
9498 19
9499 28
9500 19
9501 18
9502 17
9503 19
9504 18
9505 17
9506 17
9507 18
9508 18
9509 18
9510 20
9511 21
9512 20
9513 19
9514 18
9515 26
9516 17
9517 18
9518 17
9519 17
9520 17
9521 17
9522 17
9523 17
9524 20
9525 21
9526 20
9527 19
9528 17
9529 17
9530 19
9531 21
9532 18
9533 18
9534 19
9535 21
9536 18
9537 19
9538 18
9539 18
9540 17
9541 20
9542 18
9543 19
9544 19
9545 19
9546 18
9547 18
9548 18
9549 18
9550 18
9551 20
9552 18
9553 19
9554 19
9555 19
9556 18
9557 20
9558 19
9559 20
9560 18
9561 19
9562 20
9563 19
9564 17
9565 18
9566 19
9567 22
9568 18
9569 18
9570 18
9571 17
9572 18
9573 18
9574 19
9575 17
9576 19
9577 23
9578 19
9579 21
9580 17
9581 17
9582 19
9583 19
9584 18
9585 18
9586 17
9587 18
9588 19
9589 18
9590 19
9591 20
9592 18
9593 21
9594 19
9595 19
9596 18
9597 18
9598 17
9599 18
9600 18
9601 18
9602 18
9603 17
9604 21
9605 19
9606 19
9607 19
9608 19
9609 18
9610 18
9611 19
9612 20
9613 18
9614 20
9615 36
9616 19
9617 19
9618 18
9619 18
9620 19
9621 18
9622 18
9623 18
9624 18
9625 18
9626 18
9627 17
9628 18
9629 17
9630 18
9631 20
9632 19
9633 18
9634 17
9635 21
9636 20
9637 18
9638 18
9639 17
9640 18
9641 17
9642 17
9643 17
9644 18
9645 19
9646 18
9647 19
9648 17
9649 18
9650 19
9651 18
9652 18
9653 19
9654 19
9655 18
9656 18
9657 18
9658 19
9659 20
9660 19
9661 17
9662 17
9663 18
9664 20
9665 19
9666 18
9667 18
9668 18
9669 18
9670 18
9671 18
9672 18
9673 20
9674 21
9675 19
9676 19
9677 18
9678 18
9679 23
9680 20
9681 18
9682 18
9683 21
9684 25
9685 33
9686 19
9687 17
9688 19
9689 18
9690 18
9691 18
9692 18
9693 18
9694 17
9695 18
9696 18
9697 17
9698 17
9699 18
9700 18
9701 19
9702 18
9703 18
9704 18
9705 17
9706 21
9707 21
9708 20
9709 18
9710 17
9711 17
9712 18
9713 18
9714 19
9715 17
9716 18
9717 18
9718 18
9719 20
9720 19
9721 18
9722 17
9723 18
9724 18
9725 35
9726 22
9727 20
9728 18
9729 18
9730 18
9731 18
9732 18
9733 19
9734 18
9735 27
9736 19
9737 20
9738 18
9739 19
9740 19
9741 18
9742 17
9743 18
9744 20
9745 18
9746 19
9747 22
9748 20
9749 20
9750 19
9751 22
9752 22
9753 22
9754 20
9755 18
9756 18
9757 18
9758 19
9759 19
9760 19
9761 20
9762 22
9763 19
9764 19
9765 19
9766 19
9767 17
9768 18
9769 18
9770 19
9771 33
9772 21
9773 19
9774 17
9775 18
9776 20
9777 22
9778 19
9779 19
9780 18
9781 19
9782 18
9783 17
9784 18
9785 17
9786 19
9787 17
9788 17
9789 18
9790 17
9791 17
9792 18
9793 18
9794 18
9795 18
9796 17
9797 18
9798 18
9799 20
9800 21
9801 19
9802 17
9803 19
9804 19
9805 18
9806 18
9807 18
9808 31
9809 20
9810 19
9811 18
9812 17
9813 19
9814 22
9815 18
9816 17
9817 17
9818 18
9819 18
9820 17
9821 17
9822 18
9823 17
9824 17
9825 18
9826 17
9827 17
9828 18
9829 18
9830 17
9831 17
9832 18
9833 18
9834 17
9835 17
9836 17
9837 17
9838 18
9839 17
9840 17
9841 17
9842 18
9843 18
9844 17
9845 18
9846 17
9847 17
9848 18
9849 17
9850 18
9851 18
9852 18
9853 17
9854 18
9855 20
9856 18
9857 17
9858 17
9859 18
9860 18
9861 18
9862 18
9863 17
9864 17
9865 18
9866 18
9867 18
9868 17
9869 18
9870 18
9871 18
9872 18
9873 17
9874 18
9875 19
9876 17
9877 18
9878 17
9879 17
9880 17
9881 17
9882 18
9883 17
9884 18
9885 17
9886 18
9887 18
9888 18
9889 17
9890 17
9891 18
9892 18
9893 18
9894 18
9895 17
9896 17
9897 18
9898 17
9899 18
9900 17
9901 17
9902 18
9903 18
9904 18
9905 17
9906 17
9907 18
9908 17
9909 18
9910 18
9911 18
9912 17
9913 19
9914 19
9915 18
9916 18
9917 18
9918 17
9919 17
9920 18
9921 17
9922 17
9923 17
9924 27
9925 19
9926 18
9927 17
9928 17
9929 17
9930 17
9931 17
9932 17
9933 18
9934 17
9935 18
9936 17
9937 17
9938 17
9939 17
9940 18
9941 18
9942 19
9943 18
9944 17
9945 18
9946 18
9947 17
9948 17
9949 17
9950 18
9951 18
9952 17
9953 19
9954 18
9955 19
9956 17
9957 27
9958 18
9959 18
9960 18
9961 17
9962 19
9963 18
9964 17
9965 17
9966 17
9967 18
9968 18
9969 18
9970 18
9971 17
9972 17
9973 18
9974 20
9975 17
9976 18
9977 18
9978 18
9979 18
9980 18
9981 17
9982 17
9983 18
9984 17
9985 19
9986 17
9987 18
9988 19
9989 17
9990 17
9991 18
9992 17
9993 17
9994 18
9995 17
9996 17
9997 18
9998 17
9999 18
