0 73
1 19
2 18
3 17
4 17
5 18
6 18
7 17
8 18
9 18
10 18
11 17
12 17
13 18
14 17
15 18
16 18
17 18
18 18
19 18
20 17
21 42
22 18
23 18
24 17
25 17
26 19
27 18
28 17
29 17
30 17
31 17
32 17
33 17
34 17
35 17
36 17
37 17
38 18
39 17
40 17
41 17
42 17
43 17
44 18
45 18
46 17
47 17
48 17
49 18
50 18
51 17
52 17
53 17
54 18
55 19
56 18
57 18
58 17
59 17
60 18
61 18
62 18
63 17
64 17
65 17
66 18
67 18
68 18
69 18
70 18
71 17
72 18
73 18
74 17
75 18
76 18
77 18
78 18
79 18
80 18
81 17
82 18
83 17
84 17
85 17
86 17
87 17
88 18
89 17
90 17
91 17
92 17
93 17
94 17
95 17
96 17
97 17
98 17
99 17
100 17
101 18
102 18
103 18
104 17
105 17
106 17
107 17
108 17
109 17
110 17
111 17
112 17
113 17
114 17
115 17
116 17
117 17
118 18
119 17
120 18
121 18
122 18
123 18
124 17
125 17
126 17
127 17
128 17
129 18
130 18
131 17
132 17
133 17
134 18
135 17
136 17
137 17
138 17
139 17
140 17
141 18
142 17
143 17
144 17
145 17
146 17
147 17
148 17
149 17
150 17
151 17
152 17
153 17
154 17
155 17
156 17
157 17
158 17
159 17
160 17
161 17
162 17
163 17
164 17
165 17
166 17
167 17
168 17
169 17
170 17
171 17
172 17
173 17
174 17
175 18
176 17
177 18
178 18
179 17
180 17
181 17
182 17
183 17
184 18
185 17
186 18
187 17
188 18
189 17
190 18
191 17
192 17
193 18
194 17
195 18
196 18
197 17
198 17
199 17
200 17
201 30
202 17
203 18
204 18
205 17
206 17
207 17
208 18
209 17
210 17
211 17
212 17
213 17
214 17
215 17
216 17
217 17
218 17
219 17
220 17
221 17
222 17
223 17
224 18
225 17
226 17
227 17
228 18
229 18
230 18
231 18
232 19
233 19
234 18
235 17
236 18
237 19
238 18
239 18
240 17
241 17
242 17
243 19
244 17
245 19
246 17
247 18
248 19
249 19
250 19
251 20
252 18
253 18
254 19
255 17
256 18
257 18
258 17
259 18
260 17
261 17
262 17
263 17
264 20
265 18
266 17
267 18
268 17
269 18
270 18
271 18
272 18
273 18
274 17
275 19
276 18
277 18
278 18
279 18
280 17
281 17
282 18
283 17
284 18
285 18
286 18
287 17
288 19
289 19
290 19
291 18
292 18
293 18
294 18
295 18
296 18
297 18
298 18
299 19
300 18
301 18
302 20
303 18
304 18
305 18
306 19
307 19
308 18
309 17
310 20
311 18
312 17
313 18
314 17
315 18
316 17
317 19
318 18
319 20
320 18
321 19
322 18
323 18
324 19
325 20
326 18
327 18
328 17
329 18
330 19
331 18
332 18
333 19
334 18
335 19
336 19
337 18
338 17
339 18
340 17
341 19
342 19
343 18
344 19
345 18
346 19
347 17
348 18
349 18
350 19
351 19
352 18
353 19
354 18
355 18
356 19
357 19
358 19
359 20
360 18
361 18
362 18
363 18
364 18
365 19
366 19
367 18
368 18
369 19
370 18
371 18
372 19
373 18
374 18
375 18
376 30
377 18
378 17
379 17
380 17
381 17
382 18
383 17
384 18
385 17
386 17
387 17
388 18
389 18
390 17
391 17
392 17
393 17
394 17
395 17
396 18
397 17
398 17
399 17
400 17
401 17
402 17
403 17
404 17
405 17
406 17
407 17
408 17
409 17
410 17
411 17
412 17
413 17
414 17
415 17
416 17
417 17
418 17
419 17
420 17
421 17
422 17
423 17
424 17
425 17
426 17
427 17
428 17
429 17
430 17
431 17
432 17
433 17
434 17
435 17
436 17
437 17
438 18
439 17
440 17
441 17
442 17
443 17
444 17
445 17
446 17
447 17
448 17
449 18
450 17
451 17
452 17
453 17
454 17
455 17
456 17
457 17
458 20
459 17
460 17
461 17
462 17
463 17
464 17
465 17
466 17
467 17
468 16
469 17
470 17
471 17
472 17
473 17
474 17
475 17
476 17
477 17
478 18
479 17
480 17
481 17
482 17
483 17
484 17
485 18
486 17
487 18
488 18
489 18
490 18
491 17
492 17
493 17
494 17
495 17
496 17
497 17
498 17
499 17
500 17
501 18
502 17
503 17
504 17
505 17
506 17
507 17
508 17
509 17
510 17
511 17
512 17
513 17
514 17
515 18
516 18
517 17
518 18
519 18
520 17
521 18
522 19
523 17
524 17
525 17
526 17
527 17
528 17
529 17
530 17
531 17
532 17
533 17
534 17
535 17
536 17
537 17
538 17
539 17
540 17
541 17
542 18
543 18
544 17
545 17
546 17
547 17
548 18
549 17
550 17
551 17
552 18
553 17
554 17
555 17
556 17
557 271
558 23
559 17
560 18
561 17
562 18
563 17
564 17
565 17
566 17
567 17
568 17
569 17
570 17
571 17
572 18
573 18
574 17
575 17
576 17
577 17
578 17
579 17
580 17
581 17
582 17
583 17
584 17
585 17
586 18
587 18
588 18
589 18
590 17
591 17
592 17
593 17
594 17
595 17
596 17
597 17
598 17
599 17
600 17
601 17
602 17
603 17
604 17
605 17
606 17
607 18
608 17
609 18
610 17
611 17
612 18
613 17
614 17
615 17
616 17
617 17
618 17
619 17
620 17
621 17
622 18
623 17
624 18
625 17
626 17
627 17
628 17
629 17
630 17
631 18
632 18
633 17
634 17
635 17
636 17
637 17
638 17
639 17
640 17
641 18
642 17
643 17
644 17
645 17
646 17
647 17
648 17
649 17
650 17
651 17
652 17
653 17
654 16
655 17
656 17
657 17
658 17
659 17
660 17
661 17
662 18
663 18
664 18
665 18
666 17
667 17
668 17
669 17
670 17
671 18
672 18
673 18
674 17
675 17
676 17
677 17
678 17
679 17
680 18
681 18
682 18
683 18
684 17
685 17
686 18
687 17
688 17
689 17
690 17
691 17
692 17
693 17
694 18
695 17
696 17
697 17
698 17
699 17
700 17
701 17
702 17
703 17
704 18
705 18
706 18
707 17
708 17
709 17
710 17
711 18
712 17
713 17
714 17
715 17
716 17
717 17
718 17
719 18
720 17
721 17
722 17
723 17
724 17
725 17
726 17
727 20
728 18
729 17
730 18
731 17
732 17
733 17
734 17
735 17
736 17
737 17
738 17
739 17
740 17
741 17
742 17
743 17
744 17
745 17
746 17
747 17
748 17
749 17
750 17
751 17
752 17
753 18
754 17
755 17
756 17
757 17
758 17
759 17
760 17
761 17
762 17
763 17
764 18
765 17
766 17
767 17
768 17
769 17
770 17
771 17
772 17
773 17
774 17
775 17
776 18
777 17
778 18
779 17
780 17
781 17
782 17
783 17
784 17
785 18
786 18
787 18
788 17
789 17
790 17
791 17
792 18
793 18
794 17
795 17
796 17
797 19
798 17
799 17
800 17
801 17
802 17
803 17
804 17
805 17
806 17
807 17
808 17
809 17
810 17
811 17
812 18
813 17
814 17
815 17
816 17
817 17
818 17
819 17
820 17
821 17
822 17
823 17
824 17
825 17
826 17
827 17
828 17
829 17
830 17
831 18
832 18
833 17
834 17
835 17
836 18
837 17
838 17
839 17
840 18
841 17
842 17
843 17
844 17
845 17
846 17
847 17
848 17
849 19
850 17
851 17
852 17
853 17
854 17
855 17
856 17
857 17
858 17
859 17
860 17
861 19
862 18
863 17
864 17
865 17
866 17
867 17
868 18
869 16
870 17
871 17
872 17
873 17
874 17
875 17
876 17
877 18
878 17
879 17
880 17
881 17
882 17
883 17
884 17
885 17
886 17
887 17
888 17
889 17
890 17
891 17
892 17
893 17
894 17
895 18
896 17
897 17
898 17
899 17
900 17
901 18
902 17
903 17
904 17
905 17
906 17
907 17
908 17
909 30
910 17
911 17
912 17
913 17
914 17
915 17
916 17
917 17
918 17
919 17
920 17
921 17
922 18
923 17
924 18
925 20
926 17
927 18
928 18
929 17
930 17
931 18
932 18
933 18
934 17
935 17
936 18
937 18
938 17
939 18
940 17
941 17
942 17
943 17
944 17
945 17
946 17
947 17
948 17
949 17
950 17
951 17
952 17
953 17
954 17
955 17
956 17
957 17
958 17
959 17
960 17
961 17
962 17
963 17
964 18
965 17
966 17
967 17
968 17
969 18
970 18
971 17
972 17
973 17
974 17
975 17
976 17
977 17
978 17
979 17
980 17
981 17
982 17
983 17
984 17
985 17
986 17
987 17
988 17
989 19
990 17
991 17
992 17
993 17
994 17
995 17
996 17
997 18
998 17
999 17
1000 17
1001 17
1002 17
1003 18
1004 17
1005 17
1006 17
1007 17
1008 17
1009 17
1010 17
1011 18
1012 17
1013 17
1014 17
1015 17
1016 17
1017 17
1018 16
1019 17
1020 17
1021 17
1022 17
1023 17
1024 17
1025 17
1026 17
1027 17
1028 17
1029 17
1030 17
1031 17
1032 17
1033 17
1034 17
1035 17
1036 17
1037 17
1038 17
1039 17
1040 17
1041 17
1042 17
1043 17
1044 17
1045 17
1046 17
1047 17
1048 17
1049 17
1050 17
1051 17
1052 17
1053 19
1054 17
1055 17
1056 17
1057 17
1058 17
1059 17
1060 17
1061 17
1062 17
1063 18
1064 17
1065 17
1066 17
1067 17
1068 17
1069 17
1070 17
1071 17
1072 17
1073 17
1074 17
1075 17
1076 17
1077 17
1078 17
1079 17
1080 18
1081 18
1082 18
1083 17
1084 17
1085 17
1086 17
1087 17
1088 18
1089 17
1090 18
1091 26
1092 17
1093 17
1094 17
1095 17
1096 17
1097 17
1098 17
1099 17
1100 17
1101 17
1102 17
1103 17
1104 17
1105 17
1106 18
1107 18
1108 17
1109 17
1110 17
1111 17
1112 17
1113 17
1114 18
1115 17
1116 17
1117 19
1118 17
1119 17
1120 17
1121 18
1122 17
1123 17
1124 18
1125 17
1126 17
1127 17
1128 17
1129 17
1130 17
1131 17
1132 17
1133 17
1134 17
1135 17
1136 17
1137 17
1138 18
1139 17
1140 17
1141 17
1142 17
1143 17
1144 17
1145 17
1146 17
1147 17
1148 17
1149 18
1150 17
1151 17
1152 17
1153 17
1154 17
1155 17
1156 17
1157 17
1158 17
1159 17
1160 17
1161 17
1162 17
1163 17
1164 17
1165 17
1166 17
1167 17
1168 17
1169 17
1170 17
1171 17
1172 17
1173 17
1174 17
1175 17
1176 18
1177 17
1178 17
1179 17
1180 17
1181 19
1182 17
1183 17
1184 17
1185 17
1186 17
1187 17
1188 17
1189 17
1190 17
1191 17
1192 17
1193 17
1194 17
1195 16
1196 18
1197 18
1198 18
1199 17
1200 17
1201 17
1202 17
1203 17
1204 17
1205 18
1206 17
1207 18
1208 18
1209 18
1210 17
1211 17
1212 18
1213 17
1214 17
1215 17
1216 17
1217 17
1218 17
1219 18
1220 17
1221 17
1222 17
1223 17
1224 17
1225 17
1226 17
1227 17
1228 17
1229 17
1230 17
1231 18
1232 17
1233 17
1234 18
1235 17
1236 17
1237 17
1238 18
1239 17
1240 17
1241 17
1242 17
1243 17
1244 17
1245 19
1246 17
1247 17
1248 17
1249 16
1250 17
1251 17
1252 17
1253 17
1254 17
1255 17
1256 17
1257 17
1258 17
1259 18
1260 17
1261 17
1262 17
1263 17
1264 17
1265 17
1266 18
1267 17
1268 17
1269 17
1270 17
1271 17
1272 17
1273 18
1274 17
1275 17
1276 17
1277 17
1278 17
1279 17
1280 17
1281 17
1282 17
1283 17
1284 17
1285 17
1286 17
1287 17
1288 17
1289 17
1290 17
1291 17
1292 17
1293 17
1294 17
1295 17
1296 17
1297 17
1298 17
1299 17
1300 17
1301 17
1302 17
1303 18
1304 17
1305 17
1306 18
1307 17
1308 17
1309 19
1310 17
1311 17
1312 18
1313 17
1314 17
1315 18
1316 18
1317 18
1318 17
1319 18
1320 17
1321 17
1322 17
1323 17
1324 17
1325 17
1326 17
1327 17
1328 17
1329 18
1330 17
1331 18
1332 17
1333 17
1334 17
1335 17
1336 17
1337 17
1338 17
1339 17
1340 17
1341 17
1342 17
1343 17
1344 17
1345 17
1346 18
1347 17
1348 17
1349 17
1350 17
1351 17
1352 17
1353 17
1354 16
1355 17
1356 17
1357 17
1358 17
1359 17
1360 17
1361 17
1362 17
1363 17
1364 17
1365 17
1366 17
1367 17
1368 17
1369 17
1370 18
1371 18
1372 17
1373 19
1374 17
1375 18
1376 17
1377 17
1378 17
1379 18
1380 17
1381 17
1382 17
1383 17
1384 18
1385 17
1386 17
1387 16
1388 17
1389 17
1390 17
1391 17
1392 17
1393 17
1394 16
1395 17
1396 17
1397 17
1398 17
1399 17
1400 17
1401 17
1402 17
1403 17
1404 17
1405 17
1406 17
1407 17
1408 17
1409 17
1410 17
1411 17
1412 17
1413 16
1414 17
1415 17
1416 17
1417 17
1418 17
1419 17
1420 17
1421 17
1422 17
1423 18
1424 17
1425 17
1426 17
1427 17
1428 17
1429 17
1430 16
1431 18
1432 17
1433 18
1434 16
1435 17
1436 17
1437 19
1438 17
1439 17
1440 17
1441 17
1442 17
1443 17
1444 17
1445 17
1446 17
1447 17
1448 17
1449 17
1450 17
1451 17
1452 17
1453 17
1454 25
1455 18
1456 17
1457 17
1458 18
1459 17
1460 17
1461 17
1462 17
1463 17
1464 17
1465 17
1466 17
1467 17
1468 17
1469 17
1470 17
1471 17
1472 17
1473 17
1474 17
1475 17
1476 17
1477 17
1478 17
1479 18
1480 17
1481 17
1482 17
1483 17
1484 17
1485 17
1486 17
1487 17
1488 17
1489 17
1490 17
1491 17
1492 17
1493 16
1494 18
1495 18
1496 18
1497 17
1498 17
1499 17
1500 17
1501 20
1502 18
1503 17
1504 17
1505 17
1506 17
1507 17
1508 17
1509 17
1510 17
1511 17
1512 18
1513 17
1514 17
1515 18
1516 17
1517 17
1518 17
1519 17
1520 17
1521 17
1522 17
1523 17
1524 17
1525 18
1526 17
1527 18
1528 17
1529 17
1530 17
1531 17
1532 17
1533 17
1534 17
1535 17
1536 17
1537 17
1538 17
1539 17
1540 16
1541 17
1542 17
1543 17
1544 17
1545 17
1546 17
1547 17
1548 17
1549 17
1550 18
1551 17
1552 17
1553 17
1554 17
1555 17
1556 17
1557 17
1558 17
1559 17
1560 17
1561 17
1562 17
1563 18
1564 18
1565 20
1566 17
1567 17
1568 17
1569 17
1570 17
1571 17
1572 17
1573 17
1574 17
1575 18
1576 17
1577 17
1578 17
1579 17
1580 17
1581 18
1582 17
1583 17
1584 17
1585 17
1586 17
1587 17
1588 17
1589 17
1590 17
1591 17
1592 16
1593 17
1594 17
1595 17
1596 17
1597 17
1598 17
1599 17
1600 17
1601 17
1602 17
1603 18
1604 17
1605 17
1606 17
1607 17
1608 17
1609 18
1610 18
1611 17
1612 17
1613 17
1614 17
1615 17
1616 16
1617 17
1618 17
1619 17
1620 17
1621 17
1622 17
1623 18
1624 18
1625 17
1626 17
1627 17
1628 17
1629 19
1630 17
1631 17
1632 17
1633 17
1634 17
1635 17
1636 25
1637 17
1638 17
1639 17
1640 17
1641 17
1642 17
1643 17
1644 17
1645 17
1646 17
1647 17
1648 17
1649 17
1650 18
1651 17
1652 17
1653 17
1654 17
1655 17
1656 17
1657 18
1658 17
1659 17
1660 17
1661 17
1662 17
1663 18
1664 18
1665 17
1666 17
1667 17
1668 17
1669 18
1670 17
1671 17
1672 17
1673 17
1674 17
1675 17
1676 17
1677 17
1678 17
1679 18
1680 17
1681 17
1682 17
1683 17
1684 17
1685 17
1686 17
1687 17
1688 17
1689 17
1690 17
1691 17
1692 17
1693 19
1694 17
1695 17
1696 17
1697 17
1698 17
1699 17
1700 17
1701 17
1702 17
1703 18
1704 17
1705 17
1706 17
1707 18
1708 17
1709 17
1710 17
1711 17
1712 17
1713 17
1714 17
1715 17
1716 17
1717 17
1718 16
1719 17
1720 17
1721 17
1722 17
1723 17
1724 17
1725 17
1726 17
1727 17
1728 17
1729 17
1730 17
1731 17
1732 17
1733 17
1734 17
1735 17
1736 17
1737 17
1738 17
1739 17
1740 17
1741 17
1742 16
1743 17
1744 17
1745 17
1746 18
1747 18
1748 18
1749 17
1750 17
1751 17
1752 17
1753 17
1754 17
1755 17
1756 17
1757 19
1758 17
1759 17
1760 17
1761 17
1762 17
1763 16
1764 17
1765 17
1766 17
1767 17
1768 17
1769 17
1770 17
1771 17
1772 17
1773 16
1774 17
1775 17
1776 17
1777 17
1778 18
1779 17
1780 17
1781 17
1782 17
1783 17
1784 17
1785 18
1786 17
1787 17
1788 17
1789 17
1790 17
1791 17
1792 17
1793 17
1794 17
1795 17
1796 17
1797 17
1798 17
1799 17
1800 17
1801 17
1802 17
1803 17
1804 17
1805 17
1806 17
1807 17
1808 18
1809 18
1810 18
1811 17
1812 18
1813 18
1814 17
1815 18
1816 17
1817 17
1818 26
1819 18
1820 17
1821 18
1822 18
1823 17
1824 17
1825 17
1826 17
1827 17
1828 17
1829 17
1830 17
1831 17
1832 17
1833 18
1834 17
1835 17
1836 17
1837 17
1838 17
1839 17
1840 17
1841 17
1842 17
1843 17
1844 17
1845 17
1846 17
1847 18
1848 17
1849 17
1850 17
1851 17
1852 17
1853 17
1854 17
1855 17
1856 17
1857 17
1858 17
1859 17
1860 17
1861 17
1862 17
1863 18
1864 18
1865 18
1866 17
1867 17
1868 17
1869 17
1870 17
1871 17
1872 17
1873 17
1874 17
1875 17
1876 18
1877 17
1878 17
1879 17
1880 17
1881 17
1882 17
1883 17
1884 17
1885 19
1886 17
1887 17
1888 17
1889 17
1890 18
1891 17
1892 17
1893 17
1894 17
1895 17
1896 17
1897 17
1898 17
1899 18
1900 18
1901 17
1902 17
1903 17
1904 17
1905 17
1906 17
1907 17
1908 17
1909 17
1910 17
1911 17
1912 17
1913 17
1914 17
1915 17
1916 17
1917 17
1918 17
1919 17
1920 17
1921 17
1922 17
1923 17
1924 17
1925 17
1926 17
1927 17
1928 17
1929 17
1930 17
1931 17
1932 17
1933 17
1934 17
1935 17
1936 17
1937 17
1938 17
1939 17
1940 17
1941 17
1942 17
1943 17
1944 17
1945 17
1946 18
1947 18
1948 17
1949 19
1950 17
1951 17
1952 17
1953 17
1954 17
1955 17
1956 17
1957 17
1958 17
1959 17
1960 17
1961 17
1962 17
1963 17
1964 17
1965 17
1966 17
1967 18
1968 17
1969 17
1970 17
1971 17
1972 17
1973 18
1974 17
1975 17
1976 17
1977 17
1978 17
1979 17
1980 17
1981 17
1982 17
1983 17
1984 17
1985 17
1986 17
1987 17
1988 17
1989 17
1990 17
1991 17
1992 17
1993 17
1994 17
1995 17
1996 17
1997 17
1998 17
1999 17
2000 205
2001 18
2002 17
2003 17
2004 17
2005 17
2006 17
2007 17
2008 17
2009 17
2010 17
2011 17
2012 17
2013 18
2014 17
2015 17
2016 17
2017 17
2018 17
2019 17
2020 17
2021 17
2022 17
2023 17
2024 17
2025 17
2026 17
2027 17
2028 17
2029 17
2030 18
2031 18
2032 17
2033 17
2034 18
2035 17
2036 17
2037 18
2038 18
2039 17
2040 17
2041 17
2042 17
2043 18
2044 17
2045 17
2046 17
2047 17
2048 17
2049 17
2050 17
2051 17
2052 17
2053 17
2054 17
2055 17
2056 17
2057 17
2058 17
2059 17
2060 17
2061 18
2062 17
2063 18
2064 17
2065 17
2066 17
2067 17
2068 17
2069 17
2070 17
2071 17
2072 17
2073 18
2074 18
2075 18
2076 17
2077 18
2078 17
2079 17
2080 17
2081 17
2082 17
2083 18
2084 17
2085 17
2086 17
2087 18
2088 17
2089 17
2090 17
2091 17
2092 17
2093 18
2094 18
2095 17
2096 17
2097 17
2098 17
2099 18
2100 18
2101 17
2102 17
2103 17
2104 17
2105 18
2106 17
2107 17
2108 17
2109 17
2110 17
2111 17
2112 17
2113 17
2114 18
2115 18
2116 17
2117 17
2118 17
2119 17
2120 18
2121 17
2122 17
2123 17
2124 17
2125 17
2126 17
2127 17
2128 17
2129 17
2130 18
2131 17
2132 17
2133 17
2134 18
2135 18
2136 18
2137 18
2138 17
2139 17
2140 17
2141 17
2142 17
2143 17
2144 17
2145 17
2146 17
2147 18
2148 17
2149 17
2150 17
2151 17
2152 17
2153 17
2154 17
2155 17
2156 17
2157 17
2158 17
2159 17
2160 17
2161 17
2162 17
2163 18
2164 17
2165 17
2166 17
2167 17
2168 17
2169 17
2170 17
2171 17
2172 17
2173 27
2174 17
2175 17
2176 17
2177 17
2178 17
2179 17
2180 18
2181 17
2182 18
2183 17
2184 17
2185 17
2186 18
2187 18
2188 17
2189 17
2190 17
2191 18
2192 17
2193 17
2194 18
2195 17
2196 17
2197 18
2198 17
2199 18
2200 18
2201 17
2202 17
2203 18
2204 18
2205 18
2206 17
2207 17
2208 18
2209 18
2210 17
2211 18
2212 17
2213 17
2214 17
2215 17
2216 17
2217 17
2218 17
2219 17
2220 17
2221 17
2222 17
2223 17
2224 18
2225 18
2226 18
2227 17
2228 21
2229 18
2230 17
2231 17
2232 17
2233 18
2234 17
2235 17
2236 18
2237 17
2238 17
2239 17
2240 18
2241 18
2242 17
2243 17
2244 18
2245 17
2246 17
2247 17
2248 17
2249 18
2250 18
2251 18
2252 17
2253 17
2254 17
2255 17
2256 17
2257 17
2258 18
2259 18
2260 17
2261 18
2262 17
2263 17
2264 17
2265 17
2266 17
2267 17
2268 17
2269 17
2270 18
2271 17
2272 17
2273 18
2274 17
2275 17
2276 17
2277 18
2278 18
2279 17
2280 17
2281 17
2282 17
2283 17
2284 17
2285 18
2286 18
2287 18
2288 18
2289 17
2290 17
2291 17
2292 17
2293 17
2294 17
2295 17
2296 17
2297 17
2298 18
2299 17
2300 17
2301 18
2302 17
2303 17
2304 17
2305 17
2306 18
2307 18
2308 18
2309 17
2310 18
2311 17
2312 17
2313 17
2314 17
2315 18
2316 17
2317 17
2318 17
2319 17
2320 17
2321 17
2322 17
2323 17
2324 18
2325 18
2326 18
2327 17
2328 17
2329 17
2330 17
2331 17
2332 17
2333 17
2334 17
2335 17
2336 17
2337 17
2338 17
2339 17
2340 17
2341 17
2342 17
2343 17
2344 17
2345 17
2346 18
2347 18
2348 17
2349 17
2350 18
2351 18
2352 17
2353 17
2354 18
2355 17
2356 17
2357 17
2358 17
2359 17
2360 17
2361 17
2362 17
2363 17
2364 17
2365 17
2366 18
2367 17
2368 17
2369 17
2370 17
2371 17
2372 17
2373 17
2374 17
2375 18
2376 17
2377 17
2378 17
2379 17
2380 17
2381 17
2382 17
2383 17
2384 17
2385 17
2386 17
2387 18
2388 17
2389 17
2390 17
2391 18
2392 18
2393 18
2394 17
2395 17
2396 18
2397 18
2398 18
2399 18
2400 18
2401 17
2402 17
2403 17
2404 17
2405 17
2406 17
2407 17
2408 17
2409 17
2410 17
2411 18
2412 18
2413 17
2414 17
2415 18
2416 17
2417 17
2418 17
2419 17
2420 17
2421 17
2422 17
2423 17
2424 17
2425 18
2426 17
2427 18
2428 17
2429 17
2430 17
2431 17
2432 17
2433 17
2434 17
2435 17
2436 17
2437 17
2438 17
2439 17
2440 17
2441 17
2442 17
2443 18
2444 18
2445 18
2446 17
2447 17
2448 17
2449 17
2450 17
2451 17
2452 17
2453 17
2454 18
2455 18
2456 17
2457 18
2458 18
2459 17
2460 18
2461 17
2462 17
2463 17
2464 17
2465 17
2466 17
2467 17
2468 17
2469 17
2470 17
2471 17
2472 17
2473 17
2474 17
2475 18
2476 17
2477 18
2478 17
2479 17
2480 17
2481 17
2482 17
2483 17
2484 17
2485 17
2486 17
2487 17
2488 17
2489 17
2490 17
2491 17
2492 17
2493 17
2494 18
2495 17
2496 17
2497 17
2498 17
2499 17
2500 17
2501 17
2502 17
2503 17
2504 17
2505 17
2506 18
2507 17
2508 18
2509 18
2510 18
2511 17
2512 18
2513 18
2514 17
2515 17
2516 17
2517 17
2518 17
2519 17
2520 17
2521 17
2522 17
2523 17
2524 18
2525 17
2526 17
2527 17
2528 17
2529 17
2530 17
2531 17
2532 17
2533 17
2534 17
2535 21
2536 18
2537 17
2538 17
2539 18
2540 17
2541 18
2542 17
2543 17
2544 17
2545 17
2546 17
2547 17
2548 18
2549 17
2550 18
2551 18
2552 17
2553 17
2554 17
2555 17
2556 17
2557 18
2558 18
2559 17
2560 17
2561 17
2562 17
2563 17
2564 17
2565 18
2566 17
2567 18
2568 18
2569 18
2570 18
2571 17
2572 17
2573 17
2574 17
2575 18
2576 18
2577 17
2578 17
2579 17
2580 17
2581 16
2582 18
2583 17
2584 17
2585 17
2586 17
2587 17
2588 17
2589 17
2590 17
2591 17
2592 17
2593 17
2594 17
2595 17
2596 17
2597 17
2598 17
2599 17
2600 17
2601 17
2602 17
2603 17
2604 17
2605 17
2606 17
2607 17
2608 17
2609 17
2610 17
2611 17
2612 17
2613 17
2614 17
2615 18
2616 18
2617 18
2618 18
2619 18
2620 17
2621 17
2622 17
2623 18
2624 17
2625 17
2626 17
2627 18
2628 17
2629 17
2630 18
2631 17
2632 17
2633 17
2634 17
2635 17
2636 17
2637 17
2638 17
2639 17
2640 18
2641 17
2642 17
2643 17
2644 17
2645 17
2646 17
2647 17
2648 17
2649 17
2650 17
2651 17
2652 17
2653 17
2654 17
2655 17
2656 17
2657 17
2658 17
2659 17
2660 17
2661 17
2662 17
2663 17
2664 17
2665 17
2666 18
2667 18
2668 17
2669 17
2670 17
2671 17
2672 17
2673 18
2674 17
2675 18
2676 18
2677 17
2678 18
2679 18
2680 17
2681 17
2682 17
2683 17
2684 17
2685 17
2686 17
2687 17
2688 17
2689 17
2690 17
2691 17
2692 17
2693 17
2694 17
2695 17
2696 17
2697 17
2698 17
2699 17
2700 17
2701 17
2702 17
2703 17
2704 17
2705 17
2706 17
2707 17
2708 18
2709 17
2710 17
2711 18
2712 17
2713 17
2714 18
2715 17
2716 18
2717 19
2718 17
2719 17
2720 18
2721 18
2722 18
2723 17
2724 17
2725 17
2726 17
2727 17
2728 18
2729 17
2730 18
2731 17
2732 18
2733 17
2734 17
2735 18
2736 17
2737 17
2738 17
2739 17
2740 17
2741 17
2742 17
2743 17
2744 17
2745 17
2746 17
2747 17
2748 17
2749 17
2750 17
2751 17
2752 17
2753 17
2754 17
2755 17
2756 17
2757 17
2758 17
2759 17
2760 17
2761 17
2762 17
2763 17
2764 18
2765 18
2766 18
2767 18
2768 17
2769 17
2770 17
2771 17
2772 17
2773 17
2774 17
2775 17
2776 17
2777 17
2778 17
2779 17
2780 17
2781 17
2782 17
2783 17
2784 17
2785 17
2786 17
2787 17
2788 17
2789 18
2790 18
2791 17
2792 17
2793 17
2794 17
2795 17
2796 17
2797 17
2798 17
2799 17
2800 17
2801 17
2802 17
2803 17
2804 17
2805 18
2806 18
2807 18
2808 17
2809 17
2810 17
2811 17
2812 18
2813 17
2814 18
2815 18
2816 18
2817 17
2818 17
2819 18
2820 18
2821 18
2822 18
2823 17
2824 17
2825 17
2826 17
2827 17
2828 17
2829 17
2830 18
2831 18
2832 17
2833 17
2834 17
2835 17
2836 17
2837 17
2838 17
2839 17
2840 17
2841 17
2842 17
2843 17
2844 17
2845 17
2846 17
2847 17
2848 17
2849 18
2850 17
2851 17
2852 17
2853 17
2854 17
2855 17
2856 17
2857 17
2858 17
2859 18
2860 17
2861 17
2862 18
2863 18
2864 17
2865 17
2866 17
2867 17
2868 17
2869 17
2870 17
2871 17
2872 18
2873 17
2874 17
2875 18
2876 17
2877 17
2878 17
2879 18
2880 18
2881 17
2882 17
2883 17
2884 17
2885 18
2886 18
2887 17
2888 17
2889 17
2890 17
2891 17
2892 17
2893 17
2894 17
2895 17
2896 17
2897 17
2898 18
2899 17
2900 17
2901 18
2902 18
2903 18
2904 18
2905 18
2906 18
2907 18
2908 18
2909 17
2910 17
2911 17
2912 17
2913 17
2914 17
2915 17
2916 17
2917 17
2918 17
2919 17
2920 18
2921 18
2922 17
2923 17
2924 17
2925 17
2926 18
2927 18
2928 18
2929 18
2930 17
2931 17
2932 17
2933 17
2934 17
2935 17
2936 18
2937 17
2938 18
2939 18
2940 17
2941 17
2942 17
2943 18
2944 17
2945 17
2946 17
2947 17
2948 17
2949 17
2950 17
2951 17
2952 17
2953 17
2954 17
2955 17
2956 17
2957 17
2958 17
2959 18
2960 18
2961 17
2962 17
2963 18
2964 18
2965 18
2966 18
2967 18
2968 18
2969 17
2970 18
2971 17
2972 17
2973 17
2974 17
2975 17
2976 17
2977 17
2978 17
2979 17
2980 17
2981 17
2982 17
2983 17
2984 17
2985 18
2986 18
2987 18
2988 17
2989 17
2990 17
2991 17
2992 17
2993 17
2994 18
2995 18
2996 18
2997 17
2998 17
2999 18
3000 17
3001 17
3002 17
3003 17
3004 18
3005 18
3006 17
3007 17
3008 17
3009 17
3010 17
3011 17
3012 17
3013 17
3014 17
3015 18
3016 18
3017 19
3018 17
3019 17
3020 17
3021 17
3022 17
3023 17
3024 17
3025 17
3026 17
3027 17
3028 18
3029 18
3030 17
3031 17
3032 17
3033 17
3034 17
3035 17
3036 17
3037 18
3038 17
3039 17
3040 17
3041 17
3042 17
3043 18
3044 18
3045 17
3046 17
3047 17
3048 17
3049 17
3050 17
3051 16
3052 17
3053 17
3054 17
3055 17
3056 16
3057 17
3058 17
3059 17
3060 17
3061 17
3062 17
3063 17
3064 17
3065 17
3066 17
3067 17
3068 17
3069 17
3070 17
3071 17
3072 17
3073 17
3074 17
3075 17
3076 17
3077 18
3078 17
3079 20
3080 17
3081 19
3082 17
3083 17
3084 17
3085 17
3086 17
3087 17
3088 17
3089 17
3090 17
3091 18
3092 18
3093 18
3094 18
3095 18
3096 17
3097 18
3098 17
3099 17
3100 18
3101 18
3102 18
3103 18
3104 17
3105 17
3106 17
3107 18
3108 17
3109 17
3110 17
3111 17
3112 17
3113 18
3114 17
3115 17
3116 17
3117 17
3118 18
3119 18
3120 18
3121 17
3122 17
3123 17
3124 16
3125 17
3126 17
3127 17
3128 17
3129 17
3130 17
3131 17
3132 17
3133 17
3134 17
3135 17
3136 17
3137 17
3138 17
3139 17
3140 17
3141 17
3142 17
3143 17
3144 17
3145 19
3146 17
3147 20
3148 17
3149 17
3150 17
3151 17
3152 17
3153 18
3154 18
3155 22
3156 18
3157 18
3158 18
3159 17
3160 17
3161 17
3162 17
3163 17
3164 17
3165 17
3166 17
3167 17
3168 17
3169 18
3170 18
3171 17
3172 17
3173 17
3174 17
3175 17
3176 18
3177 17
3178 17
3179 17
3180 17
3181 18
3182 17
3183 17
3184 17
3185 17
3186 17
3187 17
3188 17
3189 17
3190 17
3191 17
3192 17
3193 17
3194 17
3195 17
3196 17
3197 17
3198 17
3199 17
3200 17
3201 17
3202 17
3203 17
3204 17
3205 17
3206 18
3207 18
3208 17
3209 19
3210 17
3211 17
3212 17
3213 17
3214 17
3215 18
3216 18
3217 18
3218 17
3219 18
3220 17
3221 18
3222 17
3223 17
3224 17
3225 17
3226 17
3227 17
3228 17
3229 17
3230 17
3231 17
3232 17
3233 17
3234 17
3235 17
3236 17
3237 17
3238 17
3239 17
3240 17
3241 17
3242 17
3243 17
3244 17
3245 17
3246 17
3247 18
3248 17
3249 17
3250 17
3251 17
3252 17
3253 17
3254 17
3255 17
3256 17
3257 17
3258 17
3259 17
3260 16
3261 19
3262 17
3263 17
3264 18
3265 17
3266 16
3267 17
3268 17
3269 17
3270 17
3271 17
3272 17
3273 19
3274 17
3275 17
3276 17
3277 17
3278 17
3279 17
3280 17
3281 18
3282 18
3283 18
3284 17
3285 17
3286 17
3287 18
3288 17
3289 17
3290 18
3291 18
3292 18
3293 17
3294 17
3295 17
3296 17
3297 17
3298 17
3299 17
3300 16
3301 17
3302 17
3303 17
3304 17
3305 17
3306 18
3307 17
3308 17
3309 17
3310 17
3311 18
3312 17
3313 17
3314 17
3315 18
3316 17
3317 17
3318 17
3319 17
3320 17
3321 17
3322 17
3323 17
3324 18
3325 18
3326 17
3327 17
3328 17
3329 17
3330 17
3331 17
3332 17
3333 18
3334 17
3335 17
3336 17
3337 20
3338 18
3339 17
3340 18
3341 17
3342 17
3343 17
3344 17
3345 17
3346 17
3347 17
3348 17
3349 17
3350 17
3351 17
3352 17
3353 18
3354 17
3355 17
3356 17
3357 17
3358 17
3359 17
3360 17
3361 17
3362 16
3363 17
3364 17
3365 17
3366 17
3367 17
3368 18
3369 17
3370 17
3371 17
3372 18
3373 17
3374 17
3375 18
3376 18
3377 18
3378 18
3379 18
3380 18
3381 18
3382 18
3383 18
3384 18
3385 17
3386 17
3387 17
3388 17
3389 17
3390 17
3391 17
3392 17
3393 17
3394 17
3395 17
3396 17
3397 17
3398 17
3399 17
3400 17
3401 19
3402 17
3403 17
3404 17
3405 17
3406 18
3407 18
3408 18
3409 17
3410 18
3411 18
3412 18
3413 17
3414 18
3415 17
3416 17
3417 17
3418 17
3419 17
3420 17
3421 17
3422 17
3423 17
3424 17
3425 17
3426 17
3427 17
3428 17
3429 17
3430 17
3431 17
3432 18
3433 17
3434 17
3435 17
3436 17
3437 17
3438 17
3439 17
3440 17
3441 17
3442 232
3443 19
3444 17
3445 18
3446 17
3447 18
3448 17
3449 17
3450 17
3451 17
3452 17
3453 17
3454 17
3455 17
3456 17
3457 17
3458 17
3459 17
3460 18
3461 17
3462 17
3463 17
3464 17
3465 17
3466 17
3467 17
3468 17
3469 17
3470 17
3471 18
3472 18
3473 18
3474 17
3475 18
3476 17
3477 18
3478 17
3479 17
3480 18
3481 17
3482 17
3483 17
3484 17
3485 17
3486 17
3487 17
3488 17
3489 17
3490 17
3491 17
3492 17
3493 18
3494 18
3495 17
3496 18
3497 17
3498 18
3499 17
3500 18
3501 18
3502 18
3503 17
3504 17
3505 17
3506 17
3507 17
3508 17
3509 17
3510 17
3511 17
3512 18
3513 18
3514 18
3515 18
3516 17
3517 18
3518 17
3519 18
3520 17
3521 18
3522 18
3523 18
3524 17
3525 18
3526 17
3527 17
3528 17
3529 17
3530 17
3531 17
3532 17
3533 17
3534 17
3535 18
3536 18
3537 17
3538 17
3539 17
3540 17
3541 17
3542 17
3543 18
3544 18
3545 17
3546 17
3547 17
3548 17
3549 17
3550 17
3551 17
3552 17
3553 17
3554 17
3555 17
3556 17
3557 17
3558 17
3559 17
3560 17
3561 17
3562 17
3563 17
3564 17
3565 17
3566 17
3567 17
3568 17
3569 17
3570 17
3571 17
3572 18
3573 18
3574 17
3575 18
3576 18
3577 18
3578 18
3579 17
3580 17
3581 18
3582 18
3583 18
3584 17
3585 17
3586 17
3587 17
3588 17
3589 18
3590 17
3591 18
3592 18
3593 18
3594 17
3595 17
3596 17
3597 17
3598 18
3599 17
3600 17
3601 18
3602 17
3603 17
3604 18
3605 18
3606 17
3607 17
3608 19
3609 18
3610 17
3611 17
3612 17
3613 21
3614 18
3615 17
3616 17
3617 17
3618 17
3619 17
3620 17
3621 17
3622 18
3623 17
3624 17
3625 17
3626 17
3627 17
3628 17
3629 17
3630 17
3631 17
3632 17
3633 17
3634 17
3635 17
3636 17
3637 17
3638 17
3639 17
3640 17
3641 17
3642 17
3643 18
3644 18
3645 18
3646 17
3647 18
3648 18
3649 18
3650 18
3651 18
3652 18
3653 17
3654 17
3655 17
3656 18
3657 18
3658 17
3659 17
3660 17
3661 17
3662 17
3663 17
3664 17
3665 17
3666 17
3667 17
3668 17
3669 17
3670 17
3671 17
3672 17
3673 17
3674 17
3675 17
3676 17
3677 17
3678 17
3679 17
3680 17
3681 17
3682 17
3683 17
3684 17
3685 17
3686 17
3687 17
3688 18
3689 17
3690 17
3691 18
3692 18
3693 17
3694 17
3695 17
3696 17
3697 18
3698 17
3699 17
3700 17
3701 17
3702 17
3703 17
3704 17
3705 18
3706 18
3707 18
3708 17
3709 17
3710 17
3711 17
3712 17
3713 17
3714 17
3715 17
3716 17
3717 17
3718 18
3719 17
3720 18
3721 18
3722 17
3723 17
3724 18
3725 17
3726 17
3727 17
3728 17
3729 17
3730 17
3731 17
3732 17
3733 17
3734 17
3735 17
3736 18
3737 18
3738 18
3739 17
3740 18
3741 17
3742 17
3743 17
3744 17
3745 17
3746 17
3747 17
3748 17
3749 17
3750 17
3751 17
3752 17
3753 17
3754 17
3755 19
3756 17
3757 18
3758 17
3759 17
3760 17
3761 17
3762 17
3763 17
3764 17
3765 17
3766 17
3767 17
3768 17
3769 17
3770 17
3771 17
3772 17
3773 16
3774 18
3775 17
3776 17
3777 17
3778 17
3779 17
3780 17
3781 17
3782 17
3783 17
3784 17
3785 17
3786 17
3787 17
3788 17
3789 17
3790 17
3791 17
3792 17
3793 17
3794 17
3795 31
3796 18
3797 17
3798 17
3799 17
3800 18
3801 18
3802 17
3803 17
3804 18
3805 18
3806 17
3807 17
3808 17
3809 17
3810 17
3811 17
3812 17
3813 17
3814 17
3815 18
3816 17
3817 18
3818 17
3819 19
3820 17
3821 17
3822 17
3823 17
3824 17
3825 17
3826 17
3827 17
3828 17
3829 17
3830 18
3831 17
3832 17
3833 17
3834 17
3835 17
3836 17
3837 17
3838 17
3839 18
3840 18
3841 17
3842 17
3843 17
3844 17
3845 17
3846 18
3847 18
3848 18
3849 17
3850 18
3851 17
3852 18
3853 18
3854 18
3855 18
3856 18
3857 17
3858 17
3859 17
3860 18
3861 18
3862 17
3863 17
3864 17
3865 17
3866 17
3867 18
3868 18
3869 18
3870 18
3871 17
3872 17
3873 17
3874 17
3875 17
3876 17
3877 17
3878 17
3879 17
3880 17
3881 17
3882 17
3883 19
3884 17
3885 17
3886 17
3887 17
3888 17
3889 17
3890 17
3891 17
3892 17
3893 17
3894 18
3895 18
3896 18
3897 17
3898 17
3899 17
3900 17
3901 17
3902 17
3903 17
3904 17
3905 17
3906 17
3907 17
3908 18
3909 18
3910 17
3911 17
3912 17
3913 17
3914 17
3915 17
3916 17
3917 17
3918 17
3919 17
3920 17
3921 17
3922 18
3923 18
3924 17
3925 18
3926 18
3927 18
3928 17
3929 17
3930 17
3931 17
3932 17
3933 18
3934 17
3935 17
3936 17
3937 18
3938 17
3939 18
3940 18
3941 18
3942 17
3943 17
3944 18
3945 17
3946 17
3947 19
3948 17
3949 18
3950 18
3951 18
3952 17
3953 18
3954 17
3955 17
3956 17
3957 17
3958 17
3959 17
3960 17
3961 17
3962 17
3963 17
3964 17
3965 18
3966 17
3967 17
3968 17
3969 17
3970 17
3971 17
3972 18
3973 18
3974 17
3975 17
3976 21
3977 17
3978 17
3979 17
3980 17
3981 17
3982 17
3983 17
3984 17
3985 17
3986 17
3987 17
3988 17
3989 17
3990 17
3991 17
3992 17
3993 17
3994 17
3995 17
3996 17
3997 16
3998 17
3999 17
4000 17
4001 17
4002 17
4003 17
4004 17
4005 17
4006 17
4007 17
4008 17
4009 17
4010 17
4011 19
4012 17
4013 17
4014 17
4015 17
4016 17
4017 17
4018 17
4019 17
4020 17
4021 17
4022 17
4023 17
4024 18
4025 18
4026 18
4027 18
4028 18
4029 17
4030 17
4031 17
4032 17
4033 17
4034 17
4035 17
4036 17
4037 17
4038 17
4039 17
4040 17
4041 16
4042 17
4043 18
4044 18
4045 17
4046 17
4047 17
4048 17
4049 17
4050 17
4051 17
4052 17
4053 17
4054 17
4055 17
4056 17
4057 17
4058 17
4059 17
4060 17
4061 17
4062 17
4063 17
4064 17
4065 17
4066 17
4067 17
4068 17
4069 17
4070 18
4071 18
4072 17
4073 18
4074 17
4075 19
4076 17
4077 18
4078 18
4079 17
4080 17
4081 17
4082 17
4083 17
4084 17
4085 17
4086 17
4087 17
4088 17
4089 17
4090 17
4091 17
4092 17
4093 18
4094 17
4095 18
4096 17
4097 17
4098 18
4099 17
4100 17
4101 17
4102 17
4103 17
4104 17
4105 17
4106 17
4107 18
4108 17
4109 17
4110 17
4111 17
4112 17
4113 17
4114 17
4115 17
4116 17
4117 18
4118 18
4119 17
4120 17
4121 17
4122 17
4123 17
4124 17
4125 18
4126 18
4127 17
4128 17
4129 17
4130 17
4131 17
4132 17
4133 17
4134 17
4135 17
4136 17
4137 17
4138 17
4139 19
4140 18
4141 17
4142 17
4143 17
4144 17
4145 17
4146 16
4147 17
4148 17
4149 17
4150 18
4151 18
4152 18
4153 18
4154 18
4155 18
4156 17
4157 17
4158 27
4159 17
4160 17
4161 17
4162 17
4163 17
4164 17
4165 17
4166 17
4167 17
4168 17
4169 17
4170 17
4171 18
4172 18
4173 17
4174 17
4175 17
4176 17
4177 17
4178 17
4179 17
4180 17
4181 18
4182 17
4183 17
4184 17
4185 18
4186 18
4187 18
4188 17
4189 18
4190 17
4191 18
4192 17
4193 17
4194 18
4195 17
4196 17
4197 17
4198 17
4199 17
4200 18
4201 18
4202 17
4203 20
4204 17
4205 17
4206 18
4207 18
4208 17
4209 17
4210 17
4211 17
4212 17
4213 17
4214 17
4215 17
4216 17
4217 17
4218 17
4219 17
4220 17
4221 18
4222 17
4223 17
4224 17
4225 18
4226 17
4227 17
4228 17
4229 17
4230 17
4231 17
4232 17
4233 17
4234 17
4235 17
4236 17
4237 17
4238 17
4239 17
4240 17
4241 17
4242 17
4243 17
4244 17
4245 17
4246 17
4247 17
4248 17
4249 17
4250 17
4251 18
4252 17
4253 18
4254 17
4255 17
4256 17
4257 17
4258 17
4259 17
4260 17
4261 17
4262 17
4263 17
4264 17
4265 17
4266 17
4267 20
4268 18
4269 17
4270 17
4271 17
4272 17
4273 17
4274 17
4275 17
4276 17
4277 17
4278 18
4279 17
4280 17
4281 18
4282 18
4283 18
4284 17
4285 17
4286 17
4287 17
4288 17
4289 17
4290 17
4291 17
4292 17
4293 18
4294 17
4295 17
4296 17
4297 17
4298 17
4299 17
4300 17
4301 17
4302 17
4303 17
4304 18
4305 18
4306 17
4307 17
4308 17
4309 17
4310 18
4311 17
4312 17
4313 17
4314 17
4315 18
4316 17
4317 17
4318 17
4319 17
4320 17
4321 17
4322 17
4323 17
4324 17
4325 17
4326 18
4327 17
4328 17
4329 17
4330 17
4331 19
4332 17
4333 17
4334 17
4335 17
4336 17
4337 17
4338 17
4339 31
4340 18
4341 17
4342 17
4343 17
4344 17
4345 17
4346 17
4347 17
4348 17
4349 18
4350 17
4351 17
4352 17
4353 17
4354 17
4355 17
4356 17
4357 17
4358 17
4359 17
4360 17
4361 18
4362 18
4363 18
4364 17
4365 17
4366 17
4367 17
4368 17
4369 17
4370 17
4371 17
4372 17
4373 17
4374 17
4375 17
4376 17
4377 17
4378 17
4379 17
4380 16
4381 17
4382 17
4383 17
4384 17
4385 17
4386 18
4387 17
4388 17
4389 17
4390 17
4391 17
4392 17
4393 17
4394 17
4395 20
4396 18
4397 16
4398 17
4399 17
4400 17
4401 17
4402 17
4403 17
4404 17
4405 17
4406 17
4407 17
4408 17
4409 17
4410 17
4411 17
4412 17
4413 17
4414 17
4415 17
4416 18
4417 17
4418 17
4419 17
4420 17
4421 17
4422 17
4423 17
4424 17
4425 17
4426 17
4427 18
4428 17
4429 17
4430 17
4431 17
4432 17
4433 17
4434 17
4435 18
4436 17
4437 17
4438 17
4439 17
4440 18
4441 18
4442 17
4443 18
4444 17
4445 17
4446 17
4447 17
4448 17
4449 17
4450 17
4451 17
4452 17
4453 18
4454 18
4455 18
4456 17
4457 17
4458 17
4459 19
4460 17
4461 17
4462 17
4463 17
4464 17
4465 17
4466 17
4467 17
4468 16
4469 17
4470 18
4471 17
4472 17
4473 17
4474 17
4475 17
4476 18
4477 17
4478 17
4479 17
4480 17
4481 17
4482 17
4483 17
4484 17
4485 17
4486 17
4487 18
4488 17
4489 17
4490 17
4491 17
4492 17
4493 17
4494 17
4495 17
4496 17
4497 17
4498 17
4499 17
4500 17
4501 17
4502 17
4503 17
4504 17
4505 17
4506 17
4507 17
4508 17
4509 17
4510 17
4511 18
4512 18
4513 18
4514 17
4515 17
4516 17
4517 17
4518 17
4519 17
4520 17
4521 27
4522 17
4523 20
4524 17
4525 17
4526 17
4527 18
4528 18
4529 18
4530 17
4531 17
4532 17
4533 17
4534 17
4535 17
4536 17
4537 17
4538 17
4539 17
4540 17
4541 17
4542 17
4543 17
4544 17
4545 17
4546 17
4547 17
4548 17
4549 17
4550 16
4551 17
4552 17
4553 17
4554 17
4555 17
4556 18
4557 17
4558 17
4559 17
4560 17
4561 18
4562 17
4563 18
4564 17
4565 19
4566 17
4567 17
4568 17
4569 17
4570 18
4571 18
4572 18
4573 18
4574 18
4575 17
4576 17
4577 17
4578 17
4579 17
4580 17
4581 17
4582 17
4583 17
4584 17
4585 17
4586 17
4587 19
4588 18
4589 17
4590 17
4591 16
4592 17
4593 17
4594 17
4595 17
4596 18
4597 18
4598 18
4599 18
4600 17
4601 17
4602 17
4603 17
4604 17
4605 18
4606 18
4607 17
4608 17
4609 17
4610 17
4611 17
4612 17
4613 17
4614 17
4615 17
4616 17
4617 17
4618 17
4619 17
4620 17
4621 17
4622 17
4623 17
4624 17
4625 18
4626 17
4627 17
4628 17
4629 17
4630 17
4631 17
4632 17
4633 17
4634 17
4635 17
4636 17
4637 18
4638 17
4639 17
4640 17
4641 18
4642 17
4643 17
4644 17
4645 17
4646 17
4647 17
4648 17
4649 17
4650 17
4651 18
4652 18
4653 17
4654 17
4655 17
4656 17
4657 17
4658 18
4659 17
4660 17
4661 17
4662 17
4663 18
4664 17
4665 17
4666 17
4667 17
4668 17
4669 17
4670 17
4671 17
4672 17
4673 17
4674 17
4675 18
4676 17
4677 18
4678 18
4679 17
4680 17
4681 17
4682 17
4683 17
4684 16
4685 17
4686 17
4687 17
4688 17
4689 17
4690 17
4691 18
4692 18
4693 17
4694 17
4695 17
4696 17
4697 17
4698 17
4699 17
4700 17
4701 17
4702 25
4703 18
4704 18
4705 17
4706 17
4707 17
4708 17
4709 17
4710 17
4711 18
4712 17
4713 18
4714 17
4715 19
4716 17
4717 17
4718 17
4719 17
4720 17
4721 17
4722 17
4723 18
4724 17
4725 17
4726 18
4727 17
4728 17
4729 18
4730 17
4731 18
4732 17
4733 17
4734 18
4735 18
4736 17
4737 17
4738 17
4739 17
4740 17
4741 17
4742 17
4743 18
4744 17
4745 18
4746 17
4747 17
4748 17
4749 17
4750 17
4751 17
4752 17
4753 17
4754 17
4755 17
4756 17
4757 17
4758 18
4759 18
4760 18
4761 17
4762 18
4763 17
4764 18
4765 17
4766 17
4767 17
4768 17
4769 17
4770 17
4771 17
4772 17
4773 17
4774 17
4775 17
4776 17
4777 18
4778 17
4779 19
4780 18
4781 18
4782 17
4783 17
4784 17
4785 17
4786 17
4787 18
4788 17
4789 17
4790 17
4791 17
4792 17
4793 17
4794 16
4795 17
4796 17
4797 17
4798 17
4799 17
4800 17
4801 17
4802 17
4803 17
4804 17
4805 17
4806 17
4807 17
4808 17
4809 17
4810 17
4811 18
4812 18
4813 18
4814 17
4815 18
4816 18
4817 18
4818 17
4819 17
4820 17
4821 17
4822 17
4823 17
4824 17
4825 17
4826 17
4827 17
4828 17
4829 17
4830 17
4831 17
4832 18
4833 17
4834 17
4835 18
4836 18
4837 18
4838 18
4839 17
4840 17
4841 17
4842 17
4843 20
4844 17
4845 17
4846 17
4847 17
4848 17
4849 17
4850 17
4851 17
4852 17
4853 17
4854 17
4855 17
4856 17
4857 17
4858 17
4859 17
4860 17
4861 17
4862 18
4863 17
4864 17
4865 17
4866 17
4867 17
4868 17
4869 17
4870 18
4871 17
4872 18
4873 18
4874 17
4875 17
4876 17
4877 17
4878 17
4879 17
4880 17
4881 17
4882 17
4883 17
4884 264
4885 19
4886 18
4887 18
4888 17
4889 17
4890 17
4891 18
4892 17
4893 17
4894 17
4895 18
4896 18
4897 18
4898 17
4899 17
4900 17
4901 17
4902 17
4903 17
4904 17
4905 17
4906 17
4907 17
4908 17
4909 17
4910 17
4911 17
4912 17
4913 17
4914 17
4915 17
4916 17
4917 17
4918 17
4919 17
4920 17
4921 18
4922 18
4923 17
4924 17
4925 17
4926 17
4927 17
4928 17
4929 17
4930 17
4931 17
4932 17
4933 17
4934 17
4935 18
4936 18
4937 17
4938 17
4939 17
4940 17
4941 18
4942 18
4943 18
4944 18
4945 18
4946 18
4947 17
4948 17
4949 17
4950 17
4951 17
4952 17
4953 17
4954 18
4955 17
4956 18
4957 17
4958 17
4959 17
4960 18
4961 18
4962 18
4963 18
4964 18
4965 17
4966 17
4967 17
4968 17
4969 17
4970 17
4971 17
4972 17
4973 18
4974 17
4975 17
4976 17
4977 17
4978 17
4979 17
4980 17
4981 17
4982 17
4983 17
4984 17
4985 17
4986 17
4987 17
4988 17
4989 18
4990 18
4991 17
4992 17
4993 17
4994 18
4995 17
4996 17
4997 17
4998 17
4999 18
5000 18
5001 18
5002 17
5003 17
5004 17
5005 17
5006 18
5007 18
5008 17
5009 17
5010 17
5011 17
5012 17
5013 17
5014 17
5015 17
5016 17
5017 17
5018 17
5019 17
5020 17
5021 18
5022 18
5023 17
5024 17
5025 17
5026 17
5027 17
5028 17
5029 17
5030 17
5031 17
5032 17
5033 17
5034 18
5035 18
5036 18
5037 18
5038 17
5039 17
5040 17
5041 17
5042 17
5043 17
5044 17
5045 17
5046 17
5047 17
5048 17
5049 17
5050 17
5051 17
5052 17
5053 18
5054 27
5055 17
5056 17
5057 17
5058 17
5059 17
5060 17
5061 17
5062 17
5063 17
5064 17
5065 17
5066 17
5067 17
5068 17
5069 17
5070 18
5071 18
5072 18
5073 17
5074 17
5075 17
5076 17
5077 17
5078 17
5079 17
5080 17
5081 18
5082 18
5083 17
5084 17
5085 17
5086 18
5087 18
5088 17
5089 17
5090 17
5091 17
5092 17
5093 17
5094 17
5095 17
5096 17
5097 17
5098 17
5099 17
5100 17
5101 17
5102 17
5103 17
5104 18
5105 17
5106 17
5107 17
5108 17
5109 17
5110 17
5111 17
5112 17
5113 18
5114 17
5115 17
5116 17
5117 17
5118 17
5119 17
5120 17
5121 17
5122 18
5123 17
5124 18
5125 17
5126 17
5127 17
5128 18
5129 18
5130 17
5131 17
5132 17
5133 17
5134 17
5135 17
5136 17
5137 17
5138 18
5139 17
5140 17
5141 18
5142 17
5143 17
5144 17
5145 17
5146 17
5147 17
5148 18
5149 18
5150 18
5151 17
5152 18
5153 17
5154 17
5155 17
5156 17
5157 17
5158 18
5159 17
5160 17
5161 17
5162 17
5163 18
5164 18
5165 17
5166 17
5167 17
5168 17
5169 17
5170 17
5171 17
5172 18
5173 17
5174 17
5175 17
5176 17
5177 17
5178 17
5179 17
5180 17
5181 17
5182 18
5183 18
5184 18
5185 17
5186 17
5187 17
5188 17
5189 17
5190 17
5191 17
5192 18
5193 18
5194 17
5195 17
5196 17
5197 18
5198 18
5199 17
5200 17
5201 17
5202 17
5203 17
5204 17
5205 17
5206 17
5207 17
5208 17
5209 17
5210 17
5211 17
5212 17
5213 17
5214 17
5215 17
5216 17
5217 17
5218 17
5219 17
5220 17
5221 17
5222 17
5223 17
5224 17
5225 17
5226 17
5227 17
5228 17
5229 18
5230 17
5231 18
5232 18
5233 18
5234 17
5235 21
5236 17
5237 18
5238 18
5239 17
5240 17
5241 17
5242 17
5243 17
5244 17
5245 17
5246 17
5247 17
5248 17
5249 17
5250 17
5251 17
5252 17
5253 17
5254 17
5255 17
5256 17
5257 17
5258 17
5259 17
5260 17
5261 17
5262 17
5263 18
5264 17
5265 17
5266 17
5267 17
5268 17
5269 17
5270 17
5271 17
5272 17
5273 17
5274 17
5275 17
5276 17
5277 17
5278 17
5279 17
5280 17
5281 17
5282 17
5283 18
5284 17
5285 17
5286 17
5287 17
5288 17
5289 17
5290 17
5291 17
5292 18
5293 17
5294 17
5295 17
5296 18
5297 18
5298 17
5299 17
5300 17
5301 17
5302 17
5303 17
5304 17
5305 17
5306 18
5307 17
5308 17
5309 17
5310 17
5311 17
5312 17
5313 18
5314 18
5315 16
5316 18
5317 17
5318 17
5319 18
5320 18
5321 17
5322 18
5323 17
5324 18
5325 17
5326 17
5327 17
5328 17
5329 17
5330 17
5331 17
5332 17
5333 17
5334 17
5335 17
5336 17
5337 17
5338 17
5339 17
5340 18
5341 17
5342 17
5343 17
5344 17
5345 18
5346 18
5347 18
5348 18
5349 17
5350 18
5351 18
5352 18
5353 17
5354 17
5355 17
5356 17
5357 18
5358 18
5359 17
5360 17
5361 18
5362 18
5363 18
5364 17
5365 17
5366 17
5367 17
5368 17
5369 17
5370 17
5371 17
5372 17
5373 17
5374 17
5375 18
5376 18
5377 18
5378 17
5379 18
5380 18
5381 17
5382 17
5383 17
5384 17
5385 17
5386 17
5387 17
5388 18
5389 18
5390 17
5391 17
5392 18
5393 17
5394 17
5395 17
5396 17
5397 18
5398 18
5399 17
5400 17
5401 17
5402 17
5403 17
5404 17
5405 17
5406 17
5407 17
5408 17
5409 17
5410 17
5411 18
5412 18
5413 17
5414 18
5415 17
5416 28
5417 18
5418 17
5419 17
5420 18
5421 18
5422 17
5423 18
5424 18
5425 18
5426 18
5427 17
5428 17
5429 18
5430 17
5431 17
5432 18
5433 17
5434 17
5435 18
5436 17
5437 17
5438 17
5439 18
5440 18
5441 17
5442 17
5443 17
5444 17
5445 17
5446 17
5447 17
5448 18
5449 18
5450 18
5451 18
5452 17
5453 18
5454 18
5455 18
5456 17
5457 18
5458 18
5459 17
5460 17
5461 17
5462 17
5463 17
5464 17
5465 17
5466 17
5467 17
5468 17
5469 17
5470 18
5471 17
5472 17
5473 17
5474 17
5475 17
5476 17
5477 17
5478 17
5479 18
5480 18
5481 17
5482 17
5483 17
5484 17
5485 17
5486 17
5487 17
5488 17
5489 17
5490 17
5491 17
5492 17
5493 17
5494 17
5495 17
5496 17
5497 17
5498 17
5499 17
5500 17
5501 17
5502 17
5503 17
5504 17
5505 18
5506 18
5507 17
5508 17
5509 17
5510 17
5511 17
5512 17
5513 17
5514 18
5515 18
5516 17
5517 17
5518 17
5519 17
5520 17
5521 17
5522 17
5523 17
5524 17
5525 17
5526 17
5527 17
5528 17
5529 17
5530 18
5531 17
5532 17
5533 17
5534 17
5535 17
5536 17
5537 17
5538 18
5539 18
5540 17
5541 17
5542 17
5543 17
5544 17
5545 17
5546 17
5547 18
5548 17
5549 18
5550 18
5551 18
5552 18
5553 18
5554 17
5555 17
5556 17
5557 17
5558 17
5559 17
5560 17
5561 17
5562 17
5563 17
5564 18
5565 18
5566 17
5567 17
5568 18
5569 17
5570 17
5571 17
5572 17
5573 17
5574 17
5575 17
5576 17
5577 18
5578 18
5579 18
5580 17
5581 17
5582 17
5583 17
5584 17
5585 17
5586 17
5587 17
5588 18
5589 17
5590 17
5591 17
5592 18
5593 18
5594 17
5595 17
5596 27
5597 18
5598 17
5599 18
5600 18
5601 17
5602 17
5603 17
5604 17
5605 18
5606 17
5607 17
5608 18
5609 18
5610 18
5611 17
5612 17
5613 17
5614 18
5615 18
5616 18
5617 17
5618 17
5619 17
5620 17
5621 17
5622 17
5623 17
5624 18
5625 18
5626 17
5627 17
5628 18
5629 18
5630 18
5631 17
5632 17
5633 17
5634 17
5635 17
5636 17
5637 17
5638 17
5639 17
5640 17
5641 17
5642 17
5643 17
5644 18
5645 17
5646 17
5647 18
5648 18
5649 18
5650 18
5651 18
5652 17
5653 17
5654 17
5655 17
5656 17
5657 17
5658 17
5659 18
5660 17
5661 17
5662 17
5663 17
5664 17
5665 17
5666 17
5667 17
5668 17
5669 18
5670 18
5671 18
5672 17
5673 17
5674 17
5675 17
5676 17
5677 18
5678 18
5679 17
5680 17
5681 17
5682 17
5683 17
5684 17
5685 17
5686 17
5687 17
5688 17
5689 17
5690 18
5691 18
5692 17
5693 17
5694 17
5695 17
5696 17
5697 17
5698 17
5699 17
5700 17
5701 17
5702 17
5703 17
5704 18
5705 18
5706 17
5707 17
5708 17
5709 17
5710 17
5711 17
5712 17
5713 18
5714 18
5715 17
5716 17
5717 17
5718 17
5719 17
5720 18
5721 18
5722 17
5723 18
5724 18
5725 17
5726 17
5727 17
5728 17
5729 17
5730 18
5731 17
5732 17
5733 17
5734 17
5735 17
5736 17
5737 17
5738 17
5739 17
5740 17
5741 17
5742 17
5743 18
5744 18
5745 18
5746 17
5747 17
5748 17
5749 17
5750 17
5751 17
5752 17
5753 17
5754 18
5755 18
5756 18
5757 18
5758 17
5759 17
5760 17
5761 17
5762 17
5763 18
5764 18
5765 17
5766 17
5767 17
5768 17
5769 17
5770 18
5771 17
5772 17
5773 17
5774 17
5775 18
5776 18
5777 22
5778 17
5779 17
5780 18
5781 17
5782 18
5783 17
5784 17
5785 17
5786 17
5787 17
5788 18
5789 17
5790 17
5791 18
5792 18
5793 17
5794 17
5795 17
5796 17
5797 17
5798 17
5799 17
5800 17
5801 18
5802 18
5803 18
5804 18
5805 17
5806 17
5807 17
5808 17
5809 17
5810 17
5811 18
5812 18
5813 18
5814 18
5815 17
5816 18
5817 17
5818 17
5819 17
5820 17
5821 17
5822 17
5823 17
5824 17
5825 17
5826 17
5827 18
5828 18
5829 18
5830 17
5831 17
5832 17
5833 18
5834 17
5835 17
5836 17
5837 17
5838 17
5839 17
5840 17
5841 17
5842 17
5843 17
5844 17
5845 17
5846 17
5847 17
5848 18
5849 18
5850 17
5851 17
5852 18
5853 18
5854 18
5855 17
5856 17
5857 17
5858 17
5859 17
5860 18
5861 17
5862 18
5863 18
5864 17
5865 17
5866 17
5867 17
5868 17
5869 17
5870 17
5871 17
5872 17
5873 17
5874 17
5875 17
5876 17
5877 18
5878 18
5879 17
5880 17
5881 17
5882 17
5883 17
5884 17
5885 18
5886 18
5887 18
5888 18
5889 17
5890 18
5891 17
5892 17
5893 17
5894 18
5895 17
5896 17
5897 17
5898 18
5899 18
5900 17
5901 17
5902 17
5903 17
5904 17
5905 17
5906 17
5907 18
5908 18
5909 18
5910 17
5911 17
5912 18
5913 18
5914 17
5915 18
5916 18
5917 18
5918 17
5919 17
5920 17
5921 17
5922 17
5923 17
5924 17
5925 17
5926 17
5927 17
5928 17
5929 17
5930 17
5931 17
5932 17
5933 17
5934 18
5935 17
5936 17
5937 17
5938 18
5939 17
5940 18
5941 18
5942 17
5943 17
5944 17
5945 17
5946 17
5947 18
5948 17
5949 17
5950 18
5951 17
5952 17
5953 17
5954 17
5955 17
5956 17
5957 17
5958 26
5959 18
5960 17
5961 17
5962 17
5963 17
5964 17
5965 19
5966 17
5967 17
5968 17
5969 18
5970 17
5971 17
5972 17
5973 17
5974 17
5975 18
5976 17
5977 17
5978 17
5979 18
5980 18
5981 18
5982 18
5983 18
5984 18
5985 17
5986 18
5987 17
5988 17
5989 17
5990 17
5991 17
5992 17
5993 17
5994 17
5995 17
5996 17
5997 17
5998 17
5999 17
6000 18
6001 17
6002 17
6003 17
6004 17
6005 17
6006 17
6007 18
6008 18
6009 17
6010 18
6011 17
6012 17
6013 17
6014 17
6015 17
6016 17
6017 18
6018 17
6019 17
6020 17
6021 17
6022 17
6023 17
6024 17
6025 17
6026 18
6027 18
6028 17
6029 19
6030 18
6031 17
6032 17
6033 17
6034 17
6035 17
6036 17
6037 17
6038 17
6039 17
6040 18
6041 17
6042 17
6043 17
6044 17
6045 17
6046 17
6047 17
6048 17
6049 17
6050 17
6051 17
6052 17
6053 17
6054 17
6055 17
6056 17
6057 17
6058 17
6059 17
6060 17
6061 17
6062 17
6063 17
6064 17
6065 17
6066 17
6067 17
6068 18
6069 17
6070 17
6071 17
6072 17
6073 18
6074 17
6075 17
6076 17
6077 17
6078 17
6079 16
6080 18
6081 17
6082 17
6083 17
6084 17
6085 17
6086 17
6087 17
6088 18
6089 17
6090 17
6091 18
6092 18
6093 20
6094 17
6095 17
6096 17
6097 17
6098 17
6099 17
6100 17
6101 17
6102 18
6103 17
6104 17
6105 17
6106 17
6107 17
6108 17
6109 17
6110 17
6111 17
6112 17
6113 18
6114 17
6115 17
6116 18
6117 18
6118 18
6119 17
6120 17
6121 17
6122 17
6123 17
6124 17
6125 17
6126 18
6127 18
6128 18
6129 18
6130 18
6131 17
6132 17
6133 17
6134 17
6135 17
6136 17
6137 17
6138 17
6139 22
6140 17
6141 17
6142 17
6143 17
6144 17
6145 17
6146 17
6147 17
6148 17
6149 17
6150 17
6151 18
6152 18
6153 17
6154 17
6155 17
6156 17
6157 19
6158 17
6159 17
6160 17
6161 17
6162 17
6163 17
6164 17
6165 17
6166 17
6167 18
6168 17
6169 17
6170 17
6171 17
6172 17
6173 17
6174 17
6175 18
6176 17
6177 17
6178 18
6179 17
6180 17
6181 17
6182 17
6183 17
6184 17
6185 17
6186 17
6187 17
6188 17
6189 17
6190 17
6191 17
6192 17
6193 17
6194 17
6195 17
6196 17
6197 17
6198 18
6199 17
6200 17
6201 17
6202 17
6203 18
6204 17
6205 17
6206 17
6207 17
6208 17
6209 17
6210 17
6211 16
6212 17
6213 17
6214 17
6215 17
6216 17
6217 17
6218 17
6219 17
6220 17
6221 19
6222 17
6223 17
6224 17
6225 17
6226 17
6227 17
6228 17
6229 17
6230 17
6231 17
6232 17
6233 18
6234 18
6235 19
6236 18
6237 19
6238 18
6239 19
6240 20
6241 18
6242 19
6243 19
6244 18
6245 18
6246 19
6247 18
6248 20
6249 46
6250 19
6251 17
6252 18
6253 30
6254 19
6255 18
6256 17
6257 17
6258 18
6259 19
6260 17
6261 17
6262 17
6263 18
6264 17
6265 18
6266 19
6267 17
6268 17
6269 27
6270 18
6271 17
6272 17
6273 18
6274 17
6275 17
6276 17
6277 17
6278 17
6279 17
6280 17
6281 19
6282 17
6283 17
6284 16
6285 19
6286 17
6287 17
6288 17
6289 17
6290 18
6291 17
6292 18
6293 17
6294 17
6295 17
6296 17
6297 17
6298 17
6299 18
6300 17
6301 17
6302 17
6303 17
6304 17
6305 17
6306 17
6307 18
6308 18
6309 19
6310 17
6311 18
6312 17
6313 17
6314 17
6315 17
6316 17
6317 32
6318 18
6319 17
6320 17
6321 17
6322 17
6323 17
6324 17
6325 17
6326 29
6327 18
6328 18
6329 18
6330 18
6331 18
6332 18
6333 18
6334 17
6335 17
6336 17
6337 17
6338 18
6339 18
6340 17
6341 17
6342 17
6343 17
6344 17
6345 17
6346 17
6347 17
6348 17
6349 18
6350 17
6351 18
6352 17
6353 17
6354 18
6355 18
6356 17
6357 17
6358 17
6359 17
6360 17
6361 17
6362 17
6363 17
6364 17
6365 17
6366 18
6367 17
6368 18
6369 17
6370 17
6371 17
6372 17
6373 17
6374 17
6375 17
6376 17
6377 18
6378 17
6379 18
6380 17
6381 17
6382 17
6383 17
6384 17
6385 17
6386 17
6387 17
6388 17
6389 18
6390 17
6391 17
6392 17
6393 17
6394 18
6395 17
6396 18
6397 17
6398 18
6399 18
6400 18
6401 18
6402 18
6403 17
6404 18
6405 18
6406 18
6407 17
6408 16
6409 17
6410 17
6411 18
6412 17
6413 18
6414 17
6415 17
6416 17
6417 19
6418 17
6419 17
6420 18
6421 17
6422 17
6423 17
6424 17
6425 17
6426 17
6427 17
6428 18
6429 18
6430 17
6431 17
6432 17
6433 17
6434 17
6435 18
6436 18
6437 17
6438 17
6439 17
6440 28
6441 18
6442 17
6443 17
6444 19
6445 18
6446 18
6447 17
6448 17
6449 17
6450 18
6451 18
6452 17
6453 18
6454 18
6455 18
6456 17
6457 17
6458 18
6459 17
6460 17
6461 17
6462 17
6463 17
6464 17
6465 17
6466 17
6467 18
6468 17
6469 17
6470 18
6471 17
6472 17
6473 17
6474 17
6475 17
6476 17
6477 17
6478 17
6479 17
6480 17
6481 17
6482 17
6483 27
6484 18
6485 27
6486 18
6487 17
6488 18
6489 18
6490 18
6491 17
6492 18
6493 18
6494 17
6495 17
6496 17
6497 17
6498 17
6499 17
6500 17
6501 17
6502 17
6503 17
6504 17
6505 17
6506 17
6507 18
6508 20
6509 18
6510 17
6511 18
6512 18
6513 18
6514 17
6515 18
6516 17
6517 17
6518 17
6519 17
6520 18
6521 18
6522 18
6523 18
6524 18
6525 17
6526 17
6527 17
6528 17
6529 17
6530 17
6531 17
6532 18
6533 18
6534 17
6535 17
6536 17
6537 18
6538 18
6539 18
6540 18
6541 18
6542 18
6543 18
6544 18
6545 18
6546 18
6547 18
6548 18
6549 17
6550 17
6551 17
6552 18
6553 20
6554 18
6555 18
6556 18
6557 17
6558 18
6559 17
6560 17
6561 17
6562 17
6563 17
6564 17
6565 17
6566 17
6567 17
6568 17
6569 17
6570 17
6571 17
6572 18
6573 18
6574 17
6575 17
6576 17
6577 17
6578 17
6579 17
6580 17
6581 17
6582 17
6583 17
6584 17
6585 18
6586 18
6587 19
6588 18
6589 18
6590 19
6591 17
6592 18
6593 17
6594 17
6595 17
6596 17
6597 17
6598 17
6599 18
6600 17
6601 19
6602 17
6603 18
6604 17
6605 17
6606 27
6607 18
6608 17
6609 17
6610 17
6611 18
6612 18
6613 18
6614 18
6615 18
6616 18
6617 17
6618 17
6619 17
6620 18
6621 18
6622 17
6623 18
6624 18
6625 18
6626 17
6627 18
6628 18
6629 18
6630 18
6631 17
6632 17
6633 17
6634 17
6635 18
6636 17
6637 18
6638 18
6639 17
6640 17
6641 17
6642 17
6643 17
6644 17
6645 18
6646 18
6647 17
6648 18
6649 18
6650 18
6651 18
6652 18
6653 18
6654 17
6655 18
6656 18
6657 18
6658 18
6659 18
6660 18
6661 17
6662 27
6663 18
6664 22
6665 18
6666 18
6667 18
6668 18
6669 17
6670 17
6671 17
6672 17
6673 18
6674 19
6675 17
6676 18
6677 18
6678 18
6679 17
6680 17
6681 17
6682 17
6683 17
6684 18
6685 19
6686 17
6687 17
6688 17
6689 18
6690 18
6691 18
6692 17
6693 17
6694 17
6695 27
6696 18
6697 17
6698 18
6699 17
6700 17
6701 17
6702 17
6703 19
6704 18
6705 17
6706 17
6707 17
6708 17
6709 17
6710 17
6711 17
6712 17
6713 17
6714 17
6715 17
6716 17
6717 17
6718 17
6719 25
6720 18
6721 17
6722 17
6723 17
6724 17
6725 17
6726 17
6727 17
6728 18
6729 17
6730 17
6731 17
6732 17
6733 18
6734 25
6735 18
6736 17
6737 17
6738 17
6739 17
6740 18
6741 18
6742 17
6743 17
6744 17
6745 25
6746 18
6747 17
6748 17
6749 17
6750 17
6751 17
6752 17
6753 17
6754 17
6755 17
6756 17
6757 17
6758 17
6759 17
6760 17
6761 17
6762 17
6763 18
6764 18
6765 17
6766 17
6767 19
6768 17
6769 17
6770 17
6771 17
6772 17
6773 18
6774 19
6775 18
6776 18
6777 18
6778 18
6779 18
6780 17
6781 18
6782 17
6783 18
6784 19
6785 19
6786 18
6787 17
6788 18
6789 18
6790 18
6791 18
6792 17
6793 17
6794 18
6795 18
6796 17
6797 17
6798 17
6799 18
6800 18
6801 18
6802 18
6803 18
6804 18
6805 18
6806 18
6807 18
6808 18
6809 17
6810 18
6811 18
6812 18
6813 18
6814 18
6815 18
6816 19
6817 17
6818 17
6819 17
6820 17
6821 18
6822 18
6823 18
6824 18
6825 18
6826 18
6827 18
6828 17
6829 27
6830 18
6831 20
6832 17
6833 17
6834 17
6835 17
6836 17
6837 17
6838 17
6839 17
6840 17
6841 17
6842 28
6843 17
6844 17
6845 18
6846 19
6847 18
6848 18
6849 17
6850 18
6851 18
6852 17
6853 17
6854 18
6855 18
6856 18
6857 19
6858 18
6859 18
6860 18
6861 18
6862 18
6863 18
6864 17
6865 17
6866 18
6867 18
6868 19
6869 17
6870 17
6871 17
6872 17
6873 17
6874 17
6875 18
6876 17
6877 17
6878 18
6879 19
6880 17
6881 18
6882 17
6883 17
6884 17
6885 17
6886 17
6887 17
6888 17
6889 17
6890 17
6891 17
6892 17
6893 17
6894 17
6895 19
6896 19
6897 18
6898 18
6899 17
6900 17
6901 19
6902 19
6903 18
6904 17
6905 18
6906 17
6907 19
6908 18
6909 17
6910 17
6911 17
6912 17
6913 17
6914 17
6915 18
6916 18
6917 17
6918 17
6919 17
6920 17
6921 17
6922 17
6923 17
6924 17
6925 17
6926 17
6927 17
6928 17
6929 18
6930 17
6931 18
6932 18
6933 19
6934 18
6935 17
6936 18
6937 17
6938 17
6939 17
6940 17
6941 19
6942 18
6943 18
6944 17
6945 17
6946 27
6947 18
6948 17
6949 17
6950 18
6951 17
6952 17
6953 17
6954 17
6955 17
6956 17
6957 17
6958 19
6959 19
6960 17
6961 17
6962 17
6963 17
6964 17
6965 18
6966 17
6967 17
6968 26
6969 19
6970 18
6971 18
6972 17
6973 17
6974 18
6975 17
6976 18
6977 17
6978 17
6979 17
6980 17
6981 17
6982 17
6983 17
6984 17
6985 18
6986 17
6987 17
6988 17
6989 17
6990 17
6991 17
6992 17
6993 17
6994 18
6995 17
6996 18
6997 17
6998 18
6999 18
7000 19
7001 18
7002 18
7003 18
7004 17
7005 17
7006 17
7007 17
7008 17
7009 17
7010 17
7011 17
7012 17
7013 26
7014 18
7015 18
7016 18
7017 17
7018 17
7019 17
7020 17
7021 30
7022 17
7023 19
7024 17
7025 17
7026 17
7027 17
7028 17
7029 17
7030 17
7031 17
7032 17
7033 17
7034 18
7035 17
7036 17
7037 17
7038 17
7039 18
7040 18
7041 19
7042 19
7043 18
7044 17
7045 17
7046 17
7047 18
7048 17
7049 17
7050 18
7051 18
7052 18
7053 18
7054 17
7055 17
7056 17
7057 17
7058 17
7059 17
7060 17
7061 17
7062 17
7063 17
7064 17
7065 18
7066 19
7067 17
7068 17
7069 17
7070 17
7071 18
7072 17
7073 17
7074 17
7075 17
7076 17
7077 17
7078 17
7079 16
7080 27
7081 19
7082 18
7083 17
7084 17
7085 17
7086 17
7087 19
7088 18
7089 17
7090 17
7091 17
7092 17
7093 16
7094 17
7095 17
7096 17
7097 17
7098 17
7099 17
7100 17
7101 17
7102 17
7103 18
7104 18
7105 18
7106 18
7107 17
7108 17
7109 17
7110 17
7111 17
7112 17
7113 17
7114 18
7115 18
7116 18
7117 17
7118 17
7119 17
7120 17
7121 18
7122 17
7123 17
7124 17
7125 18
7126 19
7127 17
7128 17
7129 17
7130 17
7131 19
7132 17
7133 18
7134 17
7135 17
7136 28
7137 18
7138 18
7139 18
7140 17
7141 17
7142 17
7143 17
7144 17
7145 17
7146 17
7147 17
7148 17
7149 17
7150 17
7151 19
7152 17
7153 18
7154 19
7155 18
7156 17
7157 20
7158 17
7159 17
7160 17
7161 17
7162 17
7163 17
7164 17
7165 17
7166 17
7167 17
7168 17
7169 18
7170 18
7171 19
7172 18
7173 17
7174 17
7175 28
7176 18
7177 17
7178 18
7179 18
7180 17
7181 17
7182 18
7183 17
7184 17
7185 18
7186 19
7187 19
7188 18
7189 17
7190 17
7191 17
7192 17
7193 17
7194 17
7195 17
7196 17
7197 17
7198 17
7199 17
7200 19
7201 18
7202 17
7203 16
7204 17
7205 17
7206 17
7207 17
7208 18
7209 22
7210 19
7211 18
7212 17
7213 17
7214 20
7215 20
7216 20
7217 17
7218 17
7219 17
7220 17
7221 17
7222 18
7223 17
7224 17
7225 17
7226 17
7227 17
7228 17
7229 17
7230 26
7231 18
7232 17
7233 17
7234 17
7235 17
7236 18
7237 17
7238 18
7239 18
7240 17
7241 18
7242 17
7243 17
7244 17
7245 17
7246 17
7247 17
7248 18
7249 18
7250 17
7251 17
7252 17
7253 17
7254 25
7255 18
7256 17
7257 17
7258 19
7259 19
7260 19
7261 17
7262 17
7263 17
7264 17
7265 17
7266 18
7267 19
7268 18
7269 18
7270 17
7271 17
7272 18
7273 17
7274 18
7275 18
7276 17
7277 17
7278 17
7279 19
7280 18
7281 19
7282 19
7283 17
7284 17
7285 17
7286 18
7287 17
7288 17
7289 17
7290 18
7291 17
7292 17
7293 17
7294 16
7295 17
7296 17
7297 17
7298 19
7299 18
7300 17
7301 18
7302 18
7303 19
7304 17
7305 18
7306 18
7307 17
7308 17
7309 18
7310 18
7311 17
7312 17
7313 17
7314 18
7315 18
7316 18
7317 17
7318 18
7319 17
7320 18
7321 17
7322 17
7323 17
7324 18
7325 17
7326 17
7327 17
7328 17
7329 18
7330 18
7331 18
7332 18
7333 18
7334 18
7335 18
7336 18
7337 17
7338 17
7339 17
7340 18
7341 17
7342 18
7343 19
7344 17
7345 18
7346 17
7347 17
7348 17
7349 17
7350 17
7351 17
7352 17
7353 18
7354 18
7355 18
7356 17
7357 17
7358 17
7359 17
7360 17
7361 17
7362 17
7363 18
7364 18
7365 17
7366 17
7367 17
7368 17
7369 17
7370 18
7371 18
7372 18
7373 18
7374 17
7375 17
7376 17
7377 17
7378 27
7379 17
7380 17
7381 17
7382 17
7383 16
7384 17
7385 17
7386 17
7387 17
7388 17
7389 17
7390 17
7391 17
7392 28
7393 18
7394 17
7395 17
7396 17
7397 17
7398 17
7399 17
7400 17
7401 17
7402 17
7403 17
7404 17
7405 18
7406 18
7407 19
7408 17
7409 17
7410 17
7411 17
7412 17
7413 17
7414 17
7415 17
7416 17
7417 18
7418 19
7419 17
7420 17
7421 17
7422 17
7423 17
7424 17
7425 17
7426 17
7427 17
7428 17
7429 17
7430 17
7431 17
7432 17
7433 17
7434 17
7435 17
7436 18
7437 17
7438 17
7439 17
7440 17
7441 16
7442 20
7443 17
7444 25
7445 18
7446 17
7447 17
7448 17
7449 17
7450 17
7451 18
7452 17
7453 17
7454 17
7455 19
7456 18
7457 17
7458 17
7459 17
7460 17
7461 17
7462 17
7463 18
7464 17
7465 18
7466 19
7467 18
7468 17
7469 17
7470 18
7471 19
7472 18
7473 18
7474 18
7475 17
7476 18
7477 19
7478 18
7479 18
7480 17
7481 17
7482 17
7483 17
7484 17
7485 16
7486 18
7487 18
7488 17
7489 17
7490 17
7491 17
7492 17
7493 17
7494 17
7495 17
7496 17
7497 17
7498 17
7499 17
7500 17
7501 17
7502 18
7503 18
7504 17
7505 17
7506 17
7507 17
7508 17
7509 17
7510 17
7511 17
7512 17
7513 17
7514 18
7515 17
7516 17
7517 18
7518 18
7519 18
7520 18
7521 18
7522 17
7523 17
7524 17
7525 17
7526 17
7527 17
7528 17
7529 17
7530 16
7531 17
7532 17
7533 17
7534 18
7535 20
7536 17
7537 17
7538 17
7539 17
7540 17
7541 17
7542 17
7543 17
7544 18
7545 17
7546 17
7547 17
7548 17
7549 17
7550 18
7551 18
7552 17
7553 18
7554 17
7555 18
7556 17
7557 17
7558 27
7559 18
7560 17
7561 18
7562 17
7563 17
7564 17
7565 17
7566 18
7567 19
7568 17
7569 17
7570 17
7571 17
7572 18
7573 19
7574 18
7575 17
7576 17
7577 17
7578 17
7579 17
7580 17
7581 17
7582 17
7583 17
7584 17
7585 17
7586 17
7587 17
7588 17
7589 17
7590 18
7591 17
7592 17
7593 17
7594 17
7595 16
7596 27
7597 18
7598 17
7599 18
7600 17
7601 17
7602 17
7603 17
7604 17
7605 17
7606 17
7607 18
7608 17
7609 17
7610 17
7611 17
7612 18
7613 17
7614 18
7615 16
7616 17
7617 17
7618 18
7619 17
7620 17
7621 17
7622 17
7623 18
7624 18
7625 17
7626 17
7627 17
7628 26
7629 18
7630 18
7631 18
7632 17
7633 17
7634 17
7635 17
7636 18
7637 18
7638 17
7639 18
7640 19
7641 17
7642 17
7643 17
7644 17
7645 17
7646 17
7647 17
7648 17
7649 17
7650 17
7651 18
7652 17
7653 17
7654 17
7655 17
7656 17
7657 17
7658 17
7659 18
7660 17
7661 17
7662 17
7663 21
7664 18
7665 17
7666 17
7667 17
7668 17
7669 17
7670 17
7671 17
7672 17
7673 17
7674 17
7675 17
7676 17
7677 17
7678 16
7679 18
7680 19
7681 18
7682 17
7683 17
7684 17
7685 17
7686 17
7687 16
7688 17
7689 17
7690 17
7691 17
7692 17
7693 18
7694 17
7695 17
7696 18
7697 18
7698 18
7699 17
7700 17
7701 17
7702 18
7703 18
7704 18
7705 17
7706 17
7707 17
7708 19
7709 18
7710 18
7711 18
7712 18
7713 18
7714 18
7715 17
7716 17
7717 17
7718 18
7719 18
7720 18
7721 17
7722 17
7723 17
7724 18
7725 18
7726 18
7727 22
7728 17
7729 17
7730 18
7731 18
7732 18
7733 18
7734 17
7735 17
7736 17
7737 242
7738 26
7739 18
7740 18
7741 17
7742 17
7743 16
7744 18
7745 17
7746 17
7747 17
7748 17
7749 17
7750 17
7751 17
7752 17
7753 17
7754 17
7755 17
7756 17
7757 17
7758 17
7759 17
7760 17
7761 17
7762 17
7763 17
7764 18
7765 18
7766 29
7767 19
7768 17
7769 17
7770 17
7771 17
7772 17
7773 17
7774 17
7775 17
7776 17
7777 17
7778 17
7779 17
7780 18
7781 17
7782 17
7783 17
7784 17
7785 17
7786 17
7787 24
7788 18
7789 18
7790 17
7791 17
7792 17
7793 17
7794 17
7795 17
7796 17
7797 17
7798 19
7799 18
7800 17
7801 18
7802 18
7803 17
7804 18
7805 17
7806 17
7807 17
7808 27
7809 18
7810 18
7811 18
7812 17
7813 17
7814 17
7815 18
7816 17
7817 18
7818 17
7819 18
7820 19
7821 18
7822 17
7823 17
7824 18
7825 17
7826 17
7827 18
7828 17
7829 17
7830 17
7831 18
7832 18
7833 17
7834 17
7835 17
7836 17
7837 17
7838 17
7839 17
7840 18
7841 18
7842 17
7843 17
7844 17
7845 17
7846 17
7847 19
7848 17
7849 18
7850 18
7851 19
7852 17
7853 18
7854 17
7855 18
7856 17
7857 17
7858 18
7859 19
7860 18
7861 18
7862 17
7863 17
7864 17
7865 19
7866 18
7867 17
7868 18
7869 18
7870 17
7871 18
7872 18
7873 17
7874 17
7875 18
7876 20
7877 18
7878 18
7879 17
7880 17
7881 17
7882 18
7883 18
7884 17
7885 17
7886 26
7887 18
7888 18
7889 17
7890 17
7891 17
7892 17
7893 17
7894 17
7895 18
7896 18
7897 18
7898 17
7899 17
7900 17
7901 18
7902 18
7903 18
7904 19
7905 28
7906 18
7907 17
7908 18
7909 19
7910 18
7911 18
7912 18
7913 17
7914 17
7915 17
7916 17
7917 17
7918 18
7919 18
7920 19
7921 19
7922 18
7923 18
7924 17
7925 17
7926 17
7927 17
7928 17
7929 17
7930 17
7931 17
7932 18
7933 17
7934 17
7935 17
7936 17
7937 19
7938 18
7939 18
7940 18
7941 17
7942 17
7943 17
7944 17
7945 17
7946 18
7947 18
7948 17
7949 17
7950 18
7951 18
7952 18
7953 18
7954 18
7955 18
7956 17
7957 18
7958 18
7959 19
7960 17
7961 18
7962 17
7963 17
7964 17
7965 17
7966 17
7967 17
7968 17
7969 17
7970 18
7971 18
7972 18
7973 17
7974 17
7975 18
7976 17
7977 18
7978 18
7979 17
7980 17
7981 17
7982 17
7983 17
7984 17
7985 17
7986 17
7987 18
7988 19
7989 19
7990 18
7991 18
7992 28
7993 18
7994 18
7995 17
7996 18
7997 18
7998 18
7999 17
8000 18
8001 18
8002 17
8003 18
8004 20
8005 17
8006 17
8007 17
8008 17
8009 17
8010 18
8011 17
8012 18
8013 18
8014 17
8015 17
8016 18
8017 18
8018 17
8019 17
8020 18
8021 20
8022 18
8023 17
8024 17
8025 17
8026 17
8027 18
8028 18
8029 18
8030 18
8031 18
8032 18
8033 17
8034 17
8035 18
8036 18
8037 18
8038 18
8039 18
8040 18
8041 18
8042 17
8043 17
8044 18
8045 17
8046 18
8047 18
8048 18
8049 19
8050 17
8051 18
8052 18
8053 18
8054 18
8055 17
8056 17
8057 17
8058 18
8059 18
8060 19
8061 18
8062 17
8063 18
8064 26
8065 19
8066 18
8067 17
8068 17
8069 17
8070 17
8071 18
8072 17
8073 17
8074 17
8075 18
8076 18
8077 18
8078 18
8079 17
8080 17
8081 17
8082 19
8083 18
8084 18
8085 18
8086 18
8087 19
8088 17
8089 17
8090 18
8091 18
8092 18
8093 18
8094 18
8095 17
8096 17
8097 16
8098 17
8099 17
8100 17
8101 17
8102 17
8103 17
8104 19
8105 18
8106 17
8107 18
8108 17
8109 17
8110 17
8111 18
8112 17
8113 18
8114 17
8115 18
8116 18
8117 17
8118 17
8119 17
8120 17
8121 19
8122 18
8123 18
8124 17
8125 27
8126 18
8127 17
8128 17
8129 17
8130 17
8131 17
8132 17
8133 18
8134 18
8135 18
8136 17
8137 17
8138 17
8139 17
8140 17
8141 17
8142 17
8143 17
8144 17
8145 18
8146 18
8147 17
8148 17
8149 25
8150 18
8151 18
8152 17
8153 17
8154 17
8155 17
8156 17
8157 17
8158 17
8159 17
8160 17
8161 17
8162 17
8163 17
8164 17
8165 18
8166 18
8167 18
8168 19
8169 18
8170 17
8171 18
8172 17
8173 17
8174 17
8175 17
8176 18
8177 17
8178 18
8179 18
8180 18
8181 18
8182 19
8183 18
8184 17
8185 17
8186 17
8187 17
8188 17
8189 17
8190 17
8191 18
8192 17
8193 17
8194 17
8195 17
8196 17
8197 17
8198 18
8199 19
8200 18
8201 18
8202 17
8203 18
8204 17
8205 18
8206 17
8207 17
8208 18
8209 27
8210 17
8211 17
8212 17
8213 18
8214 17
8215 18
8216 18
8217 18
8218 17
8219 17
8220 18
8221 19
8222 18
8223 17
8224 17
8225 17
8226 17
8227 17
8228 17
8229 17
8230 18
8231 26
8232 19
8233 18
8234 17
8235 17
8236 17
8237 18
8238 17
8239 18
8240 17
8241 17
8242 17
8243 17
8244 17
8245 17
8246 17
8247 17
8248 18
8249 17
8250 17
8251 17
8252 17
8253 17
8254 17
8255 17
8256 17
8257 17
8258 16
8259 17
8260 17
8261 17
8262 31
8263 17
8264 17
8265 17
8266 17
8267 17
8268 17
8269 18
8270 18
8271 18
8272 18
8273 17
8274 17
8275 17
8276 17
8277 18
8278 18
8279 19
8280 17
8281 17
8282 17
8283 17
8284 17
8285 17
8286 17
8287 18
8288 17
8289 17
8290 18
8291 17
8292 17
8293 18
8294 17
8295 17
8296 17
8297 17
8298 17
8299 17
8300 17
8301 17
8302 17
8303 17
8304 17
8305 26
8306 19
8307 18
8308 17
8309 17
8310 17
8311 17
8312 17
8313 17
8314 17
8315 17
8316 17
8317 17
8318 18
8319 18
8320 18
8321 18
8322 18
8323 17
8324 17
8325 17
8326 17
8327 17
8328 17
8329 17
8330 17
8331 17
8332 17
8333 17
8334 18
8335 18
8336 18
8337 18
8338 18
8339 18
8340 18
8341 17
8342 17
8343 26
8344 18
8345 18
8346 17
8347 17
8348 17
8349 17
8350 17
8351 17
8352 17
8353 17
8354 18
8355 17
8356 17
8357 17
8358 17
8359 17
8360 18
8361 19
8362 18
8363 18
8364 18
8365 18
8366 18
8367 17
8368 18
8369 18
8370 17
8371 17
8372 18
8373 18
8374 17
8375 17
8376 17
8377 18
8378 18
8379 17
8380 18
8381 18
8382 17
8383 18
8384 18
8385 19
8386 17
8387 18
8388 18
8389 17
8390 17
8391 17
8392 18
8393 27
8394 19
8395 17
8396 18
8397 17
8398 25
8399 18
8400 17
8401 17
8402 18
8403 18
8404 17
8405 17
8406 18
8407 18
8408 18
8409 18
8410 18
8411 17
8412 18
8413 18
8414 18
8415 18
8416 17
8417 17
8418 18
8419 17
8420 17
8421 18
8422 17
8423 19
8424 18
8425 17
8426 18
8427 18
8428 18
8429 18
8430 18
8431 18
8432 17
8433 18
8434 18
8435 17
8436 18
8437 18
8438 19
8439 18
8440 18
8441 18
8442 17
8443 17
8444 18
8445 18
8446 17
8447 18
8448 18
8449 18
8450 18
8451 26
8452 18
8453 17
8454 17
8455 18
8456 18
8457 17
8458 17
8459 18
8460 18
8461 17
8462 18
8463 18
8464 27
8465 18
8466 17
8467 17
8468 18
8469 17
8470 18
8471 17
8472 17
8473 17
8474 17
8475 17
8476 17
8477 17
8478 17
8479 17
8480 17
8481 17
8482 17
8483 17
8484 18
8485 18
8486 17
8487 17
8488 17
8489 17
8490 17
8491 18
8492 17
8493 17
8494 17
8495 17
8496 18
8497 17
8498 17
8499 18
8500 18
8501 20
8502 17
8503 17
8504 17
8505 17
8506 17
8507 18
8508 18
8509 17
8510 19
8511 17
8512 18
8513 18
8514 18
8515 17
8516 18
8517 18
8518 18
8519 18
8520 18
8521 19
8522 17
8523 18
8524 17
8525 17
8526 18
8527 19
8528 18
8529 17
8530 17
8531 18
8532 18
8533 18
8534 17
8535 17
8536 18
8537 17
8538 17
8539 17
8540 17
8541 17
8542 18
8543 18
8544 18
8545 17
8546 17
8547 17
8548 17
8549 17
8550 26
8551 18
8552 18
8553 17
8554 17
8555 17
8556 17
8557 17
8558 17
8559 17
8560 17
8561 17
8562 18
8563 17
8564 17
8565 18
8566 18
8567 19
8568 17
8569 17
8570 17
8571 17
8572 17
8573 17
8574 17
8575 17
8576 17
8577 18
8578 19
8579 18
8580 17
8581 18
8582 18
8583 17
8584 18
8585 17
8586 17
8587 17
8588 18
8589 19
8590 18
8591 17
8592 17
8593 18
8594 17
8595 17
8596 17
8597 18
8598 17
8599 17
8600 18
8601 18
8602 17
8603 17
8604 18
8605 18
8606 17
8607 17
8608 17
8609 18
8610 18
8611 19
8612 18
8613 18
8614 18
8615 17
8616 17
8617 17
8618 27
8619 18
8620 18
8621 18
8622 18
8623 17
8624 17
8625 18
8626 17
8627 18
8628 18
8629 18
8630 17
8631 17
8632 17
8633 17
8634 17
8635 17
8636 17
8637 18
8638 17
8639 17
8640 17
8641 18
8642 18
8643 17
8644 18
8645 18
8646 17
8647 18
8648 18
8649 18
8650 18
8651 18
8652 17
8653 18
8654 17
8655 17
8656 17
8657 17
8658 17
8659 17
8660 26
8661 18
8662 18
8663 18
8664 17
8665 18
8666 18
8667 18
8668 17
8669 18
8670 17
8671 17
8672 17
8673 17
8674 17
8675 17
8676 17
8677 18
8678 18
8679 18
8680 17
8681 18
8682 18
8683 17
8684 18
8685 18
8686 17
8687 17
8688 17
8689 19
8690 18
8691 18
8692 18
8693 17
8694 17
8695 17
8696 17
8697 17
8698 17
8699 27
8700 18
8701 18
8702 17
8703 17
8704 17
8705 17
8706 17
8707 18
8708 17
8709 18
8710 17
8711 19
8712 18
8713 17
8714 17
8715 18
8716 17
8717 17
8718 17
8719 17
8720 17
8721 17
8722 18
8723 17
8724 18
8725 17
8726 17
8727 18
8728 17
8729 17
8730 17
8731 17
8732 18
8733 17
8734 17
8735 17
8736 18
8737 18
8738 17
8739 18
8740 17
8741 17
8742 18
8743 17
8744 17
8745 19
8746 18
8747 17
8748 17
8749 17
8750 17
8751 17
8752 17
8753 17
8754 17
8755 16
8756 17
8757 17
8758 18
8759 18
8760 18
8761 18
8762 18
8763 18
8764 18
8765 17
8766 17
8767 18
8768 17
8769 18
8770 18
8771 18
8772 17
8773 17
8774 17
8775 17
8776 17
8777 17
8778 17
8779 17
8780 17
8781 17
8782 17
8783 17
8784 18
8785 18
8786 18
8787 17
8788 18
8789 19
8790 18
8791 17
8792 18
8793 18
8794 17
8795 17
8796 18
8797 23
8798 18
8799 18
8800 17
8801 17
8802 17
8803 18
8804 17
8805 17
8806 19
8807 18
8808 18
8809 18
8810 17
8811 17
8812 17
8813 17
8814 17
8815 17
8816 17
8817 17
8818 17
8819 17
8820 17
8821 17
8822 17
8823 17
8824 17
8825 18
8826 17
8827 18
8828 18
8829 17
8830 17
8831 17
8832 17
8833 17
8834 17
8835 17
8836 18
8837 18
8838 17
8839 17
8840 17
8841 27
8842 18
8843 17
8844 17
8845 17
8846 17
8847 17
8848 17
8849 17
8850 17
8851 22
8852 19
8853 18
8854 17
8855 18
8856 19
8857 18
8858 17
8859 17
8860 17
8861 17
8862 19
8863 18
8864 17
8865 17
8866 18
8867 17
8868 18
8869 17
8870 17
8871 17
8872 18
8873 19
8874 18
8875 17
8876 17
8877 17
8878 17
8879 17
8880 17
8881 17
8882 18
8883 18
8884 18
8885 18
8886 18
8887 18
8888 18
8889 18
8890 18
8891 17
8892 17
8893 18
8894 18
8895 17
8896 19
8897 18
8898 17
8899 17
8900 17
8901 17
8902 18
8903 17
8904 21
8905 17
8906 26
8907 18
8908 17
8909 17
8910 17
8911 17
8912 18
8913 17
8914 17
8915 17
8916 17
8917 18
8918 19
8919 18
8920 17
8921 17
8922 17
8923 17
8924 17
8925 17
8926 17
8927 17
8928 16
8929 19
8930 17
8931 18
8932 17
8933 17
8934 17
8935 17
8936 17
8937 18
8938 17
8939 17
8940 17
8941 19
8942 17
8943 17
8944 17
8945 18
8946 17
8947 17
8948 17
8949 17
8950 18
8951 17
8952 17
8953 17
8954 17
8955 17
8956 17
8957 17
8958 18
8959 17
8960 17
8961 17
8962 16
8963 17
8964 17
8965 17
8966 17
8967 17
8968 19
8969 17
8970 17
8971 17
8972 17
8973 17
8974 17
8975 18
8976 28
8977 17
8978 17
8979 17
8980 18
8981 17
8982 17
8983 17
8984 17
8985 17
8986 18
8987 18
8988 17
8989 17
8990 26
8991 19
8992 17
8993 17
8994 17
8995 17
8996 18
8997 17
8998 17
8999 17
9000 17
9001 17
9002 17
9003 17
9004 17
9005 17
9006 17
9007 17
9008 17
9009 17
9010 17
9011 17
9012 17
9013 27
9014 18
9015 18
9016 18
9017 17
9018 17
9019 17
9020 17
9021 17
9022 17
9023 17
9024 17
9025 17
9026 17
9027 18
9028 17
9029 24
9030 18
9031 17
9032 19
9033 17
9034 17
9035 18
9036 17
9037 18
9038 16
9039 17
9040 17
9041 17
9042 17
9043 17
9044 18
9045 18
9046 18
9047 18
9048 17
9049 17
9050 17
9051 17
9052 17
9053 18
9054 17
9055 17
9056 17
9057 17
9058 18
9059 17
9060 17
9061 17
9062 17
9063 18
9064 17
9065 18
9066 17
9067 17
9068 17
9069 17
9070 17
9071 17
9072 17
9073 17
9074 17
9075 17
9076 16
9077 17
9078 17
9079 17
9080 17
9081 17
9082 17
9083 17
9084 17
9085 17
9086 17
9087 17
9088 17
9089 17
9090 17
9091 17
9092 17
9093 17
9094 17
9095 17
9096 19
9097 17
9098 18
9099 17
9100 17
9101 17
9102 18
9103 17
9104 17
9105 17
9106 17
9107 18
9108 17
9109 18
9110 18
9111 19
9112 17
9113 17
9114 27
9115 17
9116 17
9117 17
9118 18
9119 17
9120 17
9121 17
9122 17
9123 17
9124 17
9125 17
9126 17
9127 17
9128 17
9129 17
9130 17
9131 18
9132 18
9133 17
9134 17
9135 17
9136 17
9137 17
9138 17
9139 17
9140 17
9141 17
9142 17
9143 17
9144 17
9145 17
9146 17
9147 17
9148 17
9149 17
9150 17
9151 17
9152 17
9153 17
9154 17
9155 26
9156 256
9157 17
9158 18
9159 18
9160 18
9161 19
9162 18
9163 18
9164 17
9165 18
9166 17
9167 18
9168 17
9169 17
9170 18
9171 18
9172 18
9173 18
9174 17
9175 17
9176 18
9177 18
9178 17
9179 17
9180 18
9181 18
9182 17
9183 17
9184 17
9185 18
9186 18
9187 18
9188 18
9189 18
9190 18
9191 18
9192 17
9193 18
9194 18
9195 18
9196 17
9197 17
9198 17
9199 17
9200 17
9201 17
9202 17
9203 17
9204 18
9205 18
9206 18
9207 17
9208 18
9209 18
9210 18
9211 18
9212 17
9213 17
9214 17
9215 18
9216 18
9217 17
9218 17
9219 18
9220 18
9221 18
9222 18
9223 17
9224 18
9225 18
9226 29
9227 18
9228 18
9229 17
9230 17
9231 17
9232 17
9233 17
9234 17
9235 17
9236 17
9237 18
9238 18
9239 18
9240 17
9241 18
9242 17
9243 17
9244 17
9245 17
9246 17
9247 17
9248 17
9249 17
9250 16
9251 18
9252 17
9253 17
9254 27
9255 18
9256 17
9257 17
9258 17
9259 24
9260 19
9261 18
9262 17
9263 17
9264 17
9265 17
9266 17
9267 18
9268 17
9269 17
9270 24
9271 19
9272 17
9273 18
9274 17
9275 18
9276 19
9277 17
9278 18
9279 17
9280 17
9281 17
9282 17
9283 17
9284 17
9285 18
9286 18
9287 18
9288 18
9289 17
9290 17
9291 17
9292 17
9293 17
9294 17
9295 17
9296 17
9297 17
9298 18
9299 17
9300 17
9301 17
9302 17
9303 17
9304 17
9305 17
9306 17
9307 17
9308 17
9309 17
9310 18
9311 17
9312 18
9313 17
9314 17
9315 17
9316 17
9317 18
9318 19
9319 18
9320 17
9321 18
9322 17
9323 22
9324 17
9325 17
9326 27
9327 18
9328 17
9329 17
9330 18
9331 17
9332 18
9333 17
9334 17
9335 17
9336 17
9337 18
9338 17
9339 17
9340 17
9341 18
9342 18
9343 19
9344 17
9345 18
9346 17
9347 17
9348 17
9349 17
9350 17
9351 17
9352 17
9353 18
9354 17
9355 17
9356 17
9357 17
9358 17
9359 18
9360 17
9361 17
9362 18
9363 18
9364 17
9365 17
9366 17
9367 17
9368 17
9369 17
9370 18
9371 18
9372 26
9373 18
9374 18
9375 17
9376 17
9377 17
9378 17
9379 18
9380 18
9381 18
9382 18
9383 18
9384 18
9385 18
9386 17
9387 18
9388 17
9389 17
9390 17
9391 17
9392 17
9393 18
9394 19
9395 18
9396 17
9397 17
9398 17
9399 17
9400 17
9401 18
9402 18
9403 18
9404 18
9405 17
9406 17
9407 17
9408 17
9409 18
9410 18
9411 17
9412 18
9413 17
9414 17
9415 17
9416 17
9417 17
9418 17
9419 17
9420 17
9421 18
9422 19
9423 17
9424 17
9425 17
9426 18
9427 18
9428 17
9429 18
9430 18
9431 18
9432 17
9433 17
9434 17
9435 17
9436 17
9437 17
9438 17
9439 17
9440 17
9441 18
9442 18
9443 18
9444 18
9445 18
9446 18
9447 17
9448 17
9449 17
9450 17
9451 17
9452 17
9453 17
9454 17
9455 17
9456 17
9457 17
9458 17
9459 18
9460 18
9461 17
9462 17
9463 18
9464 18
9465 18
9466 20
9467 17
9468 18
9469 18
9470 19
9471 18
9472 17
9473 18
9474 18
9475 18
9476 17
9477 18
9478 18
9479 17
9480 17
9481 17
9482 17
9483 18
9484 19
9485 17
9486 17
9487 17
9488 17
9489 19
9490 17
9491 18
9492 17
9493 17
9494 17
9495 17
9496 17
9497 17
9498 17
9499 17
9500 18
9501 18
9502 22
9503 18
9504 17
9505 17
9506 17
9507 17
9508 17
9509 17
9510 17
9511 17
9512 17
9513 17
9514 17
9515 17
9516 17
9517 17
9518 18
9519 18
9520 18
9521 17
9522 17
9523 17
9524 17
9525 17
9526 17
9527 17
9528 27
9529 18
9530 17
9531 17
9532 17
9533 17
9534 18
9535 17
9536 17
9537 17
9538 17
9539 17
9540 18
9541 17
9542 17
9543 17
9544 17
9545 17
9546 18
9547 18
9548 18
9549 17
9550 17
9551 17
9552 17
9553 17
9554 17
9555 17
9556 18
9557 21
9558 18
9559 17
9560 17
9561 16
9562 18
9563 17
9564 17
9565 17
9566 17
9567 26
9568 18
9569 17
9570 17
9571 17
9572 17
9573 17
9574 17
9575 17
9576 17
9577 17
9578 17
9579 16
9580 17
9581 17
9582 17
9583 17
9584 17
9585 19
9586 17
9587 17
9588 17
9589 17
9590 19
9591 18
9592 18
9593 17
9594 17
9595 18
9596 19
9597 18
9598 17
9599 17
9600 17
9601 17
9602 17
9603 17
9604 17
9605 17
9606 17
9607 17
9608 17
9609 17
9610 17
9611 17
9612 17
9613 17
9614 17
9615 17
9616 17
9617 17
9618 17
9619 18
9620 17
9621 19
9622 17
9623 17
9624 17
9625 17
9626 17
9627 17
9628 17
9629 17
9630 17
9631 17
9632 18
9633 19
9634 17
9635 18
9636 19
9637 17
9638 17
9639 17
9640 17
9641 17
9642 17
9643 17
9644 17
9645 18
9646 17
9647 17
9648 17
9649 17
9650 17
9651 17
9652 17
9653 18
9654 18
9655 18
9656 17
9657 17
9658 17
9659 17
9660 18
9661 18
9662 18
9663 18
9664 17
9665 18
9666 17
9667 18
9668 18
9669 19
9670 18
9671 18
9672 17
9673 18
9674 17
9675 17
9676 18
9677 18
9678 17
9679 17
9680 17
9681 17
9682 28
9683 18
9684 18
9685 21
9686 19
9687 17
9688 17
9689 17
9690 28
9691 18
9692 17
9693 17
9694 18
9695 18
9696 18
9697 17
9698 17
9699 17
9700 18
9701 18
9702 18
9703 17
9704 17
9705 17
9706 17
9707 18
9708 19
9709 17
9710 18
9711 18
9712 18
9713 18
9714 18
9715 17
9716 17
9717 17
9718 17
9719 18
9720 18
9721 17
9722 17
9723 17
9724 18
9725 18
9726 18
9727 17
9728 17
9729 17
9730 17
9731 18
9732 28
9733 18
9734 19
9735 18
9736 18
9737 18
9738 17
9739 17
9740 18
9741 19
9742 18
9743 18
9744 17
9745 17
9746 17
9747 17
9748 17
9749 18
9750 17
9751 27
9752 18
9753 17
9754 18
9755 17
9756 17
9757 17
9758 17
9759 17
9760 17
9761 17
9762 18
9763 19
9764 18
9765 17
9766 17
9767 17
9768 18
9769 18
9770 17
9771 17
9772 17
9773 17
9774 16
9775 17
9776 17
9777 17
9778 17
9779 17
9780 17
9781 17
9782 17
9783 17
9784 17
9785 17
9786 17
9787 17
9788 17
9789 17
9790 17
9791 17
9792 17
9793 17
9794 17
9795 16
9796 17
9797 17
9798 18
9799 17
9800 17
9801 17
9802 17
9803 17
9804 17
9805 17
9806 17
9807 17
9808 17
9809 16
9810 17
9811 17
9812 17
9813 19
9814 17
9815 17
9816 18
9817 17
9818 17
9819 17
9820 17
9821 17
9822 17
9823 18
9824 17
9825 17
9826 17
9827 17
9828 17
9829 17
9830 17
9831 17
9832 17
9833 17
9834 17
9835 17
9836 17
9837 17
9838 17
9839 17
9840 17
9841 18
9842 17
9843 17
9844 17
9845 17
9846 17
9847 17
9848 17
9849 17
9850 17
9851 17
9852 17
9853 17
9854 17
9855 17
9856 17
9857 17
9858 17
9859 17
9860 17
9861 17
9862 27
9863 17
9864 17
9865 17
9866 17
9867 17
9868 17
9869 17
9870 17
9871 17
9872 17
9873 17
9874 17
9875 17
9876 17
9877 19
9878 17
9879 17
9880 17
9881 17
9882 17
9883 17
9884 17
9885 17
9886 17
9887 17
9888 17
9889 17
9890 17
9891 17
9892 17
9893 17
9894 17
9895 17
9896 18
9897 18
9898 18
9899 18
9900 18
9901 18
9902 17
9903 18
9904 17
9905 17
9906 17
9907 17
9908 17
9909 17
9910 17
9911 17
9912 17
9913 17
9914 17
9915 17
9916 17
9917 17
9918 17
9919 17
9920 17
9921 17
9922 17
9923 26
9924 19
9925 18
9926 17
9927 18
9928 18
9929 18
9930 17
9931 17
9932 18
9933 17
9934 17
9935 17
9936 17
9937 17
9938 18
9939 17
9940 17
9941 19
9942 17
9943 17
9944 17
9945 18
9946 18
9947 17
9948 17
9949 18
9950 18
9951 18
9952 17
9953 17
9954 17
9955 18
9956 18
9957 17
9958 17
9959 17
9960 17
9961 17
9962 18
9963 18
9964 17
9965 17
9966 17
9967 17
9968 18
9969 18
9970 17
9971 17
9972 17
9973 18
9974 18
9975 18
9976 18
9977 17
9978 18
9979 25
9980 17
9981 18
9982 18
9983 18
9984 18
9985 18
9986 18
9987 18
9988 17
9989 18
9990 18
9991 17
9992 18
9993 18
9994 17
9995 17
9996 17
9997 17
9998 18
9999 19
