0 433
1 32
2 24
3 23
4 20
5 25
6 21
7 20
8 21
9 23
10 23
11 20
12 22
13 21
14 51
15 25
16 19
17 18
18 19
19 23
20 19
21 20
22 23
23 21
24 27
25 22
26 23
27 18
28 23
29 23
30 21
31 27
32 22
33 21
34 44
35 24
36 22
37 27
38 21
39 21
40 22
41 20
42 20
43 20
44 22
45 18
46 21
47 22
48 22
49 24
50 22
51 20
52 39
53 19
54 21
55 19
56 19
57 19
58 24
59 19
60 22
61 20
62 19
63 21
64 18
65 19
66 19
67 19
68 19
69 18
70 51
71 25
72 28
73 26
74 28
75 32
76 28
77 26
78 28
79 26
80 28
81 25
82 28
83 22
84 24
85 50
86 27
87 29
88 26
89 26
90 28
91 24
92 30
93 26
94 29
95 26
96 26
97 28
98 25
99 27
100 27
101 30
102 25
103 21
104 27
105 29
106 30
107 25
108 27
109 27
110 27
111 27
112 28
113 25
114 24
115 27
116 29
117 30
118 40
119 31
120 29
121 27
122 25
123 26
124 28
125 27
126 27
127 26
128 25
129 27
130 29
131 28
132 25
133 27
134 27
135 27
136 27
137 27
138 27
139 24
140 29
141 28
142 28
143 29
144 29
145 29
146 27
147 27
148 32
149 26
150 41
151 29
152 28
153 24
154 27
155 30
156 29
157 26
158 29
159 28
160 27
161 27
162 27
163 25
164 26
165 28
166 26
167 27
168 28
169 26
170 28
171 24
172 27
173 28
174 28
175 28
176 28
177 27
178 28
179 26
180 27
181 27
182 23
183 26
184 29
185 28
186 27
187 27
188 26
189 27
190 26
191 27
192 1580
193 29
194 18
195 17
196 18
197 18
198 18
199 18
200 19
201 17
202 18
203 18
204 18
205 18
206 19
207 18
208 17
209 20
210 37
211 20
212 18
213 76
214 23
215 18
216 19
217 18
218 18
219 19
220 19
221 18
222 17
223 18
224 18
225 17
226 18
227 388
228 22
229 17
230 18
231 18
232 19
233 17
234 19
235 19
236 18
237 18
238 18
239 17
240 18
241 17
242 20
243 21
244 18
245 18
246 20
247 20
248 20
249 18
250 19
251 19
252 18
253 24
254 20
255 19
256 19
257 19
258 20
259 19
260 20
261 43
262 23
263 21
264 20
265 20
266 18
267 19
268 18
269 17
270 19
271 44
272 23
273 21
274 21
275 18
276 19
277 18
278 19
279 18
280 18
281 20
282 20
283 17
284 18
285 17
286 19
287 17
288 19
289 18
290 18
291 19
292 20
293 21
294 19
295 17
296 19
297 21
298 21
299 19
300 18
301 18
302 20
303 21
304 18
305 20
306 19
307 18
308 17
309 18
310 18
311 19
312 18
313 20
314 17
315 19
316 17
317 19
318 33
319 20
320 18
321 18
322 19
323 17
324 17
325 17
326 19
327 17
328 18
329 18
330 17
331 18
332 18
333 19
334 18
335 21
336 20
337 19
338 18
339 19
340 18
341 23
342 19
343 17
344 18
345 18
346 18
347 18
348 18
349 20
350 19
351 19
352 19
353 19
354 20
355 20
356 19
357 20
358 19
359 19
360 18
361 17
362 21
363 19
364 19
365 18
366 20
367 19
368 20
369 20
370 19
371 18
372 20
373 19
374 19
375 18
376 17
377 54
378 20
379 18
380 17
381 17
382 18
383 18
384 17
385 18
386 17
387 17
388 17
389 17
390 17
391 18
392 17
393 18
394 17
395 17
396 17
397 18
398 17
399 18
400 18
401 17
402 18
403 17
404 18
405 18
406 18
407 17
408 18
409 18
410 17
411 19
412 18
413 18
414 18
415 19
416 17
417 17
418 18
419 17
420 18
421 19
422 20
423 18
424 20
425 19
426 22
427 18
428 18
429 22
430 20
431 18
432 18
433 18
434 18
435 18
436 17
437 18
438 18
439 17
440 17
441 18
442 17
443 17
444 17
445 19
446 21
447 18
448 17
449 19
450 18
451 18
452 18
453 17
454 18
455 18
456 19
457 18
458 19
459 19
460 19
461 19
462 18
463 18
464 17
465 17
466 17
467 17
468 17
469 18
470 18
471 17
472 19
473 18
474 18
475 21
476 18
477 19
478 20
479 18
480 18
481 17
482 18
483 18
484 18
485 18
486 18
487 17
488 17
489 17
490 18
491 18
492 18
493 17
494 17
495 18
496 18
497 17
498 18
499 17
500 17
501 17
502 18
503 18
504 18
505 18
506 17
507 25
508 18
509 17
510 18
511 19
512 18
513 18
514 17
515 17
516 17
517 17
518 17
519 17
520 18
521 18
522 17
523 25
524 18
525 17
526 18
527 20
528 20
529 18
530 17
531 18
532 17
533 18
534 17
535 19
536 18
537 17
538 18
539 18
540 17
541 17
542 18
543 18
544 18
545 17
546 17
547 18
548 17
549 17
550 18
551 22
552 19
553 18
554 18
555 18
556 18
557 18
558 17
559 17
560 17
561 17
562 17
563 17
564 18
565 20
566 17
567 18
568 17
569 17
570 18
571 17
572 18
573 17
574 18
575 17
576 20
577 18
578 18
579 18
580 18
581 18
582 21
583 18
584 18
585 17
586 18
587 18
588 18
589 19
590 18
591 19
592 22
593 18
594 18
595 18
596 19
597 18
598 17
599 17
600 17
601 18
602 18
603 18
604 20
605 17
606 18
607 17
608 18
609 18
610 18
611 18
612 18
613 21
614 18
615 18
616 17
617 18
618 17
619 17
620 17
621 17
622 17
623 17
624 17
625 18
626 18
627 17
628 19
629 18
630 18
631 18
632 17
633 17
634 20
635 17
636 17
637 19
638 18
639 17
640 17
641 17
642 17
643 18
644 18
645 17
646 18
647 17
648 18
649 18
650 18
651 17
652 17
653 18
654 17
655 17
656 17
657 17
658 18
659 18
660 18
661 18
662 18
663 17
664 18
665 19
666 18
667 20
668 17
669 17
670 17
671 17
672 17
673 18
674 17
675 18
676 17
677 16
678 17
679 17
680 17
681 31
682 19
683 18
684 18
685 18
686 17
687 18
688 17
689 17
690 18
691 17
692 18
693 20
694 17
695 19
696 17
697 27
698 18
699 18
700 17
701 17
702 17
703 18
704 17
705 17
706 17
707 17
708 18
709 19
710 18
711 17
712 18
713 18
714 21
715 17
716 18
717 18
718 18
719 18
720 17
721 17
722 17
723 18
724 18
725 18
726 18
727 89
728 21
729 17
730 18
731 18
732 29
733 18
734 18
735 18
736 19
737 26
738 19
739 19
740 17
741 17
742 17
743 17
744 17
745 17
746 17
747 17
748 18
749 17
750 17
751 17
752 17
753 18
754 18
755 19
756 18
757 18
758 18
759 17
760 17
761 17
762 17
763 17
764 17
765 18
766 18
767 18
768 17
769 17
770 28
771 18
772 17
773 18
774 19
775 18
776 18
777 19
778 18
779 17
780 20
781 18
782 21
783 18
784 18
785 17
786 17
787 18
788 17
789 17
790 17
791 17
792 18
793 19
794 19
795 17
796 18
797 18
798 18
799 18
800 17
801 18
802 18
803 19
804 19
805 18
806 17
807 18
808 19
809 17
810 17
811 17
812 18
813 17
814 19
815 18
816 18
817 17
818 20
819 18
820 18
821 17
822 18
823 18
824 18
825 18
826 17
827 17
828 18
829 18
830 17
831 18
832 18
833 19
834 18
835 19
836 18
837 19
838 20
839 21
840 17
841 18
842 17
843 18
844 17
845 18
846 17
847 18
848 17
849 17
850 18
851 18
852 17
853 19
854 18
855 17
856 19
857 18
858 17
859 18
860 19
861 17
862 17
863 18
864 17
865 19
866 18
867 18
868 18
869 18
870 17
871 18
872 18
873 19
874 18
875 18
876 18
877 19
878 18
879 18
880 17
881 18
882 18
883 18
884 17
885 29
886 20
887 17
888 18
889 18
890 17
891 18
892 18
893 17
894 18
895 18
896 18
897 17
898 27
899 18
900 18
901 19
902 20
903 18
904 18
905 17
906 18
907 18
908 17
909 18
910 18
911 18
912 19
913 19
914 18
915 17
916 18
917 18
918 17
919 18
920 18
921 18
922 17
923 18
924 17
925 18
926 18
927 18
928 27
929 18
930 18
931 19
932 17
933 28
934 19
935 19
936 18
937 17
938 19
939 18
940 17
941 17
942 19
943 19
944 18
945 18
946 17
947 17
948 17
949 26
950 20
951 19
952 18
953 18
954 18
955 17
956 17
957 17
958 17
959 18
960 18
961 17
962 18
963 18
964 19
965 26
966 19
967 19
968 19
969 18
970 17
971 18
972 17
973 19
974 17
975 17
976 18
977 18
978 18
979 18
980 18
981 19
982 19
983 19
984 19
985 17
986 17
987 17
988 17
989 18
990 18
991 17
992 17
993 17
994 17
995 17
996 18
997 17
998 18
999 17
1000 17
1001 17
1002 18
1003 17
1004 17
1005 17
1006 18
1007 19
1008 19
1009 20
1010 20
1011 18
1012 18
1013 17
1014 18
1015 18
1016 17
1017 18
1018 18
1019 17
1020 17
1021 17
1022 17
1023 17
1024 17
1025 19
1026 20
1027 19
1028 18
1029 17
1030 18
1031 18
1032 18
1033 18
1034 17
1035 18
1036 17
1037 19
1038 17
1039 18
1040 17
1041 17
1042 17
1043 18
1044 18
1045 18
1046 17
1047 19
1048 17
1049 19
1050 19
1051 18
1052 22
1053 18
1054 45
1055 22
1056 22
1057 20
1058 21
1059 19
1060 18
1061 21
1062 18
1063 17
1064 18
1065 18
1066 18
1067 18
1068 22
1069 23
1070 18
1071 18
1072 21
1073 17
1074 18
1075 17
1076 18
1077 17
1078 21
1079 21
1080 18
1081 17
1082 18
1083 17
1084 18
1085 18
1086 19
1087 16
1088 18
1089 23
1090 21
1091 18
1092 18
1093 19
1094 18
1095 18
1096 17
1097 18
1098 19
1099 20
1100 23
1101 20
1102 19
1103 19
1104 21
1105 19
1106 19
1107 18
1108 19
1109 19
1110 18
1111 18
1112 17
1113 17
1114 19
1115 17
1116 21
1117 18
1118 27
1119 19
1120 19
1121 18
1122 17
1123 18
1124 17
1125 18
1126 18
1127 17
1128 17
1129 39
1130 34
1131 34
1132 32
1133 34
1134 35
1135 34
1136 33
1137 34
1138 33
1139 34
1140 33
1141 31
1142 32
1143 34
1144 36
1145 35
1146 29
1147 35
1148 33
1149 34
1150 34
1151 34
1152 33
1153 34
1154 34
1155 33
1156 34
1157 34
1158 33
1159 33
1160 33
1161 30
1162 32
1163 32
1164 30
1165 35
1166 33
1167 33
1168 33
1169 30
1170 32
1171 35
1172 34
1173 33
1174 33
1175 32
1176 30
1177 33
1178 31
1179 32
1180 1451
1181 21
1182 24
1183 19
1184 18
1185 18
1186 19
1187 18
1188 18
1189 18
1190 18
1191 18
1192 20
1193 18
1194 18
1195 64
1196 19
1197 18
1198 18
1199 18
1200 19
1201 20
1202 18
1203 17
1204 18
1205 18
1206 18
1207 17
1208 17
1209 17
1210 17
1211 17
1212 18
1213 17
1214 17
1215 17
1216 17
1217 17
1218 17
1219 18
1220 18
1221 17
1222 20
1223 19
1224 34
1225 19
1226 18
1227 19
1228 19
1229 19
1230 17
1231 18
1232 19
1233 18
1234 17
1235 17
1236 18
1237 18
1238 17
1239 20
1240 21
1241 17
1242 19
1243 18
1244 20
1245 20
1246 22
1247 18
1248 18
1249 19
1250 18
1251 18
1252 18
1253 18
1254 17
1255 18
1256 17
1257 19
1258 18
1259 36
1260 19
1261 17
1262 18
1263 18
1264 17
1265 18
1266 33
1267 20
1268 18
1269 17
1270 17
1271 18
1272 20
1273 18
1274 18
1275 18
1276 17
1277 17
1278 17
1279 18
1280 21
1281 20
1282 20
1283 17
1284 20
1285 17
1286 21
1287 19
1288 18
1289 18
1290 18
1291 17
1292 18
1293 17
1294 16
1295 17
1296 17
1297 16
1298 17
1299 17
1300 17
1301 18
1302 18
1303 20
1304 19
1305 53
1306 18
1307 17
1308 17
1309 17
1310 19
1311 17
1312 18
1313 18
1314 17
1315 18
1316 17
1317 18
1318 18
1319 17
1320 18
1321 18
1322 17
1323 18
1324 18
1325 20
1326 19
1327 18
1328 30
1329 19
1330 17
1331 17
1332 18
1333 17
1334 17
1335 16
1336 18
1337 17
1338 17
1339 17
1340 17
1341 18
1342 17
1343 17
1344 17
1345 18
1346 19
1347 17
1348 17
1349 17
1350 18
1351 17
1352 18
1353 17
1354 17
1355 17
1356 18
1357 17
1358 18
1359 18
1360 18
1361 17
1362 17
1363 17
1364 16
1365 17
1366 17
1367 17
1368 16
1369 17
1370 17
1371 18
1372 17
1373 17
1374 29
1375 18
1376 19
1377 18
1378 18
1379 18
1380 18
1381 22
1382 19
1383 17
1384 18
1385 18
1386 17
1387 18
1388 17
1389 19
1390 20
1391 20
1392 18
1393 17
1394 17
1395 18
1396 19
1397 20
1398 18
1399 17
1400 19
1401 23
1402 19
1403 17
1404 17
1405 21
1406 18
1407 17
1408 18
1409 19
1410 19
1411 21
1412 23
1413 22
1414 19
1415 18
1416 16
1417 19
1418 19
1419 19
1420 19
1421 18
1422 19
1423 19
1424 18
1425 18
1426 22
1427 24
1428 19
1429 18
1430 18
1431 23
1432 22
1433 24
1434 19
1435 18
1436 17
1437 19
1438 26
1439 18
1440 19
1441 17
1442 17
1443 16
1444 18
1445 17
1446 18
1447 27
1448 22
1449 18
1450 17
1451 20
1452 24
1453 19
1454 18
1455 18
1456 19
1457 23
1458 19
1459 17
1460 17
1461 20
1462 25
1463 19
1464 18
1465 19
1466 17
1467 18
1468 20
1469 19
1470 18
1471 20
1472 19
1473 19
1474 30
1475 17
1476 19
1477 19
1478 19
1479 19
1480 17
1481 17
1482 16
1483 16
1484 20
1485 19
1486 17
1487 18
1488 19
1489 20
1490 19
1491 20
1492 19
1493 20
1494 17
1495 19
1496 17
1497 17
1498 17
1499 17
1500 19
1501 18
1502 27
1503 18
1504 17
1505 17
1506 18
1507 18
1508 18
1509 17
1510 17
1511 19
1512 18
1513 17
1514 18
1515 16
1516 17
1517 19
1518 18
1519 18
1520 36
1521 21
1522 18
1523 18
1524 18
1525 19
1526 18
1527 17
1528 17
1529 17
1530 17
1531 17
1532 19
1533 17
1534 17
1535 19
1536 19
1537 18
1538 18
1539 18
1540 17
1541 19
1542 17
1543 19
1544 18
1545 18
1546 20
1547 19
1548 23
1549 18
1550 18
1551 18
1552 18
1553 18
1554 19
1555 18
1556 18
1557 18
1558 20
1559 19
1560 18
1561 18
1562 17
1563 20
1564 22
1565 22
1566 26
1567 19
1568 19
1569 19
1570 17
1571 17
1572 19
1573 17
1574 18
1575 18
1576 16
1577 18
1578 19
1579 18
1580 17
1581 18
1582 18
1583 17
1584 18
1585 17
1586 19
1587 18
1588 17
1589 18
1590 34
1591 21
1592 22
1593 18
1594 18
1595 19
1596 18
1597 20
1598 19
1599 18
1600 23
1601 19
1602 17
1603 17
1604 18
1605 17
1606 17
1607 19
1608 19
1609 17
1610 19
1611 18
1612 18
1613 18
1614 18
1615 23
1616 18
1617 19
1618 17
1619 17
1620 18
1621 18
1622 18
1623 17
1624 19
1625 17
1626 19
1627 19
1628 19
1629 18
1630 25
1631 23
1632 19
1633 18
1634 18
1635 17
1636 18
1637 18
1638 17
1639 18
1640 17
1641 20
1642 24
1643 681
1644 27
1645 22
1646 20
1647 18
1648 19
1649 20
1650 24
1651 18
1652 17
1653 17
1654 21
1655 20
1656 18
1657 19
1658 19
1659 19
1660 18
1661 17
1662 19
1663 18
1664 17
1665 17
1666 26
1667 19
1668 19
1669 16
1670 18
1671 18
1672 18
1673 19
1674 17
1675 35
1676 20
1677 19
1678 17
1679 19
1680 18
1681 20
1682 19
1683 21
1684 20
1685 19
1686 25
1687 19
1688 19
1689 18
1690 18
1691 18
1692 18
1693 17
1694 19
1695 20
1696 24
1697 17
1698 19
1699 19
1700 19
1701 20
1702 18
1703 19
1704 18
1705 18
1706 20
1707 18
1708 18
1709 19
1710 19
1711 18
1712 21
1713 19
1714 19
1715 23
1716 18
1717 19
1718 19
1719 17
1720 18
1721 21
1722 19
1723 18
1724 35
1725 21
1726 18
1727 18
1728 18
1729 18
1730 18
1731 20
1732 19
1733 22
1734 20
1735 18
1736 18
1737 21
1738 20
1739 18
1740 18
1741 18
1742 17
1743 17
1744 18
1745 18
1746 17
1747 18
1748 18
1749 18
1750 19
1751 18
1752 18
1753 19
1754 22
1755 18
1756 18
1757 18
1758 18
1759 22
1760 19
1761 18
1762 19
1763 33
1764 19
1765 18
1766 18
1767 18
1768 17
1769 17
1770 18
1771 18
1772 18
1773 17
1774 18
1775 18
1776 18
1777 18
1778 19
1779 18
1780 17
1781 17
1782 23
1783 18
1784 18
1785 19
1786 17
1787 17
1788 18
1789 27
1790 17
1791 18
1792 18
1793 17
1794 17
1795 18
1796 18
1797 17
1798 18
1799 17
1800 27
1801 18
1802 18
1803 17
1804 17
1805 25
1806 19
1807 18
1808 18
1809 17
1810 17
1811 18
1812 17
1813 17
1814 17
1815 17
1816 18
1817 17
1818 17
1819 17
1820 17
1821 17
1822 17
1823 17
1824 17
1825 17
1826 17
1827 17
1828 18
1829 17
1830 17
1831 17
1832 18
1833 18
1834 17
1835 17
1836 17
1837 17
1838 17
1839 17
1840 17
1841 17
1842 17
1843 17
1844 17
1845 17
1846 17
1847 18
1848 18
1849 17
1850 17
1851 18
1852 18
1853 18
1854 18
1855 17
1856 17
1857 17
1858 17
1859 17
1860 17
1861 18
1862 18
1863 18
1864 18
1865 17
1866 17
1867 17
1868 17
1869 18
1870 17
1871 17
1872 17
1873 17
1874 17
1875 18
1876 18
1877 18
1878 17
1879 18
1880 18
1881 18
1882 18
1883 17
1884 26
1885 19
1886 18
1887 17
1888 17
1889 18
1890 18
1891 17
1892 17
1893 18
1894 17
1895 17
1896 17
1897 17
1898 19
1899 18
1900 17
1901 18
1902 18
1903 17
1904 18
1905 17
1906 18
1907 29
1908 18
1909 19
1910 17
1911 17
1912 18
1913 18
1914 17
1915 17
1916 17
1917 18
1918 19
1919 19
1920 17
1921 18
1922 18
1923 19
1924 18
1925 18
1926 17
1927 17
1928 18
1929 17
1930 18
1931 18
1932 17
1933 17
1934 17
1935 17
1936 18
1937 17
1938 17
1939 19
1940 21
1941 19
1942 18
1943 17
1944 17
1945 17
1946 18
1947 17
1948 17
1949 17
1950 18
1951 20
1952 18
1953 18
1954 17
1955 18
1956 19
1957 18
1958 34
1959 17
1960 17
1961 17
1962 18
1963 18
1964 17
1965 17
1966 17
1967 18
1968 17
1969 17
1970 18
1971 18
1972 18
1973 18
1974 18
1975 17
1976 17
1977 18
1978 30
1979 19
1980 18
1981 18
1982 18
1983 17
1984 17
1985 18
1986 17
1987 18
1988 18
1989 18
1990 18
1991 19
1992 18
1993 32
1994 22
1995 20
1996 20
1997 19
1998 19
1999 18
2000 18
2001 18
2002 17
2003 17
2004 17
2005 18
2006 18
2007 17
2008 18
2009 17
2010 17
2011 18
2012 18
2013 17
2014 17
2015 17
2016 18
2017 20
2018 19
2019 18
2020 17
2021 18
2022 19
2023 17
2024 17
2025 18
2026 17
2027 17
2028 17
2029 17
2030 17
2031 17
2032 17
2033 17
2034 18
2035 18
2036 18
2037 18
2038 32
2039 19
2040 18
2041 18
2042 17
2043 18
2044 18
2045 18
2046 18
2047 18
2048 18
2049 18
2050 18
2051 17
2052 18
2053 19
2054 21
2055 17
2056 18
2057 18
2058 18
2059 18
2060 18
2061 17
2062 17
2063 18
2064 19
2065 22
2066 19
2067 18
2068 18
2069 18
2070 17
2071 18
2072 19
2073 19
2074 18
2075 17
2076 19
2077 17
2078 18
2079 17
2080 18
2081 19
2082 18
2083 18
2084 18
2085 19
2086 19
2087 18
2088 18
2089 18
2090 19
2091 19
2092 17
2093 18
2094 17
2095 17
2096 17
2097 17
2098 17
2099 17
2100 18
2101 17
2102 17
2103 17
2104 17
2105 17
2106 17
2107 17
2108 19
2109 17
2110 17
2111 17
2112 18
2113 18
2114 17
2115 18
2116 18
2117 17
2118 18
2119 19
2120 19
2121 17
2122 17
2123 17
2124 18
2125 17
2126 17
2127 17
2128 17
2129 18
2130 17
2131 17
2132 17
2133 18
2134 17
2135 17
2136 17
2137 17
2138 17
2139 17
2140 17
2141 17
2142 19
2143 18
2144 17
2145 17
2146 17
2147 17
2148 17
2149 18
2150 17
2151 17
2152 19
2153 19
2154 18
2155 18
2156 18
2157 18
2158 19
2159 18
2160 18
2161 18
2162 18
2163 17
2164 17
2165 17
2166 17
2167 17
2168 17
2169 17
2170 18
2171 18
2172 17
2173 18
2174 18
2175 29
2176 19
2177 17
2178 17
2179 17
2180 17
2181 18
2182 18
2183 17
2184 17
2185 17
2186 17
2187 17
2188 17
2189 17
2190 17
2191 17
2192 19
2193 21
2194 17
2195 17
2196 17
2197 17
2198 17
2199 17
2200 17
2201 16
2202 18
2203 17
2204 17
2205 17
2206 17
2207 17
2208 17
2209 19
2210 18
2211 17
2212 17
2213 18
2214 18
2215 18
2216 18
2217 18
2218 17
2219 27
2220 19
2221 18
2222 17
2223 17
2224 17
2225 17
2226 17
2227 17
2228 17
2229 17
2230 17
2231 17
2232 17
2233 17
2234 17
2235 16
2236 18
2237 19
2238 17
2239 18
2240 17
2241 18
2242 18
2243 18
2244 17
2245 17
2246 17
2247 17
2248 17
2249 17
2250 17
2251 17
2252 17
2253 17
2254 17
2255 17
2256 17
2257 20
2258 18
2259 18
2260 17
2261 17
2262 17
2263 17
2264 17
2265 26
2266 18
2267 18
2268 17
2269 18
2270 17
2271 17
2272 17
2273 17
2274 17
2275 17
2276 18
2277 18
2278 18
2279 18
2280 18
2281 19
2282 18
2283 17
2284 17
2285 18
2286 18
2287 17
2288 17
2289 17
2290 17
2291 17
2292 18
2293 18
2294 18
2295 18
2296 17
2297 17
2298 17
2299 17
2300 17
2301 17
2302 16
2303 17
2304 17
2305 17
2306 17
2307 17
2308 16
2309 18
2310 18
2311 256
2312 22
2313 18
2314 18
2315 17
2316 18
2317 18
2318 18
2319 18
2320 17
2321 17
2322 17
2323 17
2324 17
2325 17
2326 17
2327 28
2328 18
2329 18
2330 17
2331 17
2332 18
2333 18
2334 17
2335 17
2336 17
2337 16
2338 18
2339 18
2340 17
2341 17
2342 17
2343 20
2344 18
2345 18
2346 19
2347 17
2348 17
2349 18
2350 17
2351 17
2352 17
2353 17
2354 18
2355 18
2356 18
2357 17
2358 17
2359 17
2360 18
2361 18
2362 18
2363 17
2364 18
2365 17
2366 17
2367 17
2368 17
2369 18
2370 29
2371 18
2372 18
2373 18
2374 17
2375 17
2376 18
2377 17
2378 18
2379 17
2380 17
2381 17
2382 17
2383 18
2384 19
2385 17
2386 17
2387 18
2388 17
2389 17
2390 17
2391 17
2392 17
2393 17
2394 18
2395 18
2396 18
2397 18
2398 18
2399 19
2400 19
2401 17
2402 18
2403 18
2404 19
2405 17
2406 17
2407 17
2408 17
2409 19
2410 18
2411 18
2412 17
2413 18
2414 19
2415 18
2416 18
2417 17
2418 17
2419 17
2420 18
2421 17
2422 17
2423 17
2424 18
2425 18
2426 17
2427 17
2428 18
2429 17
2430 18
2431 17
2432 19
2433 18
2434 18
2435 19
2436 16
2437 17
2438 18
2439 18
2440 18
2441 17
2442 17
2443 18
2444 20
2445 18
2446 18
2447 17
2448 17
2449 17
2450 17
2451 17
2452 17
2453 17
2454 17
2455 17
2456 17
2457 17
2458 17
2459 17
2460 17
2461 17
2462 17
2463 17
2464 17
2465 18
2466 17
2467 17
2468 17
2469 17
2470 17
2471 17
2472 26
2473 17
2474 17
2475 17
2476 17
2477 18
2478 17
2479 22
2480 17
2481 17
2482 17
2483 17
2484 17
2485 17
2486 17
2487 17
2488 19
2489 19
2490 18
2491 17
2492 17
2493 17
2494 17
2495 17
2496 17
2497 17
2498 17
2499 18
2500 19
2501 18
2502 18
2503 18
2504 18
2505 18
2506 17
2507 17
2508 18
2509 18
2510 17
2511 17
2512 17
2513 17
2514 17
2515 28
2516 19
2517 18
2518 17
2519 18
2520 18
2521 17
2522 18
2523 18
2524 18
2525 18
2526 18
2527 18
2528 18
2529 18
2530 17
2531 17
2532 18
2533 17
2534 17
2535 18
2536 18
2537 18
2538 18
2539 18
2540 18
2541 19
2542 17
2543 17
2544 18
2545 17
2546 17
2547 18
2548 17
2549 17
2550 17
2551 17
2552 17
2553 17
2554 17
2555 17
2556 17
2557 17
2558 18
2559 18
2560 18
2561 18
2562 18
2563 18
2564 18
2565 18
2566 19
2567 18
2568 18
2569 18
2570 18
2571 17
2572 18
2573 18
2574 17
2575 17
2576 17
2577 17
2578 17
2579 17
2580 18
2581 17
2582 17
2583 20
2584 17
2585 17
2586 17
2587 18
2588 18
2589 17
2590 17
2591 18
2592 17
2593 17
2594 17
2595 17
2596 18
2597 19
2598 17
2599 18
2600 17
2601 18
2602 18
2603 18
2604 18
2605 18
2606 19
2607 17
2608 17
2609 17
2610 17
2611 17
2612 17
2613 17
2614 17
2615 17
2616 17
2617 17
2618 17
2619 17
2620 17
2621 17
2622 17
2623 17
2624 18
2625 18
2626 18
2627 18
2628 17
2629 19
2630 17
2631 18
2632 17
2633 17
2634 17
2635 17
2636 18
2637 18
2638 17
2639 18
2640 28
2641 19
2642 19
2643 18
2644 19
2645 17
2646 18
2647 18
2648 17
2649 18
2650 18
2651 17
2652 18
2653 17
2654 17
2655 18
2656 19
2657 25
2658 18
2659 17
2660 18
2661 17
2662 21
2663 19
2664 18
2665 17
2666 18
2667 19
2668 18
2669 19
2670 18
2671 18
2672 17
2673 18
2674 16
2675 18
2676 17
2677 16
2678 18
2679 17
2680 18
2681 17
2682 17
2683 17
2684 18
2685 18
2686 19
2687 18
2688 19
2689 18
2690 18
2691 17
2692 18
2693 18
2694 17
2695 17
2696 18
2697 17
2698 18
2699 17
2700 17
2701 19
2702 18
2703 19
2704 18
2705 18
2706 18
2707 18
2708 18
2709 18
2710 17
2711 17
2712 17
2713 17
2714 18
2715 18
2716 18
2717 17
2718 20
2719 19
2720 21
2721 18
2722 20
2723 19
2724 18
2725 18
2726 23
2727 18
2728 19
2729 19
2730 17
2731 19
2732 22
2733 20
2734 17
2735 19
2736 19
2737 19
2738 17
2739 17
2740 17
2741 18
2742 18
2743 27
2744 20
2745 17
2746 18
2747 18
2748 18
2749 18
2750 18
2751 18
2752 17
2753 18
2754 18
2755 18
2756 18
2757 18
2758 17
2759 17
2760 17
2761 17
2762 17
2763 18
2764 17
2765 17
2766 17
2767 17
2768 17
2769 18
2770 17
2771 17
2772 17
2773 17
2774 17
2775 25
2776 18
2777 17
2778 17
2779 17
2780 17
2781 17
2782 19
2783 19
2784 17
2785 18
2786 17
2787 17
2788 17
2789 18
2790 24
2791 17
2792 21
2793 21
2794 18
2795 19
2796 17
2797 20
2798 24
2799 19
2800 17
2801 18
2802 18
2803 17
2804 19
2805 17
2806 18
2807 34
2808 22
2809 17
2810 17
2811 18
2812 20
2813 21
2814 20
2815 17
2816 17
2817 18
2818 18
2819 18
2820 17
2821 17
2822 17
2823 17
2824 18
2825 18
2826 17
2827 17
2828 17
2829 21
2830 47
2831 19
2832 16
2833 18
2834 17
2835 18
2836 18
2837 18
2838 19
2839 23
2840 20
2841 17
2842 17
2843 18
2844 17
2845 18
2846 18
2847 18
2848 17
2849 17
2850 19
2851 17
2852 18
2853 18
2854 27
2855 20
2856 22
2857 19
2858 17
2859 17
2860 17
2861 17
2862 17
2863 17
2864 17
2865 18
2866 17
2867 17
2868 17
2869 17
2870 17
2871 19
2872 18
2873 17
2874 17
2875 17
2876 17
2877 17
2878 17
2879 17
2880 17
2881 17
2882 18
2883 17
2884 17
2885 17
2886 17
2887 18
2888 17
2889 17
2890 17
2891 18
2892 17
2893 18
2894 18
2895 17
2896 18
2897 18
2898 17
2899 17
2900 16
2901 18
2902 18
2903 17
2904 17
2905 17
2906 17
2907 17
2908 17
2909 17
2910 18
2911 18
2912 17
2913 17
2914 17
2915 17
2916 18
2917 18
2918 20
2919 18
2920 17
2921 17
2922 17
2923 17
2924 17
2925 17
2926 16
2927 17
2928 17
2929 17
2930 17
2931 17
2932 17
2933 17
2934 17
2935 18
2936 17
2937 17
2938 18
2939 18
2940 19
2941 18
2942 17
2943 17
2944 17
2945 17
2946 17
2947 17
2948 18
2949 18
2950 18
2951 17
2952 17
2953 17
2954 17
2955 18
2956 17
2957 17
2958 17
2959 17
2960 17
2961 18
2962 17
2963 17
2964 18
2965 17
2966 17
2967 17
2968 17
2969 18
2970 17
2971 17
2972 18
2973 18
2974 17
2975 18
2976 18
2977 17
2978 17
2979 17
2980 17
2981 17
2982 19
2983 26
2984 19
2985 18
2986 17
2987 18
2988 17
2989 17
2990 17
2991 17
2992 17
2993 17
2994 18
2995 19
2996 17
2997 18
2998 18
2999 17
3000 17
3001 20
3002 18
3003 17
3004 18
3005 17
3006 17
3007 17
3008 29
3009 18
3010 18
3011 17
3012 17
3013 17
3014 16
3015 17
3016 17
3017 17
3018 17
3019 17
3020 17
3021 18
3022 18
3023 17
3024 17
3025 18
3026 17
3027 17
3028 18
3029 16
3030 18
3031 17
3032 17
3033 17
3034 18
3035 18
3036 17
3037 18
3038 17
3039 17
3040 17
3041 17
3042 17
3043 17
3044 17
3045 18
3046 20
3047 17
3048 17
3049 17
3050 17
3051 17
3052 17
3053 17
3054 17
3055 17
3056 18
3057 18
3058 18
3059 17
3060 17
3061 16
3062 17
3063 17
3064 17
3065 17
3066 17
3067 17
3068 18
3069 17
3070 18
3071 17
3072 17
3073 17
3074 16
3075 17
3076 17
3077 17
3078 17
3079 17
3080 17
3081 17
3082 17
3083 18
3084 17
3085 17
3086 17
3087 17
3088 16
3089 17
3090 25
3091 18
3092 17
3093 17
3094 17
3095 16
3096 17
3097 17
3098 17
3099 17
3100 17
3101 17
3102 19
3103 18
3104 18
3105 16
3106 17
3107 17
3108 16
3109 17
3110 19
3111 17
3112 17
3113 17
3114 17
3115 17
3116 17
3117 17
3118 17
3119 16
3120 17
3121 17
3122 18
3123 17
3124 16
3125 18
3126 19
3127 18
3128 17
3129 17
3130 17
3131 18
3132 18
3133 17
3134 17
3135 17
3136 17
3137 17
3138 17
3139 17
3140 17
3141 17
3142 17
3143 17
3144 17
3145 17
3146 17
3147 19
3148 17
3149 18
3150 17
3151 17
3152 17
3153 17
3154 17
3155 17
3156 17
3157 18
3158 17
3159 18
3160 17
3161 17
3162 17
3163 17
3164 18
3165 18
3166 17
3167 17
3168 17
3169 17
3170 18
3171 17
3172 17
3173 17
3174 18
3175 17
3176 16
3177 17
3178 17
3179 17
3180 17
3181 17
3182 17
3183 17
3184 17
3185 17
3186 17
3187 18
3188 17
3189 18
3190 28
3191 17
3192 17
3193 17
3194 16
3195 17
3196 17
3197 18
3198 17
3199 17
3200 17
3201 17
3202 17
3203 17
3204 17
3205 17
3206 16
3207 17
3208 17
3209 17
3210 17
3211 17
3212 17
3213 17
3214 17
3215 17
3216 17
3217 17
3218 17
3219 17
3220 17
3221 18
3222 17
3223 17
3224 18
3225 18
3226 16
3227 18
3228 17
3229 17
3230 17
3231 17
3232 18
3233 17
3234 17
3235 17
3236 17
3237 18
3238 19
3239 18
3240 18
3241 18
3242 17
3243 17
3244 19
3245 17
3246 18
3247 18
3248 18
3249 25
3250 19
3251 18
3252 18
3253 18
3254 18
3255 17
3256 18
3257 17
3258 17
3259 17
3260 17
3261 17
3262 17
3263 17
3264 17
3265 17
3266 18
3267 18
3268 17
3269 17
3270 17
3271 17
3272 17
3273 17
3274 17
3275 17
3276 17
3277 17
3278 17
3279 17
3280 17
3281 17
3282 17
3283 19
3284 17
3285 17
3286 17
3287 17
3288 17
3289 17
3290 17
3291 17
3292 17
3293 17
3294 17
3295 17
3296 18
3297 18
3298 18
3299 17
3300 19
3301 18
3302 19
3303 17
3304 17
3305 17
3306 18
3307 17
3308 17
3309 18
3310 17
3311 18
3312 18
3313 18
3314 18
3315 18
3316 17
3317 17
3318 17
3319 17
3320 17
3321 17
3322 17
3323 18
3324 17
3325 17
3326 18
3327 17
3328 17
3329 17
3330 17
3331 17
3332 17
3333 17
3334 17
3335 18
3336 18
3337 18
3338 18
3339 17
3340 17
3341 17
3342 17
3343 18
3344 17
3345 17
3346 17
3347 17
3348 17
3349 17
3350 17
3351 17
3352 18
3353 18
3354 18
3355 17
3356 17
3357 18
3358 18
3359 18
3360 17
3361 17
3362 17
3363 17
3364 17
3365 18
3366 19
3367 18
3368 18
3369 18
3370 27
3371 18
3372 17
3373 18
3374 17
3375 17
3376 17
3377 18
3378 18
3379 17
3380 17
3381 17
3382 18
3383 18
3384 18
3385 18
3386 17
3387 17
3388 17
3389 17
3390 17
3391 17
3392 17
3393 17
3394 17
3395 26
3396 19
3397 17
3398 17
3399 17
3400 17
3401 18
3402 17
3403 17
3404 17
3405 17
3406 18
3407 19
3408 17
3409 17
3410 17
3411 17
3412 18
3413 17
3414 17
3415 17
3416 17
3417 17
3418 17
3419 17
3420 17
3421 17
3422 17
3423 18
3424 17
3425 18
3426 18
3427 17
3428 18
3429 18
3430 24
3431 17
3432 18
3433 18
3434 17
3435 17
3436 17
3437 17
3438 17
3439 17
3440 17
3441 18
3442 17
3443 18
3444 17
3445 18
3446 18
3447 18
3448 17
3449 18
3450 17
3451 17
3452 18
3453 18
3454 17
3455 17
3456 17
3457 17
3458 17
3459 17
3460 17
3461 18
3462 26
3463 18
3464 17
3465 17
3466 17
3467 17
3468 17
3469 17
3470 17
3471 17
3472 17
3473 17
3474 18
3475 18
3476 17
3477 17
3478 17
3479 17
3480 19
3481 18
3482 18
3483 18
3484 22
3485 18
3486 18
3487 17
3488 17
3489 17
3490 18
3491 18
3492 18
3493 18
3494 20
3495 18
3496 17
3497 18
3498 18
3499 18
3500 18
3501 18
3502 18
3503 18
3504 17
3505 17
3506 17
3507 17
3508 18
3509 17
3510 17
3511 17
3512 17
3513 17
3514 18
3515 18
3516 18
3517 18
3518 18
3519 18
3520 17
3521 17
3522 17
3523 17
3524 17
3525 17
3526 17
3527 17
3528 17
3529 19
3530 18
3531 19
3532 17
3533 17
3534 18
3535 18
3536 17
3537 17
3538 17
3539 17
3540 17
3541 18
3542 17
3543 18
3544 18
3545 17
3546 17
3547 18
3548 17
3549 29
3550 18
3551 17
3552 17
3553 17
3554 17
3555 17
3556 18
3557 18
3558 20
3559 17
3560 18
3561 18
3562 18
3563 17
3564 17
3565 18
3566 18
3567 18
3568 18
3569 17
3570 18
3571 18
3572 17
3573 17
3574 18
3575 18
3576 18
3577 17
3578 17
3579 17
3580 19
3581 17
3582 17
3583 17
3584 17
3585 17
3586 17
3587 17
3588 18
3589 18
3590 18
3591 18
3592 17
3593 17
3594 17
3595 18
3596 17
3597 18
3598 18
3599 18
3600 18
3601 18
3602 17
3603 17
3604 17
3605 17
3606 18
3607 18
3608 17
3609 17
3610 17
3611 17
3612 17
3613 17
3614 17
3615 17
3616 17
3617 18
3618 18
3619 18
3620 17
3621 18
3622 20
3623 17
3624 17
3625 18
3626 18
3627 18
3628 18
3629 18
3630 17
3631 17
3632 17
3633 17
3634 17
3635 18
3636 18
3637 18
3638 18
3639 17
3640 17
3641 18
3642 17
3643 17
3644 17
3645 17
3646 17
3647 17
3648 17
3649 18
3650 18
3651 17
3652 17
3653 17
3654 17
3655 17
3656 18
3657 17
3658 17
3659 18
3660 18
3661 18
3662 17
3663 17
3664 17
3665 19
3666 17
3667 18
3668 17
3669 17
3670 17
3671 18
3672 18
3673 18
3674 17
3675 18
3676 18
3677 18
3678 17
3679 17
3680 17
3681 18
3682 18
3683 18
3684 17
3685 18
3686 19
3687 17
3688 17
3689 17
3690 17
3691 17
3692 17
3693 18
3694 17
3695 18
3696 17
3697 17
3698 18
3699 18
3700 18
3701 18
3702 17
3703 18
3704 18
3705 18
3706 17
3707 17
3708 17
3709 17
3710 17
3711 17
3712 17
3713 17
3714 17
3715 18
3716 17
3717 17
3718 17
3719 17
3720 18
3721 17
3722 17
3723 17
3724 17
3725 17
3726 17
3727 18
3728 17
3729 138
3730 20
3731 17
3732 17
3733 18
3734 17
3735 17
3736 17
3737 18
3738 17
3739 17
3740 17
3741 17
3742 17
3743 17
3744 17
3745 17
3746 16
3747 17
3748 17
3749 17
3750 17
3751 17
3752 17
3753 17
3754 17
3755 17
3756 17
3757 17
3758 17
3759 17
3760 17
3761 17
3762 17
3763 17
3764 18
3765 18
3766 18
3767 18
3768 19
3769 18
3770 17
3771 17
3772 18
3773 17
3774 17
3775 17
3776 17
3777 17
3778 17
3779 17
3780 17
3781 17
3782 17
3783 17
3784 19
3785 17
3786 17
3787 17
3788 18
3789 17
3790 17
3791 17
3792 17
3793 17
3794 17
3795 18
3796 17
3797 17
3798 17
3799 17
3800 17
3801 18
3802 17
3803 17
3804 17
3805 17
3806 17
3807 17
3808 17
3809 17
3810 17
3811 17
3812 18
3813 18
3814 18
3815 18
3816 17
3817 17
3818 17
3819 17
3820 17
3821 17
3822 16
3823 17
3824 17
3825 17
3826 17
3827 18
3828 17
3829 18
3830 17
3831 18
3832 18
3833 18
3834 17
3835 17
3836 17
3837 17
3838 17
3839 17
3840 18
3841 17
3842 17
3843 18
3844 18
3845 18
3846 18
3847 17
3848 17
3849 17
3850 17
3851 18
3852 19
3853 17
3854 17
3855 17
3856 18
3857 18
3858 17
3859 17
3860 18
3861 18
3862 17
3863 19
3864 18
3865 17
3866 18
3867 18
3868 18
3869 18
3870 18
3871 18
3872 17
3873 17
3874 16
3875 18
3876 18
3877 18
3878 17
3879 18
3880 18
3881 18
3882 18
3883 18
3884 17
3885 18
3886 19
3887 17
3888 17
3889 18
3890 18
3891 18
3892 18
3893 17
3894 17
3895 17
3896 17
3897 17
3898 17
3899 17
3900 17
3901 17
3902 17
3903 18
3904 18
3905 33
3906 18
3907 18
3908 18
3909 17
3910 18
3911 17
3912 17
3913 18
3914 17
3915 18
3916 18
3917 17
3918 19
3919 18
3920 18
3921 18
3922 17
3923 17
3924 17
3925 17
3926 17
3927 18
3928 18
3929 17
3930 17
3931 17
3932 17
3933 17
3934 17
3935 18
3936 17
3937 19
3938 18
3939 17
3940 17
3941 17
3942 17
3943 18
3944 18
3945 18
3946 18
3947 17
3948 18
3949 18
3950 17
3951 17
3952 18
3953 17
3954 18
3955 17
3956 17
3957 17
3958 17
3959 18
3960 17
3961 17
3962 18
3963 17
3964 17
3965 17
3966 17
3967 17
3968 17
3969 17
3970 17
3971 17
3972 17
3973 17
3974 18
3975 18
3976 17
3977 17
3978 17
3979 17
3980 17
3981 17
3982 17
3983 17
3984 18
3985 18
3986 17
3987 18
3988 20
3989 16
3990 17
3991 17
3992 17
3993 18
3994 17
3995 17
3996 17
3997 17
3998 17
3999 17
4000 18
4001 17
4002 17
4003 17
4004 17
4005 17
4006 17
4007 17
4008 17
4009 17
4010 17
4011 17
4012 17
4013 18
4014 17
4015 18
4016 17
4017 17
4018 17
4019 17
4020 17
4021 17
4022 17
4023 18
4024 17
4025 17
4026 17
4027 17
4028 17
4029 17
4030 17
4031 17
4032 17
4033 17
4034 17
4035 17
4036 17
4037 17
4038 18
4039 17
4040 17
4041 17
4042 17
4043 17
4044 17
4045 17
4046 17
4047 18
4048 17
4049 17
4050 17
4051 17
4052 17
4053 18
4054 18
4055 17
4056 17
4057 17
4058 17
4059 17
4060 17
4061 17
4062 17
4063 18
4064 17
4065 17
4066 17
4067 17
4068 17
4069 17
4070 17
4071 17
4072 17
4073 17
4074 17
4075 17
4076 17
4077 17
4078 17
4079 18
4080 17
4081 17
4082 17
4083 17
4084 17
4085 18
4086 25
4087 17
4088 17
4089 17
4090 17
4091 18
4092 17
4093 17
4094 17
4095 18
4096 18
4097 18
4098 17
4099 17
4100 17
4101 16
4102 17
4103 17
4104 17
4105 17
4106 17
4107 17
4108 18
4109 17
4110 17
4111 17
4112 18
4113 18
4114 18
4115 17
4116 18
4117 18
4118 17
4119 17
4120 18
4121 17
4122 17
4123 17
4124 17
4125 17
4126 17
4127 17
4128 17
4129 18
4130 17
4131 17
4132 18
4133 18
4134 17
4135 17
4136 17
4137 17
4138 17
4139 17
4140 18
4141 18
4142 17
4143 17
4144 17
4145 17
4146 19
4147 17
4148 18
4149 18
4150 17
4151 18
4152 18
4153 18
4154 17
4155 18
4156 17
4157 17
4158 17
4159 17
4160 17
4161 18
4162 17
4163 18
4164 18
4165 17
4166 17
4167 17
4168 17
4169 17
4170 17
4171 17
4172 17
4173 18
4174 17
4175 17
4176 17
4177 17
4178 18
4179 18
4180 17
4181 18
4182 17
4183 18
4184 18
4185 18
4186 17
4187 17
4188 17
4189 18
4190 18
4191 17
4192 18
4193 17
4194 17
4195 17
4196 17
4197 18
4198 19
4199 18
4200 18
4201 18
4202 17
4203 17
4204 17
4205 17
4206 17
4207 17
4208 18
4209 17
4210 17
4211 18
4212 18
4213 18
4214 17
4215 17
4216 17
4217 17
4218 17
4219 17
4220 17
4221 17
4222 17
4223 17
4224 17
4225 19
4226 17
4227 17
4228 17
4229 17
4230 18
4231 17
4232 17
4233 17
4234 18
4235 18
4236 18
4237 17
4238 17
4239 17
4240 18
4241 18
4242 18
4243 18
4244 18
4245 18
4246 18
4247 18
4248 18
4249 18
4250 17
4251 17
4252 17
4253 17
4254 17
4255 17
4256 18
4257 18
4258 17
4259 18
4260 17
4261 18
4262 18
4263 17
4264 17
4265 17
4266 17
4267 23
4268 17
4269 17
4270 17
4271 17
4272 17
4273 18
4274 17
4275 17
4276 18
4277 17
4278 17
4279 17
4280 18
4281 18
4282 17
4283 18
4284 18
4285 18
4286 18
4287 17
4288 18
4289 17
4290 17
4291 18
4292 18
4293 19
4294 18
4295 17
4296 17
4297 17
4298 18
4299 17
4300 18
4301 18
4302 18
4303 18
4304 17
4305 18
4306 18
4307 18
4308 18
4309 17
4310 17
4311 18
4312 17
4313 17
4314 17
4315 17
4316 17
4317 17
4318 17
4319 17
4320 18
4321 17
4322 18
4323 17
4324 17
4325 18
4326 18
4327 17
4328 17
4329 17
4330 17
4331 17
4332 18
4333 17
4334 17
4335 17
4336 17
4337 17
4338 17
4339 17
4340 17
4341 17
4342 17
4343 18
4344 17
4345 18
4346 17
4347 17
4348 17
4349 17
4350 21
4351 18
4352 18
4353 18
4354 20
4355 18
4356 17
4357 17
4358 17
4359 17
4360 17
4361 18
4362 17
4363 17
4364 17
4365 17
4366 17
4367 17
4368 17
4369 18
4370 17
4371 18
4372 18
4373 18
4374 17
4375 17
4376 17
4377 17
4378 17
4379 17
4380 18
4381 17
4382 17
4383 17
4384 17
4385 17
4386 17
4387 17
4388 17
4389 17
4390 17
4391 16
4392 17
4393 17
4394 17
4395 18
4396 18
4397 18
4398 17
4399 17
4400 17
4401 17
4402 17
4403 17
4404 17
4405 18
4406 18
4407 18
4408 17
4409 17
4410 17
4411 18
4412 17
4413 18
4414 18
4415 17
4416 17
4417 17
4418 19
4419 17
4420 17
4421 17
4422 18
4423 17
4424 18
4425 18
4426 17
4427 17
4428 17
4429 17
4430 17
4431 18
4432 17
4433 17
4434 17
4435 17
4436 17
4437 17
4438 17
4439 17
4440 17
4441 16
4442 17
4443 17
4444 17
4445 17
4446 17
4447 17
4448 38
4449 17
4450 17
4451 17
4452 17
4453 17
4454 17
4455 17
4456 17
4457 17
4458 18
4459 17
4460 18
4461 18
4462 18
4463 17
4464 17
4465 17
4466 18
4467 18
4468 18
4469 18
4470 17
4471 17
4472 17
4473 17
4474 17
4475 17
4476 18
4477 18
4478 18
4479 18
4480 17
4481 17
4482 20
4483 18
4484 31
4485 19
4486 17
4487 17
4488 17
4489 18
4490 17
4491 17
4492 18
4493 17
4494 17
4495 17
4496 17
4497 17
4498 17
4499 17
4500 18
4501 18
4502 18
4503 18
4504 18
4505 18
4506 18
4507 18
4508 17
4509 18
4510 18
4511 17
4512 17
4513 17
4514 17
4515 17
4516 17
4517 17
4518 18
4519 17
4520 17
4521 17
4522 18
4523 18
4524 17
4525 17
4526 17
4527 17
4528 18
4529 18
4530 18
4531 17
4532 17
4533 17
4534 17
4535 17
4536 17
4537 17
4538 17
4539 17
4540 18
4541 17
4542 17
4543 17
4544 18
4545 17
4546 19
4547 18
4548 18
4549 18
4550 17
4551 17
4552 17
4553 17
4554 17
4555 17
4556 17
4557 18
4558 17
4559 17
4560 17
4561 17
4562 17
4563 17
4564 17
4565 17
4566 17
4567 17
4568 18
4569 17
4570 18
4571 18
4572 18
4573 24
4574 19
4575 17
4576 17
4577 17
4578 17
4579 17
4580 18
4581 17
4582 17
4583 17
4584 17
4585 17
4586 18
4587 17
4588 17
4589 17
4590 17
4591 17
4592 17
4593 17
4594 17
4595 17
4596 17
4597 17
4598 17
4599 17
4600 17
4601 17
4602 17
4603 17
4604 17
4605 17
4606 17
4607 17
4608 17
4609 17
4610 19
4611 17
4612 17
4613 17
4614 17
4615 17
4616 17
4617 16
4618 17
4619 17
4620 18
4621 17
4622 17
4623 17
4624 17
4625 17
4626 17
4627 17
4628 18
4629 17
4630 17
4631 17
4632 17
4633 17
4634 17
4635 17
4636 17
4637 17
4638 17
4639 17
4640 17
4641 17
4642 18
4643 18
4644 18
4645 18
4646 17
4647 17
4648 17
4649 16
4650 17
4651 17
4652 17
4653 18
4654 17
4655 17
4656 17
4657 17
4658 18
4659 17
4660 17
4661 17
4662 17
4663 17
4664 17
4665 17
4666 17
4667 17
4668 17
4669 17
4670 18
4671 18
4672 18
4673 17
4674 19
4675 17
4676 17
4677 17
4678 17
4679 17
4680 16
4681 17
4682 17
4683 17
4684 17
4685 17
4686 18
4687 18
4688 17
4689 17
4690 17
4691 17
4692 18
4693 18
4694 17
4695 17
4696 17
4697 18
4698 18
4699 18
4700 17
4701 17
4702 17
4703 17
4704 18
4705 18
4706 17
4707 17
4708 17
4709 17
4710 19
4711 18
4712 18
4713 17
4714 17
4715 17
4716 17
4717 18
4718 17
4719 17
4720 17
4721 17
4722 17
4723 17
4724 18
4725 17
4726 17
4727 18
4728 17
4729 18
4730 17
4731 18
4732 18
4733 18
4734 18
4735 17
4736 18
4737 18
4738 19
4739 17
4740 17
4741 17
4742 17
4743 18
4744 17
4745 17
4746 17
4747 17
4748 17
4749 17
4750 18
4751 18
4752 18
4753 17
4754 17
4755 17
4756 17
4757 16
4758 18
4759 17
4760 17
4761 17
4762 17
4763 17
4764 17
4765 17
4766 25
4767 18
4768 17
4769 17
4770 17
4771 17
4772 18
4773 17
4774 17
4775 17
4776 17
4777 17
4778 17
4779 17
4780 17
4781 17
4782 17
4783 18
4784 18
4785 17
4786 17
4787 17
4788 18
4789 17
4790 18
4791 17
4792 17
4793 17
4794 17
4795 18
4796 17
4797 17
4798 17
4799 17
4800 17
4801 17
4802 19
4803 17
4804 17
4805 17
4806 17
4807 17
4808 17
4809 23
4810 17
4811 17
4812 18
4813 18
4814 17
4815 17
4816 18
4817 18
4818 17
4819 17
4820 17
4821 17
4822 17
4823 19
4824 17
4825 18
4826 17
4827 18
4828 18
4829 18
4830 18
4831 17
4832 17
4833 17
4834 17
4835 17
4836 17
4837 17
4838 17
4839 17
4840 18
4841 17
4842 18
4843 18
4844 18
4845 17
4846 17
4847 17
4848 17
4849 17
4850 18
4851 17
4852 17
4853 17
4854 17
4855 17
4856 17
4857 18
4858 17
4859 17
4860 18
4861 18
4862 18
4863 18
4864 17
4865 17
4866 19
4867 17
4868 17
4869 17
4870 17
4871 17
4872 18
4873 17
4874 17
4875 17
4876 17
4877 18
4878 17
4879 17
4880 17
4881 17
4882 17
4883 17
4884 17
4885 17
4886 18
4887 17
4888 18
4889 17
4890 17
4891 18
4892 17
4893 18
4894 16
4895 18
4896 17
4897 17
4898 17
4899 17
4900 17
4901 17
4902 17
4903 17
4904 17
4905 17
4906 17
4907 17
4908 18
4909 17
4910 17
4911 17
4912 17
4913 17
4914 17
4915 17
4916 18
4917 17
4918 17
4919 17
4920 17
4921 17
4922 17
4923 17
4924 17
4925 18
4926 17
4927 17
4928 17
4929 17
4930 20
4931 17
4932 17
4933 16
4934 17
4935 16
4936 17
4937 17
4938 18
4939 17
4940 17
4941 17
4942 18
4943 18
4944 18
4945 17
4946 18
4947 18
4948 18
4949 17
4950 17
4951 17
4952 17
4953 17
4954 18
4955 18
4956 18
4957 17
4958 17
4959 18
4960 17
4961 18
4962 17
4963 17
4964 17
4965 18
4966 17
4967 17
4968 17
4969 17
4970 17
4971 17
4972 17
4973 17
4974 17
4975 17
4976 17
4977 18
4978 18
4979 17
4980 18
4981 18
4982 19
4983 18
4984 17
4985 17
4986 17
4987 17
4988 17
4989 17
4990 34
4991 17
4992 18
4993 19
4994 20
4995 17
4996 17
4997 17
4998 17
4999 17
5000 17
5001 17
5002 18
5003 18
5004 17
5005 18
5006 17
5007 17
5008 17
5009 17
5010 17
5011 17
5012 17
5013 17
5014 17
5015 18
5016 17
5017 20
5018 17
5019 17
5020 17
5021 19
5022 18
5023 17
5024 17
5025 18
5026 18
5027 17
5028 17
5029 17
5030 17
5031 17
5032 17
5033 17
5034 17
5035 17
5036 17
5037 17
5038 17
5039 17
5040 17
5041 17
5042 17
5043 18
5044 18
5045 18
5046 18
5047 18
5048 18
5049 17
5050 17
5051 17
5052 17
5053 17
5054 17
5055 17
5056 17
5057 17
5058 19
5059 17
5060 17
5061 17
5062 17
5063 17
5064 17
5065 17
5066 17
5067 17
5068 17
5069 17
5070 18
5071 17
5072 17
5073 17
5074 17
5075 17
5076 17
5077 17
5078 18
5079 18
5080 19
5081 17
5082 17
5083 17
5084 17
5085 18
5086 17
5087 17
5088 17
5089 17
5090 18
5091 17
5092 17
5093 17
5094 28
5095 19
5096 17
5097 17
5098 17
5099 17
5100 17
5101 17
5102 17
5103 17
5104 17
5105 24
5106 18
5107 17
5108 18
5109 18
5110 17
5111 19
5112 17
5113 18
5114 17
5115 17
5116 17
5117 16
5118 17
5119 17
5120 17
5121 17
5122 19
5123 17
5124 17
5125 16
5126 17
5127 17
5128 18
5129 18
5130 17
5131 17
5132 17
5133 27
5134 18
5135 17
5136 17
5137 16
5138 18
5139 17
5140 17
5141 17
5142 17
5143 17
5144 17
5145 17
5146 17
5147 16
5148 17
5149 17
5150 17
5151 18
5152 18
5153 17
5154 16
5155 17
5156 17
5157 18
5158 17
5159 17
5160 16
5161 17
5162 17
5163 26
5164 18
5165 17
5166 17
5167 17
5168 18
5169 259
5170 21
5171 17
5172 17
5173 18
5174 25
5175 18
5176 17
5177 18
5178 18
5179 18
5180 17
5181 17
5182 17
5183 17
5184 19
5185 18
5186 18
5187 17
5188 18
5189 18
5190 17
5191 17
5192 17
5193 17
5194 17
5195 17
5196 17
5197 17
5198 18
5199 18
5200 18
5201 17
5202 17
5203 17
5204 17
5205 17
5206 18
5207 17
5208 17
5209 17
5210 17
5211 18
5212 17
5213 18
5214 18
5215 17
5216 17
5217 17
5218 18
5219 18
5220 17
5221 18
5222 18
5223 18
5224 20
5225 18
5226 17
5227 18
5228 17
5229 18
5230 18
5231 18
5232 18
5233 18
5234 17
5235 17
5236 17
5237 18
5238 17
5239 17
5240 18
5241 19
5242 18
5243 18
5244 17
5245 17
5246 17
5247 17
5248 18
5249 17
5250 17
5251 18
5252 19
5253 18
5254 17
5255 17
5256 17
5257 18
5258 18
5259 17
5260 17
5261 17
5262 17
5263 18
5264 20
5265 17
5266 17
5267 17
5268 17
5269 17
5270 17
5271 18
5272 17
5273 17
5274 18
5275 18
5276 18
5277 19
5278 18
5279 17
5280 18
5281 17
5282 17
5283 17
5284 17
5285 17
5286 17
5287 18
5288 18
5289 18
5290 17
5291 17
5292 17
5293 18
5294 18
5295 18
5296 17
5297 18
5298 18
5299 18
5300 18
5301 17
5302 27
5303 18
5304 17
5305 17
5306 17
5307 17
5308 17
5309 18
5310 17
5311 17
5312 17
5313 18
5314 17
5315 17
5316 17
5317 17
5318 17
5319 17
5320 17
5321 17
5322 17
5323 17
5324 26
5325 18
5326 17
5327 18
5328 18
5329 18
5330 17
5331 17
5332 17
5333 17
5334 20
5335 17
5336 17
5337 28
5338 17
5339 17
5340 17
5341 17
5342 17
5343 17
5344 17
5345 17
5346 17
5347 17
5348 17
5349 17
5350 17
5351 17
5352 17
5353 18
5354 17
5355 17
5356 17
5357 17
5358 26
5359 18
5360 18
5361 17
5362 25
5363 18
5364 18
5365 18
5366 17
5367 17
5368 17
5369 17
5370 18
5371 18
5372 19
5373 18
5374 18
5375 17
5376 17
5377 18
5378 18
5379 17
5380 17
5381 17
5382 18
5383 17
5384 17
5385 18
5386 18
5387 19
5388 18
5389 18
5390 18
5391 18
5392 17
5393 18
5394 18
5395 18
5396 18
5397 17
5398 17
5399 17
5400 18
5401 18
5402 17
5403 17
5404 18
5405 17
5406 36
5407 19
5408 18
5409 18
5410 18
5411 18
5412 18
5413 17
5414 17
5415 17
5416 17
5417 18
5418 18
5419 17
5420 17
5421 17
5422 18
5423 19
5424 18
5425 17
5426 17
5427 18
5428 18
5429 18
5430 17
5431 17
5432 18
5433 18
5434 17
5435 17
5436 17
5437 17
5438 17
5439 18
5440 29
5441 18
5442 17
5443 18
5444 18
5445 17
5446 17
5447 17
5448 17
5449 17
5450 17
5451 17
5452 17
5453 17
5454 17
5455 17
5456 17
5457 17
5458 17
5459 17
5460 17
5461 17
5462 18
5463 19
5464 18
5465 17
5466 17
5467 18
5468 17
5469 17
5470 17
5471 17
5472 17
5473 17
5474 17
5475 18
5476 18
5477 17
5478 18
5479 17
5480 18
5481 18
5482 18
5483 17
5484 19
5485 19
5486 18
5487 18
5488 18
5489 17
5490 17
5491 17
5492 17
5493 17
5494 18
5495 17
5496 17
5497 18
5498 17
5499 17
5500 18
5501 19
5502 17
5503 18
5504 18
5505 18
5506 18
5507 18
5508 18
5509 18
5510 18
5511 18
5512 18
5513 18
5514 32
5515 18
5516 18
5517 18
5518 19
5519 17
5520 17
5521 17
5522 27
5523 19
5524 18
5525 17
5526 17
5527 17
5528 17
5529 17
5530 18
5531 17
5532 17
5533 18
5534 20
5535 18
5536 18
5537 18
5538 18
5539 18
5540 17
5541 17
5542 18
5543 18
5544 18
5545 17
5546 17
5547 17
5548 17
5549 17
5550 18
5551 19
5552 18
5553 18
5554 17
5555 17
5556 17
5557 17
5558 17
5559 18
5560 17
5561 17
5562 17
5563 17
5564 17
5565 17
5566 17
5567 18
5568 18
5569 18
5570 18
5571 17
5572 17
5573 17
5574 17
5575 18
5576 17
5577 17
5578 17
5579 17
5580 20
5581 17
5582 17
5583 17
5584 17
5585 17
5586 17
5587 17
5588 17
5589 17
5590 18
5591 18
5592 18
5593 18
5594 17
5595 18
5596 19
5597 17
5598 17
5599 17
5600 17
5601 17
5602 17
5603 17
5604 18
5605 17
5606 17
5607 18
5608 17
5609 17
5610 17
5611 17
5612 17
5613 17
5614 17
5615 17
5616 17
5617 17
5618 18
5619 18
5620 18
5621 17
5622 17
5623 18
5624 18
5625 17
5626 17
5627 17
5628 17
5629 17
5630 17
5631 18
5632 18
5633 18
5634 17
5635 19
5636 18
5637 18
5638 18
5639 18
5640 18
5641 19
5642 17
5643 17
5644 20
5645 18
5646 17
5647 18
5648 17
5649 17
5650 17
5651 17
5652 17
5653 17
5654 17
5655 17
5656 17
5657 18
5658 19
5659 17
5660 17
5661 17
5662 17
5663 18
5664 17
5665 17
5666 17
5667 17
5668 17
5669 17
5670 17
5671 17
5672 18
5673 18
5674 18
5675 17
5676 17
5677 16
5678 17
5679 17
5680 17
5681 17
5682 17
5683 17
5684 17
5685 17
5686 16
5687 26
5688 18
5689 18
5690 17
5691 17
5692 17
5693 17
5694 18
5695 17
5696 17
5697 17
5698 17
5699 18
5700 17
5701 17
5702 26
5703 18
5704 18
5705 17
5706 17
5707 18
5708 19
5709 17
5710 17
5711 17
5712 17
5713 17
5714 16
5715 17
5716 17
5717 17
5718 17
5719 17
5720 17
5721 19
5722 17
5723 17
5724 17
5725 18
5726 18
5727 18
5728 17
5729 17
5730 17
5731 16
5732 17
5733 17
5734 17
5735 17
5736 17
5737 18
5738 18
5739 17
5740 17
5741 17
5742 17
5743 17
5744 17
5745 18
5746 17
5747 17
5748 17
5749 17
5750 17
5751 17
5752 16
5753 18
5754 18
5755 18
5756 17
5757 17
5758 17
5759 17
5760 17
5761 17
5762 17
5763 17
5764 17
5765 17
5766 17
5767 17
5768 17
5769 18
5770 17
5771 18
5772 19
5773 17
5774 17
5775 17
5776 17
5777 18
5778 17
5779 17
5780 17
5781 27
5782 18
5783 18
5784 17
5785 17
5786 17
5787 17
5788 17
5789 17
5790 17
5791 17
5792 25
5793 18
5794 18
5795 17
5796 18
5797 17
5798 17
5799 17
5800 17
5801 17
5802 17
5803 17
5804 17
5805 18
5806 17
5807 17
5808 17
5809 18
5810 19
5811 18
5812 17
5813 17
5814 17
5815 17
5816 17
5817 17
5818 17
5819 17
5820 18
5821 18
5822 17
5823 17
5824 17
5825 16
5826 17
5827 17
5828 17
5829 17
5830 17
5831 17
5832 17
5833 18
5834 17
5835 17
5836 19
5837 17
5838 19
5839 18
5840 18
5841 17
5842 17
5843 17
5844 17
5845 17
5846 17
5847 17
5848 17
5849 17
5850 17
5851 17
5852 18
5853 18
5854 17
5855 17
5856 17
5857 17
5858 17
5859 17
5860 17
5861 17
5862 17
5863 17
5864 17
5865 17
5866 18
5867 17
5868 17
5869 17
5870 17
5871 17
5872 17
5873 17
5874 31
5875 18
5876 17
5877 16
5878 17
5879 17
5880 17
5881 17
5882 17
5883 17
5884 17
5885 17
5886 17
5887 17
5888 17
5889 17
5890 17
5891 17
5892 17
5893 17
5894 17
5895 17
5896 16
5897 17
5898 17
5899 17
5900 19
5901 18
5902 17
5903 17
5904 17
5905 17
5906 17
5907 17
5908 17
5909 16
5910 17
5911 17
5912 17
5913 17
5914 17
5915 17
5916 17
5917 17
5918 17
5919 17
5920 18
5921 17
5922 17
5923 17
5924 16
5925 17
5926 16
5927 17
5928 17
5929 18
5930 17
5931 17
5932 18
5933 17
5934 17
5935 17
5936 17
5937 17
5938 17
5939 17
5940 17
5941 17
5942 17
5943 24
5944 17
5945 17
5946 17
5947 17
5948 17
5949 17
5950 17
5951 17
5952 17
5953 17
5954 17
5955 17
5956 17
5957 18
5958 17
5959 17
5960 17
5961 17
5962 17
5963 17
5964 20
5965 17
5966 18
5967 17
5968 18
5969 17
5970 18
5971 17
5972 17
5973 17
5974 19
5975 18
5976 17
5977 17
5978 17
5979 17
5980 17
5981 17
5982 17
5983 17
5984 17
5985 17
5986 17
5987 17
5988 17
5989 17
5990 17
5991 18
5992 18
5993 18
5994 17
5995 17
5996 17
5997 18
5998 18
5999 17
6000 17
6001 17
6002 17
6003 17
6004 17
6005 17
6006 17
6007 17
6008 17
6009 17
6010 17
6011 17
6012 17
6013 17
6014 17
6015 17
6016 17
6017 17
6018 17
6019 17
6020 18
6021 21
6022 17
6023 17
6024 17
6025 17
6026 17
6027 17
6028 20
6029 18
6030 17
6031 17
6032 18
6033 18
6034 17
6035 17
6036 16
6037 17
6038 17
6039 17
6040 17
6041 18
6042 17
6043 27
6044 18
6045 17
6046 17
6047 17
6048 17
6049 17
6050 17
6051 17
6052 17
6053 18
6054 17
6055 18
6056 19
6057 17
6058 17
6059 17
6060 17
6061 17
6062 17
6063 17
6064 17
6065 17
6066 17
6067 18
6068 17
6069 17
6070 17
6071 19
6072 18
6073 18
6074 17
6075 18
6076 18
6077 17
6078 17
6079 17
6080 17
6081 17
6082 18
6083 18
6084 17
6085 17
6086 17
6087 18
6088 18
6089 18
6090 17
6091 18
6092 19
6093 18
6094 18
6095 18
6096 18
6097 17
6098 19
6099 17
6100 17
6101 18
6102 17
6103 18
6104 17
6105 17
6106 18
6107 18
6108 17
6109 18
6110 18
6111 18
6112 17
6113 17
6114 18
6115 17
6116 17
6117 17
6118 17
6119 17
6120 18
6121 17
6122 18
6123 17
6124 17
6125 17
6126 18
6127 17
6128 17
6129 17
6130 17
6131 17
6132 17
6133 17
6134 18
6135 17
6136 18
6137 17
6138 17
6139 17
6140 19
6141 18
6142 17
6143 17
6144 17
6145 17
6146 18
6147 17
6148 18
6149 18
6150 18
6151 17
6152 17
6153 18
6154 18
6155 19
6156 21
6157 18
6158 17
6159 17
6160 18
6161 18
6162 17
6163 17
6164 18
6165 17
6166 17
6167 17
6168 17
6169 18
6170 18
6171 24
6172 17
6173 17
6174 17
6175 17
6176 17
6177 17
6178 17
6179 17
6180 17
6181 17
6182 18
6183 18
6184 18
6185 17
6186 17
6187 18
6188 19
6189 18
6190 18
6191 18
6192 18
6193 18
6194 17
6195 17
6196 17
6197 17
6198 17
6199 17
6200 17
6201 17
6202 17
6203 17
6204 17
6205 18
6206 17
6207 17
6208 17
6209 17
6210 17
6211 17
6212 17
6213 17
6214 17
6215 17
6216 17
6217 17
6218 17
6219 17
6220 19
6221 18
6222 18
6223 17
6224 17
6225 17
6226 17
6227 17
6228 17
6229 17
6230 17
6231 17
6232 17
6233 17
6234 17
6235 30
6236 18
6237 17
6238 17
6239 17
6240 18
6241 18
6242 17
6243 17
6244 17
6245 17
6246 18
6247 17
6248 18
6249 17
6250 19
6251 17
6252 17
6253 17
6254 18
6255 17
6256 17
6257 17
6258 18
6259 17
6260 17
6261 18
6262 17
6263 17
6264 17
6265 17
6266 17
6267 18
6268 17
6269 17
6270 18
6271 17
6272 17
6273 18
6274 18
6275 19
6276 18
6277 18
6278 18
6279 17
6280 18
6281 17
6282 17
6283 17
6284 19
6285 17
6286 17
6287 17
6288 17
6289 17
6290 17
6291 17
6292 17
6293 17
6294 17
6295 20
6296 19
6297 18
6298 18
6299 17
6300 17
6301 17
6302 17
6303 17
6304 17
6305 17
6306 19
6307 17
6308 18
6309 17
6310 17
6311 17
6312 17
6313 17
6314 17
6315 17
6316 17
6317 17
6318 17
6319 17
6320 17
6321 18
6322 17
6323 18
6324 17
6325 17
6326 16
6327 17
6328 17
6329 17
6330 18
6331 17
6332 17
6333 17
6334 17
6335 17
6336 17
6337 17
6338 17
6339 17
6340 18
6341 17
6342 17
6343 17
6344 18
6345 19
6346 18
6347 17
6348 20
6349 17
6350 18
6351 18
6352 18
6353 17
6354 17
6355 17
6356 18
6357 19
6358 17
6359 17
6360 17
6361 17
6362 17
6363 17
6364 18
6365 18
6366 17
6367 17
6368 17
6369 17
6370 17
6371 18
6372 18
6373 18
6374 19
6375 18
6376 17
6377 18
6378 17
6379 19
6380 18
6381 19
6382 17
6383 17
6384 17
6385 17
6386 17
6387 18
6388 18
6389 17
6390 19
6391 19
6392 18
6393 18
6394 17
6395 28
6396 18
6397 18
6398 18
6399 18
6400 17
6401 17
6402 17
6403 17
6404 17
6405 18
6406 18
6407 18
6408 17
6409 17
6410 17
6411 17
6412 22
6413 17
6414 21
6415 18
6416 17
6417 18
6418 19
6419 17
6420 17
6421 18
6422 17
6423 17
6424 18
6425 17
6426 17
6427 17
6428 17
6429 17
6430 17
6431 17
6432 17
6433 18
6434 17
6435 18
6436 18
6437 18
6438 17
6439 17
6440 18
6441 18
6442 17
6443 17
6444 17
6445 26
6446 19
6447 17
6448 17
6449 17
6450 17
6451 17
6452 17
6453 17
6454 17
6455 17
6456 17
6457 17
6458 18
6459 17
6460 17
6461 17
6462 17
6463 18
6464 18
6465 17
6466 17
6467 18
6468 27
6469 18
6470 18
6471 18
6472 18
6473 18
6474 17
6475 17
6476 19
6477 19
6478 18
6479 18
6480 18
6481 17
6482 17
6483 18
6484 19
6485 18
6486 18
6487 17
6488 18
6489 18
6490 18
6491 18
6492 17
6493 18
6494 18
6495 18
6496 17
6497 18
6498 18
6499 17
6500 17
6501 17
6502 18
6503 18
6504 18
6505 18
6506 17
6507 18
6508 17
6509 17
6510 17
6511 17
6512 17
6513 17
6514 17
6515 16
6516 18
6517 18
6518 17
6519 19
6520 17
6521 18
6522 17
6523 17
6524 17
6525 17
6526 17
6527 17
6528 17
6529 19
6530 18
6531 19
6532 18
6533 18
6534 17
6535 18
6536 17
6537 18
6538 17
6539 17
6540 20
6541 17
6542 17
6543 17
6544 17
6545 17
6546 17
6547 17
6548 18
6549 18
6550 17
6551 17
6552 19
6553 17
6554 18
6555 18
6556 18
6557 18
6558 17
6559 17
6560 17
6561 17
6562 17
6563 17
6564 18
6565 17
6566 18
6567 17
6568 17
6569 19
6570 18
6571 18
6572 17
6573 17
6574 18
6575 17
6576 17
6577 17
6578 17
6579 17
6580 17
6581 17
6582 17
6583 17
6584 17
6585 17
6586 19
6587 17
6588 18
6589 18
6590 17
6591 17
6592 17
6593 17
6594 330
6595 18
6596 19
6597 17
6598 17
6599 17
6600 17
6601 19
6602 17
6603 17
6604 17
6605 29
6606 18
6607 17
6608 17
6609 18
6610 17
6611 17
6612 17
6613 17
6614 17
6615 17
6616 17
6617 17
6618 17
6619 17
6620 17
6621 17
6622 18
6623 19
6624 18
6625 18
6626 17
6627 18
6628 18
6629 17
6630 21
6631 18
6632 18
6633 18
6634 19
6635 17
6636 18
6637 18
6638 18
6639 17
6640 18
6641 18
6642 18
6643 17
6644 18
6645 19
6646 18
6647 17
6648 17
6649 18
6650 17
6651 17
6652 17
6653 17
6654 17
6655 17
6656 18
6657 17
6658 17
6659 18
6660 18
6661 19
6662 18
6663 17
6664 17
6665 17
6666 18
6667 18
6668 18
6669 18
6670 17
6671 18
6672 17
6673 18
6674 18
6675 17
6676 17
6677 18
6678 18
6679 17
6680 18
6681 18
6682 17
6683 18
6684 18
6685 18
6686 17
6687 17
6688 17
6689 17
6690 17
6691 17
6692 17
6693 17
6694 18
6695 17
6696 17
6697 17
6698 17
6699 18
6700 19
6701 19
6702 17
6703 18
6704 17
6705 29
6706 18
6707 17
6708 17
6709 18
6710 17
6711 18
6712 18
6713 18
6714 17
6715 17
6716 18
6717 18
6718 18
6719 17
6720 17
6721 18
6722 19
6723 18
6724 18
6725 18
6726 18
6727 17
6728 17
6729 18
6730 17
6731 17
6732 17
6733 18
6734 28
6735 19
6736 18
6737 18
6738 18
6739 19
6740 19
6741 19
6742 18
6743 18
6744 20
6745 19
6746 18
6747 18
6748 18
6749 19
6750 18
6751 19
6752 18
6753 18
6754 19
6755 20
6756 24
6757 20
6758 18
6759 20
6760 19
6761 19
6762 18
6763 19
6764 18
6765 19
6766 17
6767 19
6768 20
6769 18
6770 17
6771 18
6772 19
6773 20
6774 18
6775 18
6776 21
6777 22
6778 19
6779 23
6780 19
6781 18
6782 19
6783 18
6784 18
6785 31
6786 22
6787 19
6788 19
6789 18
6790 19
6791 19
6792 19
6793 18
6794 17
6795 19
6796 17
6797 17
6798 17
6799 17
6800 18
6801 20
6802 22
6803 20
6804 17
6805 18
6806 20
6807 20
6808 21
6809 18
6810 17
6811 17
6812 18
6813 18
6814 18
6815 18
6816 18
6817 20
6818 19
6819 19
6820 18
6821 17
6822 18
6823 18
6824 18
6825 17
6826 17
6827 18
6828 18
6829 18
6830 17
6831 17
6832 17
6833 17
6834 17
6835 18
6836 17
6837 18
6838 17
6839 28
6840 18
6841 18
6842 17
6843 17
6844 18
6845 18
6846 17
6847 18
6848 17
6849 17
6850 18
6851 18
6852 18
6853 17
6854 17
6855 17
6856 18
6857 19
6858 20
6859 18
6860 18
6861 18
6862 17
6863 19
6864 18
6865 18
6866 18
6867 17
6868 18
6869 18
6870 18
6871 18
6872 18
6873 18
6874 18
6875 18
6876 18
6877 17
6878 18
6879 17
6880 18
6881 18
6882 18
6883 18
6884 27
6885 18
6886 18
6887 17
6888 18
6889 18
6890 17
6891 18
6892 18
6893 18
6894 17
6895 17
6896 17
6897 18
6898 17
6899 25
6900 19
6901 20
6902 18
6903 17
6904 18
6905 17
6906 18
6907 18
6908 17
6909 18
6910 18
6911 18
6912 17
6913 17
6914 18
6915 18
6916 18
6917 20
6918 18
6919 18
6920 18
6921 18
6922 18
6923 18
6924 17
6925 18
6926 30
6927 19
6928 23
6929 18
6930 19
6931 19
6932 19
6933 18
6934 18
6935 18
6936 18
6937 18
6938 19
6939 18
6940 19
6941 18
6942 17
6943 18
6944 17
6945 18
6946 17
6947 18
6948 18
6949 20
6950 20
6951 19
6952 19
6953 17
6954 18
6955 18
6956 17
6957 17
6958 17
6959 17
6960 17
6961 18
6962 18
6963 18
6964 21
6965 23
6966 20
6967 20
6968 18
6969 23
6970 24
6971 21
6972 18
6973 17
6974 23
6975 20
6976 20
6977 20
6978 19
6979 21
6980 20
6981 21
6982 19
6983 18
6984 20
6985 19
6986 19
6987 20
6988 20
6989 19
6990 18
6991 20
6992 20
6993 20
6994 21
6995 27
6996 21
6997 19
6998 18
6999 18
7000 18
7001 18
7002 18
7003 20
7004 19
7005 19
7006 19
7007 19
7008 18
7009 20
7010 47
7011 21
7012 22
7013 18
7014 18
7015 19
7016 19
7017 20
7018 20
7019 19
7020 19
7021 20
7022 20
7023 20
7024 20
7025 23
7026 20
7027 20
7028 18
7029 20
7030 18
7031 18
7032 19
7033 19
7034 20
7035 20
7036 21
7037 18
7038 20
7039 40
7040 22
7041 21
7042 21
7043 20
7044 18
7045 19
7046 20
7047 19
7048 18
7049 19
7050 42
7051 22
7052 21
7053 20
7054 18
7055 20
7056 19
7057 19
7058 18
7059 18
7060 19
7061 19
7062 19
7063 18
7064 17
7065 20
7066 18
7067 18
7068 20
7069 19
7070 18
7071 18
7072 21
7073 18
7074 19
7075 19
7076 18
7077 19
7078 18
7079 19
7080 22
7081 20
7082 19
7083 19
7084 18
7085 18
7086 19
7087 18
7088 20
7089 20
7090 41
7091 20
7092 18
7093 19
7094 20
7095 19
7096 18
7097 19
7098 19
7099 20
7100 19
7101 19
7102 19
7103 19
7104 19
7105 23
7106 20
7107 19
7108 18
7109 20
7110 18
7111 19
7112 19
7113 20
7114 18
7115 19
7116 19
7117 20
7118 20
7119 21
7120 23
7121 20
7122 18
7123 18
7124 24
7125 18
7126 20
7127 20
7128 20
7129 18
7130 19
7131 18
7132 19
7133 18
7134 17
7135 18
7136 18
7137 20
7138 19
7139 19
7140 19
7141 23
7142 20
7143 20
7144 18
7145 19
7146 19
7147 18
7148 19
7149 17
7150 18
7151 17
7152 19
7153 18
7154 18
7155 38
7156 21
7157 19
7158 20
7159 17
7160 19
7161 23
7162 20
7163 18
7164 18
7165 19
7166 19
7167 18
7168 18
7169 18
7170 19
7171 19
7172 19
7173 18
7174 19
7175 20
7176 21
7177 23
7178 19
7179 17
7180 20
7181 18
7182 20
7183 18
7184 19
7185 18
7186 19
7187 23
7188 21
7189 20
7190 18
7191 18
7192 20
7193 18
7194 20
7195 19
7196 18
7197 18
7198 19
7199 20
7200 19
7201 19
7202 19
7203 20
7204 19
7205 20
7206 19
7207 20
7208 43
7209 22
7210 18
7211 18
7212 18
7213 17
7214 18
7215 19
7216 21
7217 22
7218 23
7219 18
7220 19
7221 18
7222 19
7223 19
7224 17
7225 18
7226 19
7227 19
7228 18
7229 18
7230 18
7231 19
7232 20
7233 22
7234 19
7235 21
7236 18
7237 19
7238 18
7239 19
7240 18
7241 19
7242 19
7243 24
7244 21
7245 19
7246 20
7247 19
7248 19
7249 21
7250 20
7251 19
7252 20
7253 24
7254 21
7255 19
7256 21
7257 23
7258 22
7259 19
7260 19
7261 19
7262 19
7263 17
7264 18
7265 20
7266 19
7267 18
7268 18
7269 18
7270 18
7271 19
7272 20
7273 25
7274 20
7275 29
7276 18
7277 18
7278 19
7279 18
7280 17
7281 19
7282 17
7283 17
7284 18
7285 17
7286 18
7287 19
7288 19
7289 18
7290 18
7291 17
7292 18
7293 18
7294 18
7295 17
7296 18
7297 17
7298 18
7299 18
7300 18
7301 18
7302 17
7303 17
7304 18
7305 18
7306 18
7307 18
7308 19
7309 18
7310 17
7311 17
7312 18
7313 18
7314 17
7315 19
7316 18
7317 18
7318 18
7319 17
7320 17
7321 18
7322 18
7323 18
7324 18
7325 18
7326 19
7327 20
7328 19
7329 18
7330 17
7331 18
7332 18
7333 18
7334 17
7335 18
7336 17
7337 17
7338 17
7339 20
7340 18
7341 18
7342 17
7343 17
7344 17
7345 17
7346 17
7347 17
7348 17
7349 17
7350 17
7351 17
7352 17
7353 21
7354 17
7355 19
7356 18
7357 20
7358 17
7359 17
7360 18
7361 19
7362 18
7363 18
7364 17
7365 18
7366 18
7367 18
7368 18
7369 18
7370 33
7371 20
7372 18
7373 17
7374 18
7375 18
7376 17
7377 17
7378 18
7379 18
7380 18
7381 19
7382 18
7383 18
7384 18
7385 17
7386 17
7387 20
7388 18
7389 18
7390 18
7391 19
7392 20
7393 18
7394 19
7395 18
7396 18
7397 21
7398 21
7399 19
7400 18
7401 18
7402 17
7403 21
7404 17
7405 18
7406 18
7407 17
7408 17
7409 17
7410 17
7411 17
7412 17
7413 18
7414 17
7415 17
7416 17
7417 17
7418 17
7419 17
7420 28
7421 18
7422 18
7423 18
7424 17
7425 17
7426 27
7427 17
7428 17
7429 17
7430 17
7431 17
7432 17
7433 18
7434 16
7435 18
7436 18
7437 18
7438 18
7439 17
7440 18
7441 18
7442 18
7443 19
7444 17
7445 18
7446 17
7447 17
7448 17
7449 18
7450 17
7451 19
7452 19
7453 18
7454 17
7455 18
7456 17
7457 19
7458 17
7459 19
7460 17
7461 18
7462 17
7463 17
7464 17
7465 17
7466 17
7467 20
7468 19
7469 20
7470 18
7471 18
7472 18
7473 19
7474 18
7475 19
7476 17
7477 17
7478 17
7479 18
7480 20
7481 18
7482 18
7483 17
7484 18
7485 17
7486 17
7487 17
7488 19
7489 18
7490 17
7491 18
7492 17
7493 17
7494 17
7495 17
7496 17
7497 18
7498 17
7499 17
7500 17
7501 17
7502 29
7503 20
7504 17
7505 17
7506 18
7507 17
7508 17
7509 18
7510 17
7511 18
7512 18
7513 18
7514 18
7515 18
7516 18
7517 18
7518 18
7519 18
7520 17
7521 17
7522 17
7523 18
7524 17
7525 17
7526 17
7527 17
7528 17
7529 18
7530 26
7531 21
7532 18
7533 18
7534 18
7535 20
7536 18
7537 17
7538 19
7539 17
7540 17
7541 18
7542 17
7543 17
7544 17
7545 18
7546 19
7547 18
7548 17
7549 17
7550 17
7551 18
7552 18
7553 17
7554 16
7555 18
7556 19
7557 17
7558 18
7559 18
7560 18
7561 18
7562 19
7563 19
7564 18
7565 17
7566 17
7567 17
7568 17
7569 17
7570 17
7571 17
7572 17
7573 19
7574 20
7575 19
7576 17
7577 18
7578 17
7579 17
7580 17
7581 18
7582 17
7583 18
7584 17
7585 17
7586 17
7587 18
7588 17
7589 18
7590 18
7591 17
7592 18
7593 17
7594 17
7595 22
7596 17
7597 18
7598 17
7599 17
7600 17
7601 18
7602 30
7603 39
7604 17
7605 17
7606 17
7607 18
7608 18
7609 18
7610 18
7611 18
7612 19
7613 20
7614 17
7615 17
7616 17
7617 17
7618 17
7619 17
7620 17
7621 18
7622 19
7623 20
7624 17
7625 18
7626 17
7627 31
7628 19
7629 17
7630 17
7631 17
7632 17
7633 17
7634 17
7635 17
7636 18
7637 17
7638 18
7639 17
7640 17
7641 17
7642 17
7643 17
7644 18
7645 19
7646 18
7647 17
7648 17
7649 26
7650 18
7651 17
7652 18
7653 17
7654 17
7655 17
7656 17
7657 17
7658 17
7659 19
7660 18
7661 19
7662 17
7663 17
7664 16
7665 17
7666 17
7667 17
7668 18
7669 18
7670 18
7671 17
7672 19
7673 17
7674 18
7675 18
7676 18
7677 18
7678 17
7679 17
7680 18
7681 17
7682 18
7683 17
7684 17
7685 18
7686 18
7687 17
7688 17
7689 17
7690 17
7691 17
7692 17
7693 17
7694 17
7695 27
7696 18
7697 17
7698 18
7699 18
7700 19
7701 19
7702 18
7703 17
7704 18
7705 17
7706 17
7707 17
7708 17
7709 17
7710 17
7711 18
7712 18
7713 18
7714 17
7715 18
7716 18
7717 18
7718 17
7719 18
7720 17
7721 17
7722 17
7723 21
7724 19
7725 17
7726 18
7727 17
7728 18
7729 17
7730 17
7731 18
7732 17
7733 17
7734 17
7735 18
7736 18
7737 18
7738 18
7739 18
7740 18
7741 17
7742 18
7743 18
7744 17
7745 18
7746 19
7747 17
7748 17
7749 18
7750 18
7751 18
7752 17
7753 17
7754 17
7755 18
7756 18
7757 18
7758 18
7759 18
7760 18
7761 18
7762 17
7763 17
7764 18
7765 18
7766 18
7767 17
7768 18
7769 18
7770 17
7771 17
7772 18
7773 27
7774 18
7775 17
7776 17
7777 17
7778 17
7779 379
7780 28
7781 18
7782 29
7783 18
7784 18
7785 18
7786 17
7787 18
7788 17
7789 18
7790 18
7791 18
7792 17
7793 18
7794 20
7795 18
7796 18
7797 18
7798 18
7799 18
7800 18
7801 18
7802 17
7803 17
7804 18
7805 20
7806 18
7807 17
7808 17
7809 18
7810 18
7811 17
7812 18
7813 17
7814 18
7815 19
7816 20
7817 18
7818 18
7819 17
7820 18
7821 17
7822 17
7823 17
7824 18
7825 17
7826 18
7827 18
7828 18
7829 18
7830 17
7831 18
7832 19
7833 18
7834 17
7835 18
7836 17
7837 17
7838 17
7839 18
7840 17
7841 18
7842 17
7843 18
7844 19
7845 18
7846 18
7847 18
7848 19
7849 18
7850 18
7851 17
7852 18
7853 18
7854 19
7855 20
7856 19
7857 17
7858 17
7859 17
7860 17
7861 17
7862 17
7863 17
7864 17
7865 18
7866 18
7867 19
7868 18
7869 17
7870 17
7871 19
7872 17
7873 18
7874 17
7875 17
7876 18
7877 17
7878 17
7879 17
7880 17
7881 18
7882 18
7883 17
7884 18
7885 17
7886 17
7887 17
7888 17
7889 17
7890 19
7891 18
7892 18
7893 18
7894 26
7895 19
7896 18
7897 18
7898 17
7899 18
7900 17
7901 17
7902 17
7903 17
7904 19
7905 19
7906 18
7907 18
7908 18
7909 18
7910 20
7911 17
7912 18
7913 18
7914 18
7915 18
7916 17
7917 18
7918 18
7919 17
7920 18
7921 20
7922 17
7923 17
7924 17
7925 18
7926 18
7927 18
7928 18
7929 17
7930 17
7931 17
7932 17
7933 18
7934 18
7935 18
7936 17
7937 18
7938 18
7939 28
7940 17
7941 17
7942 18
7943 19
7944 19
7945 17
7946 18
7947 29
7948 18
7949 18
7950 17
7951 18
7952 18
7953 17
7954 17
7955 18
7956 17
7957 17
7958 18
7959 19
7960 18
7961 18
7962 17
7963 18
7964 19
7965 18
7966 18
7967 18
7968 18
7969 17
7970 18
7971 18
7972 17
7973 18
7974 17
7975 19
7976 18
7977 18
7978 19
7979 17
7980 18
7981 17
7982 17
7983 17
7984 18
7985 17
7986 18
7987 18
7988 18
7989 18
7990 17
7991 18
7992 17
7993 18
7994 17
7995 17
7996 17
7997 17
7998 18
7999 17
8000 17
8001 18
8002 17
8003 19
8004 17
8005 18
8006 17
8007 17
8008 17
8009 17
8010 18
8011 17
8012 17
8013 17
8014 19
8015 17
8016 18
8017 18
8018 17
8019 17
8020 18
8021 18
8022 17
8023 18
8024 17
8025 17
8026 18
8027 17
8028 17
8029 17
8030 17
8031 18
8032 18
8033 18
8034 17
8035 18
8036 19
8037 19
8038 18
8039 17
8040 18
8041 17
8042 20
8043 19
8044 18
8045 18
8046 17
8047 17
8048 17
8049 17
8050 17
8051 19
8052 18
8053 17
8054 18
8055 17
8056 17
8057 17
8058 18
8059 17
8060 18
8061 18
8062 17
8063 17
8064 17
8065 17
8066 17
8067 17
8068 17
8069 17
8070 17
8071 17
8072 18
8073 19
8074 17
8075 17
8076 17
8077 18
8078 18
8079 18
8080 17
8081 17
8082 17
8083 17
8084 17
8085 18
8086 17
8087 17
8088 17
8089 17
8090 18
8091 18
8092 28
8093 18
8094 17
8095 18
8096 18
8097 17
8098 18
8099 17
8100 18
8101 18
8102 17
8103 18
8104 21
8105 18
8106 18
8107 17
8108 17
8109 17
8110 17
8111 17
8112 17
8113 17
8114 17
8115 17
8116 17
8117 36
8118 19
8119 18
8120 20
8121 19
8122 18
8123 17
8124 17
8125 17
8126 17
8127 17
8128 17
8129 17
8130 17
8131 17
8132 18
8133 19
8134 17
8135 17
8136 28
8137 19
8138 18
8139 17
8140 18
8141 26
8142 19
8143 19
8144 18
8145 18
8146 17
8147 17
8148 17
8149 18
8150 18
8151 18
8152 18
8153 19
8154 18
8155 17
8156 17
8157 17
8158 17
8159 18
8160 18
8161 17
8162 18
8163 29
8164 19
8165 18
8166 17
8167 18
8168 17
8169 19
8170 17
8171 17
8172 18
8173 17
8174 18
8175 17
8176 17
8177 17
8178 18
8179 26
8180 20
8181 18
8182 17
8183 18
8184 18
8185 20
8186 18
8187 18
8188 18
8189 18
8190 18
8191 17
8192 18
8193 18
8194 18
8195 18
8196 19
8197 17
8198 17
8199 18
8200 19
8201 18
8202 20
8203 18
8204 18
8205 17
8206 18
8207 17
8208 17
8209 18
8210 20
8211 20
8212 20
8213 22
8214 18
8215 17
8216 18
8217 20
8218 22
8219 21
8220 19
8221 18
8222 21
8223 21
8224 18
8225 18
8226 18
8227 19
8228 18
8229 19
8230 19
8231 19
8232 17
8233 21
8234 21
8235 18
8236 19
8237 18
8238 17
8239 18
8240 19
8241 19
8242 -999980
8243 19
8244 20
8245 19
8246 19
8247 20
8248 17
8249 19
8250 18
8251 20
8252 20
8253 20
8254 23
8255 20
8256 21
8257 21
8258 21
8259 22
8260 20
8261 20
8262 19
8263 21
8264 22
8265 19
8266 18
8267 20
8268 20
8269 19
8270 19
8271 19
8272 19
8273 21
8274 22
8275 33
8276 22
8277 19
8278 21
8279 19
8280 18
8281 17
8282 19
8283 18
8284 19
8285 19
8286 19
8287 19
8288 20
8289 19
8290 18
8291 19
8292 20
8293 20
8294 24
8295 18
8296 18
8297 19
8298 20
8299 23
8300 18
8301 19
8302 19
8303 21
8304 19
8305 18
8306 18
8307 19
8308 17
8309 19
8310 18
8311 18
8312 18
8313 18
8314 19
8315 18
8316 18
8317 17
8318 18
8319 17
8320 17
8321 18
8322 17
8323 18
8324 18
8325 18
8326 20
8327 17
8328 18
8329 17
8330 18
8331 17
8332 17
8333 18
8334 18
8335 18
8336 18
8337 18
8338 18
8339 17
8340 17
8341 18
8342 27
8343 18
8344 17
8345 17
8346 17
8347 18
8348 18
8349 18
8350 18
8351 17
8352 17
8353 17
8354 18
8355 25
8356 20
8357 18
8358 18
8359 18
8360 18
8361 17
8362 18
8363 18
8364 18
8365 18
8366 17
8367 17
8368 17
8369 17
8370 17
8371 17
8372 17
8373 17
8374 17
8375 18
8376 19
8377 19
8378 18
8379 18
8380 20
8381 20
8382 20
8383 17
8384 18
8385 18
8386 18
8387 17
8388 17
8389 18
8390 17
8391 18
8392 18
8393 18
8394 19
8395 18
8396 17
8397 17
8398 18
8399 18
8400 17
8401 18
8402 21
8403 20
8404 18
8405 17
8406 18
8407 18
8408 18
8409 18
8410 19
8411 18
8412 18
8413 17
8414 18
8415 18
8416 18
8417 18
8418 18
8419 19
8420 18
8421 18
8422 18
8423 18
8424 18
8425 18
8426 18
8427 18
8428 18
8429 18
8430 18
8431 19
8432 18
8433 17
8434 18
8435 18
8436 20
8437 19
8438 18
8439 17
8440 19
8441 19
8442 18
8443 18
8444 18
8445 18
8446 18
8447 19
8448 30
8449 18
8450 18
8451 18
8452 18
8453 18
8454 18
8455 18
8456 23
8457 28
8458 21
8459 20
8460 19
8461 22
8462 25
8463 22
8464 18
8465 21
8466 23
8467 20
8468 20
8469 19
8470 20
8471 20
8472 19
8473 18
8474 20
8475 18
8476 23
8477 19
8478 20
8479 18
8480 20
8481 21
8482 19
8483 23
8484 24
8485 20
8486 20
8487 19
8488 19
8489 18
8490 41
8491 24
8492 24
8493 18
8494 19
8495 18
8496 19
8497 19
8498 18
8499 17
8500 18
8501 19
8502 21
8503 26
8504 21
8505 18
8506 17
8507 19
8508 20
8509 19
8510 20
8511 22
8512 25
8513 18
8514 19
8515 19
8516 20
8517 18
8518 18
8519 19
8520 19
8521 18
8522 20
8523 18
8524 19
8525 18
8526 38
8527 23
8528 20
8529 18
8530 19
8531 20
8532 20
8533 20
8534 19
8535 24
8536 21
8537 19
8538 21
8539 21
8540 20
8541 19
8542 19
8543 18
8544 19
8545 19
8546 18
8547 17
8548 18
8549 18
8550 20
8551 23
8552 19
8553 17
8554 20
8555 21
8556 19
8557 18
8558 19
8559 20
8560 20
8561 19
8562 19
8563 19
8564 17
8565 20
8566 22
8567 20
8568 18
8569 21
8570 22
8571 23
8572 19
8573 19
8574 18
8575 20
8576 20
8577 18
8578 20
8579 20
8580 21
8581 23
8582 19
8583 20
8584 18
8585 18
8586 17
8587 19
8588 19
8589 18
8590 18
8591 18
8592 18
8593 18
8594 17
8595 18
8596 19
8597 19
8598 19
8599 18
8600 17
8601 19
8602 35
8603 22
8604 19
8605 19
8606 17
8607 20
8608 41
8609 21
8610 19
8611 19
8612 19
8613 18
8614 20
8615 31
8616 23
8617 21
8618 18
8619 20
8620 19
8621 20
8622 18
8623 18
8624 20
8625 22
8626 24
8627 18
8628 18
8629 18
8630 20
8631 21
8632 18
8633 20
8634 19
8635 19
8636 19
8637 19
8638 19
8639 18
8640 18
8641 18
8642 18
8643 17
8644 17
8645 18
8646 20
8647 19
8648 19
8649 19
8650 18
8651 18
8652 18
8653 19
8654 19
8655 19
8656 18
8657 21
8658 19
8659 19
8660 18
8661 20
8662 19
8663 19
8664 19
8665 19
8666 18
8667 19
8668 19
8669 18
8670 18
8671 20
8672 21
8673 24
8674 22
8675 18
8676 18
8677 18
8678 21
8679 20
8680 19
8681 19
8682 19
8683 20
8684 18
8685 18
8686 18
8687 18
8688 23
8689 18
8690 20
8691 18
8692 18
8693 24
8694 20
8695 19
8696 19
8697 21
8698 19
8699 18
8700 20
8701 19
8702 18
8703 23
8704 20
8705 19
8706 18
8707 19
8708 21
8709 19
8710 18
8711 18
8712 18
8713 19
8714 18
8715 19
8716 19
8717 19
8718 18
8719 21
8720 19
8721 19
8722 19
8723 19
8724 18
8725 18
8726 18
8727 17
8728 19
8729 21
8730 20
8731 18
8732 19
8733 18
8734 18
8735 19
8736 18
8737 19
8738 19
8739 20
8740 18
8741 18
8742 19
8743 18
8744 19
8745 21
8746 21
8747 19
8748 21
8749 21
8750 18
8751 20
8752 19
8753 19
8754 18
8755 17
8756 18
8757 19
8758 18
8759 19
8760 21
8761 24
8762 21
8763 17
8764 17
8765 18
8766 18
8767 17
8768 17
8769 17
8770 17
8771 18
8772 18
8773 27
8774 18
8775 18
8776 19
8777 20
8778 18
8779 18
8780 18
8781 19
8782 18
8783 18
8784 18
8785 17
8786 17
8787 21
8788 19
8789 18
8790 18
8791 18
8792 17
8793 17
8794 18
8795 18
8796 18
8797 17
8798 27
8799 19
8800 17
8801 18
8802 18
8803 19
8804 18
8805 18
8806 17
8807 18
8808 17
8809 18
8810 17
8811 18
8812 18
8813 18
8814 17
8815 18
8816 17
8817 18
8818 17
8819 17
8820 17
8821 17
8822 18
8823 18
8824 18
8825 18
8826 30
8827 18
8828 19
8829 17
8830 17
8831 19
8832 18
8833 17
8834 17
8835 17
8836 17
8837 19
8838 17
8839 19
8840 18
8841 19
8842 20
8843 18
8844 17
8845 17
8846 17
8847 17
8848 17
8849 17
8850 18
8851 18
8852 18
8853 20
8854 18
8855 18
8856 17
8857 17
8858 17
8859 18
8860 17
8861 17
8862 19
8863 17
8864 17
8865 18
8866 17
8867 17
8868 18
8869 23
8870 18
8871 18
8872 17
8873 18
8874 17
8875 17
8876 17
8877 17
8878 17
8879 17
8880 19
8881 18
8882 17
8883 17
8884 17
8885 17
8886 19
8887 18
8888 18
8889 17
8890 17
8891 17
8892 17
8893 17
8894 17
8895 18
8896 17
8897 18
8898 18
8899 17
8900 17
8901 17
8902 17
8903 18
8904 17
8905 18
8906 17
8907 17
8908 26
8909 18
8910 17
8911 17
8912 17
8913 17
8914 17
8915 17
8916 17
8917 17
8918 18
8919 17
8920 17
8921 17
8922 17
8923 17
8924 16
8925 18
8926 21
8927 18
8928 17
8929 17
8930 17
8931 17
8932 18
8933 17
8934 17
8935 17
8936 18
8937 17
8938 17
8939 17
8940 17
8941 17
8942 17
8943 17
8944 17
8945 17
8946 17
8947 17
8948 18
8949 17
8950 32
8951 19
8952 18
8953 17
8954 19
8955 18
8956 17
8957 17
8958 18
8959 20
8960 18
8961 17
8962 17
8963 17
8964 17
8965 17
8966 18
8967 17
8968 17
8969 18
8970 18
8971 19
8972 18
8973 18
8974 18
8975 20
8976 17
8977 17
8978 16
8979 18
8980 17
8981 18
8982 17
8983 17
8984 17
8985 17
8986 17
8987 18
8988 18
8989 17
8990 19
8991 17
8992 18
8993 17
8994 17
8995 17
8996 17
8997 18
8998 17
8999 17
9000 17
9001 17
9002 17
9003 18
9004 18
9005 18
9006 18
9007 18
9008 19
9009 17
9010 18
9011 18
9012 18
9013 18
9014 18
9015 17
9016 17
9017 17
9018 17
9019 17
9020 19
9021 19
9022 18
9023 17
9024 17
9025 19
9026 20
9027 19
9028 17
9029 17
9030 18
9031 17
9032 17
9033 17
9034 19
9035 17
9036 18
9037 18
9038 18
9039 18
9040 18
9041 17
9042 17
9043 17
9044 17
9045 18
9046 18
9047 18
9048 17
9049 17
9050 17
9051 18
9052 18
9053 18
9054 21
9055 20
9056 18
9057 17
9058 17
9059 17
9060 17
9061 17
9062 17
9063 18
9064 18
9065 17
9066 18
9067 18
9068 18
9069 17
9070 17
9071 17
9072 17
9073 18
9074 17
9075 18
9076 19
9077 20
9078 18
9079 18
9080 17
9081 17
9082 19
9083 17
9084 18
9085 18
9086 17
9087 18
9088 17
9089 17
9090 17
9091 17
9092 32
9093 18
9094 17
9095 17
9096 17
9097 17
9098 18
9099 17
9100 18
9101 17
9102 17
9103 19
9104 20
9105 18
9106 18
9107 17
9108 18
9109 17
9110 18
9111 17
9112 17
9113 17
9114 17
9115 17
9116 17
9117 17
9118 19
9119 17
9120 19
9121 18
9122 18
9123 18
9124 18
9125 19
9126 18
9127 18
9128 20
9129 17
9130 17
9131 17
9132 17
9133 17
9134 17
9135 17
9136 18
9137 18
9138 17
9139 17
9140 17
9141 17
9142 17
9143 17
9144 17
9145 18
9146 18
9147 19
9148 17
9149 17
9150 18
9151 17
9152 17
9153 18
9154 17
9155 17
9156 17
9157 18
9158 18
9159 19
9160 18
9161 17
9162 17
9163 17
9164 17
9165 17
9166 17
9167 17
9168 17
9169 17
9170 18
9171 18
9172 17
9173 17
9174 17
9175 18
9176 17
9177 17
9178 17
9179 17
9180 18
9181 18
9182 19
9183 17
9184 18
9185 17
9186 18
9187 18
9188 28
9189 18
9190 17
9191 18
9192 17
9193 17
9194 17
9195 17
9196 17
9197 25
9198 19
9199 18
9200 17
9201 17
9202 17
9203 18
9204 17
9205 17
9206 17
9207 17
9208 18
9209 18
9210 17
9211 17
9212 17
9213 16
9214 18
9215 17
9216 17
9217 17
9218 18
9219 17
9220 17
9221 17
9222 17
9223 17
9224 17
9225 17
9226 17
9227 17
9228 17
9229 17
9230 17
9231 17
9232 17
9233 17
9234 17
9235 17
9236 16
9237 17
9238 26
9239 18
9240 18
9241 17
9242 17
9243 17
9244 17
9245 17
9246 20
9247 16
9248 17
9249 17
9250 17
9251 17
9252 17
9253 17
9254 18
9255 18
9256 19
9257 18
9258 17
9259 28
9260 18
9261 17
9262 17
9263 17
9264 17
9265 17
9266 17
9267 17
9268 18
9269 18
9270 18
9271 19
9272 17
9273 17
9274 17
9275 17
9276 17
9277 17
9278 17
9279 17
9280 17
9281 17
9282 17
9283 17
9284 17
9285 18
9286 18
9287 18
9288 17
9289 18
9290 18
9291 18
9292 18
9293 18
9294 19
9295 18
9296 18
9297 17
9298 18
9299 18
9300 18
9301 18
9302 17
9303 17
9304 17
9305 17
9306 25
9307 18
9308 17
9309 27
9310 20
9311 17
9312 17
9313 17
9314 17
9315 17
9316 17
9317 17
9318 18
9319 18
9320 17
9321 17
9322 17
9323 17
9324 17
9325 18
9326 19
9327 19
9328 17
9329 18
9330 17
9331 18
9332 19
9333 17
9334 17
9335 17
9336 17
9337 17
9338 17
9339 18
9340 18
9341 18
9342 18
9343 18
9344 17
9345 17
9346 17
9347 17
9348 18
9349 19
9350 18
9351 18
9352 18
9353 17
9354 17
9355 17
9356 17
9357 17
9358 17
9359 17
9360 17
9361 17
9362 17
9363 17
9364 17
9365 18
9366 18
9367 18
9368 17
9369 18
9370 17
9371 17
9372 17
9373 17
9374 18
9375 17
9376 17
9377 17
9378 17
9379 18
9380 18
9381 18
9382 18
9383 19
9384 18
9385 18
9386 18
9387 17
9388 17
9389 18
9390 17
9391 17
9392 17
9393 18
9394 19
9395 17
9396 17
9397 17
9398 17
9399 17
9400 17
9401 17
9402 17
9403 17
9404 17
9405 17
9406 16
9407 17
9408 17
9409 17
9410 27
9411 19
9412 17
9413 17
9414 17
9415 17
9416 17
9417 17
9418 17
9419 18
9420 17
9421 17
9422 17
9423 17
9424 17
9425 17
9426 17
9427 18
9428 18
9429 18
9430 17
9431 19
9432 29
9433 19
9434 17
9435 17
9436 17
9437 17
9438 20
9439 17
9440 17
9441 17
9442 17
9443 17
9444 17
9445 19
9446 17
9447 17
9448 17
9449 18
9450 18
9451 18
9452 18
9453 17
9454 17
9455 17
9456 17
9457 17
9458 17
9459 17
9460 18
9461 19
9462 18
9463 17
9464 17
9465 17
9466 19
9467 18
9468 18
9469 16
9470 17
9471 17
9472 16
9473 17
9474 16
9475 17
9476 17
9477 17
9478 17
9479 17
9480 17
9481 17
9482 17
9483 17
9484 20
9485 22
9486 17
9487 17
9488 17
9489 17
9490 19
9491 17
9492 17
9493 17
9494 17
9495 17
9496 17
9497 18
9498 18
9499 29
9500 19
9501 18
9502 19
9503 17
9504 17
9505 17
9506 17
9507 17
9508 18
9509 17
9510 17
9511 17
9512 17
9513 18
9514 17
9515 17
9516 16
9517 17
9518 17
9519 17
9520 17
9521 16
9522 17
9523 18
9524 17
9525 17
9526 17
9527 18
9528 17
9529 18
9530 18
9531 19
9532 17
9533 17
9534 18
9535 16
9536 17
9537 17
9538 17
9539 18
9540 22
9541 18
9542 18
9543 18
9544 18
9545 19
9546 18
9547 17
9548 16
9549 17
9550 17
9551 17
9552 17
9553 17
9554 17
9555 17
9556 17
9557 17
9558 16
9559 17
9560 17
9561 17
9562 17
9563 16
9564 17
9565 17
9566 21
9567 18
9568 20
9569 17
9570 17
9571 17
9572 17
9573 18
9574 17
9575 17
9576 17
9577 18
9578 19
9579 17
9580 17
9581 17
9582 16
9583 17
9584 17
9585 17
9586 17
9587 17
9588 17
9589 17
9590 17
9591 17
9592 17
9593 16
9594 18
9595 18
9596 18
9597 18
9598 17
9599 17
9600 17
9601 17
9602 17
9603 18
9604 17
9605 17
9606 18
9607 18
9608 17
9609 17
9610 17
9611 17
9612 19
9613 17
9614 17
9615 17
9616 17
9617 19
9618 18
9619 18
9620 17
9621 17
9622 17
9623 17
9624 17
9625 17
9626 18
9627 18
9628 17
9629 17
9630 20
9631 17
9632 17
9633 18
9634 18
9635 17
9636 17
9637 17
9638 17
9639 17
9640 18
9641 17
9642 17
9643 17
9644 18
9645 17
9646 17
9647 17
9648 18
9649 17
9650 17
9651 18
9652 18
9653 18
9654 18
9655 18
9656 17
9657 27
9658 18
9659 17
9660 17
9661 17
9662 17
9663 17
9664 18
9665 24
9666 17
9667 18
9668 18
9669 17
9670 18
9671 18
9672 19
9673 19
9674 18
9675 18
9676 18
9677 18
9678 18
9679 17
9680 17
9681 17
9682 17
9683 18
9684 19
9685 18
9686 18
9687 17
9688 17
9689 17
9690 17
9691 17
9692 17
9693 17
9694 17
9695 18
9696 16
9697 17
9698 17
9699 18
9700 18
9701 18
9702 18
9703 18
9704 17
9705 18
9706 21
9707 19
9708 18
9709 18
9710 19
9711 18
9712 18
9713 18
9714 17
9715 19
9716 18
9717 18
9718 18
9719 18
9720 18
9721 18
9722 20
9723 21
9724 18
9725 18
9726 18
9727 19
9728 17
9729 17
9730 19
9731 18
9732 17
9733 23
9734 20
9735 18
9736 18
9737 18
9738 18
9739 19
9740 18
9741 18
9742 18
9743 19
9744 18
9745 18
9746 19
9747 17
9748 18
9749 21
9750 19
9751 17
9752 19
9753 21
9754 19
9755 19
9756 18
9757 19
9758 20
9759 19
9760 18
9761 18
9762 18
9763 19
9764 17
9765 21
9766 20
9767 21
9768 19
9769 19
9770 19
9771 20
9772 19
9773 19
9774 19
9775 19
9776 17
9777 17
9778 17
9779 17
9780 17
9781 18
9782 17
9783 18
9784 17
9785 18
9786 18
9787 20
9788 18
9789 17
9790 17
9791 18
9792 18
9793 17
9794 17
9795 17
9796 17
9797 18
9798 17
9799 18
9800 17
9801 17
9802 18
9803 19
9804 17
9805 17
9806 18
9807 18
9808 18
9809 17
9810 17
9811 17
9812 17
9813 17
9814 19
9815 18
9816 17
9817 17
9818 17
9819 18
9820 19
9821 18
9822 17
9823 18
9824 17
9825 18
9826 17
9827 17
9828 17
9829 18
9830 18
9831 18
9832 17
9833 31
9834 18
9835 17
9836 17
9837 17
9838 17
9839 17
9840 17
9841 27
9842 19
9843 18
9844 18
9845 17
9846 18
9847 18
9848 17
9849 17
9850 17
9851 17
9852 17
9853 17
9854 17
9855 18
9856 18
9857 18
9858 19
9859 17
9860 18
9861 18
9862 18
9863 17
9864 18
9865 17
9866 17
9867 17
9868 17
9869 19
9870 17
9871 17
9872 18
9873 18
9874 18
9875 19
9876 17
9877 18
9878 18
9879 18
9880 18
9881 17
9882 18
9883 17
9884 17
9885 18
9886 18
9887 17
9888 17
9889 18
9890 18
9891 18
9892 17
9893 17
9894 17
9895 18
9896 17
9897 21
9898 18
9899 17
9900 17
9901 18
9902 17
9903 17
9904 17
9905 17
9906 17
9907 17
9908 17
9909 17
9910 17
9911 17
9912 17
9913 17
9914 18
9915 17
9916 17
9917 17
9918 17
9919 18
9920 18
9921 17
9922 17
9923 17
9924 17
9925 17
9926 19
9927 17
9928 17
9929 17
9930 18
9931 19
9932 17
9933 17
9934 17
9935 17
9936 18
9937 18
9938 17
9939 17
9940 17
9941 18
9942 18
9943 18
9944 17
9945 18
9946 18
9947 18
9948 18
9949 17
9950 17
9951 17
9952 17
9953 19
9954 18
9955 19
9956 17
9957 17
9958 17
9959 17
9960 17
9961 17
9962 17
9963 17
9964 17
9965 17
9966 17
9967 17
9968 17
9969 18
9970 18
9971 19
9972 17
9973 17
9974 18
9975 18
9976 18
9977 18
9978 17
9979 17
9980 17
9981 17
9982 17
9983 17
9984 17
9985 17
9986 18
9987 18
9988 19
9989 18
9990 17
9991 18
9992 18
9993 17
9994 18
9995 18
9996 18
9997 17
9998 17
9999 18
