0 4332
1 6365
2 5017
3 4575
4 4582
5 4708
6 4821
7 -994926
8 4846
9 4757
10 5261
11 5337
12 5081
13 4700
14 5883
15 6167
16 4859
17 5479
18 4645
19 5182
20 4735
21 5494
22 4554
23 5134
24 4579
25 4578
26 5203
27 4711
28 5082
29 5336
30 4576
31 4959
32 4942
33 6115
34 5459
35 4916
36 4592
37 5209
38 6199
39 5379
40 6348
41 6268
42 4984
43 4696
44 4724
45 4692
46 5285
47 4633
48 5457
49 4702
50 4744
51 5026
52 5704
53 5338
54 5085
55 4570
56 4958
57 5152
58 5552
59 4658
60 5895
61 4456
62 4843
63 4716
64 5469
65 4946
66 5337
67 5110
68 6845
69 4918
70 5059
71 4970
72 4716
73 4928
74 5319
75 4916
76 4872
77 4658
78 4841
79 4953
80 6706
81 5464
82 5196
83 4977
84 4788
85 5021
86 4819
87 4570
88 5338
89 6211
90 4876
91 5274
92 5199
93 4625
94 4689
95 4879
96 5306
97 5719
98 6081
99 5273
100 5615
101 5530
102 5063
103 4760
104 4988
105 5418
106 4655
107 5190
108 4717
109 5042
110 4579
111 4688
112 4616
113 4569
114 4587
115 4702
116 4963
117 4608
118 5069
119 5083
120 6210
121 4591
122 5564
123 4855
124 5344
125 5461
126 5137
127 5148
128 4622
129 4540
130 5227
131 4668
132 5218
133 4565
134 4677
135 4816
136 5442
137 4418
138 4823
139 4519
140 6261
141 4871
142 5117
143 4784
144 5220
145 4748
146 4882
147 5071
148 4826
149 5081
150 4699
151 4927
152 4951
153 5002
154 5402
155 4718
156 5067
157 4568
158 5263
159 4902
160 4829
161 5724
162 5134
163 4766
164 4850
165 4956
166 5073
167 4941
168 4705
169 5232
170 4744
171 4679
172 5205
173 5461
174 4948
175 4589
176 4592
177 4571
178 4540
179 4914
180 5225
181 6033
182 4588
183 4946
184 4986
185 6491
186 5406
187 4580
188 4574
189 4588
190 4602
191 4695
192 4717
193 4756
194 4679
195 4955
196 4826
197 4703
198 4594
199 4821
200 4714
201 4420
202 6504
203 -994812
204 4594
205 5404
206 5378
207 5284
208 4710
209 5262
210 5125
211 4773
212 5088
213 5027
214 4709
215 5028
216 4645
217 4768
218 5031
219 4618
220 4792
221 4997
222 6288
223 5456
224 4738
225 4949
226 5428
227 5094
228 4454
229 4973
230 5320
231 5470
232 4710
233 4837
234 4955
235 4838
236 4721
237 4817
238 4853
239 4453
240 4776
241 5650
242 5715
243 4587
244 4889
245 4753
246 4963
247 5863
248 6303
249 4691
250 4572
251 5084
252 4830
253 4970
254 4816
255 4586
256 4701
257 5467
258 4946
259 4826
260 4554
261 5214
262 6419
263 5380
264 4732
265 4520
266 4716
267 5313
268 5255
269 5156
270 4770
271 5337
272 5578
273 5169
274 4875
275 5256
276 6065
277 4767
278 4581
279 4576
280 5097
281 4448
282 5997
283 5048
284 4595
285 5200
286 5218
287 4576
288 4471
289 4449
290 4838
291 4713
292 4709
293 5129
294 4923
295 5286
296 4623
297 4701
298 5221
299 4575
300 4991
301 4951
302 5039
303 5985
304 5092
305 5307
306 4561
307 4971
308 5265
309 4671
310 4709
311 4832
312 4889
313 4898
314 5063
315 5595
316 4870
317 4985
318 5401
319 5197
320 4752
321 5547
322 4595
323 6211
324 4447
325 4708
326 4704
327 6007
328 4914
329 6748
330 4795
331 4593
332 4971
333 4947
334 4955
335 5963
336 5216
337 4592
338 5211
339 4721
340 4741
341 4862
342 5150
343 6367
344 4798
345 4705
346 4959
347 4885
348 4806
349 4845
350 5561
351 4964
352 4710
353 4778
354 5525
355 5334
356 5122
357 5052
358 4591
359 4590
360 4598
361 4952
362 4857
363 5920
364 4576
365 4728
366 4803
367 4582
368 5064
369 4707
370 5208
371 4582
372 4476
373 4983
374 4793
375 4502
376 5410
377 4461
378 4576
379 4768
380 5021
381 4583
382 4960
383 4706
384 6607
385 5806
386 4829
387 4598
388 5700
389 4570
390 4835
391 5211
392 4465
393 4867
394 7405
395 4955
396 4836
397 4585
398 4862
399 4935
400 4462
401 -995538
402 4843
403 4950
404 5464
405 4987
406 5440
407 4463
408 4771
409 4940
410 5840
411 4537
412 4959
413 4993
414 4940
415 5323
416 4584
417 4589
418 6222
419 5442
420 4836
421 5710
422 4847
423 4822
424 6215
425 4581
426 5965
427 4840
428 4830
429 4833
430 4838
431 4978
432 5092
433 5301
434 4719
435 5450
436 4731
437 4812
438 4966
439 4955
440 4960
441 5638
442 4658
443 5351
444 7447
445 4617
446 4802
447 5457
448 5325
449 4594
450 5867
451 6107
452 4527
453 7142
454 5633
455 4770
456 4903
457 4781
458 5262
459 4586
460 4722
461 4452
462 4854
463 4687
464 5970
465 5021
466 5398
467 4587
468 4713
469 4962
470 4979
471 5624
472 6084
473 4774
474 4835
475 4862
476 5380
477 5145
478 4733
479 5690
480 4845
481 5076
482 5655
483 6775
484 4829
485 4711
486 4837
487 4710
488 4965
489 5209
490 4837
491 5501
492 5549
493 4709
494 5335
495 4588
496 5089
497 5271
498 5171
499 4711
500 4715
501 4833
502 5310
503 5965
504 4711
505 5271
506 4670
507 4530
508 4600
509 4701
510 4955
511 4898
512 4904
513 4968
514 4454
515 4590
516 4715
517 4837
518 4576
519 4786
520 4777
521 4766
522 4901
523 4585
524 5827
525 4727
526 5307
527 4969
528 4597
529 4643
530 4526
531 4586
532 4705
533 4849
534 5141
535 4532
536 4715
537 4983
538 5672
539 4699
540 4576
541 4851
542 5732
543 4785
544 4842
545 6377
546 4669
547 4586
548 5327
549 4839
550 4977
551 4960
552 5474
553 5107
554 5655
555 4447
556 5492
557 4687
558 6080
559 4894
560 4914
561 4688
562 4702
563 5841
564 5066
565 5848
566 4719
567 4720
568 4952
569 5327
570 4643
571 4783
572 4709
573 5213
574 4714
575 5473
576 4961
577 5073
578 4567
579 5414
580 5286
581 4699
582 4722
583 4728
584 4691
585 5457
586 5270
587 5140
588 4835
589 4758
590 5410
591 4726
592 4819
593 4831
594 5007
595 4663
596 4957
597 -993535
598 4563
599 4958
600 4580
601 5000
602 5062
603 5693
604 4941
605 6089
606 4809
607 5353
608 4814
609 5339
610 4583
611 4650
612 4779
613 5011
614 4650
615 4973
616 4827
617 4966
618 5391
619 5159
620 5708
621 5255
622 5038
623 5214
624 4483
625 6319
626 4704
627 4593
628 4705
629 4716
630 4833
631 5255
632 5052
633 4763
634 5146
635 5217
636 4837
637 5084
638 4956
639 4591
640 5079
641 5216
642 4578
643 5097
644 4703
645 5218
646 6104
647 4820
648 4580
649 5092
650 5330
651 5347
652 4577
653 4987
654 5062
655 4729
656 4567
657 4462
658 4714
659 5468
660 4956
661 4584
662 4730
663 6444
664 5158
665 4885
666 5586
667 5134
668 5170
669 4709
670 4590
671 5215
672 4836
673 4964
674 5481
675 5005
676 4905
677 4584
678 5588
679 4590
680 4711
681 4712
682 4469
683 5078
684 4967
685 4839
686 6541
687 4645
688 5182
689 5095
690 5022
691 5009
692 4483
693 5665
694 6188
695 4593
696 4963
697 5214
698 5477
699 4565
700 4579
701 5219
702 4817
703 4631
704 5742
705 4642
706 5832
707 5083
708 4956
709 4985
710 5057
711 5396
712 4517
713 4707
714 4865
715 4534
716 4961
717 4705
718 5222
719 4592
720 4814
721 4848
722 5217
723 4696
724 4842
725 5136
726 5051
727 5699
728 4823
729 5512
730 5407
731 4460
732 5085
733 4838
734 5325
735 4468
736 5075
737 4749
738 4923
739 4675
740 4769
741 5169
742 4780
743 4649
744 4573
745 5515
746 5216
747 5962
748 4774
749 4594
750 4687
751 6240
752 4709
753 4889
754 5177
755 4700
756 4693
757 5135
758 5037
759 4956
760 4711
761 5280
762 4781
763 5562
764 5472
765 4872
766 4965
767 5899
768 4713
769 4826
770 4709
771 5016
772 4527
773 4621
774 4918
775 4958
776 4869
777 4914
778 4690
779 5340
780 5348
781 4848
782 4527
783 5109
784 4633
785 4659
786 4882
787 4666
788 5837
789 5119
790 5047
791 4458
792 4575
793 5217
794 4597
795 4569
796 -995402
797 4700
798 4624
799 4821
800 4586
801 4940
802 5636
803 4779
804 5201
805 4462
806 5088
807 4719
808 5016
809 5655
810 4624
811 4813
812 4801
813 4595
814 4713
815 5092
816 4960
817 4589
818 4964
819 4623
820 4561
821 4951
822 4847
823 4700
824 4844
825 4755
826 5164
827 4856
828 6069
829 7409
830 4499
831 5617
832 4797
833 5204
834 6095
835 5749
836 5041
837 4704
838 4775
839 4659
840 5331
841 5080
842 5214
843 4978
844 5180
845 4968
846 4825
847 5099
848 4970
849 5952
850 4834
851 4590
852 4566
853 5210
854 5994
855 5207
856 4804
857 4587
858 4613
859 5248
860 5838
861 5200
862 4911
863 5204
864 4463
865 5198
866 4966
867 4838
868 5091
869 6091
870 4577
871 4589
872 4772
873 5120
874 4589
875 4711
876 4839
877 5647
878 5656
879 5961
880 5460
881 4951
882 4780
883 5030
884 4951
885 4839
886 4839
887 5002
888 4677
889 6083
890 5515
891 4659
892 4693
893 4590
894 4716
895 4966
896 4831
897 5210
898 4733
899 5073
900 7091
901 5085
902 5077
903 6592
904 5098
905 6063
906 6721
907 4723
908 6060
909 4575
910 4962
911 4853
912 4585
913 4609
914 5341
915 4935
916 5258
917 4653
918 5471
919 4706
920 4822
921 5214
922 6531
923 5061
924 4796
925 6333
926 4834
927 5468
928 6812
929 5372
930 4793
931 4577
932 4966
933 4950
934 4495
935 5378
936 5643
937 5831
938 5089
939 5093
940 5328
941 4582
942 5215
943 5210
944 5221
945 4953
946 4857
947 4814
948 5595
949 5899
950 5395
951 5992
952 4679
953 4470
954 4579
955 4588
956 4949
957 5088
958 5279
959 4901
960 4718
961 5192
962 5873
963 5568
964 4860
965 4566
966 4838
967 4711
968 5339
969 5272
970 4656
971 6097
972 5241
973 5175
974 6615
975 5053
976 4953
977 4605
978 4702
979 4574
980 4586
981 4736
982 5310
983 5640
984 5679
985 6122
986 6750
987 6993
988 4956
989 -994914
990 5106
991 4693
992 5358
993 4847
994 5702
995 4702
996 5234
997 5222
998 5682
999 5329
1000 5661
1001 5017
1002 5020
1003 5142
1004 4836
1005 4861
1006 7189
1007 6097
1008 5752
1009 5857
1010 5140
1011 4952
1012 4725
1013 4577
1014 4835
1015 4769
1016 4908
1017 5077
1018 5343
1019 5214
1020 5198
1021 6097
1022 4949
1023 5220
1024 4584
1025 6206
1026 5082
1027 5089
1028 5064
1029 6711
1030 4955
1031 5755
1032 5446
1033 6069
1034 6156
1035 4635
1036 4960
1037 5463
1038 5773
1039 4653
1040 5213
1041 4829
1042 5211
1043 5339
1044 6727
1045 5064
1046 5233
1047 4578
1048 4753
1049 5026
1050 5089
1051 7015
1052 4778
1053 4703
1054 5350
1055 4831
1056 4961
1057 4710
1058 5834
1059 4577
1060 4868
1061 4801
1062 6452
1063 7133
1064 5816
1065 5561
1066 4876
1067 6448
1068 6512
1069 5555
1070 4819
1071 4684
1072 5574
1073 4781
1074 5437
1075 6475
1076 5418
1077 4702
1078 4703
1079 4986
1080 4743
1081 4985
1082 6087
1083 4881
1084 5330
1085 5065
1086 4564
1087 6355
1088 5086
1089 5576
1090 5504
1091 5034
1092 5313
1093 5220
1094 4847
1095 4717
1096 4764
1097 5375
1098 6212
1099 5077
1100 5641
1101 4523
1102 5611
1103 4946
1104 4570
1105 5084
1106 5752
1107 5624
1108 5835
1109 5511
1110 4968
1111 6569
1112 5344
1113 6078
1114 4707
1115 6342
1116 5950
1117 5330
1118 5712
1119 5333
1120 6572
1121 5952
1122 5585
1123 5066
1124 4812
1125 4828
1126 5149
1127 5099
1128 5268
1129 6093
1130 5205
1131 4947
1132 4565
1133 4710
1134 4463
1135 4702
1136 5570
1137 4951
1138 4696
1139 5716
1140 5865
1141 5423
1142 4823
1143 4751
1144 5535
1145 4591
1146 5558
1147 5089
1148 4966
1149 4586
1150 5231
1151 5315
1152 5517
1153 7055
1154 4950
1155 5077
1156 5210
1157 4716
1158 4568
1159 6108
1160 4587
1161 4593
1162 5112
1163 5445
1164 7464
1165 4700
1166 4714
1167 5245
1168 5305
1169 5092
1170 5228
1171 5434
1172 4890
1173 6404
1174 6349
1175 5692
1176 -994382
1177 5056
1178 6456
1179 4578
1180 5144
1181 5302
1182 4943
1183 4709
1184 5355
1185 4691
1186 4587
1187 4963
1188 5026
1189 6076
1190 5927
1191 5726
1192 5181
1193 4706
1194 5220
1195 4965
1196 5871
1197 6032
1198 4956
1199 6199
1200 4968
1201 4828
1202 4608
1203 4817
1204 4990
1205 5118
1206 4784
1207 5701
1208 4973
1209 4695
1210 4577
1211 5085
1212 4970
1213 5479
1214 5705
1215 5833
1216 5586
1217 6757
1218 6401
1219 5774
1220 5017
1221 4708
1222 4714
1223 6244
1224 4806
1225 4841
1226 5463
1227 5357
1228 5087
1229 6137
1230 4749
1231 5572
1232 4600
1233 4585
1234 4965
1235 5336
1236 6844
1237 5215
1238 5760
1239 6085
1240 5930
1241 4654
1242 5212
1243 4962
1244 4849
1245 4575
1246 5986
1247 5583
1248 6201
1249 5201
1250 4595
1251 5169
1252 5120
1253 5207
1254 5439
1255 6110
1256 4830
1257 5461
1258 4828
1259 5349
1260 5459
1261 5337
1262 4834
1263 5976
1264 4665
1265 5355
1266 5064
1267 4828
1268 4962
1269 5023
1270 4938
1271 4791
1272 4581
1273 5337
1274 7145
1275 4878
1276 4913
1277 4934
1278 4563
1279 5196
1280 4586
1281 4775
1282 5002
1283 4981
1284 4864
1285 4590
1286 8355
1287 5063
1288 4771
1289 4628
1290 5335
1291 5317
1292 5203
1293 5062
1294 6092
1295 5034
1296 4635
1297 5344
1298 5827
1299 6644
1300 5090
1301 5341
1302 4573
1303 4592
1304 4704
1305 4844
1306 4722
1307 4565
1308 4719
1309 4701
1310 4844
1311 5210
1312 4700
1313 5345
1314 6210
1315 4824
1316 5368
1317 4955
1318 4681
1319 5098
1320 4574
1321 4717
1322 5589
1323 4823
1324 4589
1325 5101
1326 4946
1327 4582
1328 4589
1329 4570
1330 5252
1331 4675
1332 4707
1333 5212
1334 6359
1335 4808
1336 5728
1337 4685
1338 4640
1339 6557
1340 5099
1341 5406
1342 5018
1343 5773
1344 5135
1345 4979
1346 4883
1347 4581
1348 4583
1349 5650
1350 4779
1351 5674
1352 5027
1353 5138
1354 5838
1355 4584
1356 5532
1357 4641
1358 4972
1359 4705
1360 4739
1361 4741
1362 5161
1363 4578
1364 4721
1365 5454
1366 5842
1367 -995421
1368 4972
1369 5209
1370 4585
1371 4580
1372 5261
1373 5665
1374 7710
1375 5335
1376 5305
1377 5498
1378 6113
1379 5663
1380 5210
1381 4720
1382 4582
1383 4569
1384 4794
1385 4741
1386 4876
1387 5313
1388 4913
1389 5072
1390 4655
1391 5863
1392 4917
1393 4580
1394 5428
1395 5326
1396 4761
1397 4652
1398 4783
1399 5200
1400 4843
1401 4750
1402 4772
1403 4815
1404 4779
1405 4926
1406 5821
1407 4916
1408 4969
1409 4798
1410 4693
1411 4850
1412 4883
1413 4593
1414 6425
1415 5336
1416 5813
1417 6717
1418 4903
1419 4703
1420 4691
1421 4901
1422 6230
1423 5783
1424 5064
1425 6110
1426 4994
1427 5129
1428 4913
1429 6472
1430 6107
1431 4893
1432 6661
1433 4461
1434 4778
1435 4732
1436 4738
1437 4614
1438 4841
1439 5000
1440 4761
1441 4840
1442 4817
1443 4988
1444 4684
1445 4810
1446 4893
1447 5020
1448 5097
1449 5076
1450 5473
1451 5090
1452 4672
1453 5945
1454 4736
1455 5427
1456 4716
1457 5309
1458 5331
1459 4704
1460 5060
1461 5123
1462 5848
1463 4654
1464 4930
1465 4816
1466 4978
1467 6026
1468 6199
1469 5119
1470 5816
1471 5552
1472 6383
1473 4650
1474 4559
1475 5357
1476 4747
1477 4944
1478 5210
1479 4841
1480 4563
1481 4577
1482 4483
1483 4613
1484 4964
1485 6738
1486 4640
1487 5299
1488 5243
1489 4932
1490 4894
1491 5075
1492 6379
1493 4521
1494 4729
1495 4802
1496 4648
1497 4646
1498 4809
1499 5976
1500 4716
1501 4541
1502 4878
1503 5626
1504 4702
1505 4582
1506 5086
1507 4853
1508 4791
1509 4634
1510 5343
1511 5180
1512 4561
1513 6615
1514 6313
1515 4474
1516 5222
1517 4879
1518 4467
1519 4703
1520 4706
1521 4471
1522 4465
1523 4575
1524 4833
1525 5238
1526 4812
1527 4582
1528 4706
1529 4569
1530 5145
1531 5024
1532 4965
1533 6498
1534 4768
1535 4929
1536 5053
1537 5600
1538 5714
1539 4594
1540 5201
1541 5873
1542 4953
1543 4951
1544 4711
1545 4845
1546 5212
1547 5323
1548 5550
1549 4830
1550 5122
1551 4983
1552 4701
1553 7569
1554 6374
1555 5305
1556 4828
1557 5253
1558 5923
1559 5854
1560 -993623
1561 6623
1562 5144
1563 4856
1564 4748
1565 4577
1566 4752
1567 8411
1568 4962
1569 5865
1570 4777
1571 5789
1572 4737
1573 5692
1574 6611
1575 4939
1576 4857
1577 5150
1578 4795
1579 4703
1580 4585
1581 4599
1582 4567
1583 4728
1584 4955
1585 6817
1586 4819
1587 5010
1588 5140
1589 5204
1590 6209
1591 4956
1592 4854
1593 4606
1594 4570
1595 4985
1596 5209
1597 5208
1598 4586
1599 4947
1600 5363
1601 9056
1602 4972
1603 5644
1604 5936
1605 5265
1606 4776
1607 4720
1608 4940
1609 6615
1610 4739
1611 4630
1612 5038
1613 4746
1614 5427
1615 4755
1616 5665
1617 5166
1618 7295
1619 4597
1620 5238
1621 4685
1622 5131
1623 4839
1624 4775
1625 4798
1626 5406
1627 5171
1628 5246
1629 5804
1630 5312
1631 4694
1632 4603
1633 4839
1634 4588
1635 4920
1636 5259
1637 4825
1638 4579
1639 4825
1640 4848
1641 6922
1642 5177
1643 4861
1644 5357
1645 4646
1646 4908
1647 5309
1648 4580
1649 5995
1650 5474
1651 4739
1652 4878
1653 4755
1654 5551
1655 5012
1656 4888
1657 4667
1658 4804
1659 5524
1660 5185
1661 4682
1662 5077
1663 4801
1664 4951
1665 4859
1666 5419
1667 4977
1668 4607
1669 6664
1670 4810
1671 5399
1672 4787
1673 4937
1674 4807
1675 4715
1676 5455
1677 5493
1678 4591
1679 5387
1680 5086
1681 5039
1682 4966
1683 5396
1684 4732
1685 6099
1686 4963
1687 4729
1688 4633
1689 6929
1690 5110
1691 4530
1692 4807
1693 5833
1694 5839
1695 5185
1696 4958
1697 4535
1698 5778
1699 4637
1700 5365
1701 4651
1702 5551
1703 4572
1704 5689
1705 4686
1706 4740
1707 4977
1708 9351
1709 5089
1710 4911
1711 4581
1712 4994
1713 4718
1714 4488
1715 5529
1716 4837
1717 5937
1718 4921
1719 4647
1720 4671
1721 4805
1722 4825
1723 5062
1724 5194
1725 6219
1726 4737
1727 5013
1728 6303
1729 4483
1730 4892
1731 4989
1732 4671
1733 4844
1734 5562
1735 5109
1736 4892
1737 5057
1738 5083
1739 4637
1740 5017
1741 6450
1742 4888
1743 6649
1744 4912
1745 5093
1746 5580
1747 6304
1748 4605
1749 4734
1750 5464
1751 -995518
1752 4627
1753 5226
1754 4847
1755 4965
1756 4767
1757 5200
1758 4498
1759 4633
1760 4992
1761 6190
1762 5589
1763 4588
1764 4602
1765 4704
1766 5912
1767 5967
1768 4778
1769 4964
1770 4555
1771 4941
1772 5644
1773 5250
1774 4902
1775 6143
1776 5892
1777 5888
1778 5129
1779 5122
1780 5518
1781 4570
1782 4566
1783 4846
1784 4802
1785 4666
1786 4940
1787 5619
1788 4809
1789 5439
1790 4942
1791 4677
1792 5226
1793 4899
1794 5045
1795 5058
1796 4666
1797 4714
1798 5109
1799 5054
1800 5692
1801 5068
1802 5073
1803 4573
1804 4749
1805 4898
1806 4569
1807 5887
1808 4572
1809 4545
1810 4661
1811 5324
1812 5133
1813 4917
1814 4828
1815 4587
1816 4949
1817 5096
1818 5294
1819 4603
1820 4606
1821 4777
1822 4959
1823 4463
1824 5071
1825 4977
1826 4752
1827 5398
1828 5887
1829 4593
1830 4614
1831 4528
1832 4695
1833 4446
1834 4575
1835 4713
1836 4853
1837 5113
1838 5412
1839 5348
1840 4593
1841 4897
1842 4906
1843 4622
1844 4730
1845 4983
1846 4816
1847 4715
1848 8012
1849 4658
1850 4623
1851 4918
1852 4509
1853 5342
1854 5052
1855 4853
1856 5573
1857 4864
1858 4736
1859 5202
1860 4479
1861 4621
1862 5225
1863 4853
1864 5015
1865 5152
1866 4808
1867 4668
1868 5021
1869 5918
1870 4523
1871 4781
1872 5257
1873 5621
1874 4510
1875 5125
1876 4926
1877 4946
1878 5243
1879 4887
1880 4529
1881 6050
1882 4906
1883 5201
1884 4771
1885 4943
1886 4930
1887 5145
1888 5689
1889 6402
1890 4912
1891 4747
1892 4875
1893 5365
1894 4637
1895 4961
1896 4489
1897 5541
1898 4896
1899 5324
1900 5344
1901 5136
1902 5188
1903 4758
1904 4880
1905 5602
1906 5079
1907 4854
1908 4879
1909 6274
1910 5016
1911 4843
1912 4485
1913 4542
1914 4929
1915 5170
1916 4706
1917 5060
1918 5112
1919 4679
1920 5349
1921 5308
1922 4896
1923 4783
1924 4570
1925 4591
1926 4940
1927 4808
1928 4689
1929 6066
1930 4571
1931 4858
1932 5282
1933 4527
1934 5150
1935 5741
1936 5348
1937 5305
1938 4542
1939 5229
1940 4564
1941 4634
1942 4767
1943 4648
1944 4668
1945 4581
1946 4707
1947 4685
1948 4996
1949 -994826
1950 6126
1951 5754
1952 5075
1953 4959
1954 5323
1955 4863
1956 4682
1957 5098
1958 5333
1959 4714
1960 4799
1961 4838
1962 4961
1963 5099
1964 4726
1965 4796
1966 5296
1967 4643
1968 5062
1969 4811
1970 6460
1971 5202
1972 4579
1973 4723
1974 5080
1975 4590
1976 4964
1977 4622
1978 4752
1979 5361
1980 6088
1981 5114
1982 5012
1983 5434
1984 5039
1985 4813
1986 4575
1987 4575
1988 4584
1989 5194
1990 6075
1991 4828
1992 4579
1993 4573
1994 4571
1995 4577
1996 4459
1997 4587
1998 5556
1999 5200
2000 5187
2001 4451
2002 4449
2003 4838
2004 4685
2005 4949
2006 4826
2007 5328
2008 4450
2009 4954
2010 5201
2011 6340
2012 4838
2013 4823
2014 4437
2015 4952
2016 4576
2017 4723
2018 4931
2019 5086
2020 4687
2021 4579
2022 4713
2023 4831
2024 5054
2025 5324
2026 5954
2027 5072
2028 4578
2029 4847
2030 4968
2031 7247
2032 4987
2033 4821
2034 5064
2035 4846
2036 4943
2037 4685
2038 4831
2039 4817
2040 4729
2041 4750
2042 5000
2043 4718
2044 5409
2045 4689
2046 4839
2047 4877
2048 4959
2049 5100
2050 4574
2051 6034
2052 4691
2053 6528
2054 5296
2055 4560
2056 5069
2057 4879
2058 4636
2059 5618
2060 4758
2061 4915
2062 5582
2063 4725
2064 5046
2065 4813
2066 5325
2067 4724
2068 4549
2069 4969
2070 4831
2071 6544
2072 4928
2073 4849
2074 4977
2075 5183
2076 4860
2077 4832
2078 4556
2079 4762
2080 5570
2081 4772
2082 4702
2083 5082
2084 5091
2085 5079
2086 5465
2087 4710
2088 4580
2089 4587
2090 4712
2091 4960
2092 6091
2093 4957
2094 4961
2095 4589
2096 4997
2097 4549
2098 4737
2099 5056
2100 4585
2101 5109
2102 5192
2103 5082
2104 4824
2105 4600
2106 4600
2107 4931
2108 4833
2109 4820
2110 5094
2111 4714
2112 6078
2113 4824
2114 4716
2115 4572
2116 4701
2117 4582
2118 5100
2119 4703
2120 4570
2121 4834
2122 4768
2123 4684
2124 5216
2125 4807
2126 4812
2127 5125
2128 5168
2129 4757
2130 5145
2131 6088
2132 4959
2133 5601
2134 4816
2135 4588
2136 5087
2137 4688
2138 4639
2139 5031
2140 4588
2141 4811
2142 5358
2143 5568
2144 4827
2145 4581
2146 4866
2147 4559
2148 -995447
2149 4675
2150 4649
2151 4574
2152 4963
2153 5501
2154 5425
2155 4635
2156 5287
2157 4697
2158 4469
2159 5501
2160 4542
2161 5020
2162 5584
2163 4777
2164 4584
2165 4576
2166 5085
2167 4705
2168 6082
2169 4604
2170 4937
2171 4870
2172 4822
2173 4855
2174 6051
2175 4834
2176 5078
2177 5224
2178 4696
2179 4722
2180 4976
2181 4672
2182 4602
2183 4890
2184 4992
2185 4585
2186 4835
2187 4831
2188 5025
2189 4887
2190 5719
2191 5466
2192 5370
2193 4769
2194 5880
2195 4769
2196 4683
2197 5292
2198 5194
2199 5353
2200 4746
2201 5219
2202 4615
2203 4742
2204 4769
2205 5073
2206 4736
2207 5680
2208 4593
2209 5241
2210 4945
2211 4713
2212 5335
2213 4979
2214 4581
2215 5797
2216 4836
2217 4941
2218 4708
2219 4703
2220 5020
2221 6032
2222 4695
2223 4585
2224 4960
2225 4953
2226 4964
2227 4575
2228 4599
2229 4824
2230 4709
2231 4591
2232 4648
2233 5151
2234 6079
2235 6232
2236 4714
2237 5237
2238 4655
2239 5392
2240 4909
2241 4586
2242 5584
2243 4964
2244 5214
2245 4608
2246 4568
2247 4775
2248 4653
2249 4595
2250 4602
2251 4562
2252 4600
2253 4949
2254 5389
2255 4634
2256 6103
2257 4974
2258 4584
2259 4949
2260 4474
2261 4793
2262 4883
2263 5120
2264 4780
2265 4598
2266 4824
2267 4708
2268 5091
2269 5457
2270 4854
2271 4585
2272 4580
2273 4696
2274 5074
2275 4855
2276 6343
2277 5056
2278 4595
2279 4844
2280 4575
2281 4712
2282 5979
2283 5225
2284 4784
2285 6361
2286 5684
2287 5500
2288 5030
2289 5279
2290 4898
2291 4711
2292 4834
2293 4724
2294 6343
2295 4694
2296 6084
2297 4595
2298 5572
2299 5331
2300 4953
2301 4944
2302 4994
2303 5118
2304 4665
2305 5586
2306 5461
2307 4590
2308 4715
2309 4835
2310 4713
2311 5216
2312 4986
2313 5191
2314 5527
2315 4899
2316 6587
2317 5282
2318 4639
2319 5214
2320 4717
2321 4834
2322 4844
2323 4835
2324 5590
2325 5232
2326 4943
2327 4587
2328 4714
2329 4588
2330 4964
2331 4840
2332 4837
2333 4716
2334 5243
2335 5429
2336 5840
2337 4588
2338 5098
2339 4823
2340 5212
2341 4589
2342 4592
2343 4960
2344 4715
2345 4586
2346 -995285
2347 4750
2348 4550
2349 4588
2350 5088
2351 5212
2352 4965
2353 4462
2354 4588
2355 4966
2356 4900
2357 6022
2358 5090
2359 5267
2360 4654
2361 4721
2362 5196
2363 4587
2364 6012
2365 4660
2366 5758
2367 5666
2368 4701
2369 5090
2370 4869
2371 4680
2372 4586
2373 5087
2374 4841
2375 4709
2376 4836
2377 5976
2378 4979
2379 4670
2380 5248
2381 4801
2382 4605
2383 4558
2384 4587
2385 5338
2386 4588
2387 4589
2388 4701
2389 4600
2390 5403
2391 5446
2392 4542
2393 5077
2394 4462
2395 4837
2396 5213
2397 4841
2398 5712
2399 4862
2400 4936
2401 5090
2402 4773
2403 4780
2404 4584
2405 4838
2406 4845
2407 4578
2408 4838
2409 4857
2410 4940
2411 4712
2412 5590
2413 4715
2414 5088
2415 4713
2416 5846
2417 6076
2418 6776
2419 4777
2420 4961
2421 4965
2422 4832
2423 4602
2424 5193
2425 4981
2426 5330
2427 5604
2428 4793
2429 4826
2430 5446
2431 5737
2432 5780
2433 4483
2434 4589
2435 4861
2436 4963
2437 4565
2438 6256
2439 5239
2440 5239
2441 4850
2442 4874
2443 4780
2444 5861
2445 5407
2446 4820
2447 4877
2448 4746
2449 4515
2450 4762
2451 4937
2452 4579
2453 4812
2454 4853
2455 5036
2456 4819
2457 5015
2458 6344
2459 4624
2460 4721
2461 4905
2462 5169
2463 4479
2464 4711
2465 4845
2466 4901
2467 4696
2468 4570
2469 4680
2470 5398
2471 5650
2472 4882
2473 4989
2474 4952
2475 4744
2476 5510
2477 5085
2478 6061
2479 4918
2480 5068
2481 5332
2482 4942
2483 5332
2484 5211
2485 4981
2486 5459
2487 4584
2488 4609
2489 4705
2490 4573
2491 4648
2492 5038
2493 4730
2494 4820
2495 4983
2496 4987
2497 5200
2498 4719
2499 5590
2500 5416
2501 4734
2502 4949
2503 4708
2504 5079
2505 4557
2506 4672
2507 5337
2508 5177
2509 4527
2510 4795
2511 4869
2512 5365
2513 5865
2514 4979
2515 4711
2516 4653
2517 6680
2518 6771
2519 5125
2520 4943
2521 5092
2522 4978
2523 4855
2524 5430
2525 4786
2526 4750
2527 4742
2528 5228
2529 4754
2530 4596
2531 5120
2532 5346
2533 4605
2534 5355
2535 4803
2536 4869
2537 5496
2538 6602
2539 4537
2540 4603
2541 5059
2542 5430
2543 -993509
2544 4603
2545 4926
2546 4682
2547 4831
2548 5096
2549 5211
2550 4657
2551 4697
2552 5128
2553 4930
2554 4607
2555 5010
2556 4861
2557 5302
2558 6539
2559 5500
2560 4699
2561 4906
2562 6719
2563 5339
2564 5485
2565 5893
2566 4692
2567 4699
2568 4511
2569 4550
2570 5641
2571 4776
2572 4594
2573 4937
2574 5199
2575 5206
2576 5340
2577 4989
2578 6390
2579 4619
2580 4807
2581 5080
2582 4927
2583 4868
2584 5513
2585 4734
2586 4652
2587 5080
2588 4769
2589 5268
2590 5156
2591 4754
2592 4848
2593 4706
2594 4712
2595 5335
2596 5569
2597 4964
2598 5969
2599 4672
2600 5244
2601 4969
2602 4836
2603 4836
2604 4711
2605 4576
2606 4594
2607 4829
2608 4842
2609 4837
2610 4954
2611 4595
2612 5492
2613 4798
2614 4585
2615 5215
2616 5083
2617 5200
2618 5952
2619 5341
2620 4840
2621 4825
2622 5221
2623 5212
2624 5200
2625 4590
2626 4582
2627 4967
2628 5838
2629 4579
2630 5097
2631 5459
2632 4452
2633 4841
2634 4707
2635 4761
2636 4914
2637 4837
2638 4776
2639 5651
2640 5339
2641 4713
2642 5032
2643 4896
2644 6275
2645 5156
2646 5190
2647 5463
2648 4896
2649 4907
2650 4584
2651 4703
2652 4964
2653 4587
2654 4712
2655 4976
2656 6966
2657 5199
2658 6209
2659 4895
2660 4690
2661 4724
2662 4487
2663 5566
2664 4629
2665 5892
2666 4851
2667 5895
2668 5830
2669 4905
2670 5940
2671 4840
2672 5099
2673 4669
2674 4570
2675 4781
2676 5176
2677 4544
2678 6745
2679 4525
2680 6190
2681 6189
2682 4813
2683 5019
2684 4681
2685 4701
2686 4466
2687 4832
2688 4590
2689 4602
2690 5058
2691 4837
2692 5833
2693 4722
2694 4954
2695 4838
2696 5209
2697 4970
2698 5560
2699 4736
2700 5289
2701 5349
2702 4846
2703 4533
2704 4889
2705 4856
2706 4822
2707 5809
2708 5491
2709 4866
2710 5312
2711 5367
2712 4589
2713 4997
2714 4920
2715 4594
2716 5163
2717 4794
2718 6977
2719 5255
2720 4951
2721 4859
2722 4987
2723 4963
2724 4769
2725 5268
2726 4694
2727 4618
2728 4548
2729 4695
2730 4463
2731 4746
2732 5664
2733 4688
2734 5755
2735 5894
2736 7152
2737 4885
2738 -994502
2739 4836
2740 4707
2741 5303
2742 4813
2743 5369
2744 4888
2745 4687
2746 4924
2747 4771
2748 4889
2749 4557
2750 4610
2751 4645
2752 5301
2753 4802
2754 5127
2755 5101
2756 6248
2757 5218
2758 6855
2759 4877
2760 4611
2761 4757
2762 5044
2763 5113
2764 4869
2765 4679
2766 5454
2767 4698
2768 5289
2769 5065
2770 4447
2771 4823
2772 4972
2773 4814
2774 4528
2775 6258
2776 4850
2777 4832
2778 6106
2779 4987
2780 4750
2781 4941
2782 5094
2783 5048
2784 5111
2785 5149
2786 4916
2787 4701
2788 5052
2789 4573
2790 4750
2791 5569
2792 4637
2793 4555
2794 5080
2795 4817
2796 6003
2797 4624
2798 6455
2799 5062
2800 4811
2801 4566
2802 5070
2803 5071
2804 4694
2805 4688
2806 4956
2807 4555
2808 4575
2809 5216
2810 4546
2811 5193
2812 4678
2813 5074
2814 4584
2815 4669
2816 4574
2817 4693
2818 4840
2819 6183
2820 4662
2821 4717
2822 5491
2823 4551
2824 5064
2825 5126
2826 4900
2827 4694
2828 4687
2829 4579
2830 5291
2831 4787
2832 5176
2833 4710
2834 4591
2835 4798
2836 5237
2837 4841
2838 5020
2839 6579
2840 5166
2841 4806
2842 4979
2843 4946
2844 5127
2845 4666
2846 4876
2847 5304
2848 5574
2849 4931
2850 4873
2851 5251
2852 4916
2853 4837
2854 4770
2855 5148
2856 5227
2857 5078
2858 4927
2859 6655
2860 5400
2861 5058
2862 4551
2863 4604
2864 4564
2865 4736
2866 4573
2867 4701
2868 5221
2869 5804
2870 5149
2871 4951
2872 4692
2873 4462
2874 4560
2875 4874
2876 4718
2877 4812
2878 5129
2879 4696
2880 6190
2881 4468
2882 4546
2883 4605
2884 4694
2885 5119
2886 4792
2887 4582
2888 4584
2889 4521
2890 4853
2891 4736
2892 5023
2893 5178
2894 5080
2895 5320
2896 5724
2897 5036
2898 5479
2899 4998
2900 6426
2901 5597
2902 5168
2903 4754
2904 4833
2905 4681
2906 5611
2907 4658
2908 4587
2909 5199
2910 4583
2911 4763
2912 4481
2913 4767
2914 4628
2915 4612
2916 5201
2917 6160
2918 5611
2919 5020
2920 5979
2921 4989
2922 4821
2923 4960
2924 4735
2925 4874
2926 4942
2927 4970
2928 4795
2929 4836
2930 4571
2931 4656
2932 4467
2933 5050
2934 4786
2935 4828
2936 5066
2937 -994634
2938 5330
2939 5346
2940 4748
2941 5607
2942 4820
2943 4571
2944 4776
2945 5155
2946 4873
2947 4606
2948 5566
2949 5223
2950 4580
2951 4594
2952 4964
2953 4683
2954 4698
2955 4902
2956 4807
2957 5226
2958 5317
2959 5930
2960 4506
2961 6471
2962 5173
2963 4924
2964 4647
2965 4696
2966 4852
2967 5302
2968 4575
2969 5081
2970 4997
2971 4588
2972 4544
2973 4851
2974 4940
2975 5086
2976 4948
2977 5381
2978 6003
2979 5201
2980 4648
2981 6090
2982 5714
2983 5113
2984 5061
2985 5100
2986 4701
2987 5231
2988 4922
2989 4602
2990 4704
2991 4860
2992 4564
2993 5591
2994 4586
2995 4669
2996 4490
2997 4740
2998 5094
2999 5006
3000 4770
3001 4954
3002 5563
3003 5912
3004 5041
3005 4761
3006 4774
3007 4995
3008 4755
3009 5122
3010 5693
3011 4778
3012 4959
3013 4470
3014 4742
3015 4991
3016 5105
3017 4901
3018 4789
3019 5765
3020 5532
3021 4816
3022 5900
3023 5552
3024 4924
3025 4912
3026 4668
3027 5103
3028 4763
3029 5142
3030 4931
3031 5062
3032 4630
3033 5073
3034 4709
3035 4595
3036 4945
3037 4935
3038 5169
3039 4632
3040 5523
3041 8157
3042 5370
3043 5210
3044 5181
3045 5153
3046 5076
3047 4614
3048 4467
3049 7043
3050 4837
3051 4639
3052 4775
3053 4956
3054 5826
3055 4734
3056 4771
3057 4596
3058 5660
3059 6396
3060 5037
3061 6366
3062 4994
3063 4888
3064 5309
3065 4858
3066 5471
3067 5723
3068 5103
3069 6172
3070 5104
3071 4813
3072 4554
3073 4702
3074 4980
3075 4667
3076 4647
3077 5123
3078 5351
3079 5708
3080 6354
3081 4611
3082 5904
3083 5626
3084 6841
3085 4876
3086 5787
3087 4572
3088 4754
3089 5310
3090 4815
3091 4567
3092 4570
3093 5141
3094 5620
3095 4568
3096 4744
3097 5022
3098 4803
3099 6497
3100 5388
3101 4797
3102 5129
3103 5002
3104 5073
3105 4525
3106 6212
3107 4617
3108 5674
3109 4826
3110 4600
3111 4686
3112 4854
3113 4831
3114 5193
3115 4834
3116 6361
3117 6315
3118 8543
3119 4888
3120 5190
3121 4805
3122 4715
3123 5248
3124 5438
3125 4855
3126 4563
3127 5958
3128 4575
3129 -994615
3130 4674
3131 4964
3132 5007
3133 4545
3134 4814
3135 5591
3136 5256
3137 4538
3138 4844
3139 5334
3140 4825
3141 4844
3142 6589
3143 6208
3144 5316
3145 4858
3146 4569
3147 5072
3148 5351
3149 6083
3150 4739
3151 4697
3152 4682
3153 7081
3154 4589
3155 5324
3156 5025
3157 5142
3158 6085
3159 4725
3160 4728
3161 5403
3162 6225
3163 5063
3164 5196
3165 4727
3166 4947
3167 7339
3168 4477
3169 4814
3170 4970
3171 5705
3172 5348
3173 5952
3174 4845
3175 4827
3176 5973
3177 6204
3178 5288
3179 5421
3180 5427
3181 4961
3182 5337
3183 5126
3184 5298
3185 6466
3186 5696
3187 5370
3188 5304
3189 4595
3190 6454
3191 4657
3192 4890
3193 6585
3194 4964
3195 4962
3196 5588
3197 4838
3198 4585
3199 4593
3200 4827
3201 5843
3202 6460
3203 6526
3204 5082
3205 5135
3206 4713
3207 4964
3208 5505
3209 5850
3210 4795
3211 6068
3212 5462
3213 4960
3214 5282
3215 5767
3216 4961
3217 5088
3218 4722
3219 4575
3220 6216
3221 4466
3222 5339
3223 4771
3224 5021
3225 4861
3226 5817
3227 4582
3228 5342
3229 5836
3230 5089
3231 4964
3232 4712
3233 4832
3234 4832
3235 7146
3236 5662
3237 6646
3238 5762
3239 5338
3240 4962
3241 4739
3242 5057
3243 4589
3244 4965
3245 5218
3246 6210
3247 4773
3248 4890
3249 4968
3250 4829
3251 5149
3252 4778
3253 6093
3254 5580
3255 4588
3256 4757
3257 5489
3258 4893
3259 4618
3260 5757
3261 6404
3262 5564
3263 5086
3264 5475
3265 4949
3266 4716
3267 4585
3268 4616
3269 4729
3270 5535
3271 6212
3272 5357
3273 6068
3274 4965
3275 5460
3276 5220
3277 4705
3278 4748
3279 4679
3280 5836
3281 5078
3282 5220
3283 4825
3284 4847
3285 4958
3286 5141
3287 5341
3288 4780
3289 6086
3290 5202
3291 4904
3292 4780
3293 6081
3294 5523
3295 4649
3296 5087
3297 4954
3298 6240
3299 5319
3300 4696
3301 4838
3302 4593
3303 6078
3304 4966
3305 4834
3306 4715
3307 6590
3308 5837
3309 4835
3310 5464
3311 4588
3312 6594
3313 5334
3314 4587
3315 5281
3316 5648
3317 4841
3318 4770
3319 -995351
3320 4716
3321 4836
3322 4715
3323 5264
3324 4680
3325 6692
3326 5025
3327 5219
3328 4772
3329 4579
3330 5654
3331 4777
3332 5953
3333 4713
3334 5961
3335 4962
3336 4736
3337 5058
3338 4587
3339 5786
3340 5265
3341 4708
3342 4715
3343 6255
3344 5047
3345 5340
3346 5079
3347 5084
3348 5218
3349 5087
3350 4897
3351 4784
3352 6837
3353 5455
3354 4836
3355 4850
3356 4817
3357 5334
3358 5963
3359 5463
3360 5463
3361 5844
3362 5584
3363 4738
3364 5689
3365 6088
3366 4858
3367 5567
3368 5281
3369 6270
3370 7542
3371 4885
3372 5152
3373 5089
3374 5276
3375 4709
3376 5337
3377 5972
3378 5831
3379 5209
3380 4777
3381 5150
3382 4839
3383 4722
3384 4708
3385 5228
3386 4553
3387 6070
3388 5982
3389 6576
3390 5090
3391 5588
3392 4729
3393 4943
3394 5091
3395 6777
3396 5025
3397 4588
3398 4837
3399 4718
3400 4710
3401 4587
3402 5215
3403 5273
3404 4653
3405 5590
3406 4836
3407 5090
3408 5025
3409 6150
3410 4460
3411 4584
3412 4595
3413 4577
3414 6219
3415 5265
3416 4904
3417 5279
3418 4768
3419 5213
3420 5629
3421 4922
3422 5216
3423 5841
3424 4833
3425 4839
3426 4837
3427 4712
3428 5964
3429 6090
3430 4592
3431 5227
3432 6949
3433 5325
3434 4571
3435 5387
3436 5306
3437 4836
3438 5212
3439 4617
3440 4819
3441 5826
3442 4694
3443 4618
3444 4825
3445 4713
3446 4714
3447 5142
3448 4657
3449 5837
3450 6588
3451 5089
3452 5085
3453 5212
3454 4599
3455 5583
3456 5083
3457 4458
3458 5340
3459 5956
3460 5287
3461 4900
3462 5323
3463 4965
3464 4872
3465 4912
3466 5476
3467 5072
3468 6966
3469 5452
3470 6039
3471 4762
3472 5960
3473 4962
3474 4596
3475 4897
3476 5398
3477 4708
3478 5226
3479 5386
3480 4899
3481 4735
3482 4827
3483 4700
3484 5088
3485 5401
3486 5536
3487 7709
3488 5711
3489 4493
3490 4734
3491 5518
3492 4843
3493 4585
3494 4710
3495 5080
3496 5968
3497 5234
3498 5051
3499 4616
3500 4690
3501 4956
3502 4595
3503 4575
3504 4714
3505 4833
3506 6841
3507 5983
3508 4941
3509 -994909
3510 5201
3511 4749
3512 5429
3513 5187
3514 5725
3515 6336
3516 4710
3517 4990
3518 4955
3519 6510
3520 5166
3521 4945
3522 4582
3523 4843
3524 4838
3525 4841
3526 5079
3527 5593
3528 5955
3529 5339
3530 4708
3531 4591
3532 4589
3533 4901
3534 5237
3535 5807
3536 4839
3537 4652
3538 6838
3539 5093
3540 4701
3541 5127
3542 5359
3543 5650
3544 4495
3545 4671
3546 7000
3547 5178
3548 5464
3549 5450
3550 4594
3551 4820
3552 4861
3553 5382
3554 4917
3555 4947
3556 6367
3557 5156
3558 4841
3559 4702
3560 5097
3561 4720
3562 5198
3563 5279
3564 5557
3565 5913
3566 5987
3567 4882
3568 5863
3569 4745
3570 4583
3571 4954
3572 6338
3573 6955
3574 5217
3575 5334
3576 5842
3577 4462
3578 5528
3579 4905
3580 4831
3581 4834
3582 5340
3583 5339
3584 4595
3585 6710
3586 5460
3587 4956
3588 4581
3589 5337
3590 4591
3591 6087
3592 5588
3593 4462
3594 5978
3595 5694
3596 5710
3597 5406
3598 4778
3599 5452
3600 5976
3601 5077
3602 5966
3603 4586
3604 6587
3605 5373
3606 5181
3607 4951
3608 4716
3609 6471
3610 5761
3611 4904
3612 4837
3613 4847
3614 4766
3615 5024
3616 5712
3617 6853
3618 6446
3619 6735
3620 5449
3621 4575
3622 6213
3623 5461
3624 5218
3625 5332
3626 6220
3627 5529
3628 5138
3629 4833
3630 4964
3631 4838
3632 5589
3633 5815
3634 5984
3635 5222
3636 4576
3637 5087
3638 4963
3639 4595
3640 4707
3641 4586
3642 6089
3643 4847
3644 6076
3645 5212
3646 4725
3647 5146
3648 5021
3649 4702
3650 5095
3651 4708
3652 4585
3653 6459
3654 4840
3655 4709
3656 5086
3657 4578
3658 4722
3659 4834
3660 4856
3661 5121
3662 7139
3663 5856
3664 4577
3665 4590
3666 5213
3667 4712
3668 4718
3669 4834
3670 4569
3671 6857
3672 5094
3673 4579
3674 4594
3675 5085
3676 4588
3677 4703
3678 4847
3679 4575
3680 5218
3681 6080
3682 5593
3683 4959
3684 4964
3685 5214
3686 4608
3687 5144
3688 4770
3689 4577
3690 6340
3691 4837
3692 5083
3693 4589
3694 4713
3695 4721
3696 4702
3697 4716
3698 4962
3699 -993151
3700 4963
3701 4822
3702 5832
3703 4717
3704 4976
3705 4694
3706 5216
3707 5095
3708 6077
3709 5089
3710 5717
3711 5336
3712 4584
3713 5588
3714 4840
3715 4843
3716 4956
3717 6090
3718 5357
3719 4940
3720 4988
3721 6310
3722 4717
3723 4845
3724 4579
3725 4578
3726 6096
3727 5450
3728 4593
3729 4707
3730 5088
3731 4627
3732 4684
3733 4826
3734 4604
3735 4944
3736 5837
3737 4714
3738 4974
3739 4704
3740 5145
3741 5071
3742 5428
3743 4713
3744 4834
3745 5717
3746 5218
3747 4587
3748 5798
3749 5228
3750 5194
3751 4588
3752 4855
3753 4683
3754 7331
3755 4832
3756 5216
3757 4571
3758 4741
3759 4805
3760 5103
3761 6101
3762 4810
3763 6212
3764 4590
3765 4700
3766 4621
3767 4804
3768 5076
3769 5208
3770 4705
3771 4848
3772 4746
3773 6410
3774 5774
3775 4510
3776 4589
3777 4638
3778 5068
3779 4545
3780 4693
3781 4734
3782 6945
3783 5211
3784 5506
3785 4786
3786 4458
3787 5020
3788 4774
3789 5576
3790 4596
3791 5705
3792 5720
3793 5199
3794 5628
3795 4547
3796 4587
3797 4745
3798 4944
3799 4443
3800 6341
3801 6578
3802 4581
3803 4590
3804 4699
3805 4590
3806 4995
3807 5159
3808 5339
3809 6210
3810 5331
3811 5022
3812 4814
3813 4665
3814 5839
3815 4571
3816 4579
3817 4865
3818 4945
3819 6207
3820 4963
3821 5594
3822 4701
3823 5100
3824 4811
3825 5770
3826 5679
3827 6434
3828 4963
3829 4845
3830 4825
3831 4599
3832 4588
3833 5198
3834 5844
3835 5588
3836 4828
3837 5830
3838 4888
3839 4776
3840 4579
3841 5735
3842 4713
3843 4822
3844 4689
3845 4597
3846 6846
3847 5438
3848 4462
3849 4858
3850 4824
3851 4954
3852 5716
3853 4710
3854 5222
3855 6723
3856 5172
3857 5112
3858 5616
3859 4749
3860 6515
3861 4836
3862 4953
3863 7029
3864 5265
3865 4574
3866 4717
3867 4864
3868 5428
3869 4842
3870 4576
3871 4843
3872 4718
3873 6265
3874 5265
3875 4589
3876 4576
3877 5098
3878 5450
3879 4838
3880 6889
3881 5035
3882 6213
3883 4721
3884 4578
3885 4894
3886 5279
3887 4850
3888 4913
3889 4676
3890 4761
3891 5971
3892 -994955
3893 4998
3894 5815
3895 5125
3896 4608
3897 6025
3898 6001
3899 6042
3900 7027
3901 5874
3902 5211
3903 5349
3904 5628
3905 5061
3906 4949
3907 5107
3908 5720
3909 5147
3910 5585
3911 4552
3912 5301
3913 4918
3914 5087
3915 4554
3916 6175
3917 8311
3918 5666
3919 5216
3920 5405
3921 4889
3922 5827
3923 5014
3924 5580
3925 5678
3926 4972
3927 4798
3928 4569
3929 6140
3930 4915
3931 4898
3932 4919
3933 4749
3934 6390
3935 5440
3936 6167
3937 5444
3938 4799
3939 5655
3940 6096
3941 5139
3942 6493
3943 4766
3944 5205
3945 5198
3946 5472
3947 5394
3948 4852
3949 5298
3950 5729
3951 6569
3952 5228
3953 5072
3954 5466
3955 5710
3956 4711
3957 6158
3958 4516
3959 4723
3960 5608
3961 5880
3962 5322
3963 5302
3964 4845
3965 4685
3966 4939
3967 6311
3968 6034
3969 6724
3970 5197
3971 4823
3972 5700
3973 5965
3974 5304
3975 5574
3976 4700
3977 5818
3978 5867
3979 5536
3980 4938
3981 4945
3982 4873
3983 5373
3984 5247
3985 5194
3986 6543
3987 5213
3988 4699
3989 4715
3990 4588
3991 5597
3992 6719
3993 6069
3994 4838
3995 4591
3996 5714
3997 4706
3998 4586
3999 4911
4000 4512
4001 4733
4002 5317
4003 6476
4004 5013
4005 4770
4006 4838
4007 4840
4008 4621
4009 4552
4010 5461
4011 4838
4012 7336
4013 4734
4014 4897
4015 5135
4016 4829
4017 5087
4018 4586
4019 4588
4020 4838
4021 6842
4022 4717
4023 4962
4024 5069
4025 4860
4026 4718
4027 5060
4028 4912
4029 4766
4030 5026
4031 6024
4032 5964
4033 4587
4034 4723
4035 5085
4036 5782
4037 4763
4038 4590
4039 4731
4040 6692
4041 5210
4042 4983
4043 4715
4044 5518
4045 4883
4046 5098
4047 4584
4048 5893
4049 4797
4050 5078
4051 5060
4052 6752
4053 5438
4054 5036
4055 5116
4056 4954
4057 7777
4058 5641
4059 5946
4060 4959
4061 4707
4062 4725
4063 5085
4064 4817
4065 4906
4066 6788
4067 4929
4068 4725
4069 5087
4070 4786
4071 6889
4072 4995
4073 5584
4074 5057
4075 6477
4076 5979
4077 4587
4078 -995425
4079 4909
4080 4806
4081 4740
4082 4826
4083 6153
4084 6868
4085 5378
4086 4862
4087 4740
4088 5095
4089 4884
4090 5711
4091 4975
4092 5844
4093 5662
4094 4553
4095 4858
4096 4590
4097 4737
4098 5275
4099 4633
4100 4737
4101 6667
4102 4855
4103 4929
4104 4578
4105 4827
4106 5081
4107 4988
4108 4939
4109 7747
4110 6962
4111 4435
4112 5208
4113 4855
4114 4555
4115 5132
4116 4551
4117 5356
4118 5051
4119 4942
4120 5541
4121 6715
4122 5650
4123 4829
4124 5131
4125 4955
4126 4877
4127 4976
4128 8405
4129 4739
4130 4659
4131 4613
4132 4592
4133 5342
4134 4554
4135 5473
4136 7244
4137 5797
4138 5939
4139 4882
4140 4958
4141 4661
4142 4955
4143 5268
4144 5374
4145 4803
4146 6290
4147 8104
4148 5101
4149 5130
4150 4783
4151 4853
4152 4508
4153 5158
4154 6358
4155 5550
4156 4767
4157 4891
4158 5049
4159 4954
4160 4934
4161 4734
4162 5261
4163 4664
4164 6442
4165 5705
4166 6411
4167 4729
4168 6352
4169 6072
4170 9397
4171 6384
4172 4635
4173 4759
4174 4891
4175 4853
4176 4841
4177 4990
4178 4583
4179 4540
4180 6821
4181 5135
4182 5145
4183 4796
4184 5561
4185 4858
4186 4754
4187 4686
4188 5037
4189 5583
4190 5187
4191 5306
4192 4463
4193 4740
4194 5268
4195 4832
4196 4581
4197 4586
4198 7104
4199 5187
4200 4954
4201 5183
4202 5304
4203 5468
4204 5831
4205 5552
4206 6772
4207 4959
4208 4605
4209 5463
4210 4784
4211 6038
4212 4686
4213 4530
4214 5381
4215 4860
4216 6341
4217 4924
4218 4456
4219 4953
4220 4835
4221 6268
4222 5089
4223 6250
4224 6452
4225 4954
4226 5402
4227 4654
4228 5049
4229 4576
4230 4578
4231 4703
4232 5215
4233 6572
4234 5202
4235 5326
4236 4729
4237 5811
4238 4826
4239 4810
4240 4575
4241 4891
4242 6764
4243 4951
4244 5793
4245 5365
4246 4573
4247 5354
4248 5077
4249 4674
4250 4830
4251 6618
4252 5041
4253 4884
4254 5337
4255 5132
4256 4580
4257 4831
4258 4574
4259 4899
4260 5827
4261 5772
4262 6061
4263 4832
4264 5076
4265 -995173
4266 4712
4267 4445
4268 4959
4269 6327
4270 6203
4271 4894
4272 4633
4273 4829
4274 4831
4275 5076
4276 4828
4277 4578
4278 4729
4279 5682
4280 5009
4281 4633
4282 5720
4283 5551
4284 4593
4285 4594
4286 4795
4287 4606
4288 5938
4289 4977
4290 4660
4291 4736
4292 4818
4293 4645
4294 6295
4295 5131
4296 6057
4297 6093
4298 4719
4299 4587
4300 4590
4301 5778
4302 8034
4303 5871
4304 5638
4305 6681
4306 5277
4307 5586
4308 5255
4309 5037
4310 5166
4311 5394
4312 5151
4313 5122
4314 6748
4315 4423
4316 5555
4317 4697
4318 4866
4319 6107
4320 4740
4321 4542
4322 5053
4323 5973
4324 5041
4325 5389
4326 5126
4327 4709
4328 4735
4329 5219
4330 4673
4331 4730
4332 5273
4333 6139
4334 5193
4335 4703
4336 5206
4337 5067
4338 4484
4339 5935
4340 5251
4341 5338
4342 6256
4343 4717
4344 4978
4345 5188
4346 4584
4347 5339
4348 4951
4349 4915
4350 5400
4351 6943
4352 5834
4353 5217
4354 4918
4355 5024
4356 5322
4357 5045
4358 5512
4359 6700
4360 4595
4361 5438
4362 5382
4363 5289
4364 4757
4365 4899
4366 5197
4367 4949
4368 5935
4369 5239
4370 4810
4371 4572
4372 4450
4373 5540
4374 5032
4375 5576
4376 5100
4377 8193
4378 5078
4379 4842
4380 4950
4381 4577
4382 5252
4383 4806
4384 4574
4385 4821
4386 5487
4387 5189
4388 5209
4389 4992
4390 5679
4391 4705
4392 5455
4393 4707
4394 4579
4395 6337
4396 4968
4397 6266
4398 4908
4399 4957
4400 4693
4401 4616
4402 5388
4403 5145
4404 5714
4405 5835
4406 4583
4407 4589
4408 4903
4409 5521
4410 4714
4411 4843
4412 4827
4413 6972
4414 5072
4415 4847
4416 5331
4417 5942
4418 5592
4419 5135
4420 4914
4421 4644
4422 5900
4423 4885
4424 5160
4425 4842
4426 4729
4427 5066
4428 5331
4429 4715
4430 5017
4431 6150
4432 6082
4433 5084
4434 5088
4435 4714
4436 6582
4437 5089
4438 4710
4439 4721
4440 6245
4441 5038
4442 5502
4443 6194
4444 4668
4445 5073
4446 4831
4447 4656
4448 5198
4449 6744
4450 5311
4451 4450
4452 4616
4453 4641
4454 -995348
4455 4579
4456 6237
4457 4989
4458 6659
4459 5206
4460 5456
4461 5838
4462 5063
4463 4694
4464 4569
4465 4600
4466 4710
4467 5687
4468 5237
4469 5482
4470 4502
4471 5199
4472 4834
4473 4782
4474 5366
4475 5969
4476 6086
4477 4941
4478 4693
4479 4695
4480 4715
4481 4764
4482 4840
4483 4748
4484 4630
4485 6550
4486 5263
4487 5019
4488 5682
4489 5341
4490 5083
4491 4956
4492 6128
4493 5506
4494 5736
4495 5606
4496 4802
4497 5004
4498 5137
4499 4819
4500 5342
4501 5115
4502 6504
4503 5502
4504 5478
4505 5237
4506 5441
4507 4655
4508 5116
4509 5537
4510 6196
4511 5967
4512 4694
4513 5679
4514 4563
4515 5072
4516 5200
4517 5452
4518 4567
4519 4577
4520 6951
4521 4811
4522 4823
4523 4951
4524 5412
4525 4744
4526 5076
4527 4569
4528 4954
4529 6073
4530 4592
4531 5055
4532 4957
4533 6200
4534 4946
4535 4820
4536 4554
4537 5093
4538 5451
4539 5948
4540 4576
4541 4576
4542 4575
4543 5254
4544 4785
4545 4564
4546 5206
4547 4704
4548 7063
4549 4575
4550 4575
4551 5258
4552 4888
4553 6207
4554 4706
4555 4795
4556 4694
4557 6074
4558 5706
4559 4574
4560 4704
4561 4815
4562 4571
4563 4592
4564 4935
4565 4939
4566 7011
4567 5013
4568 5329
4569 4569
4570 4950
4571 4704
4572 4826
4573 7067
4574 4827
4575 6558
4576 4596
4577 4888
4578 4517
4579 4973
4580 5545
4581 4704
4582 4627
4583 5260
4584 5581
4585 4965
4586 5430
4587 4719
4588 4553
4589 4701
4590 5261
4591 4751
4592 4609
4593 7150
4594 5444
4595 5014
4596 4575
4597 5411
4598 6116
4599 5357
4600 4688
4601 4724
4602 7091
4603 5180
4604 4620
4605 4974
4606 5268
4607 4939
4608 4846
4609 4993
4610 6951
4611 5886
4612 5624
4613 4700
4614 4958
4615 4950
4616 5817
4617 5075
4618 4567
4619 5520
4620 5275
4621 5500
4622 5006
4623 5382
4624 4632
4625 4698
4626 4845
4627 5489
4628 5026
4629 6469
4630 4868
4631 5759
4632 4547
4633 4925
4634 4585
4635 4867
4636 4766
4637 4908
4638 6630
4639 4620
4640 4581
4641 4900
4642 4763
4643 4789
4644 4563
4645 -994235
4646 5396
4647 6514
4648 5190
4649 4731
4650 5009
4651 5925
4652 5062
4653 5396
4654 5038
4655 8083
4656 5385
4657 4995
4658 4540
4659 4515
4660 4793
4661 4869
4662 4874
4663 4814
4664 4713
4665 4851
4666 4955
4667 4810
4668 4885
4669 5117
4670 5713
4671 4984
4672 4794
4673 7751
4674 4971
4675 4939
4676 5084
4677 4747
4678 4574
4679 4748
4680 4588
4681 4799
4682 6009
4683 4980
4684 4841
4685 4703
4686 4989
4687 5149
4688 5065
4689 4871
4690 6355
4691 6183
4692 5406
4693 4941
4694 5220
4695 4758
4696 5618
4697 4661
4698 5275
4699 5024
4700 6121
4701 5135
4702 5607
4703 4921
4704 5195
4705 4453
4706 4594
4707 4898
4708 4838
4709 7684
4710 4699
4711 4779
4712 5208
4713 5328
4714 4933
4715 5085
4716 4565
4717 4458
4718 7044
4719 5262
4720 4923
4721 5504
4722 5630
4723 8625
4724 5437
4725 5009
4726 6952
4727 6081
4728 5112
4729 5158
4730 4564
4731 4881
4732 4668
4733 5184
4734 4983
4735 6122
4736 5590
4737 4508
4738 5051
4739 6460
4740 4877
4741 4681
4742 5034
4743 6140
4744 4829
4745 4960
4746 7644
4747 5626
4748 5131
4749 5123
4750 4723
4751 4735
4752 6469
4753 4831
4754 4598
4755 4593
4756 4539
4757 5928
4758 4771
4759 4921
4760 5247
4761 5792
4762 5421
4763 5190
4764 6490
4765 5934
4766 5069
4767 4717
4768 4721
4769 6867
4770 4905
4771 5098
4772 5094
4773 4942
4774 4584
4775 6248
4776 6572
4777 4940
4778 6328
4779 4952
4780 4607
4781 4786
4782 5334
4783 4922
4784 6247
4785 4545
4786 4844
4787 6812
4788 4894
4789 4903
4790 4582
4791 6036
4792 4721
4793 4918
4794 4850
4795 5201
4796 5692
4797 4814
4798 4937
4799 6731
4800 6538
4801 5260
4802 4613
4803 6705
4804 7393
4805 4526
4806 4631
4807 4878
4808 4892
4809 5119
4810 4720
4811 4963
4812 4968
4813 6681
4814 4903
4815 5676
4816 4797
4817 4729
4818 6673
4819 5469
4820 5484
4821 5917
4822 6067
4823 4882
4824 4830
4825 4824
4826 5505
4827 4435
4828 5759
4829 4790
4830 -993960
4831 4880
4832 4972
4833 5360
4834 5099
4835 4687
4836 4989
4837 4677
4838 4621
4839 6752
4840 5084
4841 7012
4842 4899
4843 4719
4844 5048
4845 4548
4846 4817
4847 4814
4848 5579
4849 4926
4850 5186
4851 5817
4852 5701
4853 4919
4854 5192
4855 5723
4856 4687
4857 6568
4858 6323
4859 5559
4860 6413
4861 5277
4862 5638
4863 4554
4864 4694
4865 5676
4866 4959
4867 4750
4868 4661
4869 5606
4870 5217
4871 4749
4872 4803
4873 5332
4874 4971
4875 5567
4876 5046
4877 4618
4878 5454
4879 5550
4880 5453
4881 4708
4882 4814
4883 4927
4884 5199
4885 5349
4886 4550
4887 4678
4888 5505
4889 4757
4890 4909
4891 4822
4892 4608
4893 5489
4894 5427
4895 4836
4896 4739
4897 5466
4898 4901
4899 5500
4900 5794
4901 6093
4902 5211
4903 4686
4904 5227
4905 4954
4906 5958
4907 5200
4908 4969
4909 5197
4910 5481
4911 5954
4912 4820
4913 4575
4914 4725
4915 4700
4916 5460
4917 4713
4918 4714
4919 6084
4920 5849
4921 4828
4922 4591
4923 4700
4924 4952
4925 5716
4926 4593
4927 4688
4928 4745
4929 5073
4930 5604
4931 5184
4932 4720
4933 5198
4934 4759
4935 5537
4936 5836
4937 4830
4938 4701
4939 5724
4940 6195
4941 5523
4942 4649
4943 4885
4944 5780
4945 4710
4946 4589
4947 4954
4948 4958
4949 5464
4950 5216
4951 4586
4952 4763
4953 5278
4954 4958
4955 5095
4956 5206
4957 4963
4958 5703
4959 5968
4960 4954
4961 4588
4962 4955
4963 4592
4964 4584
4965 4593
4966 5145
4967 5901
4968 4828
4969 4725
4970 4693
4971 5100
4972 5324
4973 4843
4974 4828
4975 5469
4976 5645
4977 5150
4978 5079
4979 5845
4980 4825
4981 5090
4982 4834
4983 4843
4984 4891
4985 5780
4986 4904
4987 4642
4988 4578
4989 4971
4990 5513
4991 4782
4992 5476
4993 5445
4994 4889
4995 5205
4996 4529
4997 4830
4998 5075
4999 6662
5000 4508
5001 4598
5002 4575
5003 5468
5004 5204
5005 4592
5006 5534
5007 4889
5008 4736
5009 5056
5010 5108
5011 4597
5012 4667
5013 6086
5014 5363
5015 4681
5016 4710
5017 4835
5018 5950
5019 6764
5020 4639
5021 4846
5022 5338
5023 -994949
5024 5179
5025 4644
5026 4699
5027 5468
5028 4964
5029 5318
5030 4597
5031 6515
5032 4894
5033 4761
5034 5071
5035 4675
5036 5208
5037 5134
5038 4907
5039 5983
5040 5301
5041 4967
5042 5077
5043 5749
5044 5300
5045 5221
5046 4952
5047 4837
5048 4600
5049 4703
5050 5380
5051 4789
5052 4725
5053 5382
5054 6303
5055 4803
5056 4949
5057 5094
5058 4880
5059 5783
5060 4710
5061 4593
5062 4579
5063 5468
5064 5263
5065 4716
5066 5678
5067 5026
5068 5378
5069 5172
5070 5392
5071 4517
5072 6401
5073 5022
5074 4704
5075 4961
5076 4839
5077 5451
5078 6036
5079 5763
5080 5492
5081 6292
5082 5459
5083 4836
5084 4585
5085 5327
5086 5219
5087 4831
5088 4585
5089 4699
5090 5468
5091 5096
5092 4952
5093 5210
5094 4714
5095 5682
5096 5476
5097 4756
5098 5668
5099 4705
5100 6188
5101 5098
5102 5088
5103 4980
5104 5805
5105 5340
5106 5006
5107 4781
5108 4836
5109 5626
5110 5174
5111 5020
5112 4757
5113 4837
5114 5993
5115 4849
5116 5040
5117 6081
5118 4832
5119 4607
5120 4590
5121 5050
5122 4823
5123 5266
5124 5553
5125 4806
5126 5087
5127 5230
5128 4951
5129 5324
5130 4587
5131 5201
5132 5336
5133 5087
5134 5337
5135 4905
5136 7019
5137 6208
5138 4589
5139 5194
5140 5481
5141 5088
5142 4872
5143 4687
5144 4702
5145 5353
5146 5324
5147 4980
5148 5509
5149 4770
5150 5962
5151 4588
5152 4587
5153 4857
5154 5425
5155 5194
5156 5300
5157 5895
5158 5969
5159 5202
5160 4591
5161 4714
5162 5477
5163 6446
5164 5096
5165 4580
5166 4835
5167 4724
5168 5581
5169 4843
5170 4575
5171 4735
5172 5804
5173 4711
5174 4588
5175 4822
5176 4585
5177 6696
5178 4718
5179 4711
5180 6386
5181 5657
5182 4952
5183 4859
5184 4564
5185 5021
5186 5808
5187 5112
5188 5019
5189 4576
5190 4720
5191 6583
5192 4749
5193 5288
5194 5091
5195 4829
5196 6587
5197 4851
5198 4688
5199 5469
5200 5513
5201 5024
5202 5344
5203 5210
5204 4702
5205 5215
5206 4978
5207 4698
5208 4457
5209 5950
5210 4837
5211 4841
5212 4949
5213 5700
5214 6046
5215 -994860
5216 5703
5217 5582
5218 5467
5219 4706
5220 4840
5221 4464
5222 4787
5223 5390
5224 4774
5225 4766
5226 5300
5227 4622
5228 5341
5229 5324
5230 5344
5231 5083
5232 5963
5233 5773
5234 6096
5235 6137
5236 5213
5237 4463
5238 6155
5239 4897
5240 5089
5241 5467
5242 4764
5243 4674
5244 5220
5245 6180
5246 5335
5247 4851
5248 4820
5249 4584
5250 6048
5251 5248
5252 4701
5253 5251
5254 5224
5255 5541
5256 4821
5257 4584
5258 5094
5259 5084
5260 4449
5261 5588
5262 4731
5263 4817
5264 5089
5265 4586
5266 5101
5267 4836
5268 5781
5269 6311
5270 5817
5271 4980
5272 5242
5273 6015
5274 6092
5275 4821
5276 5277
5277 5401
5278 6151
5279 4912
5280 5220
5281 5558
5282 5253
5283 5289
5284 5867
5285 5289
5286 5612
5287 4942
5288 5197
5289 5470
5290 5360
5291 6176
5292 4888
5293 6322
5294 5630
5295 5994
5296 4953
5297 4567
5298 5205
5299 5433
5300 5562
5301 4965
5302 4669
5303 6305
5304 4749
5305 4755
5306 5209
5307 5178
5308 6183
5309 5121
5310 5129
5311 4823
5312 7280
5313 4833
5314 5031
5315 6783
5316 6328
5317 5730
5318 5063
5319 4881
5320 5945
5321 4722
5322 5280
5323 5029
5324 4708
5325 5857
5326 4382
5327 5300
5328 4777
5329 4997
5330 6689
5331 4566
5332 4636
5333 4864
5334 5473
5335 4891
5336 4560
5337 5337
5338 5328
5339 4774
5340 4683
5341 4468
5342 5223
5343 5370
5344 5003
5345 4932
5346 5160
5347 4911
5348 5397
5349 4432
5350 4593
5351 5843
5352 5802
5353 4833
5354 5149
5355 4865
5356 4901
5357 5029
5358 4791
5359 4668
5360 4848
5361 5474
5362 5396
5363 5268
5364 4954
5365 4952
5366 5462
5367 5851
5368 4889
5369 4770
5370 6371
5371 5407
5372 4589
5373 5488
5374 5054
5375 5941
5376 4757
5377 4573
5378 4587
5379 5264
5380 5425
5381 4933
5382 4841
5383 5209
5384 5858
5385 4549
5386 4757
5387 4663
5388 5540
5389 4755
5390 6181
5391 4834
5392 4807
5393 4890
5394 5758
5395 4690
5396 5523
5397 5702
5398 5081
5399 5063
5400 4707
5401 5771
5402 4959
5403 5938
5404 5239
5405 -995135
5406 4858
5407 4636
5408 5305
5409 4686
5410 5738
5411 4914
5412 6343
5413 5224
5414 4650
5415 4672
5416 5443
5417 5311
5418 4588
5419 4977
5420 5182
5421 5947
5422 5114
5423 5471
5424 4674
5425 5690
5426 5823
5427 5420
5428 4886
5429 5819
5430 5834
5431 5212
5432 4599
5433 5333
5434 5271
5435 4694
5436 6477
5437 4956
5438 6454
5439 4699
5440 5212
5441 4786
5442 4814
5443 5443
5444 5090
5445 4720
5446 5142
5447 6020
5448 6181
5449 5456
5450 4755
5451 5785
5452 5398
5453 4637
5454 4584
5455 4644
5456 5019
5457 4988
5458 6333
5459 5274
5460 5133
5461 5160
5462 4818
5463 5326
5464 4992
5465 5642
5466 5015
5467 6748
5468 5712
5469 6098
5470 5225
5471 5145
5472 4535
5473 6594
5474 5072
5475 5035
5476 4593
5477 4945
5478 5931
5479 4812
5480 4655
5481 5201
5482 5414
5483 5542
5484 5553
5485 4486
5486 6324
5487 5210
5488 4974
5489 6011
5490 5167
5491 4686
5492 4685
5493 6145
5494 4922
5495 4610
5496 4708
5497 4713
5498 6335
5499 5107
5500 4817
5501 4586
5502 5363
5503 5290
5504 4709
5505 4587
5506 5850
5507 6450
5508 4972
5509 4709
5510 4955
5511 6822
5512 4747
5513 5049
5514 4589
5515 4588
5516 6086
5517 5090
5518 4722
5519 4704
5520 5587
5521 5838
5522 4839
5523 5399
5524 4646
5525 6842
5526 5713
5527 5714
5528 4589
5529 6205
5530 4695
5531 4749
5532 4785
5533 4458
5534 5967
5535 4707
5536 4965
5537 4583
5538 6005
5539 5417
5540 4965
5541 4837
5542 4748
5543 6170
5544 6213
5545 5107
5546 4447
5547 5587
5548 4588
5549 4715
5550 4593
5551 4588
5552 6095
5553 4966
5554 4972
5555 6139
5556 5141
5557 4842
5558 4579
5559 4843
5560 4714
5561 6078
5562 5087
5563 5079
5564 5583
5565 6405
5566 5392
5567 4963
5568 4706
5569 4596
5570 5460
5571 4832
5572 4577
5573 4723
5574 5200
5575 5721
5576 5831
5577 4840
5578 4580
5579 5591
5580 5206
5581 4468
5582 4848
5583 5020
5584 7895
5585 5069
5586 4954
5587 4851
5588 5580
5589 5091
5590 4686
5591 4839
5592 5002
5593 5320
5594 -995267
5595 4882
5596 5248
5597 5179
5598 5375
5599 6322
5600 5146
5601 5426
5602 5312
5603 6348
5604 5068
5605 5031
5606 5851
5607 5053
5608 4872
5609 5550
5610 4844
5611 6012
5612 4857
5613 4631
5614 4756
5615 6446
5616 4996
5617 4782
5618 4677
5619 5055
5620 4759
5621 5352
5622 4562
5623 7136
5624 7292
5625 4674
5626 5331
5627 4621
5628 4840
5629 4779
5630 4672
5631 4816
5632 4864
5633 6613
5634 5061
5635 5355
5636 4913
5637 5002
5638 4657
5639 4698
5640 5358
5641 5071
5642 7009
5643 4839
5644 5391
5645 5555
5646 4824
5647 4961
5648 6543
5649 5306
5650 6859
5651 4661
5652 4976
5653 4722
5654 4859
5655 5004
5656 4767
5657 5439
5658 5411
5659 5203
5660 4719
5661 5730
5662 4662
5663 6342
5664 6371
5665 4695
5666 5530
5667 4777
5668 5032
5669 4716
5670 5225
5671 4827
5672 6381
5673 5190
5674 4612
5675 4822
5676 4738
5677 4723
5678 4754
5679 4594
5680 6507
5681 5277
5682 5914
5683 4538
5684 4581
5685 5187
5686 4669
5687 4936
5688 5405
5689 5504
5690 6093
5691 5591
5692 5510
5693 5827
5694 4565
5695 4838
5696 5010
5697 5081
5698 4709
5699 4777
5700 6741
5701 4693
5702 4856
5703 5197
5704 4687
5705 4818
5706 4937
5707 4956
5708 4879
5709 5991
5710 5081
5711 5998
5712 6011
5713 5406
5714 5113
5715 5825
5716 4855
5717 7798
5718 7471
5719 4729
5720 5169
5721 4791
5722 4439
5723 4700
5724 5208
5725 4658
5726 6081
5727 5452
5728 4585
5729 6347
5730 4870
5731 4547
5732 5215
5733 4694
5734 5341
5735 5949
5736 6120
5737 6552
5738 4842
5739 5260
5740 4778
5741 4832
5742 4703
5743 4725
5744 5489
5745 4923
5746 4774
5747 4794
5748 4968
5749 4577
5750 5325
5751 4688
5752 4706
5753 7218
5754 5333
5755 5089
5756 4962
5757 5704
5758 4593
5759 4953
5760 5345
5761 4828
5762 6166
5763 5271
5764 4824
5765 4963
5766 5231
5767 4698
5768 5032
5769 5767
5770 4837
5771 6461
5772 4984
5773 5193
5774 5095
5775 5453
5776 4858
5777 5699
5778 4726
5779 5064
5780 5841
5781 5335
5782 -994531
5783 4686
5784 4480
5785 4713
5786 5215
5787 5818
5788 4980
5789 6987
5790 5728
5791 5113
5792 4898
5793 4972
5794 4872
5795 4810
5796 6316
5797 5953
5798 4959
5799 4969
5800 5474
5801 5069
5802 4711
5803 4841
5804 5334
5805 5594
5806 6163
5807 5500
5808 4777
5809 5027
5810 5594
5811 4840
5812 5362
5813 4416
5814 4845
5815 5080
5816 6201
5817 5089
5818 4722
5819 4573
5820 4464
5821 4592
5822 5102
5823 5380
5824 4779
5825 6466
5826 5341
5827 5205
5828 4843
5829 4829
5830 4591
5831 4769
5832 5525
5833 4574
5834 6239
5835 6198
5836 5326
5837 4722
5838 4820
5839 4605
5840 4675
5841 4863
5842 4600
5843 4676
5844 6836
5845 5537
5846 4624
5847 4709
5848 4872
5849 4670
5850 4876
5851 4787
5852 4707
5853 5958
5854 5458
5855 6328
5856 4969
5857 5078
5858 5715
5859 4627
5860 5298
5861 6456
5862 5191
5863 5265
5864 5408
5865 4482
5866 5309
5867 5276
5868 5022
5869 4969
5870 5827
5871 4949
5872 5411
5873 5533
5874 4581
5875 5962
5876 6348
5877 4925
5878 4887
5879 4948
5880 4703
5881 4812
5882 6139
5883 4694
5884 6019
5885 4965
5886 4681
5887 5136
5888 4579
5889 4577
5890 4615
5891 4556
5892 5342
5893 6954
5894 6474
5895 4944
5896 4894
5897 5530
5898 4783
5899 4631
5900 4585
5901 4976
5902 5871
5903 5657
5904 5102
5905 4828
5906 4580
5907 4956
5908 4585
5909 4595
5910 5346
5911 6816
5912 4716
5913 4834
5914 6081
5915 4450
5916 5107
5917 4575
5918 4584
5919 4584
5920 4761
5921 6031
5922 4577
5923 5712
5924 5335
5925 4599
5926 4574
5927 4594
5928 4952
5929 5378
5930 6878
5931 4728
5932 5480
5933 4565
5934 5956
5935 6014
5936 4530
5937 4832
5938 4714
5939 6075
5940 4845
5941 4577
5942 4598
5943 5572
5944 4587
5945 4724
5946 5074
5947 4588
5948 4964
5949 6897
5950 5275
5951 5587
5952 5212
5953 4593
5954 5331
5955 4585
5956 4772
5957 5339
5958 6520
5959 5336
5960 5793
5961 4875
5962 4838
5963 4712
5964 4859
5965 4568
5966 6275
5967 4899
5968 4842
5969 4702
5970 4835
5971 4963
5972 4718
5973 4832
5974 5442
5975 -995394
5976 6100
5977 5199
5978 4695
5979 5045
5980 5407
5981 4577
5982 5085
5983 5712
5984 5392
5985 6159
5986 4962
5987 5334
5988 4603
5989 4948
5990 4824
5991 5214
5992 4850
5993 5698
5994 5962
5995 6339
5996 5277
5997 4666
5998 4690
5999 4583
6000 4845
6001 4700
6002 4846
6003 6465
6004 5890
6005 5265
6006 5090
6007 5362
6008 4987
6009 4527
6010 4583
6011 4706
6012 6523
6013 5656
6014 5390
6015 4788
6016 4579
6017 4694
6018 4745
6019 4556
6020 4593
6021 6457
6022 4836
6023 4954
6024 4961
6025 4964
6026 4575
6027 4710
6028 5085
6029 5343
6030 4700
6031 6766
6032 4777
6033 5840
6034 4832
6035 4604
6036 4821
6037 4583
6038 5964
6039 5721
6040 5826
6041 4584
6042 4589
6043 4722
6044 4951
6045 4594
6046 4954
6047 4714
6048 5142
6049 6390
6050 5588
6051 5209
6052 4712
6053 5710
6054 4961
6055 5459
6056 4846
6057 4574
6058 6218
6059 4830
6060 4713
6061 4711
6062 4588
6063 5728
6064 4829
6065 4952
6066 5215
6067 6213
6068 5211
6069 4960
6070 5652
6071 4975
6072 5519
6073 5635
6074 4774
6075 5525
6076 6030
6077 4705
6078 5226
6079 5140
6080 4649
6081 5087
6082 5027
6083 5401
6084 4951
6085 6589
6086 5279
6087 4510
6088 5088
6089 4589
6090 4836
6091 5337
6092 6276
6093 4526
6094 5838
6095 5339
6096 4587
6097 4840
6098 5464
6099 4461
6100 4598
6101 5077
6102 4836
6103 4721
6104 6708
6105 6202
6106 5853
6107 4819
6108 4591
6109 5458
6110 5388
6111 6162
6112 6464
6113 5206
6114 4589
6115 4580
6116 4766
6117 4960
6118 5398
6119 5457
6120 5030
6121 6636
6122 4715
6123 5216
6124 5189
6125 5986
6126 5609
6127 4651
6128 5387
6129 5531
6130 7833
6131 4765
6132 4775
6133 4575
6134 5370
6135 5543
6136 4972
6137 5460
6138 5438
6139 6618
6140 6122
6141 4912
6142 4591
6143 5070
6144 4708
6145 4586
6146 4611
6147 4953
6148 5947
6149 6448
6150 4649
6151 5428
6152 5122
6153 5024
6154 5090
6155 5101
6156 4759
6157 6588
6158 4526
6159 5218
6160 5325
6161 4588
6162 4642
6163 5140
6164 4983
6165 4775
6166 -993346
6167 4743
6168 4674
6169 5591
6170 5237
6171 5052
6172 4969
6173 5095
6174 5075
6175 6081
6176 4838
6177 5086
6178 4577
6179 4596
6180 4838
6181 4757
6182 4652
6183 4591
6184 4576
6185 6465
6186 4594
6187 4821
6188 6089
6189 5713
6190 4892
6191 4518
6192 4587
6193 5276
6194 6155
6195 4455
6196 5093
6197 5207
6198 5394
6199 4648
6200 5201
6201 4963
6202 4962
6203 5855
6204 5815
6205 5403
6206 4922
6207 5069
6208 4874
6209 5798
6210 4577
6211 4588
6212 6086
6213 4962
6214 5090
6215 5357
6216 4943
6217 5463
6218 4597
6219 4951
6220 5207
6221 7203
6222 4474
6223 4746
6224 4679
6225 5210
6226 4570
6227 5372
6228 4557
6229 6832
6230 5978
6231 5318
6232 4584
6233 4588
6234 5906
6235 4954
6236 5271
6237 4971
6238 4957
6239 5957
6240 5592
6241 4827
6242 4971
6243 4957
6244 4955
6245 4712
6246 4907
6247 5018
6248 6585
6249 5842
6250 5205
6251 5084
6252 4717
6253 4832
6254 4839
6255 5222
6256 5087
6257 6823
6258 5450
6259 5718
6260 5207
6261 5095
6262 4824
6263 5283
6264 4521
6265 5464
6266 6200
6267 6951
6268 4710
6269 5008
6270 5666
6271 4834
6272 4699
6273 5592
6274 5328
6275 6363
6276 5321
6277 4945
6278 4735
6279 5064
6280 5719
6281 5112
6282 4681
6283 5209
6284 5596
6285 4702
6286 6087
6287 4713
6288 5221
6289 4951
6290 4960
6291 4714
6292 4740
6293 5930
6294 5339
6295 5207
6296 4714
6297 5396
6298 4525
6299 5210
6300 4985
6301 4936
6302 5374
6303 5052
6304 4838
6305 5332
6306 6212
6307 5723
6308 4827
6309 4460
6310 5087
6311 5212
6312 5588
6313 5724
6314 4946
6315 5105
6316 4943
6317 4586
6318 5087
6319 4968
6320 5827
6321 5213
6322 4715
6323 4849
6324 5073
6325 5337
6326 5978
6327 5131
6328 4900
6329 5338
6330 5213
6331 5842
6332 5332
6333 5338
6334 5212
6335 5087
6336 5222
6337 5267
6338 5108
6339 4588
6340 4587
6341 4836
6342 4733
6343 5445
6344 4962
6345 6354
6346 4818
6347 5213
6348 5344
6349 4832
6350 4963
6351 4732
6352 5441
6353 5088
6354 4713
6355 5462
6356 5337
6357 -995037
6358 5088
6359 4842
6360 5373
6361 5418
6362 4710
6363 5586
6364 4839
6365 6710
6366 5136
6367 4659
6368 4975
6369 4570
6370 5676
6371 4751
6372 4961
6373 4580
6374 4713
6375 5588
6376 5459
6377 5466
6378 5717
6379 5585
6380 5452
6381 4715
6382 5470
6383 4829
6384 7559
6385 5111
6386 5217
6387 4955
6388 5839
6389 5093
6390 4460
6391 4588
6392 4714
6393 5464
6394 5091
6395 5461
6396 4717
6397 5104
6398 4571
6399 5216
6400 4586
6401 4714
6402 5483
6403 5629
6404 6029
6405 4966
6406 5211
6407 5084
6408 4839
6409 4717
6410 4834
6411 6584
6412 5525
6413 5539
6414 5132
6415 5280
6416 4588
6417 4856
6418 5073
6419 4583
6420 6163
6421 5394
6422 4953
6423 5214
6424 6527
6425 4775
6426 4964
6427 5212
6428 4695
6429 5232
6430 4961
6431 5413
6432 4632
6433 5346
6434 4956
6435 5203
6436 4588
6437 5472
6438 5328
6439 4838
6440 5094
6441 4715
6442 4824
6443 5091
6444 5716
6445 4590
6446 4578
6447 5714
6448 4860
6449 5325
6450 5018
6451 4775
6452 5272
6453 5225
6454 5013
6455 4907
6456 5018
6457 4842
6458 4703
6459 4593
6460 4587
6461 5590
6462 4886
6463 5405
6464 5971
6465 4585
6466 6204
6467 4589
6468 4964
6469 4584
6470 4836
6471 5089
6472 4966
6473 4712
6474 4713
6475 4843
6476 5712
6477 4842
6478 4956
6479 4836
6480 5714
6481 5093
6482 4958
6483 4838
6484 6215
6485 5334
6486 4580
6487 4913
6488 4516
6489 5352
6490 5061
6491 4717
6492 5085
6493 5590
6494 5230
6495 4948
6496 4962
6497 4589
6498 4715
6499 5084
6500 4990
6501 5814
6502 4837
6503 5590
6504 6110
6505 5066
6506 5462
6507 5591
6508 5156
6509 4487
6510 5079
6511 4838
6512 6147
6513 4902
6514 4837
6515 5086
6516 4718
6517 5462
6518 4588
6519 5337
6520 4989
6521 6188
6522 4873
6523 6564
6524 4831
6525 6337
6526 4591
6527 5271
6528 5400
6529 4611
6530 5817
6531 4772
6532 4779
6533 4839
6534 5842
6535 4460
6536 4748
6537 4663
6538 4777
6539 6148
6540 4714
6541 4838
6542 4713
6543 5840
6544 6337
6545 4596
6546 4704
6547 4962
6548 6964
6549 5524
6550 -995349
6551 4639
6552 5786
6553 5089
6554 4999
6555 5034
6556 5001
6557 5946
6558 4585
6559 4568
6560 5359
6561 4963
6562 7596
6563 5333
6564 5219
6565 4581
6566 5466
6567 5085
6568 5590
6569 4962
6570 4961
6571 5589
6572 4963
6573 4840
6574 4925
6575 5250
6576 6090
6577 5642
6578 5155
6579 5518
6580 5676
6581 7494
6582 5151
6583 4841
6584 5714
6585 5502
6586 5541
6587 4840
6588 4704
6589 5574
6590 5106
6591 4705
6592 4717
6593 5317
6594 5248
6595 4939
6596 4773
6597 5044
6598 5325
6599 5049
6600 4770
6601 6452
6602 5582
6603 4837
6604 6076
6605 4861
6606 4689
6607 6281
6608 5152
6609 4708
6610 5084
6611 5712
6612 4590
6613 5215
6614 5957
6615 5213
6616 5482
6617 5719
6618 5376
6619 4648
6620 7219
6621 4576
6622 4587
6623 5110
6624 4717
6625 5328
6626 5387
6627 4646
6628 4588
6629 5705
6630 5213
6631 5338
6632 4786
6633 4950
6634 5776
6635 4964
6636 4586
6637 4588
6638 4714
6639 5713
6640 6715
6641 4711
6642 4838
6643 6217
6644 4961
6645 5213
6646 4590
6647 5644
6648 4779
6649 4833
6650 5600
6651 5204
6652 5588
6653 4674
6654 4946
6655 4664
6656 4945
6657 6963
6658 4713
6659 6093
6660 4710
6661 6462
6662 5214
6663 4589
6664 4713
6665 5336
6666 5090
6667 4590
6668 5335
6669 4966
6670 5338
6671 5338
6672 4962
6673 4969
6674 5836
6675 5154
6676 4654
6677 4834
6678 5094
6679 5961
6680 5234
6681 5499
6682 5528
6683 6218
6684 4828
6685 4846
6686 4956
6687 5964
6688 6529
6689 5147
6690 4966
6691 4961
6692 5586
6693 4840
6694 4839
6695 5657
6696 6023
6697 5349
6698 6578
6699 5640
6700 5527
6701 4964
6702 4834
6703 4586
6704 4775
6705 5529
6706 5234
6707 5066
6708 4962
6709 5837
6710 4964
6711 4964
6712 4590
6713 4587
6714 6337
6715 4845
6716 5650
6717 6274
6718 5585
6719 5088
6720 5464
6721 5656
6722 5020
6723 5339
6724 5095
6725 4954
6726 5342
6727 6461
6728 4837
6729 5531
6730 5144
6731 5152
6732 5596
6733 4894
6734 4776
6735 5184
6736 6315
6737 4952
6738 -995281
6739 4834
6740 4963
6741 5087
6742 4713
6743 5592
6744 4961
6745 5842
6746 4585
6747 4838
6748 4983
6749 4943
6750 5215
6751 4839
6752 4589
6753 5088
6754 4969
6755 5328
6756 6339
6757 4714
6758 4964
6759 6342
6760 4959
6761 4839
6762 5719
6763 5334
6764 4839
6765 4713
6766 4841
6767 4582
6768 5841
6769 4716
6770 4853
6771 5318
6772 4838
6773 5485
6774 5190
6775 4715
6776 5838
6777 5214
6778 5089
6779 5966
6780 4791
6781 5008
6782 5462
6783 4963
6784 4962
6785 4838
6786 5088
6787 4839
6788 4713
6789 5340
6790 4965
6791 6128
6792 5110
6793 4899
6794 5465
6795 6647
6796 4916
6797 4827
6798 4589
6799 4587
6800 6713
6801 4838
6802 4774
6803 4963
6804 5532
6805 5087
6806 4968
6807 4710
6808 4839
6809 6343
6810 4963
6811 5212
6812 4590
6813 5962
6814 4940
6815 5854
6816 5453
6817 4704
6818 5337
6819 4720
6820 5084
6821 4838
6822 5219
6823 5333
6824 4715
6825 4589
6826 4611
6827 6131
6828 5341
6829 4898
6830 4716
6831 5046
6832 5880
6833 6213
6834 7470
6835 5453
6836 5093
6837 4588
6838 4772
6839 5647
6840 5843
6841 5084
6842 5109
6843 4690
6844 4715
6845 5362
6846 5310
6847 4714
6848 5470
6849 6083
6850 5331
6851 4836
6852 5089
6853 4715
6854 6456
6855 4859
6856 4691
6857 5472
6858 5205
6859 5086
6860 4591
6861 5461
6862 4711
6863 5341
6864 5089
6865 4964
6866 4589
6867 6216
6868 4961
6869 5344
6870 5265
6871 6213
6872 5030
6873 5847
6874 4830
6875 4715
6876 6463
6877 5088
6878 5839
6879 4612
6880 6189
6881 4593
6882 4709
6883 4590
6884 5463
6885 5732
6886 4945
6887 4711
6888 4595
6889 4710
6890 5209
6891 5519
6892 4781
6893 6129
6894 5286
6895 5205
6896 4586
6897 4961
6898 6337
6899 5230
6900 5690
6901 4965
6902 4846
6903 6194
6904 4722
6905 4830
6906 5462
6907 6222
6908 5459
6909 5508
6910 5034
6911 4837
6912 6845
6913 5194
6914 5444
6915 4979
6916 5841
6917 5213
6918 5080
6919 4592
6920 6209
6921 5092
6922 4708
6923 5091
6924 5590
6925 5200
6926 4595
6927 4700
6928 5099
6929 -994367
6930 5412
6931 6579
6932 4589
6933 5082
6934 5341
6935 5834
6936 4841
6937 5838
6938 5835
6939 4589
6940 5397
6941 6155
6942 5346
6943 6008
6944 4650
6945 4853
6946 4925
6947 5331
6948 5093
6949 4716
6950 6534
6951 4762
6952 5095
6953 5450
6954 4578
6955 6841
6956 4956
6957 4839
6958 4838
6959 4963
6960 4828
6961 4771
6962 4832
6963 5089
6964 4724
6965 6700
6966 4958
6967 4712
6968 4747
6969 4687
6970 6455
6971 4595
6972 4980
6973 5072
6974 5082
6975 4967
6976 5084
6977 5157
6978 4894
6979 4841
6980 4833
6981 5217
6982 4832
6983 7089
6984 5470
6985 5706
6986 4585
6987 4962
6988 5098
6989 4951
6990 6087
6991 4498
6992 5937
6993 5077
6994 4855
6995 4898
6996 5136
6997 5090
6998 5339
6999 4588
7000 4587
7001 5839
7002 5505
7003 5053
7004 4581
7005 5469
7006 4844
7007 4568
7008 4713
7009 5234
7010 6447
7011 5081
7012 4841
7013 5079
7014 5093
7015 5705
7016 5345
7017 4453
7018 5218
7019 6496
7020 5176
7021 5196
7022 5085
7023 4946
7024 4699
7025 4700
7026 5332
7027 4701
7028 6343
7029 7344
7030 4682
7031 5085
7032 4947
7033 5221
7034 4818
7035 5052
7036 4705
7037 6066
7038 5346
7039 4946
7040 5960
7041 4833
7042 5077
7043 4838
7044 4705
7045 4835
7046 6384
7047 4656
7048 6020
7049 4656
7050 4609
7051 4696
7052 4834
7053 4828
7054 5343
7055 6582
7056 4574
7057 4727
7058 4941
7059 4577
7060 4942
7061 4783
7062 4653
7063 4829
7064 5025
7065 5549
7066 4678
7067 5267
7068 4771
7069 5824
7070 4960
7071 4953
7072 4584
7073 5231
7074 6626
7075 5017
7076 4962
7077 6230
7078 5189
7079 5075
7080 5198
7081 4965
7082 4694
7083 5971
7084 5324
7085 5149
7086 4881
7087 4487
7088 5938
7089 4588
7090 5322
7091 4968
7092 5811
7093 5464
7094 4599
7095 4686
7096 5076
7097 4495
7098 5103
7099 5199
7100 5217
7101 6773
7102 5449
7103 4834
7104 4963
7105 4581
7106 4893
7107 4901
7108 6085
7109 4584
7110 6087
7111 4960
7112 4583
7113 5082
7114 4960
7115 5209
7116 4585
7117 4835
7118 5593
7119 6951
7120 -994719
7121 5404
7122 5004
7123 5148
7124 4586
7125 5206
7126 4587
7127 4582
7128 7160
7129 5574
7130 4777
7131 5357
7132 5188
7133 5078
7134 4890
7135 5271
7136 5097
7137 6068
7138 4856
7139 4929
7140 5590
7141 4575
7142 5214
7143 5072
7144 5087
7145 4721
7146 6197
7147 5946
7148 4591
7149 4692
7150 5025
7151 6392
7152 4965
7153 4826
7154 4840
7155 5983
7156 5187
7157 5010
7158 4708
7159 4638
7160 5218
7161 4571
7162 5091
7163 5327
7164 7333
7165 4584
7166 6265
7167 5307
7168 5426
7169 4838
7170 4563
7171 5230
7172 4686
7173 5840
7174 5580
7175 4848
7176 6066
7177 5090
7178 4947
7179 5346
7180 4569
7181 4717
7182 5580
7183 5457
7184 4731
7185 4679
7186 6072
7187 4601
7188 4692
7189 4463
7190 4757
7191 6176
7192 4801
7193 5089
7194 4700
7195 5350
7196 4938
7197 5328
7198 4769
7199 5151
7200 5958
7201 5013
7202 4672
7203 4711
7204 4928
7205 4982
7206 5936
7207 4838
7208 5331
7209 6335
7210 4709
7211 4590
7212 5132
7213 4613
7214 4725
7215 4750
7216 5466
7217 4886
7218 6965
7219 5082
7220 4573
7221 5085
7222 5582
7223 5334
7224 4695
7225 4908
7226 5756
7227 5965
7228 4827
7229 4594
7230 5069
7231 4835
7232 4960
7233 4586
7234 4708
7235 5139
7236 4525
7237 6402
7238 5517
7239 5085
7240 4711
7241 4773
7242 4519
7243 4709
7244 4894
7245 4779
7246 7616
7247 4800
7248 4834
7249 4708
7250 4960
7251 4714
7252 5897
7253 4917
7254 5184
7255 6831
7256 5087
7257 4582
7258 5003
7259 4659
7260 4836
7261 4587
7262 4577
7263 5273
7264 4897
7265 7641
7266 5026
7267 5732
7268 4813
7269 5400
7270 4627
7271 4731
7272 5072
7273 6762
7274 5144
7275 5208
7276 4835
7277 4585
7278 5584
7279 5708
7280 4585
7281 5085
7282 5143
7283 5399
7284 4959
7285 5978
7286 4716
7287 4936
7288 5022
7289 4951
7290 4527
7291 5333
7292 5962
7293 4579
7294 4583
7295 5086
7296 5270
7297 5400
7298 4587
7299 5576
7300 4710
7301 5878
7302 4787
7303 4706
7304 4715
7305 6104
7306 4997
7307 4906
7308 4813
7309 5477
7310 5817
7311 5391
7312 -994732
7313 4845
7314 4570
7315 4583
7316 5213
7317 4593
7318 5145
7319 6754
7320 5099
7321 4997
7322 4994
7323 4685
7324 6685
7325 4801
7326 5583
7327 5449
7328 6359
7329 5312
7330 5384
7331 5147
7332 4886
7333 5024
7334 4960
7335 5479
7336 5447
7337 5447
7338 4587
7339 4709
7340 4975
7341 6093
7342 4948
7343 6459
7344 4886
7345 6021
7346 4789
7347 4970
7348 4660
7349 4770
7350 5153
7351 5351
7352 4789
7353 4902
7354 4659
7355 5579
7356 4549
7357 4944
7358 4829
7359 5306
7360 6075
7361 5322
7362 4560
7363 7076
7364 5571
7365 4576
7366 5262
7367 5252
7368 4711
7369 4920
7370 5315
7371 4566
7372 4688
7373 6822
7374 4810
7375 4580
7376 4560
7377 4953
7378 5185
7379 4705
7380 4562
7381 4964
7382 5801
7383 6005
7384 5263
7385 4566
7386 4936
7387 6506
7388 5392
7389 5435
7390 6690
7391 4999
7392 4640
7393 4571
7394 4817
7395 4825
7396 4695
7397 4703
7398 4818
7399 4949
7400 6072
7401 5262
7402 6258
7403 4823
7404 4936
7405 5196
7406 4882
7407 5239
7408 4691
7409 6330
7410 4814
7411 4819
7412 5452
7413 4693
7414 5500
7415 5252
7416 4581
7417 4814
7418 6799
7419 5658
7420 5011
7421 4749
7422 5946
7423 4764
7424 4955
7425 4954
7426 6681
7427 5441
7428 4948
7429 5942
7430 5197
7431 4954
7432 5813
7433 4821
7434 5193
7435 6829
7436 4561
7437 4579
7438 4567
7439 5203
7440 4826
7441 6069
7442 4558
7443 4957
7444 7064
7445 4816
7446 4567
7447 4957
7448 4935
7449 4749
7450 4771
7451 5827
7452 4873
7453 5891
7454 5752
7455 4762
7456 5185
7457 4997
7458 5517
7459 4720
7460 6192
7461 5178
7462 5821
7463 4820
7464 5064
7465 4568
7466 4693
7467 4824
7468 4815
7469 4953
7470 5312
7471 6732
7472 5531
7473 4573
7474 4578
7475 4933
7476 4820
7477 4576
7478 5451
7479 4552
7480 6351
7481 6299
7482 5344
7483 5164
7484 4562
7485 5198
7486 4577
7487 4566
7488 6078
7489 4565
7490 4580
7491 5500
7492 5042
7493 5663
7494 4954
7495 5061
7496 4701
7497 5261
7498 4762
7499 7812
7500 5070
7501 4824
7502 5009
7503 -995361
7504 4937
7505 4701
7506 4955
7507 5105
7508 6027
7509 4569
7510 4805
7511 5587
7512 5732
7513 4665
7514 5398
7515 4868
7516 4697
7517 6326
7518 5067
7519 5689
7520 5199
7521 5276
7522 4868
7523 5445
7524 5202
7525 7103
7526 5298
7527 5032
7528 5580
7529 4967
7530 5302
7531 4949
7532 4715
7533 5158
7534 6533
7535 4646
7536 5205
7537 4797
7538 6452
7539 5074
7540 4571
7541 4697
7542 5095
7543 6300
7544 4950
7545 4821
7546 4815
7547 4705
7548 6311
7549 5448
7550 4884
7551 4635
7552 6188
7553 4833
7554 5069
7555 5313
7556 4691
7557 6921
7558 4973
7559 4937
7560 5953
7561 5686
7562 4579
7563 4691
7564 5577
7565 4686
7566 4702
7567 4687
7568 4866
7569 4527
7570 5313
7571 4591
7572 5179
7573 4571
7574 4572
7575 4572
7576 4754
7577 4997
7578 5822
7579 4688
7580 7380
7581 4632
7582 4568
7583 5386
7584 5785
7585 4645
7586 4706
7587 5210
7588 4964
7589 5460
7590 4779
7591 5144
7592 4845
7593 4682
7594 5174
7595 4645
7596 4715
7597 4705
7598 6712
7599 5591
7600 5252
7601 4664
7602 5336
7603 5587
7604 4592
7605 5208
7606 6286
7607 5765
7608 5582
7609 4706
7610 4591
7611 6122
7612 4921
7613 4952
7614 5724
7615 6579
7616 6185
7617 5018
7618 4671
7619 4953
7620 4833
7621 4769
7622 4659
7623 4953
7624 4957
7625 6392
7626 4774
7627 4464
7628 5330
7629 4959
7630 4461
7631 4722
7632 5201
7633 4826
7634 6962
7635 4585
7636 5968
7637 5208
7638 4828
7639 4710
7640 4586
7641 4708
7642 5463
7643 6523
7644 5026
7645 4583
7646 4584
7647 4965
7648 4583
7649 4590
7650 4711
7651 4717
7652 5329
7653 5962
7654 4714
7655 5216
7656 4587
7657 6580
7658 4587
7659 5101
7660 4942
7661 4957
7662 6217
7663 5455
7664 4835
7665 5349
7666 5123
7667 4535
7668 4829
7669 4832
7670 4963
7671 6528
7672 4512
7673 4715
7674 5085
7675 4462
7676 6004
7677 5292
7678 4712
7679 4959
7680 6087
7681 5151
7682 4879
7683 4737
7684 4832
7685 5211
7686 4977
7687 4713
7688 5096
7689 5755
7690 5648
7691 5085
7692 4715
7693 4958
7694 5213
7695 -994209
7696 6005
7697 4836
7698 6715
7699 6277
7700 4644
7701 4966
7702 5459
7703 5649
7704 5276
7705 4472
7706 4700
7707 7406
7708 5396
7709 5116
7710 5552
7711 4840
7712 4711
7713 4849
7714 4695
7715 8088
7716 6095
7717 5391
7718 6024
7719 4732
7720 5449
7721 4824
7722 5334
7723 5127
7724 6050
7725 5327
7726 5897
7727 4777
7728 4588
7729 4594
7730 4953
7731 4765
7732 4687
7733 5944
7734 5941
7735 4596
7736 5331
7737 5460
7738 5576
7739 5845
7740 4826
7741 7587
7742 5015
7743 4660
7744 4582
7745 4709
7746 4732
7747 4702
7748 5329
7749 4596
7750 5136
7751 6279
7752 4952
7753 6653
7754 4525
7755 5336
7756 4958
7757 4710
7758 4589
7759 5345
7760 5703
7761 4586
7762 5700
7763 5215
7764 5395
7765 4776
7766 5611
7767 4690
7768 4836
7769 6467
7770 4871
7771 5409
7772 4898
7773 6519
7774 4970
7775 4639
7776 4650
7777 4839
7778 6473
7779 4824
7780 4967
7781 4585
7782 4619
7783 5059
7784 4952
7785 4596
7786 4739
7787 6040
7788 5086
7789 4965
7790 4688
7791 4920
7792 4871
7793 5598
7794 4886
7795 5534
7796 6464
7797 5330
7798 4843
7799 5200
7800 4638
7801 4540
7802 4583
7803 4708
7804 5153
7805 6767
7806 4595
7807 4826
7808 4963
7809 5092
7810 5650
7811 4765
7812 5980
7813 4819
7814 5973
7815 5081
7816 4708
7817 4587
7818 4609
7819 4731
7820 5279
7821 4588
7822 4748
7823 4930
7824 6078
7825 6329
7826 4729
7827 5699
7828 5214
7829 4712
7830 4968
7831 4577
7832 7151
7833 4776
7834 4900
7835 4681
7836 4684
7837 4586
7838 4971
7839 4704
7840 4838
7841 4716
7842 6346
7843 4825
7844 4618
7845 4738
7846 5162
7847 4578
7848 4846
7849 5397
7850 4779
7851 6379
7852 6667
7853 5652
7854 4763
7855 4832
7856 4840
7857 5088
7858 4963
7859 5582
7860 5465
7861 5349
7862 5074
7863 4833
7864 5465
7865 4724
7866 4576
7867 4583
7868 4592
7869 4704
7870 5093
7871 5955
7872 6650
7873 5449
7874 4536
7875 4768
7876 5406
7877 4961
7878 4718
7879 4827
7880 5337
7881 4849
7882 4701
7883 5327
7884 5523
7885 4797
7886 -995251
7887 4908
7888 5955
7889 6611
7890 5345
7891 6439
7892 4819
7893 5472
7894 5077
7895 5400
7896 5141
7897 4721
7898 5451
7899 5351
7900 4572
7901 5367
7902 5055
7903 4849
7904 5852
7905 5815
7906 6078
7907 5716
7908 4841
7909 4703
7910 4582
7911 6591
7912 4587
7913 5334
7914 5078
7915 7129
7916 5186
7917 4822
7918 4845
7919 4903
7920 4888
7921 4705
7922 4715
7923 5336
7924 5367
7925 5683
7926 4837
7927 4587
7928 4970
7929 5709
7930 6091
7931 4597
7932 4957
7933 4832
7934 6731
7935 4947
7936 5088
7937 5462
7938 4591
7939 4963
7940 4694
7941 4987
7942 4960
7943 6218
7944 4832
7945 4463
7946 5026
7947 5025
7948 4967
7949 4855
7950 5943
7951 4731
7952 5946
7953 5089
7954 5103
7955 5201
7956 5398
7957 5404
7958 4898
7959 4901
7960 4840
7961 6337
7962 4996
7963 5556
7964 4963
7965 5339
7966 4837
7967 5091
7968 5209
7969 6308
7970 5618
7971 4711
7972 4836
7973 4967
7974 4595
7975 5079
7976 4711
7977 5356
7978 4708
7979 5575
7980 5967
7981 4586
7982 5363
7983 5065
7984 4831
7985 4708
7986 4853
7987 5255
7988 6154
7989 6594
7990 4822
7991 6097
7992 5002
7993 4669
7994 5457
7995 5154
7996 4768
7997 5967
7998 5203
7999 4722
8000 4575
8001 5221
8002 4579
8003 5348
8004 6126
8005 5114
8006 6826
8007 5765
8008 6839
8009 4702
8010 5970
8011 4703
8012 4969
8013 4963
8014 5334
8015 5450
8016 4723
8017 4573
8018 4601
8019 5019
8020 4792
8021 5443
8022 5332
8023 4959
8024 5333
8025 7018
8026 5403
8027 6962
8028 5087
8029 4830
8030 4591
8031 5589
8032 4964
8033 6218
8034 5196
8035 4974
8036 5197
8037 4625
8038 4556
8039 4701
8040 5214
8041 5598
8042 5948
8043 4963
8044 4993
8045 5064
8046 5074
8047 5592
8048 5101
8049 5072
8050 4579
8051 6599
8052 5205
8053 4450
8054 5014
8055 4678
8056 5195
8057 5021
8058 4805
8059 4560
8060 6002
8061 5151
8062 5465
8063 4839
8064 4710
8065 4715
8066 4713
8067 6394
8068 5533
8069 6713
8070 4852
8071 4819
8072 4712
8073 5589
8074 4962
8075 4967
8076 -993912
8077 5336
8078 7340
8079 5265
8080 4652
8081 4963
8082 4949
8083 5230
8084 4714
8085 4712
8086 5695
8087 6542
8088 4905
8089 4713
8090 5183
8091 4617
8092 5218
8093 4709
8094 5091
8095 4587
8096 6589
8097 4835
8098 5464
8099 5213
8100 5906
8101 4645
8102 4717
8103 5515
8104 4779
8105 7583
8106 4975
8107 4579
8108 4714
8109 4463
8110 4714
8111 4586
8112 4587
8113 4589
8114 6338
8115 4725
8116 4702
8117 4714
8118 4766
8119 6037
8120 4841
8121 5710
8122 5588
8123 7212
8124 5839
8125 6214
8126 4964
8127 4570
8128 4607
8129 5089
8130 4837
8131 5465
8132 6337
8133 4772
8134 5469
8135 5462
8136 4647
8137 4850
8138 4740
8139 4922
8140 5214
8141 5612
8142 6379
8143 4898
8144 6765
8145 4908
8146 4711
8147 5215
8148 4587
8149 4829
8150 6841
8151 4838
8152 4731
8153 5074
8154 4708
8155 4588
8156 4715
8157 4842
8158 4585
8159 6464
8160 5225
8161 6142
8162 5276
8163 5084
8164 5591
8165 4643
8166 5902
8167 4589
8168 5968
8169 5585
8170 5963
8171 4964
8172 5357
8173 4753
8174 5525
8175 4836
8176 5908
8177 5645
8178 4965
8179 4982
8180 4814
8181 4964
8182 4966
8183 6971
8184 4703
8185 4961
8186 5965
8187 4966
8188 5137
8189 5031
8190 4962
8191 4722
8192 4575
8193 5282
8194 5962
8195 5034
8196 5573
8197 5464
8198 5833
8199 4844
8200 4585
8201 5212
8202 6346
8203 5208
8204 6709
8205 4588
8206 4720
8207 5078
8208 4586
8209 5340
8210 5263
8211 4660
8212 4729
8213 6698
8214 5242
8215 5056
8216 4965
8217 4711
8218 4972
8219 5204
8220 4837
8221 4781
8222 8156
8223 4721
8224 5199
8225 4706
8226 4608
8227 4690
8228 4712
8229 5466
8230 4721
8231 7393
8232 6021
8233 4733
8234 4941
8235 4839
8236 4693
8237 5271
8238 4679
8239 4825
8240 4713
8241 6977
8242 4826
8243 5078
8244 5222
8245 4980
8246 5941
8247 4578
8248 4722
8249 6582
8250 5098
8251 5067
8252 5496
8253 4682
8254 4706
8255 5649
8256 4904
8257 4722
8258 6142
8259 5899
8260 5212
8261 5658
8262 4644
8263 4711
8264 4588
8265 4589
8266 -995043
8267 7098
8268 4575
8269 4773
8270 4928
8271 5441
8272 5401
8273 4901
8274 4858
8275 4944
8276 6091
8277 7277
8278 4878
8279 5213
8280 7780
8281 4772
8282 4964
8283 5212
8284 7093
8285 4841
8286 4952
8287 5088
8288 5340
8289 4837
8290 4963
8291 5674
8292 5004
8293 5338
8294 5214
8295 4839
8296 4715
8297 5211
8298 5093
8299 6209
8300 5340
8301 4832
8302 4734
8303 6309
8304 4848
8305 4825
8306 4594
8307 5202
8308 4720
8309 5048
8310 4898
8311 5060
8312 7220
8313 5016
8314 4907
8315 4829
8316 5341
8317 5336
8318 4591
8319 5706
8320 5989
8321 5310
8322 4964
8323 5349
8324 5447
8325 5662
8326 4929
8327 4800
8328 5209
8329 5213
8330 6713
8331 5717
8332 5587
8333 5777
8334 5024
8335 4838
8336 4839
8337 5088
8338 6780
8339 6073
8340 4914
8341 5081
8342 5751
8343 4543
8344 4931
8345 5357
8346 4844
8347 6080
8348 5721
8349 4459
8350 4583
8351 4966
8352 4691
8353 5110
8354 4980
8355 4695
8356 7242
8357 6306
8358 4964
8359 4827
8360 5096
8361 4460
8362 4587
8363 4578
8364 4969
8365 4710
8366 5461
8367 4957
8368 4776
8369 4768
8370 5344
8371 4847
8372 4607
8373 5246
8374 4771
8375 6330
8376 5358
8377 6693
8378 5236
8379 5695
8380 4888
8381 5161
8382 4893
8383 5149
8384 5087
8385 4842
8386 4709
8387 4730
8388 5330
8389 5268
8390 5025
8391 4588
8392 4596
8393 5206
8394 4585
8395 4839
8396 4854
8397 5571
8398 6092
8399 4961
8400 4594
8401 4829
8402 5490
8403 5435
8404 4964
8405 5515
8406 5040
8407 5461
8408 5096
8409 4828
8410 5160
8411 5457
8412 5273
8413 4708
8414 4594
8415 5078
8416 7426
8417 4630
8418 4582
8419 4706
8420 4591
8421 5207
8422 4783
8423 5016
8424 4595
8425 5080
8426 5723
8427 4824
8428 4593
8429 4890
8430 6037
8431 4954
8432 5094
8433 4578
8434 4724
8435 5573
8436 5471
8437 6078
8438 5215
8439 5595
8440 5450
8441 4594
8442 5080
8443 4717
8444 5702
8445 4833
8446 5093
8447 4580
8448 6907
8449 5172
8450 4563
8451 4579
8452 4586
8453 6612
8454 4816
8455 5635
8456 -993884
8457 5972
8458 5078
8459 4713
8460 5204
8461 4736
8462 5315
8463 5091
8464 5330
8465 5469
8466 5079
8467 5338
8468 4834
8469 4594
8470 4837
8471 5586
8472 4956
8473 4841
8474 4923
8475 5282
8476 5546
8477 5092
8478 4584
8479 4967
8480 5324
8481 5341
8482 5468
8483 4722
8484 5942
8485 6844
8486 4965
8487 4581
8488 4585
8489 5710
8490 5841
8491 5337
8492 5213
8493 5838
8494 4590
8495 6337
8496 4597
8497 4710
8498 5344
8499 4770
8500 5273
8501 4839
8502 5338
8503 4905
8504 4648
8505 4963
8506 4464
8507 5338
8508 5769
8509 4784
8510 4588
8511 4715
8512 5460
8513 4901
8514 5276
8515 6213
8516 5467
8517 4835
8518 4715
8519 4899
8520 5399
8521 4713
8522 4593
8523 5459
8524 4717
8525 5086
8526 5360
8527 4815
8528 4839
8529 4782
8530 5770
8531 4715
8532 5147
8533 5034
8534 6216
8535 6649
8536 4828
8537 4777
8538 5837
8539 4590
8540 5837
8541 5093
8542 4586
8543 5838
8544 4586
8545 5463
8546 4588
8547 4843
8548 5402
8549 4627
8550 4710
8551 4589
8552 5839
8553 6337
8554 5848
8555 4949
8556 4918
8557 5509
8558 4967
8559 4588
8560 5408
8561 4769
8562 5339
8563 5339
8564 4588
8565 5222
8566 4703
8567 5275
8568 4775
8569 4838
8570 4839
8571 5588
8572 5214
8573 4592
8574 6842
8575 5458
8576 4586
8577 5214
8578 6529
8579 5021
8580 6092
8581 5086
8582 5212
8583 4590
8584 4754
8585 5923
8586 4838
8587 5716
8588 4712
8589 4590
8590 5338
8591 5233
8592 5004
8593 4527
8594 6453
8595 4840
8596 4711
8597 5463
8598 6963
8599 5467
8600 4836
8601 4839
8602 4713
8603 5218
8604 4960
8605 4841
8606 4587
8607 6380
8608 4924
8609 4462
8610 4964
8611 4964
8612 5845
8613 5956
8614 4588
8615 5024
8616 5340
8617 5026
8618 4967
8619 4711
8620 4777
8621 4938
8622 5178
8623 5211
8624 5216
8625 4839
8626 5336
8627 5654
8628 6399
8629 5462
8630 4966
8631 4719
8632 5702
8633 5964
8634 4583
8635 4590
8636 5613
8637 5618
8638 4908
8639 4963
8640 4846
8641 5515
8642 5037
8643 5568
8644 4594
8645 6717
8646 6212
8647 -994853
8648 5152
8649 5271
8650 5278
8651 4714
8652 6460
8653 4838
8654 5906
8655 4767
8656 5658
8657 4631
8658 6154
8659 5182
8660 4806
8661 5369
8662 5177
8663 5963
8664 4589
8665 4594
8666 6454
8667 5967
8668 5372
8669 5051
8670 4684
8671 6608
8672 4839
8673 4711
8674 4963
8675 4961
8676 5714
8677 5340
8678 4589
8679 5964
8680 5838
8681 5466
8682 4835
8683 4717
8684 4962
8685 5335
8686 5211
8687 4590
8688 4721
8689 5013
8690 7035
8691 4701
8692 5465
8693 4709
8694 5340
8695 5094
8696 5206
8697 5279
8698 6020
8699 5234
8700 5935
8701 4838
8702 4840
8703 5589
8704 4830
8705 4587
8706 5846
8707 6329
8708 4969
8709 6962
8710 4577
8711 5831
8712 5335
8713 4999
8714 5873
8715 4770
8716 5955
8717 5588
8718 4964
8719 4835
8720 5587
8721 5344
8722 4837
8723 5709
8724 5711
8725 4585
8726 5129
8727 5661
8728 7150
8729 5271
8730 4718
8731 4583
8732 4713
8733 6250
8734 4427
8735 5087
8736 4968
8737 5888
8738 5157
8739 4965
8740 5088
8741 4589
8742 5840
8743 4842
8744 4587
8745 4583
8746 4963
8747 5464
8748 6976
8749 5073
8750 4962
8751 5200
8752 5329
8753 5088
8754 4479
8755 4710
8756 5513
8757 4901
8758 5337
8759 4712
8760 5712
8761 4968
8762 4856
8763 4706
8764 4692
8765 6093
8766 5084
8767 5090
8768 6094
8769 5772
8770 4897
8771 5210
8772 5160
8773 5014
8774 6623
8775 5180
8776 4841
8777 6084
8778 5489
8779 5631
8780 6401
8781 5209
8782 6339
8783 4711
8784 5858
8785 4818
8786 7406
8787 5648
8788 4587
8789 6663
8790 5763
8791 6020
8792 4532
8793 5642
8794 4782
8795 5405
8796 4644
8797 4589
8798 4712
8799 6216
8800 4587
8801 5220
8802 5327
8803 5088
8804 5215
8805 6344
8806 4709
8807 5270
8808 5587
8809 5030
8810 4578
8811 4715
8812 4836
8813 5463
8814 5214
8815 4905
8816 4521
8817 5092
8818 5337
8819 5468
8820 4583
8821 5212
8822 5338
8823 5334
8824 5087
8825 6215
8826 4706
8827 6588
8828 4714
8829 4587
8830 4956
8831 6462
8832 4965
8833 4719
8834 5330
8835 -994655
8836 5204
8837 5218
8838 4589
8839 5201
8840 5027
8841 4902
8842 4584
8843 5090
8844 5338
8845 5899
8846 5038
8847 5629
8848 5424
8849 4944
8850 5589
8851 4961
8852 5217
8853 4962
8854 6218
8855 5211
8856 4720
8857 5103
8858 5979
8859 5041
8860 5081
8861 4707
8862 4978
8863 5443
8864 6972
8865 6098
8866 4840
8867 6192
8868 4831
8869 4817
8870 5482
8871 5469
8872 4829
8873 4570
8874 5233
8875 4840
8876 6596
8877 4701
8878 5091
8879 5338
8880 6463
8881 5346
8882 4769
8883 5905
8884 4709
8885 5216
8886 4585
8887 4593
8888 4768
8889 4761
8890 5337
8891 5104
8892 4773
8893 4882
8894 5465
8895 5225
8896 5452
8897 4583
8898 4713
8899 5380
8900 5047
8901 4715
8902 4962
8903 6465
8904 4966
8905 4709
8906 4713
8907 4716
8908 5837
8909 5089
8910 5088
8911 4713
8912 4713
8913 5969
8914 5084
8915 4597
8916 4578
8917 5965
8918 4837
8919 4715
8920 4712
8921 4983
8922 5193
8923 8088
8924 4965
8925 5338
8926 5339
8927 5213
8928 4588
8929 4838
8930 5089
8931 5464
8932 4838
8933 4724
8934 4714
8935 6195
8936 5146
8937 4908
8938 5033
8939 5264
8940 6281
8941 4780
8942 6828
8943 4965
8944 6338
8945 5705
8946 6225
8947 5075
8948 5208
8949 4673
8950 4582
8951 5602
8952 5788
8953 5338
8954 4835
8955 5217
8956 4712
8957 6335
8958 4590
8959 4964
8960 4588
8961 7447
8962 4980
8963 4963
8964 5345
8965 4810
8966 5922
8967 4901
8968 5585
8969 5088
8970 6969
8971 4725
8972 4558
8973 5703
8974 5961
8975 5592
8976 4583
8977 4592
8978 4843
8979 6963
8980 6140
8981 4792
8982 4704
8983 5954
8984 4775
8985 4774
8986 4716
8987 4463
8988 6105
8989 5189
8990 4591
8991 4943
8992 6106
8993 5087
8994 4712
8995 4963
8996 4592
8997 6712
8998 5213
8999 6308
9000 4804
9001 6270
9002 4962
9003 4738
9004 4814
9005 4736
9006 5940
9007 5087
9008 4589
9009 4838
9010 7283
9011 4831
9012 4652
9013 4712
9014 4720
9015 5585
9016 5337
9017 4624
9018 4679
9019 7098
9020 4576
9021 5336
9022 4838
9023 4715
9024 6086
9025 -994161
9026 5213
9027 4840
9028 5476
9029 5449
9030 4586
9031 4964
9032 5841
9033 4710
9034 4967
9035 4712
9036 4714
9037 6213
9038 5989
9039 4692
9040 4977
9041 4816
9042 4896
9043 4530
9044 4781
9045 5396
9046 7463
9047 5746
9048 4953
9049 5688
9050 5337
9051 4629
9052 4924
9053 4582
9054 4593
9055 5729
9056 5195
9057 5339
9058 5839
9059 4985
9060 5943
9061 4842
9062 4833
9063 5463
9064 5966
9065 5712
9066 4717
9067 4841
9068 4832
9069 6715
9070 5404
9071 4836
9072 5527
9073 5839
9074 5650
9075 4900
9076 4962
9077 6213
9078 4714
9079 4961
9080 4838
9081 6590
9082 4832
9083 5024
9084 4783
9085 4713
9086 4704
9087 5338
9088 6789
9089 4637
9090 5085
9091 6092
9092 4841
9093 4581
9094 4590
9095 5219
9096 6593
9097 4693
9098 5713
9099 5964
9100 4966
9101 5208
9102 4464
9103 4777
9104 4654
9105 4591
9106 4702
9107 4986
9108 4942
9109 6461
9110 5212
9111 4838
9112 4595
9113 4709
9114 4588
9115 4972
9116 4703
9117 5596
9118 6327
9119 4966
9120 4711
9121 4714
9122 4580
9123 5362
9124 4801
9125 5018
9126 4649
9127 6088
9128 5339
9129 4588
9130 4963
9131 5089
9132 4962
9133 4712
9134 4748
9135 5184
9136 5201
9137 6963
9138 5525
9139 4777
9140 6087
9141 4649
9142 5151
9143 5229
9144 4821
9145 5209
9146 6474
9147 5511
9148 4535
9149 4570
9150 4715
9151 4984
9152 4939
9153 4622
9154 4938
9155 6199
9156 7089
9157 4831
9158 4718
9159 4834
9160 5090
9161 5704
9162 5393
9163 5286
9164 6581
9165 4832
9166 4968
9167 4579
9168 4721
9169 4828
9170 4845
9171 4579
9172 4589
9173 5959
9174 5610
9175 6077
9176 5068
9177 4834
9178 4970
9179 4710
9180 5336
9181 4473
9182 6702
9183 4953
9184 4709
9185 5089
9186 5221
9187 5082
9188 4583
9189 4837
9190 5091
9191 4964
9192 6407
9193 4767
9194 5337
9195 6465
9196 5087
9197 5085
9198 4778
9199 5338
9200 4775
9201 6971
9202 5702
9203 5086
9204 5214
9205 4839
9206 5086
9207 4714
9208 4715
9209 5338
9210 5845
9211 5900
9212 4889
9213 5772
9214 6154
9215 -995161
9216 5482
9217 4816
9218 5269
9219 6464
9220 5161
9221 5082
9222 4585
9223 4840
9224 5962
9225 4646
9226 5030
9227 6400
9228 5445
9229 4927
9230 5147
9231 5900
9232 5084
9233 6270
9234 4905
9235 4953
9236 6716
9237 4898
9238 4778
9239 5514
9240 4527
9241 5147
9242 5028
9243 4587
9244 4721
9245 6249
9246 6105
9247 5519
9248 4583
9249 5273
9250 4792
9251 4947
9252 5245
9253 5668
9254 6589
9255 4716
9256 5524
9257 4910
9258 5455
9259 4832
9260 4829
9261 5795
9262 6130
9263 5839
9264 4833
9265 5846
9266 4862
9267 5430
9268 5077
9269 5469
9270 5253
9271 7542
9272 5246
9273 6186
9274 4584
9275 6183
9276 4489
9277 5955
9278 5213
9279 6965
9280 5202
9281 5105
9282 4572
9283 4588
9284 4967
9285 5333
9286 4900
9287 5022
9288 6840
9289 6767
9290 7091
9291 4686
9292 4946
9293 5237
9294 5101
9295 5573
9296 6421
9297 5329
9298 5288
9299 4822
9300 5164
9301 4950
9302 4968
9303 4703
9304 4595
9305 4708
9306 5845
9307 5082
9308 4720
9309 6084
9310 4726
9311 5448
9312 4602
9313 4825
9314 4989
9315 6060
9316 4955
9317 4953
9318 4874
9319 5174
9320 4848
9321 4954
9322 4784
9323 4872
9324 4838
9325 4713
9326 6492
9327 5251
9328 4784
9329 5827
9330 4590
9331 4839
9332 5111
9333 7189
9334 4583
9335 4718
9336 5584
9337 5088
9338 5343
9339 4981
9340 5193
9341 5211
9342 6590
9343 5338
9344 5531
9345 5019
9346 4839
9347 4967
9348 6336
9349 5242
9350 7685
9351 4715
9352 4959
9353 5215
9354 4587
9355 4621
9356 4555
9357 4965
9358 5464
9359 5963
9360 5090
9361 5220
9362 4831
9363 5341
9364 4579
9365 5284
9366 5640
9367 4594
9368 6329
9369 4587
9370 4966
9371 5080
9372 4962
9373 5216
9374 5704
9375 5093
9376 5205
9377 5964
9378 5709
9379 5095
9380 4577
9381 4984
9382 5189
9383 5967
9384 4838
9385 5209
9386 6717
9387 5961
9388 4589
9389 4587
9390 4599
9391 4842
9392 5173
9393 4608
9394 4713
9395 5715
9396 5215
9397 4963
9398 5589
9399 4588
9400 4589
9401 4717
9402 4960
9403 4835
9404 -994126
9405 6055
9406 5084
9407 5955
9408 4879
9409 4667
9410 5091
9411 4706
9412 4728
9413 4818
9414 5964
9415 5330
9416 4719
9417 5206
9418 4839
9419 4708
9420 4870
9421 4682
9422 5142
9423 7024
9424 4842
9425 6331
9426 6717
9427 5116
9428 4820
9429 4687
9430 4712
9431 5963
9432 4467
9433 5086
9434 6085
9435 4589
9436 5212
9437 4733
9438 4566
9439 4713
9440 4967
9441 6774
9442 5648
9443 5274
9444 4899
9445 4714
9446 6112
9447 4627
9448 4967
9449 6393
9450 5086
9451 5133
9452 5165
9453 5464
9454 5090
9455 4594
9456 4829
9457 5591
9458 6964
9459 4962
9460 4582
9461 4595
9462 4732
9463 5068
9464 4954
9465 4963
9466 5341
9467 6844
9468 4828
9469 4717
9470 5086
9471 5217
9472 4957
9473 5339
9474 5340
9475 4777
9476 6021
9477 4839
9478 5088
9479 4965
9480 4710
9481 5345
9482 5468
9483 4824
9484 5089
9485 5847
9486 6762
9487 4895
9488 5216
9489 5395
9490 5035
9491 4710
9492 4596
9493 4701
9494 5971
9495 5454
9496 4963
9497 4837
9498 4604
9499 5012
9500 6023
9501 4722
9502 4722
9503 4939
9504 6342
9505 5584
9506 4584
9507 5386
9508 5041
9509 4711
9510 5234
9511 5313
9512 4713
9513 6471
9514 4702
9515 4592
9516 5084
9517 4715
9518 4962
9519 4590
9520 5592
9521 4709
9522 5339
9523 5530
9524 6415
9525 5443
9526 4900
9527 4654
9528 4713
9529 4966
9530 4585
9531 6092
9532 5838
9533 4836
9534 5211
9535 4774
9536 5012
9537 5462
9538 4839
9539 4624
9540 5925
9541 6001
9542 4926
9543 5605
9544 6197
9545 4893
9546 4773
9547 4580
9548 4766
9549 6517
9550 5479
9551 4718
9552 5076
9553 4619
9554 4560
9555 4830
9556 4838
9557 4594
9558 4703
9559 5961
9560 4818
9561 4732
9562 4708
9563 5229
9564 6694
9565 4962
9566 4837
9567 4958
9568 6352
9569 5453
9570 5327
9571 4718
9572 4956
9573 5721
9574 5078
9575 4598
9576 6581
9577 6457
9578 5335
9579 4964
9580 4965
9581 4708
9582 4582
9583 5912
9584 5246
9585 4583
9586 6467
9587 4711
9588 4581
9589 4839
9590 4959
9591 4716
9592 4834
9593 4845
9594 5202
9595 -993970
9596 4769
9597 4963
9598 4460
9599 4599
9600 4825
9601 5411
9602 5328
9603 6904
9604 5085
9605 4591
9606 4579
9607 4595
9608 5269
9609 4781
9610 4990
9611 4558
9612 4838
9613 6464
9614 4962
9615 5212
9616 4612
9617 4755
9618 4782
9619 4952
9620 5089
9621 4840
9622 6523
9623 7278
9624 4771
9625 4689
9626 4820
9627 5049
9628 4831
9629 5150
9630 5276
9631 6023
9632 4784
9633 4961
9634 5587
9635 4965
9636 5338
9637 4721
9638 5897
9639 4994
9640 6207
9641 5538
9642 6136
9643 4972
9644 5445
9645 5336
9646 5027
9647 5146
9648 5196
9649 5460
9650 4640
9651 5782
9652 4894
9653 5548
9654 4811
9655 4835
9656 4840
9657 5085
9658 6338
9659 4709
9660 5241
9661 5185
9662 5340
9663 4713
9664 4837
9665 4730
9666 4693
9667 6709
9668 5215
9669 4587
9670 5910
9671 4643
9672 4589
9673 4901
9674 4655
9675 5335
9676 6087
9677 5968
9678 4962
9679 5604
9680 5188
9681 6082
9682 4710
9683 5090
9684 5085
9685 6590
9686 4716
9687 5399
9688 5028
9689 4657
9690 5145
9691 5220
9692 4586
9693 4706
9694 6082
9695 4747
9696 4929
9697 4591
9698 5830
9699 4839
9700 5212
9701 6420
9702 5380
9703 6088
9704 4720
9705 6147
9706 4774
9707 4715
9708 4710
9709 6089
9710 5343
9711 5586
9712 7161
9713 5204
9714 6773
9715 4619
9716 5046
9717 5131
9718 4795
9719 4806
9720 6860
9721 4613
9722 5259
9723 4593
9724 4580
9725 4590
9726 4714
9727 4587
9728 4838
9729 6761
9730 5290
9731 4842
9732 4970
9733 4939
9734 4629
9735 4546
9736 4712
9737 4589
9738 5464
9739 6108
9740 5445
9741 5218
9742 4765
9743 4905
9744 4713
9745 4838
9746 6214
9747 4840
9748 6461
9749 4713
9750 4927
9751 5630
9752 4964
9753 4854
9754 4963
9755 4815
9756 4718
9757 6174
9758 4877
9759 5964
9760 4838
9761 5088
9762 6338
9763 4714
9764 5029
9765 4898
9766 6091
9767 5210
9768 6602
9769 5316
9770 4477
9771 4794
9772 4587
9773 5787
9774 4692
9775 6240
9776 5555
9777 4904
9778 6185
9779 5126
9780 5327
9781 4836
9782 5087
9783 4844
9784 6329
9785 -994845
9786 4772
9787 4967
9788 4953
9789 5088
9790 5106
9791 4696
9792 4585
9793 5965
9794 4960
9795 4777
9796 5021
9797 4777
9798 5649
9799 4737
9800 5060
9801 5283
9802 6468
9803 5323
9804 5024
9805 4894
9806 4915
9807 4831
9808 4716
9809 5703
9810 4848
9811 6142
9812 5271
9813 5467
9814 4463
9815 4708
9816 6037
9817 5016
9818 5711
9819 4709
9820 5839
9821 5212
9822 4903
9823 5521
9824 4884
9825 4665
9826 5218
9827 4965
9828 5318
9829 5973
9830 5177
9831 5001
9832 5846
9833 5392
9834 5163
9835 5079
9836 5854
9837 6761
9838 5521
9839 5086
9840 4965
9841 4591
9842 4713
9843 5877
9844 4547
9845 4738
9846 6007
9847 5646
9848 4965
9849 4712
9850 4713
9851 4467
9852 5085
9853 4594
9854 5330
9855 5091
9856 6083
9857 5721
9858 4828
9859 4712
9860 4714
9861 4593
9862 4581
9863 4576
9864 4599
9865 6346
9866 6521
9867 4768
9868 4588
9869 4840
9870 5026
9871 5144
9872 5089
9873 4840
9874 6084
9875 5286
9876 4785
9877 5446
9878 4707
9879 5338
9880 4714
9881 5588
9882 4586
9883 6339
9884 4977
9885 4766
9886 5035
9887 5318
9888 4467
9889 6955
9890 7207
9891 4848
9892 6460
9893 5573
9894 4944
9895 6197
9896 4625
9897 4701
9898 4963
9899 4989
9900 4948
9901 5577
9902 4780
9903 4722
9904 5552
9905 4522
9906 4589
9907 5218
9908 5099
9909 5258
9910 6407
9911 5329
9912 4586
9913 5716
9914 5215
9915 6338
9916 5026
9917 4528
9918 4711
9919 5590
9920 6271
9921 5782
9922 4588
9923 4710
9924 5593
9925 5961
9926 4998
9927 4931
9928 4703
9929 6462
9930 4710
9931 4587
9932 5464
9933 4830
9934 4738
9935 5550
9936 4833
9937 4842
9938 5476
9939 4695
9940 5339
9941 5457
9942 5335
9943 4588
9944 4838
9945 4976
9946 5190
9947 6721
9948 4837
9949 5961
9950 4719
9951 4579
9952 5341
9953 5211
9954 6220
9955 7079
9956 4838
9957 4644
9958 5785
9959 5079
9960 4589
9961 4724
9962 4953
9963 4832
9964 4898
9965 6798
9966 5124
9967 5774
9968 4465
9969 4597
9970 4954
9971 4962
9972 5232
9973 4827
9974 6764
9975 5153
9976 -995164
9977 5235
9978 4817
9979 4583
9980 4590
9981 5089
9982 5081
9983 5970
9984 5893
9985 4648
9986 4720
9987 5084
9988 4462
9989 4594
9990 4771
9991 4899
9992 6711
9993 6115
9994 4809
9995 4595
9996 5582
9997 5334
9998 4591
9999 4579
