0 76
1 20
2 18
3 18
4 18
5 18
6 18
7 18
8 18
9 17
10 18
11 18
12 18
13 18
14 18
15 17
16 18
17 18
18 17
19 17
20 17
21 17
22 17
23 17
24 21
25 17
26 18
27 17
28 17
29 17
30 18
31 18
32 18
33 17
34 17
35 17
36 17
37 18
38 18
39 17
40 17
41 18
42 17
43 33
44 18
45 19
46 17
47 18
48 17
49 17
50 18
51 17
52 17
53 18
54 17
55 18
56 18
57 17
58 17
59 18
60 18
61 17
62 17
63 17
64 18
65 17
66 17
67 17
68 17
69 18
70 18
71 18
72 18
73 18
74 18
75 17
76 18
77 17
78 17
79 17
80 18
81 18
82 18
83 17
84 17
85 17
86 17
87 17
88 17
89 18
90 18
91 17
92 17
93 17
94 17
95 17
96 17
97 17
98 17
99 17
100 18
101 18
102 17
103 17
104 17
105 18
106 18
107 17
108 17
109 17
110 17
111 17
112 17
113 17
114 18
115 17
116 17
117 17
118 17
119 17
120 17
121 17
122 17
123 18
124 17
125 17
126 17
127 17
128 17
129 17
130 17
131 18
132 17
133 17
134 18
135 17
136 17
137 18
138 17
139 18
140 18
141 18
142 17
143 17
144 17
145 17
146 17
147 17
148 17
149 18
150 17
151 17
152 17
153 17
154 17
155 17
156 17
157 17
158 17
159 17
160 17
161 17
162 18
163 17
164 18
165 17
166 17
167 17
168 17
169 17
170 17
171 17
172 17
173 18
174 17
175 18
176 18
177 17
178 17
179 17
180 17
181 17
182 17
183 17
184 18
185 18
186 18
187 17
188 17
189 17
190 17
191 18
192 17
193 17
194 17
195 17
196 17
197 17
198 17
199 17
200 17
201 17
202 17
203 17
204 17
205 17
206 17
207 17
208 17
209 17
210 18
211 18
212 17
213 18
214 19
215 18
216 19
217 17
218 18
219 19
220 17
221 18
222 17
223 20
224 23
225 20
226 18
227 18
228 18
229 18
230 20
231 20
232 19
233 17
234 18
235 18
236 18
237 19
238 18
239 18
240 20
241 18
242 17
243 17
244 18
245 17
246 19
247 17
248 19
249 19
250 18
251 17
252 18
253 18
254 18
255 19
256 19
257 17
258 18
259 18
260 17
261 17
262 18
263 17
264 17
265 17
266 18
267 18
268 17
269 17
270 18
271 18
272 18
273 18
274 19
275 19
276 19
277 18
278 18
279 17
280 17
281 19
282 18
283 17
284 18
285 17
286 17
287 18
288 17
289 18
290 19
291 18
292 18
293 19
294 18
295 17
296 18
297 19
298 18
299 17
300 18
301 18
302 17
303 17
304 18
305 17
306 17
307 19
308 18
309 19
310 18
311 18
312 18
313 18
314 18
315 17
316 18
317 18
318 17
319 19
320 17
321 18
322 18
323 18
324 18
325 18
326 18
327 18
328 18
329 17
330 19
331 17
332 19
333 18
334 18
335 19
336 18
337 18
338 18
339 19
340 18
341 17
342 19
343 18
344 19
345 18
346 19
347 17
348 18
349 18
350 18
351 18
352 20
353 19
354 18
355 22
356 18
357 20
358 19
359 19
360 18
361 17
362 20
363 18
364 18
365 17
366 21
367 17
368 17
369 17
370 17
371 17
372 17
373 17
374 17
375 18
376 17
377 17
378 17
379 17
380 17
381 17
382 18
383 18
384 18
385 18
386 17
387 17
388 18
389 18
390 17
391 18
392 18
393 17
394 17
395 17
396 17
397 17
398 17
399 33
400 17
401 17
402 18
403 18
404 18
405 18
406 18
407 17
408 17
409 17
410 17
411 17
412 17
413 17
414 17
415 17
416 17
417 17
418 18
419 18
420 17
421 17
422 17
423 18
424 17
425 17
426 17
427 17
428 17
429 17
430 17
431 18
432 18
433 18
434 17
435 17
436 17
437 17
438 17
439 17
440 17
441 18
442 17
443 18
444 17
445 17
446 17
447 17
448 17
449 17
450 17
451 18
452 17
453 17
454 17
455 17
456 17
457 18
458 18
459 17
460 18
461 18
462 17
463 17
464 17
465 17
466 17
467 18
468 17
469 18
470 18
471 17
472 18
473 17
474 17
475 17
476 17
477 17
478 17
479 18
480 17
481 17
482 18
483 18
484 18
485 18
486 17
487 18
488 18
489 17
490 18
491 18
492 17
493 17
494 18
495 17
496 17
497 18
498 17
499 18
500 17
501 18
502 17
503 18
504 18
505 17
506 17
507 17
508 17
509 17
510 17
511 18
512 18
513 17
514 17
515 17
516 17
517 18
518 18
519 18
520 17
521 18
522 17
523 17
524 17
525 17
526 17
527 18
528 18
529 18
530 17
531 17
532 17
533 17
534 17
535 17
536 17
537 17
538 17
539 17
540 17
541 17
542 18
543 18
544 18
545 17
546 17
547 17
548 18
549 17
550 17
551 18
552 18
553 17
554 18
555 17
556 17
557 17
558 17
559 18
560 17
561 17
562 17
563 17
564 17
565 17
566 17
567 17
568 17
569 17
570 17
571 17
572 17
573 17
574 18
575 18
576 18
577 18
578 18
579 18
580 21
581 18
582 17
583 17
584 17
585 17
586 17
587 17
588 17
589 17
590 17
591 17
592 18
593 17
594 17
595 17
596 17
597 18
598 17
599 17
600 17
601 17
602 17
603 17
604 17
605 17
606 17
607 17
608 18
609 18
610 17
611 18
612 18
613 18
614 17
615 17
616 17
617 17
618 17
619 17
620 18
621 18
622 17
623 17
624 17
625 17
626 17
627 17
628 22
629 17
630 17
631 17
632 17
633 18
634 18
635 18
636 18
637 17
638 18
639 17
640 17
641 17
642 17
643 18
644 18
645 18
646 18
647 17
648 17
649 17
650 17
651 17
652 17
653 17
654 17
655 18
656 18
657 17
658 17
659 17
660 18
661 17
662 17
663 17
664 17
665 18
666 17
667 17
668 17
669 17
670 18
671 18
672 18
673 17
674 17
675 17
676 17
677 18
678 17
679 18
680 18
681 18
682 17
683 18
684 17
685 17
686 17
687 17
688 17
689 17
690 17
691 17
692 18
693 18
694 17
695 17
696 17
697 17
698 17
699 17
700 17
701 18
702 18
703 18
704 17
705 18
706 17
707 17
708 18
709 17
710 17
711 17
712 17
713 18
714 17
715 17
716 18
717 17
718 17
719 17
720 17
721 17
722 17
723 18
724 18
725 17
726 17
727 17
728 17
729 17
730 17
731 17
732 18
733 17
734 17
735 17
736 17
737 17
738 17
739 17
740 18
741 18
742 17
743 17
744 17
745 18
746 17
747 17
748 17
749 17
750 17
751 17
752 17
753 17
754 18
755 17
756 17
757 18
758 17
759 17
760 17
761 18
762 254
763 18
764 17
765 17
766 17
767 17
768 17
769 17
770 17
771 18
772 18
773 18
774 18
775 18
776 17
777 17
778 17
779 17
780 17
781 17
782 17
783 17
784 17
785 17
786 17
787 18
788 17
789 17
790 17
791 17
792 17
793 17
794 17
795 17
796 17
797 17
798 17
799 17
800 17
801 17
802 17
803 17
804 17
805 17
806 18
807 17
808 18
809 18
810 17
811 17
812 17
813 17
814 20
815 17
816 18
817 17
818 17
819 17
820 17
821 17
822 17
823 17
824 17
825 17
826 17
827 17
828 17
829 17
830 17
831 18
832 18
833 17
834 17
835 18
836 18
837 17
838 17
839 17
840 17
841 17
842 17
843 17
844 18
845 17
846 17
847 18
848 18
849 17
850 18
851 18
852 18
853 17
854 17
855 17
856 17
857 17
858 18
859 18
860 17
861 18
862 17
863 17
864 17
865 17
866 17
867 17
868 17
869 17
870 17
871 18
872 17
873 18
874 18
875 18
876 17
877 17
878 17
879 17
880 17
881 17
882 17
883 17
884 17
885 17
886 17
887 18
888 17
889 17
890 17
891 18
892 17
893 17
894 17
895 17
896 17
897 17
898 18
899 18
900 18
901 18
902 18
903 18
904 18
905 17
906 17
907 17
908 18
909 18
910 17
911 18
912 18
913 17
914 18
915 18
916 18
917 17
918 17
919 17
920 17
921 18
922 17
923 17
924 17
925 17
926 17
927 17
928 18
929 18
930 18
931 17
932 26
933 17
934 17
935 18
936 18
937 17
938 17
939 17
940 17
941 17
942 17
943 17
944 17
945 17
946 17
947 17
948 17
949 17
950 17
951 17
952 17
953 18
954 18
955 17
956 18
957 18
958 18
959 18
960 17
961 17
962 17
963 17
964 18
965 17
966 17
967 17
968 17
969 17
970 17
971 17
972 17
973 18
974 17
975 17
976 17
977 17
978 17
979 17
980 17
981 17
982 17
983 17
984 17
985 17
986 17
987 17
988 17
989 17
990 17
991 17
992 17
993 17
994 17
995 17
996 18
997 20
998 18
999 17
1000 17
1001 17
1002 17
1003 18
1004 17
1005 17
1006 17
1007 17
1008 17
1009 17
1010 18
1011 17
1012 17
1013 17
1014 17
1015 17
1016 16
1017 17
1018 17
1019 17
1020 17
1021 17
1022 17
1023 18
1024 18
1025 17
1026 17
1027 17
1028 17
1029 18
1030 17
1031 18
1032 17
1033 17
1034 17
1035 17
1036 17
1037 17
1038 17
1039 17
1040 17
1041 17
1042 17
1043 17
1044 17
1045 17
1046 18
1047 17
1048 17
1049 17
1050 17
1051 17
1052 17
1053 17
1054 17
1055 17
1056 17
1057 17
1058 18
1059 17
1060 17
1061 19
1062 17
1063 17
1064 17
1065 17
1066 17
1067 17
1068 18
1069 17
1070 17
1071 17
1072 17
1073 18
1074 17
1075 17
1076 17
1077 18
1078 17
1079 17
1080 17
1081 17
1082 17
1083 17
1084 17
1085 17
1086 17
1087 17
1088 17
1089 17
1090 17
1091 17
1092 17
1093 17
1094 18
1095 18
1096 17
1097 17
1098 17
1099 17
1100 17
1101 17
1102 17
1103 17
1104 17
1105 17
1106 17
1107 17
1108 17
1109 17
1110 17
1111 17
1112 17
1113 17
1114 26
1115 17
1116 17
1117 18
1118 17
1119 17
1120 17
1121 17
1122 17
1123 17
1124 17
1125 19
1126 16
1127 18
1128 18
1129 18
1130 18
1131 18
1132 18
1133 17
1134 17
1135 17
1136 17
1137 18
1138 17
1139 17
1140 17
1141 17
1142 17
1143 17
1144 17
1145 17
1146 17
1147 18
1148 17
1149 17
1150 17
1151 17
1152 17
1153 17
1154 17
1155 17
1156 17
1157 17
1158 17
1159 17
1160 17
1161 17
1162 17
1163 17
1164 17
1165 17
1166 17
1167 17
1168 17
1169 17
1170 17
1171 17
1172 17
1173 17
1174 17
1175 17
1176 17
1177 18
1178 17
1179 17
1180 17
1181 17
1182 17
1183 18
1184 17
1185 17
1186 18
1187 18
1188 18
1189 19
1190 18
1191 17
1192 17
1193 17
1194 17
1195 18
1196 18
1197 17
1198 17
1199 17
1200 17
1201 17
1202 17
1203 17
1204 17
1205 18
1206 17
1207 17
1208 17
1209 17
1210 17
1211 17
1212 17
1213 17
1214 17
1215 17
1216 17
1217 17
1218 17
1219 17
1220 17
1221 17
1222 18
1223 17
1224 17
1225 17
1226 17
1227 17
1228 17
1229 17
1230 17
1231 18
1232 16
1233 17
1234 18
1235 17
1236 17
1237 17
1238 17
1239 17
1240 17
1241 17
1242 17
1243 18
1244 17
1245 17
1246 17
1247 17
1248 17
1249 17
1250 17
1251 17
1252 16
1253 19
1254 17
1255 17
1256 18
1257 18
1258 18
1259 18
1260 17
1261 17
1262 17
1263 17
1264 17
1265 17
1266 17
1267 17
1268 17
1269 17
1270 16
1271 18
1272 17
1273 17
1274 17
1275 17
1276 17
1277 17
1278 17
1279 17
1280 17
1281 17
1282 17
1283 17
1284 17
1285 17
1286 17
1287 18
1288 18
1289 17
1290 17
1291 17
1292 17
1293 17
1294 17
1295 17
1296 26
1297 18
1298 18
1299 17
1300 17
1301 17
1302 17
1303 17
1304 17
1305 17
1306 17
1307 17
1308 17
1309 17
1310 17
1311 17
1312 17
1313 18
1314 17
1315 17
1316 17
1317 19
1318 17
1319 17
1320 17
1321 17
1322 17
1323 17
1324 17
1325 18
1326 17
1327 18
1328 17
1329 17
1330 17
1331 17
1332 17
1333 18
1334 17
1335 17
1336 17
1337 18
1338 17
1339 17
1340 17
1341 17
1342 17
1343 17
1344 17
1345 17
1346 17
1347 17
1348 17
1349 17
1350 17
1351 17
1352 17
1353 17
1354 17
1355 17
1356 17
1357 17
1358 17
1359 17
1360 17
1361 17
1362 18
1363 17
1364 17
1365 17
1366 17
1367 17
1368 17
1369 17
1370 17
1371 17
1372 17
1373 18
1374 18
1375 17
1376 17
1377 17
1378 17
1379 17
1380 17
1381 19
1382 17
1383 17
1384 17
1385 17
1386 17
1387 17
1388 17
1389 17
1390 17
1391 17
1392 17
1393 17
1394 17
1395 17
1396 17
1397 17
1398 17
1399 18
1400 18
1401 17
1402 17
1403 17
1404 17
1405 17
1406 17
1407 17
1408 17
1409 17
1410 17
1411 17
1412 17
1413 17
1414 18
1415 17
1416 17
1417 17
1418 17
1419 17
1420 17
1421 17
1422 17
1423 17
1424 17
1425 17
1426 17
1427 18
1428 17
1429 17
1430 17
1431 16
1432 17
1433 17
1434 17
1435 17
1436 16
1437 18
1438 17
1439 17
1440 17
1441 18
1442 17
1443 17
1444 17
1445 20
1446 17
1447 17
1448 17
1449 17
1450 17
1451 17
1452 16
1453 18
1454 18
1455 17
1456 17
1457 17
1458 17
1459 17
1460 17
1461 17
1462 17
1463 18
1464 17
1465 17
1466 17
1467 17
1468 16
1469 18
1470 17
1471 17
1472 17
1473 17
1474 17
1475 18
1476 17
1477 17
1478 17
1479 18
1480 17
1481 17
1482 17
1483 17
1484 17
1485 18
1486 17
1487 17
1488 17
1489 17
1490 17
1491 17
1492 17
1493 17
1494 17
1495 18
1496 17
1497 17
1498 17
1499 17
1500 17
1501 17
1502 17
1503 17
1504 17
1505 17
1506 17
1507 17
1508 17
1509 19
1510 18
1511 17
1512 17
1513 17
1514 18
1515 18
1516 17
1517 17
1518 17
1519 17
1520 18
1521 18
1522 18
1523 17
1524 17
1525 17
1526 17
1527 18
1528 17
1529 17
1530 17
1531 17
1532 17
1533 17
1534 17
1535 17
1536 17
1537 17
1538 17
1539 16
1540 17
1541 17
1542 17
1543 17
1544 17
1545 17
1546 17
1547 17
1548 17
1549 17
1550 17
1551 17
1552 17
1553 17
1554 17
1555 17
1556 17
1557 17
1558 17
1559 18
1560 17
1561 18
1562 17
1563 17
1564 17
1565 17
1566 17
1567 17
1568 17
1569 17
1570 17
1571 17
1572 17
1573 19
1574 18
1575 17
1576 18
1577 18
1578 17
1579 17
1580 17
1581 17
1582 17
1583 17
1584 17
1585 17
1586 17
1587 18
1588 17
1589 17
1590 17
1591 18
1592 18
1593 17
1594 17
1595 17
1596 18
1597 17
1598 17
1599 17
1600 16
1601 17
1602 17
1603 17
1604 17
1605 17
1606 17
1607 17
1608 18
1609 17
1610 18
1611 17
1612 17
1613 17
1614 17
1615 17
1616 18
1617 17
1618 17
1619 17
1620 17
1621 16
1622 17
1623 17
1624 17
1625 17
1626 17
1627 17
1628 17
1629 17
1630 17
1631 17
1632 17
1633 17
1634 18
1635 17
1636 17
1637 19
1638 18
1639 17
1640 17
1641 17
1642 17
1643 17
1644 17
1645 17
1646 17
1647 17
1648 17
1649 17
1650 17
1651 17
1652 17
1653 17
1654 18
1655 17
1656 17
1657 17
1658 17
1659 17
1660 17
1661 26
1662 17
1663 17
1664 16
1665 17
1666 17
1667 17
1668 17
1669 17
1670 18
1671 17
1672 17
1673 17
1674 17
1675 17
1676 17
1677 17
1678 17
1679 17
1680 17
1681 17
1682 17
1683 17
1684 17
1685 17
1686 18
1687 17
1688 17
1689 17
1690 17
1691 17
1692 17
1693 17
1694 17
1695 18
1696 17
1697 17
1698 17
1699 17
1700 17
1701 20
1702 17
1703 18
1704 17
1705 17
1706 17
1707 17
1708 17
1709 17
1710 17
1711 17
1712 17
1713 17
1714 17
1715 17
1716 17
1717 17
1718 17
1719 17
1720 18
1721 18
1722 18
1723 17
1724 17
1725 17
1726 17
1727 17
1728 17
1729 17
1730 17
1731 17
1732 17
1733 17
1734 17
1735 18
1736 17
1737 17
1738 17
1739 17
1740 17
1741 17
1742 17
1743 17
1744 17
1745 17
1746 17
1747 17
1748 17
1749 17
1750 17
1751 17
1752 17
1753 17
1754 17
1755 17
1756 18
1757 18
1758 17
1759 17
1760 17
1761 17
1762 17
1763 17
1764 17
1765 19
1766 17
1767 17
1768 17
1769 17
1770 16
1771 17
1772 17
1773 17
1774 17
1775 18
1776 17
1777 17
1778 17
1779 17
1780 17
1781 17
1782 17
1783 17
1784 18
1785 18
1786 18
1787 18
1788 17
1789 17
1790 17
1791 17
1792 17
1793 17
1794 17
1795 17
1796 18
1797 17
1798 17
1799 17
1800 17
1801 17
1802 17
1803 17
1804 17
1805 17
1806 17
1807 17
1808 17
1809 17
1810 17
1811 17
1812 17
1813 17
1814 17
1815 17
1816 17
1817 17
1818 17
1819 17
1820 17
1821 17
1822 18
1823 17
1824 17
1825 17
1826 17
1827 17
1828 17
1829 19
1830 17
1831 18
1832 17
1833 17
1834 17
1835 17
1836 17
1837 17
1838 17
1839 17
1840 18
1841 18
1842 18
1843 17
1844 18
1845 18
1846 17
1847 17
1848 17
1849 17
1850 17
1851 18
1852 17
1853 17
1854 17
1855 18
1856 17
1857 17
1858 17
1859 17
1860 17
1861 17
1862 17
1863 17
1864 16
1865 17
1866 17
1867 17
1868 17
1869 17
1870 17
1871 17
1872 17
1873 17
1874 17
1875 17
1876 17
1877 18
1878 18
1879 17
1880 17
1881 17
1882 17
1883 17
1884 17
1885 17
1886 17
1887 17
1888 17
1889 17
1890 17
1891 17
1892 17
1893 19
1894 17
1895 17
1896 17
1897 17
1898 17
1899 18
1900 17
1901 17
1902 17
1903 16
1904 17
1905 17
1906 17
1907 17
1908 17
1909 17
1910 18
1911 18
1912 18
1913 17
1914 17
1915 17
1916 17
1917 17
1918 17
1919 17
1920 17
1921 17
1922 17
1923 17
1924 17
1925 18
1926 17
1927 17
1928 17
1929 17
1930 17
1931 17
1932 17
1933 17
1934 17
1935 17
1936 17
1937 17
1938 17
1939 17
1940 17
1941 17
1942 17
1943 17
1944 17
1945 17
1946 17
1947 17
1948 17
1949 17
1950 17
1951 17
1952 18
1953 17
1954 17
1955 17
1956 17
1957 19
1958 17
1959 17
1960 17
1961 17
1962 17
1963 17
1964 17
1965 17
1966 17
1967 18
1968 17
1969 17
1970 17
1971 17
1972 17
1973 18
1974 17
1975 17
1976 17
1977 17
1978 17
1979 17
1980 17
1981 17
1982 17
1983 17
1984 17
1985 17
1986 17
1987 17
1988 17
1989 17
1990 17
1991 17
1992 17
1993 17
1994 17
1995 18
1996 17
1997 17
1998 17
1999 17
2000 18
2001 17
2002 17
2003 17
2004 17
2005 17
2006 17
2007 17
2008 17
2009 17
2010 21
2011 17
2012 18
2013 17
2014 17
2015 17
2016 17
2017 18
2018 17
2019 17
2020 17
2021 19
2022 17
2023 17
2024 17
2025 17
2026 28
2027 17
2028 17
2029 18
2030 17
2031 17
2032 17
2033 17
2034 17
2035 17
2036 17
2037 17
2038 17
2039 18
2040 17
2041 17
2042 17
2043 17
2044 17
2045 17
2046 17
2047 17
2048 17
2049 18
2050 17
2051 17
2052 17
2053 17
2054 17
2055 17
2056 17
2057 17
2058 18
2059 17
2060 17
2061 17
2062 17
2063 17
2064 17
2065 17
2066 17
2067 17
2068 17
2069 17
2070 17
2071 17
2072 17
2073 17
2074 17
2075 17
2076 17
2077 17
2078 17
2079 17
2080 17
2081 17
2082 17
2083 17
2084 17
2085 19
2086 17
2087 17
2088 18
2089 18
2090 17
2091 17
2092 17
2093 17
2094 17
2095 17
2096 17
2097 17
2098 17
2099 18
2100 17
2101 17
2102 17
2103 17
2104 17
2105 17
2106 17
2107 18
2108 17
2109 17
2110 17
2111 17
2112 17
2113 17
2114 17
2115 17
2116 17
2117 17
2118 17
2119 17
2120 17
2121 17
2122 17
2123 17
2124 17
2125 17
2126 17
2127 17
2128 17
2129 17
2130 17
2131 17
2132 17
2133 17
2134 17
2135 17
2136 17
2137 17
2138 17
2139 17
2140 17
2141 17
2142 17
2143 17
2144 17
2145 18
2146 18
2147 17
2148 17
2149 19
2150 17
2151 17
2152 16
2153 17
2154 17
2155 17
2156 17
2157 17
2158 17
2159 18
2160 17
2161 18
2162 18
2163 17
2164 18
2165 18
2166 17
2167 17
2168 17
2169 17
2170 18
2171 17
2172 17
2173 17
2174 17
2175 17
2176 17
2177 17
2178 17
2179 17
2180 17
2181 17
2182 17
2183 17
2184 18
2185 18
2186 18
2187 17
2188 17
2189 17
2190 18
2191 17
2192 17
2193 17
2194 17
2195 17
2196 17
2197 17
2198 17
2199 17
2200 17
2201 17
2202 17
2203 17
2204 17
2205 17
2206 17
2207 17
2208 174
2209 21
2210 17
2211 17
2212 17
2213 18
2214 18
2215 18
2216 18
2217 17
2218 17
2219 18
2220 17
2221 18
2222 18
2223 17
2224 18
2225 17
2226 17
2227 17
2228 17
2229 17
2230 17
2231 18
2232 17
2233 18
2234 18
2235 18
2236 18
2237 18
2238 17
2239 17
2240 17
2241 18
2242 17
2243 17
2244 17
2245 17
2246 17
2247 18
2248 17
2249 17
2250 18
2251 18
2252 18
2253 18
2254 17
2255 17
2256 17
2257 18
2258 18
2259 17
2260 17
2261 17
2262 17
2263 17
2264 17
2265 17
2266 17
2267 17
2268 17
2269 18
2270 18
2271 17
2272 17
2273 17
2274 17
2275 17
2276 18
2277 18
2278 17
2279 18
2280 17
2281 17
2282 17
2283 17
2284 17
2285 17
2286 17
2287 17
2288 17
2289 17
2290 17
2291 17
2292 17
2293 17
2294 17
2295 17
2296 17
2297 17
2298 18
2299 18
2300 17
2301 18
2302 18
2303 18
2304 17
2305 17
2306 17
2307 17
2308 17
2309 17
2310 17
2311 17
2312 17
2313 17
2314 17
2315 17
2316 17
2317 17
2318 18
2319 17
2320 17
2321 17
2322 17
2323 17
2324 17
2325 17
2326 17
2327 17
2328 17
2329 17
2330 17
2331 17
2332 17
2333 17
2334 17
2335 17
2336 17
2337 17
2338 18
2339 18
2340 17
2341 17
2342 17
2343 17
2344 17
2345 17
2346 17
2347 17
2348 17
2349 18
2350 18
2351 17
2352 17
2353 17
2354 17
2355 18
2356 17
2357 18
2358 17
2359 18
2360 18
2361 17
2362 17
2363 17
2364 17
2365 17
2366 17
2367 18
2368 18
2369 16
2370 17
2371 17
2372 17
2373 17
2374 17
2375 17
2376 17
2377 17
2378 17
2379 17
2380 17
2381 17
2382 17
2383 35
2384 17
2385 17
2386 17
2387 17
2388 18
2389 18
2390 17
2391 18
2392 18
2393 17
2394 17
2395 17
2396 17
2397 17
2398 17
2399 17
2400 17
2401 17
2402 17
2403 17
2404 17
2405 17
2406 17
2407 18
2408 18
2409 18
2410 17
2411 17
2412 17
2413 17
2414 17
2415 17
2416 18
2417 18
2418 17
2419 17
2420 17
2421 17
2422 18
2423 17
2424 17
2425 17
2426 17
2427 17
2428 17
2429 17
2430 17
2431 17
2432 18
2433 17
2434 17
2435 17
2436 17
2437 17
2438 17
2439 17
2440 17
2441 17
2442 17
2443 18
2444 17
2445 17
2446 17
2447 17
2448 17
2449 18
2450 17
2451 17
2452 17
2453 17
2454 18
2455 17
2456 17
2457 18
2458 18
2459 17
2460 18
2461 17
2462 17
2463 17
2464 18
2465 18
2466 17
2467 17
2468 18
2469 17
2470 18
2471 17
2472 17
2473 17
2474 17
2475 17
2476 18
2477 18
2478 17
2479 17
2480 17
2481 18
2482 17
2483 17
2484 18
2485 18
2486 17
2487 17
2488 17
2489 17
2490 17
2491 17
2492 17
2493 18
2494 18
2495 18
2496 18
2497 17
2498 17
2499 17
2500 17
2501 17
2502 17
2503 17
2504 17
2505 17
2506 17
2507 17
2508 17
2509 18
2510 17
2511 18
2512 17
2513 17
2514 17
2515 17
2516 17
2517 17
2518 18
2519 17
2520 17
2521 17
2522 17
2523 17
2524 17
2525 17
2526 17
2527 17
2528 18
2529 17
2530 18
2531 18
2532 17
2533 17
2534 17
2535 17
2536 18
2537 17
2538 18
2539 17
2540 17
2541 17
2542 17
2543 17
2544 18
2545 18
2546 17
2547 17
2548 18
2549 18
2550 17
2551 17
2552 17
2553 17
2554 17
2555 17
2556 17
2557 18
2558 18
2559 17
2560 17
2561 17
2562 17
2563 17
2564 17
2565 25
2566 17
2567 17
2568 17
2569 17
2570 18
2571 18
2572 18
2573 18
2574 18
2575 18
2576 18
2577 18
2578 18
2579 18
2580 17
2581 17
2582 17
2583 17
2584 17
2585 17
2586 18
2587 17
2588 17
2589 17
2590 17
2591 17
2592 17
2593 17
2594 17
2595 17
2596 17
2597 17
2598 17
2599 17
2600 17
2601 18
2602 17
2603 17
2604 17
2605 17
2606 18
2607 18
2608 18
2609 17
2610 18
2611 17
2612 17
2613 17
2614 17
2615 18
2616 17
2617 17
2618 17
2619 17
2620 17
2621 17
2622 17
2623 17
2624 18
2625 18
2626 18
2627 18
2628 17
2629 17
2630 17
2631 17
2632 17
2633 17
2634 17
2635 18
2636 17
2637 17
2638 17
2639 18
2640 17
2641 17
2642 17
2643 17
2644 17
2645 18
2646 18
2647 17
2648 17
2649 18
2650 18
2651 17
2652 18
2653 18
2654 18
2655 17
2656 18
2657 18
2658 17
2659 17
2660 17
2661 17
2662 17
2663 18
2664 17
2665 17
2666 17
2667 17
2668 17
2669 17
2670 18
2671 17
2672 17
2673 17
2674 17
2675 17
2676 17
2677 17
2678 17
2679 17
2680 17
2681 17
2682 17
2683 17
2684 17
2685 18
2686 18
2687 17
2688 17
2689 17
2690 17
2691 17
2692 17
2693 17
2694 17
2695 17
2696 17
2697 18
2698 18
2699 17
2700 17
2701 17
2702 17
2703 17
2704 17
2705 17
2706 18
2707 18
2708 17
2709 17
2710 17
2711 17
2712 17
2713 17
2714 17
2715 17
2716 17
2717 17
2718 17
2719 17
2720 17
2721 17
2722 17
2723 17
2724 17
2725 17
2726 17
2727 17
2728 17
2729 17
2730 17
2731 17
2732 18
2733 17
2734 17
2735 17
2736 18
2737 18
2738 18
2739 17
2740 17
2741 17
2742 18
2743 17
2744 17
2745 17
2746 17
2747 21
2748 17
2749 17
2750 17
2751 17
2752 17
2753 17
2754 17
2755 17
2756 18
2757 17
2758 17
2759 17
2760 17
2761 17
2762 17
2763 18
2764 17
2765 17
2766 18
2767 18
2768 17
2769 17
2770 17
2771 17
2772 16
2773 17
2774 17
2775 17
2776 17
2777 17
2778 17
2779 17
2780 17
2781 17
2782 17
2783 17
2784 17
2785 17
2786 18
2787 18
2788 18
2789 18
2790 17
2791 17
2792 17
2793 17
2794 17
2795 17
2796 17
2797 17
2798 17
2799 18
2800 17
2801 17
2802 17
2803 17
2804 17
2805 17
2806 17
2807 17
2808 17
2809 17
2810 17
2811 17
2812 18
2813 17
2814 17
2815 17
2816 17
2817 17
2818 17
2819 17
2820 17
2821 17
2822 17
2823 17
2824 17
2825 17
2826 17
2827 17
2828 17
2829 17
2830 18
2831 17
2832 17
2833 17
2834 17
2835 17
2836 17
2837 18
2838 18
2839 18
2840 17
2841 17
2842 17
2843 17
2844 17
2845 17
2846 17
2847 17
2848 18
2849 18
2850 18
2851 17
2852 17
2853 17
2854 17
2855 17
2856 18
2857 17
2858 18
2859 18
2860 17
2861 17
2862 17
2863 17
2864 17
2865 17
2866 17
2867 18
2868 18
2869 18
2870 18
2871 18
2872 18
2873 17
2874 17
2875 17
2876 17
2877 17
2878 17
2879 17
2880 17
2881 17
2882 17
2883 17
2884 17
2885 17
2886 17
2887 17
2888 17
2889 18
2890 17
2891 18
2892 17
2893 17
2894 17
2895 17
2896 17
2897 17
2898 17
2899 17
2900 18
2901 18
2902 17
2903 17
2904 17
2905 17
2906 17
2907 17
2908 17
2909 17
2910 17
2911 17
2912 17
2913 18
2914 18
2915 18
2916 18
2917 17
2918 17
2919 18
2920 17
2921 17
2922 17
2923 17
2924 17
2925 17
2926 17
2927 17
2928 17
2929 26
2930 18
2931 17
2932 20
2933 18
2934 17
2935 17
2936 17
2937 18
2938 17
2939 17
2940 17
2941 17
2942 17
2943 17
2944 17
2945 17
2946 17
2947 18
2948 18
2949 17
2950 17
2951 17
2952 18
2953 18
2954 18
2955 17
2956 17
2957 17
2958 17
2959 17
2960 17
2961 17
2962 17
2963 17
2964 17
2965 18
2966 17
2967 18
2968 18
2969 18
2970 18
2971 18
2972 17
2973 17
2974 17
2975 17
2976 18
2977 17
2978 17
2979 17
2980 17
2981 17
2982 17
2983 17
2984 17
2985 17
2986 17
2987 17
2988 18
2989 17
2990 17
2991 18
2992 17
2993 17
2994 17
2995 17
2996 17
2997 18
2998 18
2999 18
3000 18
3001 17
3002 17
3003 17
3004 17
3005 17
3006 17
3007 17
3008 17
3009 18
3010 18
3011 17
3012 17
3013 17
3014 18
3015 17
3016 17
3017 17
3018 17
3019 17
3020 17
3021 18
3022 18
3023 17
3024 17
3025 17
3026 17
3027 17
3028 17
3029 17
3030 17
3031 17
3032 18
3033 18
3034 18
3035 17
3036 17
3037 17
3038 17
3039 17
3040 17
3041 18
3042 17
3043 17
3044 17
3045 17
3046 17
3047 17
3048 17
3049 17
3050 17
3051 17
3052 17
3053 18
3054 17
3055 18
3056 18
3057 18
3058 16
3059 17
3060 17
3061 17
3062 17
3063 17
3064 17
3065 17
3066 17
3067 17
3068 18
3069 17
3070 17
3071 17
3072 17
3073 17
3074 17
3075 17
3076 18
3077 18
3078 18
3079 18
3080 18
3081 17
3082 17
3083 17
3084 17
3085 18
3086 18
3087 18
3088 17
3089 17
3090 18
3091 17
3092 17
3093 17
3094 17
3095 17
3096 17
3097 18
3098 18
3099 17
3100 19
3101 17
3102 17
3103 17
3104 17
3105 17
3106 17
3107 17
3108 17
3109 17
3110 17
3111 18
3112 18
3113 17
3114 17
3115 17
3116 17
3117 17
3118 17
3119 17
3120 17
3121 17
3122 17
3123 18
3124 18
3125 17
3126 17
3127 17
3128 17
3129 17
3130 17
3131 17
3132 18
3133 18
3134 17
3135 17
3136 17
3137 17
3138 17
3139 17
3140 17
3141 17
3142 17
3143 17
3144 18
3145 17
3146 17
3147 17
3148 17
3149 17
3150 17
3151 17
3152 17
3153 17
3154 17
3155 17
3156 17
3157 17
3158 17
3159 18
3160 17
3161 17
3162 17
3163 17
3164 19
3165 17
3166 17
3167 17
3168 17
3169 18
3170 17
3171 17
3172 17
3173 17
3174 17
3175 17
3176 17
3177 17
3178 17
3179 17
3180 17
3181 17
3182 17
3183 18
3184 17
3185 17
3186 17
3187 17
3188 17
3189 17
3190 17
3191 17
3192 17
3193 17
3194 17
3195 17
3196 18
3197 17
3198 17
3199 17
3200 17
3201 18
3202 17
3203 17
3204 17
3205 17
3206 17
3207 17
3208 17
3209 17
3210 17
3211 17
3212 17
3213 17
3214 17
3215 17
3216 17
3217 17
3218 18
3219 17
3220 17
3221 17
3222 17
3223 18
3224 17
3225 17
3226 17
3227 17
3228 19
3229 17
3230 17
3231 17
3232 17
3233 17
3234 17
3235 17
3236 17
3237 17
3238 16
3239 17
3240 17
3241 17
3242 17
3243 18
3244 17
3245 17
3246 17
3247 17
3248 17
3249 18
3250 18
3251 17
3252 17
3253 17
3254 17
3255 17
3256 17
3257 17
3258 17
3259 17
3260 17
3261 17
3262 17
3263 17
3264 17
3265 17
3266 18
3267 17
3268 17
3269 17
3270 17
3271 17
3272 17
3273 17
3274 17
3275 17
3276 17
3277 18
3278 18
3279 17
3280 17
3281 17
3282 17
3283 17
3284 17
3285 18
3286 17
3287 17
3288 17
3289 17
3290 17
3291 17
3292 19
3293 21
3294 17
3295 18
3296 18
3297 17
3298 17
3299 17
3300 17
3301 17
3302 17
3303 18
3304 17
3305 17
3306 17
3307 16
3308 17
3309 17
3310 17
3311 17
3312 17
3313 17
3314 17
3315 17
3316 17
3317 17
3318 17
3319 17
3320 17
3321 17
3322 17
3323 16
3324 17
3325 17
3326 17
3327 17
3328 17
3329 17
3330 17
3331 17
3332 17
3333 17
3334 17
3335 17
3336 17
3337 17
3338 18
3339 17
3340 17
3341 17
3342 18
3343 17
3344 17
3345 17
3346 17
3347 17
3348 17
3349 17
3350 17
3351 17
3352 17
3353 17
3354 17
3355 17
3356 19
3357 17
3358 17
3359 17
3360 17
3361 17
3362 17
3363 17
3364 17
3365 17
3366 17
3367 17
3368 17
3369 17
3370 17
3371 17
3372 17
3373 17
3374 17
3375 17
3376 17
3377 17
3378 18
3379 17
3380 18
3381 18
3382 18
3383 17
3384 17
3385 17
3386 16
3387 17
3388 17
3389 17
3390 17
3391 17
3392 17
3393 17
3394 17
3395 17
3396 17
3397 17
3398 17
3399 17
3400 17
3401 17
3402 17
3403 17
3404 17
3405 17
3406 17
3407 17
3408 17
3409 17
3410 17
3411 17
3412 17
3413 17
3414 17
3415 17
3416 17
3417 17
3418 17
3419 17
3420 19
3421 17
3422 16
3423 17
3424 17
3425 17
3426 18
3427 18
3428 17
3429 17
3430 17
3431 17
3432 18
3433 17
3434 17
3435 17
3436 17
3437 17
3438 17
3439 17
3440 17
3441 17
3442 17
3443 17
3444 17
3445 17
3446 17
3447 17
3448 17
3449 17
3450 17
3451 17
3452 17
3453 17
3454 17
3455 17
3456 17
3457 17
3458 17
3459 17
3460 17
3461 18
3462 17
3463 17
3464 17
3465 17
3466 17
3467 17
3468 17
3469 17
3470 17
3471 17
3472 17
3473 17
3474 17
3475 17
3476 18
3477 17
3478 17
3479 17
3480 17
3481 17
3482 17
3483 17
3484 19
3485 17
3486 17
3487 18
3488 18
3489 18
3490 17
3491 17
3492 17
3493 17
3494 17
3495 17
3496 18
3497 17
3498 17
3499 17
3500 17
3501 17
3502 17
3503 17
3504 17
3505 17
3506 17
3507 17
3508 17
3509 17
3510 17
3511 18
3512 17
3513 17
3514 17
3515 17
3516 17
3517 17
3518 17
3519 17
3520 17
3521 18
3522 17
3523 17
3524 17
3525 18
3526 17
3527 17
3528 17
3529 17
3530 17
3531 17
3532 17
3533 17
3534 17
3535 17
3536 17
3537 17
3538 17
3539 18
3540 17
3541 17
3542 17
3543 17
3544 18
3545 18
3546 18
3547 17
3548 19
3549 17
3550 17
3551 17
3552 17
3553 17
3554 17
3555 18
3556 17
3557 17
3558 17
3559 17
3560 17
3561 17
3562 17
3563 17
3564 17
3565 17
3566 17
3567 17
3568 17
3569 17
3570 17
3571 18
3572 17
3573 17
3574 17
3575 17
3576 17
3577 17
3578 17
3579 17
3580 17
3581 17
3582 17
3583 17
3584 17
3585 17
3586 17
3587 17
3588 17
3589 17
3590 17
3591 17
3592 18
3593 18
3594 18
3595 17
3596 17
3597 17
3598 17
3599 17
3600 17
3601 18
3602 18
3603 17
3604 17
3605 17
3606 17
3607 17
3608 17
3609 17
3610 17
3611 17
3612 19
3613 18
3614 18
3615 17
3616 17
3617 17
3618 17
3619 17
3620 17
3621 17
3622 17
3623 17
3624 17
3625 18
3626 17
3627 18
3628 18
3629 17
3630 18
3631 18
3632 17
3633 17
3634 17
3635 17
3636 17
3637 17
3638 17
3639 17
3640 17
3641 17
3642 17
3643 17
3644 17
3645 17
3646 18
3647 17
3648 17
3649 17
3650 17
3651 17
3652 18
3653 17
3654 17
3655 17
3656 17
3657 17
3658 237
3659 17
3660 17
3661 17
3662 17
3663 17
3664 17
3665 17
3666 17
3667 17
3668 17
3669 17
3670 17
3671 17
3672 17
3673 17
3674 17
3675 17
3676 18
3677 17
3678 17
3679 17
3680 17
3681 18
3682 18
3683 17
3684 17
3685 17
3686 17
3687 17
3688 17
3689 17
3690 17
3691 17
3692 17
3693 17
3694 17
3695 18
3696 17
3697 17
3698 17
3699 17
3700 18
3701 17
3702 17
3703 17
3704 17
3705 17
3706 18
3707 17
3708 17
3709 17
3710 17
3711 17
3712 17
3713 17
3714 17
3715 17
3716 17
3717 18
3718 17
3719 17
3720 17
3721 18
3722 17
3723 17
3724 17
3725 17
3726 18
3727 17
3728 18
3729 18
3730 18
3731 18
3732 18
3733 18
3734 17
3735 17
3736 17
3737 17
3738 17
3739 17
3740 17
3741 17
3742 17
3743 17
3744 17
3745 17
3746 17
3747 18
3748 17
3749 17
3750 17
3751 17
3752 17
3753 17
3754 17
3755 17
3756 18
3757 17
3758 17
3759 17
3760 17
3761 18
3762 17
3763 17
3764 17
3765 17
3766 18
3767 18
3768 18
3769 18
3770 17
3771 17
3772 17
3773 17
3774 17
3775 17
3776 18
3777 17
3778 17
3779 17
3780 17
3781 17
3782 18
3783 17
3784 17
3785 17
3786 17
3787 17
3788 18
3789 18
3790 18
3791 17
3792 17
3793 17
3794 17
3795 17
3796 17
3797 18
3798 18
3799 17
3800 17
3801 17
3802 17
3803 18
3804 18
3805 18
3806 17
3807 17
3808 17
3809 17
3810 17
3811 17
3812 17
3813 17
3814 17
3815 17
3816 17
3817 18
3818 17
3819 17
3820 17
3821 17
3822 17
3823 17
3824 17
3825 17
3826 18
3827 17
3828 17
3829 18
3830 21
3831 17
3832 17
3833 17
3834 17
3835 17
3836 17
3837 17
3838 17
3839 17
3840 17
3841 17
3842 17
3843 17
3844 17
3845 18
3846 17
3847 18
3848 18
3849 17
3850 17
3851 18
3852 18
3853 20
3854 17
3855 17
3856 17
3857 18
3858 17
3859 17
3860 17
3861 18
3862 17
3863 17
3864 17
3865 17
3866 17
3867 17
3868 17
3869 18
3870 18
3871 18
3872 18
3873 17
3874 17
3875 17
3876 17
3877 17
3878 17
3879 18
3880 18
3881 17
3882 17
3883 17
3884 17
3885 17
3886 17
3887 17
3888 17
3889 17
3890 17
3891 17
3892 17
3893 17
3894 17
3895 18
3896 18
3897 18
3898 17
3899 17
3900 17
3901 17
3902 17
3903 17
3904 17
3905 18
3906 17
3907 17
3908 17
3909 17
3910 17
3911 18
3912 18
3913 17
3914 18
3915 18
3916 17
3917 17
3918 17
3919 17
3920 17
3921 17
3922 17
3923 18
3924 17
3925 17
3926 17
3927 17
3928 17
3929 17
3930 17
3931 18
3932 17
3933 17
3934 17
3935 18
3936 17
3937 17
3938 17
3939 17
3940 17
3941 17
3942 17
3943 17
3944 17
3945 17
3946 17
3947 17
3948 17
3949 17
3950 17
3951 17
3952 17
3953 17
3954 18
3955 17
3956 17
3957 17
3958 17
3959 17
3960 17
3961 17
3962 17
3963 17
3964 17
3965 17
3966 17
3967 17
3968 17
3969 17
3970 17
3971 19
3972 17
3973 17
3974 17
3975 17
3976 18
3977 17
3978 17
3979 17
3980 17
3981 17
3982 17
3983 17
3984 18
3985 18
3986 17
3987 17
3988 17
3989 17
3990 17
3991 17
3992 17
3993 18
3994 17
3995 17
3996 17
3997 17
3998 17
3999 17
4000 17
4001 17
4002 17
4003 17
4004 17
4005 17
4006 17
4007 17
4008 17
4009 17
4010 17
4011 17
4012 30
4013 18
4014 17
4015 17
4016 17
4017 18
4018 18
4019 17
4020 17
4021 17
4022 17
4023 17
4024 17
4025 17
4026 17
4027 18
4028 18
4029 17
4030 17
4031 18
4032 17
4033 17
4034 17
4035 19
4036 17
4037 17
4038 16
4039 17
4040 17
4041 17
4042 17
4043 17
4044 17
4045 17
4046 18
4047 16
4048 17
4049 17
4050 17
4051 17
4052 17
4053 18
4054 17
4055 17
4056 17
4057 17
4058 17
4059 17
4060 18
4061 17
4062 17
4063 16
4064 17
4065 17
4066 17
4067 18
4068 17
4069 18
4070 18
4071 17
4072 17
4073 17
4074 17
4075 17
4076 18
4077 17
4078 17
4079 17
4080 17
4081 17
4082 17
4083 17
4084 17
4085 18
4086 18
4087 17
4088 17
4089 17
4090 17
4091 17
4092 17
4093 17
4094 18
4095 17
4096 18
4097 17
4098 18
4099 19
4100 18
4101 18
4102 17
4103 17
4104 17
4105 17
4106 17
4107 17
4108 17
4109 18
4110 17
4111 18
4112 18
4113 18
4114 18
4115 17
4116 17
4117 17
4118 18
4119 17
4120 17
4121 17
4122 16
4123 18
4124 17
4125 18
4126 18
4127 18
4128 18
4129 17
4130 17
4131 17
4132 17
4133 17
4134 17
4135 17
4136 17
4137 17
4138 17
4139 17
4140 17
4141 17
4142 17
4143 17
4144 17
4145 18
4146 17
4147 18
4148 17
4149 17
4150 17
4151 17
4152 17
4153 18
4154 17
4155 17
4156 17
4157 17
4158 17
4159 18
4160 17
4161 17
4162 18
4163 19
4164 17
4165 17
4166 17
4167 17
4168 17
4169 17
4170 17
4171 17
4172 17
4173 17
4174 17
4175 17
4176 17
4177 17
4178 17
4179 17
4180 17
4181 17
4182 17
4183 17
4184 17
4185 17
4186 18
4187 17
4188 17
4189 17
4190 17
4191 17
4192 18
4193 17
4194 20
4195 17
4196 17
4197 17
4198 17
4199 17
4200 17
4201 17
4202 18
4203 17
4204 17
4205 17
4206 17
4207 17
4208 17
4209 17
4210 17
4211 17
4212 17
4213 18
4214 17
4215 17
4216 17
4217 17
4218 17
4219 17
4220 17
4221 17
4222 17
4223 17
4224 17
4225 17
4226 17
4227 19
4228 17
4229 17
4230 17
4231 17
4232 18
4233 18
4234 17
4235 17
4236 17
4237 17
4238 17
4239 18
4240 17
4241 17
4242 17
4243 17
4244 18
4245 17
4246 17
4247 17
4248 17
4249 17
4250 17
4251 17
4252 17
4253 17
4254 17
4255 17
4256 17
4257 17
4258 17
4259 17
4260 17
4261 17
4262 17
4263 17
4264 17
4265 17
4266 17
4267 17
4268 17
4269 17
4270 17
4271 18
4272 17
4273 17
4274 17
4275 17
4276 17
4277 17
4278 17
4279 18
4280 17
4281 17
4282 17
4283 17
4284 17
4285 17
4286 17
4287 17
4288 17
4289 17
4290 17
4291 19
4292 18
4293 18
4294 17
4295 17
4296 17
4297 17
4298 17
4299 17
4300 18
4301 18
4302 17
4303 17
4304 17
4305 17
4306 17
4307 17
4308 17
4309 17
4310 17
4311 17
4312 17
4313 18
4314 17
4315 17
4316 17
4317 17
4318 17
4319 17
4320 17
4321 17
4322 18
4323 17
4324 17
4325 17
4326 17
4327 17
4328 17
4329 17
4330 17
4331 17
4332 18
4333 17
4334 17
4335 17
4336 17
4337 17
4338 17
4339 18
4340 17
4341 18
4342 18
4343 17
4344 17
4345 17
4346 17
4347 17
4348 17
4349 17
4350 17
4351 17
4352 18
4353 17
4354 18
4355 20
4356 17
4357 17
4358 17
4359 17
4360 17
4361 18
4362 17
4363 18
4364 18
4365 17
4366 18
4367 17
4368 17
4369 17
4370 17
4371 17
4372 17
4373 17
4374 17
4375 17
4376 17
4377 18
4378 17
4379 17
4380 17
4381 17
4382 17
4383 17
4384 17
4385 17
4386 17
4387 17
4388 17
4389 18
4390 18
4391 17
4392 17
4393 17
4394 17
4395 17
4396 17
4397 18
4398 17
4399 18
4400 18
4401 18
4402 17
4403 17
4404 17
4405 17
4406 17
4407 17
4408 18
4409 17
4410 17
4411 17
4412 18
4413 18
4414 17
4415 17
4416 18
4417 18
4418 17
4419 19
4420 17
4421 17
4422 17
4423 18
4424 17
4425 17
4426 17
4427 17
4428 17
4429 17
4430 17
4431 17
4432 17
4433 17
4434 17
4435 17
4436 17
4437 17
4438 17
4439 17
4440 17
4441 17
4442 17
4443 17
4444 17
4445 17
4446 17
4447 17
4448 17
4449 17
4450 17
4451 17
4452 17
4453 17
4454 18
4455 18
4456 17
4457 17
4458 17
4459 17
4460 17
4461 17
4462 17
4463 17
4464 17
4465 17
4466 17
4467 17
4468 17
4469 17
4470 17
4471 17
4472 18
4473 17
4474 17
4475 17
4476 17
4477 17
4478 17
4479 18
4480 17
4481 17
4482 17
4483 19
4484 17
4485 17
4486 17
4487 17
4488 17
4489 18
4490 18
4491 17
4492 17
4493 17
4494 17
4495 17
4496 17
4497 18
4498 17
4499 17
4500 17
4501 17
4502 17
4503 17
4504 17
4505 18
4506 17
4507 17
4508 17
4509 17
4510 17
4511 17
4512 17
4513 17
4514 17
4515 17
4516 17
4517 17
4518 17
4519 17
4520 17
4521 17
4522 17
4523 17
4524 17
4525 17
4526 17
4527 17
4528 17
4529 17
4530 17
4531 17
4532 17
4533 17
4534 17
4535 17
4536 18
4537 17
4538 17
4539 17
4540 17
4541 17
4542 17
4543 17
4544 17
4545 18
4546 17
4547 19
4548 17
4549 17
4550 17
4551 17
4552 17
4553 17
4554 17
4555 17
4556 18
4557 17
4558 25
4559 18
4560 17
4561 17
4562 17
4563 17
4564 17
4565 18
4566 17
4567 17
4568 18
4569 17
4570 17
4571 17
4572 17
4573 17
4574 17
4575 17
4576 18
4577 17
4578 17
4579 17
4580 17
4581 17
4582 17
4583 17
4584 18
4585 17
4586 17
4587 17
4588 17
4589 17
4590 17
4591 17
4592 17
4593 17
4594 17
4595 17
4596 17
4597 17
4598 17
4599 17
4600 17
4601 17
4602 17
4603 17
4604 17
4605 17
4606 17
4607 18
4608 17
4609 17
4610 17
4611 19
4612 17
4613 17
4614 17
4615 17
4616 16
4617 17
4618 17
4619 17
4620 17
4621 17
4622 18
4623 18
4624 17
4625 17
4626 17
4627 18
4628 18
4629 17
4630 17
4631 17
4632 17
4633 18
4634 17
4635 17
4636 17
4637 17
4638 17
4639 17
4640 17
4641 17
4642 17
4643 17
4644 17
4645 17
4646 17
4647 17
4648 17
4649 17
4650 17
4651 17
4652 17
4653 17
4654 17
4655 17
4656 17
4657 17
4658 18
4659 17
4660 17
4661 17
4662 17
4663 17
4664 17
4665 17
4666 17
4667 17
4668 17
4669 17
4670 17
4671 17
4672 17
4673 18
4674 17
4675 19
4676 17
4677 17
4678 17
4679 18
4680 17
4681 17
4682 17
4683 17
4684 17
4685 17
4686 17
4687 17
4688 17
4689 17
4690 17
4691 17
4692 17
4693 17
4694 17
4695 17
4696 17
4697 18
4698 17
4699 17
4700 17
4701 17
4702 17
4703 17
4704 17
4705 17
4706 18
4707 17
4708 17
4709 17
4710 17
4711 17
4712 17
4713 17
4714 18
4715 18
4716 17
4717 17
4718 17
4719 18
4720 17
4721 17
4722 17
4723 17
4724 18
4725 17
4726 17
4727 17
4728 17
4729 17
4730 18
4731 17
4732 17
4733 17
4734 17
4735 17
4736 17
4737 17
4738 17
4739 20
4740 17
4741 21
4742 17
4743 17
4744 17
4745 17
4746 17
4747 18
4748 18
4749 18
4750 17
4751 17
4752 17
4753 17
4754 17
4755 17
4756 17
4757 18
4758 17
4759 17
4760 17
4761 17
4762 17
4763 17
4764 18
4765 18
4766 18
4767 18
4768 17
4769 17
4770 17
4771 17
4772 17
4773 17
4774 17
4775 17
4776 17
4777 17
4778 17
4779 17
4780 17
4781 17
4782 17
4783 17
4784 17
4785 17
4786 18
4787 18
4788 18
4789 18
4790 18
4791 17
4792 17
4793 17
4794 17
4795 17
4796 18
4797 17
4798 17
4799 17
4800 17
4801 17
4802 17
4803 19
4804 17
4805 17
4806 18
4807 18
4808 18
4809 18
4810 18
4811 17
4812 17
4813 17
4814 17
4815 17
4816 17
4817 17
4818 17
4819 17
4820 17
4821 17
4822 17
4823 17
4824 18
4825 18
4826 18
4827 17
4828 17
4829 17
4830 17
4831 17
4832 17
4833 17
4834 17
4835 18
4836 18
4837 18
4838 17
4839 17
4840 18
4841 17
4842 17
4843 17
4844 17
4845 17
4846 18
4847 18
4848 18
4849 17
4850 17
4851 17
4852 17
4853 17
4854 17
4855 17
4856 17
4857 17
4858 17
4859 17
4860 17
4861 17
4862 17
4863 18
4864 18
4865 18
4866 18
4867 19
4868 17
4869 18
4870 17
4871 18
4872 17
4873 17
4874 17
4875 17
4876 17
4877 18
4878 17
4879 17
4880 17
4881 17
4882 17
4883 17
4884 17
4885 17
4886 17
4887 17
4888 17
4889 18
4890 17
4891 17
4892 17
4893 17
4894 17
4895 17
4896 18
4897 17
4898 17
4899 17
4900 17
4901 17
4902 17
4903 17
4904 17
4905 17
4906 17
4907 17
4908 17
4909 17
4910 17
4911 17
4912 17
4913 17
4914 16
4915 17
4916 17
4917 17
4918 16
4919 17
4920 17
4921 17
4922 17
4923 25
4924 18
4925 17
4926 17
4927 17
4928 17
4929 17
4930 17
4931 19
4932 17
4933 17
4934 17
4935 17
4936 17
4937 17
4938 18
4939 18
4940 17
4941 17
4942 17
4943 17
4944 17
4945 17
4946 17
4947 17
4948 17
4949 17
4950 17
4951 17
4952 17
4953 17
4954 17
4955 17
4956 17
4957 17
4958 17
4959 17
4960 17
4961 17
4962 17
4963 17
4964 17
4965 17
4966 17
4967 17
4968 17
4969 17
4970 17
4971 17
4972 18
4973 17
4974 17
4975 17
4976 17
4977 17
4978 17
4979 17
4980 17
4981 17
4982 17
4983 17
4984 16
4985 17
4986 17
4987 17
4988 17
4989 17
4990 17
4991 17
4992 17
4993 18
4994 17
4995 19
4996 17
4997 17
4998 17
4999 18
5000 17
5001 17
5002 17
5003 17
5004 17
5005 17
5006 17
5007 17
5008 17
5009 17
5010 17
5011 17
5012 17
5013 17
5014 17
5015 18
5016 17
5017 17
5018 17
5019 17
5020 17
5021 17
5022 17
5023 17
5024 17
5025 17
5026 18
5027 17
5028 17
5029 17
5030 18
5031 17
5032 17
5033 17
5034 17
5035 17
5036 17
5037 17
5038 17
5039 17
5040 17
5041 18
5042 17
5043 17
5044 17
5045 17
5046 17
5047 17
5048 17
5049 17
5050 17
5051 17
5052 17
5053 17
5054 17
5055 17
5056 17
5057 17
5058 17
5059 18
5060 17
5061 18
5062 18
5063 18
5064 17
5065 17
5066 17
5067 17
5068 17
5069 17
5070 17
5071 18
5072 18
5073 18
5074 18
5075 17
5076 18
5077 17
5078 17
5079 17
5080 17
5081 17
5082 17
5083 17
5084 17
5085 17
5086 17
5087 18
5088 17
5089 17
5090 17
5091 17
5092 17
5093 17
5094 17
5095 17
5096 17
5097 17
5098 17
5099 17
5100 17
5101 17
5102 17
5103 17
5104 17
5105 243
5106 23
5107 17
5108 17
5109 17
5110 18
5111 17
5112 17
5113 17
5114 17
5115 16
5116 17
5117 17
5118 17
5119 17
5120 17
5121 17
5122 17
5123 17
5124 17
5125 17
5126 17
5127 17
5128 18
5129 17
5130 18
5131 18
5132 18
5133 18
5134 18
5135 18
5136 17
5137 17
5138 17
5139 17
5140 17
5141 17
5142 17
5143 17
5144 17
5145 18
5146 18
5147 18
5148 17
5149 17
5150 17
5151 17
5152 17
5153 17
5154 17
5155 17
5156 17
5157 18
5158 17
5159 17
5160 17
5161 17
5162 17
5163 17
5164 17
5165 17
5166 17
5167 17
5168 17
5169 18
5170 18
5171 17
5172 18
5173 17
5174 17
5175 17
5176 17
5177 17
5178 17
5179 17
5180 17
5181 17
5182 17
5183 18
5184 17
5185 17
5186 17
5187 17
5188 17
5189 17
5190 17
5191 18
5192 18
5193 18
5194 17
5195 17
5196 17
5197 17
5198 17
5199 17
5200 17
5201 17
5202 17
5203 17
5204 18
5205 17
5206 17
5207 17
5208 17
5209 18
5210 17
5211 17
5212 17
5213 17
5214 17
5215 17
5216 17
5217 17
5218 17
5219 18
5220 18
5221 18
5222 18
5223 17
5224 17
5225 17
5226 17
5227 17
5228 17
5229 17
5230 17
5231 17
5232 17
5233 17
5234 17
5235 17
5236 17
5237 17
5238 17
5239 17
5240 17
5241 17
5242 17
5243 17
5244 17
5245 17
5246 18
5247 17
5248 17
5249 17
5250 17
5251 17
5252 17
5253 17
5254 17
5255 18
5256 18
5257 17
5258 18
5259 18
5260 17
5261 17
5262 17
5263 17
5264 17
5265 17
5266 17
5267 17
5268 18
5269 18
5270 18
5271 17
5272 18
5273 18
5274 17
5275 17
5276 17
5277 28
5278 17
5279 17
5280 17
5281 17
5282 17
5283 17
5284 17
5285 18
5286 18
5287 18
5288 17
5289 17
5290 17
5291 17
5292 17
5293 17
5294 17
5295 17
5296 17
5297 18
5298 17
5299 17
5300 18
5301 18
5302 17
5303 17
5304 18
5305 18
5306 17
5307 17
5308 17
5309 17
5310 17
5311 17
5312 17
5313 17
5314 17
5315 17
5316 17
5317 17
5318 17
5319 17
5320 17
5321 17
5322 17
5323 17
5324 17
5325 17
5326 18
5327 17
5328 17
5329 17
5330 17
5331 17
5332 17
5333 17
5334 18
5335 17
5336 17
5337 17
5338 17
5339 17
5340 17
5341 17
5342 17
5343 17
5344 17
5345 17
5346 17
5347 17
5348 17
5349 17
5350 17
5351 17
5352 18
5353 17
5354 18
5355 17
5356 17
5357 17
5358 17
5359 17
5360 17
5361 17
5362 17
5363 17
5364 17
5365 17
5366 17
5367 17
5368 17
5369 18
5370 17
5371 18
5372 18
5373 17
5374 17
5375 17
5376 17
5377 17
5378 17
5379 17
5380 17
5381 17
5382 18
5383 18
5384 18
5385 17
5386 17
5387 18
5388 17
5389 17
5390 17
5391 17
5392 17
5393 17
5394 17
5395 18
5396 18
5397 17
5398 18
5399 18
5400 17
5401 18
5402 18
5403 17
5404 18
5405 17
5406 17
5407 17
5408 17
5409 17
5410 17
5411 17
5412 17
5413 17
5414 17
5415 17
5416 17
5417 17
5418 18
5419 17
5420 17
5421 17
5422 18
5423 17
5424 17
5425 17
5426 17
5427 17
5428 17
5429 17
5430 17
5431 17
5432 17
5433 17
5434 18
5435 17
5436 17
5437 17
5438 17
5439 17
5440 17
5441 17
5442 17
5443 17
5444 17
5445 17
5446 17
5447 17
5448 17
5449 17
5450 17
5451 17
5452 18
5453 18
5454 17
5455 17
5456 17
5457 17
5458 17
5459 21
5460 17
5461 17
5462 17
5463 17
5464 17
5465 17
5466 17
5467 17
5468 17
5469 17
5470 17
5471 17
5472 17
5473 17
5474 17
5475 17
5476 17
5477 17
5478 17
5479 17
5480 17
5481 17
5482 17
5483 18
5484 18
5485 18
5486 18
5487 18
5488 17
5489 17
5490 17
5491 17
5492 17
5493 17
5494 18
5495 17
5496 17
5497 17
5498 17
5499 17
5500 17
5501 17
5502 17
5503 17
5504 17
5505 17
5506 17
5507 17
5508 17
5509 17
5510 18
5511 17
5512 17
5513 18
5514 17
5515 17
5516 18
5517 18
5518 17
5519 17
5520 17
5521 17
5522 18
5523 18
5524 17
5525 17
5526 17
5527 17
5528 17
5529 17
5530 17
5531 17
5532 17
5533 17
5534 18
5535 18
5536 17
5537 17
5538 17
5539 17
5540 17
5541 17
5542 17
5543 18
5544 17
5545 17
5546 17
5547 17
5548 17
5549 17
5550 17
5551 17
5552 17
5553 17
5554 18
5555 17
5556 17
5557 17
5558 17
5559 17
5560 17
5561 18
5562 18
5563 17
5564 17
5565 17
5566 17
5567 18
5568 17
5569 17
5570 17
5571 17
5572 17
5573 17
5574 17
5575 17
5576 17
5577 17
5578 17
5579 17
5580 17
5581 18
5582 18
5583 17
5584 17
5585 17
5586 17
5587 17
5588 17
5589 17
5590 17
5591 17
5592 17
5593 17
5594 17
5595 17
5596 18
5597 17
5598 18
5599 18
5600 18
5601 18
5602 18
5603 17
5604 17
5605 17
5606 17
5607 17
5608 17
5609 17
5610 17
5611 17
5612 17
5613 17
5614 17
5615 17
5616 17
5617 17
5618 17
5619 17
5620 17
5621 17
5622 18
5623 17
5624 17
5625 17
5626 17
5627 17
5628 18
5629 17
5630 18
5631 18
5632 17
5633 17
5634 17
5635 17
5636 17
5637 17
5638 17
5639 18
5640 17
5641 27
5642 17
5643 17
5644 17
5645 18
5646 17
5647 17
5648 17
5649 17
5650 17
5651 17
5652 17
5653 17
5654 17
5655 17
5656 17
5657 17
5658 17
5659 17
5660 17
5661 17
5662 17
5663 17
5664 17
5665 17
5666 17
5667 18
5668 18
5669 18
5670 18
5671 17
5672 17
5673 17
5674 17
5675 17
5676 17
5677 17
5678 17
5679 17
5680 17
5681 17
5682 17
5683 17
5684 17
5685 17
5686 17
5687 17
5688 17
5689 17
5690 17
5691 17
5692 17
5693 17
5694 17
5695 17
5696 17
5697 17
5698 17
5699 17
5700 17
5701 17
5702 17
5703 17
5704 17
5705 17
5706 17
5707 17
5708 17
5709 17
5710 17
5711 17
5712 17
5713 18
5714 17
5715 17
5716 17
5717 17
5718 17
5719 18
5720 17
5721 17
5722 17
5723 17
5724 18
5725 18
5726 18
5727 18
5728 17
5729 18
5730 18
5731 17
5732 17
5733 17
5734 17
5735 18
5736 18
5737 19
5738 18
5739 18
5740 19
5741 18
5742 19
5743 18
5744 18
5745 22
5746 18
5747 18
5748 19
5749 19
5750 20
5751 19
5752 18
5753 18
5754 18
5755 17
5756 36
5757 20
5758 18
5759 17
5760 18
5761 18
5762 18
5763 18
5764 17
5765 17
5766 18
5767 20
5768 20
5769 18
5770 17
5771 17
5772 17
5773 18
5774 19
5775 18
5776 18
5777 28
5778 18
5779 18
5780 17
5781 18
5782 18
5783 18
5784 17
5785 18
5786 17
5787 17
5788 18
5789 18
5790 18
5791 18
5792 17
5793 18
5794 18
5795 18
5796 17
5797 17
5798 17
5799 18
5800 18
5801 18
5802 18
5803 18
5804 18
5805 18
5806 17
5807 18
5808 18
5809 17
5810 18
5811 18
5812 17
5813 18
5814 17
5815 18
5816 17
5817 17
5818 29
5819 18
5820 18
5821 18
5822 17
5823 18
5824 17
5825 18
5826 18
5827 17
5828 18
5829 18
5830 17
5831 18
5832 17
5833 18
5834 18
5835 18
5836 17
5837 17
5838 18
5839 18
5840 18
5841 18
5842 18
5843 17
5844 17
5845 18
5846 17
5847 17
5848 17
5849 17
5850 18
5851 18
5852 17
5853 18
5854 17
5855 18
5856 18
5857 19
5858 18
5859 17
5860 18
5861 19
5862 17
5863 17
5864 17
5865 17
5866 17
5867 17
5868 17
5869 18
5870 17
5871 28
5872 18
5873 18
5874 18
5875 18
5876 17
5877 17
5878 17
5879 17
5880 17
5881 18
5882 18
5883 19
5884 18
5885 18
5886 17
5887 17
5888 17
5889 17
5890 18
5891 17
5892 17
5893 27
5894 18
5895 17
5896 17
5897 17
5898 17
5899 17
5900 17
5901 17
5902 17
5903 17
5904 17
5905 17
5906 17
5907 18
5908 17
5909 17
5910 17
5911 17
5912 17
5913 17
5914 17
5915 17
5916 18
5917 18
5918 18
5919 19
5920 17
5921 17
5922 17
5923 17
5924 18
5925 18
5926 17
5927 18
5928 19
5929 18
5930 17
5931 17
5932 17
5933 17
5934 17
5935 17
5936 18
5937 18
5938 19
5939 19
5940 18
5941 19
5942 18
5943 18
5944 17
5945 17
5946 17
5947 17
5948 17
5949 18
5950 20
5951 18
5952 17
5953 17
5954 17
5955 17
5956 18
5957 18
5958 18
5959 17
5960 17
5961 17
5962 17
5963 17
5964 17
5965 17
5966 18
5967 18
5968 18
5969 18
5970 17
5971 17
5972 17
5973 17
5974 17
5975 17
5976 17
5977 17
5978 17
5979 17
5980 17
5981 17
5982 17
5983 17
5984 18
5985 17
5986 17
5987 17
5988 17
5989 19
5990 17
5991 18
5992 18
5993 17
5994 17
5995 18
5996 18
5997 22
5998 17
5999 18
6000 18
6001 17
6002 17
6003 18
6004 17
6005 18
6006 18
6007 18
6008 18
6009 17
6010 17
6011 17
6012 17
6013 18
6014 18
6015 18
6016 17
6017 18
6018 17
6019 17
6020 17
6021 17
6022 18
6023 19
6024 18
6025 18
6026 17
6027 17
6028 17
6029 17
6030 17
6031 17
6032 16
6033 17
6034 17
6035 17
6036 17
6037 17
6038 17
6039 18
6040 19
6041 18
6042 17
6043 17
6044 17
6045 18
6046 18
6047 18
6048 17
6049 17
6050 17
6051 18
6052 18
6053 17
6054 17
6055 17
6056 17
6057 17
6058 17
6059 18
6060 20
6061 17
6062 17
6063 17
6064 17
6065 17
6066 17
6067 17
6068 19
6069 17
6070 18
6071 17
6072 17
6073 18
6074 18
6075 18
6076 17
6077 17
6078 17
6079 17
6080 18
6081 17
6082 17
6083 17
6084 17
6085 18
6086 18
6087 17
6088 17
6089 17
6090 17
6091 19
6092 17
6093 17
6094 17
6095 17
6096 18
6097 17
6098 18
6099 18
6100 17
6101 17
6102 17
6103 17
6104 17
6105 17
6106 17
6107 18
6108 17
6109 17
6110 17
6111 18
6112 17
6113 17
6114 17
6115 17
6116 17
6117 17
6118 17
6119 18
6120 17
6121 17
6122 17
6123 17
6124 20
6125 18
6126 17
6127 17
6128 17
6129 17
6130 17
6131 17
6132 17
6133 17
6134 17
6135 17
6136 17
6137 17
6138 17
6139 17
6140 17
6141 17
6142 18
6143 18
6144 18
6145 17
6146 17
6147 17
6148 17
6149 17
6150 17
6151 17
6152 17
6153 18
6154 17
6155 18
6156 17
6157 17
6158 17
6159 17
6160 17
6161 17
6162 17
6163 17
6164 17
6165 17
6166 17
6167 17
6168 17
6169 18
6170 17
6171 17
6172 17
6173 17
6174 17
6175 17
6176 17
6177 17
6178 35
6179 18
6180 18
6181 17
6182 18
6183 18
6184 18
6185 17
6186 17
6187 17
6188 19
6189 17
6190 17
6191 17
6192 17
6193 17
6194 17
6195 17
6196 17
6197 17
6198 17
6199 17
6200 17
6201 17
6202 18
6203 17
6204 18
6205 17
6206 17
6207 17
6208 18
6209 18
6210 18
6211 18
6212 18
6213 17
6214 17
6215 17
6216 17
6217 17
6218 17
6219 17
6220 17
6221 17
6222 17
6223 17
6224 18
6225 17
6226 17
6227 17
6228 17
6229 16
6230 17
6231 17
6232 17
6233 18
6234 17
6235 17
6236 17
6237 17
6238 17
6239 17
6240 17
6241 17
6242 17
6243 17
6244 17
6245 17
6246 18
6247 18
6248 17
6249 18
6250 18
6251 17
6252 19
6253 17
6254 17
6255 17
6256 17
6257 18
6258 18
6259 17
6260 17
6261 17
6262 17
6263 17
6264 17
6265 17
6266 17
6267 17
6268 17
6269 17
6270 17
6271 17
6272 17
6273 17
6274 17
6275 17
6276 17
6277 17
6278 17
6279 17
6280 17
6281 18
6282 17
6283 17
6284 17
6285 17
6286 18
6287 17
6288 17
6289 17
6290 17
6291 17
6292 17
6293 17
6294 18
6295 18
6296 18
6297 18
6298 18
6299 19
6300 18
6301 18
6302 18
6303 17
6304 17
6305 17
6306 17
6307 18
6308 18
6309 17
6310 17
6311 17
6312 18
6313 18
6314 18
6315 17
6316 19
6317 17
6318 18
6319 18
6320 17
6321 17
6322 18
6323 17
6324 18
6325 20
6326 17
6327 18
6328 18
6329 18
6330 18
6331 18
6332 18
6333 18
6334 19
6335 17
6336 18
6337 18
6338 17
6339 19
6340 18
6341 17
6342 18
6343 18
6344 28
6345 19
6346 18
6347 18
6348 17
6349 25
6350 19
6351 18
6352 18
6353 18
6354 18
6355 17
6356 17
6357 27
6358 17
6359 18
6360 18
6361 17
6362 17
6363 17
6364 17
6365 17
6366 19
6367 18
6368 18
6369 17
6370 17
6371 18
6372 17
6373 17
6374 17
6375 18
6376 17
6377 17
6378 18
6379 18
6380 19
6381 17
6382 18
6383 18
6384 18
6385 18
6386 17
6387 17
6388 18
6389 18
6390 17
6391 17
6392 17
6393 18
6394 18
6395 18
6396 18
6397 17
6398 17
6399 17
6400 17
6401 17
6402 17
6403 18
6404 17
6405 17
6406 17
6407 17
6408 18
6409 18
6410 17
6411 17
6412 17
6413 18
6414 18
6415 17
6416 17
6417 17
6418 17
6419 17
6420 17
6421 17
6422 18
6423 18
6424 18
6425 18
6426 17
6427 18
6428 18
6429 17
6430 17
6431 17
6432 17
6433 18
6434 17
6435 17
6436 17
6437 17
6438 18
6439 18
6440 18
6441 17
6442 18
6443 18
6444 20
6445 18
6446 17
6447 17
6448 18
6449 17
6450 17
6451 27
6452 18
6453 18
6454 18
6455 17
6456 17
6457 17
6458 18
6459 17
6460 18
6461 18
6462 19
6463 18
6464 17
6465 17
6466 18
6467 19
6468 17
6469 17
6470 17
6471 17
6472 17
6473 17
6474 17
6475 17
6476 17
6477 17
6478 17
6479 17
6480 17
6481 17
6482 17
6483 17
6484 17
6485 17
6486 17
6487 18
6488 17
6489 17
6490 18
6491 18
6492 19
6493 17
6494 17
6495 17
6496 18
6497 17
6498 17
6499 17
6500 17
6501 18
6502 18
6503 18
6504 18
6505 18
6506 18
6507 17
6508 20
6509 18
6510 17
6511 17
6512 17
6513 17
6514 17
6515 17
6516 17
6517 17
6518 17
6519 18
6520 17
6521 18
6522 18
6523 18
6524 17
6525 18
6526 17
6527 17
6528 17
6529 17
6530 17
6531 17
6532 17
6533 17
6534 17
6535 17
6536 242
6537 23
6538 18
6539 17
6540 18
6541 18
6542 18
6543 18
6544 17
6545 17
6546 17
6547 17
6548 17
6549 18
6550 17
6551 17
6552 17
6553 17
6554 18
6555 17
6556 17
6557 17
6558 17
6559 18
6560 19
6561 17
6562 18
6563 17
6564 17
6565 17
6566 17
6567 17
6568 17
6569 17
6570 18
6571 18
6572 17
6573 17
6574 18
6575 19
6576 18
6577 17
6578 18
6579 17
6580 18
6581 17
6582 17
6583 18
6584 18
6585 18
6586 17
6587 17
6588 18
6589 18
6590 17
6591 18
6592 18
6593 18
6594 18
6595 18
6596 17
6597 18
6598 18
6599 19
6600 18
6601 17
6602 18
6603 20
6604 18
6605 18
6606 17
6607 17
6608 19
6609 18
6610 17
6611 18
6612 18
6613 18
6614 18
6615 17
6616 18
6617 18
6618 17
6619 17
6620 17
6621 17
6622 18
6623 18
6624 18
6625 17
6626 18
6627 17
6628 17
6629 17
6630 17
6631 17
6632 17
6633 17
6634 17
6635 17
6636 17
6637 18
6638 18
6639 18
6640 18
6641 19
6642 17
6643 18
6644 18
6645 18
6646 17
6647 17
6648 17
6649 17
6650 17
6651 17
6652 18
6653 18
6654 17
6655 18
6656 17
6657 17
6658 18
6659 17
6660 17
6661 17
6662 17
6663 17
6664 17
6665 17
6666 17
6667 17
6668 18
6669 29
6670 19
6671 18
6672 17
6673 17
6674 17
6675 18
6676 17
6677 18
6678 17
6679 17
6680 17
6681 17
6682 17
6683 17
6684 17
6685 18
6686 18
6687 18
6688 18
6689 17
6690 17
6691 27
6692 18
6693 17
6694 18
6695 18
6696 17
6697 17
6698 18
6699 18
6700 17
6701 17
6702 17
6703 19
6704 18
6705 19
6706 17
6707 18
6708 18
6709 18
6710 17
6711 17
6712 17
6713 18
6714 18
6715 18
6716 18
6717 18
6718 18
6719 18
6720 18
6721 17
6722 17
6723 18
6724 18
6725 17
6726 18
6727 17
6728 17
6729 17
6730 17
6731 17
6732 18
6733 17
6734 17
6735 18
6736 18
6737 17
6738 17
6739 17
6740 18
6741 19
6742 18
6743 18
6744 17
6745 17
6746 18
6747 18
6748 18
6749 17
6750 17
6751 20
6752 18
6753 19
6754 18
6755 19
6756 18
6757 17
6758 17
6759 17
6760 17
6761 18
6762 18
6763 18
6764 18
6765 18
6766 18
6767 18
6768 17
6769 17
6770 17
6771 17
6772 17
6773 17
6774 17
6775 17
6776 17
6777 17
6778 17
6779 17
6780 17
6781 17
6782 17
6783 17
6784 17
6785 18
6786 17
6787 17
6788 17
6789 18
6790 18
6791 18
6792 18
6793 18
6794 17
6795 17
6796 17
6797 17
6798 17
6799 17
6800 17
6801 17
6802 17
6803 17
6804 17
6805 17
6806 17
6807 17
6808 17
6809 17
6810 17
6811 17
6812 17
6813 17
6814 17
6815 31
6816 18
6817 17
6818 18
6819 18
6820 18
6821 18
6822 17
6823 17
6824 25
6825 18
6826 18
6827 18
6828 17
6829 17
6830 19
6831 19
6832 17
6833 18
6834 18
6835 18
6836 18
6837 17
6838 18
6839 18
6840 17
6841 18
6842 18
6843 17
6844 17
6845 17
6846 18
6847 19
6848 18
6849 17
6850 18
6851 17
6852 18
6853 18
6854 18
6855 17
6856 18
6857 28
6858 18
6859 18
6860 17
6861 18
6862 18
6863 18
6864 18
6865 17
6866 17
6867 18
6868 17
6869 17
6870 18
6871 18
6872 17
6873 17
6874 19
6875 18
6876 17
6877 18
6878 17
6879 17
6880 17
6881 17
6882 18
6883 17
6884 17
6885 17
6886 17
6887 18
6888 18
6889 17
6890 17
6891 17
6892 17
6893 17
6894 17
6895 18
6896 19
6897 18
6898 18
6899 17
6900 17
6901 18
6902 19
6903 18
6904 17
6905 17
6906 17
6907 17
6908 17
6909 17
6910 17
6911 17
6912 18
6913 17
6914 17
6915 18
6916 18
6917 17
6918 18
6919 18
6920 18
6921 17
6922 17
6923 18
6924 18
6925 18
6926 18
6927 18
6928 17
6929 18
6930 19
6931 18
6932 20
6933 17
6934 17
6935 17
6936 17
6937 17
6938 17
6939 17
6940 17
6941 17
6942 17
6943 17
6944 17
6945 18
6946 18
6947 18
6948 18
6949 17
6950 17
6951 17
6952 17
6953 18
6954 18
6955 17
6956 17
6957 26
6958 18
6959 17
6960 17
6961 17
6962 17
6963 19
6964 17
6965 17
6966 17
6967 17
6968 18
6969 18
6970 17
6971 17
6972 17
6973 17
6974 18
6975 17
6976 17
6977 17
6978 17
6979 26
6980 19
6981 18
6982 17
6983 17
6984 17
6985 18
6986 18
6987 17
6988 17
6989 17
6990 17
6991 17
6992 17
6993 18
6994 18
6995 18
6996 19
6997 17
6998 17
6999 17
7000 17
7001 17
7002 17
7003 17
7004 18
7005 19
7006 18
7007 18
7008 17
7009 18
7010 18
7011 17
7012 17
7013 18
7014 17
7015 17
7016 17
7017 17
7018 17
7019 18
7020 17
7021 17
7022 17
7023 17
7024 17
7025 17
7026 18
7027 17
7028 17
7029 18
7030 18
7031 18
7032 18
7033 18
7034 17
7035 17
7036 17
7037 17
7038 17
7039 17
7040 17
7041 17
7042 18
7043 17
7044 17
7045 17
7046 17
7047 17
7048 18
7049 18
7050 18
7051 18
7052 18
7053 18
7054 26
7055 18
7056 18
7057 18
7058 17
7059 17
7060 23
7061 18
7062 17
7063 25
7064 18
7065 17
7066 17
7067 17
7068 17
7069 17
7070 18
7071 18
7072 17
7073 17
7074 17
7075 18
7076 17
7077 17
7078 17
7079 17
7080 18
7081 19
7082 18
7083 17
7084 17
7085 26
7086 18
7087 18
7088 17
7089 17
7090 17
7091 17
7092 17
7093 18
7094 16
7095 17
7096 17
7097 17
7098 17
7099 17
7100 17
7101 17
7102 18
7103 19
7104 18
7105 17
7106 17
7107 27
7108 19
7109 18
7110 17
7111 17
7112 17
7113 18
7114 17
7115 17
7116 17
7117 17
7118 17
7119 17
7120 17
7121 17
7122 17
7123 17
7124 19
7125 17
7126 17
7127 18
7128 18
7129 17
7130 17
7131 17
7132 17
7133 17
7134 17
7135 17
7136 17
7137 17
7138 18
7139 18
7140 21
7141 18
7142 25
7143 18
7144 18
7145 17
7146 17
7147 17
7148 17
7149 17
7150 17
7151 17
7152 17
7153 19
7154 18
7155 18
7156 18
7157 17
7158 17
7159 17
7160 17
7161 17
7162 17
7163 18
7164 19
7165 18
7166 18
7167 18
7168 18
7169 17
7170 18
7171 18
7172 17
7173 18
7174 19
7175 19
7176 18
7177 18
7178 18
7179 18
7180 18
7181 17
7182 18
7183 18
7184 18
7185 18
7186 18
7187 18
7188 20
7189 17
7190 17
7191 17
7192 17
7193 17
7194 18
7195 18
7196 27
7197 18
7198 17
7199 17
7200 17
7201 17
7202 17
7203 17
7204 17
7205 17
7206 17
7207 17
7208 17
7209 17
7210 17
7211 17
7212 17
7213 18
7214 19
7215 19
7216 17
7217 17
7218 17
7219 17
7220 17
7221 17
7222 17
7223 17
7224 17
7225 19
7226 17
7227 17
7228 17
7229 17
7230 17
7231 18
7232 18
7233 17
7234 17
7235 17
7236 17
7237 17
7238 36
7239 18
7240 27
7241 18
7242 17
7243 17
7244 18
7245 18
7246 18
7247 18
7248 17
7249 18
7250 18
7251 18
7252 21
7253 17
7254 18
7255 17
7256 17
7257 17
7258 17
7259 17
7260 17
7261 17
7262 17
7263 19
7264 18
7265 17
7266 16
7267 17
7268 17
7269 17
7270 17
7271 17
7272 17
7273 17
7274 17
7275 18
7276 18
7277 17
7278 18
7279 18
7280 17
7281 17
7282 17
7283 17
7284 17
7285 17
7286 26
7287 18
7288 18
7289 17
7290 17
7291 18
7292 18
7293 17
7294 17
7295 17
7296 18
7297 17
7298 17
7299 17
7300 18
7301 18
7302 18
7303 17
7304 17
7305 18
7306 18
7307 17
7308 26
7309 18
7310 17
7311 18
7312 18
7313 17
7314 17
7315 18
7316 19
7317 18
7318 18
7319 19
7320 18
7321 17
7322 18
7323 18
7324 18
7325 17
7326 17
7327 18
7328 18
7329 17
7330 17
7331 17
7332 18
7333 18
7334 17
7335 18
7336 18
7337 17
7338 17
7339 18
7340 17
7341 17
7342 18
7343 17
7344 17
7345 17
7346 17
7347 18
7348 18
7349 18
7350 17
7351 17
7352 17
7353 17
7354 17
7355 17
7356 17
7357 18
7358 18
7359 18
7360 17
7361 17
7362 17
7363 17
7364 17
7365 17
7366 18
7367 18
7368 18
7369 18
7370 18
7371 17
7372 18
7373 18
7374 19
7375 17
7376 18
7377 17
7378 17
7379 17
7380 19
7381 17
7382 17
7383 17
7384 17
7385 18
7386 18
7387 17
7388 17
7389 18
7390 17
7391 19
7392 17
7393 18
7394 17
7395 17
7396 17
7397 17
7398 17
7399 17
7400 17
7401 17
7402 18
7403 18
7404 18
7405 17
7406 17
7407 17
7408 17
7409 17
7410 17
7411 17
7412 17
7413 17
7414 17
7415 17
7416 21
7417 18
7418 17
7419 18
7420 18
7421 18
7422 17
7423 17
7424 26
7425 18
7426 17
7427 17
7428 17
7429 17
7430 19
7431 18
7432 18
7433 18
7434 18
7435 17
7436 17
7437 17
7438 17
7439 17
7440 18
7441 18
7442 17
7443 18
7444 19
7445 17
7446 17
7447 17
7448 17
7449 18
7450 17
7451 17
7452 17
7453 17
7454 17
7455 17
7456 17
7457 17
7458 18
7459 18
7460 17
7461 17
7462 17
7463 17
7464 18
7465 17
7466 18
7467 17
7468 17
7469 18
7470 19
7471 18
7472 17
7473 17
7474 17
7475 17
7476 17
7477 17
7478 17
7479 17
7480 17
7481 17
7482 17
7483 17
7484 17
7485 17
7486 18
7487 19
7488 18
7489 17
7490 18
7491 18
7492 17
7493 17
7494 17
7495 17
7496 17
7497 17
7498 17
7499 17
7500 17
7501 17
7502 17
7503 18
7504 18
7505 18
7506 17
7507 17
7508 19
7509 17
7510 17
7511 17
7512 17
7513 17
7514 17
7515 17
7516 18
7517 17
7518 17
7519 17
7520 18
7521 19
7522 17
7523 17
7524 18
7525 17
7526 17
7527 17
7528 17
7529 17
7530 17
7531 18
7532 19
7533 18
7534 18
7535 18
7536 18
7537 18
7538 18
7539 17
7540 17
7541 18
7542 17
7543 17
7544 17
7545 17
7546 17
7547 17
7548 18
7549 18
7550 18
7551 18
7552 18
7553 17
7554 18
7555 18
7556 17
7557 18
7558 18
7559 17
7560 18
7561 17
7562 17
7563 17
7564 17
7565 17
7566 18
7567 18
7568 17
7569 18
7570 18
7571 19
7572 20
7573 18
7574 17
7575 18
7576 17
7577 18
7578 17
7579 17
7580 17
7581 18
7582 19
7583 17
7584 18
7585 17
7586 17
7587 17
7588 17
7589 17
7590 17
7591 17
7592 17
7593 18
7594 19
7595 29
7596 17
7597 18
7598 17
7599 17
7600 17
7601 17
7602 17
7603 17
7604 19
7605 19
7606 18
7607 18
7608 18
7609 18
7610 17
7611 17
7612 17
7613 17
7614 17
7615 18
7616 18
7617 17
7618 17
7619 17
7620 17
7621 18
7622 17
7623 18
7624 18
7625 17
7626 18
7627 19
7628 18
7629 17
7630 18
7631 18
7632 17
7633 18
7634 18
7635 18
7636 20
7637 17
7638 19
7639 17
7640 18
7641 17
7642 18
7643 18
7644 17
7645 17
7646 18
7647 18
7648 17
7649 17
7650 17
7651 17
7652 17
7653 18
7654 18
7655 19
7656 18
7657 18
7658 17
7659 29
7660 19
7661 18
7662 17
7663 17
7664 17
7665 18
7666 17
7667 17
7668 17
7669 17
7670 18
7671 18
7672 17
7673 17
7674 18
7675 17
7676 17
7677 17
7678 17
7679 17
7680 17
7681 26
7682 19
7683 18
7684 17
7685 18
7686 18
7687 18
7688 17
7689 17
7690 17
7691 17
7692 17
7693 17
7694 17
7695 17
7696 17
7697 17
7698 18
7699 18
7700 20
7701 17
7702 17
7703 27
7704 18
7705 17
7706 17
7707 17
7708 17
7709 17
7710 17
7711 17
7712 17
7713 17
7714 18
7715 19
7716 18
7717 17
7718 17
7719 17
7720 17
7721 17
7722 17
7723 17
7724 17
7725 17
7726 18
7727 17
7728 18
7729 17
7730 17
7731 18
7732 19
7733 18
7734 17
7735 18
7736 17
7737 17
7738 17
7739 17
7740 17
7741 17
7742 27
7743 19
7744 17
7745 17
7746 17
7747 17
7748 17
7749 18
7750 18
7751 18
7752 17
7753 17
7754 17
7755 17
7756 17
7757 17
7758 17
7759 18
7760 18
7761 18
7762 17
7763 17
7764 29
7765 18
7766 18
7767 18
7768 18
7769 18
7770 17
7771 17
7772 29
7773 18
7774 17
7775 18
7776 18
7777 18
7778 18
7779 17
7780 17
7781 17
7782 17
7783 17
7784 17
7785 17
7786 18
7787 17
7788 18
7789 17
7790 17
7791 17
7792 17
7793 17
7794 17
7795 17
7796 17
7797 26
7798 18
7799 17
7800 17
7801 17
7802 18
7803 17
7804 17
7805 17
7806 18
7807 17
7808 24
7809 19
7810 18
7811 17
7812 17
7813 17
7814 18
7815 17
7816 17
7817 17
7818 17
7819 17
7820 17
7821 17
7822 17
7823 17
7824 17
7825 17
7826 18
7827 17
7828 20
7829 17
7830 17
7831 18
7832 17
7833 17
7834 17
7835 17
7836 17
7837 17
7838 17
7839 17
7840 19
7841 17
7842 17
7843 17
7844 17
7845 16
7846 18
7847 18
7848 17
7849 17
7850 18
7851 18
7852 17
7853 18
7854 19
7855 18
7856 18
7857 18
7858 17
7859 17
7860 17
7861 17
7862 17
7863 17
7864 17
7865 18
7866 17
7867 18
7868 17
7869 17
7870 18
7871 18
7872 18
7873 17
7874 18
7875 18
7876 18
7877 18
7878 17
7879 17
7880 17
7881 17
7882 17
7883 17
7884 17
7885 18
7886 18
7887 17
7888 17
7889 18
7890 18
7891 18
7892 20
7893 17
7894 17
7895 18
7896 19
7897 17
7898 17
7899 17
7900 17
7901 17
7902 17
7903 17
7904 17
7905 17
7906 17
7907 17
7908 17
7909 17
7910 18
7911 19
7912 18
7913 17
7914 17
7915 26
7916 18
7917 17
7918 17
7919 17
7920 17
7921 17
7922 17
7923 17
7924 17
7925 17
7926 18
7927 19
7928 18
7929 17
7930 17
7931 18
7932 17
7933 17
7934 17
7935 17
7936 18
7937 17
7938 18
7939 18
7940 18
7941 17
7942 18
7943 17
7944 17
7945 17
7946 17
7947 17
7948 17
7949 17
7950 17
7951 233
7952 27
7953 17
7954 20
7955 18
7956 19
7957 18
7958 17
7959 17
7960 18
7961 17
7962 17
7963 17
7964 17
7965 18
7966 18
7967 18
7968 18
7969 17
7970 17
7971 17
7972 17
7973 17
7974 17
7975 17
7976 17
7977 17
7978 18
7979 18
7980 18
7981 19
7982 17
7983 17
7984 18
7985 17
7986 18
7987 18
7988 18
7989 17
7990 18
7991 18
7992 18
7993 18
7994 28
7995 19
7996 17
7997 18
7998 17
7999 26
8000 18
8001 17
8002 18
8003 18
8004 17
8005 18
8006 18
8007 18
8008 17
8009 18
8010 18
8011 17
8012 17
8013 18
8014 17
8015 18
8016 19
8017 18
8018 18
8019 17
8020 17
8021 18
8022 17
8023 18
8024 18
8025 18
8026 17
8027 18
8028 18
8029 17
8030 18
8031 18
8032 17
8033 18
8034 17
8035 17
8036 18
8037 18
8038 17
8039 17
8040 18
8041 17
8042 18
8043 18
8044 17
8045 17
8046 18
8047 18
8048 17
8049 17
8050 17
8051 18
8052 18
8053 17
8054 18
8055 18
8056 25
8057 18
8058 18
8059 17
8060 18
8061 18
8062 18
8063 17
8064 17
8065 17
8066 19
8067 18
8068 17
8069 18
8070 18
8071 18
8072 19
8073 18
8074 18
8075 18
8076 18
8077 17
8078 17
8079 18
8080 18
8081 17
8082 26
8083 19
8084 17
8085 17
8086 17
8087 17
8088 17
8089 17
8090 17
8091 17
8092 17
8093 17
8094 18
8095 18
8096 18
8097 17
8098 17
8099 17
8100 17
8101 17
8102 17
8103 17
8104 26
8105 18
8106 17
8107 17
8108 17
8109 17
8110 17
8111 17
8112 17
8113 17
8114 18
8115 18
8116 18
8117 17
8118 29
8119 17
8120 17
8121 17
8122 17
8123 17
8124 17
8125 17
8126 24
8127 18
8128 17
8129 17
8130 17
8131 17
8132 18
8133 18
8134 18
8135 17
8136 17
8137 17
8138 17
8139 17
8140 17
8141 17
8142 17
8143 18
8144 19
8145 17
8146 17
8147 17
8148 17
8149 17
8150 18
8151 17
8152 17
8153 18
8154 17
8155 18
8156 18
8157 17
8158 17
8159 17
8160 17
8161 18
8162 18
8163 18
8164 17
8165 17
8166 17
8167 17
8168 17
8169 17
8170 17
8171 17
8172 19
8173 17
8174 18
8175 18
8176 17
8177 17
8178 17
8179 17
8180 17
8181 18
8182 18
8183 18
8184 18
8185 18
8186 17
8187 17
8188 17
8189 17
8190 17
8191 17
8192 17
8193 17
8194 18
8195 17
8196 17
8197 17
8198 17
8199 17
8200 17
8201 17
8202 17
8203 17
8204 17
8205 18
8206 18
8207 18
8208 17
8209 17
8210 17
8211 17
8212 17
8213 17
8214 17
8215 17
8216 17
8217 17
8218 18
8219 18
8220 19
8221 18
8222 17
8223 17
8224 17
8225 17
8226 18
8227 17
8228 18
8229 18
8230 18
8231 17
8232 17
8233 27
8234 19
8235 18
8236 18
8237 18
8238 18
8239 17
8240 18
8241 17
8242 17
8243 17
8244 17
8245 18
8246 18
8247 18
8248 18
8249 17
8250 17
8251 17
8252 17
8253 17
8254 17
8255 18
8256 18
8257 18
8258 18
8259 18
8260 18
8261 18
8262 18
8263 18
8264 17
8265 18
8266 18
8267 19
8268 16
8269 18
8270 17
8271 17
8272 18
8273 17
8274 18
8275 18
8276 17
8277 18
8278 18
8279 18
8280 17
8281 17
8282 17
8283 18
8284 19
8285 17
8286 17
8287 18
8288 18
8289 18
8290 17
8291 18
8292 17
8293 17
8294 18
8295 18
8296 19
8297 29
8298 18
8299 18
8300 18
8301 17
8302 18
8303 17
8304 17
8305 18
8306 18
8307 17
8308 17
8309 18
8310 18
8311 19
8312 19
8313 17
8314 18
8315 17
8316 27
8317 18
8318 17
8319 18
8320 18
8321 18
8322 17
8323 18
8324 18
8325 17
8326 17
8327 17
8328 17
8329 17
8330 17
8331 17
8332 17
8333 18
8334 18
8335 18
8336 18
8337 17
8338 17
8339 17
8340 18
8341 18
8342 17
8343 17
8344 18
8345 19
8346 18
8347 17
8348 17
8349 17
8350 17
8351 17
8352 17
8353 17
8354 17
8355 27
8356 18
8357 18
8358 18
8359 18
8360 18
8361 17
8362 18
8363 17
8364 18
8365 17
8366 17
8367 18
8368 17
8369 18
8370 17
8371 18
8372 19
8373 18
8374 17
8375 18
8376 19
8377 18
8378 17
8379 18
8380 18
8381 17
8382 18
8383 19
8384 18
8385 17
8386 18
8387 18
8388 17
8389 17
8390 17
8391 17
8392 18
8393 17
8394 17
8395 17
8396 17
8397 17
8398 17
8399 17
8400 19
8401 18
8402 17
8403 18
8404 18
8405 18
8406 19
8407 18
8408 18
8409 18
8410 17
8411 18
8412 17
8413 18
8414 17
8415 17
8416 17
8417 17
8418 17
8419 17
8420 17
8421 17
8422 17
8423 19
8424 17
8425 18
8426 18
8427 17
8428 18
8429 18
8430 17
8431 17
8432 18
8433 18
8434 18
8435 18
8436 18
8437 17
8438 18
8439 18
8440 18
8441 17
8442 17
8443 17
8444 17
8445 17
8446 18
8447 17
8448 17
8449 17
8450 18
8451 18
8452 18
8453 17
8454 17
8455 17
8456 17
8457 17
8458 17
8459 17
8460 17
8461 27
8462 18
8463 17
8464 17
8465 17
8466 18
8467 18
8468 18
8469 18
8470 17
8471 18
8472 18
8473 18
8474 18
8475 29
8476 17
8477 17
8478 17
8479 17
8480 18
8481 18
8482 17
8483 17
8484 17
8485 17
8486 17
8487 17
8488 18
8489 18
8490 18
8491 17
8492 18
8493 18
8494 17
8495 17
8496 18
8497 18
8498 18
8499 17
8500 17
8501 17
8502 17
8503 17
8504 18
8505 17
8506 18
8507 18
8508 18
8509 18
8510 17
8511 17
8512 17
8513 17
8514 17
8515 17
8516 17
8517 17
8518 17
8519 17
8520 17
8521 17
8522 17
8523 17
8524 17
8525 17
8526 17
8527 17
8528 17
8529 17
8530 17
8531 17
8532 17
8533 17
8534 17
8535 17
8536 17
8537 17
8538 17
8539 17
8540 18
8541 17
8542 17
8543 17
8544 17
8545 17
8546 17
8547 17
8548 17
8549 17
8550 17
8551 17
8552 17
8553 17
8554 17
8555 17
8556 17
8557 17
8558 17
8559 17
8560 17
8561 17
8562 17
8563 17
8564 17
8565 17
8566 17
8567 17
8568 17
8569 17
8570 17
8571 17
8572 17
8573 17
8574 17
8575 17
8576 18
8577 18
8578 18
8579 17
8580 18
8581 18
8582 17
8583 17
8584 18
8585 17
8586 17
8587 18
8588 18
8589 17
8590 18
8591 18
8592 18
8593 17
8594 17
8595 18
8596 18
8597 17
8598 17
8599 18
8600 18
8601 18
8602 17
8603 17
8604 17
8605 17
8606 18
8607 18
8608 18
8609 17
8610 17
8611 17
8612 17
8613 21
8614 17
8615 18
8616 18
8617 19
8618 18
8619 17
8620 18
8621 17
8622 17
8623 17
8624 17
8625 18
8626 18
8627 18
8628 17
8629 17
8630 18
8631 19
8632 18
8633 18
8634 17
8635 17
8636 17
8637 17
8638 17
8639 17
8640 17
8641 18
8642 18
8643 17
8644 17
8645 17
8646 17
8647 18
8648 18
8649 18
8650 17
8651 17
8652 17
8653 17
8654 18
8655 23
8656 18
8657 18
8658 17
8659 19
8660 18
8661 17
8662 17
8663 17
8664 18
8665 17
8666 17
8667 17
8668 17
8669 18
8670 20
8671 18
8672 17
8673 18
8674 18
8675 17
8676 17
8677 17
8678 17
8679 17
8680 17
8681 17
8682 18
8683 17
8684 17
8685 17
8686 17
8687 19
8688 18
8689 18
8690 18
8691 17
8692 17
8693 17
8694 17
8695 17
8696 17
8697 17
8698 17
8699 17
8700 17
8701 17
8702 18
8703 18
8704 18
8705 17
8706 17
8707 17
8708 17
8709 18
8710 17
8711 17
8712 17
8713 17
8714 17
8715 17
8716 17
8717 17
8718 17
8719 17
8720 18
8721 17
8722 17
8723 17
8724 17
8725 17
8726 17
8727 17
8728 17
8729 17
8730 17
8731 18
8732 17
8733 18
8734 18
8735 17
8736 18
8737 17
8738 17
8739 17
8740 18
8741 18
8742 17
8743 18
8744 18
8745 17
8746 17
8747 17
8748 17
8749 17
8750 17
8751 17
8752 18
8753 17
8754 17
8755 17
8756 17
8757 17
8758 17
8759 17
8760 17
8761 17
8762 17
8763 17
8764 17
8765 17
8766 17
8767 17
8768 17
8769 17
8770 17
8771 17
8772 18
8773 17
8774 17
8775 17
8776 17
8777 18
8778 18
8779 18
8780 19
8781 17
8782 17
8783 17
8784 17
8785 17
8786 17
8787 18
8788 18
8789 18
8790 18
8791 17
8792 17
8793 17
8794 17
8795 17
8796 17
8797 18
8798 18
8799 18
8800 19
8801 17
8802 17
8803 18
8804 18
8805 17
8806 18
8807 18
8808 17
8809 18
8810 18
8811 19
8812 17
8813 17
8814 18
8815 17
8816 18
8817 17
8818 17
8819 17
8820 17
8821 28
8822 18
8823 18
8824 17
8825 17
8826 18
8827 19
8828 17
8829 18
8830 17
8831 17
8832 17
8833 17
8834 17
8835 18
8836 17
8837 18
8838 20
8839 18
8840 18
8841 18
8842 17
8843 17
8844 17
8845 18
8846 18
8847 18
8848 18
8849 19
8850 19
8851 18
8852 18
8853 18
8854 17
8855 18
8856 17
8857 17
8858 18
8859 27
8860 19
8861 18
8862 18
8863 17
8864 18
8865 18
8866 18
8867 18
8868 18
8869 18
8870 18
8871 18
8872 18
8873 17
8874 17
8875 17
8876 18
8877 18
8878 17
8879 17
8880 18
8881 28
8882 18
8883 17
8884 18
8885 18
8886 18
8887 18
8888 18
8889 17
8890 17
8891 18
8892 19
8893 19
8894 17
8895 18
8896 17
8897 18
8898 18
8899 17
8900 18
8901 18
8902 18
8903 18
8904 18
8905 17
8906 18
8907 17
8908 17
8909 19
8910 17
8911 18
8912 17
8913 18
8914 17
8915 17
8916 18
8917 18
8918 17
8919 18
8920 18
8921 17
8922 18
8923 18
8924 18
8925 27
8926 18
8927 17
8928 18
8929 18
8930 17
8931 17
8932 17
8933 17
8934 17
8935 17
8936 25
8937 18
8938 18
8939 21
8940 18
8941 18
8942 18
8943 17
8944 18
8945 18
8946 17
8947 17
8948 18
8949 18
8950 17
8951 17
8952 19
8953 18
8954 17
8955 19
8956 19
8957 18
8958 17
8959 19
8960 18
8961 17
8962 17
8963 17
8964 17
8965 17
8966 17
8967 17
8968 17
8969 18
8970 17
8971 17
8972 17
8973 18
8974 18
8975 27
8976 19
8977 17
8978 17
8979 17
8980 17
8981 17
8982 17
8983 17
8984 17
8985 17
8986 17
8987 17
8988 17
8989 17
8990 17
8991 17
8992 18
8993 18
8994 17
8995 17
8996 17
8997 17
8998 19
8999 18
9000 17
9001 17
9002 17
9003 19
9004 17
9005 17
9006 18
9007 18
9008 27
9009 18
9010 33
9011 18
9012 17
9013 17
9014 17
9015 17
9016 17
9017 17
9018 17
9019 17
9020 17
9021 17
9022 17
9023 17
9024 24
9025 19
9026 18
9027 17
9028 18
9029 18
9030 17
9031 17
9032 17
9033 17
9034 17
9035 24
9036 19
9037 18
9038 17
9039 17
9040 17
9041 17
9042 17
9043 17
9044 17
9045 17
9046 25
9047 18
9048 17
9049 17
9050 18
9051 18
9052 18
9053 17
9054 17
9055 17
9056 17
9057 17
9058 17
9059 17
9060 18
9061 17
9062 17
9063 18
9064 18
9065 18
9066 17
9067 18
9068 17
9069 17
9070 17
9071 17
9072 18
9073 17
9074 17
9075 17
9076 17
9077 17
9078 17
9079 17
9080 17
9081 18
9082 18
9083 17
9084 17
9085 17
9086 18
9087 18
9088 18
9089 18
9090 18
9091 17
9092 19
9093 18
9094 17
9095 17
9096 17
9097 17
9098 17
9099 18
9100 18
9101 17
9102 17
9103 17
9104 17
9105 17
9106 17
9107 17
9108 17
9109 18
9110 18
9111 17
9112 17
9113 17
9114 17
9115 17
9116 17
9117 17
9118 17
9119 27
9120 18
9121 18
9122 18
9123 18
9124 18
9125 17
9126 17
9127 17
9128 17
9129 18
9130 24
9131 21
9132 18
9133 17
9134 17
9135 18
9136 18
9137 18
9138 18
9139 18
9140 18
9141 18
9142 19
9143 18
9144 17
9145 17
9146 17
9147 17
9148 17
9149 17
9150 18
9151 17
9152 17
9153 17
9154 17
9155 17
9156 17
9157 17
9158 17
9159 17
9160 17
9161 17
9162 17
9163 17
9164 17
9165 26
9166 18
9167 17
9168 17
9169 17
9170 17
9171 18
9172 18
9173 18
9174 17
9175 18
9176 18
9177 18
9178 17
9179 17
9180 17
9181 17
9182 17
9183 17
9184 17
9185 17
9186 18
9187 19
9188 18
9189 18
9190 18
9191 17
9192 17
9193 17
9194 17
9195 18
9196 18
9197 17
9198 17
9199 17
9200 17
9201 17
9202 17
9203 18
9204 18
9205 18
9206 17
9207 17
9208 17
9209 18
9210 18
9211 18
9212 17
9213 17
9214 17
9215 18
9216 18
9217 17
9218 17
9219 17
9220 17
9221 17
9222 17
9223 17
9224 17
9225 27
9226 18
9227 17
9228 17
9229 17
9230 17
9231 17
9232 18
9233 18
9234 18
9235 17
9236 17
9237 17
9238 17
9239 17
9240 17
9241 17
9242 18
9243 17
9244 18
9245 18
9246 18
9247 18
9248 18
9249 18
9250 18
9251 19
9252 17
9253 17
9254 17
9255 18
9256 17
9257 17
9258 18
9259 20
9260 18
9261 18
9262 17
9263 18
9264 17
9265 18
9266 17
9267 18
9268 17
9269 17
9270 18
9271 18
9272 17
9273 17
9274 17
9275 18
9276 17
9277 17
9278 17
9279 18
9280 18
9281 18
9282 18
9283 19
9284 19
9285 19
9286 17
9287 18
9288 18
9289 18
9290 17
9291 17
9292 17
9293 17
9294 18
9295 17
9296 17
9297 17
9298 18
9299 18
9300 17
9301 17
9302 17
9303 17
9304 18
9305 18
9306 17
9307 17
9308 17
9309 17
9310 17
9311 17
9312 17
9313 17
9314 17
9315 17
9316 17
9317 17
9318 17
9319 17
9320 17
9321 17
9322 17
9323 19
9324 17
9325 17
9326 17
9327 17
9328 17
9329 17
9330 17
9331 17
9332 17
9333 26
9334 18
9335 18
9336 17
9337 17
9338 17
9339 18
9340 17
9341 18
9342 18
9343 17
9344 17
9345 17
9346 18
9347 18
9348 17
9349 17
9350 18
9351 18
9352 18
9353 17
9354 17
9355 17
9356 18
9357 18
9358 17
9359 17
9360 18
9361 18
9362 18
9363 19
9364 17
9365 17
9366 17
9367 238
9368 27
9369 18
9370 18
9371 17
9372 18
9373 18
9374 18
9375 17
9376 17
9377 17
9378 18
9379 18
9380 18
9381 17
9382 17
9383 17
9384 17
9385 17
9386 17
9387 17
9388 18
9389 18
9390 18
9391 17
9392 18
9393 17
9394 18
9395 19
9396 18
9397 17
9398 17
9399 29
9400 18
9401 17
9402 18
9403 18
9404 18
9405 18
9406 18
9407 17
9408 17
9409 17
9410 18
9411 17
9412 18
9413 18
9414 17
9415 17
9416 17
9417 17
9418 17
9419 18
9420 18
9421 18
9422 18
9423 18
9424 17
9425 17
9426 17
9427 17
9428 17
9429 17
9430 17
9431 17
9432 17
9433 17
9434 17
9435 17
9436 17
9437 17
9438 17
9439 17
9440 17
9441 17
9442 17
9443 17
9444 18
9445 18
9446 18
9447 18
9448 17
9449 17
9450 17
9451 17
9452 17
9453 17
9454 17
9455 17
9456 17
9457 17
9458 17
9459 17
9460 17
9461 17
9462 18
9463 17
9464 17
9465 17
9466 17
9467 17
9468 17
9469 17
9470 17
9471 17
9472 17
9473 17
9474 17
9475 17
9476 17
9477 17
9478 19
9479 18
9480 17
9481 17
9482 19
9483 17
9484 17
9485 18
9486 18
9487 17
9488 17
9489 17
9490 17
9491 17
9492 18
9493 17
9494 17
9495 18
9496 19
9497 17
9498 17
9499 17
9500 18
9501 17
9502 17
9503 17
9504 17
9505 17
9506 18
9507 18
9508 18
9509 17
9510 17
9511 17
9512 18
9513 18
9514 18
9515 18
9516 17
9517 17
9518 17
9519 17
9520 17
9521 17
9522 17
9523 27
9524 19
9525 18
9526 17
9527 18
9528 17
9529 18
9530 18
9531 18
9532 17
9533 17
9534 17
9535 17
9536 17
9537 18
9538 18
9539 17
9540 18
9541 17
9542 18
9543 17
9544 17
9545 17
9546 17
9547 17
9548 17
9549 17
9550 18
9551 17
9552 17
9553 17
9554 17
9555 17
9556 17
9557 18
9558 17
9559 18
9560 18
9561 17
9562 18
9563 18
9564 18
9565 17
9566 17
9567 17
9568 17
9569 17
9570 17
9571 17
9572 17
9573 26
9574 18
9575 17
9576 17
9577 17
9578 17
9579 17
9580 17
9581 17
9582 17
9583 17
9584 18
9585 18
9586 18
9587 17
9588 17
9589 17
9590 17
9591 17
9592 17
9593 17
9594 18
9595 18
9596 18
9597 17
9598 17
9599 17
9600 17
9601 17
9602 17
9603 17
9604 17
9605 17
9606 17
9607 17
9608 26
9609 18
9610 18
9611 17
9612 18
9613 18
9614 19
9615 17
9616 17
9617 17
9618 18
9619 18
9620 18
9621 18
9622 18
9623 19
9624 19
9625 18
9626 17
9627 17
9628 18
9629 18
9630 18
9631 18
9632 17
9633 17
9634 17
9635 17
9636 17
9637 17
9638 17
9639 17
9640 17
9641 17
9642 17
9643 17
9644 17
9645 17
9646 17
9647 18
9648 18
9649 19
9650 18
9651 17
9652 17
9653 17
9654 17
9655 17
9656 17
9657 17
9658 18
9659 18
9660 18
9661 17
9662 18
9663 18
9664 17
9665 18
9666 18
9667 18
9668 18
9669 18
9670 18
9671 17
9672 17
9673 17
9674 19
9675 18
9676 18
9677 18
9678 18
9679 18
9680 18
9681 17
9682 17
9683 17
9684 17
9685 18
9686 18
9687 18
9688 18
9689 18
9690 27
9691 18
9692 18
9693 18
9694 18
9695 17
9696 19
9697 18
9698 17
9699 17
9700 17
9701 17
9702 18
9703 17
9704 17
9705 17
9706 17
9707 17
9708 17
9709 17
9710 17
9711 17
9712 17
9713 17
9714 17
9715 22
9716 17
9717 17
9718 17
9719 17
9720 17
9721 17
9722 17
9723 17
9724 27
9725 18
9726 17
9727 17
9728 18
9729 17
9730 17
9731 18
9732 18
9733 17
9734 25
9735 18
9736 18
9737 18
9738 18
9739 18
9740 17
9741 17
9742 17
9743 17
9744 18
9745 18
9746 17
9747 18
9748 18
9749 17
9750 17
9751 18
9752 19
9753 18
9754 18
9755 17
9756 18
9757 18
9758 18
9759 18
9760 18
9761 18
9762 17
9763 18
9764 17
9765 18
9766 17
9767 18
9768 18
9769 18
9770 17
9771 18
9772 17
9773 18
9774 18
9775 17
9776 17
9777 17
9778 17
9779 18
9780 17
9781 17
9782 18
9783 17
9784 18
9785 17
9786 18
9787 18
9788 17
9789 17
9790 18
9791 19
9792 18
9793 18
9794 17
9795 17
9796 17
9797 17
9798 17
9799 17
9800 17
9801 17
9802 17
9803 17
9804 17
9805 17
9806 18
9807 17
9808 17
9809 17
9810 17
9811 17
9812 17
9813 17
9814 17
9815 17
9816 17
9817 17
9818 17
9819 17
9820 17
9821 19
9822 18
9823 18
9824 19
9825 18
9826 18
9827 17
9828 17
9829 19
9830 19
9831 18
9832 17
9833 17
9834 18
9835 19
9836 18
9837 18
9838 17
9839 18
9840 17
9841 17
9842 19
9843 18
9844 18
9845 18
9846 18
9847 17
9848 17
9849 17
9850 17
9851 17
9852 17
9853 17
9854 17
9855 17
9856 17
9857 17
9858 17
9859 17
9860 18
9861 18
9862 17
9863 17
9864 18
9865 18
9866 19
9867 17
9868 17
9869 17
9870 17
9871 17
9872 17
9873 17
9874 17
9875 17
9876 17
9877 17
9878 17
9879 17
9880 18
9881 19
9882 18
9883 17
9884 17
9885 17
9886 17
9887 17
9888 18
9889 18
9890 17
9891 17
9892 17
9893 17
9894 35
9895 17
9896 17
9897 17
9898 17
9899 17
9900 17
9901 17
9902 17
9903 17
9904 18
9905 17
9906 20
9907 17
9908 17
9909 17
9910 17
9911 17
9912 17
9913 17
9914 17
9915 18
9916 18
9917 18
9918 18
9919 17
9920 17
9921 17
9922 17
9923 17
9924 17
9925 18
9926 17
9927 18
9928 17
9929 17
9930 18
9931 17
9932 18
9933 18
9934 18
9935 17
9936 17
9937 17
9938 17
9939 17
9940 17
9941 17
9942 17
9943 17
9944 17
9945 17
9946 18
9947 17
9948 17
9949 17
9950 18
9951 18
9952 18
9953 18
9954 18
9955 17
9956 17
9957 17
9958 17
9959 17
9960 17
9961 18
9962 18
9963 18
9964 17
9965 17
9966 17
9967 17
9968 17
9969 17
9970 19
9971 17
9972 17
9973 17
9974 17
9975 17
9976 17
9977 17
9978 17
9979 17
9980 17
9981 17
9982 17
9983 18
9984 19
9985 17
9986 17
9987 17
9988 17
9989 17
9990 17
9991 17
9992 17
9993 17
9994 17
9995 17
9996 18
9997 17
9998 18
9999 19
