0 70
1 19
2 19
3 18
4 21
5 19
6 18
7 18
8 18
9 19
10 18
11 18
12 18
13 18
14 18
15 17
16 19
17 17
18 17
19 17
20 17
21 16
22 17
23 17
24 17
25 18
26 18
27 17
28 18
29 17
30 17
31 18
32 18
33 18
34 18
35 18
36 19
37 19
38 17
39 18
40 18
41 20
42 18
43 19
44 18
45 18
46 18
47 17
48 17
49 17
50 17
51 17
52 18
53 17
54 18
55 18
56 17
57 18
58 18
59 17
60 17
61 17
62 17
63 17
64 33
65 19
66 18
67 18
68 18
69 17
70 17
71 17
72 18
73 17
74 17
75 17
76 17
77 18
78 17
79 18
80 26
81 18
82 18
83 18
84 17
85 17
86 17
87 17
88 32
89 17
90 17
91 18
92 19
93 18
94 17
95 18
96 20
97 19
98 19
99 18
100 18
101 18
102 17
103 17
104 17
105 18
106 18
107 18
108 18
109 19
110 20
111 18
112 26
113 21
114 18
115 18
116 17
117 17
118 17
119 18
120 18
121 18
122 18
123 18
124 18
125 17
126 18
127 17
128 17
129 17
130 17
131 17
132 18
133 18
134 17
135 17
136 17
137 17
138 17
139 17
140 17
141 17
142 17
143 17
144 17
145 18
146 18
147 18
148 17
149 18
150 17
151 18
152 18
153 18
154 18
155 18
156 18
157 19
158 19
159 20
160 18
161 18
162 17
163 18
164 18
165 17
166 17
167 17
168 17
169 17
170 17
171 17
172 17
173 17
174 17
175 17
176 17
177 17
178 17
179 18
180 18
181 18
182 28
183 18
184 17
185 17
186 17
187 17
188 17
189 18
190 18
191 19
192 18
193 18
194 17
195 17
196 17
197 17
198 17
199 18
200 17
201 17
202 17
203 17
204 17
205 18
206 17
207 18
208 18
209 18
210 17
211 18
212 17
213 18
214 18
215 18
216 17
217 17
218 17
219 17
220 17
221 17
222 18
223 19
224 18
225 18
226 18
227 18
228 17
229 17
230 18
231 17
232 18
233 17
234 18
235 17
236 17
237 17
238 18
239 17
240 17
241 17
242 18
243 17
244 17
245 17
246 17
247 17
248 17
249 17
250 17
251 17
252 27
253 18
254 18
255 17
256 18
257 18
258 17
259 17
260 17
261 17
262 18
263 17
264 17
265 18
266 33
267 17
268 24
269 18
270 17
271 17
272 17
273 17
274 18
275 18
276 17
277 18
278 17
279 18
280 19
281 18
282 17
283 17
284 17
285 17
286 18
287 20
288 18
289 17
290 17
291 17
292 17
293 17
294 17
295 17
296 18
297 18
298 18
299 17
300 17
301 26
302 19
303 18
304 17
305 17
306 17
307 17
308 17
309 17
310 17
311 17
312 24
313 18
314 17
315 18
316 18
317 17
318 18
319 17
320 17
321 17
322 17
323 17
324 17
325 17
326 17
327 18
328 17
329 17
330 17
331 17
332 17
333 17
334 18
335 17
336 25
337 18
338 17
339 17
340 17
341 18
342 19
343 17
344 17
345 17
346 17
347 17
348 18
349 18
350 18
351 20
352 19
353 17
354 17
355 17
356 17
357 17
358 18
359 17
360 17
361 17
362 17
363 18
364 17
365 18
366 17
367 17
368 17
369 18
370 18
371 18
372 18
373 17
374 17
375 17
376 17
377 17
378 17
379 26
380 18
381 17
382 18
383 18
384 18
385 17
386 17
387 17
388 17
389 17
390 17
391 17
392 17
393 17
394 17
395 17
396 18
397 18
398 18
399 17
400 17
401 17
402 18
403 18
404 18
405 18
406 18
407 26
408 19
409 17
410 17
411 17
412 17
413 18
414 18
415 20
416 18
417 17
418 18
419 17
420 17
421 17
422 17
423 18
424 18
425 18
426 18
427 17
428 17
429 17
430 18
431 18
432 17
433 17
434 17
435 17
436 17
437 17
438 17
439 17
440 17
441 18
442 19
443 38
444 17
445 18
446 19
447 17
448 17
449 17
450 17
451 19
452 19
453 18
454 17
455 17
456 18
457 17
458 17
459 17
460 18
461 18
462 18
463 17
464 17
465 17
466 18
467 17
468 17
469 18
470 18
471 17
472 17
473 18
474 18
475 18
476 18
477 18
478 17
479 19
480 17
481 18
482 18
483 17
484 17
485 17
486 18
487 18
488 17
489 18
490 18
491 17
492 17
493 17
494 17
495 17
496 18
497 18
498 17
499 17
500 17
501 17
502 17
503 19
504 17
505 17
506 18
507 18
508 18
509 18
510 17
511 17
512 17
513 17
514 17
515 17
516 17
517 17
518 17
519 17
520 19
521 18
522 17
523 17
524 17
525 17
526 17
527 16
528 17
529 18
530 17
531 17
532 17
533 17
534 17
535 17
536 18
537 18
538 17
539 17
540 17
541 17
542 18
543 20
544 17
545 17
546 18
547 17
548 18
549 17
550 17
551 17
552 17
553 18
554 17
555 17
556 17
557 17
558 17
559 17
560 17
561 17
562 17
563 17
564 17
565 17
566 17
567 17
568 17
569 17
570 18
571 18
572 18
573 17
574 17
575 17
576 17
577 17
578 18
579 17
580 17
581 17
582 18
583 17
584 17
585 17
586 17
587 18
588 18
589 17
590 18
591 17
592 17
593 17
594 17
595 17
596 17
597 17
598 17
599 19
600 18
601 17
602 17
603 18
604 18
605 18
606 17
607 19
608 18
609 17
610 17
611 17
612 18
613 18
614 18
615 18
616 17
617 18
618 18
619 17
620 28
621 22
622 272
623 23
624 18
625 18
626 20
627 18
628 17
629 18
630 18
631 17
632 18
633 18
634 17
635 18
636 18
637 19
638 18
639 18
640 18
641 30
642 18
643 18
644 18
645 17
646 24
647 19
648 18
649 17
650 17
651 17
652 17
653 17
654 18
655 18
656 18
657 17
658 17
659 17
660 18
661 18
662 18
663 17
664 17
665 17
666 17
667 17
668 18
669 17
670 25
671 18
672 17
673 17
674 18
675 18
676 18
677 17
678 17
679 17
680 19
681 17
682 18
683 18
684 18
685 17
686 17
687 17
688 17
689 18
690 17
691 17
692 18
693 18
694 18
695 18
696 17
697 18
698 17
699 17
700 17
701 18
702 18
703 17
704 17
705 18
706 19
707 17
708 18
709 18
710 18
711 17
712 17
713 17
714 17
715 18
716 18
717 18
718 18
719 26
720 18
721 18
722 19
723 18
724 17
725 17
726 17
727 17
728 17
729 17
730 18
731 21
732 18
733 18
734 18
735 17
736 17
737 17
738 17
739 18
740 18
741 18
742 17
743 17
744 17
745 17
746 17
747 18
748 18
749 18
750 17
751 17
752 17
753 17
754 17
755 17
756 17
757 17
758 17
759 17
760 17
761 17
762 18
763 17
764 18
765 19
766 18
767 17
768 17
769 17
770 17
771 17
772 17
773 17
774 17
775 17
776 17
777 17
778 17
779 17
780 18
781 19
782 19
783 17
784 17
785 17
786 18
787 18
788 17
789 18
790 17
791 17
792 18
793 19
794 18
795 17
796 17
797 17
798 17
799 17
800 17
801 17
802 17
803 18
804 18
805 18
806 17
807 17
808 17
809 18
810 17
811 17
812 17
813 17
814 17
815 17
816 18
817 18
818 17
819 18
820 19
821 18
822 18
823 18
824 18
825 18
826 18
827 17
828 17
829 17
830 17
831 18
832 18
833 18
834 17
835 17
836 27
837 19
838 18
839 17
840 19
841 17
842 17
843 17
844 17
845 18
846 17
847 17
848 17
849 17
850 17
851 17
852 17
853 19
854 18
855 18
856 18
857 18
858 18
859 18
860 17
861 18
862 20
863 18
864 19
865 17
866 18
867 17
868 18
869 17
870 18
871 17
872 17
873 17
874 17
875 17
876 17
877 18
878 17
879 17
880 17
881 19
882 18
883 18
884 18
885 17
886 17
887 17
888 17
889 17
890 18
891 18
892 18
893 17
894 17
895 17
896 17
897 18
898 19
899 18
900 17
901 17
902 18
903 17
904 18
905 18
906 18
907 17
908 17
909 17
910 17
911 17
912 18
913 18
914 18
915 18
916 18
917 17
918 18
919 18
920 17
921 17
922 17
923 17
924 18
925 18
926 19
927 18
928 18
929 17
930 17
931 17
932 17
933 17
934 17
935 17
936 18
937 17
938 17
939 18
940 18
941 18
942 17
943 18
944 17
945 17
946 17
947 18
948 17
949 18
950 18
951 18
952 17
953 20
954 29
955 19
956 18
957 18
958 17
959 18
960 18
961 18
962 19
963 18
964 19
965 19
966 30
967 18
968 18
969 17
970 17
971 18
972 17
973 17
974 18
975 18
976 18
977 18
978 17
979 17
980 18
981 17
982 18
983 18
984 18
985 19
986 18
987 18
988 18
989 18
990 18
991 19
992 18
993 17
994 18
995 17
996 18
997 18
998 17
999 18
1000 17
1001 17
1002 17
1003 17
1004 17
1005 18
1006 17
1007 17
1008 18
1009 17
1010 19
1011 18
1012 18
1013 19
1014 18
1015 19
1016 19
1017 18
1018 18
1019 18
1020 17
1021 18
1022 18
1023 27
1024 18
1025 17
1026 18
1027 17
1028 18
1029 19
1030 18
1031 18
1032 17
1033 18
1034 17
1035 17
1036 18
1037 17
1038 18
1039 17
1040 18
1041 18
1042 17
1043 18
1044 17
1045 18
1046 18
1047 18
1048 18
1049 17
1050 17
1051 18
1052 17
1053 17
1054 17
1055 18
1056 18
1057 17
1058 18
1059 17
1060 17
1061 17
1062 19
1063 17
1064 19
1065 17
1066 17
1067 18
1068 17
1069 17
1070 18
1071 18
1072 17
1073 17
1074 18
1075 17
1076 18
1077 18
1078 26
1079 18
1080 18
1081 18
1082 18
1083 24
1084 18
1085 17
1086 18
1087 18
1088 17
1089 19
1090 18
1091 17
1092 18
1093 18
1094 17
1095 18
1096 17
1097 17
1098 18
1099 17
1100 18
1101 18
1102 17
1103 18
1104 17
1105 17
1106 18
1107 17
1108 18
1109 18
1110 18
1111 17
1112 19
1113 18
1114 19
1115 18
1116 18
1117 17
1118 17
1119 17
1120 17
1121 17
1122 17
1123 18
1124 17
1125 18
1126 18
1127 17
1128 17
1129 17
1130 17
1131 17
1132 17
1133 17
1134 23
1135 18
1136 18
1137 18
1138 18
1139 19
1140 19
1141 23
1142 18
1143 17
1144 17
1145 18
1146 17
1147 17
1148 17
1149 18
1150 17
1151 17
1152 17
1153 17
1154 17
1155 17
1156 18
1157 18
1158 17
1159 17
1160 18
1161 18
1162 18
1163 18
1164 18
1165 18
1166 17
1167 17
1168 17
1169 17
1170 17
1171 17
1172 26
1173 18
1174 19
1175 17
1176 17
1177 17
1178 17
1179 17
1180 17
1181 17
1182 17
1183 17
1184 18
1185 18
1186 18
1187 17
1188 17
1189 18
1190 18
1191 18
1192 17
1193 18
1194 18
1195 17
1196 18
1197 18
1198 18
1199 18
1200 18
1201 17
1202 17
1203 17
1204 18
1205 26
1206 18
1207 18
1208 17
1209 17
1210 17
1211 18
1212 17
1213 17
1214 18
1215 17
1216 17
1217 17
1218 17
1219 18
1220 17
1221 18
1222 18
1223 18
1224 18
1225 17
1226 17
1227 17
1228 17
1229 17
1230 18
1231 18
1232 17
1233 18
1234 21
1235 17
1236 17
1237 17
1238 18
1239 18
1240 18
1241 18
1242 18
1243 17
1244 17
1245 18
1246 19
1247 18
1248 17
1249 17
1250 17
1251 25
1252 18
1253 18
1254 18
1255 18
1256 17
1257 17
1258 17
1259 17
1260 17
1261 18
1262 19
1263 17
1264 17
1265 17
1266 18
1267 18
1268 18
1269 18
1270 17
1271 17
1272 17
1273 17
1274 17
1275 17
1276 17
1277 17
1278 18
1279 18
1280 18
1281 17
1282 18
1283 18
1284 19
1285 18
1286 18
1287 17
1288 17
1289 17
1290 17
1291 17
1292 17
1293 17
1294 17
1295 18
1296 18
1297 18
1298 18
1299 18
1300 17
1301 17
1302 17
1303 17
1304 17
1305 17
1306 17
1307 25
1308 19
1309 18
1310 17
1311 21
1312 18
1313 18
1314 19
1315 18
1316 17
1317 18
1318 17
1319 163
1320 18
1321 18
1322 18
1323 17
1324 18
1325 17
1326 18
1327 19
1328 18
1329 18
1330 18
1331 17
1332 18
1333 18
1334 18
1335 17
1336 18
1337 18
1338 18
1339 17
1340 17
1341 18
1342 18
1343 18
1344 18
1345 18
1346 17
1347 18
1348 18
1349 18
1350 17
1351 17
1352 18
1353 17
1354 17
1355 17
1356 18
1357 17
1358 18
1359 18
1360 18
1361 18
1362 18
1363 17
1364 17
1365 18
1366 18
1367 17
1368 18
1369 18
1370 17
1371 18
1372 18
1373 17
1374 17
1375 17
1376 17
1377 18
1378 17
1379 18
1380 17
1381 17
1382 18
1383 18
1384 18
1385 18
1386 17
1387 17
1388 17
1389 18
1390 18
1391 17
1392 18
1393 18
1394 18
1395 17
1396 18
1397 17
1398 17
1399 17
1400 17
1401 17
1402 17
1403 17
1404 17
1405 17
1406 17
1407 17
1408 17
1409 17
1410 17
1411 19
1412 17
1413 18
1414 17
1415 17
1416 18
1417 19
1418 18
1419 17
1420 17
1421 17
1422 18
1423 17
1424 17
1425 18
1426 18
1427 18
1428 17
1429 18
1430 18
1431 17
1432 17
1433 17
1434 17
1435 17
1436 18
1437 18
1438 18
1439 18
1440 18
1441 18
1442 18
1443 18
1444 17
1445 17
1446 17
1447 17
1448 17
1449 17
1450 18
1451 17
1452 17
1453 17
1454 17
1455 17
1456 17
1457 17
1458 17
1459 17
1460 17
1461 17
1462 27
1463 19
1464 18
1465 17
1466 17
1467 18
1468 17
1469 17
1470 18
1471 18
1472 17
1473 18
1474 18
1475 17
1476 17
1477 18
1478 17
1479 17
1480 17
1481 17
1482 17
1483 26
1484 18
1485 17
1486 17
1487 17
1488 17
1489 18
1490 18
1491 33
1492 18
1493 19
1494 18
1495 18
1496 17
1497 17
1498 17
1499 18
1500 19
1501 18
1502 17
1503 18
1504 17
1505 17
1506 17
1507 17
1508 17
1509 17
1510 17
1511 17
1512 18
1513 18
1514 17
1515 17
1516 17
1517 17
1518 17
1519 17
1520 17
1521 17
1522 18
1523 18
1524 17
1525 17
1526 17
1527 17
1528 18
1529 17
1530 18
1531 18
1532 18
1533 18
1534 18
1535 17
1536 17
1537 18
1538 17
1539 19
1540 18
1541 18
1542 17
1543 17
1544 18
1545 18
1546 18
1547 17
1548 18
1549 17
1550 18
1551 17
1552 18
1553 18
1554 17
1555 17
1556 17
1557 18
1558 18
1559 17
1560 18
1561 17
1562 17
1563 17
1564 17
1565 17
1566 18
1567 27
1568 18
1569 18
1570 17
1571 17
1572 17
1573 17
1574 17
1575 17
1576 17
1577 17
1578 19
1579 17
1580 18
1581 17
1582 17
1583 17
1584 17
1585 17
1586 17
1587 17
1588 17
1589 17
1590 17
1591 17
1592 17
1593 17
1594 17
1595 19
1596 18
1597 18
1598 17
1599 17
1600 17
1601 17
1602 17
1603 17
1604 17
1605 17
1606 18
1607 17
1608 18
1609 18
1610 17
1611 17
1612 17
1613 17
1614 17
1615 17
1616 17
1617 17
1618 17
1619 17
1620 17
1621 17
1622 17
1623 18
1624 17
1625 18
1626 17
1627 17
1628 17
1629 17
1630 17
1631 17
1632 17
1633 17
1634 17
1635 17
1636 17
1637 17
1638 18
1639 27
1640 18
1641 17
1642 17
1643 17
1644 17
1645 18
1646 18
1647 18
1648 18
1649 17
1650 18
1651 18
1652 18
1653 17
1654 18
1655 19
1656 18
1657 18
1658 18
1659 17
1660 17
1661 18
1662 17
1663 17
1664 18
1665 18
1666 17
1667 18
1668 19
1669 141
1670 21
1671 18
1672 28
1673 18
1674 18
1675 18
1676 18
1677 18
1678 17
1679 17
1680 17
1681 18
1682 18
1683 18
1684 19
1685 17
1686 18
1687 17
1688 18
1689 17
1690 18
1691 17
1692 18
1693 18
1694 18
1695 18
1696 18
1697 18
1698 18
1699 18
1700 18
1701 18
1702 17
1703 18
1704 18
1705 18
1706 18
1707 17
1708 18
1709 17
1710 18
1711 19
1712 19
1713 17
1714 18
1715 18
1716 28
1717 18
1718 20
1719 18
1720 18
1721 17
1722 17
1723 17
1724 17
1725 17
1726 17
1727 18
1728 17
1729 17
1730 17
1731 17
1732 18
1733 18
1734 18
1735 20
1736 17
1737 18
1738 17
1739 17
1740 17
1741 17
1742 17
1743 17
1744 17
1745 17
1746 17
1747 17
1748 18
1749 18
1750 19
1751 18
1752 18
1753 17
1754 18
1755 18
1756 18
1757 19
1758 18
1759 18
1760 18
1761 18
1762 18
1763 17
1764 18
1765 18
1766 17
1767 17
1768 17
1769 17
1770 18
1771 18
1772 19
1773 17
1774 18
1775 18
1776 18
1777 18
1778 19
1779 18
1780 17
1781 17
1782 17
1783 17
1784 17
1785 17
1786 18
1787 17
1788 18
1789 18
1790 17
1791 17
1792 18
1793 18
1794 18
1795 19
1796 18
1797 18
1798 17
1799 18
1800 17
1801 17
1802 18
1803 17
1804 17
1805 18
1806 17
1807 17
1808 18
1809 18
1810 17
1811 18
1812 18
1813 17
1814 18
1815 18
1816 17
1817 18
1818 18
1819 17
1820 19
1821 18
1822 19
1823 28
1824 19
1825 19
1826 18
1827 19
1828 18
1829 18
1830 19
1831 18
1832 18
1833 17
1834 18
1835 18
1836 17
1837 18
1838 18
1839 19
1840 29
1841 17
1842 18
1843 19
1844 19
1845 21
1846 20
1847 18
1848 18
1849 18
1850 17
1851 17
1852 18
1853 17
1854 17
1855 17
1856 18
1857 18
1858 17
1859 27
1860 18
1861 17
1862 17
1863 17
1864 17
1865 17
1866 18
1867 17
1868 17
1869 18
1870 17
1871 18
1872 18
1873 19
1874 17
1875 17
1876 18
1877 18
1878 18
1879 18
1880 18
1881 18
1882 17
1883 17
1884 17
1885 17
1886 19
1887 18
1888 20
1889 18
1890 18
1891 18
1892 19
1893 20
1894 19
1895 17
1896 18
1897 18
1898 18
1899 17
1900 17
1901 18
1902 18
1903 17
1904 17
1905 17
1906 18
1907 18
1908 18
1909 18
1910 19
1911 18
1912 18
1913 18
1914 17
1915 17
1916 17
1917 17
1918 17
1919 17
1920 17
1921 18
1922 17
1923 17
1924 17
1925 18
1926 18
1927 17
1928 18
1929 18
1930 17
1931 18
1932 17
1933 18
1934 18
1935 18
1936 18
1937 18
1938 18
1939 18
1940 17
1941 17
1942 17
1943 20
1944 18
1945 18
1946 18
1947 18
1948 17
1949 17
1950 17
1951 17
1952 17
1953 17
1954 17
1955 17
1956 17
1957 17
1958 17
1959 29
1960 19
1961 18
1962 18
1963 17
1964 17
1965 18
1966 18
1967 18
1968 18
1969 17
1970 17
1971 17
1972 18
1973 17
1974 18
1975 18
1976 19
1977 18
1978 19
1979 17
1980 17
1981 17
1982 17
1983 18
1984 17
1985 17
1986 17
1987 19
1988 18
1989 18
1990 17
1991 17
1992 18
1993 18
1994 18
1995 17
1996 17
1997 17
1998 17
1999 17
2000 17
2001 17
2002 17
2003 26
2004 19
2005 17
2006 17
2007 17
2008 18
2009 18
2010 17
2011 17
2012 18
2013 17
2014 18
2015 19
2016 18
2017 22
2018 17
2019 18
2020 18
2021 18
2022 18
2023 18
2024 18
2025 18
2026 17
2027 17
2028 18
2029 17
2030 19
2031 18
2032 17
2033 17
2034 18
2035 18
2036 17
2037 18
2038 18
2039 17
2040 18
2041 17
2042 18
2043 18
2044 17
2045 18
2046 17
2047 18
2048 18
2049 18
2050 18
2051 21
2052 19
2053 18
2054 18
2055 18
2056 18
2057 18
2058 22
2059 20
2060 17
2061 17
2062 18
2063 19
2064 20
2065 18
2066 19
2067 19
2068 17
2069 17
2070 18
2071 18
2072 18
2073 18
2074 18
2075 18
2076 17
2077 17
2078 18
2079 18
2080 19
2081 18
2082 18
2083 17
2084 17
2085 17
2086 19
2087 20
2088 21
2089 18
2090 18
2091 23
2092 19
2093 19
2094 17
2095 19
2096 19
2097 17
2098 17
2099 19
2100 18
2101 19
2102 18
2103 17
2104 19
2105 18
2106 19
2107 21
2108 18
2109 17
2110 18
2111 19
2112 17
2113 18
2114 18
2115 22
2116 19
2117 18
2118 19
2119 18
2120 17
2121 19
2122 17
2123 18
2124 18
2125 18
2126 17
2127 19
2128 17
2129 19
2130 18
2131 17
2132 18
2133 18
2134 18
2135 19
2136 18
2137 19
2138 17
2139 17
2140 18
2141 17
2142 18
2143 18
2144 19
2145 19
2146 18
2147 18
2148 17
2149 18
2150 18
2151 27
2152 18
2153 18
2154 17
2155 18
2156 17
2157 18
2158 17
2159 17
2160 17
2161 17
2162 17
2163 18
2164 18
2165 18
2166 18
2167 17
2168 18
2169 17
2170 17
2171 18
2172 18
2173 17
2174 18
2175 18
2176 18
2177 17
2178 17
2179 21
2180 18
2181 18
2182 17
2183 18
2184 18
2185 17
2186 18
2187 18
2188 18
2189 17
2190 17
2191 18
2192 18
2193 17
2194 17
2195 18
2196 18
2197 17
2198 17
2199 17
2200 18
2201 17
2202 18
2203 18
2204 18
2205 17
2206 17
2207 17
2208 18
2209 17
2210 17
2211 17
2212 17
2213 18
2214 18
2215 17
2216 18
2217 18
2218 17
2219 17
2220 18
2221 18
2222 17
2223 17
2224 17
2225 18
2226 18
2227 17
2228 18
2229 18
2230 18
2231 18
2232 17
2233 19
2234 18
2235 18
2236 17
2237 17
2238 18
2239 18
2240 18
2241 17
2242 18
2243 35
2244 21
2245 18
2246 18
2247 18
2248 20
2249 23
2250 20
2251 19
2252 18
2253 18
2254 18
2255 19
2256 18
2257 19
2258 19
2259 20
2260 20
2261 20
2262 18
2263 18
2264 17
2265 18
2266 18
2267 17
2268 19
2269 18
2270 17
2271 20
2272 20
2273 19
2274 20
2275 18
2276 18
2277 17
2278 18
2279 19
2280 17
2281 32
2282 21
2283 19
2284 18
2285 18
2286 18
2287 18
2288 18
2289 19
2290 18
2291 21
2292 19
2293 17
2294 18
2295 18
2296 18
2297 17
2298 18
2299 17
2300 17
2301 17
2302 17
2303 18
2304 17
2305 17
2306 32
2307 26
2308 18
2309 18
2310 18
2311 17
2312 20
2313 21
2314 17
2315 17
2316 19
2317 21
2318 19
2319 18
2320 17
2321 18
2322 19
2323 17
2324 19
2325 17
2326 18
2327 18
2328 17
2329 19
2330 19
2331 19
2332 19
2333 18
2334 18
2335 18
2336 16
2337 19
2338 19
2339 18
2340 18
2341 19
2342 18
2343 17
2344 19
2345 20
2346 19
2347 22
2348 37
2349 20
2350 19
2351 18
2352 18
2353 18
2354 18
2355 18
2356 18
2357 18
2358 17
2359 18
2360 18
2361 29
2362 18
2363 19
2364 17
2365 17
2366 17
2367 17
2368 17
2369 17
2370 17
2371 19
2372 18
2373 17
2374 18
2375 18
2376 17
2377 17
2378 17
2379 18
2380 18
2381 18
2382 17
2383 17
2384 17
2385 18
2386 17
2387 17
2388 17
2389 18
2390 18
2391 17
2392 17
2393 17
2394 17
2395 17
2396 17
2397 17
2398 17
2399 17
2400 17
2401 17
2402 17
2403 17
2404 17
2405 17
2406 17
2407 17
2408 17
2409 17
2410 17
2411 17
2412 17
2413 17
2414 17
2415 17
2416 17
2417 17
2418 17
2419 17
2420 17
2421 17
2422 17
2423 17
2424 17
2425 17
2426 17
2427 17
2428 17
2429 17
2430 16
2431 17
2432 17
2433 18
2434 17
2435 19
2436 17
2437 17
2438 17
2439 17
2440 17
2441 17
2442 17
2443 17
2444 18
2445 17
2446 17
2447 18
2448 17
2449 17
2450 17
2451 17
2452 17
2453 18
2454 18
2455 18
2456 18
2457 17
2458 17
2459 17
2460 17
2461 17
2462 18
2463 18
2464 17
2465 17
2466 17
2467 17
2468 17
2469 18
2470 18
2471 17
2472 17
2473 17
2474 17
2475 17
2476 17
2477 17
2478 17
2479 17
2480 18
2481 17
2482 18
2483 18
2484 18
2485 17
2486 17
2487 17
2488 17
2489 17
2490 17
2491 17
2492 17
2493 17
2494 17
2495 17
2496 17
2497 17
2498 17
2499 19
2500 17
2501 17
2502 17
2503 18
2504 17
2505 17
2506 17
2507 18
2508 17
2509 17
2510 17
2511 17
2512 17
2513 17
2514 17
2515 17
2516 17
2517 18
2518 17
2519 18
2520 17
2521 17
2522 17
2523 18
2524 17
2525 17
2526 17
2527 17
2528 17
2529 18
2530 17
2531 17
2532 17
2533 17
2534 17
2535 18
2536 17
2537 17
2538 17
2539 17
2540 17
2541 17
2542 17
2543 19
2544 17
2545 17
2546 17
2547 17
2548 17
2549 17
2550 17
2551 17
2552 18
2553 17
2554 18
2555 17
2556 17
2557 17
2558 17
2559 17
2560 16
2561 17
2562 18
2563 20
2564 17
2565 17
2566 17
2567 18
2568 17
2569 17
2570 17
2571 17
2572 17
2573 18
2574 17
2575 17
2576 17
2577 18
2578 17
2579 17
2580 17
2581 17
2582 18
2583 18
2584 17
2585 17
2586 17
2587 17
2588 17
2589 17
2590 18
2591 18
2592 18
2593 16
2594 17
2595 17
2596 17
2597 17
2598 17
2599 17
2600 17
2601 17
2602 17
2603 17
2604 17
2605 17
2606 17
2607 17
2608 17
2609 17
2610 17
2611 17
2612 17
2613 17
2614 17
2615 17
2616 17
2617 17
2618 17
2619 17
2620 17
2621 17
2622 17
2623 17
2624 17
2625 17
2626 17
2627 19
2628 18
2629 17
2630 17
2631 18
2632 17
2633 17
2634 17
2635 17
2636 17
2637 17
2638 17
2639 18
2640 17
2641 17
2642 18
2643 17
2644 17
2645 17
2646 17
2647 17
2648 17
2649 17
2650 17
2651 17
2652 17
2653 17
2654 17
2655 17
2656 17
2657 17
2658 17
2659 18
2660 17
2661 17
2662 18
2663 17
2664 17
2665 17
2666 17
2667 17
2668 17
2669 18
2670 18
2671 17
2672 17
2673 17
2674 17
2675 18
2676 18
2677 17
2678 17
2679 17
2680 17
2681 17
2682 17
2683 17
2684 17
2685 17
2686 17
2687 17
2688 17
2689 17
2690 17
2691 19
2692 17
2693 18
2694 18
2695 17
2696 17
2697 17
2698 17
2699 17
2700 17
2701 17
2702 17
2703 17
2704 17
2705 17
2706 17
2707 17
2708 17
2709 17
2710 17
2711 17
2712 17
2713 17
2714 18
2715 18
2716 17
2717 17
2718 17
2719 17
2720 18
2721 18
2722 17
2723 17
2724 34
2725 17
2726 16
2727 17
2728 17
2729 17
2730 17
2731 17
2732 17
2733 17
2734 17
2735 18
2736 18
2737 17
2738 18
2739 16
2740 17
2741 17
2742 17
2743 17
2744 17
2745 17
2746 17
2747 17
2748 17
2749 17
2750 17
2751 17
2752 17
2753 17
2754 17
2755 19
2756 17
2757 17
2758 17
2759 17
2760 17
2761 17
2762 17
2763 17
2764 17
2765 17
2766 17
2767 17
2768 17
2769 17
2770 17
2771 17
2772 17
2773 17
2774 17
2775 17
2776 17
2777 22
2778 17
2779 17
2780 17
2781 17
2782 17
2783 17
2784 17
2785 18
2786 17
2787 17
2788 17
2789 17
2790 17
2791 17
2792 17
2793 17
2794 17
2795 17
2796 17
2797 17
2798 17
2799 17
2800 17
2801 17
2802 17
2803 17
2804 17
2805 17
2806 17
2807 18
2808 17
2809 17
2810 17
2811 17
2812 17
2813 17
2814 17
2815 17
2816 17
2817 17
2818 16
2819 19
2820 17
2821 17
2822 17
2823 18
2824 18
2825 17
2826 17
2827 18
2828 18
2829 18
2830 17
2831 17
2832 17
2833 17
2834 17
2835 17
2836 18
2837 17
2838 17
2839 18
2840 17
2841 17
2842 17
2843 17
2844 17
2845 17
2846 17
2847 18
2848 17
2849 17
2850 17
2851 17
2852 17
2853 17
2854 17
2855 17
2856 17
2857 17
2858 17
2859 17
2860 17
2861 17
2862 17
2863 17
2864 17
2865 17
2866 17
2867 18
2868 17
2869 17
2870 18
2871 17
2872 17
2873 17
2874 17
2875 17
2876 17
2877 17
2878 17
2879 18
2880 17
2881 17
2882 17
2883 19
2884 17
2885 17
2886 17
2887 17
2888 17
2889 17
2890 17
2891 17
2892 17
2893 17
2894 17
2895 18
2896 17
2897 18
2898 18
2899 17
2900 17
2901 17
2902 17
2903 17
2904 18
2905 27
2906 17
2907 17
2908 18
2909 17
2910 17
2911 17
2912 17
2913 17
2914 17
2915 17
2916 17
2917 18
2918 17
2919 17
2920 17
2921 17
2922 17
2923 17
2924 18
2925 18
2926 17
2927 17
2928 17
2929 17
2930 17
2931 17
2932 17
2933 17
2934 17
2935 17
2936 18
2937 17
2938 18
2939 17
2940 20
2941 17
2942 17
2943 17
2944 17
2945 17
2946 17
2947 19
2948 17
2949 17
2950 17
2951 18
2952 17
2953 17
2954 17
2955 17
2956 17
2957 17
2958 17
2959 17
2960 17
2961 20
2962 17
2963 17
2964 17
2965 17
2966 17
2967 17
2968 17
2969 17
2970 17
2971 17
2972 17
2973 16
2974 17
2975 17
2976 17
2977 16
2978 17
2979 17
2980 17
2981 18
2982 18
2983 17
2984 17
2985 17
2986 17
2987 18
2988 17
2989 17
2990 17
2991 17
2992 17
2993 17
2994 17
2995 17
2996 17
2997 17
2998 17
2999 17
3000 18
3001 18
3002 18
3003 18
3004 17
3005 17
3006 17
3007 18
3008 17
3009 17
3010 17
3011 19
3012 17
3013 18
3014 18
3015 17
3016 18
3017 17
3018 17
3019 17
3020 17
3021 17
3022 17
3023 17
3024 17
3025 17
3026 17
3027 17
3028 17
3029 18
3030 17
3031 17
3032 17
3033 17
3034 17
3035 17
3036 17
3037 17
3038 17
3039 17
3040 18
3041 17
3042 18
3043 18
3044 17
3045 17
3046 17
3047 17
3048 17
3049 17
3050 17
3051 17
3052 17
3053 17
3054 17
3055 17
3056 17
3057 17
3058 18
3059 17
3060 17
3061 17
3062 17
3063 17
3064 17
3065 17
3066 17
3067 17
3068 17
3069 17
3070 17
3071 18
3072 17
3073 17
3074 17
3075 20
3076 17
3077 17
3078 17
3079 17
3080 17
3081 17
3082 16
3083 17
3084 17
3085 17
3086 40
3087 18
3088 17
3089 17
3090 17
3091 17
3092 17
3093 18
3094 17
3095 18
3096 17
3097 17
3098 17
3099 17
3100 17
3101 17
3102 18
3103 18
3104 18
3105 18
3106 17
3107 17
3108 17
3109 17
3110 17
3111 17
3112 16
3113 17
3114 17
3115 17
3116 17
3117 17
3118 17
3119 17
3120 17
3121 18
3122 17
3123 18
3124 18
3125 18
3126 18
3127 17
3128 17
3129 17
3130 17
3131 17
3132 17
3133 17
3134 17
3135 17
3136 17
3137 17
3138 17
3139 19
3140 18
3141 17
3142 18
3143 17
3144 17
3145 17
3146 17
3147 17
3148 17
3149 17
3150 17
3151 17
3152 17
3153 17
3154 17
3155 17
3156 17
3157 17
3158 17
3159 17
3160 17
3161 17
3162 17
3163 17
3164 17
3165 17
3166 17
3167 18
3168 18
3169 18
3170 17
3171 17
3172 17
3173 17
3174 17
3175 17
3176 17
3177 17
3178 17
3179 17
3180 17
3181 17
3182 17
3183 17
3184 17
3185 17
3186 18
3187 17
3188 17
3189 17
3190 17
3191 18
3192 17
3193 17
3194 17
3195 17
3196 17
3197 17
3198 17
3199 17
3200 17
3201 17
3202 17
3203 19
3204 17
3205 17
3206 17
3207 17
3208 17
3209 16
3210 17
3211 17
3212 17
3213 17
3214 17
3215 17
3216 17
3217 17
3218 17
3219 18
3220 17
3221 17
3222 17
3223 17
3224 17
3225 17
3226 17
3227 17
3228 17
3229 16
3230 18
3231 17
3232 17
3233 17
3234 17
3235 17
3236 17
3237 17
3238 17
3239 17
3240 17
3241 17
3242 17
3243 17
3244 17
3245 17
3246 17
3247 17
3248 17
3249 17
3250 17
3251 17
3252 17
3253 17
3254 17
3255 16
3256 17
3257 17
3258 17
3259 17
3260 17
3261 17
3262 17
3263 17
3264 17
3265 17
3266 17
3267 20
3268 25
3269 18
3270 17
3271 17
3272 17
3273 17
3274 17
3275 17
3276 17
3277 17
3278 17
3279 17
3280 17
3281 17
3282 18
3283 17
3284 17
3285 17
3286 17
3287 17
3288 18
3289 17
3290 17
3291 17
3292 17
3293 18
3294 17
3295 17
3296 17
3297 17
3298 17
3299 17
3300 17
3301 17
3302 17
3303 18
3304 17
3305 17
3306 17
3307 17
3308 17
3309 17
3310 17
3311 17
3312 17
3313 17
3314 17
3315 17
3316 17
3317 17
3318 17
3319 17
3320 17
3321 17
3322 17
3323 17
3324 17
3325 17
3326 17
3327 17
3328 17
3329 18
3330 18
3331 17
3332 18
3333 18
3334 17
3335 18
3336 17
3337 17
3338 17
3339 17
3340 17
3341 17
3342 17
3343 17
3344 17
3345 17
3346 17
3347 17
3348 18
3349 17
3350 17
3351 17
3352 17
3353 17
3354 17
3355 17
3356 17
3357 17
3358 17
3359 18
3360 17
3361 17
3362 17
3363 17
3364 17
3365 17
3366 17
3367 17
3368 17
3369 17
3370 17
3371 17
3372 18
3373 18
3374 17
3375 18
3376 17
3377 17
3378 17
3379 17
3380 17
3381 17
3382 17
3383 17
3384 18
3385 17
3386 18
3387 18
3388 17
3389 17
3390 17
3391 17
3392 17
3393 18
3394 18
3395 18
3396 18
3397 18
3398 18
3399 18
3400 17
3401 17
3402 17
3403 17
3404 17
3405 17
3406 17
3407 17
3408 18
3409 17
3410 17
3411 17
3412 17
3413 17
3414 18
3415 17
3416 17
3417 17
3418 18
3419 17
3420 17
3421 17
3422 17
3423 17
3424 17
3425 18
3426 17
3427 17
3428 17
3429 17
3430 17
3431 17
3432 17
3433 17
3434 17
3435 17
3436 17
3437 17
3438 17
3439 17
3440 25
3441 18
3442 17
3443 17
3444 17
3445 17
3446 17
3447 16
3448 17
3449 17
3450 17
3451 17
3452 17
3453 17
3454 17
3455 17
3456 17
3457 17
3458 17
3459 17
3460 18
3461 18
3462 17
3463 17
3464 17
3465 18
3466 17
3467 18
3468 17
3469 17
3470 17
3471 17
3472 17
3473 17
3474 17
3475 17
3476 17
3477 17
3478 17
3479 18
3480 17
3481 17
3482 18
3483 17
3484 17
3485 17
3486 17
3487 18
3488 17
3489 17
3490 17
3491 17
3492 17
3493 17
3494 17
3495 17
3496 18
3497 18
3498 17
3499 18
3500 18
3501 17
3502 17
3503 17
3504 17
3505 17
3506 17
3507 17
3508 17
3509 17
3510 17
3511 18
3512 17
3513 17
3514 17
3515 18
3516 17
3517 18
3518 17
3519 17
3520 17
3521 18
3522 17
3523 17
3524 18
3525 18
3526 17
3527 17
3528 17
3529 17
3530 17
3531 17
3532 17
3533 17
3534 17
3535 17
3536 18
3537 18
3538 17
3539 17
3540 17
3541 17
3542 17
3543 17
3544 17
3545 17
3546 17
3547 17
3548 18
3549 17
3550 17
3551 17
3552 17
3553 17
3554 17
3555 17
3556 17
3557 17
3558 17
3559 18
3560 17
3561 17
3562 17
3563 17
3564 17
3565 17
3566 17
3567 17
3568 17
3569 17
3570 17
3571 17
3572 17
3573 17
3574 17
3575 18
3576 17
3577 17
3578 17
3579 17
3580 17
3581 17
3582 17
3583 17
3584 17
3585 17
3586 18
3587 18
3588 17
3589 17
3590 17
3591 17
3592 17
3593 17
3594 18
3595 18
3596 18
3597 17
3598 18
3599 17
3600 17
3601 17
3602 18
3603 17
3604 18
3605 18
3606 17
3607 18
3608 17
3609 17
3610 17
3611 17
3612 17
3613 17
3614 17
3615 17
3616 17
3617 17
3618 17
3619 17
3620 17
3621 17
3622 19
3623 18
3624 18
3625 18
3626 18
3627 18
3628 18
3629 17
3630 17
3631 17
3632 17
3633 17
3634 17
3635 18
3636 17
3637 17
3638 17
3639 17
3640 17
3641 18
3642 17
3643 17
3644 17
3645 17
3646 17
3647 17
3648 17
3649 17
3650 17
3651 18
3652 17
3653 17
3654 17
3655 17
3656 17
3657 18
3658 17
3659 18
3660 17
3661 17
3662 17
3663 17
3664 18
3665 18
3666 18
3667 17
3668 18
3669 17
3670 17
3671 17
3672 17
3673 17
3674 17
3675 17
3676 17
3677 17
3678 17
3679 17
3680 17
3681 18
3682 17
3683 18
3684 18
3685 17
3686 17
3687 17
3688 17
3689 17
3690 17
3691 18
3692 17
3693 17
3694 17
3695 17
3696 17
3697 17
3698 18
3699 18
3700 18
3701 17
3702 17
3703 17
3704 17
3705 17
3706 17
3707 17
3708 17
3709 17
3710 18
3711 17
3712 17
3713 17
3714 17
3715 17
3716 17
3717 17
3718 17
3719 17
3720 18
3721 17
3722 17
3723 17
3724 17
3725 17
3726 17
3727 17
3728 17
3729 17
3730 17
3731 17
3732 17
3733 17
3734 17
3735 17
3736 17
3737 17
3738 17
3739 17
3740 17
3741 17
3742 17
3743 18
3744 17
3745 18
3746 18
3747 17
3748 17
3749 17
3750 17
3751 17
3752 17
3753 17
3754 17
3755 17
3756 17
3757 16
3758 18
3759 17
3760 17
3761 17
3762 17
3763 17
3764 17
3765 17
3766 17
3767 18
3768 17
3769 17
3770 17
3771 17
3772 17
3773 17
3774 17
3775 17
3776 17
3777 17
3778 17
3779 17
3780 17
3781 18
3782 17
3783 17
3784 17
3785 17
3786 17
3787 17
3788 17
3789 17
3790 17
3791 17
3792 17
3793 17
3794 17
3795 17
3796 18
3797 17
3798 17
3799 17
3800 17
3801 17
3802 17
3803 28
3804 17
3805 17
3806 17
3807 17
3808 17
3809 17
3810 17
3811 17
3812 17
3813 17
3814 17
3815 17
3816 17
3817 17
3818 17
3819 17
3820 17
3821 17
3822 17
3823 17
3824 17
3825 17
3826 18
3827 18
3828 18
3829 18
3830 18
3831 18
3832 18
3833 17
3834 17
3835 18
3836 18
3837 18
3838 17
3839 18
3840 18
3841 17
3842 17
3843 18
3844 17
3845 18
3846 18
3847 18
3848 17
3849 17
3850 17
3851 17
3852 17
3853 17
3854 17
3855 17
3856 17
3857 17
3858 17
3859 17
3860 17
3861 17
3862 17
3863 18
3864 18
3865 17
3866 18
3867 18
3868 17
3869 17
3870 17
3871 17
3872 17
3873 17
3874 17
3875 17
3876 17
3877 17
3878 18
3879 18
3880 18
3881 17
3882 17
3883 17
3884 17
3885 17
3886 17
3887 17
3888 17
3889 17
3890 17
3891 17
3892 17
3893 18
3894 17
3895 17
3896 17
3897 17
3898 18
3899 18
3900 18
3901 17
3902 17
3903 17
3904 18
3905 18
3906 17
3907 17
3908 17
3909 17
3910 17
3911 17
3912 17
3913 17
3914 18
3915 18
3916 18
3917 18
3918 17
3919 17
3920 17
3921 18
3922 18
3923 18
3924 18
3925 18
3926 17
3927 17
3928 18
3929 17
3930 17
3931 18
3932 17
3933 17
3934 17
3935 17
3936 17
3937 17
3938 17
3939 18
3940 17
3941 17
3942 17
3943 17
3944 17
3945 17
3946 17
3947 17
3948 17
3949 18
3950 18
3951 17
3952 17
3953 17
3954 17
3955 18
3956 17
3957 18
3958 18
3959 18
3960 18
3961 17
3962 17
3963 17
3964 17
3965 17
3966 17
3967 17
3968 17
3969 17
3970 17
3971 17
3972 17
3973 17
3974 17
3975 17
3976 17
3977 17
3978 17
3979 17
3980 17
3981 17
3982 17
3983 17
3984 35
3985 18
3986 17
3987 17
3988 17
3989 18
3990 17
3991 17
3992 17
3993 17
3994 17
3995 17
3996 17
3997 17
3998 17
3999 17
4000 18
4001 18
4002 17
4003 17
4004 17
4005 18
4006 18
4007 18
4008 17
4009 17
4010 18
4011 17
4012 17
4013 17
4014 17
4015 17
4016 17
4017 17
4018 17
4019 17
4020 17
4021 17
4022 17
4023 17
4024 17
4025 17
4026 17
4027 17
4028 17
4029 17
4030 17
4031 17
4032 17
4033 17
4034 17
4035 17
4036 17
4037 17
4038 18
4039 18
4040 17
4041 17
4042 17
4043 17
4044 18
4045 18
4046 18
4047 17
4048 17
4049 17
4050 17
4051 17
4052 17
4053 17
4054 17
4055 17
4056 17
4057 17
4058 17
4059 17
4060 17
4061 17
4062 18
4063 18
4064 18
4065 17
4066 17
4067 17
4068 17
4069 17
4070 17
4071 17
4072 17
4073 18
4074 17
4075 17
4076 18
4077 18
4078 18
4079 17
4080 17
4081 17
4082 17
4083 17
4084 18
4085 17
4086 17
4087 17
4088 17
4089 17
4090 17
4091 17
4092 17
4093 18
4094 17
4095 17
4096 17
4097 17
4098 17
4099 17
4100 17
4101 17
4102 17
4103 17
4104 17
4105 17
4106 17
4107 19
4108 17
4109 17
4110 17
4111 17
4112 16
4113 17
4114 17
4115 17
4116 17
4117 17
4118 17
4119 18
4120 17
4121 18
4122 18
4123 18
4124 18
4125 17
4126 17
4127 17
4128 16
4129 17
4130 17
4131 17
4132 17
4133 17
4134 17
4135 17
4136 17
4137 18
4138 17
4139 17
4140 17
4141 18
4142 17
4143 17
4144 17
4145 17
4146 17
4147 17
4148 18
4149 17
4150 17
4151 17
4152 17
4153 18
4154 17
4155 17
4156 17
4157 17
4158 17
4159 17
4160 17
4161 17
4162 17
4163 17
4164 17
4165 17
4166 19
4167 17
4168 17
4169 17
4170 18
4171 19
4172 17
4173 17
4174 17
4175 17
4176 17
4177 17
4178 17
4179 17
4180 17
4181 17
4182 17
4183 17
4184 17
4185 18
4186 17
4187 17
4188 17
4189 17
4190 18
4191 17
4192 17
4193 17
4194 17
4195 17
4196 17
4197 17
4198 17
4199 17
4200 17
4201 17
4202 17
4203 17
4204 17
4205 18
4206 17
4207 17
4208 17
4209 17
4210 17
4211 17
4212 17
4213 17
4214 17
4215 18
4216 18
4217 17
4218 18
4219 17
4220 17
4221 17
4222 17
4223 17
4224 17
4225 17
4226 17
4227 17
4228 17
4229 17
4230 18
4231 17
4232 17
4233 17
4234 17
4235 19
4236 17
4237 17
4238 18
4239 17
4240 17
4241 17
4242 17
4243 17
4244 17
4245 17
4246 17
4247 17
4248 17
4249 17
4250 17
4251 17
4252 17
4253 17
4254 18
4255 17
4256 17
4257 17
4258 17
4259 17
4260 17
4261 17
4262 17
4263 17
4264 17
4265 17
4266 17
4267 17
4268 17
4269 17
4270 17
4271 17
4272 17
4273 18
4274 18
4275 17
4276 17
4277 18
4278 17
4279 17
4280 17
4281 17
4282 17
4283 17
4284 18
4285 17
4286 17
4287 17
4288 18
4289 17
4290 17
4291 17
4292 17
4293 17
4294 17
4295 17
4296 17
4297 17
4298 17
4299 19
4300 17
4301 17
4302 17
4303 17
4304 18
4305 18
4306 17
4307 17
4308 18
4309 17
4310 17
4311 17
4312 17
4313 16
4314 18
4315 17
4316 17
4317 17
4318 17
4319 17
4320 17
4321 17
4322 18
4323 17
4324 17
4325 17
4326 17
4327 17
4328 17
4329 18
4330 18
4331 17
4332 17
4333 17
4334 17
4335 17
4336 18
4337 17
4338 17
4339 17
4340 17
4341 18
4342 18
4343 17
4344 17
4345 17
4346 17
4347 17
4348 18
4349 17
4350 17
4351 18
4352 18
4353 17
4354 17
4355 17
4356 17
4357 17
4358 17
4359 17
4360 17
4361 17
4362 18
4363 20
4364 17
4365 17
4366 17
4367 17
4368 17
4369 18
4370 18
4371 17
4372 18
4373 18
4374 17
4375 17
4376 17
4377 17
4378 17
4379 17
4380 17
4381 17
4382 17
4383 17
4384 17
4385 17
4386 17
4387 17
4388 17
4389 17
4390 17
4391 17
4392 17
4393 17
4394 17
4395 17
4396 17
4397 17
4398 17
4399 17
4400 17
4401 17
4402 17
4403 17
4404 17
4405 17
4406 17
4407 17
4408 18
4409 17
4410 17
4411 17
4412 18
4413 18
4414 18
4415 18
4416 17
4417 17
4418 17
4419 17
4420 17
4421 17
4422 17
4423 17
4424 18
4425 18
4426 17
4427 19
4428 18
4429 17
4430 17
4431 17
4432 17
4433 17
4434 17
4435 17
4436 17
4437 17
4438 17
4439 17
4440 17
4441 17
4442 17
4443 17
4444 17
4445 18
4446 18
4447 17
4448 17
4449 17
4450 18
4451 17
4452 17
4453 17
4454 17
4455 17
4456 17
4457 17
4458 17
4459 17
4460 17
4461 17
4462 17
4463 17
4464 17
4465 17
4466 17
4467 17
4468 17
4469 18
4470 18
4471 17
4472 17
4473 17
4474 17
4475 17
4476 17
4477 17
4478 17
4479 17
4480 17
4481 17
4482 17
4483 17
4484 17
4485 17
4486 17
4487 17
4488 17
4489 17
4490 17
4491 19
4492 17
4493 17
4494 17
4495 18
4496 18
4497 17
4498 17
4499 18
4500 17
4501 17
4502 17
4503 17
4504 16
4505 17
4506 17
4507 17
4508 17
4509 18
4510 17
4511 17
4512 17
4513 18
4514 17
4515 17
4516 17
4517 17
4518 17
4519 18
4520 17
4521 17
4522 18
4523 18
4524 17
4525 18
4526 18
4527 17
4528 18
4529 29
4530 18
4531 17
4532 18
4533 17
4534 17
4535 17
4536 17
4537 17
4538 17
4539 17
4540 17
4541 17
4542 17
4543 17
4544 17
4545 17
4546 17
4547 18
4548 18
4549 18
4550 17
4551 18
4552 17
4553 17
4554 17
4555 20
4556 17
4557 18
4558 18
4559 17
4560 18
4561 17
4562 17
4563 17
4564 17
4565 17
4566 17
4567 17
4568 18
4569 18
4570 17
4571 17
4572 17
4573 17
4574 18
4575 17
4576 18
4577 18
4578 18
4579 17
4580 18
4581 17
4582 17
4583 17
4584 17
4585 17
4586 17
4587 17
4588 17
4589 17
4590 17
4591 17
4592 17
4593 17
4594 17
4595 17
4596 17
4597 17
4598 17
4599 17
4600 17
4601 17
4602 18
4603 18
4604 18
4605 17
4606 17
4607 17
4608 17
4609 17
4610 17
4611 17
4612 17
4613 17
4614 17
4615 17
4616 17
4617 17
4618 17
4619 19
4620 18
4621 18
4622 17
4623 17
4624 17
4625 17
4626 17
4627 17
4628 17
4629 17
4630 17
4631 17
4632 17
4633 17
4634 17
4635 17
4636 18
4637 17
4638 17
4639 18
4640 17
4641 17
4642 18
4643 17
4644 17
4645 17
4646 17
4647 17
4648 18
4649 18
4650 17
4651 17
4652 17
4653 17
4654 17
4655 17
4656 17
4657 17
4658 17
4659 17
4660 17
4661 17
4662 17
4663 18
4664 17
4665 17
4666 18
4667 17
4668 17
4669 18
4670 18
4671 17
4672 18
4673 18
4674 17
4675 17
4676 17
4677 18
4678 18
4679 17
4680 17
4681 17
4682 17
4683 20
4684 18
4685 18
4686 17
4687 17
4688 17
4689 17
4690 18
4691 17
4692 18
4693 17
4694 17
4695 17
4696 17
4697 17
4698 18
4699 17
4700 17
4701 17
4702 17
4703 17
4704 17
4705 17
4706 17
4707 17
4708 17
4709 17
4710 17
4711 146
4712 17
4713 17
4714 17
4715 17
4716 17
4717 16
4718 17
4719 17
4720 17
4721 17
4722 18
4723 18
4724 17
4725 17
4726 18
4727 17
4728 17
4729 17
4730 17
4731 17
4732 17
4733 17
4734 16
4735 17
4736 17
4737 17
4738 17
4739 17
4740 18
4741 18
4742 17
4743 17
4744 17
4745 17
4746 17
4747 17
4748 17
4749 17
4750 17
4751 17
4752 18
4753 18
4754 17
4755 17
4756 17
4757 17
4758 18
4759 17
4760 17
4761 17
4762 17
4763 17
4764 17
4765 17
4766 17
4767 17
4768 19
4769 18
4770 17
4771 17
4772 17
4773 18
4774 18
4775 18
4776 18
4777 17
4778 18
4779 18
4780 17
4781 17
4782 17
4783 17
4784 18
4785 18
4786 18
4787 17
4788 17
4789 17
4790 17
4791 17
4792 17
4793 17
4794 17
4795 17
4796 18
4797 17
4798 17
4799 18
4800 17
4801 17
4802 18
4803 18
4804 18
4805 17
4806 17
4807 17
4808 17
4809 18
4810 17
4811 17
4812 17
4813 17
4814 17
4815 17
4816 17
4817 17
4818 17
4819 17
4820 17
4821 17
4822 17
4823 17
4824 17
4825 17
4826 17
4827 18
4828 17
4829 17
4830 17
4831 17
4832 19
4833 18
4834 17
4835 17
4836 17
4837 17
4838 17
4839 17
4840 17
4841 17
4842 18
4843 17
4844 17
4845 17
4846 17
4847 17
4848 17
4849 17
4850 17
4851 17
4852 17
4853 17
4854 18
4855 16
4856 17
4857 17
4858 17
4859 17
4860 17
4861 17
4862 17
4863 18
4864 17
4865 17
4866 17
4867 17
4868 17
4869 17
4870 17
4871 17
4872 17
4873 17
4874 17
4875 17
4876 17
4877 17
4878 17
4879 17
4880 17
4881 17
4882 17
4883 17
4884 17
4885 17
4886 17
4887 26
4888 18
4889 17
4890 17
4891 17
4892 17
4893 17
4894 17
4895 17
4896 19
4897 17
4898 17
4899 17
4900 17
4901 18
4902 17
4903 17
4904 17
4905 17
4906 17
4907 17
4908 17
4909 17
4910 17
4911 17
4912 17
4913 17
4914 17
4915 17
4916 18
4917 18
4918 18
4919 17
4920 17
4921 18
4922 18
4923 17
4924 17
4925 17
4926 17
4927 18
4928 17
4929 18
4930 18
4931 18
4932 17
4933 17
4934 17
4935 17
4936 17
4937 18
4938 17
4939 17
4940 18
4941 18
4942 17
4943 17
4944 17
4945 17
4946 17
4947 17
4948 17
4949 17
4950 17
4951 17
4952 17
4953 17
4954 17
4955 17
4956 17
4957 17
4958 17
4959 17
4960 19
4961 17
4962 17
4963 17
4964 17
4965 17
4966 17
4967 17
4968 17
4969 17
4970 17
4971 17
4972 17
4973 17
4974 17
4975 17
4976 17
4977 18
4978 17
4979 17
4980 17
4981 17
4982 17
4983 17
4984 17
4985 17
4986 17
4987 17
4988 17
4989 17
4990 17
4991 17
4992 17
4993 17
4994 17
4995 17
4996 17
4997 17
4998 17
4999 17
5000 17
5001 18
5002 18
5003 17
5004 17
5005 17
5006 17
5007 17
5008 17
5009 18
5010 17
5011 17
5012 17
5013 17
5014 17
5015 18
5016 17
5017 17
5018 17
5019 17
5020 17
5021 17
5022 17
5023 17
5024 19
5025 17
5026 17
5027 17
5028 17
5029 17
5030 17
5031 17
5032 18
5033 17
5034 17
5035 17
5036 17
5037 17
5038 18
5039 17
5040 17
5041 17
5042 17
5043 17
5044 17
5045 17
5046 17
5047 17
5048 17
5049 17
5050 17
5051 17
5052 17
5053 17
5054 17
5055 17
5056 17
5057 17
5058 17
5059 17
5060 18
5061 17
5062 19
5063 17
5064 17
5065 17
5066 17
5067 17
5068 17
5069 21
5070 18
5071 18
5072 17
5073 18
5074 18
5075 17
5076 17
5077 17
5078 17
5079 18
5080 18
5081 17
5082 17
5083 17
5084 17
5085 17
5086 17
5087 17
5088 19
5089 17
5090 17
5091 17
5092 17
5093 18
5094 17
5095 18
5096 18
5097 17
5098 17
5099 17
5100 17
5101 17
5102 17
5103 17
5104 17
5105 17
5106 17
5107 17
5108 17
5109 17
5110 17
5111 17
5112 17
5113 17
5114 17
5115 17
5116 17
5117 17
5118 17
5119 17
5120 18
5121 18
5122 17
5123 17
5124 17
5125 17
5126 17
5127 18
5128 17
5129 17
5130 17
5131 17
5132 17
5133 17
5134 17
5135 17
5136 17
5137 18
5138 17
5139 17
5140 17
5141 17
5142 17
5143 17
5144 17
5145 17
5146 17
5147 17
5148 17
5149 17
5150 18
5151 17
5152 19
5153 18
5154 17
5155 17
5156 17
5157 17
5158 17
5159 17
5160 17
5161 17
5162 17
5163 17
5164 17
5165 17
5166 17
5167 17
5168 17
5169 17
5170 18
5171 18
5172 18
5173 18
5174 18
5175 18
5176 17
5177 17
5178 17
5179 17
5180 17
5181 17
5182 17
5183 17
5184 17
5185 17
5186 17
5187 17
5188 17
5189 17
5190 17
5191 18
5192 18
5193 18
5194 17
5195 17
5196 17
5197 18
5198 18
5199 17
5200 17
5201 17
5202 17
5203 17
5204 17
5205 17
5206 17
5207 18
5208 18
5209 17
5210 17
5211 17
5212 17
5213 17
5214 17
5215 17
5216 24
5217 17
5218 17
5219 17
5220 17
5221 17
5222 17
5223 17
5224 17
5225 18
5226 17
5227 17
5228 17
5229 17
5230 17
5231 18
5232 17
5233 17
5234 17
5235 17
5236 18
5237 18
5238 17
5239 17
5240 17
5241 17
5242 17
5243 17
5244 17
5245 17
5246 17
5247 17
5248 17
5249 17
5250 17
5251 30
5252 17
5253 18
5254 18
5255 18
5256 17
5257 17
5258 17
5259 17
5260 17
5261 18
5262 17
5263 17
5264 17
5265 17
5266 17
5267 17
5268 18
5269 17
5270 17
5271 17
5272 17
5273 17
5274 17
5275 17
5276 18
5277 18
5278 18
5279 17
5280 20
5281 18
5282 17
5283 17
5284 18
5285 18
5286 17
5287 17
5288 17
5289 17
5290 17
5291 17
5292 17
5293 17
5294 17
5295 17
5296 17
5297 17
5298 17
5299 18
5300 17
5301 17
5302 17
5303 17
5304 17
5305 17
5306 17
5307 17
5308 17
5309 17
5310 17
5311 17
5312 17
5313 17
5314 17
5315 17
5316 17
5317 17
5318 17
5319 16
5320 17
5321 17
5322 17
5323 18
5324 17
5325 17
5326 17
5327 17
5328 17
5329 17
5330 17
5331 17
5332 17
5333 17
5334 17
5335 17
5336 17
5337 17
5338 17
5339 17
5340 17
5341 17
5342 17
5343 17
5344 19
5345 17
5346 17
5347 17
5348 18
5349 18
5350 17
5351 17
5352 17
5353 17
5354 17
5355 18
5356 18
5357 18
5358 17
5359 17
5360 17
5361 18
5362 17
5363 17
5364 17
5365 17
5366 17
5367 17
5368 17
5369 17
5370 17
5371 17
5372 17
5373 17
5374 17
5375 17
5376 17
5377 17
5378 17
5379 17
5380 17
5381 17
5382 18
5383 17
5384 17
5385 17
5386 17
5387 17
5388 16
5389 17
5390 17
5391 17
5392 17
5393 17
5394 17
5395 17
5396 18
5397 17
5398 17
5399 17
5400 17
5401 17
5402 17
5403 17
5404 17
5405 17
5406 17
5407 17
5408 20
5409 17
5410 18
5411 18
5412 18
5413 17
5414 17
5415 17
5416 17
5417 17
5418 17
5419 17
5420 17
5421 17
5422 17
5423 17
5424 17
5425 17
5426 17
5427 17
5428 18
5429 17
5430 17
5431 17
5432 17
5433 27
5434 18
5435 18
5436 17
5437 17
5438 17
5439 17
5440 17
5441 17
5442 17
5443 17
5444 17
5445 17
5446 17
5447 17
5448 17
5449 17
5450 17
5451 17
5452 17
5453 17
5454 17
5455 18
5456 17
5457 18
5458 18
5459 17
5460 17
5461 18
5462 18
5463 17
5464 17
5465 17
5466 17
5467 18
5468 17
5469 17
5470 17
5471 17
5472 19
5473 17
5474 17
5475 17
5476 18
5477 18
5478 17
5479 17
5480 17
5481 17
5482 17
5483 17
5484 17
5485 17
5486 17
5487 17
5488 17
5489 18
5490 18
5491 17
5492 17
5493 17
5494 17
5495 18
5496 18
5497 17
5498 17
5499 17
5500 17
5501 17
5502 17
5503 18
5504 17
5505 17
5506 17
5507 18
5508 18
5509 18
5510 18
5511 18
5512 17
5513 17
5514 17
5515 17
5516 17
5517 17
5518 17
5519 17
5520 17
5521 17
5522 17
5523 17
5524 17
5525 17
5526 17
5527 17
5528 18
5529 18
5530 17
5531 17
5532 17
5533 17
5534 17
5535 17
5536 20
5537 17
5538 17
5539 17
5540 17
5541 17
5542 17
5543 17
5544 17
5545 17
5546 17
5547 17
5548 17
5549 17
5550 17
5551 17
5552 17
5553 17
5554 17
5555 17
5556 17
5557 17
5558 17
5559 17
5560 17
5561 17
5562 17
5563 17
5564 17
5565 17
5566 17
5567 17
5568 17
5569 17
5570 17
5571 17
5572 17
5573 18
5574 18
5575 17
5576 17
5577 17
5578 17
5579 17
5580 17
5581 17
5582 17
5583 17
5584 17
5585 17
5586 17
5587 18
5588 17
5589 17
5590 17
5591 17
5592 17
5593 17
5594 17
5595 18
5596 17
5597 17
5598 17
5599 17
5600 18
5601 18
5602 17
5603 17
5604 17
5605 17
5606 17
5607 17
5608 18
5609 17
5610 17
5611 17
5612 18
5613 17
5614 17
5615 18
5616 17
5617 17
5618 17
5619 17
5620 18
5621 17
5622 18
5623 18
5624 18
5625 17
5626 17
5627 17
5628 17
5629 17
5630 17
5631 17
5632 18
5633 18
5634 17
5635 17
5636 17
5637 18
5638 17
5639 17
5640 17
5641 17
5642 17
5643 17
5644 18
5645 17
5646 17
5647 17
5648 17
5649 17
5650 17
5651 17
5652 17
5653 17
5654 18
5655 18
5656 18
5657 17
5658 17
5659 17
5660 17
5661 17
5662 17
5663 17
5664 19
5665 17
5666 18
5667 17
5668 17
5669 17
5670 17
5671 17
5672 17
5673 17
5674 17
5675 17
5676 17
5677 17
5678 17
5679 17
5680 17
5681 17
5682 17
5683 17
5684 17
5685 17
5686 17
5687 17
5688 17
5689 17
5690 17
5691 17
5692 17
5693 17
5694 17
5695 17
5696 17
5697 17
5698 17
5699 17
5700 17
5701 17
5702 17
5703 17
5704 17
5705 17
5706 17
5707 17
5708 18
5709 17
5710 17
5711 17
5712 17
5713 17
5714 17
5715 17
5716 17
5717 17
5718 17
5719 18
5720 18
5721 17
5722 17
5723 17
5724 17
5725 17
5726 17
5727 17
5728 20
5729 18
5730 17
5731 18
5732 18
5733 18
5734 17
5735 17
5736 18
5737 17
5738 17
5739 17
5740 17
5741 17
5742 17
5743 18
5744 17
5745 17
5746 17
5747 17
5748 17
5749 17
5750 17
5751 17
5752 17
5753 17
5754 17
5755 18
5756 18
5757 17
5758 17
5759 17
5760 17
5761 17
5762 17
5763 17
5764 18
5765 17
5766 17
5767 17
5768 17
5769 18
5770 17
5771 17
5772 17
5773 17
5774 17
5775 18
5776 17
5777 17
5778 17
5779 18
5780 17
5781 18
5782 17
5783 17
5784 17
5785 17
5786 17
5787 17
5788 17
5789 17
5790 17
5791 17
5792 20
5793 18
5794 17
5795 18
5796 27
5797 18
5798 17
5799 17
5800 18
5801 17
5802 17
5803 18
5804 18
5805 17
5806 17
5807 17
5808 17
5809 18
5810 17
5811 17
5812 17
5813 17
5814 17
5815 17
5816 17
5817 17
5818 17
5819 17
5820 17
5821 17
5822 18
5823 17
5824 17
5825 17
5826 17
5827 17
5828 17
5829 17
5830 17
5831 17
5832 17
5833 17
5834 17
5835 17
5836 17
5837 17
5838 17
5839 17
5840 17
5841 17
5842 17
5843 17
5844 17
5845 18
5846 17
5847 17
5848 17
5849 17
5850 17
5851 17
5852 17
5853 17
5854 17
5855 17
5856 19
5857 17
5858 17
5859 17
5860 17
5861 17
5862 17
5863 17
5864 17
5865 17
5866 17
5867 18
5868 18
5869 18
5870 17
5871 17
5872 17
5873 17
5874 17
5875 17
5876 17
5877 17
5878 17
5879 17
5880 17
5881 17
5882 17
5883 17
5884 17
5885 18
5886 17
5887 17
5888 17
5889 17
5890 17
5891 17
5892 17
5893 17
5894 17
5895 17
5896 17
5897 17
5898 17
5899 17
5900 18
5901 18
5902 17
5903 17
5904 17
5905 17
5906 18
5907 18
5908 17
5909 17
5910 17
5911 17
5912 17
5913 18
5914 17
5915 17
5916 17
5917 17
5918 17
5919 17
5920 20
5921 17
5922 17
5923 18
5924 17
5925 18
5926 18
5927 18
5928 18
5929 18
5930 17
5931 17
5932 17
5933 17
5934 17
5935 17
5936 17
5937 17
5938 17
5939 17
5940 18
5941 18
5942 17
5943 18
5944 18
5945 18
5946 17
5947 17
5948 17
5949 17
5950 17
5951 17
5952 17
5953 17
5954 18
5955 18
5956 17
5957 17
5958 17
5959 18
5960 17
5961 18
5962 17
5963 17
5964 17
5965 17
5966 17
5967 18
5968 17
5969 17
5970 17
5971 17
5972 17
5973 17
5974 17
5975 17
5976 17
5977 18
5978 19
5979 17
5980 17
5981 17
5982 17
5983 17
5984 19
5985 17
5986 17
5987 17
5988 17
5989 17
5990 17
5991 17
5992 18
5993 17
5994 18
5995 18
5996 17
5997 17
5998 17
5999 18
6000 18
6001 18
6002 17
6003 17
6004 17
6005 17
6006 17
6007 17
6008 18
6009 18
6010 18
6011 17
6012 17
6013 17
6014 17
6015 17
6016 17
6017 17
6018 17
6019 17
6020 17
6021 17
6022 17
6023 18
6024 17
6025 18
6026 18
6027 17
6028 17
6029 17
6030 17
6031 17
6032 17
6033 17
6034 17
6035 17
6036 17
6037 17
6038 18
6039 17
6040 17
6041 17
6042 17
6043 18
6044 18
6045 17
6046 17
6047 17
6048 19
6049 17
6050 17
6051 17
6052 17
6053 17
6054 17
6055 17
6056 17
6057 17
6058 17
6059 17
6060 17
6061 17
6062 17
6063 17
6064 17
6065 17
6066 17
6067 17
6068 17
6069 18
6070 17
6071 17
6072 17
6073 17
6074 17
6075 17
6076 17
6077 17
6078 17
6079 18
6080 18
6081 18
6082 17
6083 18
6084 17
6085 17
6086 17
6087 17
6088 17
6089 17
6090 18
6091 17
6092 17
6093 17
6094 18
6095 17
6096 17
6097 17
6098 17
6099 17
6100 17
6101 17
6102 17
6103 17
6104 17
6105 17
6106 17
6107 17
6108 18
6109 17
6110 17
6111 17
6112 19
6113 17
6114 17
6115 17
6116 17
6117 17
6118 17
6119 17
6120 17
6121 17
6122 17
6123 17
6124 17
6125 18
6126 17
6127 17
6128 17
6129 18
6130 17
6131 18
6132 17
6133 17
6134 17
6135 17
6136 17
6137 17
6138 17
6139 16
6140 17
6141 17
6142 17
6143 17
6144 17
6145 17
6146 17
6147 17
6148 18
6149 18
6150 18
6151 18
6152 17
6153 17
6154 17
6155 17
6156 17
6157 17
6158 17
6159 17
6160 26
6161 18
6162 17
6163 17
6164 17
6165 17
6166 17
6167 17
6168 17
6169 17
6170 18
6171 18
6172 17
6173 17
6174 17
6175 17
6176 17
6177 17
6178 18
6179 17
6180 18
6181 17
6182 17
6183 17
6184 17
6185 17
6186 18
6187 18
6188 17
6189 17
6190 18
6191 17
6192 17
6193 18
6194 17
6195 17
6196 17
6197 17
6198 17
6199 17
6200 18
6201 18
6202 18
6203 17
6204 17
6205 17
6206 18
6207 18
6208 18
6209 18
6210 17
6211 17
6212 17
6213 17
6214 18
6215 18
6216 18
6217 17
6218 17
6219 17
6220 18
6221 18
6222 18
6223 17
6224 17
6225 17
6226 17
6227 17
6228 17
6229 18
6230 17
6231 17
6232 17
6233 17
6234 17
6235 17
6236 18
6237 17
6238 17
6239 17
6240 17
6241 17
6242 17
6243 17
6244 18
6245 18
6246 18
6247 18
6248 17
6249 17
6250 19
6251 17
6252 17
6253 18
6254 18
6255 18
6256 17
6257 17
6258 17
6259 18
6260 17
6261 17
6262 18
6263 17
6264 17
6265 17
6266 17
6267 17
6268 18
6269 17
6270 17
6271 17
6272 18
6273 18
6274 18
6275 18
6276 18
6277 18
6278 17
6279 17
6280 17
6281 17
6282 17
6283 17
6284 17
6285 17
6286 17
6287 17
6288 17
6289 18
6290 18
6291 17
6292 17
6293 17
6294 17
6295 17
6296 17
6297 17
6298 18
6299 18
6300 18
6301 17
6302 17
6303 17
6304 17
6305 17
6306 17
6307 17
6308 17
6309 17
6310 17
6311 17
6312 17
6313 17
6314 17
6315 17
6316 17
6317 18
6318 17
6319 17
6320 17
6321 17
6322 17
6323 17
6324 17
6325 17
6326 17
6327 17
6328 17
6329 17
6330 17
6331 35
6332 18
6333 17
6334 17
6335 17
6336 17
6337 17
6338 17
6339 18
6340 17
6341 18
6342 18
6343 17
6344 17
6345 18
6346 17
6347 17
6348 17
6349 17
6350 17
6351 17
6352 17
6353 17
6354 18
6355 17
6356 17
6357 17
6358 17
6359 17
6360 17
6361 18
6362 18
6363 17
6364 17
6365 17
6366 17
6367 17
6368 17
6369 17
6370 18
6371 17
6372 17
6373 17
6374 18
6375 18
6376 18
6377 17
6378 17
6379 17
6380 17
6381 17
6382 17
6383 17
6384 17
6385 17
6386 17
6387 17
6388 17
6389 17
6390 17
6391 17
6392 18
6393 17
6394 18
6395 18
6396 17
6397 18
6398 17
6399 17
6400 17
6401 17
6402 17
6403 17
6404 18
6405 17
6406 17
6407 17
6408 17
6409 17
6410 17
6411 17
6412 17
6413 17
6414 17
6415 17
6416 17
6417 17
6418 17
6419 17
6420 17
6421 17
6422 17
6423 17
6424 17
6425 17
6426 17
6427 17
6428 17
6429 17
6430 17
6431 17
6432 17
6433 17
6434 17
6435 18
6436 17
6437 17
6438 17
6439 18
6440 17
6441 17
6442 17
6443 17
6444 17
6445 17
6446 18
6447 17
6448 18
6449 17
6450 17
6451 17
6452 17
6453 17
6454 17
6455 17
6456 17
6457 17
6458 17
6459 17
6460 17
6461 17
6462 17
6463 17
6464 17
6465 17
6466 17
6467 17
6468 17
6469 17
6470 17
6471 18
6472 18
6473 17
6474 17
6475 17
6476 18
6477 18
6478 17
6479 17
6480 17
6481 17
6482 18
6483 17
6484 18
6485 18
6486 17
6487 17
6488 17
6489 18
6490 17
6491 17
6492 17
6493 17
6494 17
6495 17
6496 17
6497 17
6498 17
6499 17
6500 17
6501 17
6502 17
6503 17
6504 17
6505 17
6506 17
6507 17
6508 17
6509 17
6510 17
6511 17
6512 21
6513 17
6514 17
6515 17
6516 17
6517 17
6518 17
6519 17
6520 18
6521 18
6522 17
6523 17
6524 18
6525 18
6526 18
6527 18
6528 18
6529 18
6530 17
6531 17
6532 17
6533 17
6534 17
6535 18
6536 18
6537 17
6538 17
6539 17
6540 17
6541 17
6542 17
6543 17
6544 17
6545 17
6546 17
6547 17
6548 17
6549 17
6550 17
6551 17
6552 18
6553 17
6554 18
6555 18
6556 18
6557 18
6558 17
6559 18
6560 17
6561 17
6562 17
6563 17
6564 17
6565 17
6566 18
6567 18
6568 18
6569 18
6570 18
6571 17
6572 17
6573 17
6574 17
6575 17
6576 17
6577 17
6578 17
6579 17
6580 17
6581 17
6582 17
6583 17
6584 17
6585 17
6586 17
6587 17
6588 17
6589 17
6590 17
6591 17
6592 18
6593 18
6594 18
6595 17
6596 17
6597 17
6598 17
6599 17
6600 18
6601 18
6602 18
6603 18
6604 18
6605 18
6606 18
6607 18
6608 18
6609 18
6610 18
6611 17
6612 17
6613 18
6614 18
6615 18
6616 17
6617 17
6618 17
6619 17
6620 17
6621 17
6622 18
6623 18
6624 18
6625 17
6626 17
6627 17
6628 17
6629 17
6630 17
6631 17
6632 17
6633 18
6634 17
6635 18
6636 17
6637 17
6638 17
6639 18
6640 18
6641 18
6642 17
6643 17
6644 18
6645 18
6646 17
6647 17
6648 18
6649 18
6650 17
6651 17
6652 18
6653 17
6654 17
6655 17
6656 17
6657 17
6658 17
6659 18
6660 17
6661 17
6662 17
6663 17
6664 17
6665 18
6666 18
6667 17
6668 17
6669 18
6670 18
6671 17
6672 17
6673 18
6674 18
6675 17
6676 18
6677 17
6678 17
6679 17
6680 17
6681 17
6682 17
6683 17
6684 18
6685 17
6686 18
6687 17
6688 18
6689 18
6690 18
6691 17
6692 18
6693 20
6694 19
6695 18
6696 18
6697 18
6698 17
6699 18
6700 18
6701 18
6702 18
6703 18
6704 18
6705 18
6706 18
6707 18
6708 17
6709 17
6710 17
6711 17
6712 20
6713 17
6714 17
6715 17
6716 17
6717 18
6718 17
6719 17
6720 17
6721 17
6722 17
6723 18
6724 18
6725 18
6726 17
6727 18
6728 17
6729 17
6730 17
6731 17
6732 17
6733 17
6734 18
6735 18
6736 17
6737 18
6738 18
6739 18
6740 18
6741 18
6742 17
6743 17
6744 18
6745 17
6746 17
6747 17
6748 17
6749 17
6750 17
6751 17
6752 18
6753 18
6754 18
6755 17
6756 17
6757 17
6758 17
6759 17
6760 17
6761 17
6762 17
6763 17
6764 17
6765 17
6766 17
6767 17
6768 17
6769 17
6770 18
6771 17
6772 17
6773 17
6774 17
6775 17
6776 17
6777 17
6778 17
6779 17
6780 17
6781 17
6782 17
6783 18
6784 18
6785 17
6786 17
6787 17
6788 17
6789 18
6790 17
6791 17
6792 17
6793 17
6794 17
6795 18
6796 17
6797 17
6798 17
6799 17
6800 17
6801 17
6802 17
6803 17
6804 18
6805 18
6806 17
6807 17
6808 17
6809 17
6810 17
6811 18
6812 18
6813 18
6814 17
6815 17
6816 17
6817 17
6818 17
6819 17
6820 17
6821 17
6822 17
6823 17
6824 17
6825 17
6826 17
6827 17
6828 17
6829 17
6830 18
6831 17
6832 17
6833 17
6834 17
6835 17
6836 18
6837 18
6838 17
6839 17
6840 17
6841 18
6842 18
6843 18
6844 18
6845 17
6846 17
6847 17
6848 18
6849 17
6850 17
6851 17
6852 17
6853 17
6854 17
6855 18
6856 17
6857 17
6858 17
6859 17
6860 17
6861 17
6862 18
6863 18
6864 18
6865 17
6866 17
6867 17
6868 17
6869 17
6870 17
6871 17
6872 17
6873 17
6874 17
6875 18
6876 18
6877 18
6878 17
6879 18
6880 17
6881 17
6882 18
6883 18
6884 17
6885 17
6886 17
6887 17
6888 17
6889 17
6890 17
6891 17
6892 17
6893 17
6894 17
6895 17
6896 17
6897 17
6898 18
6899 18
6900 17
6901 17
6902 18
6903 18
6904 18
6905 17
6906 17
6907 17
6908 18
6909 18
6910 18
6911 18
6912 18
6913 17
6914 17
6915 18
6916 18
6917 18
6918 17
6919 17
6920 17
6921 17
6922 17
6923 18
6924 17
6925 18
6926 18
6927 18
6928 18
6929 18
6930 17
6931 18
6932 18
6933 18
6934 18
6935 18
6936 18
6937 17
6938 17
6939 17
6940 17
6941 17
6942 18
6943 18
6944 17
6945 18
6946 17
6947 17
6948 17
6949 18
6950 18
6951 17
6952 17
6953 17
6954 17
6955 17
6956 17
6957 18
6958 18
6959 18
6960 17
6961 18
6962 17
6963 17
6964 17
6965 17
6966 17
6967 17
6968 18
6969 18
6970 17
6971 17
6972 17
6973 17
6974 17
6975 17
6976 17
6977 17
6978 17
6979 19
6980 18
6981 18
6982 17
6983 17
6984 17
6985 17
6986 17
6987 17
6988 17
6989 17
6990 17
6991 17
6992 17
6993 17
6994 17
6995 17
6996 17
6997 17
6998 17
6999 17
7000 17
7001 17
7002 17
7003 17
7004 17
7005 17
7006 17
7007 17
7008 17
7009 17
7010 17
7011 17
7012 17
7013 17
7014 17
7015 17
7016 17
7017 17
7018 17
7019 17
7020 17
7021 17
7022 17
7023 17
7024 17
7025 17
7026 17
7027 17
7028 17
7029 17
7030 17
7031 17
7032 17
7033 18
7034 18
7035 17
7036 17
7037 17
7038 17
7039 18
7040 17
7041 17
7042 17
7043 18
7044 18
7045 17
7046 17
7047 18
7048 18
7049 17
7050 17
7051 17
7052 17
7053 17
7054 17
7055 21
7056 17
7057 17
7058 17
7059 17
7060 17
7061 17
7062 17
7063 17
7064 17
7065 17
7066 17
7067 18
7068 18
7069 18
7070 18
7071 17
7072 17
7073 18
7074 18
7075 17
7076 17
7077 17
7078 17
7079 17
7080 17
7081 17
7082 17
7083 17
7084 17
7085 17
7086 17
7087 17
7088 17
7089 17
7090 17
7091 17
7092 17
7093 17
7094 17
7095 17
7096 17
7097 17
7098 17
7099 18
7100 17
7101 17
7102 17
7103 17
7104 17
7105 17
7106 17
7107 20
7108 17
7109 17
7110 17
7111 17
7112 17
7113 17
7114 17
7115 17
7116 18
7117 18
7118 17
7119 17
7120 17
7121 17
7122 17
7123 17
7124 18
7125 17
7126 17
7127 17
7128 17
7129 17
7130 17
7131 17
7132 17
7133 17
7134 17
7135 18
7136 17
7137 17
7138 17
7139 17
7140 17
7141 17
7142 17
7143 17
7144 17
7145 17
7146 17
7147 17
7148 17
7149 17
7150 17
7151 17
7152 17
7153 17
7154 17
7155 17
7156 17
7157 17
7158 17
7159 18
7160 18
7161 17
7162 17
7163 17
7164 17
7165 17
7166 17
7167 17
7168 18
7169 17
7170 17
7171 20
7172 18
7173 17
7174 17
7175 17
7176 17
7177 18
7178 17
7179 18
7180 18
7181 18
7182 17
7183 18
7184 18
7185 17
7186 18
7187 18
7188 17
7189 17
7190 17
7191 17
7192 17
7193 17
7194 18
7195 18
7196 17
7197 17
7198 17
7199 17
7200 18
7201 17
7202 17
7203 17
7204 18
7205 18
7206 18
7207 17
7208 18
7209 17
7210 17
7211 17
7212 17
7213 17
7214 17
7215 17
7216 17
7217 17
7218 17
7219 17
7220 17
7221 17
7222 17
7223 18
7224 17
7225 17
7226 17
7227 17
7228 17
7229 17
7230 17
7231 17
7232 17
7233 18
7234 18
7235 20
7236 18
7237 26
7238 17
7239 17
7240 17
7241 18
7242 17
7243 17
7244 17
7245 17
7246 17
7247 17
7248 17
7249 17
7250 17
7251 17
7252 18
7253 18
7254 18
7255 18
7256 18
7257 17
7258 17
7259 18
7260 18
7261 18
7262 17
7263 17
7264 17
7265 17
7266 17
7267 17
7268 17
7269 17
7270 17
7271 17
7272 17
7273 17
7274 17
7275 18
7276 18
7277 18
7278 18
7279 18
7280 18
7281 18
7282 18
7283 18
7284 18
7285 17
7286 17
7287 17
7288 17
7289 17
7290 17
7291 17
7292 17
7293 17
7294 17
7295 17
7296 17
7297 17
7298 17
7299 19
7300 17
7301 17
7302 17
7303 18
7304 17
7305 17
7306 17
7307 18
7308 17
7309 17
7310 17
7311 17
7312 17
7313 17
7314 17
7315 17
7316 17
7317 17
7318 17
7319 17
7320 17
7321 17
7322 17
7323 17
7324 18
7325 18
7326 18
7327 18
7328 17
7329 18
7330 17
7331 17
7332 17
7333 17
7334 17
7335 17
7336 17
7337 17
7338 17
7339 17
7340 17
7341 17
7342 18
7343 17
7344 17
7345 17
7346 17
7347 17
7348 17
7349 17
7350 17
7351 18
7352 17
7353 17
7354 17
7355 17
7356 17
7357 17
7358 17
7359 17
7360 17
7361 17
7362 17
7363 19
7364 17
7365 17
7366 17
7367 17
7368 17
7369 17
7370 17
7371 17
7372 18
7373 17
7374 18
7375 18
7376 17
7377 18
7378 18
7379 17
7380 17
7381 17
7382 17
7383 17
7384 17
7385 17
7386 18
7387 17
7388 17
7389 17
7390 17
7391 17
7392 18
7393 18
7394 17
7395 17
7396 18
7397 17
7398 17
7399 17
7400 17
7401 17
7402 17
7403 17
7404 17
7405 18
7406 18
7407 18
7408 17
7409 17
7410 17
7411 17
7412 18
7413 17
7414 18
7415 17
7416 17
7417 17
7418 25
7419 18
7420 17
7421 17
7422 17
7423 17
7424 18
7425 17
7426 17
7427 19
7428 18
7429 18
7430 17
7431 17
7432 18
7433 17
7434 17
7435 17
7436 17
7437 17
7438 17
7439 17
7440 18
7441 18
7442 17
7443 17
7444 17
7445 18
7446 18
7447 18
7448 18
7449 17
7450 17
7451 17
7452 17
7453 17
7454 17
7455 17
7456 16
7457 17
7458 19
7459 17
7460 19
7461 17
7462 17
7463 17
7464 17
7465 17
7466 17
7467 17
7468 17
7469 18
7470 18
7471 18
7472 17
7473 17
7474 17
7475 17
7476 17
7477 17
7478 17
7479 17
7480 17
7481 17
7482 17
7483 17
7484 17
7485 17
7486 17
7487 17
7488 17
7489 17
7490 17
7491 19
7492 17
7493 17
7494 17
7495 17
7496 17
7497 17
7498 17
7499 18
7500 18
7501 18
7502 18
7503 17
7504 17
7505 17
7506 17
7507 18
7508 17
7509 17
7510 17
7511 17
7512 17
7513 17
7514 17
7515 17
7516 17
7517 17
7518 17
7519 17
7520 17
7521 17
7522 18
7523 18
7524 17
7525 18
7526 17
7527 18
7528 18
7529 18
7530 17
7531 17
7532 17
7533 18
7534 17
7535 17
7536 17
7537 17
7538 17
7539 17
7540 18
7541 17
7542 17
7543 18
7544 18
7545 18
7546 17
7547 17
7548 17
7549 17
7550 17
7551 17
7552 17
7553 17
7554 17
7555 19
7556 17
7557 17
7558 17
7559 17
7560 17
7561 17
7562 17
7563 17
7564 17
7565 17
7566 18
7567 18
7568 17
7569 17
7570 17
7571 17
7572 18
7573 18
7574 18
7575 17
7576 18
7577 18
7578 17
7579 18
7580 18
7581 18
7582 17
7583 17
7584 17
7585 17
7586 17
7587 17
7588 17
7589 17
7590 17
7591 17
7592 18
7593 18
7594 17
7595 17
7596 17
7597 17
7598 17
7599 252
7600 22
7601 18
7602 18
7603 17
7604 17
7605 17
7606 17
7607 18
7608 18
7609 18
7610 17
7611 17
7612 17
7613 17
7614 17
7615 17
7616 17
7617 17
7618 17
7619 17
7620 18
7621 18
7622 17
7623 17
7624 17
7625 20
7626 17
7627 17
7628 17
7629 17
7630 17
7631 17
7632 18
7633 18
7634 18
7635 18
7636 17
7637 17
7638 18
7639 18
7640 18
7641 18
7642 18
7643 17
7644 17
7645 18
7646 18
7647 17
7648 18
7649 17
7650 18
7651 18
7652 17
7653 17
7654 18
7655 17
7656 17
7657 17
7658 17
7659 18
7660 18
7661 18
7662 17
7663 17
7664 17
7665 18
7666 18
7667 18
7668 17
7669 17
7670 17
7671 18
7672 17
7673 17
7674 17
7675 17
7676 17
7677 17
7678 17
7679 17
7680 17
7681 17
7682 17
7683 17
7684 17
7685 17
7686 18
7687 18
7688 18
7689 17
7690 17
7691 17
7692 17
7693 18
7694 17
7695 17
7696 17
7697 17
7698 17
7699 17
7700 17
7701 17
7702 17
7703 17
7704 17
7705 17
7706 17
7707 17
7708 17
7709 17
7710 17
7711 17
7712 17
7713 17
7714 17
7715 17
7716 17
7717 17
7718 17
7719 18
7720 18
7721 18
7722 18
7723 18
7724 20
7725 18
7726 18
7727 17
7728 17
7729 17
7730 17
7731 17
7732 18
7733 17
7734 17
7735 17
7736 17
7737 17
7738 17
7739 17
7740 17
7741 17
7742 17
7743 17
7744 17
7745 17
7746 17
7747 18
7748 17
7749 17
7750 17
7751 17
7752 18
7753 18
7754 17
7755 17
7756 17
7757 17
7758 17
7759 17
7760 17
7761 18
7762 18
7763 17
7764 17
7765 18
7766 17
7767 17
7768 18
7769 17
7770 26
7771 17
7772 17
7773 17
7774 17
7775 17
7776 17
7777 17
7778 17
7779 17
7780 17
7781 17
7782 17
7783 18
7784 18
7785 17
7786 17
7787 17
7788 19
7789 18
7790 18
7791 18
7792 17
7793 17
7794 17
7795 18
7796 17
7797 17
7798 17
7799 17
7800 17
7801 17
7802 17
7803 18
7804 18
7805 18
7806 18
7807 18
7808 18
7809 18
7810 17
7811 17
7812 17
7813 17
7814 17
7815 17
7816 17
7817 17
7818 17
7819 18
7820 17
7821 17
7822 18
7823 17
7824 18
7825 18
7826 18
7827 17
7828 18
7829 17
7830 17
7831 17
7832 17
7833 17
7834 17
7835 17
7836 17
7837 17
7838 17
7839 17
7840 17
7841 18
7842 18
7843 17
7844 17
7845 17
7846 17
7847 17
7848 17
7849 17
7850 17
7851 17
7852 18
7853 17
7854 17
7855 18
7856 18
7857 17
7858 17
7859 17
7860 17
7861 17
7862 17
7863 17
7864 17
7865 17
7866 17
7867 17
7868 17
7869 17
7870 17
7871 17
7872 17
7873 17
7874 17
7875 17
7876 17
7877 18
7878 17
7879 18
7880 17
7881 17
7882 18
7883 17
7884 17
7885 17
7886 17
7887 17
7888 17
7889 17
7890 17
7891 17
7892 17
7893 17
7894 17
7895 17
7896 17
7897 17
7898 16
7899 17
7900 17
7901 17
7902 17
7903 17
7904 17
7905 17
7906 18
7907 18
7908 17
7909 17
7910 18
7911 18
7912 17
7913 17
7914 18
7915 18
7916 20
7917 17
7918 18
7919 18
7920 17
7921 17
7922 17
7923 17
7924 17
7925 17
7926 17
7927 17
7928 17
7929 18
7930 17
7931 17
7932 17
7933 17
7934 17
7935 17
7936 18
7937 17
7938 17
7939 17
7940 17
7941 17
7942 17
7943 17
7944 17
7945 17
7946 17
7947 17
7948 17
7949 17
7950 17
7951 25
7952 18
7953 17
7954 17
7955 17
7956 17
7957 17
7958 17
7959 17
7960 18
7961 17
7962 17
7963 17
7964 17
7965 17
7966 17
7967 17
7968 17
7969 18
7970 17
7971 17
7972 17
7973 17
7974 17
7975 17
7976 17
7977 17
7978 17
7979 17
7980 19
7981 17
7982 17
7983 17
7984 17
7985 18
7986 18
7987 18
7988 18
7989 18
7990 17
7991 17
7992 17
7993 17
7994 17
7995 17
7996 18
7997 17
7998 17
7999 17
8000 17
8001 17
8002 18
8003 18
8004 17
8005 17
8006 17
8007 17
8008 17
8009 17
8010 17
8011 17
8012 17
8013 17
8014 17
8015 17
8016 17
8017 17
8018 17
8019 17
8020 17
8021 17
8022 17
8023 17
8024 17
8025 17
8026 17
8027 17
8028 18
8029 17
8030 17
8031 18
8032 18
8033 17
8034 17
8035 18
8036 18
8037 18
8038 18
8039 18
8040 18
8041 18
8042 18
8043 17
8044 19
8045 17
8046 17
8047 17
8048 17
8049 17
8050 17
8051 17
8052 17
8053 17
8054 17
8055 17
8056 17
8057 18
8058 18
8059 18
8060 17
8061 18
8062 18
8063 17
8064 17
8065 17
8066 17
8067 17
8068 17
8069 17
8070 17
8071 18
8072 18
8073 18
8074 17
8075 17
8076 17
8077 19
8078 17
8079 17
8080 17
8081 17
8082 17
8083 17
8084 17
8085 17
8086 17
8087 17
8088 17
8089 17
8090 17
8091 17
8092 18
8093 17
8094 17
8095 18
8096 17
8097 17
8098 17
8099 18
8100 17
8101 17
8102 17
8103 17
8104 17
8105 17
8106 17
8107 17
8108 19
8109 17
8110 17
8111 17
8112 17
8113 17
8114 17
8115 17
8116 17
8117 17
8118 17
8119 17
8120 17
8121 17
8122 17
8123 17
8124 17
8125 17
8126 17
8127 17
8128 17
8129 17
8130 17
8131 16
8132 17
8133 18
8134 17
8135 17
8136 17
8137 17
8138 17
8139 17
8140 18
8141 18
8142 18
8143 18
8144 17
8145 17
8146 18
8147 18
8148 18
8149 17
8150 17
8151 17
8152 17
8153 17
8154 17
8155 17
8156 17
8157 17
8158 17
8159 17
8160 17
8161 17
8162 17
8163 17
8164 17
8165 18
8166 18
8167 18
8168 18
8169 18
8170 18
8171 17
8172 19
8173 17
8174 17
8175 17
8176 17
8177 18
8178 17
8179 18
8180 17
8181 17
8182 17
8183 17
8184 17
8185 18
8186 17
8187 18
8188 17
8189 17
8190 17
8191 17
8192 17
8193 17
8194 17
8195 17
8196 18
8197 18
8198 18
8199 18
8200 18
8201 18
8202 18
8203 17
8204 17
8205 17
8206 18
8207 18
8208 17
8209 17
8210 17
8211 17
8212 17
8213 17
8214 17
8215 17
8216 17
8217 17
8218 17
8219 17
8220 17
8221 18
8222 18
8223 18
8224 17
8225 17
8226 17
8227 17
8228 17
8229 17
8230 17
8231 18
8232 18
8233 17
8234 18
8235 17
8236 20
8237 17
8238 17
8239 17
8240 17
8241 17
8242 17
8243 17
8244 17
8245 17
8246 17
8247 17
8248 17
8249 17
8250 17
8251 17
8252 17
8253 18
8254 18
8255 18
8256 18
8257 17
8258 18
8259 18
8260 18
8261 18
8262 17
8263 17
8264 17
8265 17
8266 17
8267 17
8268 17
8269 17
8270 17
8271 17
8272 17
8273 17
8274 17
8275 17
8276 17
8277 17
8278 17
8279 17
8280 17
8281 17
8282 17
8283 17
8284 17
8285 17
8286 17
8287 17
8288 17
8289 17
8290 17
8291 17
8292 17
8293 17
8294 17
8295 17
8296 17
8297 18
8298 18
8299 17
8300 19
8301 17
8302 17
8303 18
8304 18
8305 18
8306 17
8307 17
8308 17
8309 17
8310 18
8311 17
8312 17
8313 17
8314 21
8315 17
8316 18
8317 18
8318 18
8319 17
8320 18
8321 18
8322 17
8323 17
8324 17
8325 17
8326 17
8327 17
8328 17
8329 17
8330 17
8331 18
8332 18
8333 17
8334 17
8335 18
8336 18
8337 18
8338 18
8339 17
8340 17
8341 18
8342 18
8343 18
8344 17
8345 18
8346 17
8347 18
8348 18
8349 17
8350 17
8351 17
8352 17
8353 17
8354 17
8355 17
8356 17
8357 17
8358 17
8359 17
8360 17
8361 17
8362 18
8363 18
8364 20
8365 17
8366 17
8367 17
8368 17
8369 17
8370 17
8371 17
8372 17
8373 17
8374 17
8375 17
8376 17
8377 17
8378 17
8379 17
8380 17
8381 17
8382 18
8383 18
8384 18
8385 18
8386 17
8387 17
8388 17
8389 17
8390 17
8391 17
8392 17
8393 17
8394 17
8395 17
8396 17
8397 17
8398 17
8399 17
8400 17
8401 17
8402 17
8403 18
8404 18
8405 17
8406 18
8407 17
8408 17
8409 17
8410 17
8411 17
8412 17
8413 17
8414 17
8415 17
8416 17
8417 17
8418 17
8419 17
8420 17
8421 17
8422 18
8423 17
8424 17
8425 17
8426 17
8427 17
8428 19
8429 17
8430 17
8431 17
8432 17
8433 17
8434 17
8435 17
8436 17
8437 17
8438 18
8439 17
8440 17
8441 18
8442 18
8443 17
8444 17
8445 17
8446 17
8447 17
8448 17
8449 17
8450 17
8451 18
8452 17
8453 18
8454 17
8455 18
8456 17
8457 18
8458 18
8459 18
8460 17
8461 17
8462 17
8463 17
8464 17
8465 17
8466 17
8467 17
8468 17
8469 17
8470 17
8471 17
8472 17
8473 17
8474 17
8475 18
8476 17
8477 18
8478 17
8479 17
8480 17
8481 17
8482 17
8483 17
8484 17
8485 17
8486 18
8487 18
8488 17
8489 17
8490 17
8491 17
8492 19
8493 17
8494 17
8495 17
8496 18
8497 18
8498 17
8499 17
8500 17
8501 17
8502 17
8503 18
8504 17
8505 17
8506 18
8507 18
8508 18
8509 18
8510 18
8511 18
8512 17
8513 18
8514 18
8515 18
8516 17
8517 17
8518 17
8519 17
8520 17
8521 17
8522 18
8523 17
8524 17
8525 18
8526 17
8527 17
8528 17
8529 18
8530 18
8531 17
8532 17
8533 17
8534 17
8535 18
8536 17
8537 17
8538 18
8539 17
8540 17
8541 17
8542 17
8543 17
8544 17
8545 17
8546 17
8547 18
8548 17
8549 18
8550 17
8551 18
8552 18
8553 18
8554 18
8555 18
8556 19
8557 17
8558 17
8559 18
8560 18
8561 18
8562 18
8563 17
8564 17
8565 17
8566 17
8567 17
8568 18
8569 18
8570 18
8571 18
8572 18
8573 17
8574 17
8575 17
8576 18
8577 18
8578 18
8579 18
8580 17
8581 17
8582 17
8583 18
8584 17
8585 17
8586 17
8587 17
8588 17
8589 18
8590 17
8591 17
8592 17
8593 17
8594 17
8595 17
8596 17
8597 17
8598 17
8599 18
8600 18
8601 18
8602 17
8603 17
8604 18
8605 18
8606 17
8607 17
8608 17
8609 17
8610 17
8611 18
8612 17
8613 17
8614 17
8615 17
8616 17
8617 17
8618 17
8619 17
8620 19
8621 17
8622 17
8623 17
8624 17
8625 17
8626 17
8627 17
8628 17
8629 17
8630 17
8631 17
8632 17
8633 17
8634 17
8635 17
8636 17
8637 17
8638 17
8639 17
8640 17
8641 17
8642 17
8643 17
8644 17
8645 17
8646 17
8647 17
8648 17
8649 17
8650 17
8651 17
8652 17
8653 17
8654 17
8655 17
8656 18
8657 17
8658 17
8659 18
8660 18
8661 17
8662 17
8663 17
8664 17
8665 17
8666 17
8667 17
8668 17
8669 17
8670 17
8671 17
8672 17
8673 17
8674 17
8675 18
8676 17
8677 26
8678 17
8679 17
8680 17
8681 17
8682 17
8683 17
8684 19
8685 17
8686 17
8687 17
8688 17
8689 17
8690 17
8691 17
8692 17
8693 17
8694 17
8695 17
8696 17
8697 17
8698 17
8699 17
8700 17
8701 17
8702 17
8703 18
8704 17
8705 17
8706 17
8707 17
8708 17
8709 17
8710 17
8711 17
8712 17
8713 17
8714 17
8715 17
8716 17
8717 17
8718 17
8719 17
8720 17
8721 17
8722 17
8723 17
8724 17
8725 18
8726 18
8727 17
8728 17
8729 17
8730 17
8731 17
8732 17
8733 17
8734 17
8735 17
8736 17
8737 17
8738 18
8739 17
8740 17
8741 17
8742 17
8743 17
8744 17
8745 17
8746 17
8747 17
8748 19
8749 18
8750 17
8751 17
8752 17
8753 17
8754 17
8755 18
8756 18
8757 18
8758 17
8759 17
8760 17
8761 17
8762 17
8763 17
8764 17
8765 18
8766 18
8767 17
8768 17
8769 17
8770 17
8771 17
8772 17
8773 17
8774 17
8775 17
8776 17
8777 17
8778 17
8779 17
8780 17
8781 17
8782 17
8783 18
8784 17
8785 18
8786 18
8787 17
8788 17
8789 18
8790 18
8791 17
8792 17
8793 17
8794 17
8795 17
8796 17
8797 17
8798 17
8799 18
8800 18
8801 17
8802 17
8803 17
8804 17
8805 17
8806 17
8807 17
8808 17
8809 17
8810 17
8811 17
8812 19
8813 17
8814 17
8815 17
8816 17
8817 17
8818 17
8819 17
8820 17
8821 17
8822 17
8823 17
8824 17
8825 18
8826 17
8827 17
8828 18
8829 17
8830 18
8831 18
8832 17
8833 17
8834 17
8835 18
8836 17
8837 17
8838 17
8839 17
8840 17
8841 17
8842 17
8843 17
8844 17
8845 17
8846 17
8847 17
8848 17
8849 17
8850 17
8851 17
8852 17
8853 17
8854 17
8855 17
8856 17
8857 17
8858 17
8859 18
8860 17
8861 17
8862 17
8863 17
8864 17
8865 17
8866 17
8867 18
8868 17
8869 18
8870 18
8871 18
8872 18
8873 17
8874 17
8875 17
8876 20
8877 17
8878 17
8879 17
8880 17
8881 17
8882 17
8883 17
8884 17
8885 18
8886 18
8887 17
8888 17
8889 17
8890 17
8891 17
8892 17
8893 17
8894 17
8895 17
8896 17
8897 17
8898 17
8899 17
8900 17
8901 18
8902 17
8903 18
8904 18
8905 18
8906 17
8907 18
8908 18
8909 17
8910 17
8911 17
8912 17
8913 17
8914 17
8915 17
8916 18
8917 18
8918 17
8919 17
8920 17
8921 17
8922 17
8923 17
8924 17
8925 17
8926 17
8927 17
8928 17
8929 17
8930 17
8931 17
8932 17
8933 17
8934 17
8935 17
8936 17
8937 17
8938 17
8939 17
8940 19
8941 17
8942 17
8943 18
8944 18
8945 18
8946 17
8947 17
8948 17
8949 18
8950 17
8951 17
8952 17
8953 17
8954 17
8955 17
8956 17
8957 18
8958 17
8959 17
8960 17
8961 17
8962 17
8963 17
8964 17
8965 17
8966 17
8967 17
8968 17
8969 17
8970 17
8971 17
8972 17
8973 17
8974 17
8975 17
8976 17
8977 17
8978 17
8979 17
8980 17
8981 17
8982 17
8983 17
8984 17
8985 17
8986 18
8987 18
8988 18
8989 18
8990 18
8991 17
8992 17
8993 18
8994 18
8995 17
8996 17
8997 17
8998 17
8999 17
9000 17
9001 17
9002 17
9003 17
9004 20
9005 17
9006 17
9007 17
9008 17
9009 17
9010 17
9011 17
9012 17
9013 17
9014 17
9015 17
9016 17
9017 17
9018 17
9019 17
9020 17
9021 17
9022 17
9023 17
9024 17
9025 17
9026 17
9027 17
9028 17
9029 17
9030 17
9031 18
9032 17
9033 17
9034 17
9035 17
9036 17
9037 17
9038 17
9039 17
9040 241
9041 26
9042 18
9043 18
9044 18
9045 17
9046 18
9047 17
9048 17
9049 17
9050 17
9051 17
9052 17
9053 17
9054 18
9055 17
9056 17
9057 18
9058 18
9059 17
9060 17
9061 17
9062 17
9063 17
9064 17
9065 17
9066 17
9067 17
9068 17
9069 17
9070 17
9071 17
9072 18
9073 18
9074 18
9075 18
9076 17
9077 18
9078 18
9079 18
9080 18
9081 17
9082 17
9083 17
9084 17
9085 17
9086 17
9087 17
9088 18
9089 18
9090 17
9091 18
9092 17
9093 17
9094 17
9095 17
9096 18
9097 18
9098 18
9099 18
9100 17
9101 17
9102 17
9103 17
9104 18
9105 18
9106 18
9107 17
9108 17
9109 17
9110 17
9111 17
9112 18
9113 18
9114 17
9115 17
9116 17
9117 17
9118 17
9119 17
9120 18
9121 18
9122 17
9123 18
9124 17
9125 17
9126 17
9127 17
9128 17
9129 17
9130 17
9131 17
9132 17
9133 17
9134 17
9135 17
9136 17
9137 18
9138 18
9139 17
9140 17
9141 17
9142 17
9143 17
9144 17
9145 17
9146 17
9147 17
9148 17
9149 17
9150 17
9151 17
9152 17
9153 18
9154 18
9155 18
9156 17
9157 18
9158 18
9159 18
9160 17
9161 17
9162 17
9163 17
9164 17
9165 17
9166 17
9167 17
9168 17
9169 18
9170 18
9171 17
9172 17
9173 17
9174 17
9175 17
9176 17
9177 17
9178 17
9179 18
9180 17
9181 18
9182 17
9183 17
9184 17
9185 17
9186 17
9187 17
9188 17
9189 17
9190 17
9191 17
9192 18
9193 18
9194 17
9195 17
9196 17
9197 18
9198 18
9199 17
9200 17
9201 17
9202 17
9203 17
9204 18
9205 18
9206 18
9207 18
9208 18
9209 18
9210 17
9211 21
9212 18
9213 17
9214 17
9215 17
9216 17
9217 17
9218 17
9219 17
9220 18
9221 17
9222 18
9223 18
9224 18
9225 18
9226 17
9227 18
9228 17
9229 17
9230 17
9231 17
9232 17
9233 17
9234 17
9235 17
9236 17
9237 17
9238 17
9239 17
9240 17
9241 17
9242 17
9243 17
9244 18
9245 18
9246 18
9247 18
9248 17
9249 17
9250 18
9251 18
9252 18
9253 17
9254 17
9255 17
9256 17
9257 17
9258 17
9259 18
9260 18
9261 18
9262 18
9263 17
9264 18
9265 17
9266 18
9267 18
9268 18
9269 18
9270 18
9271 17
9272 17
9273 17
9274 18
9275 18
9276 18
9277 18
9278 18
9279 17
9280 17
9281 17
9282 17
9283 17
9284 17
9285 17
9286 18
9287 17
9288 17
9289 17
9290 18
9291 18
9292 18
9293 17
9294 17
9295 17
9296 17
9297 17
9298 17
9299 17
9300 17
9301 17
9302 17
9303 18
9304 17
9305 17
9306 18
9307 18
9308 18
9309 18
9310 17
9311 18
9312 18
9313 18
9314 17
9315 17
9316 18
9317 17
9318 17
9319 18
9320 17
9321 17
9322 18
9323 18
9324 18
9325 17
9326 17
9327 17
9328 17
9329 17
9330 17
9331 17
9332 17
9333 17
9334 17
9335 17
9336 17
9337 17
9338 17
9339 17
9340 18
9341 17
9342 17
9343 17
9344 18
9345 17
9346 17
9347 17
9348 17
9349 17
9350 17
9351 17
9352 17
9353 17
9354 17
9355 17
9356 17
9357 17
9358 18
9359 18
9360 17
9361 17
9362 17
9363 18
9364 18
9365 18
9366 18
9367 17
9368 18
9369 18
9370 17
9371 17
9372 17
9373 17
9374 17
9375 17
9376 17
9377 17
9378 17
9379 17
9380 18
9381 18
9382 18
9383 18
9384 17
9385 17
9386 17
9387 17
9388 17
9389 17
9390 17
9391 17
9392 22
9393 18
9394 17
9395 18
9396 18
9397 18
9398 17
9399 18
9400 17
9401 17
9402 17
9403 17
9404 17
9405 17
9406 17
9407 17
9408 17
9409 17
9410 17
9411 17
9412 17
9413 17
9414 18
9415 18
9416 18
9417 17
9418 18
9419 18
9420 18
9421 17
9422 17
9423 17
9424 17
9425 17
9426 17
9427 17
9428 18
9429 18
9430 17
9431 17
9432 18
9433 18
9434 18
9435 18
9436 18
9437 18
9438 17
9439 17
9440 17
9441 17
9442 18
9443 18
9444 18
9445 18
9446 17
9447 17
9448 17
9449 17
9450 17
9451 17
9452 17
9453 17
9454 17
9455 17
9456 17
9457 17
9458 17
9459 17
9460 17
9461 17
9462 17
9463 17
9464 17
9465 17
9466 17
9467 17
9468 17
9469 17
9470 17
9471 17
9472 17
9473 18
9474 18
9475 18
9476 18
9477 18
9478 18
9479 18
9480 18
9481 18
9482 17
9483 17
9484 17
9485 17
9486 18
9487 18
9488 18
9489 18
9490 17
9491 17
9492 17
9493 17
9494 17
9495 17
9496 17
9497 17
9498 17
9499 17
9500 17
9501 17
9502 17
9503 17
9504 17
9505 17
9506 17
9507 17
9508 17
9509 17
9510 17
9511 17
9512 17
9513 17
9514 17
9515 17
9516 17
9517 17
9518 17
9519 17
9520 17
9521 17
9522 17
9523 17
9524 17
9525 17
9526 17
9527 18
9528 17
9529 17
9530 17
9531 17
9532 17
9533 17
9534 17
9535 17
9536 17
9537 17
9538 17
9539 17
9540 17
9541 17
9542 17
9543 17
9544 17
9545 17
9546 18
9547 18
9548 17
9549 17
9550 18
9551 18
9552 17
9553 17
9554 17
9555 17
9556 18
9557 17
9558 18
9559 18
9560 17
9561 18
9562 17
9563 18
9564 17
9565 18
9566 17
9567 18
9568 18
9569 17
9570 18
9571 17
9572 18
9573 32
9574 18
9575 18
9576 17
9577 18
9578 17
9579 17
9580 18
9581 18
9582 17
9583 17
9584 17
9585 18
9586 17
9587 17
9588 18
9589 18
9590 17
9591 17
9592 18
9593 18
9594 17
9595 17
9596 17
9597 18
9598 18
9599 18
9600 18
9601 18
9602 18
9603 18
9604 17
9605 17
9606 18
9607 17
9608 17
9609 17
9610 18
9611 18
9612 17
9613 17
9614 17
9615 17
9616 18
9617 18
9618 18
9619 18
9620 18
9621 17
9622 18
9623 18
9624 17
9625 18
9626 18
9627 17
9628 17
9629 17
9630 17
9631 17
9632 17
9633 18
9634 18
9635 18
9636 18
9637 18
9638 18
9639 18
9640 18
9641 18
9642 18
9643 18
9644 17
9645 17
9646 18
9647 18
9648 17
9649 17
9650 18
9651 18
9652 17
9653 17
9654 17
9655 17
9656 17
9657 17
9658 17
9659 17
9660 18
9661 18
9662 17
9663 18
9664 17
9665 17
9666 17
9667 17
9668 17
9669 17
9670 17
9671 17
9672 18
9673 18
9674 17
9675 17
9676 17
9677 17
9678 18
9679 17
9680 18
9681 17
9682 17
9683 17
9684 17
9685 18
9686 17
9687 18
9688 17
9689 17
9690 18
9691 18
9692 18
9693 18
9694 18
9695 17
9696 17
9697 17
9698 17
9699 17
9700 17
9701 17
9702 17
9703 17
9704 18
9705 18
9706 17
9707 17
9708 17
9709 17
9710 17
9711 17
9712 17
9713 17
9714 18
9715 17
9716 17
9717 18
9718 18
9719 17
9720 17
9721 17
9722 17
9723 18
9724 17
9725 17
9726 17
9727 17
9728 17
9729 17
9730 17
9731 17
9732 17
9733 17
9734 17
9735 17
9736 17
9737 17
9738 17
9739 17
9740 17
9741 17
9742 17
9743 18
9744 17
9745 17
9746 17
9747 17
9748 18
9749 18
9750 18
9751 18
9752 18
9753 24
9754 17
9755 17
9756 17
9757 17
9758 17
9759 17
9760 17
9761 18
9762 17
9763 18
9764 18
9765 18
9766 18
9767 18
9768 17
9769 17
9770 17
9771 17
9772 17
9773 18
9774 17
9775 17
9776 17
9777 18
9778 18
9779 17
9780 17
9781 18
9782 18
9783 17
9784 18
9785 17
9786 17
9787 18
9788 18
9789 18
9790 17
9791 17
9792 17
9793 18
9794 18
9795 17
9796 17
9797 17
9798 17
9799 18
9800 17
9801 18
9802 18
9803 17
9804 18
9805 18
9806 17
9807 17
9808 17
9809 17
9810 17
9811 17
9812 17
9813 17
9814 17
9815 18
9816 17
9817 17
9818 17
9819 18
9820 18
9821 18
9822 17
9823 18
9824 18
9825 17
9826 17
9827 17
9828 17
9829 17
9830 17
9831 17
9832 18
9833 18
9834 17
9835 17
9836 17
9837 17
9838 17
9839 17
9840 17
9841 17
9842 17
9843 18
9844 18
9845 17
9846 17
9847 18
9848 18
9849 17
9850 17
9851 17
9852 17
9853 18
9854 18
9855 18
9856 18
9857 17
9858 17
9859 17
9860 18
9861 17
9862 18
9863 18
9864 17
9865 18
9866 17
9867 17
9868 17
9869 17
9870 18
9871 18
9872 18
9873 18
9874 17
9875 17
9876 17
9877 17
9878 17
9879 17
9880 18
9881 18
9882 17
9883 18
9884 18
9885 18
9886 17
9887 17
9888 17
9889 17
9890 17
9891 17
9892 17
9893 17
9894 17
9895 18
9896 18
9897 17
9898 17
9899 17
9900 17
9901 17
9902 18
9903 17
9904 18
9905 18
9906 17
9907 18
9908 17
9909 17
9910 17
9911 17
9912 17
9913 17
9914 17
9915 17
9916 17
9917 17
9918 17
9919 17
9920 17
9921 17
9922 18
9923 18
9924 18
9925 18
9926 17
9927 17
9928 17
9929 17
9930 17
9931 18
9932 18
9933 20
9934 29
9935 18
9936 18
9937 18
9938 17
9939 18
9940 18
9941 18
9942 18
9943 18
9944 18
9945 18
9946 18
9947 18
9948 17
9949 17
9950 17
9951 17
9952 17
9953 17
9954 17
9955 17
9956 17
9957 17
9958 17
9959 17
9960 17
9961 17
9962 17
9963 17
9964 18
9965 18
9966 17
9967 17
9968 17
9969 17
9970 17
9971 17
9972 17
9973 17
9974 18
9975 17
9976 17
9977 18
9978 18
9979 17
9980 17
9981 17
9982 17
9983 17
9984 17
9985 17
9986 17
9987 17
9988 17
9989 17
9990 17
9991 17
9992 17
9993 17
9994 18
9995 18
9996 17
9997 20
9998 17
9999 17
