0 5138
1 5476
2 5784
3 5183
4 6235
5 5109
6 6174
7 6463
8 5058
9 5147
10 6172
11 5065
12 5079
13 5464
14 5838
15 6970
16 5326
17 5087
18 5093
19 5451
20 6338
21 5336
22 6091
23 5456
24 5527
25 6034
26 6320
27 5338
28 5553
29 5339
30 5091
31 5953
32 5343
33 6953
34 5464
35 6217
36 5724
37 5165
38 5658
39 -994477
40 5827
41 5465
42 5709
43 5090
44 4957
45 5463
46 5730
47 5439
48 5714
49 5085
50 6095
51 6993
52 5291
53 5111
54 5943
55 4952
56 5086
57 5343
58 5701
59 5212
60 5835
61 5216
62 5139
63 5400
64 4994
65 5037
66 5021
67 5901
68 5626
69 6500
70 5124
71 7224
72 5212
73 5351
74 5728
75 5168
76 5517
77 5403
78 5367
79 5565
80 5451
81 5586
82 5210
83 5219
84 5585
85 5336
86 5719
87 4974
88 6685
89 4958
90 4970
91 6765
92 6026
93 5975
94 5047
95 5477
96 5321
97 5169
98 5078
99 5607
100 5068
101 5090
102 4958
103 5463
104 5089
105 5716
106 6225
107 5192
108 6094
109 5077
110 6465
111 5721
112 5210
113 5085
114 5085
115 5360
116 6348
117 5305
118 4954
119 5717
120 5077
121 7280
122 5651
123 6031
124 6270
125 5326
126 5091
127 5477
128 5314
129 5986
130 5432
131 5344
132 5621
133 5677
134 5887
135 5529
136 5092
137 5087
138 4957
139 5090
140 5088
141 5591
142 5459
143 6213
144 7360
145 5886
146 5250
147 5469
148 5122
149 5420
150 5210
151 5527
152 5283
153 4840
154 4965
155 5290
156 5380
157 6088
158 5087
159 6096
160 5904
161 7303
162 5959
163 5052
164 5092
165 5854
166 5820
167 5961
168 5086
169 6867
170 5708
171 5935
172 5594
173 5329
174 5834
175 6214
176 6236
177 5561
178 5085
179 7346
180 5454
181 5589
182 6498
183 5052
184 6984
185 5337
186 5687
187 5485
188 5711
189 5319
190 5455
191 5695
192 5086
193 5100
194 4957
195 5078
196 6655
197 6274
198 5484
199 5516
200 5769
201 6017
202 5144
203 5341
204 5335
205 5840
206 5082
207 5338
208 6089
209 5610
210 5309
211 5093
212 4963
213 5580
214 5474
215 6468
216 5446
217 -994238
218 5902
219 5896
220 5530
221 5643
222 5520
223 5346
224 5084
225 6206
226 5456
227 5716
228 5083
229 4965
230 5518
231 5966
232 5527
233 6827
234 5780
235 5641
236 5588
237 5227
238 5080
239 4960
240 5332
241 5141
242 5031
243 5344
244 5832
245 5970
246 6078
247 5463
248 5359
249 5870
250 5412
251 5072
252 5969
253 4959
254 5329
255 5710
256 5216
257 5555
258 5089
259 5086
260 6217
261 5463
262 5205
263 6536
264 5262
265 5589
266 6034
267 5390
268 6835
269 5455
270 6460
271 5649
272 5153
273 5458
274 5650
275 5277
276 6076
277 5092
278 5080
279 6406
280 5916
281 5440
282 5081
283 5094
284 4949
285 5080
286 5143
287 5538
288 6499
289 5289
290 4962
291 5960
292 5840
293 5230
294 6188
295 5344
296 4957
297 5091
298 5704
299 5345
300 5580
301 6057
302 5395
303 6001
304 5272
305 5578
306 5600
307 6201
308 5672
309 5553
310 6154
311 5216
312 4953
313 5974
314 5224
315 6216
316 5831
317 5318
318 5469
319 6079
320 5845
321 5700
322 5092
323 5084
324 5214
325 6474
326 5569
327 5971
328 5645
329 5275
330 5335
331 4968
332 5450
333 5595
334 5580
335 5339
336 5111
337 5675
338 5332
339 5087
340 5338
341 6206
342 6088
343 5955
344 5094
345 5128
346 5717
347 5467
348 5151
349 5471
350 5703
351 5211
352 6157
353 5270
354 5460
355 5086
356 5150
357 6027
358 4954
359 5836
360 6155
361 6856
362 5124
363 5951
364 5409
365 5402
366 5339
367 5093
368 5080
369 5085
370 5527
371 5277
372 5085
373 5591
374 5586
375 5094
376 5079
377 5088
378 5971
379 5077
380 7139
381 5289
382 5467
383 5583
384 5213
385 5507
386 5298
387 5889
388 5400
389 5143
390 5532
391 5590
392 5211
393 5093
394 4958
395 4962
396 4964
397 -994036
398 5083
399 7462
400 5594
401 5080
402 5841
403 5459
404 5593
405 5078
406 5212
407 5852
408 5196
409 5519
410 5405
411 5842
412 5828
413 5656
414 5938
415 5677
416 6707
417 7965
418 4950
419 5088
420 5090
421 6534
422 5262
423 5597
424 5081
425 5832
426 6094
427 5321
428 5800
429 6877
430 5204
431 5209
432 5652
433 5910
434 7329
435 6713
436 6209
437 5332
438 6282
439 5639
440 5784
441 6150
442 5829
443 5841
444 5954
445 5592
446 5896
447 6721
448 5830
449 5396
450 5864
451 6959
452 5187
453 5332
454 5775
455 5776
456 5079
457 5721
458 5454
459 4965
460 5731
461 5192
462 5495
463 6175
464 5595
465 6780
466 5261
467 5460
468 6215
469 6345
470 5325
471 5347
472 5257
473 5409
474 5833
475 5220
476 5078
477 5214
478 5646
479 5929
480 5440
481 5571
482 5342
483 5076
484 6040
485 5011
486 5848
487 5465
488 6329
489 6381
490 5524
491 5721
492 5577
493 5819
494 5832
495 7271
496 5139
497 5087
498 5093
499 5494
500 5610
501 5847
502 5143
503 5526
504 6334
505 5518
506 6405
507 5391
508 6211
509 5837
510 5083
511 6772
512 5834
513 5405
514 5207
515 6458
516 5455
517 7395
518 5407
519 5478
520 5931
521 5461
522 5333
523 6215
524 5450
525 5334
526 6158
527 5584
528 5390
529 5210
530 5613
531 5066
532 5446
533 5240
534 5070
535 5702
536 5518
537 5275
538 6118
539 5431
540 5468
541 6852
542 5746
543 4907
544 5454
545 5651
546 6018
547 5844
548 5085
549 5710
550 5577
551 5716
552 5282
553 6331
554 5142
555 5580
556 5093
557 5091
558 6001
559 5304
560 6567
561 5657
562 5147
563 5356
564 5305
565 5597
566 5582
567 5591
568 5081
569 5211
570 5079
571 -992833
572 5512
573 5548
574 6062
575 5637
576 5097
577 5866
578 7184
579 5450
580 5080
581 5092
582 5704
583 5116
584 5432
585 5335
586 5329
587 4968
588 5082
589 6588
590 6894
591 5771
592 5532
593 5776
594 5198
595 4965
596 6584
597 5460
598 5075
599 5214
600 5206
601 5089
602 5090
603 5957
604 4963
605 5208
606 5641
607 5649
608 4959
609 6126
610 5413
611 5858
612 5185
613 6022
614 6866
615 6314
616 5413
617 5568
618 5090
619 6139
620 6180
621 5683
622 6158
623 5818
624 5284
625 5338
626 5456
627 5126
628 5682
629 5577
630 5576
631 5344
632 6212
633 6079
634 5341
635 5452
636 5345
637 5776
638 5643
639 4954
640 5060
641 6267
642 5401
643 5641
644 5526
645 5342
646 6269
647 5143
648 5522
649 5444
650 5410
651 5840
652 6591
653 5082
654 6710
655 4971
656 5702
657 5708
658 5089
659 4962
660 5962
661 5841
662 5705
663 5593
664 5330
665 5365
666 5561
667 5459
668 5086
669 7405
670 5276
671 5077
672 5468
673 5332
674 5090
675 5077
676 4963
677 5086
678 4968
679 5457
680 4963
681 5711
682 4971
683 5081
684 5453
685 5621
686 6741
687 10521
688 6021
689 5273
690 5594
691 5328
692 6679
693 6002
694 5326
695 5656
696 6141
697 5585
698 6349
699 6469
700 5815
701 5840
702 5277
703 5523
704 6463
705 5093
706 5332
707 4961
708 5502
709 5306
710 4960
711 5234
712 5413
713 5088
714 5611
715 5306
716 6037
717 5368
718 5092
719 5715
720 5524
721 5855
722 5753
723 5997
724 6052
725 5200
726 5590
727 5465
728 5575
729 5091
730 5111
731 5432
732 5333
733 5534
734 5650
735 6205
736 5813
737 5353
738 5100
739 5318
740 5025
741 6600
742 5203
743 4945
744 6498
745 6051
746 6458
747 5731
748 -993818
749 5972
750 5813
751 4957
752 5463
753 6094
754 5462
755 5723
756 5314
757 5839
758 5899
759 7699
760 5147
761 4984
762 6053
763 6266
764 5036
765 5458
766 5386
767 5905
768 5203
769 6097
770 5961
771 5054
772 5088
773 6359
774 5440
775 5445
776 5462
777 5947
778 5467
779 5330
780 4953
781 5836
782 5333
783 5328
784 5089
785 5214
786 5456
787 6595
788 5453
789 5278
790 5761
791 5339
792 5535
793 6067
794 5659
795 6587
796 5722
797 5075
798 5838
799 6225
800 5487
801 5303
802 5846
803 6010
804 5265
805 5907
806 5518
807 5622
808 5299
809 5333
810 5167
811 5937
812 5397
813 7337
814 5164
815 5628
816 5089
817 5705
818 6249
819 5166
820 5959
821 6205
822 5284
823 5167
824 5328
825 6304
826 5702
827 5462
828 5689
829 5610
830 5977
831 6599
832 5752
833 5120
834 5327
835 5504
836 5843
837 5766
838 5555
839 5488
840 5897
841 5198
842 5349
843 6369
844 6116
845 5294
846 6072
847 5427
848 4997
849 6657
850 5579
851 5244
852 5441
853 5959
854 5388
855 6078
856 5268
857 6974
858 5580
859 5479
860 6654
861 5580
862 6285
863 5160
864 5624
865 6464
866 6947
867 5485
868 5670
869 5053
870 5771
871 6032
872 5665
873 5359
874 5430
875 5160
876 5776
877 5280
878 7240
879 5339
880 5672
881 5440
882 5858
883 6148
884 6956
885 6078
886 7087
887 5973
888 5659
889 5188
890 5418
891 5711
892 5200
893 5311
894 7194
895 5261
896 5767
897 5723
898 5406
899 6226
900 5959
901 12756
902 16626
903 5918
904 5857
905 5751
906 5473
907 6606
908 5846
909 5839
910 5800
911 5789
912 5340
913 5077
914 6600
915 7985
916 6366
917 5271
918 -993415
919 7155
920 9517
921 6464
922 7577
923 6143
924 7279
925 5706
926 5592
927 6091
928 5517
929 5277
930 5567
931 5977
932 5453
933 5462
934 5084
935 5714
936 5226
937 5306
938 6215
939 5327
940 5839
941 5334
942 5088
943 5176
944 5872
945 5716
946 5888
947 5287
948 5480
949 6687
950 5692
951 5778
952 5276
953 5331
954 6961
955 5464
956 5094
957 5328
958 5964
959 5585
960 5337
961 5715
962 5088
963 5090
964 5080
965 5588
966 5218
967 5085
968 6453
969 5713
970 5046
971 5381
972 5326
973 5213
974 6040
975 5386
976 6087
977 5961
978 5213
979 5190
980 5855
981 5091
982 5930
983 5240
984 5468
985 5338
986 6326
987 5841
988 5348
989 5573
990 5087
991 5086
992 5096
993 5077
994 5701
995 5999
996 5406
997 6633
998 5160
999 5839
1000 5083
1001 5344
1002 5452
1003 6366
1004 7430
1005 4945
1006 5721
1007 5581
1008 5082
1009 5095
1010 5466
1011 5574
1012 4974
1013 5080
1014 5094
1015 6204
1016 5321
1017 5356
1018 5817
1019 5959
1020 5239
1021 6330
1022 5462
1023 5942
1024 5711
1025 5268
1026 6398
1027 5090
1028 5756
1029 6307
1030 5728
1031 6204
1032 5656
1033 5841
1034 6648
1035 5195
1036 5284
1037 5783
1038 5900
1039 7592
1040 11171
1041 5729
1042 6088
1043 6229
1044 6795
1045 9091
1046 6075
1047 6447
1048 5714
1049 5836
1050 6901
1051 5279
1052 6082
1053 5582
1054 6397
1055 6831
1056 5788
1057 6087
1058 5827
1059 5453
1060 5715
1061 5713
1062 5863
1063 5560
1064 5869
1065 5716
1066 5588
1067 5921
1068 5709
1069 6096
1070 5898
1071 5640
1072 6237
1073 6579
1074 6459
1075 5825
1076 5713
1077 6652
1078 5895
1079 6155
1080 5315
1081 6295
1082 5840
1083 6341
1084 5952
1085 7128
1086 5990
1087 5894
1088 -994292
1089 7023
1090 6280
1091 5952
1092 6082
1093 5633
1094 5757
1095 5612
1096 6124
1097 6421
1098 6945
1099 5603
1100 5818
1101 5842
1102 5706
1103 5711
1104 6469
1105 6574
1106 6595
1107 6014
1108 5276
1109 5592
1110 5193
1111 5767
1112 5273
1113 5239
1114 6326
1115 5328
1116 6017
1117 5523
1118 5145
1119 5651
1120 4958
1121 5203
1122 5642
1123 5282
1124 6768
1125 5281
1126 5470
1127 5329
1128 6339
1129 5903
1130 5764
1131 5344
1132 5579
1133 6156
1134 5649
1135 5457
1136 5062
1137 5704
1138 5835
1139 5077
1140 4968
1141 5215
1142 6331
1143 5335
1144 6021
1145 6162
1146 5574
1147 5097
1148 5329
1149 5588
1150 5084
1151 5570
1152 4978
1153 5243
1154 5308
1155 5090
1156 4955
1157 5091
1158 5477
1159 5570
1160 5470
1161 6324
1162 5214
1163 5958
1164 5872
1165 5794
1166 5331
1167 5601
1168 5445
1169 5468
1170 6228
1171 5241
1172 5478
1173 6353
1174 5380
1175 4986
1176 5056
1177 5495
1178 5300
1179 7519
1180 5523
1181 5075
1182 5347
1183 5330
1184 5583
1185 5309
1186 5588
1187 5451
1188 5713
1189 5335
1190 5712
1191 4959
1192 6220
1193 5441
1194 5786
1195 5514
1196 5472
1197 7326
1198 5207
1199 5345
1200 6020
1201 6273
1202 5211
1203 6085
1204 6400
1205 5394
1206 5970
1207 5826
1208 6219
1209 5726
1210 5813
1211 6346
1212 5328
1213 5494
1214 5929
1215 7213
1216 6718
1217 6518
1218 6715
1219 7110
1220 8695
1221 9673
1222 7543
1223 8909
1224 6020
1225 6093
1226 6137
1227 5969
1228 5881
1229 7589
1230 6084
1231 6454
1232 5714
1233 6348
1234 6067
1235 5093
1236 6763
1237 6032
1238 6338
1239 5700
1240 6003
1241 6354
1242 5616
1243 6009
1244 5818
1245 5934
1246 7329
1247 5964
1248 6157
1249 6285
1250 5701
1251 6585
1252 6080
1253 5964
1254 5707
1255 5709
1256 6517
1257 -993426
1258 6410
1259 7225
1260 5569
1261 5596
1262 6831
1263 5708
1264 5745
1265 5660
1266 5878
1267 5923
1268 5704
1269 6777
1270 5272
1271 5087
1272 5328
1273 5341
1274 4953
1275 6879
1276 5853
1277 5948
1278 5668
1279 6582
1280 6590
1281 5451
1282 5646
1283 5471
1284 7490
1285 6465
1286 6229
1287 6072
1288 5957
1289 5328
1290 5097
1291 5750
1292 5470
1293 5412
1294 5599
1295 5443
1296 5210
1297 6836
1298 6116
1299 5305
1300 5206
1301 5715
1302 5714
1303 5085
1304 5461
1305 5495
1306 5179
1307 5269
1308 7190
1309 5538
1310 6209
1311 5340
1312 5580
1313 5412
1314 5261
1315 6328
1316 5098
1317 5836
1318 5349
1319 5196
1320 5089
1321 5587
1322 5846
1323 5078
1324 5473
1325 6324
1326 5974
1327 5266
1328 6213
1329 5651
1330 5705
1331 5398
1332 5024
1333 6338
1334 5589
1335 4980
1336 5304
1337 5208
1338 5092
1339 5627
1340 5044
1341 5708
1342 4961
1343 5484
1344 5571
1345 5329
1346 5590
1347 5480
1348 4921
1349 6782
1350 5386
1351 5094
1352 6526
1353 5262
1354 5341
1355 5705
1356 6614
1357 5427
1358 5164
1359 5012
1360 5338
1361 5902
1362 5398
1363 5243
1364 5557
1365 5359
1366 5724
1367 5779
1368 6394
1369 5775
1370 7241
1371 5803
1372 6343
1373 5455
1374 4962
1375 5587
1376 5463
1377 5100
1378 6510
1379 5403
1380 6330
1381 5966
1382 5950
1383 5211
1384 5279
1385 5517
1386 5218
1387 5511
1388 6658
1389 6152
1390 6058
1391 6054
1392 5955
1393 5630
1394 5696
1395 5046
1396 5745
1397 5173
1398 5457
1399 5463
1400 5834
1401 4955
1402 5833
1403 5590
1404 5712
1405 5085
1406 6406
1407 5266
1408 6236
1409 5182
1410 5330
1411 5705
1412 5374
1413 6294
1414 5462
1415 5960
1416 5646
1417 5277
1418 5902
1419 9258
1420 5523
1421 5652
1422 5835
1423 7113
1424 5060
1425 5710
1426 5338
1427 5198
1428 5357
1429 5565
1430 5339
1431 -994024
1432 5320
1433 5338
1434 5712
1435 4971
1436 5953
1437 6033
1438 5276
1439 6083
1440 5335
1441 7964
1442 5962
1443 5012
1444 5529
1445 5713
1446 5329
1447 5088
1448 5475
1449 5082
1450 5189
1451 5101
1452 5208
1453 5093
1454 5583
1455 5085
1456 5587
1457 5718
1458 6332
1459 6730
1460 5369
1461 6159
1462 4961
1463 5080
1464 5218
1465 5335
1466 5704
1467 4965
1468 4960
1469 5340
1470 5081
1471 5713
1472 5714
1473 5585
1474 5225
1475 5375
1476 6532
1477 5457
1478 6777
1479 5905
1480 5878
1481 7286
1482 6373
1483 5748
1484 5633
1485 5453
1486 7151
1487 6058
1488 5914
1489 7212
1490 8252
1491 6599
1492 9189
1493 6443
1494 5565
1495 5701
1496 5713
1497 6087
1498 6213
1499 5950
1500 5966
1501 6028
1502 5640
1503 6070
1504 6926
1505 5809
1506 5650
1507 5829
1508 5490
1509 6121
1510 7276
1511 6205
1512 5708
1513 5702
1514 6005
1515 5551
1516 5473
1517 5824
1518 5713
1519 5318
1520 5838
1521 5836
1522 5712
1523 5993
1524 5680
1525 5087
1526 5714
1527 5467
1528 5837
1529 5647
1530 5277
1531 5333
1532 5091
1533 5841
1534 5836
1535 5458
1536 5338
1537 5589
1538 6398
1539 5526
1540 4960
1541 5345
1542 6228
1543 5686
1544 5642
1545 5307
1546 6189
1547 6091
1548 5340
1549 5829
1550 5713
1551 6639
1552 5535
1553 5338
1554 5466
1555 5465
1556 4953
1557 5341
1558 4961
1559 5220
1560 5456
1561 5212
1562 5087
1563 5965
1564 5707
1565 6212
1566 5095
1567 5330
1568 5735
1569 5690
1570 5092
1571 5834
1572 5840
1573 5715
1574 5582
1575 5086
1576 5089
1577 5469
1578 5077
1579 6357
1580 5945
1581 5201
1582 4976
1583 5816
1584 5206
1585 5075
1586 5559
1587 5242
1588 4971
1589 4953
1590 5319
1591 5107
1592 4969
1593 6079
1594 4964
1595 5090
1596 4968
1597 5329
1598 5213
1599 5088
1600 6094
1601 6047
1602 6243
1603 5653
1604 6527
1605 5328
1606 -994878
1607 5269
1608 5087
1609 5087
1610 5095
1611 5581
1612 5839
1613 5335
1614 5744
1615 5056
1616 5337
1617 5714
1618 5350
1619 5953
1620 5334
1621 6857
1622 5314
1623 5213
1624 5218
1625 4960
1626 5651
1627 5275
1628 5852
1629 5377
1630 6340
1631 5397
1632 5470
1633 5073
1634 5593
1635 6399
1636 5287
1637 5906
1638 6180
1639 7267
1640 5592
1641 6078
1642 5472
1643 5705
1644 5701
1645 4972
1646 5081
1647 5336
1648 5332
1649 5343
1650 5578
1651 6213
1652 5333
1653 5469
1654 5082
1655 5461
1656 5332
1657 5968
1658 5712
1659 5202
1660 5560
1661 5488
1662 4973
1663 5326
1664 5346
1665 5079
1666 5593
1667 5827
1668 5339
1669 6465
1670 4959
1671 5192
1672 5274
1673 5598
1674 5196
1675 5103
1676 6319
1677 5469
1678 5205
1679 5844
1680 5952
1681 6760
1682 5669
1683 5327
1684 5093
1685 4956
1686 5094
1687 5080
1688 5660
1689 5011
1690 5725
1691 5949
1692 5893
1693 5418
1694 6455
1695 5365
1696 6287
1697 5182
1698 5072
1699 4972
1700 5084
1701 5084
1702 4952
1703 4969
1704 5334
1705 5712
1706 6203
1707 5214
1708 5711
1709 5621
1710 5898
1711 6211
1712 7205
1713 5711
1714 6770
1715 5784
1716 5703
1717 6978
1718 6218
1719 5686
1720 5834
1721 5343
1722 6269
1723 5894
1724 6020
1725 5653
1726 5963
1727 5965
1728 5839
1729 5955
1730 6091
1731 5718
1732 5330
1733 5709
1734 5090
1735 5588
1736 6207
1737 4975
1738 5104
1739 6252
1740 5270
1741 5862
1742 5071
1743 5328
1744 6837
1745 6596
1746 5332
1747 7087
1748 6250
1749 5425
1750 5952
1751 5338
1752 5725
1753 5573
1754 5782
1755 5144
1756 5716
1757 5489
1758 5305
1759 5471
1760 5330
1761 5335
1762 5713
1763 5717
1764 5839
1765 7145
1766 5153
1767 5082
1768 5336
1769 5214
1770 6219
1771 5830
1772 5839
1773 6767
1774 5653
1775 5970
1776 5845
1777 4949
1778 5951
1779 5586
1780 5083
1781 5089
1782 5837
1783 -994033
1784 5085
1785 5460
1786 5339
1787 5212
1788 5092
1789 5082
1790 5823
1791 5102
1792 5466
1793 5067
1794 6277
1795 5031
1796 5078
1797 5736
1798 6006
1799 5271
1800 5719
1801 6897
1802 5902
1803 5326
1804 5838
1805 5339
1806 5965
1807 5584
1808 5213
1809 5092
1810 5458
1811 5452
1812 5465
1813 5896
1814 5540
1815 5714
1816 5458
1817 5323
1818 5339
1819 6931
1820 5371
1821 5143
1822 6174
1823 5833
1824 5745
1825 5522
1826 6476
1827 7140
1828 5012
1829 4962
1830 5077
1831 5598
1832 5085
1833 5654
1834 5281
1835 4951
1836 5521
1837 5283
1838 5999
1839 5923
1840 5833
1841 5225
1842 6009
1843 5454
1844 5285
1845 5591
1846 4957
1847 5716
1848 6225
1849 5943
1850 4962
1851 5087
1852 6041
1853 5511
1854 6086
1855 5347
1856 6705
1857 5218
1858 4964
1859 5942
1860 5449
1861 5582
1862 5453
1863 5270
1864 6211
1865 5776
1866 5095
1867 5831
1868 5271
1869 5283
1870 5452
1871 5691
1872 5084
1873 5211
1874 7029
1875 5297
1876 5432
1877 5334
1878 5081
1879 5340
1880 4965
1881 5207
1882 5514
1883 5279
1884 5757
1885 5786
1886 4964
1887 4957
1888 4967
1889 5345
1890 5204
1891 5095
1892 5322
1893 5955
1894 5346
1895 5450
1896 5204
1897 4965
1898 5331
1899 5346
1900 5325
1901 5339
1902 5328
1903 5720
1904 5454
1905 5167
1906 4953
1907 6216
1908 4960
1909 5079
1910 4834
1911 6841
1912 6969
1913 5319
1914 5841
1915 5085
1916 5338
1917 5344
1918 6255
1919 5034
1920 6227
1921 5904
1922 5744
1923 5213
1924 6218
1925 5845
1926 6073
1927 5830
1928 6651
1929 6709
1930 5024
1931 5593
1932 6016
1933 5030
1934 6082
1935 5708
1936 6218
1937 5204
1938 5720
1939 5701
1940 6022
1941 5531
1942 5097
1943 5843
1944 5061
1945 4969
1946 5955
1947 6212
1948 5464
1949 5711
1950 4960
1951 6275
1952 5153
1953 6205
1954 5590
1955 5710
1956 5596
1957 5577
1958 4961
1959 4950
1960 5578
1961 -994913
1962 6011
1963 5288
1964 5207
1965 5272
1966 6656
1967 5828
1968 5841
1969 4953
1970 5474
1971 5581
1972 5090
1973 5710
1974 5606
1975 5429
1976 5465
1977 5082
1978 5217
1979 5474
1980 5316
1981 5723
1982 5264
1983 5409
1984 6586
1985 5329
1986 6486
1987 5307
1988 5968
1989 5208
1990 6468
1991 5204
1992 5146
1993 5707
1994 5407
1995 5177
1996 5250
1997 5346
1998 5711
1999 5706
2000 5861
2001 6023
2002 7110
2003 5163
2004 6409
2005 6012
2006 5416
2007 5386
2008 5681
2009 5288
2010 5372
2011 6099
2012 5122
2013 4949
2014 6698
2015 5360
2016 6241
2017 5455
2018 5948
2019 5674
2020 6488
2021 5255
2022 4958
2023 5464
2024 5506
2025 5336
2026 5153
2027 6563
2028 5472
2029 5659
2030 5461
2031 5128
2032 5559
2033 5080
2034 5735
2035 5417
2036 5444
2037 5080
2038 6495
2039 6014
2040 5706
2041 5168
2042 5792
2043 7403
2044 5220
2045 5450
2046 5003
2047 5871
2048 6219
2049 5493
2050 5692
2051 5329
2052 5301
2053 5387
2054 5668
2055 5090
2056 6508
2057 5489
2058 5833
2059 5165
2060 5301
2061 5331
2062 5023
2063 5650
2064 5449
2065 5443
2066 5750
2067 5478
2068 5530
2069 5543
2070 5070
2071 5737
2072 5301
2073 6030
2074 6569
2075 5209
2076 4982
2077 5419
2078 6438
2079 5123
2080 5961
2081 5623
2082 6066
2083 5590
2084 5957
2085 5643
2086 5555
2087 5905
2088 5981
2089 6070
2090 5913
2091 5337
2092 6563
2093 5083
2094 5085
2095 5338
2096 5144
2097 5704
2098 5043
2099 5890
2100 5959
2101 6274
2102 5860
2103 5175
2104 7281
2105 5405
2106 6633
2107 5141
2108 5892
2109 5397
2110 6349
2111 5225
2112 5098
2113 5371
2114 5695
2115 5854
2116 5684
2117 6484
2118 5147
2119 5087
2120 5045
2121 5338
2122 5696
2123 4952
2124 5713
2125 5311
2126 5350
2127 5313
2128 6257
2129 5369
2130 5563
2131 4989
2132 6334
2133 6033
2134 6219
2135 5546
2136 5437
2137 5214
2138 5081
2139 5665
2140 5130
2141 5898
2142 5547
2143 5402
2144 5096
2145 5195
2146 6211
2147 5436
2148 5448
2149 5571
2150 5715
2151 5809
2152 5322
2153 6329
2154 5245
2155 5645
2156 4874
2157 5178
2158 5570
2159 5689
2160 5459
2161 5323
2162 5758
2163 5535
2164 5424
2165 6102
2166 5179
2167 6274
2168 5357
2169 5129
2170 5652
2171 5331
2172 5852
2173 5949
2174 5826
2175 5391
2176 5263
2177 5347
2178 6321
2179 4989
2180 5704
2181 5335
2182 5239
2183 6084
2184 5093
2185 5903
2186 5099
2187 5457
2188 5467
2189 5437
2190 5598
2191 5234
2192 5056
2193 5969
2194 5096
2195 5949
2196 5312
2197 5369
2198 5175
2199 5113
2200 5687
2201 5889
2202 6334
2203 5656
2204 5764
2205 5131
2206 5594
2207 5580
2208 5147
2209 5289
2210 6326
2211 5261
2212 5812
2213 5305
2214 5580
2215 5547
2216 5259
2217 6042
2218 5151
2219 6203
2220 6971
2221 5451
2222 5546
2223 5124
2224 5276
2225 6014
2226 4958
2227 6754
2228 5293
2229 5208
2230 7748
2231 5855
2232 6025
2233 5745
2234 5326
2235 6891
2236 5343
2237 7019
2238 5755
2239 5907
2240 5183
2241 5402
2242 5167
2243 5736
2244 5173
2245 5121
2246 5175
2247 5301
2248 6590
2249 5617
2250 7597
2251 5361
2252 6671
2253 6001
2254 6313
2255 5256
2256 4948
2257 5065
2258 5715
2259 5936
2260 6448
2261 5077
2262 5501
2263 5689
2264 6076
2265 5580
2266 5254
2267 6031
2268 5565
2269 6364
2270 4917
2271 5634
2272 6522
2273 5193
2274 5463
2275 4948
2276 5088
2277 6001
2278 6159
2279 5083
2280 6149
2281 5137
2282 5946
2283 5314
2284 5215
2285 5383
2286 5824
2287 5185
2288 5703
2289 5568
2290 5856
2291 7285
2292 5791
2293 5811
2294 5691
2295 5210
2296 5639
2297 5250
2298 5146
2299 5659
2300 5137
2301 5055
2302 5106
2303 7394
2304 5131
2305 5132
2306 5166
2307 5778
2308 5355
2309 6889
2310 5547
2311 5481
2312 5346
2313 5020
2314 -994029
2315 5165
2316 5194
2317 5292
2318 5359
2319 5216
2320 5637
2321 4971
2322 5075
2323 5426
2324 6250
2325 5169
2326 5516
2327 6884
2328 5656
2329 5826
2330 5546
2331 5717
2332 5516
2333 5547
2334 5555
2335 5470
2336 6074
2337 5757
2338 6999
2339 6032
2340 9028
2341 5854
2342 9254
2343 12555
2344 12774
2345 5614
2346 5526
2347 6402
2348 5174
2349 5965
2350 5627
2351 5125
2352 5129
2353 5555
2354 5136
2355 5691
2356 5415
2357 6086
2358 5416
2359 5965
2360 6171
2361 5437
2362 5195
2363 7490
2364 5429
2365 5278
2366 5319
2367 5239
2368 5393
2369 5079
2370 5430
2371 7110
2372 5280
2373 5332
2374 5588
2375 5969
2376 5239
2377 6918
2378 5638
2379 5777
2380 5087
2381 5471
2382 5447
2383 6587
2384 5093
2385 5075
2386 5711
2387 5961
2388 5093
2389 5205
2390 4962
2391 5084
2392 6462
2393 5269
2394 5269
2395 7481
2396 6063
2397 5590
2398 5627
2399 5538
2400 6274
2401 5271
2402 6098
2403 5448
2404 5839
2405 5087
2406 5590
2407 5335
2408 5613
2409 5192
2410 5578
2411 6649
2412 5650
2413 7294
2414 5520
2415 5821
2416 5339
2417 6695
2418 5345
2419 5468
2420 5208
2421 5961
2422 5646
2423 5276
2424 5087
2425 5207
2426 5963
2427 5465
2428 5832
2429 5212
2430 5597
2431 6324
2432 5842
2433 5491
2434 5858
2435 5891
2436 6342
2437 6623
2438 5668
2439 6088
2440 5201
2441 5915
2442 5270
2443 5588
2444 5593
2445 4956
2446 5459
2447 5768
2448 6631
2449 5368
2450 5458
2451 5965
2452 5452
2453 7088
2454 5592
2455 5706
2456 5276
2457 5401
2458 5906
2459 5392
2460 5966
2461 5211
2462 6081
2463 5330
2464 5465
2465 5092
2466 6200
2467 5553
2468 6533
2469 5519
2470 5705
2471 5086
2472 4968
2473 5329
2474 5838
2475 5712
2476 6089
2477 5465
2478 5789
2479 5389
2480 5949
2481 5088
2482 5340
2483 5730
2484 6943
2485 -993923
2486 5220
2487 5856
2488 5795
2489 4964
2490 5719
2491 5958
2492 5463
2493 5099
2494 5195
2495 6589
2496 5712
2497 5839
2498 6144
2499 6775
2500 5718
2501 7083
2502 5955
2503 6023
2504 6580
2505 6051
2506 5194
2507 5707
2508 5213
2509 5329
2510 5272
2511 5399
2512 5619
2513 5680
2514 5207
2515 5604
2516 5053
2517 6119
2518 5669
2519 5845
2520 6079
2521 4999
2522 5048
2523 5594
2524 5162
2525 5632
2526 5707
2527 5771
2528 6153
2529 7087
2530 5322
2531 5344
2532 5078
2533 5628
2534 5041
2535 5090
2536 4827
2537 5966
2538 5978
2539 6067
2540 5942
2541 6250
2542 5062
2543 5705
2544 4958
2545 4958
2546 5086
2547 5833
2548 6091
2549 5615
2550 5743
2551 5273
2552 5583
2553 4959
2554 6332
2555 5332
2556 6348
2557 4941
2558 5593
2559 5204
2560 5595
2561 5866
2562 5798
2563 5963
2564 5449
2565 4965
2566 5705
2567 5339
2568 4956
2569 5469
2570 5579
2571 5457
2572 5084
2573 5088
2574 5090
2575 6702
2576 4996
2577 5408
2578 5228
2579 5881
2580 5296
2581 5212
2582 4955
2583 5575
2584 5369
2585 5184
2586 5460
2587 5085
2588 4958
2589 5231
2590 5058
2591 5339
2592 5084
2593 5093
2594 6514
2595 5277
2596 5139
2597 5416
2598 5452
2599 5338
2600 4968
2601 5082
2602 5085
2603 5710
2604 5225
2605 5075
2606 5837
2607 5334
2608 6090
2609 5956
2610 4965
2611 5093
2612 5350
2613 6443
2614 5836
2615 5339
2616 5833
2617 5049
2618 5275
2619 5276
2620 5075
2621 4960
2622 5238
2623 5312
2624 5467
2625 5451
2626 5160
2627 5421
2628 5977
2629 5580
2630 5983
2631 6785
2632 5068
2633 5088
2634 6327
2635 5090
2636 4959
2637 5592
2638 5336
2639 5335
2640 5351
2641 5327
2642 5079
2643 5332
2644 5098
2645 5198
2646 5747
2647 5182
2648 5613
2649 5304
2650 5853
2651 5084
2652 5725
2653 5562
2654 5956
2655 5217
2656 5269
2657 5901
2658 5460
2659 4963
2660 4965
2661 4960
2662 5077
2663 6486
2664 5318
2665 -994536
2666 6339
2667 5329
2668 5081
2669 6089
2670 4953
2671 5335
2672 6576
2673 5468
2674 5327
2675 5221
2676 5705
2677 5336
2678 4986
2679 5434
2680 5458
2681 4962
2682 4958
2683 5757
2684 5590
2685 5421
2686 4940
2687 6210
2688 5381
2689 5437
2690 5310
2691 4976
2692 6092
2693 5622
2694 5895
2695 5475
2696 5585
2697 5937
2698 6084
2699 5810
2700 5860
2701 4975
2702 5116
2703 4797
2704 6326
2705 6191
2706 5181
2707 4784
2708 5109
2709 5823
2710 5150
2711 5305
2712 5111
2713 5145
2714 5068
2715 5557
2716 5939
2717 5336
2718 4909
2719 5439
2720 5689
2721 5075
2722 5843
2723 5521
2724 6081
2725 4893
2726 4935
2727 4938
2728 5066
2729 5193
2730 5182
2731 5068
2732 5118
2733 5510
2734 5690
2735 4815
2736 4951
2737 5420
2738 5315
2739 5487
2740 5152
2741 5103
2742 6142
2743 6723
2744 5148
2745 4940
2746 5437
2747 5575
2748 4928
2749 4938
2750 5066
2751 4949
2752 5302
2753 5064
2754 4801
2755 4825
2756 5199
2757 5970
2758 5017
2759 5239
2760 5385
2761 5072
2762 5176
2763 6444
2764 5482
2765 5316
2766 5821
2767 5383
2768 4928
2769 5065
2770 4940
2771 5185
2772 5065
2773 5565
2774 4944
2775 4932
2776 5766
2777 5611
2778 4971
2779 5545
2780 5945
2781 7142
2782 5246
2783 5423
2784 5456
2785 5053
2786 5319
2787 5366
2788 5896
2789 5161
2790 5437
2791 5338
2792 4952
2793 5093
2794 5827
2795 5098
2796 5569
2797 4969
2798 5451
2799 5697
2800 6494
2801 5034
2802 4976
2803 5068
2804 5093
2805 5932
2806 5480
2807 6072
2808 5100
2809 5322
2810 5088
2811 5333
2812 5527
2813 5443
2814 5281
2815 5346
2816 5321
2817 5094
2818 5076
2819 6483
2820 5190
2821 5081
2822 5349
2823 5570
2824 5345
2825 5319
2826 5373
2827 5416
2828 5081
2829 5204
2830 5094
2831 5202
2832 5846
2833 5075
2834 5468
2835 5082
2836 5090
2837 5203
2838 6524
2839 5627
2840 5611
2841 5336
2842 5299
2843 5750
2844 5700
2845 5221
2846 5082
2847 4837
2848 5332
2849 -994905
2850 5347
2851 5313
2852 5087
2853 5467
2854 5453
2855 5198
2856 5461
2857 6353
2858 5192
2859 5106
2860 5436
2861 5456
2862 4834
2863 5211
2864 4977
2865 5811
2866 4965
2867 5207
2868 5826
2869 5091
2870 5076
2871 5089
2872 5329
2873 5456
2874 5523
2875 5100
2876 6094
2877 5192
2878 5078
2879 5095
2880 5952
2881 5188
2882 5354
2883 5335
2884 5460
2885 5702
2886 5474
2887 5078
2888 4960
2889 5073
2890 5097
2891 5949
2892 5184
2893 5485
2894 5080
2895 6743
2896 5047
2897 5235
2898 5807
2899 5713
2900 5079
2901 4968
2902 5767
2903 5277
2904 5229
2905 5071
2906 5334
2907 5463
2908 4987
2909 5303
2910 5075
2911 5345
2912 6337
2913 5201
2914 6210
2915 5338
2916 4961
2917 5089
2918 5718
2919 5478
2920 5311
2921 4960
2922 5588
2923 5344
2924 4953
2925 5772
2926 5529
2927 5216
2928 5715
2929 5079
2930 4963
2931 5088
2932 5236
2933 6179
2934 5537
2935 5421
2936 5427
2937 5333
2938 6272
2939 5271
2940 4951
2941 5471
2942 4958
2943 5974
2944 5505
2945 5390
2946 5340
2947 5714
2948 5079
2949 5532
2950 5012
2951 6182
2952 5214
2953 5077
2954 5520
2955 5945
2956 5267
2957 4974
2958 5336
2959 5068
2960 5844
2961 5206
2962 4962
2963 5085
2964 4969
2965 5331
2966 4969
2967 5331
2968 5328
2969 5348
2970 6833
2971 5223
2972 5059
2973 5346
2974 4941
2975 5342
2976 5087
2977 4956
2978 6022
2979 5406
2980 5716
2981 5069
2982 5325
2983 5097
2984 4951
2985 5202
2986 4934
2987 6208
2988 5393
2989 6281
2990 6043
2991 5122
2992 5344
2993 5080
2994 5718
2995 5334
2996 5465
2997 5960
2998 5079
2999 5391
3000 5786
3001 5966
3002 5089
3003 5305
3004 5333
3005 5088
3006 5462
3007 5215
3008 7149
3009 5145
3010 4961
3011 5344
3012 5334
3013 5084
3014 5279
3015 5140
3016 5091
3017 5088
3018 5078
3019 4962
3020 5089
3021 6337
3022 5460
3023 5203
3024 4950
3025 5273
3026 5165
3027 6105
3028 6099
3029 5934
3030 5207
3031 5158
3032 5873
3033 -994663
3034 5096
3035 5076
3036 5220
3037 5203
3038 5092
3039 6083
3040 5704
3041 5119
3042 5138
3043 5584
3044 4963
3045 5203
3046 6471
3047 6043
3048 5755
3049 5091
3050 5583
3051 5090
3052 5888
3053 5410
3054 5588
3055 4961
3056 5343
3057 5774
3058 5041
3059 6069
3060 5865
3061 6059
3062 5214
3063 5464
3064 6203
3065 5465
3066 5398
3067 5279
3068 5334
3069 5213
3070 5213
3071 5965
3072 5085
3073 5333
3074 5469
3075 4953
3076 5589
3077 5712
3078 4966
3079 5417
3080 5375
3081 5339
3082 5217
3083 6582
3084 4963
3085 5074
3086 5347
3087 5712
3088 5450
3089 5094
3090 5112
3091 5055
3092 4958
3093 5331
3094 5464
3095 5205
3096 5090
3097 5334
3098 5461
3099 5080
3100 5440
3101 6472
3102 5968
3103 5346
3104 5206
3105 5091
3106 4951
3107 4846
3108 5230
3109 5225
3110 6034
3111 4968
3112 6007
3113 5827
3114 5306
3115 5816
3116 5080
3117 5213
3118 4723
3119 6072
3120 4992
3121 5932
3122 5088
3123 5325
3124 5594
3125 5234
3126 5311
3127 5378
3128 6304
3129 5194
3130 6517
3131 5031
3132 5322
3133 5020
3134 5403
3135 5340
3136 5204
3137 6469
3138 6405
3139 6010
3140 5089
3141 5528
3142 6148
3143 5085
3144 5596
3145 5373
3146 5163
3147 4966
3148 5082
3149 5219
3150 5078
3151 5722
3152 5584
3153 5136
3154 5785
3155 5580
3156 5113
3157 6049
3158 5966
3159 5454
3160 6214
3161 5204
3162 6355
3163 4937
3164 5478
3165 6068
3166 6335
3167 5215
3168 5580
3169 4954
3170 5346
3171 5811
3172 5101
3173 5084
3174 5085
3175 5582
3176 6342
3177 5075
3178 5220
3179 5578
3180 5715
3181 5550
3182 5497
3183 5333
3184 5332
3185 5411
3186 5267
3187 5084
3188 5204
3189 5324
3190 4975
3191 5093
3192 5203
3193 5225
3194 5073
3195 6501
3196 4920
3197 5464
3198 4961
3199 5090
3200 5089
3201 5705
3202 5332
3203 5091
3204 6226
3205 5330
3206 5703
3207 6268
3208 5273
3209 5213
3210 4962
3211 5459
3212 5591
3213 5351
3214 6066
3215 5787
3216 -993990
3217 5080
3218 4974
3219 5069
3220 5588
3221 5091
3222 5079
3223 5124
3224 5314
3225 5084
3226 5243
3227 5172
3228 6083
3229 6424
3230 4983
3231 5156
3232 6347
3233 5769
3234 5753
3235 5852
3236 5822
3237 5201
3238 5076
3239 5088
3240 5087
3241 5085
3242 4984
3243 5545
3244 4957
3245 5095
3246 5579
3247 5209
3248 5489
3249 5558
3250 4959
3251 6756
3252 5414
3253 5981
3254 5193
3255 6093
3256 5528
3257 5887
3258 5491
3259 5409
3260 5481
3261 5437
3262 5585
3263 5526
3264 4896
3265 4965
3266 6205
3267 5221
3268 5835
3269 6575
3270 5716
3271 5332
3272 5733
3273 5232
3274 5552
3275 5462
3276 6093
3277 5124
3278 5462
3279 6010
3280 5471
3281 5337
3282 5600
3283 5411
3284 5999
3285 5077
3286 4974
3287 5205
3288 6327
3289 5638
3290 5661
3291 5473
3292 4948
3293 5712
3294 5331
3295 5094
3296 5324
3297 5092
3298 5477
3299 6142
3300 5514
3301 5466
3302 5572
3303 5906
3304 5393
3305 5512
3306 6287
3307 5079
3308 5274
3309 6150
3310 6339
3311 5337
3312 5077
3313 5236
3314 4938
3315 5094
3316 4955
3317 6343
3318 5203
3319 6199
3320 5099
3321 5093
3322 5485
3323 5436
3324 5214
3325 6709
3326 5213
3327 5595
3328 5354
3329 5942
3330 4957
3331 5601
3332 5939
3333 6090
3334 6267
3335 6144
3336 5841
3337 5205
3338 5346
3339 4946
3340 4970
3341 5204
3342 5093
3343 7353
3344 5436
3345 5220
3346 6076
3347 5534
3348 5511
3349 5113
3350 5530
3351 5203
3352 4908
3353 5088
3354 5076
3355 5351
3356 5321
3357 5088
3358 4962
3359 5336
3360 5209
3361 5090
3362 6468
3363 5333
3364 5085
3365 5331
3366 5745
3367 5051
3368 4973
3369 5077
3370 5097
3371 5451
3372 5589
3373 4960
3374 5214
3375 5083
3376 5469
3377 5210
3378 5691
3379 5338
3380 5328
3381 6841
3382 5089
3383 5457
3384 5456
3385 5281
3386 5408
3387 5319
3388 5993
3389 5179
3390 5218
3391 5831
3392 5584
3393 5333
3394 4965
3395 5333
3396 5716
3397 -994512
3398 5044
3399 6349
3400 5510
3401 5273
3402 5459
3403 5092
3404 5078
3405 4964
3406 6097
3407 5700
3408 5461
3409 5589
3410 5687
3411 5741
3412 5081
3413 6351
3414 5635
3415 5392
3416 5654
3417 5402
3418 6339
3419 5585
3420 4951
3421 5221
3422 5576
3423 4973
3424 5764
3425 5907
3426 4966
3427 4958
3428 5079
3429 5193
3430 5346
3431 4949
3432 5337
3433 5081
3434 5087
3435 5704
3436 5340
3437 6334
3438 5084
3439 5091
3440 5079
3441 5085
3442 5966
3443 5719
3444 5576
3445 5340
3446 5330
3447 4970
3448 5096
3449 5115
3450 5078
3451 6299
3452 5597
3453 5842
3454 5442
3455 6462
3456 5578
3457 5086
3458 5097
3459 5329
3460 5218
3461 5452
3462 4985
3463 5186
3464 5222
3465 5327
3466 5098
3467 5763
3468 6087
3469 5692
3470 5279
3471 5053
3472 5508
3473 5821
3474 6178
3475 5078
3476 5101
3477 5446
3478 5513
3479 5531
3480 5592
3481 4958
3482 5082
3483 5334
3484 5086
3485 5336
3486 4958
3487 5091
3488 6231
3489 5323
3490 5328
3491 5202
3492 5462
3493 6209
3494 5205
3495 5215
3496 5206
3497 5084
3498 4835
3499 5089
3500 5330
3501 4961
3502 5465
3503 6084
3504 5353
3505 5595
3506 5560
3507 5407
3508 5681
3509 5475
3510 5403
3511 5960
3512 6824
3513 6125
3514 5413
3515 5580
3516 5216
3517 5450
3518 4967
3519 5079
3520 5442
3521 6019
3522 5404
3523 5077
3524 5058
3525 5242
3526 5903
3527 5651
3528 5226
3529 5940
3530 6343
3531 5902
3532 5641
3533 5465
3534 5336
3535 5086
3536 5459
3537 5112
3538 4919
3539 5289
3540 5650
3541 5302
3542 5478
3543 5320
3544 5338
3545 5204
3546 5116
3547 5184
3548 5091
3549 5957
3550 5462
3551 5084
3552 5343
3553 5458
3554 5839
3555 5463
3556 5080
3557 6597
3558 6894
3559 5648
3560 6599
3561 4945
3562 6028
3563 5404
3564 5462
3565 5579
3566 5093
3567 5831
3568 5838
3569 5595
3570 5073
3571 6162
3572 5265
3573 5713
3574 5084
3575 5088
3576 5711
3577 5341
3578 5084
3579 -994662
3580 4971
3581 5072
3582 5602
3583 6082
3584 5602
3585 5434
3586 5840
3587 5334
3588 5468
3589 6280
3590 5763
3591 5722
3592 5505
3593 5284
3594 5089
3595 5335
3596 5226
3597 5088
3598 5086
3599 5453
3600 5064
3601 5907
3602 5444
3603 5403
3604 6472
3605 5078
3606 5089
3607 5335
3608 4950
3609 4996
3610 5188
3611 5583
3612 5090
3613 4957
3614 4966
3615 5634
3616 5656
3617 5341
3618 5078
3619 5094
3620 5080
3621 5468
3622 5450
3623 6591
3624 5202
3625 5406
3626 5538
3627 5299
3628 5091
3629 5343
3630 6076
3631 5079
3632 5715
3633 5269
3634 5409
3635 5578
3636 4965
3637 5088
3638 5850
3639 5001
3640 5775
3641 5213
3642 6207
3643 6284
3644 5886
3645 6160
3646 5651
3647 5205
3648 5334
3649 5075
3650 5342
3651 5204
3652 5112
3653 5062
3654 5094
3655 5643
3656 5966
3657 5389
3658 5343
3659 5714
3660 6549
3661 5244
3662 5838
3663 5770
3664 5266
3665 5511
3666 5431
3667 5130
3668 6053
3669 5058
3670 6014
3671 5279
3672 4953
3673 5463
3674 4969
3675 5329
3676 5088
3677 5210
3678 5334
3679 7473
3680 5324
3681 5338
3682 5094
3683 4952
3684 6040
3685 5258
3686 5221
3687 4953
3688 5325
3689 5275
3690 5783
3691 5341
3692 5584
3693 4958
3694 4954
3695 5088
3696 5964
3697 5089
3698 6083
3699 5339
3700 6398
3701 5778
3702 5337
3703 5080
3704 5583
3705 5080
3706 5398
3707 6153
3708 6091
3709 5387
3710 5664
3711 5329
3712 4954
3713 5738
3714 5193
3715 5092
3716 6704
3717 5085
3718 5717
3719 5336
3720 5138
3721 5285
3722 5462
3723 5332
3724 5526
3725 5271
3726 5727
3727 6082
3728 5111
3729 5987
3730 5392
3731 5089
3732 5208
3733 5096
3734 5513
3735 6523
3736 5346
3737 4956
3738 4975
3739 5066
3740 5104
3741 6010
3742 5401
3743 5202
3744 5275
3745 5530
3746 5586
3747 5377
3748 5475
3749 5448
3750 5295
3751 5309
3752 5076
3753 4959
3754 6759
3755 5775
3756 5461
3757 4963
3758 5087
3759 5369
3760 5430
3761 5461
3762 -995036
3763 4944
3764 5077
3765 5086
3766 5341
3767 5773
3768 5141
3769 4966
3770 5086
3771 5346
3772 4955
3773 6084
3774 4971
3775 6700
3776 4963
3777 5132
3778 5430
3779 4951
3780 5087
3781 4968
3782 4962
3783 5076
3784 5480
3785 6549
3786 5351
3787 5206
3788 5711
3789 5470
3790 4957
3791 5338
3792 6585
3793 5216
3794 5706
3795 6019
3796 6094
3797 5453
3798 5408
3799 5601
3800 6414
3801 5082
3802 5324
3803 5608
3804 5077
3805 5212
3806 5213
3807 5097
3808 5077
3809 5711
3810 6087
3811 5524
3812 5151
3813 5081
3814 5098
3815 4976
3816 6310
3817 5963
3818 5716
3819 5113
3820 5807
3821 5081
3822 5208
3823 5340
3824 5330
3825 5217
3826 5458
3827 5341
3828 4949
3829 5970
3830 6676
3831 5117
3832 5517
3833 5410
3834 5082
3835 5961
3836 5718
3837 5641
3838 5410
3839 5104
3840 5303
3841 5249
3842 4930
3843 6020
3844 5277
3845 5328
3846 5213
3847 6351
3848 5468
3849 5879
3850 5506
3851 5558
3852 5583
3853 4922
3854 5670
3855 5365
3856 5584
3857 5232
3858 5484
3859 5604
3860 5260
3861 5346
3862 5335
3863 4976
3864 5068
3865 5316
3866 6102
3867 5615
3868 6931
3869 5890
3870 5305
3871 5022
3872 5698
3873 5426
3874 5424
3875 5562
3876 5306
3877 5185
3878 5269
3879 5542
3880 5449
3881 5193
3882 5929
3883 6052
3884 6889
3885 5259
3886 6198
3887 5054
3888 5557
3889 5080
3890 5322
3891 5044
3892 5008
3893 5375
3894 5331
3895 5445
3896 5470
3897 5313
3898 5321
3899 5247
3900 5330
3901 5240
3902 5282
3903 6590
3904 5565
3905 5702
3906 5353
3907 5218
3908 5430
3909 5887
3910 5742
3911 5334
3912 4959
3913 4818
3914 5227
3915 5389
3916 5555
3917 4988
3918 5060
3919 6112
3920 4929
3921 6532
3922 5155
3923 5814
3924 5053
3925 5201
3926 4956
3927 5006
3928 5366
3929 5258
3930 5226
3931 5496
3932 5438
3933 5158
3934 5227
3935 4910
3936 7601
3937 5897
3938 5435
3939 5218
3940 7190
3941 6133
3942 5377
3943 -994004
3944 6132
3945 5500
3946 6088
3947 5893
3948 5153
3949 6486
3950 6470
3951 6436
3952 5372
3953 5536
3954 4810
3955 5927
3956 4821
3957 7051
3958 5908
3959 5270
3960 5436
3961 5387
3962 4925
3963 4927
3964 4946
3965 6001
3966 5674
3967 6018
3968 5809
3969 5089
3970 5522
3971 5970
3972 6377
3973 6394
3974 6186
3975 7185
3976 6348
3977 5385
3978 5698
3979 6206
3980 5028
3981 5944
3982 5671
3983 5569
3984 4944
3985 5304
3986 5818
3987 5131
3988 5629
3989 5872
3990 5264
3991 5459
3992 7720
3993 5134
3994 5443
3995 5814
3996 5676
3997 6055
3998 5445
3999 5576
4000 5303
4001 4942
4002 5752
4003 5242
4004 5078
4005 5303
4006 5060
4007 6061
4008 5327
4009 6246
4010 5751
4011 6816
4012 5325
4013 5029
4014 5216
4015 5454
4016 5336
4017 5079
4018 5693
4019 5090
4020 5663
4021 5279
4022 5691
4023 5331
4024 5459
4025 5451
4026 5089
4027 5082
4028 5831
4029 6455
4030 4964
4031 5845
4032 5320
4033 5327
4034 5590
4035 5318
4036 4970
4037 5089
4038 5073
4039 5578
4040 5336
4041 6452
4042 6322
4043 4954
4044 5086
4045 5596
4046 5203
4047 5734
4048 6655
4049 5509
4050 5944
4051 5692
4052 5465
4053 5508
4054 5254
4055 5306
4056 5995
4057 5220
4058 5104
4059 5175
4060 5129
4061 5921
4062 5314
4063 5624
4064 5569
4065 5620
4066 6422
4067 5498
4068 5114
4069 7435
4070 7099
4071 5373
4072 5300
4073 5796
4074 5421
4075 5285
4076 5669
4077 5068
4078 5686
4079 5615
4080 6121
4081 5562
4082 5434
4083 7018
4084 5414
4085 5413
4086 5149
4087 5746
4088 5545
4089 6142
4090 5055
4091 5100
4092 5508
4093 5472
4094 5415
4095 5345
4096 5421
4097 5424
4098 5452
4099 6476
4100 5968
4101 6691
4102 5309
4103 5164
4104 5751
4105 5396
4106 5255
4107 5582
4108 5702
4109 5089
4110 5050
4111 5156
4112 5517
4113 5250
4114 5137
4115 5804
4116 5252
4117 5061
4118 5115
4119 5178
4120 -993576
4121 5950
4122 5620
4123 5351
4124 5217
4125 6039
4126 5375
4127 5897
4128 5653
4129 5358
4130 5578
4131 5687
4132 5722
4133 5347
4134 5441
4135 5264
4136 5009
4137 5220
4138 5054
4139 6251
4140 5355
4141 5639
4142 5075
4143 4973
4144 5970
4145 7623
4146 5522
4147 5591
4148 6483
4149 5698
4150 4921
4151 5366
4152 5680
4153 6339
4154 5995
4155 5728
4156 5708
4157 5463
4158 5041
4159 5562
4160 5073
4161 5606
4162 5727
4163 5157
4164 5191
4165 5344
4166 5310
4167 5658
4168 5443
4169 5113
4170 5079
4171 4865
4172 5223
4173 5232
4174 5596
4175 6970
4176 5635
4177 5929
4178 5379
4179 5586
4180 5292
4181 5214
4182 5531
4183 7049
4184 5155
4185 5416
4186 5527
4187 5983
4188 5452
4189 5080
4190 5214
4191 5540
4192 5861
4193 7256
4194 5116
4195 5486
4196 5522
4197 5181
4198 5495
4199 5532
4200 5290
4201 5317
4202 5167
4203 7045
4204 6932
4205 5351
4206 5495
4207 5848
4208 6564
4209 5174
4210 6490
4211 5873
4212 6175
4213 4834
4214 5376
4215 5843
4216 5760
4217 4947
4218 5025
4219 6464
4220 5235
4221 5766
4222 5327
4223 5107
4224 5566
4225 4945
4226 6163
4227 5373
4228 6334
4229 5403
4230 5088
4231 5422
4232 5961
4233 5046
4234 5520
4235 5177
4236 5357
4237 6311
4238 6293
4239 5459
4240 5970
4241 5736
4242 5602
4243 5173
4244 5581
4245 5459
4246 6372
4247 6285
4248 5532
4249 6366
4250 6999
4251 6147
4252 5510
4253 4891
4254 6131
4255 5528
4256 5383
4257 5840
4258 5479
4259 5196
4260 5291
4261 6717
4262 5582
4263 7320
4264 5007
4265 5176
4266 5838
4267 5858
4268 6137
4269 6688
4270 5863
4271 5343
4272 5053
4273 5340
4274 5270
4275 4980
4276 5288
4277 5320
4278 5675
4279 5448
4280 5076
4281 5212
4282 7084
4283 5462
4284 5228
4285 5153
4286 5626
4287 5428
4288 5324
4289 5096
4290 5500
4291 5904
4292 5564
4293 5424
4294 5494
4295 -994684
4296 5834
4297 5488
4298 5921
4299 6443
4300 6283
4301 5354
4302 5075
4303 5773
4304 6068
4305 4954
4306 5160
4307 5632
4308 5420
4309 5068
4310 5759
4311 5121
4312 5303
4313 5718
4314 5593
4315 5686
4316 5301
4317 5183
4318 6609
4319 5901
4320 5299
4321 5499
4322 5539
4323 5648
4324 5274
4325 5893
4326 5854
4327 5333
4328 5738
4329 5207
4330 5441
4331 5197
4332 6358
4333 5499
4334 5962
4335 5749
4336 6471
4337 5081
4338 7060
4339 6161
4340 5138
4341 5064
4342 5603
4343 5552
4344 4802
4345 5164
4346 5137
4347 5237
4348 5510
4349 5201
4350 5844
4351 5981
4352 5050
4353 5580
4354 6727
4355 7666
4356 5873
4357 6079
4358 5527
4359 5137
4360 5387
4361 7019
4362 5517
4363 5277
4364 5167
4365 5027
4366 5206
4367 5161
4368 5132
4369 5629
4370 5458
4371 5202
4372 6426
4373 5222
4374 5461
4375 5382
4376 5743
4377 5183
4378 5748
4379 5361
4380 5083
4381 4971
4382 5222
4383 5154
4384 5571
4385 6260
4386 5537
4387 5257
4388 5696
4389 5044
4390 6830
4391 5913
4392 5227
4393 5527
4394 5044
4395 4970
4396 5208
4397 5567
4398 5281
4399 5475
4400 5193
4401 5427
4402 5521
4403 5695
4404 5284
4405 5221
4406 5430
4407 5254
4408 5915
4409 6423
4410 5258
4411 5593
4412 6000
4413 5524
4414 5598
4415 5169
4416 6072
4417 5439
4418 4944
4419 5372
4420 4914
4421 5075
4422 5443
4423 5126
4424 5535
4425 5115
4426 5548
4427 7023
4428 5405
4429 4959
4430 5773
4431 5424
4432 5424
4433 5087
4434 5745
4435 5574
4436 4937
4437 5215
4438 5720
4439 5698
4440 5577
4441 4953
4442 4976
4443 5711
4444 5071
4445 5345
4446 6968
4447 5806
4448 5597
4449 5346
4450 5079
4451 5332
4452 5472
4453 5080
4454 5202
4455 5120
4456 5522
4457 5788
4458 4941
4459 5450
4460 5588
4461 5802
4462 5244
4463 5645
4464 6647
4465 5319
4466 5210
4467 4971
4468 5830
4469 6088
4470 5084
4471 5079
4472 5367
4473 -994316
4474 5213
4475 6197
4476 5101
4477 5073
4478 4968
4479 5077
4480 5095
4481 5264
4482 5405
4483 6759
4484 6411
4485 5213
4486 5472
4487 6140
4488 5516
4489 5340
4490 4957
4491 5275
4492 6024
4493 5589
4494 5126
4495 6115
4496 5390
4497 5082
4498 5844
4499 4952
4500 6335
4501 7469
4502 4952
4503 5492
4504 5432
4505 5966
4506 5709
4507 5090
4508 6149
4509 5583
4510 5274
4511 5477
4512 6130
4513 5319
4514 5414
4515 5069
4516 5203
4517 5118
4518 5838
4519 6842
4520 5198
4521 4970
4522 5334
4523 5884
4524 5524
4525 5340
4526 5584
4527 5713
4528 4970
4529 5073
4530 5447
4531 4953
4532 5398
4533 5539
4534 5582
4535 5332
4536 5572
4537 4975
4538 6701
4539 4946
4540 6250
4541 5152
4542 5834
4543 4980
4544 6819
4545 5232
4546 5686
4547 5467
4548 5948
4549 5843
4550 5095
4551 5191
4552 5321
4553 5751
4554 5820
4555 5158
4556 7158
4557 5393
4558 5355
4559 5803
4560 5195
4561 6986
4562 6583
4563 6061
4564 5428
4565 5176
4566 5677
4567 6580
4568 5486
4569 5929
4570 5218
4571 5172
4572 5075
4573 5375
4574 7021
4575 5654
4576 5451
4577 5199
4578 5423
4579 5215
4580 5482
4581 5496
4582 5712
4583 5478
4584 5690
4585 4939
4586 5050
4587 4855
4588 5728
4589 5410
4590 4919
4591 5625
4592 6712
4593 5175
4594 5467
4595 5817
4596 5326
4597 5936
4598 5469
4599 5324
4600 5800
4601 5338
4602 5620
4603 5645
4604 5454
4605 4945
4606 5193
4607 5448
4608 5066
4609 5960
4610 4943
4611 6951
4612 5130
4613 5812
4614 5903
4615 5346
4616 5550
4617 5941
4618 6574
4619 4944
4620 5382
4621 6824
4622 7072
4623 5600
4624 6094
4625 5138
4626 5101
4627 5581
4628 6835
4629 5378
4630 5192
4631 5071
4632 5617
4633 5130
4634 6066
4635 5272
4636 5200
4637 5076
4638 5185
4639 5281
4640 5462
4641 6199
4642 6069
4643 5506
4644 5231
4645 6376
4646 6465
4647 7071
4648 5100
4649 5600
4650 5459
4651 -994501
4652 5132
4653 5851
4654 5779
4655 5241
4656 5651
4657 4926
4658 5214
4659 5066
4660 5095
4661 6053
4662 6030
4663 5385
4664 5335
4665 6742
4666 5521
4667 6216
4668 5440
4669 4954
4670 5390
4671 5381
4672 5076
4673 5449
4674 5185
4675 5233
4676 5349
4677 5693
4678 5124
4679 5422
4680 5453
4681 4937
4682 5579
4683 6314
4684 5277
4685 5627
4686 5218
4687 5026
4688 5101
4689 5463
4690 5497
4691 5064
4692 5103
4693 5875
4694 5774
4695 5800
4696 5325
4697 5296
4698 5068
4699 6522
4700 5986
4701 6559
4702 5807
4703 5887
4704 5489
4705 4959
4706 5025
4707 5189
4708 6118
4709 5453
4710 6008
4711 6114
4712 5075
4713 5119
4714 5432
4715 6604
4716 5159
4717 4923
4718 5762
4719 5254
4720 6572
4721 4960
4722 5207
4723 5228
4724 5597
4725 5447
4726 5063
4727 5113
4728 5327
4729 5846
4730 5330
4731 6035
4732 6281
4733 5692
4734 5336
4735 5082
4736 5574
4737 5405
4738 6630
4739 5610
4740 5150
4741 5256
4742 4983
4743 5119
4744 5336
4745 5745
4746 5369
4747 5542
4748 4938
4749 5073
4750 5622
4751 5163
4752 5216
4753 5256
4754 5985
4755 5156
4756 5427
4757 7409
4758 5833
4759 5584
4760 5628
4761 5813
4762 5501
4763 5683
4764 6218
4765 5018
4766 4936
4767 7294
4768 5097
4769 5434
4770 5101
4771 5183
4772 5569
4773 5824
4774 5499
4775 6226
4776 5419
4777 6083
4778 5342
4779 5634
4780 5866
4781 5335
4782 4951
4783 5344
4784 5041
4785 5077
4786 5830
4787 5496
4788 4907
4789 5238
4790 5106
4791 5751
4792 6559
4793 6974
4794 5562
4795 5401
4796 6133
4797 5306
4798 5452
4799 7220
4800 5618
4801 5669
4802 4879
4803 5487
4804 5740
4805 5443
4806 5528
4807 5220
4808 6444
4809 5542
4810 6869
4811 4960
4812 5587
4813 5794
4814 4870
4815 5402
4816 6195
4817 5128
4818 5557
4819 5423
4820 5372
4821 5540
4822 5209
4823 5246
4824 5791
4825 6335
4826 5832
4827 5697
4828 6793
4829 -994970
4830 5753
4831 5251
4832 5886
4833 5308
4834 5382
4835 4969
4836 5184
4837 6619
4838 6028
4839 5200
4840 5867
4841 5958
4842 4964
4843 5884
4844 5507
4845 5472
4846 6544
4847 5245
4848 5373
4849 5418
4850 4789
4851 5120
4852 5739
4853 5026
4854 5374
4855 5259
4856 5462
4857 6332
4858 5112
4859 5629
4860 5109
4861 5162
4862 5347
4863 5476
4864 5575
4865 7335
4866 5138
4867 5113
4868 7056
4869 5882
4870 5777
4871 5346
4872 5575
4873 5959
4874 5466
4875 5298
4876 6099
4877 5773
4878 5873
4879 6189
4880 5278
4881 5935
4882 5464
4883 6457
4884 5094
4885 5431
4886 5576
4887 5455
4888 6509
4889 5984
4890 5856
4891 5317
4892 5425
4893 5373
4894 5277
4895 5723
4896 6302
4897 5150
4898 5834
4899 5349
4900 5064
4901 6301
4902 5402
4903 5145
4904 5424
4905 6488
4906 7992
4907 5124
4908 6015
4909 5810
4910 5352
4911 10027
4912 5467
4913 4918
4914 5381
4915 5487
4916 5118
4917 5344
4918 6279
4919 5802
4920 5217
4921 5420
4922 5607
4923 6487
4924 5182
4925 5438
4926 5360
4927 5562
4928 5053
4929 5607
4930 5574
4931 5073
4932 5427
4933 6887
4934 5460
4935 5126
4936 6091
4937 6416
4938 5424
4939 5205
4940 5026
4941 5894
4942 5235
4943 5963
4944 5617
4945 7398
4946 13883
4947 7577
4948 5713
4949 5259
4950 5865
4951 5164
4952 6605
4953 5879
4954 6012
4955 5455
4956 5092
4957 5509
4958 5788
4959 5191
4960 5445
4961 5322
4962 5138
4963 6158
4964 5870
4965 5144
4966 5427
4967 5595
4968 5675
4969 5069
4970 6701
4971 5731
4972 5275
4973 5471
4974 5362
4975 5333
4976 5526
4977 5105
4978 5148
4979 5905
4980 5807
4981 5366
4982 5093
4983 5208
4984 5703
4985 5226
4986 5269
4987 5533
4988 6976
4989 5167
4990 5086
4991 5312
4992 5729
4993 5620
4994 5547
4995 5142
4996 5689
4997 5584
4998 5835
4999 5295
5000 5624
5001 5181
5002 5258
5003 -994737
5004 5478
5005 6395
5006 5106
5007 6732
5008 5295
5009 5493
5010 5962
5011 5432
5012 5584
5013 5330
5014 5731
5015 5547
5016 5157
5017 5660
5018 5817
5019 4926
5020 5462
5021 5409
5022 5323
5023 5509
5024 5464
5025 6795
5026 5115
5027 5026
5028 6050
5029 5358
5030 6823
5031 5365
5032 5851
5033 5562
5034 6505
5035 5505
5036 5133
5037 5673
5038 5336
5039 5435
5040 5630
5041 5186
5042 5475
5043 6798
5044 6079
5045 6464
5046 5739
5047 5512
5048 5090
5049 5355
5050 5368
5051 5091
5052 4970
5053 6243
5054 6397
5055 5953
5056 5168
5057 4912
5058 5451
5059 5201
5060 5341
5061 6468
5062 5824
5063 5969
5064 5287
5065 4949
5066 5439
5067 6070
5068 5961
5069 5860
5070 5002
5071 5848
5072 6021
5073 6371
5074 5580
5075 5381
5076 5358
5077 5969
5078 6366
5079 7100
5080 5250
5081 5322
5082 5344
5083 5521
5084 5233
5085 5630
5086 5378
5087 5401
5088 5461
5089 5575
5090 5405
5091 5843
5092 5092
5093 5576
5094 5076
5095 5480
5096 5558
5097 6346
5098 6059
5099 4846
5100 5081
5101 5333
5102 4960
5103 5097
5104 5209
5105 5602
5106 5040
5107 5224
5108 5889
5109 5356
5110 5319
5111 5099
5112 5495
5113 5444
5114 5677
5115 5197
5116 6382
5117 5932
5118 5381
5119 6319
5120 5594
5121 5739
5122 5637
5123 5671
5124 5378
5125 6201
5126 5609
5127 5803
5128 5090
5129 6202
5130 5476
5131 5361
5132 5925
5133 5694
5134 5847
5135 5457
5136 5308
5137 5418
5138 5558
5139 5023
5140 4953
5141 5304
5142 5434
5143 5075
5144 5970
5145 5210
5146 5096
5147 7569
5148 5613
5149 6777
5150 6881
5151 6809
5152 5774
5153 5632
5154 6949
5155 5656
5156 5843
5157 6376
5158 5521
5159 5728
5160 6091
5161 5582
5162 5529
5163 5704
5164 5160
5165 5360
5166 5317
5167 5289
5168 5168
5169 6538
5170 5216
5171 5342
5172 6314
5173 7051
5174 5335
5175 5445
5176 5741
5177 5928
5178 -994790
5179 5428
5180 5042
5181 5577
5182 4970
5183 5023
5184 5808
5185 5310
5186 5004
5187 6174
5188 5624
5189 5097
5190 5632
5191 5123
5192 5298
5193 5029
5194 5259
5195 5370
5196 5149
5197 5865
5198 6198
5199 5442
5200 5490
5201 5743
5202 5275
5203 5239
5204 5183
5205 6591
5206 5314
5207 6477
5208 5383
5209 5406
5210 6519
5211 6186
5212 5699
5213 6291
5214 5573
5215 5325
5216 5857
5217 5001
5218 4963
5219 5200
5220 6114
5221 5643
5222 5028
5223 6014
5224 5140
5225 5301
5226 6343
5227 7722
5228 5760
5229 6348
5230 5848
5231 5877
5232 5128
5233 6414
5234 5210
5235 5270
5236 6582
5237 5307
5238 6471
5239 5439
5240 6851
5241 5870
5242 5467
5243 6176
5244 6084
5245 6048
5246 6114
5247 6224
5248 6027
5249 5195
5250 6830
5251 6408
5252 6200
5253 5184
5254 5208
5255 5267
5256 6064
5257 6460
5258 5245
5259 5729
5260 5103
5261 5629
5262 5197
5263 5274
5264 5210
5265 5347
5266 5683
5267 5066
5268 5573
5269 5352
5270 5350
5271 5321
5272 5067
5273 5160
5274 5409
5275 7090
5276 5146
5277 5397
5278 5408
5279 5033
5280 5298
5281 5522
5282 5130
5283 6414
5284 4963
5285 4963
5286 5573
5287 5147
5288 5257
5289 5113
5290 5033
5291 4932
5292 5642
5293 5210
5294 6735
5295 5600
5296 5425
5297 5237
5298 5854
5299 5120
5300 5816
5301 6361
5302 5318
5303 5480
5304 5199
5305 5428
5306 5619
5307 5338
5308 5426
5309 6156
5310 5173
5311 6267
5312 6442
5313 5215
5314 5144
5315 5190
5316 5737
5317 5870
5318 5459
5319 6838
5320 5346
5321 5068
5322 4960
5323 5072
5324 5093
5325 4966
5326 5076
5327 6267
5328 5140
5329 4959
5330 5595
5331 6969
5332 5889
5333 6023
5334 5227
5335 5335
5336 5197
5337 6532
5338 5291
5339 6119
5340 5920
5341 5185
5342 5215
5343 5960
5344 5858
5345 5193
5346 5328
5347 4973
5348 5326
5349 7465
5350 5714
5351 5826
5352 5581
5353 4970
5354 -993636
5355 5300
5356 5137
5357 6082
5358 5528
5359 5349
5360 5108
5361 5671
5362 5320
5363 5412
5364 5763
5365 6017
5366 5141
5367 6605
5368 5956
5369 5365
5370 6293
5371 5074
5372 4968
5373 5074
5374 5085
5375 5709
5376 5332
5377 5451
5378 5089
5379 6111
5380 5690
5381 5435
5382 5092
5383 5344
5384 5871
5385 6493
5386 5109
5387 4958
5388 5101
5389 5068
5390 5867
5391 5430
5392 5086
5393 5575
5394 5512
5395 5307
5396 5435
5397 5341
5398 4965
5399 5203
5400 5087
5401 4965
5402 5704
5403 5839
5404 6090
5405 5339
5406 5073
5407 5332
5408 5227
5409 5065
5410 5461
5411 5216
5412 5800
5413 5542
5414 5791
5415 5719
5416 5672
5417 5307
5418 5091
5419 5992
5420 5423
5421 4956
5422 5166
5423 7045
5424 5624
5425 5059
5426 5799
5427 5270
5428 5041
5429 4704
5430 4810
5431 5049
5432 5052
5433 5131
5434 5434
5435 5169
5436 5338
5437 4963
5438 5334
5439 5472
5440 5431
5441 5327
5442 6449
5443 5127
5444 5426
5445 5293
5446 5767
5447 5321
5448 6033
5449 5379
5450 5832
5451 6242
5452 5306
5453 6671
5454 5312
5455 5343
5456 5911
5457 5084
5458 5177
5459 6089
5460 7510
5461 5416
5462 5676
5463 5417
5464 5500
5465 5707
5466 5662
5467 5836
5468 5031
5469 6220
5470 5335
5471 7509
5472 5559
5473 5550
5474 5954
5475 5748
5476 5401
5477 6475
5478 5668
5479 5030
5480 5643
5481 5182
5482 5081
5483 4977
5484 5118
5485 6296
5486 5458
5487 5948
5488 5180
5489 5646
5490 4963
5491 5695
5492 4969
5493 5119
5494 5835
5495 5370
5496 6195
5497 6081
5498 5303
5499 5452
5500 5308
5501 5102
5502 4962
5503 5453
5504 5107
5505 5499
5506 5216
5507 5801
5508 4960
5509 5108
5510 5715
5511 5433
5512 5508
5513 5450
5514 5873
5515 6411
5516 5352
5517 5105
5518 5284
5519 5230
5520 5193
5521 5595
5522 4963
5523 4987
5524 6768
5525 5424
5526 6350
5527 5160
5528 5503
5529 5104
5530 5372
5531 5734
5532 5330
5533 5980
5534 4963
5535 -994789
5536 5576
5537 6003
5538 5226
5539 5941
5540 5089
5541 5174
5542 5146
5543 5450
5544 5110
5545 5274
5546 5343
5547 6009
5548 5342
5549 5173
5550 5526
5551 4957
5552 6666
5553 5570
5554 5597
5555 5724
5556 5844
5557 5702
5558 5104
5559 5607
5560 5111
5561 5099
5562 5072
5563 5208
5564 7582
5565 5209
5566 4890
5567 5163
5568 4979
5569 5282
5570 6363
5571 6316
5572 5095
5573 5285
5574 6468
5575 5357
5576 5353
5577 5556
5578 5045
5579 5377
5580 7455
5581 5157
5582 6824
5583 5562
5584 5372
5585 5893
5586 5299
5587 5404
5588 6635
5589 5126
5590 5432
5591 5242
5592 5578
5593 5776
5594 5150
5595 5119
5596 4973
5597 5104
5598 5968
5599 4938
5600 5062
5601 5687
5602 5092
5603 5191
5604 5498
5605 6322
5606 6487
5607 5363
5608 5624
5609 5476
5610 5208
5611 5319
5612 5362
5613 4978
5614 5061
5615 5343
5616 5312
5617 5242
5618 5709
5619 5157
5620 5103
5621 5701
5622 4961
5623 5932
5624 5136
5625 6197
5626 5113
5627 6482
5628 5163
5629 6078
5630 4967
5631 4986
5632 5697
5633 5444
5634 6148
5635 5329
5636 5476
5637 5140
5638 4955
5639 6043
5640 5304
5641 5371
5642 7308
5643 6298
5644 5224
5645 5584
5646 5318
5647 5142
5648 5043
5649 6441
5650 4951
5651 5007
5652 6063
5653 5575
5654 5316
5655 4992
5656 5411
5657 5111
5658 6071
5659 5685
5660 5539
5661 5597
5662 6810
5663 5342
5664 5581
5665 6846
5666 6446
5667 5578
5668 4971
5669 5658
5670 6553
5671 5630
5672 5448
5673 5269
5674 5330
5675 5223
5676 5110
5677 5152
5678 5321
5679 4946
5680 5969
5681 5112
5682 5341
5683 5551
5684 5072
5685 5330
5686 5335
5687 5463
5688 5306
5689 5485
5690 5666
5691 5749
5692 6386
5693 5391
5694 5314
5695 5094
5696 4945
5697 5168
5698 6670
5699 5218
5700 5316
5701 6760
5702 5264
5703 4948
5704 5151
5705 5814
5706 5338
5707 5316
5708 5331
5709 5561
5710 5604
5711 5584
5712 5192
5713 5187
5714 -994802
5715 4825
5716 6142
5717 6268
5718 5083
5719 5216
5720 5641
5721 5205
5722 5448
5723 4842
5724 5087
5725 5394
5726 5920
5727 5956
5728 5069
5729 5140
5730 5426
5731 5316
5732 5457
5733 6284
5734 5596
5735 6969
5736 6424
5737 5208
5738 5495
5739 5729
5740 5150
5741 5522
5742 5708
5743 5443
5744 5549
5745 5424
5746 5081
5747 5093
5748 5211
5749 5202
5750 5318
5751 5069
5752 5586
5753 5513
5754 7209
5755 5394
5756 5614
5757 5169
5758 5109
5759 5381
5760 6158
5761 5065
5762 5209
5763 5121
5764 5686
5765 5107
5766 5570
5767 6335
5768 5202
5769 5368
5770 5456
5771 5462
5772 6201
5773 5693
5774 4955
5775 4989
5776 5440
5777 5692
5778 4981
5779 5901
5780 6013
5781 5372
5782 5230
5783 5272
5784 5431
5785 5612
5786 5023
5787 5047
5788 5550
5789 5095
5790 5552
5791 7217
5792 5743
5793 5572
5794 5927
5795 5214
5796 6193
5797 4971
5798 5262
5799 5059
5800 4947
5801 5466
5802 5509
5803 5052
5804 5325
5805 5561
5806 5702
5807 5102
5808 5228
5809 5456
5810 6181
5811 5470
5812 5134
5813 5353
5814 5909
5815 5439
5816 6085
5817 5374
5818 5301
5819 5293
5820 5585
5821 5572
5822 5839
5823 6247
5824 6286
5825 5079
5826 5829
5827 5198
5828 5830
5829 4964
5830 5696
5831 5662
5832 5768
5833 4940
5834 5327
5835 5837
5836 5341
5837 5457
5838 5333
5839 5718
5840 5618
5841 5959
5842 5968
5843 5629
5844 7521
5845 5286
5846 6841
5847 6139
5848 5924
5849 7078
5850 5536
5851 5275
5852 5594
5853 5190
5854 5556
5855 6374
5856 6108
5857 5709
5858 5420
5859 5448
5860 5475
5861 5375
5862 5945
5863 6943
5864 8644
5865 5902
5866 5432
5867 6024
5868 5576
5869 5886
5870 5866
5871 5432
5872 6012
5873 5321
5874 6253
5875 5664
5876 5066
5877 6406
5878 5933
5879 5310
5880 6452
5881 6184
5882 6035
5883 5479
5884 5026
5885 5257
5886 5350
5887 5887
5888 6587
5889 5522
5890 -994420
5891 5568
5892 5970
5893 6257
5894 5399
5895 5861
5896 5805
5897 6036
5898 5796
5899 5439
5900 5263
5901 7094
5902 5315
5903 6007
5904 5351
5905 4948
5906 5075
5907 6268
5908 6198
5909 5141
5910 5181
5911 6255
5912 5702
5913 5304
5914 4944
5915 6097
5916 4949
5917 5301
5918 5490
5919 5922
5920 5731
5921 5296
5922 5439
5923 5650
5924 5262
5925 5063
5926 5596
5927 5196
5928 5069
5929 5339
5930 5830
5931 5328
5932 5353
5933 6019
5934 6354
5935 5419
5936 5089
5937 5313
5938 5082
5939 5448
5940 5077
5941 5625
5942 5399
5943 5447
5944 5455
5945 5923
5946 6606
5947 5497
5948 5391
5949 5440
5950 4962
5951 5318
5952 5930
5953 4952
5954 5477
5955 6102
5956 5500
5957 5767
5958 5321
5959 5425
5960 5706
5961 7104
5962 5463
5963 5701
5964 6078
5965 6424
5966 5452
5967 5614
5968 5984
5969 5209
5970 6082
5971 6433
5972 5146
5973 5165
5974 5621
5975 5181
5976 5311
5977 5590
5978 5845
5979 5784
5980 5333
5981 5212
5982 4958
5983 6067
5984 5032
5985 5613
5986 5068
5987 7895
5988 6869
5989 5661
5990 5505
5991 5277
5992 5653
5993 6051
5994 5287
5995 5762
5996 5468
5997 6795
5998 5567
5999 5783
6000 6037
6001 5259
6002 5261
6003 5480
6004 5494
6005 6609
6006 5046
6007 6314
6008 5841
6009 5746
6010 5655
6011 9864
6012 5250
6013 5060
6014 5329
6015 4915
6016 4969
6017 5092
6018 5616
6019 5538
6020 5109
6021 5388
6022 7549
6023 5285
6024 6157
6025 5131
6026 5610
6027 5245
6028 5354
6029 5228
6030 5413
6031 5643
6032 6228
6033 5316
6034 5467
6035 5319
6036 6207
6037 5325
6038 5707
6039 5469
6040 7024
6041 5740
6042 5500
6043 5593
6044 5712
6045 5200
6046 5124
6047 6253
6048 5252
6049 5499
6050 5815
6051 5723
6052 5282
6053 6769
6054 6350
6055 5443
6056 5200
6057 5212
6058 6993
6059 6172
6060 6216
6061 5158
6062 5821
6063 5296
6064 5330
6065 -994575
6066 5791
6067 6448
6068 5117
6069 5326
6070 6730
6071 5512
6072 6657
6073 5128
6074 5988
6075 7701
6076 5455
6077 5324
6078 5644
6079 5810
6080 6013
6081 5171
6082 5198
6083 4983
6084 5511
6085 5642
6086 5194
6087 5362
6088 5838
6089 5242
6090 5566
6091 5475
6092 5709
6093 5179
6094 7276
6095 5368
6096 7494
6097 5396
6098 5360
6099 5832
6100 5510
6101 5796
6102 5203
6103 6351
6104 5840
6105 6544
6106 5926
6107 5958
6108 5440
6109 4975
6110 8494
6111 6429
6112 5014
6113 5305
6114 5135
6115 5048
6116 7184
6117 5871
6118 5716
6119 6094
6120 5916
6121 6089
6122 5390
6123 5477
6124 6079
6125 5092
6126 5714
6127 5683
6128 6649
6129 5615
6130 4940
6131 4962
6132 5654
6133 6578
6134 5874
6135 5814
6136 5813
6137 5515
6138 5416
6139 5088
6140 5590
6141 5914
6142 6106
6143 5436
6144 6028
6145 5409
6146 6532
6147 5668
6148 5193
6149 6960
6150 5385
6151 5174
6152 6206
6153 5422
6154 4933
6155 5832
6156 5238
6157 5776
6158 5447
6159 5124
6160 4946
6161 5172
6162 5767
6163 5843
6164 6506
6165 5325
6166 6178
6167 5622
6168 5384
6169 4968
6170 5090
6171 5121
6172 4941
6173 6393
6174 5332
6175 5444
6176 5212
6177 5831
6178 6598
6179 6505
6180 5576
6181 5008
6182 6765
6183 6495
6184 5428
6185 5086
6186 5086
6187 5310
6188 5433
6189 5950
6190 5360
6191 5910
6192 5390
6193 4859
6194 5665
6195 4979
6196 5081
6197 5265
6198 5139
6199 5357
6200 5306
6201 6053
6202 6101
6203 5918
6204 6071
6205 4924
6206 4939
6207 4933
6208 4995
6209 4962
6210 5648
6211 5947
6212 5030
6213 5397
6214 5022
6215 5101
6216 5263
6217 4920
6218 5485
6219 6497
6220 5208
6221 5034
6222 7355
6223 5288
6224 5415
6225 5340
6226 5987
6227 6045
6228 5466
6229 4866
6230 5454
6231 7661
6232 5694
6233 5707
6234 5209
6235 6302
6236 5970
6237 5929
6238 5094
6239 -994183
6240 5250
6241 5298
6242 5190
6243 5104
6244 6211
6245 5613
6246 5319
6247 5972
6248 5762
6249 5558
6250 4985
6251 5714
6252 5897
6253 6296
6254 5386
6255 6702
6256 5949
6257 5101
6258 5478
6259 5689
6260 5203
6261 5816
6262 5664
6263 4832
6264 5096
6265 5809
6266 5090
6267 5721
6268 4713
6269 5584
6270 6339
6271 6188
6272 5273
6273 6869
6274 5463
6275 6050
6276 5715
6277 5329
6278 5896
6279 5679
6280 5575
6281 5475
6282 6334
6283 5578
6284 5709
6285 5315
6286 5269
6287 5317
6288 5429
6289 5998
6290 5204
6291 6562
6292 5514
6293 5062
6294 5642
6295 5229
6296 6481
6297 5412
6298 4940
6299 5215
6300 5219
6301 5610
6302 6808
6303 5319
6304 6430
6305 5362
6306 5690
6307 6597
6308 5204
6309 6845
6310 5035
6311 5827
6312 5341
6313 6440
6314 5528
6315 5068
6316 6758
6317 5220
6318 5118
6319 5025
6320 5338
6321 6773
6322 5331
6323 5484
6324 6269
6325 5480
6326 6816
6327 5083
6328 6840
6329 5345
6330 5345
6331 5178
6332 5498
6333 6362
6334 5385
6335 5495
6336 5076
6337 5402
6338 5452
6339 5317
6340 5262
6341 6067
6342 5676
6343 5498
6344 5087
6345 6005
6346 7114
6347 5696
6348 5345
6349 5158
6350 6670
6351 5259
6352 5805
6353 5593
6354 5441
6355 5720
6356 5154
6357 5702
6358 6154
6359 5804
6360 5642
6361 5726
6362 6367
6363 5406
6364 5667
6365 7185
6366 8071
6367 6748
6368 5370
6369 6018
6370 5647
6371 7445
6372 5833
6373 5057
6374 5082
6375 5993
6376 5760
6377 5719
6378 5208
6379 6409
6380 5405
6381 6101
6382 5522
6383 5304
6384 5802
6385 5231
6386 5345
6387 5438
6388 6206
6389 6457
6390 5816
6391 5222
6392 5379
6393 5548
6394 5057
6395 5211
6396 5428
6397 6451
6398 5443
6399 5099
6400 6442
6401 5075
6402 6330
6403 5750
6404 5274
6405 5218
6406 5754
6407 5259
6408 5344
6409 5316
6410 6217
6411 6444
6412 6197
6413 -994167
6414 6956
6415 6863
6416 5603
6417 5274
6418 5076
6419 5506
6420 5273
6421 5068
6422 5465
6423 5080
6424 5460
6425 5313
6426 5322
6427 6021
6428 5817
6429 5407
6430 5093
6431 6105
6432 5477
6433 7203
6434 5145
6435 5253
6436 5388
6437 5211
6438 5322
6439 5131
6440 5520
6441 5087
6442 5308
6443 5445
6444 5097
6445 5054
6446 5094
6447 5602
6448 5547
6449 6646
6450 5387
6451 6332
6452 6116
6453 5156
6454 5846
6455 6017
6456 5825
6457 5129
6458 5712
6459 6001
6460 5277
6461 5380
6462 5900
6463 4946
6464 5087
6465 5943
6466 5907
6467 6061
6468 5810
6469 6800
6470 5690
6471 5741
6472 5327
6473 5796
6474 5344
6475 6179
6476 5155
6477 5383
6478 5264
6479 5398
6480 5565
6481 5336
6482 4992
6483 5291
6484 5232
6485 5286
6486 5215
6487 6667
6488 5267
6489 5798
6490 5323
6491 5723
6492 5557
6493 5567
6494 5574
6495 4966
6496 4953
6497 5079
6498 6593
6499 5441
6500 5216
6501 5715
6502 5542
6503 5319
6504 5351
6505 5059
6506 6596
6507 6392
6508 6274
6509 5710
6510 5326
6511 5345
6512 5544
6513 5367
6514 5333
6515 5338
6516 4961
6517 5334
6518 6237
6519 5185
6520 4972
6521 5318
6522 5846
6523 5512
6524 6155
6525 5950
6526 5098
6527 5369
6528 5553
6529 5121
6530 5393
6531 5471
6532 5197
6533 5591
6534 5608
6535 5944
6536 4958
6537 5138
6538 5275
6539 4969
6540 5624
6541 5041
6542 5092
6543 6694
6544 5089
6545 6591
6546 5895
6547 5204
6548 5776
6549 5212
6550 4991
6551 6617
6552 5274
6553 5446
6554 5714
6555 5332
6556 5228
6557 5072
6558 5587
6559 5090
6560 5093
6561 6382
6562 5315
6563 6089
6564 6050
6565 5084
6566 5340
6567 5087
6568 5345
6569 5126
6570 5649
6571 5009
6572 5035
6573 5094
6574 5968
6575 5881
6576 5534
6577 5201
6578 6220
6579 5453
6580 6217
6581 5614
6582 5310
6583 5576
6584 5338
6585 4971
6586 5078
6587 5470
6588 5702
6589 5128
6590 5458
6591 5423
6592 -994933
6593 5492
6594 5216
6595 5089
6596 5552
6597 5200
6598 5077
6599 5975
6600 5438
6601 5659
6602 5661
6603 5269
6604 5467
6605 5321
6606 5403
6607 6203
6608 5460
6609 5103
6610 5971
6611 5134
6612 5512
6613 5618
6614 4979
6615 5189
6616 5085
6617 6641
6618 5773
6619 5586
6620 4990
6621 5801
6622 6049
6623 5638
6624 5560
6625 5204
6626 5101
6627 5073
6628 5324
6629 5091
6630 5516
6631 6170
6632 5603
6633 5308
6634 5710
6635 6435
6636 5916
6637 5756
6638 5326
6639 6861
6640 5559
6641 4965
6642 5086
6643 5747
6644 5429
6645 5079
6646 5086
6647 5218
6648 5077
6649 5715
6650 5087
6651 5858
6652 5478
6653 5046
6654 6093
6655 5327
6656 4971
6657 5328
6658 5351
6659 5947
6660 5338
6661 5459
6662 5597
6663 5459
6664 5524
6665 5675
6666 5183
6667 5083
6668 5826
6669 4971
6670 5453
6671 5220
6672 7842
6673 5325
6674 5453
6675 5214
6676 5217
6677 4953
6678 5519
6679 6034
6680 5094
6681 4953
6682 5277
6683 5647
6684 5086
6685 5584
6686 5838
6687 5345
6688 5327
6689 5336
6690 5339
6691 7235
6692 5317
6693 5963
6694 5081
6695 5214
6696 4961
6697 5085
6698 5346
6699 5579
6700 5081
6701 5050
6702 6213
6703 5096
6704 5125
6705 6226
6706 5386
6707 5467
6708 6069
6709 5099
6710 6585
6711 5831
6712 4960
6713 5342
6714 4963
6715 5833
6716 6395
6717 5780
6718 5467
6719 5830
6720 5334
6721 5711
6722 4963
6723 5324
6724 5096
6725 5520
6726 5407
6727 5345
6728 6384
6729 5151
6730 5147
6731 5165
6732 5207
6733 5333
6734 5232
6735 5060
6736 5455
6737 5708
6738 5341
6739 5397
6740 5692
6741 5434
6742 5430
6743 6082
6744 5347
6745 5587
6746 5072
6747 6111
6748 5438
6749 5341
6750 5707
6751 5206
6752 5079
6753 5216
6754 5080
6755 5089
6756 4967
6757 5338
6758 5385
6759 5847
6760 5287
6761 5449
6762 5091
6763 5338
6764 5342
6765 5331
6766 5866
6767 9335
6768 5306
6769 5370
6770 5425
6771 5093
6772 5204
6773 -993162
6774 5343
6775 6020
6776 5900
6777 5212
6778 5585
6779 6267
6780 5652
6781 5591
6782 5579
6783 6863
6784 5051
6785 4964
6786 5281
6787 5394
6788 5228
6789 5168
6790 5082
6791 5614
6792 5303
6793 5022
6794 6304
6795 5171
6796 5375
6797 5004
6798 5272
6799 5078
6800 5347
6801 5608
6802 6509
6803 5203
6804 5074
6805 5584
6806 5900
6807 5148
6808 5012
6809 5305
6810 5802
6811 5101
6812 5954
6813 6190
6814 5455
6815 5446
6816 5217
6817 5072
6818 4988
6819 5930
6820 6457
6821 5229
6822 5434
6823 5197
6824 5460
6825 5334
6826 5073
6827 5740
6828 5422
6829 5279
6830 5266
6831 6273
6832 5667
6833 5432
6834 5378
6835 5970
6836 5282
6837 5193
6838 6307
6839 6468
6840 4940
6841 5210
6842 5515
6843 5557
6844 5423
6845 5344
6846 5596
6847 5151
6848 5096
6849 5249
6850 5466
6851 5092
6852 4943
6853 4968
6854 5341
6855 5437
6856 5827
6857 5234
6858 6208
6859 5795
6860 5707
6861 5075
6862 4981
6863 5312
6864 5076
6865 5393
6866 5659
6867 5050
6868 5601
6869 5484
6870 6125
6871 5300
6872 4824
6873 6137
6874 5815
6875 5545
6876 6603
6877 5198
6878 5453
6879 5125
6880 5418
6881 5507
6882 5162
6883 5735
6884 5049
6885 5858
6886 4796
6887 5063
6888 4972
6889 5999
6890 5720
6891 5131
6892 5361
6893 5429
6894 5966
6895 6462
6896 5831
6897 5578
6898 5241
6899 5308
6900 5213
6901 5365
6902 5562
6903 5614
6904 5307
6905 5473
6906 5501
6907 5898
6908 5334
6909 5259
6910 5035
6911 5084
6912 5208
6913 6462
6914 5199
6915 5967
6916 5705
6917 5647
6918 5527
6919 5330
6920 5334
6921 5582
6922 5723
6923 5175
6924 5120
6925 6206
6926 5671
6927 5225
6928 5076
6929 5336
6930 6330
6931 5715
6932 5969
6933 5319
6934 5341
6935 5611
6936 5305
6937 5876
6938 5788
6939 5627
6940 5602
6941 5340
6942 6079
6943 5264
6944 5089
6945 5347
6946 5311
6947 5488
6948 4959
6949 5690
6950 7207
6951 5583
6952 5389
6953 5407
6954 -994918
6955 5326
6956 5091
6957 5282
6958 5397
6959 5608
6960 5409
6961 5084
6962 5344
6963 5967
6964 5197
6965 5592
6966 4963
6967 4959
6968 5328
6969 6216
6970 5094
6971 5204
6972 5459
6973 5093
6974 5325
6975 5341
6976 5351
6977 5073
6978 5140
6979 6311
6980 5829
6981 5673
6982 5853
6983 4945
6984 5076
6985 5467
6986 5462
6987 6418
6988 6046
6989 5536
6990 5711
6991 5079
6992 5335
6993 5096
6994 5330
6995 5063
6996 5208
6997 5083
6998 4964
6999 6266
7000 5159
7001 5076
7002 5342
7003 5339
7004 5145
7005 5265
7006 7028
7007 5272
7008 5083
7009 5105
7010 5697
7011 5456
7012 5114
7013 5055
7014 5323
7015 5221
7016 4956
7017 5342
7018 5451
7019 5893
7020 6032
7021 5905
7022 5274
7023 5205
7024 4948
7025 6597
7026 4972
7027 4949
7028 5096
7029 5078
7030 5278
7031 5277
7032 5139
7033 5521
7034 4966
7035 4957
7036 5396
7037 6049
7038 5316
7039 5102
7040 5074
7041 5102
7042 5343
7043 5809
7044 6360
7045 5210
7046 6576
7047 5299
7048 5089
7049 5010
7050 5285
7051 5432
7052 5696
7053 4992
7054 5763
7055 5634
7056 5094
7057 6266
7058 5890
7059 4981
7060 5325
7061 5590
7062 6710
7063 5710
7064 5718
7065 5200
7066 5109
7067 5725
7068 5293
7069 5073
7070 6096
7071 5332
7072 5149
7073 5281
7074 6396
7075 5256
7076 5080
7077 5610
7078 5499
7079 5281
7080 5103
7081 6817
7082 6025
7083 5263
7084 4956
7085 5093
7086 5213
7087 5332
7088 5524
7089 5271
7090 5019
7091 5637
7092 5603
7093 5092
7094 5091
7095 5591
7096 5566
7097 5371
7098 5056
7099 5330
7100 6608
7101 5062
7102 5087
7103 5323
7104 5481
7105 5321
7106 4967
7107 5076
7108 5862
7109 5195
7110 5074
7111 4973
7112 5724
7113 5735
7114 5092
7115 5282
7116 5331
7117 4954
7118 5335
7119 6993
7120 6183
7121 5743
7122 5207
7123 5690
7124 5601
7125 5310
7126 5042
7127 5102
7128 4983
7129 5015
7130 5346
7131 5083
7132 5646
7133 5270
7134 5209
7135 5074
7136 5844
7137 -993907
7138 5578
7139 6147
7140 5784
7141 5168
7142 6271
7143 6865
7144 5274
7145 5078
7146 5702
7147 5334
7148 5217
7149 6033
7150 5637
7151 5207
7152 5117
7153 5032
7154 5351
7155 6979
7156 5523
7157 5642
7158 4950
7159 5397
7160 5405
7161 4946
7162 5215
7163 5076
7164 6007
7165 5423
7166 5430
7167 5704
7168 5087
7169 5336
7170 4958
7171 6211
7172 6101
7173 5455
7174 6326
7175 5204
7176 5960
7177 5967
7178 5343
7179 4953
7180 5334
7181 5079
7182 5589
7183 5372
7184 5433
7185 5320
7186 6187
7187 4966
7188 5216
7189 5335
7190 5196
7191 5834
7192 6498
7193 6070
7194 5195
7195 5332
7196 5241
7197 6437
7198 5704
7199 5087
7200 5307
7201 5665
7202 5489
7203 5419
7204 5765
7205 5589
7206 5337
7207 5411
7208 5140
7209 5105
7210 5582
7211 6345
7212 4930
7213 6217
7214 5594
7215 5847
7216 5319
7217 5886
7218 5160
7219 5953
7220 5413
7221 5457
7222 5643
7223 5208
7224 5355
7225 5587
7226 4987
7227 5901
7228 5537
7229 5812
7230 5340
7231 4951
7232 5215
7233 5757
7234 5395
7235 4995
7236 5062
7237 5313
7238 5088
7239 5489
7240 5949
7241 6023
7242 5276
7243 5606
7244 5797
7245 5613
7246 5187
7247 5389
7248 6399
7249 5085
7250 5454
7251 5213
7252 5076
7253 5096
7254 5696
7255 5718
7256 4956
7257 6641
7258 5791
7259 5070
7260 5345
7261 5204
7262 5087
7263 5081
7264 5473
7265 5465
7266 6320
7267 5736
7268 5425
7269 5844
7270 5453
7271 5218
7272 4967
7273 5977
7274 5192
7275 5074
7276 4964
7277 5084
7278 5456
7279 6206
7280 5837
7281 4957
7282 4996
7283 5554
7284 4966
7285 6202
7286 5462
7287 6265
7288 5535
7289 6413
7290 5132
7291 5213
7292 5081
7293 6031
7294 5641
7295 5828
7296 6364
7297 5625
7298 6074
7299 6056
7300 5441
7301 5069
7302 6471
7303 6453
7304 5725
7305 5483
7306 5165
7307 4996
7308 5307
7309 5076
7310 5719
7311 5337
7312 5342
7313 5314
7314 5083
7315 6483
7316 -994835
7317 5573
7318 5344
7319 5388
7320 5558
7321 7109
7322 5659
7323 5085
7324 6256
7325 5909
7326 5086
7327 4961
7328 5084
7329 4973
7330 4953
7331 5327
7332 5467
7333 6255
7334 5037
7335 5148
7336 5272
7337 5329
7338 5265
7339 5799
7340 7314
7341 6029
7342 5262
7343 5212
7344 6219
7345 5455
7346 5089
7347 5689
7348 5040
7349 5654
7350 5089
7351 4944
7352 5596
7353 5834
7354 5515
7355 5148
7356 5338
7357 5346
7358 6369
7359 5536
7360 5725
7361 5083
7362 4992
7363 5305
7364 5104
7365 5539
7366 5321
7367 5271
7368 5918
7369 5593
7370 5437
7371 5102
7372 5197
7373 5708
7374 5998
7375 5424
7376 5464
7377 6843
7378 6221
7379 5319
7380 5356
7381 6212
7382 5073
7383 5212
7384 5336
7385 5179
7386 5116
7387 4967
7388 5206
7389 4974
7390 5320
7391 5706
7392 5587
7393 5219
7394 5205
7395 6227
7396 5323
7397 5617
7398 5680
7399 5215
7400 5676
7401 6569
7402 5525
7403 5353
7404 6339
7405 5058
7406 5203
7407 4971
7408 5831
7409 5640
7410 6311
7411 5186
7412 5839
7413 6421
7414 5372
7415 5333
7416 5338
7417 5833
7418 5590
7419 5403
7420 5896
7421 5087
7422 5896
7423 5274
7424 5075
7425 5470
7426 5335
7427 5210
7428 5337
7429 5453
7430 4958
7431 5366
7432 7295
7433 5234
7434 5330
7435 5102
7436 5437
7437 5840
7438 6200
7439 6267
7440 5139
7441 5341
7442 5081
7443 5717
7444 5641
7445 5153
7446 5081
7447 4963
7448 5075
7449 5967
7450 6715
7451 5449
7452 5096
7453 5080
7454 5220
7455 5580
7456 5470
7457 5849
7458 5443
7459 4960
7460 5662
7461 5265
7462 5080
7463 5217
7464 4955
7465 5122
7466 4925
7467 6028
7468 6020
7469 6756
7470 5331
7471 5301
7472 6027
7473 5701
7474 5427
7475 5555
7476 5714
7477 5584
7478 6343
7479 6901
7480 5389
7481 5214
7482 5346
7483 4949
7484 6428
7485 5364
7486 5838
7487 5954
7488 5097
7489 5826
7490 5590
7491 5091
7492 5587
7493 5629
7494 5903
7495 4965
7496 -994668
7497 4964
7498 5329
7499 5112
7500 4936
7501 5096
7502 5327
7503 5094
7504 5207
7505 5463
7506 6085
7507 5838
7508 5474
7509 5076
7510 4967
7511 5074
7512 5338
7513 5205
7514 5775
7515 5148
7516 5343
7517 5953
7518 4965
7519 6094
7520 5328
7521 5146
7522 5280
7523 4747
7524 5909
7525 6222
7526 5324
7527 5211
7528 5338
7529 4955
7530 5205
7531 5524
7532 5524
7533 5723
7534 7020
7535 5827
7536 5160
7537 4960
7538 4952
7539 5081
7540 4837
7541 5209
7542 5590
7543 6491
7544 6119
7545 5953
7546 5280
7547 4834
7548 5079
7549 6278
7550 5268
7551 5718
7552 5357
7553 5193
7554 5593
7555 5073
7556 5132
7557 5281
7558 5220
7559 5079
7560 5845
7561 4954
7562 8215
7563 5338
7564 5274
7565 5395
7566 5081
7567 5219
7568 5081
7569 5092
7570 5579
7571 5341
7572 5459
7573 5218
7574 5458
7575 6134
7576 6607
7577 5514
7578 5461
7579 5083
7580 6776
7581 5403
7582 5712
7583 4964
7584 5077
7585 4972
7586 5574
7587 5618
7588 5189
7589 5082
7590 6144
7591 5838
7592 5288
7593 5073
7594 5590
7595 5703
7596 6096
7597 5769
7598 5272
7599 6714
7600 5092
7601 5454
7602 5846
7603 5205
7604 6743
7605 5427
7606 5509
7607 5780
7608 5720
7609 5337
7610 5082
7611 5578
7612 5515
7613 5408
7614 5467
7615 5082
7616 5092
7617 6220
7618 5205
7619 5214
7620 5324
7621 6465
7622 5683
7623 5101
7624 5200
7625 5720
7626 5578
7627 5094
7628 5606
7629 5308
7630 5589
7631 5335
7632 5091
7633 5086
7634 6086
7635 6478
7636 6953
7637 5580
7638 5769
7639 5659
7640 5082
7641 4966
7642 5336
7643 5458
7644 5339
7645 7034
7646 6390
7647 4961
7648 5086
7649 5469
7650 5330
7651 5463
7652 5214
7653 6604
7654 5321
7655 5525
7656 5399
7657 5596
7658 5330
7659 5714
7660 5342
7661 5453
7662 5213
7663 5095
7664 5084
7665 5079
7666 5589
7667 5836
7668 5091
7669 5818
7670 5104
7671 5151
7672 7469
7673 6013
7674 6025
7675 5278
7676 5094
7677 -995044
7678 5151
7679 5396
7680 5579
7681 5475
7682 5328
7683 5953
7684 7466
7685 5469
7686 5328
7687 5966
7688 5336
7689 6221
7690 6832
7691 5077
7692 5341
7693 5333
7694 5505
7695 5566
7696 5323
7697 4971
7698 5447
7699 5213
7700 5080
7701 4960
7702 5087
7703 6489
7704 5940
7705 5836
7706 5767
7707 5304
7708 6060
7709 5331
7710 5740
7711 5573
7712 5224
7713 5678
7714 5146
7715 5674
7716 5449
7717 4959
7718 5079
7719 5333
7720 5215
7721 5082
7722 5092
7723 5772
7724 5149
7725 5125
7726 5050
7727 6208
7728 5845
7729 5324
7730 5830
7731 5883
7732 5873
7733 5262
7734 5959
7735 5706
7736 5338
7737 5579
7738 6592
7739 5609
7740 5314
7741 4956
7742 5080
7743 4977
7744 5449
7745 6425
7746 5434
7747 5394
7748 5334
7749 5088
7750 4966
7751 5085
7752 5207
7753 5724
7754 5716
7755 4945
7756 5317
7757 4985
7758 4969
7759 5080
7760 5094
7761 5080
7762 5094
7763 5578
7764 5116
7765 6311
7766 5337
7767 5457
7768 5719
7769 5716
7770 5199
7771 5472
7772 5078
7773 5093
7774 5267
7775 5531
7776 5835
7777 5084
7778 6334
7779 6338
7780 5340
7781 6206
7782 5647
7783 6646
7784 6286
7785 5897
7786 5327
7787 5091
7788 4955
7789 5210
7790 5340
7791 4967
7792 5209
7793 4964
7794 6083
7795 5215
7796 4963
7797 5142
7798 5739
7799 5697
7800 5391
7801 6719
7802 5199
7803 5335
7804 5089
7805 5833
7806 6276
7807 5651
7808 5337
7809 5089
7810 5333
7811 5464
7812 5580
7813 6032
7814 5267
7815 5090
7816 5758
7817 5542
7818 5834
7819 6183
7820 6362
7821 5210
7822 5082
7823 5143
7824 6150
7825 5738
7826 5180
7827 5790
7828 5134
7829 5095
7830 5896
7831 5648
7832 6590
7833 5204
7834 5345
7835 5330
7836 5344
7837 5328
7838 6967
7839 5015
7840 6035
7841 5833
7842 5577
7843 5222
7844 5702
7845 5965
7846 5081
7847 5337
7848 5726
7849 6193
7850 5471
7851 5454
7852 7158
7853 5408
7854 5453
7855 6080
7856 -993063
7857 5231
7858 5204
7859 5339
7860 5475
7861 5701
7862 5318
7863 5718
7864 5094
7865 4955
7866 6597
7867 5826
7868 6090
7869 6280
7870 5260
7871 5433
7872 5705
7873 5094
7874 6335
7875 5238
7876 5116
7877 5773
7878 5337
7879 4950
7880 5097
7881 5326
7882 5095
7883 5702
7884 6987
7885 5706
7886 5575
7887 5833
7888 6214
7889 6453
7890 6287
7891 7145
7892 5193
7893 6110
7894 5815
7895 5497
7896 5231
7897 5155
7898 5205
7899 5976
7900 5947
7901 5588
7902 5831
7903 5717
7904 5840
7905 6204
7906 5092
7907 5722
7908 5951
7909 7212
7910 5578
7911 5347
7912 6129
7913 5915
7914 5327
7915 5215
7916 5967
7917 5451
7918 6840
7919 5211
7920 5636
7921 5537
7922 5351
7923 5826
7924 5705
7925 5246
7926 5427
7927 7345
7928 5455
7929 5733
7930 5446
7931 5328
7932 5718
7933 5079
7934 5722
7935 6100
7936 5464
7937 5311
7938 5838
7939 5595
7940 5203
7941 5489
7942 6459
7943 5564
7944 5099
7945 5849
7946 5193
7947 6416
7948 5566
7949 5893
7950 4964
7951 5618
7952 5054
7953 5213
7954 4965
7955 5973
7956 6262
7957 6025
7958 5573
7959 5846
7960 5585
7961 5339
7962 4967
7963 8953
7964 5714
7965 5077
7966 5955
7967 6022
7968 5652
7969 6213
7970 5209
7971 5463
7972 5093
7973 5706
7974 5987
7975 5187
7976 5716
7977 5708
7978 5715
7979 5969
7980 5705
7981 6461
7982 6388
7983 5543
7984 6490
7985 5054
7986 5590
7987 5075
7988 5710
7989 6025
7990 5905
7991 5084
7992 6334
7993 5597
7994 5454
7995 5835
7996 5609
7997 5190
7998 6591
7999 5580
8000 5344
8001 5078
8002 6339
8003 6263
8004 5856
8005 5765
8006 5710
8007 5964
8008 5585
8009 4962
8010 6147
8011 5849
8012 5138
8013 5588
8014 5656
8015 5272
8016 6458
8017 6228
8018 6448
8019 5211
8020 5338
8021 5346
8022 5326
8023 5090
8024 5463
8025 5464
8026 5343
8027 4954
8028 5088
8029 5716
8030 5209
8031 -993888
8032 4947
8033 5828
8034 5089
8035 6712
8036 4966
8037 5083
8038 5360
8039 5561
8040 5342
8041 4960
8042 5180
8043 5093
8044 5467
8045 5269
8046 5138
8047 6121
8048 5678
8049 5212
8050 5720
8051 5522
8052 6266
8053 6862
8054 5055
8055 5708
8056 5839
8057 6343
8058 6013
8059 5410
8060 5710
8061 5333
8062 5332
8063 5712
8064 5089
8065 5089
8066 5837
8067 5213
8068 5344
8069 5703
8070 5589
8071 6228
8072 5322
8073 6088
8074 5333
8075 5974
8076 5698
8077 4964
8078 5088
8079 5695
8080 5712
8081 6208
8082 5249
8083 5927
8084 5708
8085 4960
8086 5344
8087 5079
8088 5088
8089 5343
8090 6581
8091 4963
8092 5582
8093 6789
8094 5011
8095 5835
8096 5214
8097 5785
8098 5158
8099 5940
8100 5247
8101 5306
8102 5585
8103 5089
8104 5221
8105 5701
8106 5088
8107 5913
8108 6139
8109 5082
8110 5964
8111 5595
8112 5390
8113 6149
8114 6074
8115 5370
8116 5871
8117 5305
8118 6030
8119 6123
8120 5473
8121 5808
8122 5677
8123 5794
8124 6161
8125 5208
8126 6955
8127 5960
8128 5214
8129 6214
8130 4957
8131 6715
8132 4971
8133 5458
8134 6738
8135 6091
8136 6423
8137 5714
8138 4965
8139 5755
8140 5037
8141 5348
8142 5577
8143 7403
8144 5460
8145 5266
8146 6286
8147 5264
8148 5841
8149 5713
8150 5457
8151 5091
8152 5699
8153 5346
8154 6328
8155 5469
8156 6271
8157 5391
8158 5223
8159 5452
8160 6708
8161 6320
8162 5486
8163 6385
8164 5654
8165 5722
8166 6511
8167 5274
8168 6530
8169 5258
8170 5962
8171 5697
8172 5340
8173 4969
8174 5076
8175 4962
8176 5094
8177 5385
8178 5370
8179 6509
8180 5707
8181 5213
8182 4970
8183 6828
8184 5704
8185 6082
8186 4964
8187 4953
8188 6339
8189 5089
8190 5595
8191 5836
8192 5074
8193 5915
8194 6389
8195 5460
8196 6213
8197 6718
8198 4954
8199 5836
8200 5598
8201 5576
8202 5838
8203 5458
8204 5085
8205 5957
8206 5592
8207 -993605
8208 5907
8209 5330
8210 5086
8211 5220
8212 5953
8213 5964
8214 6623
8215 6553
8216 5107
8217 5069
8218 6288
8219 5137
8220 6221
8221 5709
8222 5828
8223 5088
8224 5611
8225 6761
8226 5398
8227 5334
8228 6096
8229 5732
8230 5178
8231 5091
8232 5342
8233 6451
8234 5102
8235 6075
8236 5066
8237 6750
8238 5548
8239 5714
8240 5728
8241 7256
8242 5596
8243 5398
8244 5703
8245 5379
8246 5052
8247 4958
8248 5088
8249 5215
8250 6282
8251 6017
8252 5213
8253 6097
8254 5326
8255 4969
8256 5078
8257 4841
8258 6082
8259 5468
8260 5267
8261 5779
8262 4960
8263 6084
8264 5718
8265 5078
8266 4965
8267 5624
8268 5303
8269 6840
8270 5771
8271 6556
8272 5677
8273 5405
8274 5145
8275 6214
8276 5085
8277 5088
8278 5342
8279 5340
8280 6268
8281 5023
8282 5718
8283 5703
8284 5560
8285 5118
8286 5214
8287 6959
8288 5461
8289 5841
8290 6160
8291 6077
8292 5649
8293 5077
8294 5587
8295 5088
8296 5098
8297 6387
8298 5403
8299 6979
8300 5817
8301 5587
8302 5713
8303 5395
8304 6283
8305 7376
8306 5800
8307 5859
8308 6180
8309 5372
8310 6173
8311 5704
8312 5837
8313 5906
8314 5520
8315 6460
8316 6243
8317 5429
8318 5713
8319 5338
8320 5961
8321 5088
8322 7532
8323 5524
8324 5113
8325 4933
8326 5324
8327 5408
8328 5270
8329 5712
8330 5875
8331 5040
8332 5077
8333 6485
8334 5943
8335 5225
8336 5446
8337 6291
8338 5950
8339 5390
8340 7145
8341 6033
8342 5217
8343 5454
8344 6840
8345 5957
8346 5210
8347 5147
8348 5318
8349 5679
8350 6199
8351 6344
8352 5080
8353 5713
8354 5088
8355 6342
8356 5701
8357 5611
8358 6453
8359 5842
8360 5697
8361 5462
8362 6089
8363 5334
8364 6280
8365 5401
8366 5957
8367 5085
8368 5837
8369 5089
8370 5458
8371 5716
8372 5217
8373 5204
8374 6214
8375 5214
8376 7338
8377 5462
8378 5461
8379 5091
8380 4955
8381 5088
8382 -995037
8383 5607
8384 4948
8385 5955
8386 5593
8387 5454
8388 5452
8389 5088
8390 5581
8391 5216
8392 4949
8393 6086
8394 6916
8395 5125
8396 5236
8397 5754
8398 6141
8399 5779
8400 5848
8401 5820
8402 5059
8403 6226
8404 5974
8405 5669
8406 5607
8407 5703
8408 5298
8409 4832
8410 5206
8411 5836
8412 7160
8413 5245
8414 5078
8415 4948
8416 5833
8417 5436
8418 5747
8419 5666
8420 5466
8421 5873
8422 5284
8423 5691
8424 5896
8425 5697
8426 5273
8427 5561
8428 5125
8429 5039
8430 5526
8431 6132
8432 5330
8433 5213
8434 5192
8435 5208
8436 5454
8437 5085
8438 5636
8439 5962
8440 5252
8441 6417
8442 5875
8443 6280
8444 6995
8445 5490
8446 5472
8447 5700
8448 7163
8449 5301
8450 4952
8451 5083
8452 5205
8453 5330
8454 5846
8455 5414
8456 5331
8457 6603
8458 5514
8459 5645
8460 5229
8461 5323
8462 5224
8463 5205
8464 5622
8465 6412
8466 5461
8467 6458
8468 4953
8469 5086
8470 5928
8471 5378
8472 5194
8473 6889
8474 6712
8475 6544
8476 5449
8477 5952
8478 5124
8479 5049
8480 5460
8481 5226
8482 6600
8483 5409
8484 5450
8485 7135
8486 5580
8487 5416
8488 5206
8489 6216
8490 5588
8491 5699
8492 6088
8493 5770
8494 5663
8495 6467
8496 6058
8497 5709
8498 5212
8499 5959
8500 5449
8501 5851
8502 6344
8503 5938
8504 5741
8505 5067
8506 5965
8507 5612
8508 5896
8509 6032
8510 5392
8511 5464
8512 5839
8513 5593
8514 6096
8515 5784
8516 5332
8517 5714
8518 5836
8519 5076
8520 7843
8521 5534
8522 5194
8523 5854
8524 4943
8525 5546
8526 6261
8527 5576
8528 6122
8529 6547
8530 5744
8531 5892
8532 5968
8533 5719
8534 5858
8535 5546
8536 6251
8537 7167
8538 5103
8539 5400
8540 5830
8541 5710
8542 6078
8543 5711
8544 5069
8545 5085
8546 6336
8547 5678
8548 5458
8549 5646
8550 5387
8551 4847
8552 5070
8553 5070
8554 5335
8555 7128
8556 5590
8557 -994715
8558 5839
8559 5568
8560 5107
8561 4957
8562 5333
8563 5069
8564 4985
8565 5427
8566 5214
8567 5517
8568 5161
8569 5163
8570 5153
8571 5393
8572 5489
8573 6549
8574 6896
8575 5660
8576 5594
8577 5802
8578 5469
8579 5079
8580 5089
8581 5994
8582 5047
8583 4793
8584 6021
8585 5421
8586 5409
8587 5130
8588 5000
8589 5340
8590 4943
8591 5200
8592 7362
8593 5189
8594 5625
8595 5424
8596 5928
8597 5464
8598 5310
8599 5952
8600 5469
8601 5351
8602 5200
8603 5677
8604 5323
8605 4972
8606 5659
8607 5765
8608 5724
8609 5266
8610 6491
8611 6722
8612 5414
8613 5255
8614 5897
8615 5370
8616 5666
8617 5681
8618 5113
8619 5364
8620 5092
8621 5822
8622 6482
8623 5757
8624 5831
8625 6020
8626 5092
8627 5076
8628 7467
8629 6481
8630 5195
8631 5090
8632 6794
8633 5463
8634 4924
8635 5082
8636 4958
8637 5817
8638 5747
8639 5683
8640 5823
8641 6078
8642 4942
8643 5366
8644 5157
8645 5833
8646 6707
8647 5762
8648 5228
8649 4834
8650 5211
8651 5422
8652 5123
8653 6315
8654 5827
8655 7204
8656 5529
8657 5475
8658 4947
8659 6804
8660 6044
8661 5213
8662 5189
8663 5908
8664 5896
8665 5493
8666 5880
8667 5439
8668 6344
8669 5846
8670 5059
8671 5865
8672 5229
8673 6334
8674 6093
8675 6503
8676 5404
8677 5141
8678 5437
8679 5341
8680 6471
8681 6834
8682 5863
8683 7138
8684 5153
8685 5393
8686 5460
8687 5967
8688 5815
8689 5914
8690 5159
8691 5094
8692 5659
8693 5148
8694 5689
8695 5757
8696 6340
8697 5538
8698 6361
8699 6859
8700 6332
8701 5629
8702 6074
8703 5615
8704 6257
8705 5094
8706 5681
8707 5279
8708 5078
8709 5410
8710 5404
8711 5474
8712 5931
8713 5064
8714 6223
8715 6055
8716 6477
8717 5812
8718 5321
8719 4969
8720 5112
8721 5077
8722 5061
8723 5799
8724 5752
8725 5478
8726 5296
8727 5180
8728 5687
8729 5610
8730 5899
8731 5403
8732 -994050
8733 6592
8734 5301
8735 6658
8736 5438
8737 4942
8738 5824
8739 5237
8740 5409
8741 5848
8742 5355
8743 5535
8744 5363
8745 5047
8746 5377
8747 5022
8748 5242
8749 5238
8750 6076
8751 5365
8752 6199
8753 7109
8754 6139
8755 5406
8756 5098
8757 6001
8758 5318
8759 6260
8760 6006
8761 5299
8762 6304
8763 5320
8764 5622
8765 5981
8766 5376
8767 5049
8768 5198
8769 5187
8770 5564
8771 5792
8772 5314
8773 4939
8774 5069
8775 5310
8776 5899
8777 5568
8778 5224
8779 6320
8780 5939
8781 5061
8782 5065
8783 5769
8784 5244
8785 5055
8786 5059
8787 5819
8788 5555
8789 6422
8790 6145
8791 5623
8792 5807
8793 5064
8794 6269
8795 5863
8796 4939
8797 5065
8798 5958
8799 5426
8800 5054
8801 5374
8802 5759
8803 5302
8804 5064
8805 5198
8806 5577
8807 5297
8808 6760
8809 5497
8810 5732
8811 6014
8812 5648
8813 5418
8814 5502
8815 7066
8816 5182
8817 5310
8818 5052
8819 5077
8820 6922
8821 5817
8822 5564
8823 5564
8824 5510
8825 6610
8826 5457
8827 5670
8828 5071
8829 5180
8830 5073
8831 4928
8832 6025
8833 5364
8834 4934
8835 5094
8836 5277
8837 5061
8838 5314
8839 6055
8840 5307
8841 4971
8842 5214
8843 4996
8844 7126
8845 5379
8846 6132
8847 5239
8848 5478
8849 5146
8850 4938
8851 5059
8852 5059
8853 5679
8854 6815
8855 5946
8856 6186
8857 5809
8858 5071
8859 6302
8860 5221
8861 5407
8862 6703
8863 5089
8864 6405
8865 5886
8866 6287
8867 5893
8868 5183
8869 5199
8870 5056
8871 5572
8872 5446
8873 6710
8874 5056
8875 5422
8876 5198
8877 5440
8878 5688
8879 5681
8880 7074
8881 5068
8882 5425
8883 5324
8884 5460
8885 5550
8886 5678
8887 5324
8888 5302
8889 5819
8890 5872
8891 5180
8892 5328
8893 5076
8894 5460
8895 5098
8896 4962
8897 5389
8898 5273
8899 6327
8900 5595
8901 5575
8902 5711
8903 5211
8904 4953
8905 4974
8906 5319
8907 5338
8908 5580
8909 4960
8910 5478
8911 -994542
8912 5188
8913 5207
8914 6271
8915 5143
8916 5752
8917 5918
8918 5650
8919 5508
8920 5345
8921 5076
8922 5462
8923 5960
8924 5096
8925 5534
8926 5250
8927 5337
8928 5773
8929 6212
8930 5509
8931 5086
8932 5084
8933 5334
8934 5734
8935 5064
8936 6463
8937 5085
8938 5082
8939 5463
8940 5208
8941 5955
8942 5966
8943 6580
8944 5201
8945 4987
8946 5052
8947 5465
8948 5327
8949 5217
8950 5329
8951 5666
8952 5270
8953 5823
8954 6592
8955 5444
8956 4966
8957 5580
8958 5788
8959 5130
8960 5893
8961 5535
8962 5076
8963 5338
8964 5727
8965 5071
8966 5319
8967 5101
8968 5069
8969 5476
8970 5693
8971 5885
8972 5285
8973 6216
8974 5079
8975 6083
8976 5221
8977 5570
8978 5842
8979 5326
8980 5542
8981 5253
8982 5468
8983 5451
8984 5467
8985 5210
8986 5208
8987 5331
8988 5349
8989 5063
8990 6704
8991 7152
8992 5450
8993 6277
8994 5964
8995 5063
8996 5454
8997 5092
8998 5092
8999 4962
9000 5576
9001 6468
9002 5854
9003 5246
9004 5277
9005 5093
9006 5649
9007 6073
9008 5277
9009 6606
9010 5562
9011 5087
9012 5343
9013 5075
9014 4992
9015 5051
9016 4963
9017 5674
9018 5511
9019 5038
9020 5432
9021 5196
9022 5502
9023 5271
9024 4920
9025 5319
9026 5068
9027 5553
9028 7005
9029 6192
9030 5130
9031 5490
9032 5399
9033 5595
9034 5458
9035 5356
9036 5179
9037 5569
9038 5201
9039 5802
9040 5115
9041 5518
9042 5570
9043 5196
9044 5144
9045 5669
9046 5571
9047 6872
9048 5732
9049 7855
9050 5577
9051 6123
9052 5206
9053 5179
9054 5447
9055 5315
9056 6194
9057 5246
9058 4927
9059 5265
9060 5938
9061 5205
9062 6193
9063 5212
9064 6852
9065 5791
9066 5342
9067 5062
9068 5574
9069 5447
9070 5651
9071 5125
9072 5082
9073 4947
9074 5084
9075 5700
9076 5096
9077 5466
9078 5796
9079 6398
9080 5764
9081 6185
9082 5200
9083 7029
9084 5383
9085 5449
9086 5353
9087 5290
9088 5457
9089 4946
9090 -994794
9091 5199
9092 4832
9093 5324
9094 5728
9095 4905
9096 6334
9097 5219
9098 5640
9099 5280
9100 5453
9101 6355
9102 5189
9103 4980
9104 5328
9105 5452
9106 5016
9107 5407
9108 5092
9109 5355
9110 4931
9111 5395
9112 5403
9113 5956
9114 5583
9115 5083
9116 5965
9117 5082
9118 5284
9119 5021
9120 6092
9121 5772
9122 5761
9123 5587
9124 4962
9125 4952
9126 5396
9127 5287
9128 5333
9129 5827
9130 5608
9131 5447
9132 5701
9133 5408
9134 5524
9135 5078
9136 5337
9137 4841
9138 5339
9139 5962
9140 7031
9141 5895
9142 5208
9143 6215
9144 5704
9145 5842
9146 5451
9147 5992
9148 5329
9149 5254
9150 5154
9151 5330
9152 5415
9153 5253
9154 5347
9155 5828
9156 5100
9157 6471
9158 5568
9159 5735
9160 4937
9161 6032
9162 5379
9163 5094
9164 5082
9165 5716
9166 5358
9167 5294
9168 5577
9169 5343
9170 5585
9171 6157
9172 5793
9173 5180
9174 5828
9175 6468
9176 5331
9177 5090
9178 6209
9179 4950
9180 5213
9181 5214
9182 5584
9183 5090
9184 4964
9185 5096
9186 5079
9187 4963
9188 5086
9189 5989
9190 5374
9191 6010
9192 5167
9193 5270
9194 7152
9195 5741
9196 5747
9197 5327
9198 5191
9199 5537
9200 5527
9201 5064
9202 5357
9203 5700
9204 5080
9205 5578
9206 5763
9207 5532
9208 5586
9209 4962
9210 5468
9211 5078
9212 5042
9213 6829
9214 5558
9215 4970
9216 5392
9217 5669
9218 5500
9219 5669
9220 5309
9221 4967
9222 4958
9223 5585
9224 6590
9225 5339
9226 5081
9227 5656
9228 5406
9229 5074
9230 5470
9231 6830
9232 6464
9233 5215
9234 5854
9235 5441
9236 5098
9237 7071
9238 7018
9239 5684
9240 5306
9241 5274
9242 6032
9243 5603
9244 5440
9245 5212
9246 6536
9247 5399
9248 5347
9249 6447
9250 5079
9251 5454
9252 5091
9253 5965
9254 5446
9255 5583
9256 4955
9257 5314
9258 5344
9259 6153
9260 6086
9261 5143
9262 4960
9263 5049
9264 5089
9265 5384
9266 5661
9267 6325
9268 4958
9269 5463
9270 -994787
9271 5718
9272 5845
9273 5817
9274 5099
9275 6078
9276 5076
9277 5086
9278 5108
9279 5456
9280 5070
9281 5861
9282 5319
9283 5256
9284 5185
9285 5660
9286 5967
9287 6009
9288 5409
9289 5096
9290 5161
9291 5376
9292 4979
9293 4955
9294 4949
9295 5404
9296 5270
9297 5467
9298 5774
9299 5275
9300 5079
9301 5078
9302 4989
9303 5303
9304 5086
9305 6257
9306 5419
9307 5577
9308 5341
9309 5079
9310 5339
9311 5740
9312 5429
9313 5079
9314 4958
9315 6385
9316 5415
9317 4952
9318 5533
9319 5644
9320 5078
9321 5090
9322 5839
9323 4959
9324 6975
9325 5556
9326 5104
9327 5191
9328 5269
9329 5528
9330 5095
9331 5463
9332 5572
9333 6400
9334 5659
9335 5956
9336 6660
9337 5516
9338 5083
9339 6210
9340 5581
9341 5586
9342 6706
9343 5088
9344 4967
9345 5332
9346 5460
9347 5468
9348 5452
9349 5081
9350 4962
9351 5236
9352 5067
9353 5833
9354 5894
9355 5279
9356 5845
9357 5692
9358 5337
9359 5339
9360 6517
9361 5399
9362 5103
9363 5195
9364 5835
9365 6019
9366 5155
9367 5096
9368 5071
9369 6015
9370 5404
9371 5715
9372 5489
9373 6054
9374 5961
9375 5078
9376 5350
9377 5448
9378 5215
9379 6956
9380 5212
9381 5209
9382 5582
9383 5095
9384 5710
9385 5078
9386 5334
9387 4966
9388 5211
9389 6209
9390 5089
9391 5086
9392 4966
9393 5589
9394 5206
9395 5842
9396 6270
9397 6270
9398 6114
9399 5505
9400 5371
9401 5587
9402 6221
9403 5828
9404 5715
9405 5087
9406 5090
9407 5349
9408 6214
9409 5439
9410 6524
9411 5266
9412 5334
9413 4967
9414 5214
9415 6551
9416 5796
9417 5278
9418 5719
9419 5581
9420 5085
9421 6089
9422 5344
9423 5076
9424 5088
9425 5083
9426 5213
9427 5375
9428 5305
9429 4953
9430 5086
9431 4974
9432 4952
9433 5216
9434 6595
9435 5398
9436 5391
9437 5086
9438 4977
9439 5573
9440 5334
9441 5092
9442 5271
9443 6052
9444 6122
9445 5593
9446 5403
9447 5332
9448 5455
9449 6734
9450 5941
9451 -994546
9452 4964
9453 7217
9454 6577
9455 4965
9456 5200
9457 5724
9458 5341
9459 5269
9460 5662
9461 5326
9462 4963
9463 5088
9464 5590
9465 5194
9466 5773
9467 6593
9468 5138
9469 5717
9470 5080
9471 6344
9472 5829
9473 5339
9474 5128
9475 5425
9476 5079
9477 5206
9478 5771
9479 5653
9480 4966
9481 5078
9482 5913
9483 5265
9484 5331
9485 5108
9486 5442
9487 5086
9488 6211
9489 7131
9490 5946
9491 5682
9492 5368
9493 5431
9494 5843
9495 5076
9496 5092
9497 5506
9498 5295
9499 5083
9500 5099
9501 5262
9502 5397
9503 5405
9504 5770
9505 5333
9506 5202
9507 5536
9508 7325
9509 5573
9510 5553
9511 5075
9512 5093
9513 5457
9514 5090
9515 5454
9516 5225
9517 7632
9518 5279
9519 5966
9520 5333
9521 5088
9522 5149
9523 5288
9524 5076
9525 5902
9526 6646
9527 5464
9528 5241
9529 5179
9530 5902
9531 5397
9532 5464
9533 5835
9534 5965
9535 5338
9536 5462
9537 5088
9538 4956
9539 4967
9540 5583
9541 5088
9542 5718
9543 6205
9544 5091
9545 6463
9546 6093
9547 5077
9548 5588
9549 5440
9550 5444
9551 5590
9552 5337
9553 5469
9554 6644
9555 5397
9556 5522
9557 5532
9558 5331
9559 5083
9560 5593
9561 5708
9562 5086
9563 6470
9564 5713
9565 5135
9566 5282
9567 5145
9568 6292
9569 4945
9570 5712
9571 5094
9572 4934
9573 4986
9574 5087
9575 5348
9576 5325
9577 5338
9578 5836
9579 5885
9580 5790
9581 5096
9582 6581
9583 5075
9584 5338
9585 5216
9586 5339
9587 5955
9588 5965
9589 5594
9590 4970
9591 5319
9592 5715
9593 4972
9594 5076
9595 5714
9596 5712
9597 6284
9598 5293
9599 5196
9600 6600
9601 5182
9602 5089
9603 5466
9604 5109
9605 5312
9606 5341
9607 6173
9608 5379
9609 5337
9610 5077
9611 4963
9612 5080
9613 5087
9614 5340
9615 5471
9616 5077
9617 5212
9618 5226
9619 6332
9620 5266
9621 5649
9622 5092
9623 4961
9624 5889
9625 5534
9626 4956
9627 4976
9628 5327
9629 4962
9630 5347
9631 5453
9632 -994914
9633 5089
9634 5723
9635 5324
9636 5361
9637 5317
9638 6489
9639 5061
9640 5213
9641 5468
9642 5330
9643 4962
9644 5092
9645 5843
9646 5876
9647 5291
9648 5839
9649 4969
9650 5391
9651 5399
9652 5034
9653 5761
9654 5461
9655 5091
9656 5970
9657 6451
9658 5340
9659 6101
9660 5199
9661 5341
9662 6139
9663 5279
9664 5331
9665 5086
9666 5088
9667 5340
9668 5085
9669 4964
9670 5836
9671 5341
9672 5224
9673 5324
9674 5471
9675 4953
9676 6533
9677 5892
9678 5469
9679 5454
9680 6388
9681 5292
9682 5455
9683 5719
9684 5329
9685 5343
9686 5640
9687 5654
9688 5460
9689 5339
9690 5008
9691 5294
9692 5239
9693 5296
9694 6094
9695 5076
9696 4969
9697 5331
9698 5719
9699 5078
9700 5102
9701 5445
9702 5590
9703 5084
9704 5091
9705 5353
9706 5199
9707 5486
9708 5296
9709 5096
9710 5578
9711 5095
9712 5203
9713 5971
9714 5078
9715 5218
9716 5333
9717 5841
9718 5613
9719 5184
9720 5011
9721 5027
9722 5467
9723 5461
9724 5714
9725 5080
9726 5350
9727 4948
9728 5120
9729 5683
9730 5208
9731 5210
9732 6216
9733 5149
9734 5400
9735 5508
9736 5152
9737 5145
9738 5785
9739 5384
9740 5656
9741 5623
9742 5484
9743 5775
9744 5773
9745 5402
9746 5349
9747 5078
9748 5338
9749 5078
9750 4966
9751 6329
9752 5339
9753 4959
9754 5089
9755 5084
9756 5096
9757 6529
9758 5260
9759 5347
9760 5200
9761 4965
9762 5082
9763 5091
9764 4960
9765 5093
9766 5335
9767 5778
9768 5266
9769 5099
9770 7205
9771 5076
9772 5347
9773 5077
9774 5586
9775 5719
9776 5713
9777 5331
9778 4845
9779 5202
9780 5092
9781 5897
9782 5277
9783 5591
9784 6132
9785 5469
9786 5148
9787 6362
9788 6440
9789 5964
9790 5092
9791 5229
9792 5571
9793 5204
9794 5715
9795 6088
9796 6155
9797 5772
9798 4953
9799 5656
9800 5272
9801 5090
9802 5836
9803 5086
9804 4960
9805 4969
9806 5080
9807 6588
9808 5472
9809 5328
9810 5068
9811 5114
9812 6464
9813 5448
9814 4839
9815 -994646
9816 5449
9817 5209
9818 5086
9819 6291
9820 6010
9821 5340
9822 5512
9823 5532
9824 5459
9825 6091
9826 5221
9827 5451
9828 5568
9829 5109
9830 5343
9831 5454
9832 5589
9833 5087
9834 5091
9835 5709
9836 7530
9837 5403
9838 5625
9839 5296
9840 5833
9841 5086
9842 5206
9843 6933
9844 5229
9845 5351
9846 5334
9847 5237
9848 5112
9849 6414
9850 5213
9851 5090
9852 5090
9853 5584
9854 5088
9855 5750
9856 5931
9857 5333
9858 5702
9859 5534
9860 5888
9861 5341
9862 6352
9863 5569
9864 5338
9865 5215
9866 4972
9867 5574
9868 5214
9869 5092
9870 5217
9871 6020
9872 5022
9873 5145
9874 5409
9875 4961
9876 5577
9877 5403
9878 5147
9879 5834
9880 5531
9881 6149
9882 5658
9883 5383
9884 5464
9885 6286
9886 5261
9887 4962
9888 5346
9889 5645
9890 5395
9891 5088
9892 4970
9893 5079
9894 5345
9895 5578
9896 5591
9897 5146
9898 5400
9899 6729
9900 7143
9901 5262
9902 5710
9903 5341
9904 5089
9905 5462
9906 5338
9907 4955
9908 5088
9909 5088
9910 5091
9911 5205
9912 4966
9913 5584
9914 5468
9915 5835
9916 5145
9917 5276
9918 5965
9919 5208
9920 4965
9921 5844
9922 5077
9923 5087
9924 5840
9925 5342
9926 4956
9927 5213
9928 5103
9929 5515
9930 5761
9931 5338
9932 6038
9933 5639
9934 5328
9935 5587
9936 5092
9937 6241
9938 5302
9939 5091
9940 6906
9941 5269
9942 5653
9943 5404
9944 5617
9945 6303
9946 6983
9947 5552
9948 4970
9949 5328
9950 6723
9951 5325
9952 5090
9953 5234
9954 5694
9955 6084
9956 5214
9957 5090
9958 5331
9959 4963
9960 5962
9961 5224
9962 5700
9963 5338
9964 5093
9965 5087
9966 5525
9967 5272
9968 5415
9969 5511
9970 5329
9971 5268
9972 5537
9973 5770
9974 6814
9975 5543
9976 5341
9977 5337
9978 5084
9979 5093
9980 5208
9981 5216
9982 5567
9983 5115
9984 5014
9985 5800
9986 5310
9987 5091
9988 4952
9989 5340
9990 5085
9991 5716
9992 6585
9993 6087
9994 5098
9995 5386
9996 -994278
9997 5945
9998 5799
9999 5324
