0 4520
1 4859
2 4862
3 4895
4 4557
5 4573
6 4583
7 4719
8 4972
9 4573
10 4577
11 5492
12 4811
13 5881
14 4797
15 5453
16 4719
17 5455
18 4952
19 4966
20 4760
21 5166
22 4760
23 4662
24 5202
25 4970
26 4583
27 5345
28 5568
29 4595
30 5584
31 5218
32 5171
33 5651
34 5762
35 5402
36 5649
37 5766
38 4590
39 4578
40 4574
41 4712
42 5087
43 4591
44 5099
45 5835
46 4948
47 5337
48 5083
49 4839
50 5159
51 5334
52 4658
53 4750
54 4909
55 4952
56 4600
57 5949
58 5215
59 5073
60 4710
61 4589
62 4757
63 4798
64 5095
65 4826
66 6460
67 4959
68 5335
69 4715
70 5078
71 4590
72 4577
73 4581
74 4610
75 5616
76 5173
77 5709
78 4575
79 4719
80 5091
81 4581
82 4704
83 4845
84 4833
85 4466
86 5109
87 4844
88 4924
89 5824
90 4713
91 5092
92 4472
93 5325
94 -994790
95 5213
96 4702
97 4831
98 5960
99 4702
100 4594
101 5347
102 4728
103 4945
104 5087
105 4995
106 5559
107 5456
108 5972
109 4712
110 4560
111 4719
112 4826
113 4816
114 4961
115 6146
116 5410
117 4464
118 5636
119 4537
120 4707
121 5026
122 4524
123 5223
124 4942
125 5272
126 5447
127 4538
128 6461
129 4463
130 4844
131 5153
132 5384
133 4725
134 4947
135 5115
136 5439
137 4833
138 6644
139 5027
140 4729
141 5454
142 5613
143 4420
144 5203
145 4723
146 4836
147 5394
148 4674
149 4706
150 4950
151 4736
152 5372
153 4645
154 4597
155 4594
156 4695
157 5085
158 6089
159 5603
160 4991
161 4795
162 4950
163 5020
164 4842
165 4648
166 4590
167 5092
168 4572
169 4852
170 5834
171 5219
172 4817
173 5269
174 5032
175 4582
176 5076
177 5461
178 6348
179 5007
180 5237
181 4805
182 5414
183 4869
184 6354
185 5146
186 4587
187 5091
188 4883
189 4927
190 4607
191 4557
192 5003
193 4780
194 5226
195 4824
196 5272
197 4703
198 5919
199 4827
200 4586
201 5464
202 4584
203 4613
204 4706
205 5066
206 5209
207 4973
208 4829
209 5475
210 4759
211 4914
212 6008
213 5398
214 5465
215 5276
216 4951
217 5280
218 5973
219 5089
220 4702
221 4970
222 4701
223 4868
224 4925
225 4836
226 4837
227 4602
228 4837
229 5074
230 4910
231 5137
232 4715
233 5080
234 4598
235 5130
236 4523
237 4865
238 4687
239 5825
240 5612
241 4945
242 5369
243 4946
244 4693
245 5452
246 5160
247 5651
248 5092
249 4579
250 4721
251 5701
252 4581
253 4649
254 4899
255 4838
256 4585
257 4725
258 4705
259 7199
260 4838
261 4714
262 4969
263 5591
264 4830
265 4587
266 5105
267 5317
268 5230
269 4872
270 4522
271 5076
272 4838
273 5534
274 4640
275 4714
276 6068
277 4616
278 5579
279 5702
280 4713
281 5097
282 5120
283 4549
284 4736
285 4555
286 4734
287 5077
288 4825
289 5475
290 5085
291 -994658
292 6520
293 4759
294 4722
295 4710
296 5202
297 5964
298 4849
299 5574
300 4595
301 4578
302 4846
303 4963
304 5646
305 4770
306 5223
307 4957
308 4948
309 5829
310 5576
311 4845
312 5084
313 4826
314 4463
315 5335
316 5465
317 5510
318 5185
319 5824
320 5226
321 4570
322 4842
323 5060
324 4624
325 5073
326 7101
327 5585
328 4847
329 5333
330 4562
331 4593
332 4712
333 4958
334 4827
335 4913
336 4895
337 4825
338 4733
339 6095
340 5625
341 5034
342 4574
343 4730
344 5057
345 5261
346 4665
347 5080
348 5846
349 5079
350 5016
351 5334
352 4778
353 6047
354 4820
355 4894
356 4827
357 4846
358 6453
359 5645
360 5541
361 5327
362 4899
363 5150
364 5707
365 5270
366 5164
367 5634
368 4634
369 5148
370 4525
371 5226
372 5326
373 5078
374 4720
375 5206
376 5216
377 5199
378 6726
379 5712
380 4587
381 6215
382 5234
383 5068
384 4978
385 4867
386 5045
387 5452
388 4909
389 4653
390 4564
391 4585
392 4588
393 4744
394 5318
395 5092
396 4814
397 4466
398 5711
399 5215
400 6090
401 5212
402 4963
403 4874
404 4801
405 5100
406 4668
407 5123
408 5067
409 4608
410 4796
411 4578
412 4604
413 4588
414 4954
415 4713
416 5089
417 5085
418 7632
419 4921
420 4581
421 4581
422 5605
423 5323
424 5211
425 5459
426 5653
427 5380
428 4595
429 5457
430 4828
431 4858
432 4697
433 4451
434 5903
435 5274
436 4834
437 4745
438 5816
439 5076
440 4836
441 5215
442 4713
443 4718
444 5084
445 4719
446 4753
447 4659
448 4584
449 4717
450 5342
451 5141
452 5525
453 4586
454 5086
455 5091
456 4845
457 5079
458 5749
459 4680
460 4824
461 4840
462 4776
463 5150
464 4828
465 4833
466 4575
467 4643
468 6509
469 4623
470 4957
471 6216
472 5593
473 4722
474 4568
475 5088
476 4583
477 5869
478 6436
479 4459
480 4835
481 4842
482 4904
483 5032
484 4592
485 -995301
486 4581
487 5390
488 5279
489 4828
490 4833
491 4983
492 4827
493 5325
494 4833
495 4970
496 5453
497 5472
498 5586
499 4701
500 5336
501 5467
502 4832
503 5213
504 5354
505 4936
506 5452
507 4456
508 4608
509 4838
510 4739
511 4701
512 4572
513 4588
514 4586
515 5399
516 5733
517 5010
518 6718
519 4695
520 5339
521 4853
522 4953
523 5210
524 4673
525 5369
526 5332
527 4722
528 6486
529 4676
530 4903
531 4897
532 5462
533 4835
534 5224
535 4965
536 4835
537 4966
538 5598
539 6146
540 5154
541 5205
542 4582
543 4834
544 5103
545 5363
546 4531
547 4720
548 5094
549 4832
550 4589
551 4590
552 5711
553 4728
554 4582
555 5459
556 4715
557 5522
558 6391
559 5075
560 5338
561 5158
562 5714
563 5273
564 5581
565 5218
566 5569
567 5083
568 5342
569 5503
570 5677
571 5945
572 5212
573 5213
574 4602
575 6162
576 5373
577 7336
578 5836
579 4781
580 4802
581 5187
582 4946
583 4630
584 5299
585 5349
586 4781
587 4917
588 4684
589 4462
590 4592
591 4585
592 5090
593 5069
594 5355
595 4889
596 4660
597 6085
598 6008
599 4673
600 4572
601 4592
602 4581
603 4839
604 4708
605 4593
606 4580
607 4770
608 5024
609 5649
610 5031
611 5087
612 5091
613 4702
614 5212
615 5714
616 5087
617 5849
618 5359
619 5242
620 4704
621 5645
622 5324
623 4597
624 5205
625 5079
626 4462
627 5846
628 4953
629 4860
630 5323
631 5589
632 4968
633 5207
634 4968
635 4712
636 4575
637 6089
638 4594
639 4616
640 4596
641 5660
642 4820
643 4966
644 4708
645 5713
646 4902
647 4546
648 4445
649 4589
650 5339
651 4839
652 4964
653 5020
654 5664
655 5757
656 5037
657 8338
658 5218
659 5268
660 4664
661 4800
662 4963
663 5214
664 6000
665 5003
666 4901
667 4585
668 4886
669 4775
670 4590
671 5107
672 5701
673 5698
674 4839
675 5964
676 6723
677 5205
678 4824
679 -995419
680 5089
681 5743
682 5199
683 4955
684 4697
685 5213
686 4597
687 5112
688 4553
689 5849
690 5702
691 5334
692 5628
693 4694
694 4827
695 4709
696 6486
697 4806
698 5456
699 5209
700 4601
701 5582
702 4950
703 5091
704 4587
705 5088
706 5220
707 5840
708 4971
709 5338
710 5075
711 5209
712 5995
713 5182
714 4826
715 5493
716 5819
717 6717
718 5683
719 6036
720 4645
721 4574
722 5088
723 4974
724 4958
725 5255
726 4782
727 5653
728 5147
729 5223
730 5591
731 4958
732 5340
733 5590
734 5091
735 7044
736 6195
737 5149
738 5847
739 4951
740 4713
741 5564
742 5141
743 5453
744 4836
745 4714
746 5631
747 5676
748 6075
749 5471
750 5971
751 5317
752 5479
753 6356
754 5564
755 5500
756 5154
757 5464
758 5222
759 5704
760 4879
761 4958
762 5929
763 5210
764 5027
765 5154
766 5581
767 5399
768 5026
769 4725
770 5447
771 5709
772 5725
773 5613
774 5301
775 5348
776 4832
777 5092
778 5573
779 5469
780 4871
781 5553
782 5098
783 4698
784 4714
785 6073
786 5221
787 5091
788 4946
789 4840
790 4721
791 4716
792 5452
793 4579
794 5344
795 4586
796 5331
797 4963
798 5068
799 4983
800 4583
801 5463
802 5467
803 4849
804 5482
805 4555
806 4954
807 4585
808 5091
809 5208
810 5464
811 4985
812 6176
813 5261
814 5548
815 4565
816 5465
817 4864
818 4942
819 5205
820 4835
821 5463
822 5595
823 4965
824 5078
825 4586
826 4843
827 5082
828 4731
829 5696
830 5589
831 6705
832 4827
833 5841
834 5409
835 5015
836 5824
837 5342
838 5085
839 5463
840 5503
841 5425
842 6717
843 4703
844 5590
845 5405
846 5151
847 5076
848 5601
849 5306
850 6353
851 5469
852 5577
853 5210
854 5587
855 5216
856 5585
857 5597
858 5584
859 5204
860 5708
861 5144
862 4911
863 5770
864 4890
865 5587
866 -994627
867 5551
868 7250
869 5608
870 5169
871 5706
872 5330
873 5217
874 5206
875 5335
876 5589
877 5598
878 5086
879 4585
880 4575
881 4717
882 5708
883 4715
884 4565
885 4969
886 5740
887 4578
888 6202
889 5212
890 5603
891 4806
892 4580
893 4608
894 5025
895 6273
896 4725
897 4745
898 4818
899 4680
900 4447
901 5089
902 4962
903 5589
904 4861
905 5074
906 4948
907 5217
908 6279
909 5278
910 4701
911 5160
912 4889
913 5216
914 4953
915 4840
916 5346
917 5262
918 5025
919 5289
920 4758
921 4877
922 4803
923 5307
924 4995
925 5084
926 5325
927 5226
928 6329
929 5578
930 5962
931 5219
932 5239
933 5117
934 5143
935 4719
936 4964
937 4954
938 5969
939 5091
940 4966
941 5772
942 5012
943 4625
944 5159
945 5102
946 5331
947 5723
948 4954
949 4708
950 4719
951 5588
952 6450
953 6102
954 4948
955 5469
956 5886
957 5155
958 4587
959 4713
960 4982
961 5196
962 4956
963 6115
964 4834
965 4532
966 6268
967 4829
968 5711
969 4697
970 5779
971 4674
972 4810
973 4818
974 5550
975 5392
976 5715
977 4963
978 5586
979 4811
980 5123
981 4774
982 5265
983 4959
984 5075
985 5096
986 5836
987 4885
988 5154
989 5990
990 6570
991 4848
992 6565
993 5828
994 4837
995 4713
996 4725
997 4950
998 4461
999 4690
1000 4464
1001 5011
1002 4604
1003 4559
1004 4688
1005 4600
1006 6085
1007 4930
1008 4876
1009 4980
1010 4815
1011 6028
1012 5647
1013 4839
1014 4598
1015 4837
1016 5074
1017 5838
1018 5590
1019 5390
1020 5291
1021 4853
1022 4681
1023 4712
1024 5842
1025 4706
1026 5341
1027 5227
1028 5374
1029 4909
1030 4718
1031 4961
1032 5834
1033 4724
1034 5967
1035 4923
1036 5214
1037 4740
1038 4767
1039 5152
1040 4557
1041 4823
1042 4965
1043 4980
1044 5443
1045 4835
1046 6111
1047 4959
1048 4700
1049 4841
1050 5890
1051 4907
1052 4728
1053 4816
1054 5345
1055 4761
1056 4782
1057 4976
1058 5084
1059 -995011
1060 4927
1061 5574
1062 4839
1063 5027
1064 5785
1065 6401
1066 4885
1067 5092
1068 5957
1069 4773
1070 5027
1071 4951
1072 4588
1073 5212
1074 4716
1075 4642
1076 4655
1077 4996
1078 5435
1079 4986
1080 4568
1081 5634
1082 4663
1083 4582
1084 4826
1085 4713
1086 5902
1087 4779
1088 4841
1089 4619
1090 4861
1091 4900
1092 4830
1093 5888
1094 4676
1095 6584
1096 4574
1097 4984
1098 4608
1099 4924
1100 4838
1101 4821
1102 5851
1103 4698
1104 5089
1105 4837
1106 5600
1107 4707
1108 5330
1109 4846
1110 4707
1111 5146
1112 4549
1113 4942
1114 5702
1115 5587
1116 4974
1117 5126
1118 5658
1119 4682
1120 5357
1121 4733
1122 4580
1123 4962
1124 4985
1125 4700
1126 5588
1127 5462
1128 4589
1129 4570
1130 4998
1131 5891
1132 5764
1133 4961
1134 4458
1135 4779
1136 4653
1137 5349
1138 5956
1139 4948
1140 4594
1141 4954
1142 4593
1143 4710
1144 5238
1145 5178
1146 6842
1147 4776
1148 4649
1149 4600
1150 5196
1151 4716
1152 5594
1153 4825
1154 4655
1155 4917
1156 4819
1157 4704
1158 5596
1159 4703
1160 4894
1161 5215
1162 4910
1163 5631
1164 5198
1165 5293
1166 6736
1167 4684
1168 5220
1169 4839
1170 5331
1171 4715
1172 4749
1173 4687
1174 5700
1175 4589
1176 6148
1177 4644
1178 4700
1179 4983
1180 4823
1181 5955
1182 4714
1183 4844
1184 5214
1185 5244
1186 5796
1187 5516
1188 5564
1189 4688
1190 4969
1191 5075
1192 5072
1193 5230
1194 4732
1195 4720
1196 4581
1197 4826
1198 4693
1199 4837
1200 5905
1201 4902
1202 5518
1203 6161
1204 4947
1205 5088
1206 5473
1207 5076
1208 4596
1209 4708
1210 5200
1211 4837
1212 5025
1213 5271
1214 4601
1215 5205
1216 5214
1217 4689
1218 4993
1219 4806
1220 4843
1221 4597
1222 4725
1223 5106
1224 4939
1225 5449
1226 6088
1227 5339
1228 5764
1229 4546
1230 4951
1231 5210
1232 5217
1233 5275
1234 5279
1235 5080
1236 5325
1237 5214
1238 4588
1239 4588
1240 4839
1241 4590
1242 4709
1243 4838
1244 5137
1245 5287
1246 6350
1247 5579
1248 5702
1249 4714
1250 5840
1251 4459
1252 4888
1253 4549
1254 -994787
1255 5484
1256 4944
1257 4580
1258 4645
1259 4528
1260 4777
1261 6448
1262 4908
1263 4582
1264 5023
1265 5037
1266 5951
1267 5615
1268 4805
1269 4590
1270 4699
1271 4847
1272 4711
1273 4778
1274 5656
1275 4848
1276 4977
1277 6173
1278 5337
1279 4956
1280 5450
1281 5340
1282 4602
1283 5701
1284 5329
1285 4579
1286 6720
1287 4714
1288 4972
1289 5078
1290 5586
1291 4612
1292 4762
1293 5278
1294 4582
1295 5264
1296 4766
1297 4771
1298 4774
1299 5212
1300 5594
1301 4839
1302 4698
1303 5214
1304 5086
1305 4769
1306 5950
1307 4557
1308 5387
1309 5465
1310 5274
1311 4584
1312 5152
1313 4899
1314 4715
1315 4706
1316 4712
1317 4841
1318 4583
1319 5099
1320 5074
1321 4715
1322 4738
1323 4945
1324 4825
1325 5598
1326 5954
1327 4459
1328 5613
1329 5075
1330 4950
1331 4723
1332 4707
1333 5140
1334 4652
1335 5197
1336 4481
1337 4950
1338 4594
1339 4956
1340 4585
1341 4836
1342 5341
1343 4631
1344 4679
1345 5077
1346 4713
1347 6086
1348 5713
1349 5476
1350 5824
1351 4711
1352 5368
1353 4681
1354 4592
1355 5087
1356 5452
1357 4591
1358 5087
1359 5076
1360 4590
1361 4578
1362 4718
1363 5090
1364 5220
1365 5579
1366 5096
1367 5726
1368 4809
1369 5214
1370 4593
1371 4705
1372 5368
1373 5697
1374 5063
1375 4699
1376 5087
1377 5348
1378 4826
1379 4841
1380 4587
1381 4459
1382 5212
1383 4626
1384 4677
1385 4712
1386 5758
1387 5682
1388 4701
1389 5238
1390 5218
1391 4995
1392 4827
1393 4944
1394 5083
1395 4936
1396 5345
1397 5609
1398 5114
1399 5038
1400 5583
1401 5265
1402 4790
1403 5075
1404 4967
1405 5528
1406 7100
1407 4875
1408 4838
1409 4837
1410 4485
1411 4826
1412 4831
1413 4721
1414 4823
1415 4612
1416 4818
1417 4584
1418 6348
1419 4579
1420 4836
1421 4970
1422 5603
1423 5076
1424 5959
1425 4698
1426 4714
1427 5838
1428 4838
1429 4747
1430 4917
1431 4826
1432 5131
1433 4951
1434 4947
1435 4964
1436 4838
1437 4716
1438 4458
1439 5025
1440 5021
1441 4723
1442 4836
1443 4711
1444 4699
1445 5651
1446 4902
1447 5963
1448 4850
1449 5075
1450 5085
1451 -994781
1452 5199
1453 5465
1454 6075
1455 4598
1456 4585
1457 5073
1458 4588
1459 4971
1460 4717
1461 4694
1462 5343
1463 4840
1464 5581
1465 4970
1466 4639
1467 6025
1468 5397
1469 4776
1470 4794
1471 4768
1472 5475
1473 4925
1474 5204
1475 4983
1476 5185
1477 5150
1478 5140
1479 5264
1480 5589
1481 4772
1482 5098
1483 6340
1484 5127
1485 4906
1486 5585
1487 5721
1488 5206
1489 4630
1490 4572
1491 5949
1492 5200
1493 4819
1494 5576
1495 4832
1496 7215
1497 5093
1498 4580
1499 5592
1500 5209
1501 5087
1502 4952
1503 4476
1504 6451
1505 4849
1506 5707
1507 5149
1508 5203
1509 5202
1510 4898
1511 5156
1512 4515
1513 4795
1514 4780
1515 5070
1516 4950
1517 4591
1518 4580
1519 4986
1520 4565
1521 5372
1522 4706
1523 5194
1524 5511
1525 4664
1526 7468
1527 4970
1528 4577
1529 5336
1530 4846
1531 4580
1532 5017
1533 4655
1534 5571
1535 4837
1536 4704
1537 5224
1538 4575
1539 5527
1540 4772
1541 5104
1542 4570
1543 4591
1544 4710
1545 4833
1546 5099
1547 6086
1548 5014
1549 4652
1550 4850
1551 4555
1552 4830
1553 4843
1554 4834
1555 5201
1556 4589
1557 5466
1558 4842
1559 4586
1560 4607
1561 4952
1562 4780
1563 4818
1564 4919
1565 4822
1566 4604
1567 6344
1568 4815
1569 5221
1570 4685
1571 4576
1572 4474
1573 4844
1574 4454
1575 5338
1576 4481
1577 4590
1578 5570
1579 4717
1580 5486
1581 4683
1582 5612
1583 4935
1584 4704
1585 4728
1586 5192
1587 5215
1588 5982
1589 4758
1590 4771
1591 4966
1592 5453
1593 5625
1594 4669
1595 4974
1596 4812
1597 5586
1598 5094
1599 4577
1600 4594
1601 4588
1602 4580
1603 5213
1604 4962
1605 4835
1606 5161
1607 4671
1608 6308
1609 5094
1610 4711
1611 4948
1612 4967
1613 4700
1614 4976
1615 5444
1616 5210
1617 5629
1618 4779
1619 4595
1620 4584
1621 4720
1622 4955
1623 4717
1624 4691
1625 6104
1626 4827
1627 5155
1628 6415
1629 4817
1630 5965
1631 4575
1632 4585
1633 4597
1634 4842
1635 4950
1636 4635
1637 5915
1638 4580
1639 4584
1640 5229
1641 4821
1642 5586
1643 4640
1644 5453
1645 5039
1646 5578
1647 -995403
1648 7338
1649 5583
1650 4575
1651 5089
1652 4957
1653 5523
1654 5409
1655 5091
1656 5329
1657 4581
1658 4641
1659 4910
1660 4712
1661 4826
1662 4457
1663 4721
1664 4828
1665 5592
1666 5468
1667 4711
1668 6346
1669 4953
1670 4574
1671 4591
1672 4714
1673 4829
1674 4583
1675 5341
1676 4584
1677 4956
1678 4602
1679 5380
1680 4645
1681 5203
1682 4918
1683 5271
1684 4864
1685 5185
1686 4712
1687 5752
1688 6708
1689 4811
1690 4583
1691 4584
1692 5391
1693 4900
1694 4466
1695 4961
1696 4591
1697 4584
1698 5341
1699 5202
1700 5203
1701 4600
1702 5226
1703 4938
1704 4705
1705 5680
1706 5125
1707 5337
1708 5252
1709 6402
1710 4822
1711 4472
1712 4703
1713 5719
1714 4711
1715 5336
1716 4702
1717 4590
1718 4841
1719 4832
1720 5105
1721 4599
1722 5579
1723 4882
1724 5101
1725 5958
1726 4951
1727 5581
1728 4517
1729 5452
1730 4834
1731 4612
1732 4573
1733 4598
1734 5103
1735 4941
1736 4452
1737 5092
1738 5260
1739 5042
1740 4862
1741 4687
1742 5187
1743 4589
1744 4712
1745 4853
1746 4579
1747 5153
1748 5535
1749 6461
1750 4583
1751 4725
1752 4941
1753 4709
1754 5080
1755 4702
1756 5340
1757 5709
1758 4762
1759 4798
1760 4571
1761 4775
1762 5279
1763 5215
1764 4592
1765 4715
1766 4711
1767 4709
1768 5242
1769 5310
1770 5871
1771 5977
1772 4787
1773 4698
1774 4839
1775 5086
1776 4643
1777 4565
1778 5206
1779 5152
1780 4961
1781 5965
1782 4971
1783 4950
1784 5152
1785 4795
1786 5080
1787 5365
1788 5157
1789 6495
1790 4684
1791 6085
1792 4841
1793 5464
1794 5001
1795 5058
1796 5091
1797 5102
1798 4809
1799 4710
1800 4840
1801 4845
1802 4589
1803 5380
1804 5279
1805 4721
1806 4720
1807 4584
1808 6150
1809 5885
1810 5103
1811 5848
1812 4804
1813 4635
1814 5170
1815 5827
1816 5526
1817 4903
1818 4974
1819 4956
1820 4700
1821 5713
1822 4717
1823 5835
1824 4598
1825 5027
1826 4902
1827 4817
1828 4579
1829 5843
1830 4587
1831 5424
1832 4886
1833 4771
1834 4884
1835 4841
1836 5836
1837 5965
1838 5088
1839 5226
1840 5591
1841 5706
1842 4842
1843 -994777
1844 4806
1845 4831
1846 4670
1847 5278
1848 4681
1849 6515
1850 5711
1851 4976
1852 5195
1853 5593
1854 5758
1855 5162
1856 4588
1857 5224
1858 4955
1859 5342
1860 5343
1861 4948
1862 4716
1863 5348
1864 5256
1865 4930
1866 5066
1867 4820
1868 6103
1869 5198
1870 7085
1871 5146
1872 5549
1873 5444
1874 4702
1875 4865
1876 4725
1877 4717
1878 5799
1879 5201
1880 4888
1881 4808
1882 5171
1883 4962
1884 4991
1885 4556
1886 4954
1887 5708
1888 5696
1889 5128
1890 5284
1891 5002
1892 4648
1893 4573
1894 5269
1895 4888
1896 5567
1897 4964
1898 4832
1899 4954
1900 5196
1901 5239
1902 4673
1903 4560
1904 4948
1905 4694
1906 5094
1907 4815
1908 5972
1909 4439
1910 5094
1911 4709
1912 4588
1913 4694
1914 4601
1915 4814
1916 5334
1917 4818
1918 4834
1919 4584
1920 4780
1921 5013
1922 5246
1923 4913
1924 4822
1925 4569
1926 4573
1927 4843
1928 4822
1929 5949
1930 4762
1931 4779
1932 4603
1933 5316
1934 5814
1935 5455
1936 4585
1937 4959
1938 4964
1939 5076
1940 4946
1941 4583
1942 4592
1943 4568
1944 4574
1945 4455
1946 4560
1947 4471
1948 4696
1949 4817
1950 5335
1951 5138
1952 4785
1953 4582
1954 4713
1955 4959
1956 5026
1957 4912
1958 5587
1959 4569
1960 4970
1961 4828
1962 4721
1963 4838
1964 4951
1965 4847
1966 5822
1967 5539
1968 4887
1969 4598
1970 6208
1971 4578
1972 4575
1973 5839
1974 4604
1975 5068
1976 6483
1977 4767
1978 4796
1979 4818
1980 5337
1981 4613
1982 4559
1983 5340
1984 4949
1985 4841
1986 4757
1987 5283
1988 5726
1989 4943
1990 6715
1991 4837
1992 5361
1993 5165
1994 5786
1995 4884
1996 4714
1997 4739
1998 4813
1999 4591
2000 4743
2001 4715
2002 4816
2003 4694
2004 4734
2005 5058
2006 5530
2007 5148
2008 5954
2009 4836
2010 6479
2011 5086
2012 4825
2013 6518
2014 4897
2015 5338
2016 5351
2017 5493
2018 5050
2019 5111
2020 5444
2021 4576
2022 5886
2023 5141
2024 4599
2025 4718
2026 5457
2027 5274
2028 6142
2029 6476
2030 4822
2031 5094
2032 4773
2033 5456
2034 5021
2035 4852
2036 4823
2037 4587
2038 -994635
2039 5061
2040 4826
2041 5473
2042 4805
2043 5084
2044 5959
2045 5007
2046 4666
2047 5640
2048 4664
2049 5953
2050 5590
2051 5504
2052 5183
2053 4469
2054 4951
2055 5014
2056 5153
2057 4956
2058 5596
2059 4455
2060 4986
2061 5680
2062 4587
2063 4463
2064 5953
2065 4597
2066 4863
2067 4817
2068 4567
2069 7000
2070 4808
2071 4862
2072 4932
2073 4699
2074 5224
2075 5448
2076 4846
2077 4899
2078 4671
2079 5235
2080 5166
2081 4828
2082 6075
2083 5206
2084 4602
2085 4699
2086 5466
2087 5554
2088 6876
2089 5463
2090 5070
2091 4590
2092 5149
2093 4903
2094 5338
2095 4968
2096 5079
2097 4715
2098 5133
2099 4929
2100 5062
2101 4585
2102 5195
2103 4595
2104 4586
2105 4575
2106 5228
2107 4883
2108 5424
2109 5712
2110 5198
2111 5269
2112 4917
2113 5088
2114 4569
2115 5213
2116 4970
2117 4961
2118 5222
2119 4572
2120 5099
2121 4948
2122 5461
2123 4723
2124 5199
2125 4768
2126 5441
2127 4823
2128 5435
2129 5457
2130 4835
2131 4972
2132 4583
2133 4454
2134 4580
2135 5365
2136 4685
2137 4589
2138 4658
2139 5309
2140 5419
2141 5956
2142 4711
2143 4592
2144 4868
2145 4558
2146 5327
2147 6145
2148 4782
2149 6220
2150 5206
2151 4574
2152 5219
2153 5012
2154 4782
2155 4743
2156 4792
2157 5232
2158 4767
2159 4773
2160 5326
2161 5387
2162 4789
2163 5206
2164 5226
2165 4694
2166 5837
2167 4622
2168 6058
2169 6007
2170 5526
2171 4964
2172 4653
2173 5907
2174 5076
2175 4707
2176 4718
2177 4582
2178 4769
2179 4898
2180 5210
2181 4704
2182 4451
2183 4586
2184 4588
2185 5515
2186 5559
2187 4689
2188 5323
2189 6837
2190 5214
2191 4928
2192 4883
2193 5072
2194 4963
2195 4839
2196 4600
2197 4965
2198 5594
2199 4920
2200 4834
2201 4771
2202 5284
2203 4699
2204 5126
2205 5056
2206 4613
2207 5052
2208 4462
2209 6137
2210 4716
2211 5465
2212 4703
2213 5277
2214 5359
2215 5318
2216 4596
2217 4954
2218 5085
2219 4696
2220 4838
2221 5214
2222 5216
2223 4486
2224 5081
2225 4571
2226 5096
2227 5456
2228 5515
2229 6091
2230 5341
2231 5051
2232 5316
2233 4704
2234 -995521
2235 4568
2236 5264
2237 4528
2238 4863
2239 4802
2240 5084
2241 5877
2242 4679
2243 5702
2244 4851
2245 4447
2246 5224
2247 4834
2248 4574
2249 5973
2250 4957
2251 4593
2252 5112
2253 5200
2254 4746
2255 4963
2256 4553
2257 5249
2258 4792
2259 5199
2260 5085
2261 4823
2262 4848
2263 5087
2264 5739
2265 4946
2266 5372
2267 5326
2268 4780
2269 5981
2270 5584
2271 4580
2272 4582
2273 5090
2274 4978
2275 5316
2276 6092
2277 5188
2278 4613
2279 5199
2280 4971
2281 5325
2282 4781
2283 4912
2284 5338
2285 5438
2286 4591
2287 4843
2288 5956
2289 5837
2290 5825
2291 5084
2292 4845
2293 5330
2294 5598
2295 4580
2296 6090
2297 5071
2298 4845
2299 4585
2300 5591
2301 5335
2302 4573
2303 4594
2304 5017
2305 4676
2306 4974
2307 4828
2308 5302
2309 5601
2310 5199
2311 5212
2312 4989
2313 6338
2314 4807
2315 5188
2316 5000
2317 4931
2318 4850
2319 4578
2320 5078
2321 5355
2322 4698
2323 4761
2324 4940
2325 4569
2326 4826
2327 5460
2328 4587
2329 6344
2330 4707
2331 4717
2332 4825
2333 4845
2334 4957
2335 5219
2336 4565
2337 4724
2338 4833
2339 5714
2340 4982
2341 5195
2342 4769
2343 5157
2344 5591
2345 5077
2346 5088
2347 5008
2348 5180
2349 6481
2350 4799
2351 4584
2352 4723
2353 5199
2354 4593
2355 6000
2356 5414
2357 4589
2358 5227
2359 4695
2360 4762
2361 5168
2362 4706
2363 4828
2364 4595
2365 5836
2366 5710
2367 4739
2368 4678
2369 6079
2370 6253
2371 5294
2372 5096
2373 4928
2374 5375
2375 6175
2376 5089
2377 5843
2378 4980
2379 5443
2380 4450
2381 4588
2382 4971
2383 4562
2384 5232
2385 5405
2386 5390
2387 4848
2388 6329
2389 5215
2390 5279
2391 5274
2392 4574
2393 5767
2394 4791
2395 4705
2396 4584
2397 5223
2398 4564
2399 5715
2400 5096
2401 4587
2402 4586
2403 5078
2404 4824
2405 5597
2406 5011
2407 5161
2408 5711
2409 6215
2410 4828
2411 4721
2412 4581
2413 5101
2414 4881
2415 5531
2416 5714
2417 5588
2418 5825
2419 5132
2420 5176
2421 5071
2422 5846
2423 4839
2424 4875
2425 4702
2426 4931
2427 5702
2428 -994028
2429 4701
2430 5223
2431 4830
2432 4580
2433 5852
2434 4975
2435 4695
2436 4836
2437 4702
2438 4723
2439 4584
2440 4827
2441 5215
2442 5114
2443 5226
2444 5124
2445 5116
2446 5361
2447 4707
2448 6228
2449 4827
2450 4860
2451 5566
2452 5207
2453 4950
2454 4965
2455 5489
2456 4823
2457 4577
2458 4701
2459 4884
2460 5797
2461 5076
2462 4987
2463 5078
2464 4984
2465 5188
2466 4867
2467 4955
2468 6403
2469 4873
2470 5055
2471 4971
2472 5439
2473 5091
2474 4579
2475 4576
2476 4750
2477 4787
2478 4966
2479 5332
2480 5139
2481 5545
2482 4837
2483 5078
2484 5089
2485 5008
2486 4933
2487 4682
2488 6018
2489 4909
2490 4735
2491 5078
2492 4583
2493 5129
2494 4810
2495 5683
2496 5084
2497 5080
2498 5114
2499 5316
2500 4978
2501 5069
2502 4745
2503 5060
2504 5087
2505 4767
2506 4899
2507 5588
2508 5844
2509 4756
2510 4794
2511 4707
2512 5577
2513 4892
2514 4769
2515 4964
2516 4823
2517 4627
2518 5179
2519 4576
2520 4961
2521 5215
2522 4601
2523 5330
2524 5145
2525 4767
2526 4972
2527 4706
2528 6344
2529 5531
2530 5273
2531 4569
2532 5353
2533 4943
2534 4826
2535 5093
2536 4457
2537 4703
2538 4844
2539 5579
2540 4759
2541 4778
2542 5952
2543 5276
2544 5028
2545 4963
2546 5472
2547 5381
2548 6072
2549 5064
2550 4571
2551 5323
2552 4968
2553 6239
2554 5988
2555 4900
2556 5093
2557 5523
2558 5032
2559 6069
2560 4897
2561 4673
2562 4569
2563 4613
2564 4795
2565 5917
2566 4647
2567 4771
2568 5636
2569 4594
2570 4821
2571 4702
2572 5706
2573 4737
2574 4814
2575 4589
2576 5465
2577 5096
2578 4575
2579 4442
2580 4485
2581 4601
2582 5253
2583 4679
2584 5884
2585 5028
2586 4850
2587 5091
2588 5958
2589 5578
2590 4891
2591 4775
2592 4714
2593 5214
2594 4776
2595 5041
2596 4572
2597 4730
2598 5434
2599 5028
2600 4771
2601 6778
2602 5165
2603 4953
2604 5231
2605 5432
2606 4749
2607 4541
2608 5541
2609 4857
2610 4448
2611 4589
2612 4837
2613 4872
2614 5548
2615 4505
2616 4799
2617 4587
2618 5338
2619 5703
2620 5223
2621 4588
2622 5212
2623 4467
2624 -995163
2625 4996
2626 5725
2627 5121
2628 7094
2629 4439
2630 4837
2631 4466
2632 4480
2633 4948
2634 4717
2635 4714
2636 5835
2637 4745
2638 4687
2639 5700
2640 4962
2641 5337
2642 4840
2643 4746
2644 4813
2645 4576
2646 4605
2647 5122
2648 5695
2649 5562
2650 4711
2651 4583
2652 4599
2653 5577
2654 4965
2655 5227
2656 5075
2657 4703
2658 5109
2659 5077
2660 4952
2661 5468
2662 5094
2663 4575
2664 4590
2665 4727
2666 4839
2667 5062
2668 4855
2669 6063
2670 5021
2671 4519
2672 5783
2673 4766
2674 4680
2675 4653
2676 5371
2677 4791
2678 4903
2679 5707
2680 5014
2681 4727
2682 4828
2683 5227
2684 4950
2685 5092
2686 5400
2687 4776
2688 6467
2689 5576
2690 4829
2691 4971
2692 4844
2693 4577
2694 4950
2695 4722
2696 5512
2697 4801
2698 4956
2699 5205
2700 5571
2701 4594
2702 4702
2703 5220
2704 4602
2705 4584
2706 4937
2707 4787
2708 5024
2709 6453
2710 5592
2711 4714
2712 4701
2713 5710
2714 5088
2715 5216
2716 4723
2717 5073
2718 4836
2719 5469
2720 5902
2721 4830
2722 5416
2723 4697
2724 4715
2725 5094
2726 4484
2727 5190
2728 4953
2729 5839
2730 4956
2731 6344
2732 4961
2733 4963
2734 4593
2735 4702
2736 4837
2737 5469
2738 5205
2739 4779
2740 5161
2741 4700
2742 5213
2743 4593
2744 6027
2745 5029
2746 4988
2747 4808
2748 4943
2749 5839
2750 4846
2751 6202
2752 4851
2753 4616
2754 4790
2755 5773
2756 4777
2757 5336
2758 4600
2759 6207
2760 4703
2761 4752
2762 4921
2763 5159
2764 5016
2765 5212
2766 5083
2767 4953
2768 4965
2769 5711
2770 4879
2771 4551
2772 5211
2773 5196
2774 4771
2775 4652
2776 5523
2777 5411
2778 4948
2779 4716
2780 4712
2781 4586
2782 4780
2783 4837
2784 5144
2785 5091
2786 4606
2787 5572
2788 4954
2789 6128
2790 4921
2791 4946
2792 5367
2793 5330
2794 4690
2795 4588
2796 5200
2797 5296
2798 4505
2799 4713
2800 4725
2801 5996
2802 4585
2803 6105
2804 4640
2805 4592
2806 4560
2807 5461
2808 4761
2809 6413
2810 5204
2811 4963
2812 6018
2813 4912
2814 4951
2815 6719
2816 4969
2817 4829
2818 4988
2819 4684
2820 -994860
2821 4673
2822 5067
2823 4594
2824 5582
2825 4601
2826 4929
2827 5338
2828 5223
2829 5826
2830 5157
2831 5682
2832 4819
2833 5644
2834 4787
2835 4954
2836 4972
2837 4562
2838 5100
2839 5457
2840 4840
2841 4962
2842 4996
2843 5544
2844 4694
2845 4729
2846 5091
2847 4963
2848 5368
2849 5928
2850 4833
2851 4582
2852 5833
2853 5078
2854 4595
2855 5220
2856 4929
2857 4611
2858 6263
2859 4778
2860 4719
2861 4962
2862 4950
2863 4834
2864 4848
2865 4892
2866 4639
2867 4839
2868 5212
2869 6336
2870 5276
2871 5708
2872 5656
2873 4826
2874 4976
2875 4714
2876 4694
2877 5017
2878 4900
2879 4956
2880 4739
2881 4974
2882 5553
2883 4939
2884 4586
2885 4457
2886 4598
2887 5098
2888 5459
2889 6206
2890 5095
2891 5201
2892 4603
2893 4594
2894 5470
2895 4552
2896 4971
2897 5504
2898 5307
2899 5326
2900 4827
2901 4844
2902 4589
2903 4955
2904 5233
2905 4677
2906 4964
2907 5020
2908 4766
2909 6342
2910 5127
2911 5177
2912 4950
2913 4838
2914 5091
2915 5835
2916 4970
2917 4951
2918 4844
2919 4721
2920 5329
2921 4832
2922 5767
2923 4663
2924 5196
2925 5214
2926 5105
2927 5316
2928 5296
2929 6131
2930 5343
2931 4824
2932 5215
2933 5651
2934 4909
2935 4956
2936 4702
2937 4962
2938 4714
2939 4715
2940 5093
2941 5456
2942 4957
2943 5072
2944 4587
2945 4477
2946 4725
2947 4868
2948 4803
2949 6380
2950 5044
2951 4823
2952 5089
2953 6084
2954 4698
2955 4964
2956 5024
2957 4791
2958 5085
2959 5444
2960 4882
2961 5176
2962 4591
2963 4947
2964 5217
2965 5216
2966 5445
2967 5223
2968 5210
2969 6452
2970 5124
2971 5183
2972 5455
2973 4600
2974 5076
2975 5582
2976 4724
2977 5202
2978 4724
2979 4698
2980 4836
2981 4981
2982 4824
2983 5077
2984 4590
2985 4715
2986 5333
2987 4836
2988 5002
2989 6619
2990 5759
2991 5221
2992 4704
2993 5337
2994 6350
2995 4701
2996 4963
2997 4596
2998 5277
2999 5013
3000 5497
3001 4552
3002 5197
3003 4716
3004 5107
3005 5823
3006 4887
3007 4658
3008 7775
3009 4886
3010 4770
3011 5655
3012 4844
3013 4579
3014 -994539
3015 6511
3016 5590
3017 4795
3018 4698
3019 5252
3020 4682
3021 5082
3022 6090
3023 5071
3024 4597
3025 5204
3026 5583
3027 5279
3028 5765
3029 5281
3030 6090
3031 4887
3032 4732
3033 5125
3034 4780
3035 4638
3036 4792
3037 5468
3038 5242
3039 5064
3040 5186
3041 4482
3042 4876
3043 4662
3044 5344
3045 5073
3046 5005
3047 4662
3048 5840
3049 4950
3050 5338
3051 5464
3052 4958
3053 4857
3054 4577
3055 6506
3056 5324
3057 5172
3058 4586
3059 5349
3060 4829
3061 4705
3062 5211
3063 4594
3064 4757
3065 5048
3066 5079
3067 6189
3068 4740
3069 4723
3070 5075
3071 4865
3072 5230
3073 5031
3074 4723
3075 8465
3076 5451
3077 4619
3078 4816
3079 5070
3080 5474
3081 4967
3082 5698
3083 6351
3084 4821
3085 4843
3086 4599
3087 6329
3088 5724
3089 4706
3090 5012
3091 5031
3092 5016
3093 4656
3094 4703
3095 5220
3096 4585
3097 5465
3098 5822
3099 4590
3100 5336
3101 5474
3102 5613
3103 4768
3104 4866
3105 4991
3106 6062
3107 4685
3108 4578
3109 4960
3110 4976
3111 5575
3112 5888
3113 5606
3114 5542
3115 5943
3116 5456
3117 5202
3118 5788
3119 4892
3120 5460
3121 6021
3122 5644
3123 5116
3124 4664
3125 5710
3126 4966
3127 5194
3128 4727
3129 4782
3130 4698
3131 5296
3132 4818
3133 4982
3134 4744
3135 5412
3136 5222
3137 4694
3138 4967
3139 5211
3140 4589
3141 4594
3142 5089
3143 5510
3144 5150
3145 4588
3146 5963
3147 5748
3148 4946
3149 4828
3150 4674
3151 4721
3152 4487
3153 5089
3154 4610
3155 4665
3156 5327
3157 4461
3158 4596
3159 4719
3160 4464
3161 5031
3162 4641
3163 4704
3164 4593
3165 5465
3166 6084
3167 4993
3168 5060
3169 5073
3170 4591
3171 4838
3172 4834
3173 4963
3174 4587
3175 4872
3176 4559
3177 5205
3178 5779
3179 5184
3180 4683
3181 4574
3182 4902
3183 4657
3184 5079
3185 4728
3186 4580
3187 6086
3188 5326
3189 5156
3190 4764
3191 4720
3192 4714
3193 5330
3194 4578
3195 5161
3196 4638
3197 4962
3198 4714
3199 4706
3200 4577
3201 5525
3202 5028
3203 4979
3204 5323
3205 5198
3206 4714
3207 6723
3208 -994298
3209 4650
3210 5134
3211 5349
3212 5103
3213 4822
3214 4744
3215 5206
3216 4943
3217 5077
3218 5322
3219 4483
3220 5198
3221 5123
3222 5297
3223 4621
3224 5043
3225 5122
3226 4659
3227 6374
3228 4677
3229 4499
3230 5543
3231 5153
3232 5768
3233 4715
3234 5198
3235 5348
3236 5211
3237 4856
3238 5078
3239 4587
3240 5217
3241 4558
3242 5231
3243 4719
3244 4972
3245 4950
3246 5087
3247 6722
3248 5086
3249 4929
3250 4733
3251 5388
3252 5035
3253 5105
3254 5067
3255 4842
3256 4585
3257 4963
3258 5348
3259 4596
3260 4705
3261 5345
3262 5765
3263 5276
3264 5092
3265 4832
3266 4708
3267 6400
3268 5392
3269 6377
3270 4668
3271 5231
3272 5324
3273 5627
3274 5398
3275 4608
3276 4943
3277 4587
3278 5712
3279 5336
3280 4591
3281 4618
3282 4702
3283 4554
3284 4995
3285 4875
3286 5404
3287 6207
3288 4583
3289 6019
3290 5028
3291 4830
3292 4724
3293 5193
3294 5731
3295 4590
3296 4723
3297 5529
3298 4752
3299 4977
3300 5704
3301 4701
3302 5902
3303 5158
3304 5095
3305 5076
3306 5693
3307 5455
3308 4969
3309 4839
3310 4589
3311 5218
3312 5329
3313 4948
3314 5211
3315 4971
3316 5135
3317 5155
3318 5778
3319 4858
3320 5748
3321 5719
3322 4585
3323 4938
3324 4742
3325 5075
3326 5715
3327 4966
3328 5081
3329 4598
3330 4830
3331 4713
3332 5571
3333 5090
3334 4966
3335 4972
3336 4835
3337 4705
3338 4950
3339 4588
3340 4590
3341 4710
3342 4715
3343 5322
3344 4717
3345 5098
3346 4586
3347 5585
3348 5358
3349 4564
3350 5225
3351 4961
3352 5830
3353 5220
3354 4581
3355 5886
3356 4664
3357 4696
3358 4958
3359 5146
3360 5039
3361 4962
3362 5512
3363 4789
3364 5213
3365 5205
3366 6598
3367 5191
3368 5089
3369 4836
3370 5104
3371 4953
3372 4951
3373 4714
3374 4722
3375 5076
3376 5211
3377 4725
3378 5333
3379 4699
3380 4967
3381 4587
3382 5209
3383 5649
3384 4671
3385 4704
3386 4588
3387 6588
3388 4721
3389 4703
3390 4742
3391 5056
3392 5081
3393 4975
3394 5078
3395 4963
3396 4824
3397 4717
3398 5005
3399 5159
3400 5099
3401 5204
3402 4836
3403 5473
3404 -995168
3405 4831
3406 4587
3407 6702
3408 4847
3409 4585
3410 4903
3411 4757
3412 4962
3413 4983
3414 6329
3415 4737
3416 5308
3417 4579
3418 4841
3419 4582
3420 5406
3421 4657
3422 4717
3423 4949
3424 4468
3425 5085
3426 5210
3427 6089
3428 4700
3429 5154
3430 4909
3431 5755
3432 4656
3433 4733
3434 5189
3435 4696
3436 4993
3437 4584
3438 4579
3439 4600
3440 5573
3441 4588
3442 4595
3443 4705
3444 4850
3445 4949
3446 5093
3447 4455
3448 5710
3449 4708
3450 5095
3451 4889
3452 5026
3453 5087
3454 5268
3455 5430
3456 4931
3457 4473
3458 4583
3459 5386
3460 5400
3461 4593
3462 5026
3463 4841
3464 4643
3465 4733
3466 5440
3467 5203
3468 6337
3469 4837
3470 4842
3471 4955
3472 4585
3473 5024
3474 4781
3475 4608
3476 4699
3477 4728
3478 4553
3479 5452
3480 5102
3481 4825
3482 4585
3483 4848
3484 4954
3485 5087
3486 4716
3487 5515
3488 6544
3489 5607
3490 4688
3491 4574
3492 4586
3493 4721
3494 4704
3495 4471
3496 4757
3497 5531
3498 4837
3499 4715
3500 4965
3501 4972
3502 6331
3503 4707
3504 4594
3505 5299
3506 4865
3507 5598
3508 4580
3509 6392
3510 4665
3511 4689
3512 4976
3513 4830
3514 4853
3515 5182
3516 5084
3517 4840
3518 5343
3519 4711
3520 5823
3521 4840
3522 5087
3523 5337
3524 5406
3525 4780
3526 4947
3527 5119
3528 7149
3529 5209
3530 4924
3531 4645
3532 4848
3533 4710
3534 6203
3535 4711
3536 4634
3537 4549
3538 4710
3539 4709
3540 4587
3541 4588
3542 4725
3543 4967
3544 5073
3545 5636
3546 5106
3547 5511
3548 5461
3549 5854
3550 4940
3551 5463
3552 4843
3553 5334
3554 5270
3555 4794
3556 4831
3557 4573
3558 5340
3559 4962
3560 4718
3561 4995
3562 4936
3563 4825
3564 4667
3565 5011
3566 4710
3567 4843
3568 4711
3569 7480
3570 4441
3571 5215
3572 4465
3573 4596
3574 4582
3575 5464
3576 5826
3577 4585
3578 4715
3579 4623
3580 4537
3581 5323
3582 4963
3583 4775
3584 5839
3585 5020
3586 4841
3587 5305
3588 4622
3589 6703
3590 4947
3591 5148
3592 5408
3593 5206
3594 5203
3595 5089
3596 4719
3597 5342
3598 4951
3599 4962
3600 5346
3601 -995173
3602 6144
3603 4916
3604 4697
3605 5338
3606 5234
3607 5349
3608 4682
3609 5706
3610 4582
3611 4721
3612 4586
3613 4831
3614 4810
3615 5371
3616 5448
3617 4838
3618 5349
3619 4954
3620 5404
3621 4661
3622 4898
3623 5140
3624 4958
3625 4829
3626 5220
3627 5025
3628 4951
3629 7708
3630 5303
3631 5184
3632 5082
3633 5749
3634 4678
3635 5697
3636 5215
3637 4712
3638 5089
3639 4725
3640 5702
3641 5088
3642 5339
3643 5332
3644 4827
3645 5209
3646 5596
3647 4689
3648 6463
3649 4975
3650 4591
3651 6290
3652 5132
3653 5461
3654 4967
3655 4713
3656 4711
3657 4594
3658 4703
3659 5090
3660 4854
3661 5786
3662 4937
3663 4783
3664 5519
3665 4780
3666 5424
3667 4854
3668 6109
3669 5326
3670 4453
3671 4825
3672 4590
3673 4589
3674 5469
3675 4840
3676 5323
3677 5173
3678 4760
3679 6012
3680 6030
3681 4588
3682 5199
3683 4589
3684 5092
3685 4593
3686 5590
3687 4818
3688 5623
3689 4558
3690 4577
3691 4956
3692 4737
3693 5130
3694 4890
3695 5589
3696 5216
3697 5212
3698 5780
3699 4639
3700 4721
3701 6237
3702 5308
3703 5212
3704 4721
3705 5455
3706 5262
3707 4830
3708 5416
3709 5575
3710 4894
3711 4927
3712 4571
3713 4699
3714 4712
3715 5398
3716 4675
3717 4597
3718 5192
3719 5519
3720 4771
3721 4833
3722 4973
3723 4830
3724 5228
3725 5195
3726 4839
3727 5161
3728 6264
3729 4481
3730 5193
3731 5838
3732 5221
3733 5219
3734 5200
3735 5219
3736 5355
3737 5166
3738 5342
3739 5464
3740 5581
3741 5191
3742 5124
3743 4715
3744 5324
3745 5584
3746 4587
3747 5973
3748 4885
3749 5009
3750 4712
3751 5029
3752 4916
3753 5829
3754 4585
3755 5594
3756 4959
3757 4585
3758 4976
3759 5016
3760 5054
3761 4964
3762 4824
3763 4952
3764 5460
3765 4842
3766 4687
3767 6099
3768 5475
3769 4754
3770 4653
3771 4701
3772 5086
3773 5722
3774 4576
3775 4720
3776 4980
3777 5066
3778 6331
3779 4716
3780 6008
3781 5161
3782 5205
3783 5577
3784 5364
3785 5707
3786 5204
3787 5835
3788 5843
3789 5325
3790 5342
3791 4704
3792 5216
3793 4723
3794 -995540
3795 4577
3796 4594
3797 5339
3798 5128
3799 5043
3800 5220
3801 4701
3802 4576
3803 4888
3804 5034
3805 5335
3806 4831
3807 5455
3808 4957
3809 5337
3810 5521
3811 5697
3812 5947
3813 5312
3814 4704
3815 4839
3816 5776
3817 4803
3818 5626
3819 6275
3820 4821
3821 4951
3822 5219
3823 5088
3824 4958
3825 4582
3826 6702
3827 5398
3828 5163
3829 4892
3830 4914
3831 5068
3832 5393
3833 4933
3834 4786
3835 5012
3836 5176
3837 4634
3838 5385
3839 5078
3840 4798
3841 4696
3842 4581
3843 4713
3844 5092
3845 4705
3846 5592
3847 5468
3848 5081
3849 4837
3850 4842
3851 4581
3852 5090
3853 4717
3854 5201
3855 5709
3856 5345
3857 4724
3858 4825
3859 5212
3860 4976
3861 4574
3862 5698
3863 4722
3864 4887
3865 5085
3866 6308
3867 4812
3868 5200
3869 5796
3870 4760
3871 5469
3872 4808
3873 4854
3874 4853
3875 4572
3876 5214
3877 5611
3878 5563
3879 4846
3880 4729
3881 4806
3882 4776
3883 4778
3884 5086
3885 4611
3886 6065
3887 4590
3888 5247
3889 4804
3890 5382
3891 5060
3892 4955
3893 4839
3894 4965
3895 4839
3896 4569
3897 4646
3898 4807
3899 5237
3900 4671
3901 5315
3902 4598
3903 5006
3904 4967
3905 5157
3906 4951
3907 6216
3908 5095
3909 4827
3910 4713
3911 5490
3912 5061
3913 4823
3914 4615
3915 4576
3916 4729
3917 5248
3918 5403
3919 5570
3920 4860
3921 5502
3922 5540
3923 4830
3924 4575
3925 4855
3926 4883
3927 6031
3928 5450
3929 4841
3930 6086
3931 4601
3932 5342
3933 4817
3934 5087
3935 4864
3936 5062
3937 4842
3938 4935
3939 4598
3940 5075
3941 4730
3942 4475
3943 4582
3944 4712
3945 5860
3946 4565
3947 6585
3948 4591
3949 5087
3950 5518
3951 4913
3952 4953
3953 4712
3954 4827
3955 4587
3956 4853
3957 4851
3958 5488
3959 4790
3960 5513
3961 4819
3962 4685
3963 5452
3964 5455
3965 4885
3966 4657
3967 5964
3968 4593
3969 5343
3970 4705
3971 5454
3972 5346
3973 4954
3974 5340
3975 4971
3976 4709
3977 4575
3978 4731
3979 6067
3980 4956
3981 5481
3982 5175
3983 4585
3984 4586
3985 5217
3986 4709
3987 5972
3988 4576
3989 4963
3990 -995405
3991 5206
3992 5242
3993 5486
3994 4783
3995 4588
3996 5269
3997 4661
3998 4733
3999 4865
4000 5151
4001 4451
4002 4462
4003 5471
4004 5212
4005 6340
4006 4824
4007 5976
4008 4591
4009 5210
4010 5592
4011 5320
4012 5173
4013 4630
4014 5216
4015 4792
4016 4742
4017 4900
4018 5233
4019 4754
4020 5089
4021 4611
4022 5330
4023 4819
4024 4596
4025 4589
4026 4946
4027 7101
4028 4702
4029 4851
4030 5082
4031 4827
4032 4710
4033 6029
4034 5144
4035 5106
4036 4953
4037 5089
4038 4718
4039 4800
4040 4464
4041 4596
4042 4826
4043 4983
4044 4487
4045 4688
4046 4579
4047 4711
4048 6468
4049 4841
4050 5085
4051 4955
4052 5587
4053 4461
4054 4720
4055 4949
4056 5005
4057 5431
4058 4700
4059 4838
4060 4722
4061 5398
4062 5522
4063 4950
4064 5713
4065 4721
4066 5327
4067 4716
4068 6090
4069 4959
4070 5022
4071 5408
4072 4957
4073 4838
4074 4473
4075 4585
4076 5328
4077 4589
4078 5343
4079 4825
4080 4595
4081 4587
4082 4948
4083 5091
4084 5486
4085 5189
4086 6141
4087 4669
4088 6083
4089 4609
4090 4819
4091 5075
4092 5109
4093 4822
4094 4583
4095 4717
4096 4708
4097 4707
4098 4702
4099 5085
4100 4462
4101 5383
4102 4807
4103 4946
4104 4865
4105 4837
4106 4568
4107 5588
4108 4595
4109 5960
4110 5555
4111 4894
4112 4573
4113 5373
4114 4910
4115 5349
4116 6270
4117 4650
4118 5579
4119 4858
4120 5207
4121 4755
4122 6040
4123 4989
4124 4877
4125 4886
4126 4922
4127 4881
4128 5862
4129 4556
4130 4604
4131 4688
4132 4600
4133 4571
4134 4847
4135 4857
4136 4963
4137 5440
4138 4575
4139 4586
4140 5349
4141 4755
4142 6039
4143 5201
4144 4838
4145 4731
4146 5817
4147 4981
4148 5579
4149 5593
4150 4707
4151 4451
4152 5212
4153 4604
4154 5015
4155 4832
4156 4779
4157 4704
4158 4835
4159 5094
4160 4599
4161 4750
4162 4956
4163 4659
4164 4712
4165 4469
4166 4738
4167 4979
4168 6164
4169 6220
4170 5011
4171 4650
4172 5719
4173 4951
4174 4973
4175 5107
4176 4547
4177 4588
4178 4573
4179 4524
4180 5279
4181 5269
4182 4777
4183 5101
4184 4893
4185 5018
4186 5210
4187 5095
4188 -994546
4189 4595
4190 6206
4191 4704
4192 4713
4193 6096
4194 5083
4195 4583
4196 4584
4197 5458
4198 4823
4199 5015
4200 5192
4201 4953
4202 5597
4203 4710
4204 4701
4205 4893
4206 5407
4207 5142
4208 5088
4209 4540
4210 5955
4211 4585
4212 4717
4213 5206
4214 4984
4215 5172
4216 4711
4217 5083
4218 4489
4219 5381
4220 5917
4221 4700
4222 4590
4223 4949
4224 4715
4225 5460
4226 5396
4227 5181
4228 4929
4229 4995
4230 6429
4231 4585
4232 4967
4233 5469
4234 4580
4235 4617
4236 5835
4237 4924
4238 4963
4239 4715
4240 4750
4241 5025
4242 5713
4243 5089
4244 6347
4245 4701
4246 4841
4247 4839
4248 4717
4249 4704
4250 5726
4251 4573
4252 4711
4253 4741
4254 4869
4255 5290
4256 4705
4257 5081
4258 6049
4259 4628
4260 4575
4261 4963
4262 5579
4263 4856
4264 6086
4265 4972
4266 5203
4267 4961
4268 5224
4269 4846
4270 5818
4271 4969
4272 4767
4273 4825
4274 5327
4275 5407
4276 5462
4277 4750
4278 4944
4279 4579
4280 5256
4281 5046
4282 4952
4283 4853
4284 5072
4285 5088
4286 5030
4287 5599
4288 4885
4289 5086
4290 5464
4291 5713
4292 6364
4293 4682
4294 5073
4295 5088
4296 4723
4297 6161
4298 5132
4299 4452
4300 4831
4301 6156
4302 5146
4303 4484
4304 4577
4305 5215
4306 4595
4307 4747
4308 5533
4309 6906
4310 5653
4311 5334
4312 5129
4313 5049
4314 4575
4315 4840
4316 4966
4317 4584
4318 4575
4319 4589
4320 5106
4321 4747
4322 4554
4323 4622
4324 4652
4325 4599
4326 4743
4327 4800
4328 5587
4329 5459
4330 6325
4331 4714
4332 4595
4333 4590
4334 5082
4335 4700
4336 4600
4337 4712
4338 4822
4339 5091
4340 4604
4341 4818
4342 4713
4343 4588
4344 4715
4345 5345
4346 4844
4347 5329
4348 4891
4349 5780
4350 6089
4351 4850
4352 4575
4353 4724
4354 5204
4355 4696
4356 4894
4357 5412
4358 4576
4359 5219
4360 4605
4361 4698
4362 4694
4363 4962
4364 4712
4365 4596
4366 4793
4367 5385
4368 4574
4369 4715
4370 4587
4371 5714
4372 5224
4373 4988
4374 5305
4375 4949
4376 5350
4377 5324
4378 4619
4379 4811
4380 4825
4381 5019
4382 5407
4383 4964
4384 -994660
4385 5346
4386 4948
4387 4588
4388 4587
4389 4842
4390 4723
4391 6583
4392 4888
4393 4656
4394 5200
4395 5209
4396 5283
4397 4899
4398 4950
4399 5217
4400 5209
4401 5345
4402 5390
4403 5273
4404 4843
4405 5589
4406 5453
4407 4765
4408 5047
4409 5076
4410 5023
4411 6043
4412 5355
4413 4831
4414 4690
4415 5326
4416 4721
4417 4758
4418 4655
4419 4721
4420 4745
4421 4922
4422 4962
4423 4844
4424 4841
4425 5591
4426 4952
4427 5452
4428 4591
4429 5451
4430 4624
4431 5933
4432 4674
4433 4719
4434 5212
4435 4610
4436 4826
4437 4829
4438 4463
4439 4768
4440 5037
4441 4824
4442 4463
4443 6615
4444 9121
4445 4663
4446 5644
4447 5406
4448 4838
4449 5483
4450 5824
4451 5189
4452 4495
4453 4571
4454 4840
4455 4723
4456 4573
4457 5467
4458 5346
4459 4698
4460 5086
4461 4588
4462 5841
4463 4965
4464 5586
4465 5333
4466 4836
4467 4842
4468 4714
4469 5099
4470 6829
4471 4961
4472 4577
4473 5342
4474 5167
4475 5257
4476 4709
4477 4825
4478 5342
4479 5211
4480 4958
4481 4755
4482 5444
4483 4823
4484 5267
4485 5595
4486 4646
4487 4713
4488 5481
4489 4945
4490 5705
4491 5491
4492 4668
4493 4471
4494 4832
4495 6356
4496 4686
4497 4589
4498 4962
4499 4605
4500 4973
4501 4822
4502 4714
4503 5965
4504 4971
4505 5227
4506 4816
4507 4701
4508 5094
4509 5082
4510 6527
4511 5646
4512 5206
4513 5099
4514 5324
4515 5199
4516 4967
4517 5222
4518 5883
4519 5150
4520 4662
4521 4767
4522 4580
4523 5281
4524 6015
4525 4577
4526 4712
4527 4964
4528 5151
4529 4781
4530 5714
4531 5068
4532 4841
4533 4841
4534 4844
4535 4827
4536 4706
4537 5291
4538 4765
4539 4722
4540 4830
4541 6132
4542 5311
4543 5057
4544 4965
4545 6777
4546 5148
4547 4596
4548 4992
4549 6040
4550 7201
4551 5094
4552 5218
4553 5085
4554 4725
4555 4578
4556 5210
4557 5373
4558 5675
4559 4593
4560 4605
4561 4570
4562 5577
4563 4835
4564 5713
4565 5087
4566 6545
4567 10129
4568 7268
4569 5783
4570 5082
4571 5092
4572 5452
4573 4709
4574 4840
4575 4835
4576 -995410
4577 4470
4578 4498
4579 4792
4580 4842
4581 4828
4582 4466
4583 4617
4584 4593
4585 4958
4586 4819
4587 5101
4588 6324
4589 4906
4590 5278
4591 4823
4592 4730
4593 4946
4594 5514
4595 5299
4596 4701
4597 4589
4598 5339
4599 4709
4600 4589
4601 4868
4602 4559
4603 4960
4604 4716
4605 5251
4606 4778
4607 4820
4608 5343
4609 5998
4610 6063
4611 6297
4612 4739
4613 4723
4614 4950
4615 4586
4616 4720
4617 4715
4618 4700
4619 4723
4620 4831
4621 4773
4622 5141
4623 4837
4624 4719
4625 4778
4626 4646
4627 4726
4628 4701
4629 6474
4630 4704
4631 4953
4632 4990
4633 4818
4634 5075
4635 4591
4636 4593
4637 4952
4638 4475
4639 4585
4640 4823
4641 5590
4642 4961
4643 4962
4644 4596
4645 4588
4646 4737
4647 4669
4648 5071
4649 5212
4650 6218
4651 4486
4652 5710
4653 5624
4654 5060
4655 4577
4656 4713
4657 4606
4658 5088
4659 5196
4660 4713
4661 5092
4662 4959
4663 4974
4664 4846
4665 4820
4666 4705
4667 4950
4668 5245
4669 5190
4670 5591
4671 4951
4672 4589
4673 5088
4674 5588
4675 4574
4676 4610
4677 4825
4678 5109
4679 5441
4680 4838
4681 4592
4682 4715
4683 4824
4684 5110
4685 4818
4686 4738
4687 4941
4688 5073
4689 5342
4690 6291
4691 4878
4692 5161
4693 4630
4694 5347
4695 5206
4696 5538
4697 5009
4698 5770
4699 5409
4700 4575
4701 5086
4702 6222
4703 4617
4704 5027
4705 5133
4706 4942
4707 4695
4708 5149
4709 5051
4710 5816
4711 4720
4712 4706
4713 4989
4714 4563
4715 4965
4716 4600
4717 4592
4718 4586
4719 4680
4720 5170
4721 5466
4722 4776
4723 4941
4724 5265
4725 4813
4726 5715
4727 5441
4728 5141
4729 4904
4730 5989
4731 4949
4732 5824
4733 4967
4734 4578
4735 5590
4736 4599
4737 4950
4738 5337
4739 6343
4740 4588
4741 5397
4742 4658
4743 4826
4744 4709
4745 4589
4746 4980
4747 5455
4748 5210
4749 4706
4750 6700
4751 4713
4752 5464
4753 4615
4754 4690
4755 4826
4756 4712
4757 4836
4758 5458
4759 5370
4760 4682
4761 4853
4762 4819
4763 5595
4764 5237
4765 5933
4766 5231
4767 5305
4768 4722
4769 5575
4770 6343
4771 4587
4772 4757
4773 4906
4774 -995406
4775 5088
4776 4831
4777 5017
4778 4789
4779 4824
4780 6464
4781 4762
4782 5038
4783 5264
4784 5040
4785 4948
4786 5713
4787 5239
4788 5073
4789 4697
4790 6345
4791 5136
4792 4774
4793 5130
4794 4677
4795 4711
4796 5336
4797 4828
4798 4588
4799 5969
4800 4951
4801 5466
4802 5355
4803 4703
4804 5211
4805 4701
4806 5476
4807 4758
4808 5032
4809 5073
4810 5844
4811 4597
4812 5326
4813 5396
4814 5182
4815 4866
4816 5279
4817 5783
4818 5143
4819 5110
4820 4812
4821 4730
4822 4672
4823 4854
4824 5442
4825 4595
4826 4705
4827 4585
4828 5085
4829 4710
4830 5966
4831 5076
4832 4773
4833 4792
4834 6073
4835 5254
4836 4925
4837 5096
4838 4701
4839 5086
4840 4529
4841 4785
4842 5332
4843 4577
4844 4844
4845 5024
4846 5016
4847 4701
4848 4713
4849 4722
4850 5584
4851 5451
4852 4840
4853 4471
4854 4578
4855 5096
4856 4454
4857 4721
4858 5336
4859 5341
4860 4963
4861 4841
4862 4582
4863 4965
4864 4574
4865 4906
4866 4961
4867 4650
4868 5698
4869 4720
4870 4773
4871 5773
4872 5008
4873 5331
4874 5033
4875 4749
4876 5308
4877 4587
4878 5325
4879 5595
4880 4579
4881 4761
4882 5461
4883 4914
4884 4701
4885 4969
4886 5205
4887 5532
4888 4898
4889 4826
4890 4706
4891 6099
4892 4573
4893 5877
4894 4981
4895 5028
4896 4836
4897 5463
4898 5770
4899 4776
4900 5982
4901 4876
4902 4795
4903 4691
4904 5081
4905 4593
4906 4704
4907 4700
4908 4590
4909 4718
4910 5456
4911 5971
4912 4709
4913 4717
4914 4732
4915 6372
4916 4782
4917 5822
4918 5211
4919 4954
4920 5214
4921 5259
4922 4852
4923 5452
4924 4831
4925 4660
4926 4581
4927 5711
4928 4972
4929 4955
4930 5962
4931 5336
4932 5084
4933 4836
4934 5346
4935 5331
4936 4696
4937 5214
4938 5213
4939 4589
4940 4707
4941 4873
4942 4938
4943 5252
4944 5101
4945 4519
4946 4701
4947 5214
4948 5410
4949 5387
4950 4587
4951 6650
4952 4648
4953 4716
4954 4718
4955 4824
4956 4588
4957 5719
4958 5205
4959 5649
4960 5078
4961 5050
4962 4827
4963 4584
4964 4719
4965 4759
4966 4540
4967 4844
4968 6444
4969 4715
4970 -995291
4971 6382
4972 4796
4973 4884
4974 4779
4975 4590
4976 4711
4977 4468
4978 5340
4979 4727
4980 4937
4981 5095
4982 5027
4983 5212
4984 5270
4985 5455
4986 5079
4987 4967
4988 5216
4989 5204
4990 4602
4991 6642
4992 5386
4993 4965
4994 5085
4995 5542
4996 4630
4997 4962
4998 4975
4999 4962
5000 5470
5001 5459
5002 4785
5003 4614
5004 5312
5005 4886
5006 4777
5007 4847
5008 4713
5009 4837
5010 5094
5011 5710
5012 5892
5013 4542
5014 4571
5015 5323
5016 4714
5017 4717
5018 4838
5019 4711
5020 4950
5021 4724
5022 4726
5023 5084
5024 4893
5025 4835
5026 4811
5027 5440
5028 4567
5029 5776
5030 4764
5031 162571
5032 4821
5033 5380
5034 5574
5035 5843
5036 4581
5037 5132
5038 4878
5039 4888
5040 4710
5041 5963
5042 4734
5043 4973
5044 4872
5045 5142
5046 4584
5047 5337
5048 4483
5049 4926
5050 4858
5051 4590
5052 4584
5053 4588
5054 5529
5055 4774
5056 5744
5057 5991
5058 5285
5059 5079
5060 4839
5061 5981
5062 4712
5063 5196
5064 4841
5065 5089
5066 5215
5067 4579
5068 5115
5069 216255
5070 6848
5071 5419
5072 4842
5073 4575
5074 4586
5075 4967
5076 5072
5077 4833
5078 4720
5079 6696
5080 5097
5081 4713
5082 5837
5083 4727
5084 4792
5085 4974
5086 4957
5087 4950
5088 5987
5089 6058
5090 5018
5091 5298
5092 5135
5093 4644
5094 -994975
5095 4696
5096 4543
5097 221043
5098 6001
5099 5208
5100 4830
5101 5100
5102 6479
5103 4976
5104 5219
5105 4830
5106 5644
5107 5157
5108 5328
5109 4823
5110 4602
5111 4454
5112 4593
5113 4584
5114 5395
5115 4780
5116 4706
5117 6201
5118 4652
5119 5401
5120 4960
5121 5341
5122 4696
5123 4978
5124 -343195
5125 6103
5126 4708
5127 4609
5128 5063
5129 6535
5130 5805
5131 4657
5132 5103
5133 5435
5134 4950
5135 5358
5136 5076
5137 4572
5138 4738
5139 4665
5140 5099
5141 5269
5142 5034
5143 5698
5144 4470
5145 6021
5146 5261
5147 5648
5148 558335
5149 5054
5150 5187
5151 5011
5152 4893
5153 5194
5154 4845
5155 5138
5156 5755
5157 4868
5158 5435
5159 4949
5160 5012
5161 4890
5162 5076
5163 5097
5164 6755
5165 7217
5166 4894
5167 4702
5168 5123
5169 4977
5170 4760
5171 4956
5172 5345
5173 4687
5174 5146
5175 5055
5176 4928
5177 4923
5178 5995
5179 5256
5180 4761
5181 4831
5182 5239
5183 5084
5184 4839
5185 6782
5186 4974
5187 5185
5188 4783
5189 4891
5190 4847
5191 4960
5192 5136
5193 4836
5194 4907
5195 5077
5196 5466
5197 5272
5198 5659
5199 5320
5200 5274
5201 5526
5202 5226
5203 4965
5204 6222
5205 -995189
5206 4837
5207 5155
5208 4927
5209 5679
5210 5339
5211 5095
5212 5643
5213 5155
5214 4953
5215 4975
5216 6132
5217 4776
5218 5192
5219 5975
5220 4839
5221 5452
5222 5076
5223 5469
5224 5893
5225 5468
5226 4958
5227 4769
5228 4840
5229 4837
5230 5201
5231 4738
5232 5699
5233 5132
5234 4919
5235 5309
5236 4751
5237 5684
5238 4952
5239 5268
5240 4892
5241 5511
5242 5397
5243 5833
5244 5598
5245 4452
5246 5076
5247 4844
5248 4582
5249 4703
5250 4584
5251 5089
5252 4456
5253 4609
5254 5027
5255 4646
5256 5448
5257 4863
5258 4815
5259 4710
5260 4766
5261 4786
5262 4826
5263 5096
5264 5833
5265 6143
5266 5152
5267 4713
5268 4711
5269 4721
5270 4833
5271 4591
5272 4590
5273 4823
5274 4717
5275 5467
5276 5581
5277 5256
5278 4911
5279 5206
5280 4757
5281 4655
5282 4975
5283 4949
5284 6473
5285 5950
5286 4833
5287 4587
5288 4590
5289 4973
5290 4708
5291 5198
5292 4585
5293 5277
5294 5160
5295 4566
5296 5080
5297 5201
5298 4473
5299 5215
5300 4713
5301 5095
5302 4711
5303 5216
5304 4586
5305 5594
5306 4953
5307 5277
5308 4949
5309 5227
5310 4648
5311 4840
5312 4960
5313 4602
5314 4892
5315 4520
5316 6093
5317 5752
5318 4833
5319 4845
5320 5141
5321 5253
5322 5051
5323 4723
5324 7310
5325 4841
5326 5085
5327 5103
5328 4820
5329 5091
5330 5040
5331 5009
5332 4464
5333 4765
5334 5280
5335 5173
5336 4575
5337 5338
5338 5089
5339 4567
5340 4987
5341 4762
5342 5421
5343 5571
5344 6707
5345 5875
5346 5683
5347 4700
5348 5088
5349 4719
5350 5329
5351 4600
5352 4572
5353 4713
5354 5231
5355 5071
5356 4585
5357 5099
5358 4458
5359 4947
5360 4703
5361 4729
5362 4455
5363 4888
5364 5046
5365 6076
5366 4844
5367 4834
5368 4769
5369 4914
5370 4848
5371 5076
5372 4859
5373 5000
5374 5070
5375 5670
5376 4578
5377 4622
5378 4808
5379 4833
5380 4704
5381 4977
5382 4708
5383 4823
5384 4467
5385 6336
5386 5179
5387 5253
5388 5078
5389 5206
5390 4787
5391 4760
5392 5210
5393 4768
5394 4800
5395 5986
5396 4906
5397 4710
5398 4717
5399 4960
5400 4998
5401 -995262
5402 5022
5403 4988
5404 4815
5405 4467
5406 5595
5407 5150
5408 4762
5409 4963
5410 4716
5411 4835
5412 5098
5413 4837
5414 5506
5415 4776
5416 5270
5417 5188
5418 4991
5419 5171
5420 4745
5421 5275
5422 4590
5423 4963
5424 4969
5425 4591
5426 5950
5427 4965
5428 5715
5429 5392
5430 5161
5431 4593
5432 4598
5433 4811
5434 4854
5435 4958
5436 5088
5437 5094
5438 4949
5439 4834
5440 4896
5441 5096
5442 4522
5443 4835
5444 4952
5445 4594
5446 5960
5447 4701
5448 5223
5449 4976
5450 4436
5451 5026
5452 5167
5453 4575
5454 4598
5455 4581
5456 5078
5457 5221
5458 4580
5459 4579
5460 4961
5461 4880
5462 5058
5463 4575
5464 4713
5465 5584
5466 4719
5467 6847
5468 4840
5469 4571
5470 5961
5471 5305
5472 4498
5473 4973
5474 5010
5475 5152
5476 5208
5477 4855
5478 5202
5479 5661
5480 4763
5481 4601
5482 4823
5483 5091
5484 4835
5485 4980
5486 4699
5487 5841
5488 5949
5489 4847
5490 5327
5491 4591
5492 5866
5493 4693
5494 5206
5495 5317
5496 5061
5497 4751
5498 4840
5499 4565
5500 4711
5501 4836
5502 5632
5503 4800
5504 4465
5505 4701
5506 4590
5507 6094
5508 5081
5509 4607
5510 5079
5511 4712
5512 4973
5513 4719
5514 5499
5515 4894
5516 4598
5517 4828
5518 4963
5519 5138
5520 4776
5521 4589
5522 4980
5523 4701
5524 5009
5525 4903
5526 5839
5527 6501
5528 4806
5529 5642
5530 4831
5531 5287
5532 5091
5533 5584
5534 4757
5535 5025
5536 4851
5537 5209
5538 5576
5539 5205
5540 4720
5541 4825
5542 4590
5543 4974
5544 4582
5545 5262
5546 4968
5547 7024
5548 4956
5549 5083
5550 5014
5551 4684
5552 5084
5553 5444
5554 4761
5555 5098
5556 5392
5557 4967
5558 4713
5559 5910
5560 4632
5561 6084
5562 4593
5563 4585
5564 4598
5565 4834
5566 4698
5567 6095
5568 5142
5569 4908
5570 5337
5571 5574
5572 4455
5573 4830
5574 4459
5575 5119
5576 4688
5577 4711
5578 5230
5579 4569
5580 5211
5581 4585
5582 4592
5583 5076
5584 5094
5585 5580
5586 5223
5587 6216
5588 5147
5589 4520
5590 4577
5591 4595
5592 4585
5593 5699
5594 5090
5595 4711
5596 4958
5597 4766
5598 4896
5599 -994159
5600 5079
5601 5344
5602 5077
5603 4583
5604 4782
5605 4780
5606 4824
5607 4710
5608 5973
5609 4583
5610 5093
5611 4768
5612 5660
5613 5073
5614 5082
5615 5107
5616 4819
5617 6459
5618 4845
5619 5461
5620 5197
5621 5089
5622 4965
5623 5467
5624 4967
5625 5358
5626 5165
5627 7580
5628 5103
5629 4587
5630 4668
5631 4645
5632 4695
5633 5736
5634 5076
5635 4591
5636 4883
5637 4913
5638 4578
5639 4845
5640 4630
5641 4784
5642 4583
5643 4592
5644 4586
5645 5210
5646 5822
5647 5214
5648 5958
5649 4962
5650 4715
5651 4455
5652 5116
5653 5303
5654 5357
5655 6695
5656 4705
5657 5086
5658 4719
5659 5085
5660 4738
5661 4941
5662 4688
5663 5205
5664 5464
5665 4599
5666 5485
5667 6082
5668 5554
5669 4825
5670 4981
5671 4944
5672 4558
5673 4746
5674 5446
5675 5842
5676 4644
5677 6044
5678 4840
5679 5191
5680 4703
5681 4596
5682 4955
5683 5522
5684 4848
5685 5646
5686 5863
5687 5822
5688 4824
5689 4581
5690 4824
5691 4572
5692 4483
5693 4961
5694 5201
5695 5212
5696 5110
5697 4563
5698 4592
5699 5207
5700 5465
5701 5146
5702 4768
5703 4845
5704 5212
5705 5843
5706 5838
5707 5852
5708 4824
5709 4726
5710 4669
5711 4817
5712 4841
5713 4716
5714 4798
5715 4751
5716 5203
5717 6099
5718 4957
5719 4595
5720 4808
5721 5099
5722 4588
5723 4832
5724 4730
5725 4948
5726 5103
5727 7028
5728 4796
5729 4671
5730 4585
5731 4574
5732 4589
5733 4466
5734 4578
5735 4967
5736 4604
5737 4574
5738 4589
5739 4830
5740 5087
5741 4456
5742 4701
5743 4588
5744 4714
5745 5597
5746 5888
5747 5027
5748 5977
5749 4853
5750 4663
5751 4710
5752 4972
5753 4829
5754 5703
5755 5464
5756 5220
5757 6842
5758 10070
5759 6964
5760 8675
5761 5754
5762 7005
5763 4852
5764 4903
5765 7087
5766 4826
5767 4688
5768 5467
5769 4710
5770 4465
5771 6475
5772 5509
5773 4779
5774 6490
5775 5170
5776 4589
5777 5026
5778 5669
5779 6326
5780 8216
5781 4586
5782 5742
5783 4816
5784 5946
5785 4940
5786 5966
5787 5265
5788 5054
5789 5277
5790 -994640
5791 4982
5792 5343
5793 5124
5794 5622
5795 4928
5796 6448
5797 6226
5798 5326
5799 6896
5800 7288
5801 5831
5802 6209
5803 4817
5804 4708
5805 5836
5806 5081
5807 4890
5808 4766
5809 5221
5810 5010
5811 5037
5812 4696
5813 4603
5814 4725
5815 5326
5816 4576
5817 5092
5818 5681
5819 6304
5820 5010
5821 5124
5822 5708
5823 5162
5824 4952
5825 5651
5826 4851
5827 4896
5828 5095
5829 4812
5830 5828
5831 5071
5832 6128
5833 4688
5834 5351
5835 4579
5836 4826
5837 6063
5838 4809
5839 5028
5840 4692
5841 6574
5842 4985
5843 4823
5844 4451
5845 5127
5846 5198
5847 5323
5848 5983
5849 5057
5850 5464
5851 6515
5852 5538
5853 7151
5854 4916
5855 6303
5856 4841
5857 4588
5858 5319
5859 4771
5860 6427
5861 5309
5862 4711
5863 6358
5864 5441
5865 4713
5866 4573
5867 4603
5868 4733
5869 4831
5870 4704
5871 4714
5872 4838
5873 4588
5874 5253
5875 5211
5876 4715
5877 4664
5878 4965
5879 4821
5880 6082
5881 5455
5882 5104
5883 5207
5884 4589
5885 5249
5886 4807
5887 4713
5888 4947
5889 5842
5890 4712
5891 4994
5892 5034
5893 4843
5894 4827
5895 4713
5896 5316
5897 5783
5898 5490
5899 5664
5900 5952
5901 4902
5902 5277
5903 5264
5904 4969
5905 6029
5906 4942
5907 4963
5908 6715
5909 5344
5910 5218
5911 4946
5912 4701
5913 4590
5914 4840
5915 4716
5916 5396
5917 5678
5918 5564
5919 6313
5920 5136
5921 4797
5922 6341
5923 4579
5924 4565
5925 4602
5926 5201
5927 4964
5928 5223
5929 5333
5930 5327
5931 5586
5932 4967
5933 4696
5934 4886
5935 5615
5936 4635
5937 4709
5938 4825
5939 5606
5940 4752
5941 4802
5942 5202
5943 4954
5944 5488
5945 5092
5946 4563
5947 5197
5948 4722
5949 5200
5950 4597
5951 4708
5952 4847
5953 4561
5954 4596
5955 4768
5956 5043
5957 5705
5958 5966
5959 6195
5960 4969
5961 4759
5962 4660
5963 4583
5964 4720
5965 4569
5966 4766
5967 4659
5968 5101
5969 4996
5970 4682
5971 4703
5972 5571
5973 4837
5974 4731
5975 4827
5976 4617
5977 4943
5978 5175
5979 5096
5980 6583
5981 4582
5982 -995161
5983 5744
5984 5297
5985 4835
5986 4591
5987 4581
5988 5844
5989 4950
5990 4707
5991 5468
5992 5228
5993 4821
5994 4714
5995 4722
5996 4810
5997 4449
5998 5755
5999 5677
6000 6338
6001 4581
6002 5332
6003 4859
6004 5076
6005 5093
6006 5253
6007 5723
6008 4651
6009 5655
6010 5269
6011 4976
6012 5031
6013 5136
6014 4954
6015 5344
6016 4579
6017 4827
6018 5344
6019 5214
6020 5466
6021 4567
6022 5628
6023 4797
6024 4840
6025 5199
6026 5659
6027 4885
6028 4962
6029 4592
6030 5134
6031 5164
6032 4977
6033 4959
6034 4882
6035 4640
6036 4958
6037 5203
6038 5088
6039 5476
6040 7586
6041 4588
6042 4588
6043 5202
6044 4962
6045 4963
6046 5461
6047 4974
6048 4959
6049 5071
6050 4838
6051 5090
6052 4720
6053 4946
6054 5095
6055 4832
6056 5197
6057 4963
6058 5088
6059 4898
6060 6223
6061 4557
6062 4673
6063 5323
6064 5233
6065 4629
6066 5564
6067 5557
6068 5201
6069 4588
6070 4837
6071 4757
6072 5112
6073 4631
6074 4627
6075 4691
6076 5087
6077 4825
6078 5845
6079 4586
6080 6700
6081 5596
6082 5582
6083 4951
6084 4999
6085 5433
6086 5324
6087 4844
6088 4806
6089 4609
6090 4600
6091 4588
6092 4841
6093 4458
6094 5209
6095 5196
6096 4592
6097 4591
6098 4575
6099 4611
6100 8057
6101 4831
6102 5095
6103 4449
6104 4958
6105 5105
6106 4583
6107 5266
6108 4698
6109 5930
6110 4995
6111 4801
6112 4728
6113 4929
6114 5086
6115 4823
6116 4467
6117 5000
6118 5963
6119 4839
6120 6101
6121 4630
6122 4518
6123 4719
6124 4954
6125 4720
6126 5220
6127 4592
6128 4562
6129 4598
6130 4581
6131 5216
6132 4761
6133 4667
6134 5080
6135 5327
6136 5079
6137 5473
6138 4824
6139 4724
6140 5328
6141 5464
6142 4950
6143 5094
6144 4586
6145 5133
6146 4671
6147 5203
6148 4833
6149 4583
6150 4716
6151 5708
6152 4869
6153 4568
6154 4562
6155 4578
6156 4839
6157 4593
6158 4731
6159 4759
6160 4899
6161 5862
6162 4668
6163 5333
6164 4841
6165 4705
6166 4581
6167 4587
6168 4596
6169 4577
6170 4588
6171 4844
6172 4731
6173 4575
6174 4972
6175 5118
6176 5890
6177 5219
6178 4720
6179 -994556
6180 4836
6181 4591
6182 5992
6183 5576
6184 4701
6185 5842
6186 4964
6187 4979
6188 5713
6189 5955
6190 4581
6191 4959
6192 4748
6193 5204
6194 4681
6195 5707
6196 4694
6197 4722
6198 5631
6199 6032
6200 4727
6201 6405
6202 4761
6203 5457
6204 4828
6205 5491
6206 4745
6207 4772
6208 4834
6209 4783
6210 4775
6211 5205
6212 4962
6213 4578
6214 4573
6215 4587
6216 4839
6217 4480
6218 5586
6219 5143
6220 4896
6221 4725
6222 6699
6223 4834
6224 4712
6225 5627
6226 4681
6227 4701
6228 4589
6229 5341
6230 4863
6231 5187
6232 5257
6233 4671
6234 4570
6235 4590
6236 4589
6237 4596
6238 4713
6239 4823
6240 4569
6241 5297
6242 7028
6243 4972
6244 5196
6245 4838
6246 4713
6247 5588
6248 5088
6249 4870
6250 5121
6251 5708
6252 4659
6253 5012
6254 4891
6255 5220
6256 5096
6257 4951
6258 5341
6259 5091
6260 4953
6261 5600
6262 6326
6263 4712
6264 5342
6265 5588
6266 4712
6267 4468
6268 4725
6269 4846
6270 5202
6271 5074
6272 5368
6273 5066
6274 4697
6275 4578
6276 4970
6277 5126
6278 4543
6279 4719
6280 5112
6281 4561
6282 6081
6283 4580
6284 5214
6285 5837
6286 4703
6287 4856
6288 4949
6289 4462
6290 4735
6291 4596
6292 4577
6293 5079
6294 5331
6295 5333
6296 4956
6297 5086
6298 4596
6299 4586
6300 4589
6301 4731
6302 5318
6303 5741
6304 4683
6305 4750
6306 4808
6307 4703
6308 4709
6309 4571
6310 4853
6311 5155
6312 4526
6313 4583
6314 4697
6315 5774
6316 4658
6317 4834
6318 4765
6319 4690
6320 5434
6321 5316
6322 5461
6323 6186
6324 5116
6325 5223
6326 4948
6327 4710
6328 5466
6329 4710
6330 5100
6331 4950
6332 5582
6333 5199
6334 5838
6335 5088
6336 4598
6337 4491
6338 4721
6339 5340
6340 4551
6341 4980
6342 4942
6343 6226
6344 5201
6345 5962
6346 5088
6347 4767
6348 4895
6349 5231
6350 4834
6351 5346
6352 5576
6353 5650
6354 4765
6355 4841
6356 4959
6357 4706
6358 4703
6359 4852
6360 5363
6361 5055
6362 4822
6363 6470
6364 4702
6365 4721
6366 5211
6367 4840
6368 5137
6369 5285
6370 4715
6371 5830
6372 5095
6373 5311
6374 4589
6375 -994281
6376 4573
6377 5092
6378 5211
6379 5160
6380 6264
6381 4834
6382 5019
6383 6957
6384 5046
6385 4711
6386 5578
6387 4908
6388 5180
6389 5613
6390 5508
6391 4973
6392 4695
6393 4521
6394 5289
6395 4842
6396 4863
6397 4804
6398 5578
6399 5466
6400 4959
6401 6618
6402 5816
6403 5074
6404 4967
6405 4728
6406 4827
6407 4742
6408 4682
6409 4734
6410 4678
6411 6451
6412 5088
6413 4970
6414 5967
6415 4752
6416 5658
6417 5099
6418 4823
6419 4583
6420 4963
6421 4851
6422 6083
6423 4697
6424 4962
6425 4600
6426 4701
6427 4842
6428 4590
6429 4718
6430 5196
6431 5263
6432 5077
6433 5606
6434 5461
6435 5012
6436 5462
6437 4594
6438 5086
6439 4890
6440 4919
6441 4950
6442 6515
6443 4660
6444 4603
6445 6102
6446 5190
6447 4610
6448 4793
6449 5612
6450 5730
6451 5630
6452 4799
6453 4558
6454 4500
6455 5022
6456 5452
6457 4459
6458 4936
6459 5197
6460 5329
6461 4825
6462 5830
6463 4842
6464 4963
6465 4806
6466 4961
6467 5701
6468 5438
6469 5195
6470 4702
6471 5522
6472 4640
6473 4568
6474 4697
6475 4694
6476 4599
6477 4576
6478 4936
6479 5208
6480 5008
6481 5160
6482 6186
6483 5697
6484 4654
6485 5382
6486 5703
6487 5334
6488 4679
6489 4697
6490 5080
6491 4589
6492 4564
6493 5918
6494 4924
6495 5160
6496 4822
6497 4569
6498 4595
6499 5060
6500 5213
6501 4688
6502 5713
6503 5196
6504 4955
6505 4732
6506 4645
6507 4706
6508 4819
6509 4815
6510 5842
6511 4823
6512 4474
6513 5595
6514 5671
6515 4815
6516 4842
6517 4942
6518 4769
6519 5387
6520 5329
6521 5436
6522 5966
6523 4693
6524 4835
6525 4701
6526 5078
6527 4850
6528 4922
6529 6377
6530 4900
6531 5219
6532 4554
6533 4565
6534 4586
6535 4944
6536 5333
6537 5569
6538 4719
6539 4693
6540 5704
6541 4715
6542 6322
6543 5064
6544 5370
6545 5043
6546 4714
6547 5347
6548 4791
6549 5564
6550 5458
6551 4716
6552 4581
6553 4702
6554 4971
6555 5072
6556 4778
6557 5341
6558 4944
6559 4855
6560 4873
6561 4758
6562 6045
6563 4996
6564 4958
6565 5502
6566 5512
6567 4860
6568 4565
6569 5081
6570 -995413
6571 5696
6572 4717
6573 5232
6574 5288
6575 4582
6576 4701
6577 4581
6578 4845
6579 5451
6580 4692
6581 4829
6582 4718
6583 5568
6584 4591
6585 4569
6586 4726
6587 4686
6588 5014
6589 4891
6590 4953
6591 5434
6592 4717
6593 5077
6594 4704
6595 5020
6596 5335
6597 4779
6598 5624
6599 4892
6600 4761
6601 5528
6602 5201
6603 5830
6604 4574
6605 4696
6606 5002
6607 5034
6608 4501
6609 5279
6610 4727
6611 4549
6612 4574
6613 4697
6614 4869
6615 5300
6616 5086
6617 4822
6618 4586
6619 4704
6620 4816
6621 4775
6622 6142
6623 4689
6624 6264
6625 4907
6626 5128
6627 5032
6628 4688
6629 4867
6630 5302
6631 5318
6632 4726
6633 4998
6634 4777
6635 4972
6636 4935
6637 4459
6638 4757
6639 4929
6640 4550
6641 5344
6642 5332
6643 4952
6644 6895
6645 4761
6646 5740
6647 4641
6648 4705
6649 5882
6650 4651
6651 4589
6652 4706
6653 5193
6654 4458
6655 5196
6656 4957
6657 5083
6658 4482
6659 5195
6660 4447
6661 4708
6662 5459
6663 4698
6664 6357
6665 4812
6666 4955
6667 4689
6668 4955
6669 4829
6670 4765
6671 4933
6672 5356
6673 4759
6674 4712
6675 4824
6676 5104
6677 5192
6678 4568
6679 5206
6680 5466
6681 5213
6682 5448
6683 4573
6684 5883
6685 5088
6686 4887
6687 4571
6688 5264
6689 5040
6690 5554
6691 5646
6692 4763
6693 5108
6694 4810
6695 5084
6696 5378
6697 5144
6698 4830
6699 4770
6700 4655
6701 4952
6702 5124
6703 5285
6704 6872
6705 6133
6706 4949
6707 4454
6708 4894
6709 5034
6710 4683
6711 5610
6712 5082
6713 5064
6714 5513
6715 4968
6716 5008
6717 4765
6718 5660
6719 4693
6720 4457
6721 4711
6722 4874
6723 4553
6724 5552
6725 5571
6726 4954
6727 4609
6728 4698
6729 4582
6730 4600
6731 4566
6732 5274
6733 4748
6734 4938
6735 4854
6736 5214
6737 4957
6738 4921
6739 4584
6740 4587
6741 4847
6742 4678
6743 4845
6744 4945
6745 6447
6746 4716
6747 5206
6748 5206
6749 5453
6750 5532
6751 4745
6752 5199
6753 4583
6754 4967
6755 5450
6756 5069
6757 5704
6758 4711
6759 5585
6760 4764
6761 4652
6762 5749
6763 5202
6764 5578
6765 5776
6766 4672
6767 -994893
6768 5274
6769 5259
6770 4569
6771 4582
6772 5897
6773 5278
6774 5203
6775 5288
6776 4986
6777 4707
6778 4988
6779 4749
6780 5457
6781 5157
6782 4952
6783 5135
6784 6560
6785 4698
6786 4711
6787 4719
6788 4953
6789 4782
6790 5470
6791 4764
6792 4577
6793 5344
6794 4827
6795 4719
6796 4615
6797 5317
6798 4865
6799 6173
6800 4451
6801 6611
6802 4934
6803 5331
6804 6471
6805 4715
6806 4723
6807 4951
6808 5089
6809 4747
6810 5175
6811 4946
6812 5461
6813 4841
6814 5081
6815 4857
6816 4692
6817 4633
6818 5173
6819 4583
6820 4828
6821 4598
6822 5312
6823 4715
6824 5821
6825 5090
6826 4960
6827 4736
6828 5083
6829 5699
6830 5752
6831 4926
6832 4839
6833 4723
6834 5082
6835 4828
6836 4710
6837 4962
6838 4843
6839 4739
6840 5321
6841 4608
6842 5050
6843 4704
6844 4721
6845 6203
6846 5205
6847 4702
6848 4838
6849 5856
6850 4688
6851 4981
6852 5075
6853 4949
6854 5090
6855 4716
6856 4581
6857 5141
6858 4788
6859 5092
6860 4571
6861 5465
6862 4849
6863 6078
6864 4829
6865 5480
6866 5427
6867 5589
6868 5080
6869 5269
6870 4783
6871 7408
6872 4766
6873 5084
6874 4588
6875 4596
6876 5077
6877 4896
6878 5030
6879 5218
6880 5448
6881 4969
6882 5084
6883 4821
6884 6268
6885 4788
6886 4575
6887 4966
6888 4968
6889 4845
6890 4691
6891 4844
6892 4832
6893 4594
6894 5786
6895 5528
6896 5337
6897 5166
6898 4587
6899 4720
6900 5477
6901 4949
6902 5198
6903 5587
6904 6008
6905 5156
6906 5246
6907 4754
6908 5309
6909 4808
6910 4963
6911 4781
6912 4652
6913 4700
6914 5464
6915 4719
6916 5326
6917 5009
6918 5588
6919 5292
6920 4992
6921 5056
6922 4821
6923 5237
6924 5941
6925 6084
6926 4951
6927 5470
6928 4729
6929 5194
6930 4716
6931 4822
6932 4712
6933 4591
6934 4959
6935 5099
6936 5469
6937 5324
6938 4597
6939 4702
6940 4832
6941 4450
6942 4958
6943 4842
6944 5841
6945 4585
6946 5325
6947 5114
6948 4703
6949 5082
6950 4592
6951 4838
6952 4585
6953 4593
6954 4896
6955 4519
6956 4716
6957 4456
6958 4585
6959 4994
6960 5218
6961 5052
6962 5480
6963 5113
6964 -994670
6965 5920
6966 4583
6967 4604
6968 5184
6969 4963
6970 4587
6971 4590
6972 5344
6973 4966
6974 4697
6975 4586
6976 6528
6977 4896
6978 5096
6979 4830
6980 5216
6981 4813
6982 4463
6983 4966
6984 4962
6985 5971
6986 4577
6987 4838
6988 4588
6989 4837
6990 4729
6991 4989
6992 5320
6993 4585
6994 4717
6995 5566
6996 4981
6997 4731
6998 4580
6999 4745
7000 4703
7001 6116
7002 4767
7003 4619
7004 4821
7005 4822
7006 6971
7007 4819
7008 4590
7009 5202
7010 5475
7011 5601
7012 4826
7013 4831
7014 4588
7015 4998
7016 4550
7017 4713
7018 4972
7019 4708
7020 4728
7021 4933
7022 4952
7023 4747
7024 5180
7025 6078
7026 5961
7027 4703
7028 4722
7029 5339
7030 6148
7031 5589
7032 4773
7033 5591
7034 5316
7035 5236
7036 4964
7037 4586
7038 5467
7039 4966
7040 4460
7041 4576
7042 4837
7043 4745
7044 6306
7045 4835
7046 6121
7047 5074
7048 4838
7049 5967
7050 6026
7051 4681
7052 5310
7053 4576
7054 4958
7055 4463
7056 4960
7057 4769
7058 5213
7059 4707
7060 5548
7061 4821
7062 5069
7063 4606
7064 5111
7065 4947
7066 6282
7067 5130
7068 4769
7069 4654
7070 5278
7071 5065
7072 4706
7073 5187
7074 4710
7075 4715
7076 4705
7077 4847
7078 4956
7079 4844
7080 4573
7081 4837
7082 4962
7083 5414
7084 5008
7085 4582
7086 5962
7087 4966
7088 4583
7089 5034
7090 4525
7091 4575
7092 4718
7093 5217
7094 4705
7095 4710
7096 4726
7097 4714
7098 4696
7099 4850
7100 5713
7101 5337
7102 5205
7103 4560
7104 4576
7105 4837
7106 4596
7107 5578
7108 5576
7109 5659
7110 5274
7111 5486
7112 5748
7113 4784
7114 5214
7115 4700
7116 4716
7117 4904
7118 5685
7119 5446
7120 5272
7121 4741
7122 6152
7123 4643
7124 5338
7125 4849
7126 6120
7127 4792
7128 4983
7129 4557
7130 5077
7131 5219
7132 5589
7133 4824
7134 5216
7135 4842
7136 5268
7137 4900
7138 4601
7139 4829
7140 5574
7141 5215
7142 4958
7143 4901
7144 5161
7145 4832
7146 5580
7147 4586
7148 4711
7149 4591
7150 4778
7151 5840
7152 5010
7153 4719
7154 4966
7155 4697
7156 4631
7157 5339
7158 5789
7159 4573
7160 -995285
7161 5350
7162 5505
7163 4802
7164 4746
7165 5286
7166 4852
7167 6323
7168 4844
7169 4706
7170 5279
7171 4653
7172 5205
7173 5454
7174 6357
7175 4953
7176 5064
7177 4951
7178 5135
7179 4927
7180 4705
7181 4852
7182 5319
7183 5201
7184 4971
7185 5703
7186 6727
7187 5196
7188 4712
7189 5474
7190 5734
7191 5210
7192 4826
7193 4840
7194 5200
7195 5323
7196 5219
7197 4830
7198 4844
7199 5545
7200 4694
7201 6389
7202 4900
7203 4635
7204 5171
7205 5077
7206 5360
7207 4690
7208 4893
7209 5473
7210 4806
7211 5044
7212 4585
7213 4782
7214 5417
7215 5261
7216 4507
7217 4448
7218 4839
7219 4472
7220 4713
7221 4698
7222 4862
7223 4960
7224 5079
7225 5266
7226 5904
7227 5088
7228 5079
7229 4594
7230 4713
7231 5215
7232 5087
7233 5088
7234 5482
7235 5309
7236 4449
7237 4588
7238 5090
7239 4709
7240 4732
7241 4448
7242 4584
7243 4574
7244 4849
7245 4824
7246 4847
7247 5960
7248 4578
7249 4584
7250 5088
7251 4963
7252 4847
7253 4953
7254 4854
7255 4821
7256 4832
7257 4589
7258 4463
7259 4596
7260 4686
7261 4722
7262 4588
7263 5345
7264 4579
7265 5257
7266 4915
7267 4963
7268 6453
7269 4594
7270 4707
7271 4840
7272 4708
7273 4596
7274 4570
7275 4725
7276 4705
7277 5215
7278 4577
7279 4579
7280 4448
7281 4965
7282 4582
7283 4587
7284 4463
7285 4485
7286 4965
7287 5196
7288 5462
7289 7215
7290 4714
7291 4747
7292 4689
7293 4570
7294 4588
7295 4599
7296 5082
7297 5216
7298 4458
7299 4697
7300 4720
7301 4701
7302 5135
7303 4911
7304 5098
7305 4584
7306 5077
7307 4711
7308 4896
7309 4778
7310 6147
7311 5164
7312 4698
7313 6120
7314 5242
7315 4957
7316 5315
7317 4897
7318 4744
7319 5369
7320 4908
7321 5191
7322 5448
7323 4701
7324 5104
7325 5578
7326 4588
7327 4846
7328 4578
7329 5966
7330 5719
7331 4574
7332 4963
7333 5218
7334 5648
7335 4654
7336 4738
7337 5312
7338 4823
7339 4960
7340 5337
7341 5140
7342 4794
7343 5198
7344 4588
7345 4720
7346 4458
7347 4883
7348 4788
7349 6788
7350 5007
7351 5276
7352 5273
7353 4720
7354 4591
7355 5085
7356 4840
7357 4553
7358 5076
7359 -995530
7360 4837
7361 4706
7362 4448
7363 5465
7364 4841
7365 4715
7366 4712
7367 4573
7368 4837
7369 4894
7370 6031
7371 5221
7372 4713
7373 5202
7374 5210
7375 5028
7376 5029
7377 5462
7378 4580
7379 4575
7380 4876
7381 4692
7382 5498
7383 5833
7384 4920
7385 4824
7386 4710
7387 4594
7388 4834
7389 4721
7390 6091
7391 5073
7392 5149
7393 5277
7394 5479
7395 4708
7396 5085
7397 5201
7398 5226
7399 4698
7400 4836
7401 4823
7402 5348
7403 6029
7404 4880
7405 5204
7406 5348
7407 5087
7408 4847
7409 4963
7410 6321
7411 4588
7412 4720
7413 4957
7414 4594
7415 5456
7416 4975
7417 4879
7418 4785
7419 4749
7420 4683
7421 4955
7422 4860
7423 4689
7424 4960
7425 5177
7426 4751
7427 5340
7428 5624
7429 5055
7430 6202
7431 5220
7432 4580
7433 4964
7434 4778
7435 5424
7436 4802
7437 4948
7438 4588
7439 6213
7440 4759
7441 5165
7442 4580
7443 5209
7444 4580
7445 4588
7446 4607
7447 4942
7448 4587
7449 4590
7450 4962
7451 5840
7452 4612
7453 4584
7454 4825
7455 5006
7456 5060
7457 5247
7458 4778
7459 5235
7460 4702
7461 5325
7462 5588
7463 4589
7464 4983
7465 5817
7466 4581
7467 5213
7468 4717
7469 4580
7470 5097
7471 5587
7472 4577
7473 5140
7474 4723
7475 4832
7476 4658
7477 5571
7478 5348
7479 4705
7480 5025
7481 5270
7482 4727
7483 4884
7484 4897
7485 4712
7486 4712
7487 5341
7488 4586
7489 5664
7490 4763
7491 5927
7492 5247
7493 5080
7494 5212
7495 4992
7496 5439
7497 4755
7498 4860
7499 5128
7500 4708
7501 4715
7502 5594
7503 4708
7504 5527
7505 5026
7506 5328
7507 5354
7508 5450
7509 4949
7510 5217
7511 5835
7512 5264
7513 4949
7514 5420
7515 4839
7516 4843
7517 4959
7518 5500
7519 5974
7520 4655
7521 5327
7522 5460
7523 4963
7524 4600
7525 4711
7526 4630
7527 4779
7528 4855
7529 4820
7530 5214
7531 5975
7532 5450
7533 5139
7534 4877
7535 5369
7536 6014
7537 4659
7538 4711
7539 4574
7540 6107
7541 4823
7542 4839
7543 4711
7544 4826
7545 4795
7546 4646
7547 5509
7548 4777
7549 5011
7550 5050
7551 5567
7552 5221
7553 5197
7554 5096
7555 4576
7556 -995015
7557 5177
7558 4605
7559 5075
7560 5838
7561 5090
7562 5529
7563 4521
7564 5523
7565 4772
7566 4715
7567 8089
7568 4712
7569 4970
7570 5518
7571 6337
7572 4523
7573 5650
7574 5770
7575 5101
7576 4951
7577 4576
7578 4868
7579 4559
7580 4954
7581 5208
7582 4713
7583 5086
7584 4960
7585 4610
7586 4965
7587 4813
7588 5452
7589 4711
7590 4741
7591 5814
7592 5082
7593 5336
7594 6096
7595 4574
7596 4590
7597 5211
7598 4586
7599 5285
7600 4891
7601 4839
7602 4588
7603 4756
7604 5559
7605 5212
7606 5090
7607 4957
7608 4853
7609 4714
7610 4835
7611 5837
7612 4964
7613 5086
7614 4594
7615 4773
7616 4988
7617 4491
7618 4960
7619 4961
7620 4840
7621 4964
7622 4710
7623 5213
7624 4840
7625 5086
7626 4915
7627 4640
7628 5733
7629 4879
7630 4902
7631 6964
7632 4653
7633 4991
7634 4793
7635 4967
7636 5333
7637 4450
7638 4713
7639 4597
7640 4960
7641 5349
7642 4939
7643 4890
7644 5017
7645 5136
7646 5751
7647 4627
7648 5325
7649 4963
7650 4979
7651 7012
7652 4922
7653 4806
7654 5216
7655 4717
7656 4830
7657 5464
7658 4729
7659 4702
7660 5071
7661 4841
7662 4713
7663 4737
7664 5498
7665 4778
7666 4888
7667 4852
7668 4947
7669 5776
7670 5060
7671 5536
7672 4992
7673 5084
7674 4577
7675 4606
7676 4706
7677 4584
7678 4750
7679 5282
7680 5217
7681 5079
7682 5404
7683 5322
7684 4794
7685 4825
7686 5523
7687 5404
7688 5263
7689 5390
7690 4975
7691 6606
7692 4951
7693 4987
7694 4654
7695 5355
7696 5770
7697 4645
7698 5361
7699 4926
7700 4983
7701 5326
7702 4836
7703 5531
7704 5018
7705 4724
7706 5338
7707 4820
7708 4839
7709 4985
7710 5420
7711 7474
7712 5582
7713 4830
7714 4716
7715 5080
7716 4973
7717 4706
7718 5075
7719 4588
7720 4831
7721 5357
7722 4708
7723 4836
7724 4888
7725 5102
7726 5959
7727 4901
7728 4640
7729 4783
7730 5223
7731 5827
7732 4953
7733 5240
7734 4940
7735 4826
7736 5905
7737 5146
7738 4574
7739 4589
7740 5215
7741 4459
7742 5101
7743 4842
7744 5578
7745 5092
7746 4963
7747 5371
7748 4604
7749 4690
7750 5480
7751 -994095
7752 4580
7753 4714
7754 4493
7755 4555
7756 4581
7757 4717
7758 5210
7759 4833
7760 4763
7761 4907
7762 4957
7763 5654
7764 4953
7765 4778
7766 5969
7767 6578
7768 4715
7769 6189
7770 5079
7771 5602
7772 6324
7773 5118
7774 5061
7775 5716
7776 5212
7777 4760
7778 5547
7779 5071
7780 5523
7781 5407
7782 4832
7783 4594
7784 4840
7785 4823
7786 4962
7787 4722
7788 4839
7789 5453
7790 6371
7791 4665
7792 4969
7793 5201
7794 5384
7795 5308
7796 4826
7797 4702
7798 5095
7799 5328
7800 4470
7801 4707
7802 5237
7803 5058
7804 4845
7805 4828
7806 4772
7807 5528
7808 5112
7809 4813
7810 4580
7811 5771
7812 5285
7813 4447
7814 5224
7815 4855
7816 4945
7817 4697
7818 4721
7819 4701
7820 5528
7821 4532
7822 5699
7823 4855
7824 4696
7825 4961
7826 6014
7827 5013
7828 4851
7829 5950
7830 5212
7831 5921
7832 4649
7833 4704
7834 5457
7835 4840
7836 4588
7837 4793
7838 5393
7839 4959
7840 4705
7841 4707
7842 4589
7843 4585
7844 4601
7845 4957
7846 5060
7847 4863
7848 4586
7849 5315
7850 4719
7851 6965
7852 4942
7853 4966
7854 5082
7855 4590
7856 5097
7857 4576
7858 4831
7859 4838
7860 4837
7861 4713
7862 4975
7863 5326
7864 4978
7865 4754
7866 5847
7867 5375
7868 5221
7869 4836
7870 4584
7871 7216
7872 4709
7873 4588
7874 4971
7875 5330
7876 4700
7877 4716
7878 5084
7879 4714
7880 4992
7881 5056
7882 4576
7883 4587
7884 4714
7885 4599
7886 4699
7887 4973
7888 4579
7889 4964
7890 4944
7891 4782
7892 6277
7893 4708
7894 5865
7895 4931
7896 4697
7897 4736
7898 5059
7899 5095
7900 5582
7901 5087
7902 5827
7903 5840
7904 4958
7905 4725
7906 5202
7907 4720
7908 4883
7909 4777
7910 5089
7911 4714
7912 6343
7913 5013
7914 5095
7915 5023
7916 5211
7917 5098
7918 5207
7919 4573
7920 4963
7921 4840
7922 4833
7923 4782
7924 4900
7925 5478
7926 5183
7927 5230
7928 4572
7929 4971
7930 4891
7931 5024
7932 6453
7933 4839
7934 4588
7935 5200
7936 4785
7937 5903
7938 4713
7939 4587
7940 4715
7941 4605
7942 5582
7943 5338
7944 5337
7945 4952
7946 5070
7947 -995168
7948 5199
7949 4444
7950 4732
7951 4443
7952 6029
7953 4907
7954 4971
7955 4595
7956 4453
7957 4758
7958 4661
7959 5493
7960 5065
7961 4948
7962 4462
7963 4465
7964 5012
7965 5052
7966 4963
7967 4952
7968 4585
7969 4597
7970 4583
7971 4703
7972 4598
7973 5834
7974 4960
7975 5076
7976 5713
7977 4584
7978 4865
7979 4695
7980 4813
7981 5826
7982 4590
7983 4710
7984 6004
7985 4815
7986 4706
7987 5193
7988 6092
7989 4722
7990 6759
7991 4892
7992 4584
7993 6148
7994 4775
7995 4584
7996 4590
7997 4595
7998 4704
7999 4952
8000 4471
8001 5456
8002 5223
8003 4947
8004 5093
8005 4576
8006 5702
8007 4867
8008 4571
8009 4864
8010 5341
8011 4899
8012 4839
8013 6976
8014 4595
8015 4605
8016 4807
8017 4836
8018 4713
8019 4712
8020 4853
8021 5201
8022 4576
8023 5463
8024 5468
8025 4835
8026 5092
8027 5202
8028 4953
8029 4753
8030 4801
8031 4702
8032 4712
8033 4908
8034 6900
8035 5827
8036 4851
8037 4575
8038 5221
8039 4583
8040 4575
8041 4592
8042 5234
8043 4832
8044 5128
8045 4834
8046 4650
8047 4828
8048 4705
8049 4722
8050 5071
8051 4712
8052 5003
8053 5041
8054 6205
8055 4483
8056 4831
8057 5218
8058 5855
8059 4994
8060 5772
8061 5464
8062 4836
8063 4722
8064 4950
8065 5959
8066 4824
8067 5212
8068 4846
8069 4455
8070 4587
8071 5089
8072 5350
8073 5084
8074 5461
8075 5967
8076 5087
8077 4722
8078 5097
8079 4926
8080 5089
8081 5462
8082 5352
8083 5337
8084 5364
8085 5228
8086 5309
8087 4921
8088 4979
8089 4575
8090 4836
8091 5699
8092 4598
8093 5828
8094 5347
8095 5835
8096 5455
8097 4836
8098 4579
8099 4586
8100 4756
8101 4928
8102 5120
8103 4830
8104 5151
8105 4586
8106 5716
8107 4701
8108 6868
8109 4788
8110 4588
8111 4840
8112 4730
8113 6828
8114 4575
8115 4623
8116 4937
8117 4575
8118 5221
8119 5086
8120 5200
8121 4713
8122 4546
8123 4802
8124 4935
8125 4703
8126 5334
8127 4840
8128 4573
8129 4739
8130 5696
8131 5461
8132 5077
8133 6599
8134 5082
8135 4889
8136 4567
8137 5056
8138 5007
8139 4656
8140 4841
8141 4834
8142 4841
8143 5211
8144 -995411
8145 4703
8146 4708
8147 4631
8148 4672
8149 4706
8150 4585
8151 5372
8152 4927
8153 5199
8154 5708
8155 4594
8156 5209
8157 4661
8158 4848
8159 4496
8160 4729
8161 5002
8162 4724
8163 5072
8164 4972
8165 5448
8166 4950
8167 5094
8168 5101
8169 4697
8170 5889
8171 4786
8172 4582
8173 5077
8174 4710
8175 6364
8176 5059
8177 5469
8178 4969
8179 4724
8180 5342
8181 4865
8182 4647
8183 4572
8184 4589
8185 5935
8186 4591
8187 4579
8188 5096
8189 4574
8190 5462
8191 5214
8192 5231
8193 5324
8194 4448
8195 5463
8196 5086
8197 4589
8198 4527
8199 5420
8200 5384
8201 5689
8202 5423
8203 4970
8204 4716
8205 4685
8206 4958
8207 5285
8208 4636
8209 5836
8210 5844
8211 4835
8212 4575
8213 4977
8214 4697
8215 5735
8216 4847
8217 4953
8218 4678
8219 5574
8220 4602
8221 5225
8222 4831
8223 5085
8224 5067
8225 4450
8226 5117
8227 4707
8228 5194
8229 4773
8230 4904
8231 4822
8232 4771
8233 5534
8234 4828
8235 5747
8236 4930
8237 5138
8238 5402
8239 5206
8240 4840
8241 4613
8242 4742
8243 5039
8244 4574
8245 5330
8246 5459
8247 5272
8248 4656
8249 5338
8250 4465
8251 4709
8252 4591
8253 4772
8254 5279
8255 5739
8256 5249
8257 4777
8258 4592
8259 5459
8260 5158
8261 4651
8262 5082
8263 5351
8264 4561
8265 5097
8266 4710
8267 4889
8268 4827
8269 5151
8270 5162
8271 4777
8272 5763
8273 5760
8274 4836
8275 6964
8276 6595
8277 4953
8278 4826
8279 5652
8280 5150
8281 4977
8282 4820
8283 4696
8284 5573
8285 5479
8286 5202
8287 5846
8288 5151
8289 4645
8290 4575
8291 6086
8292 5016
8293 4909
8294 6466
8295 5724
8296 4568
8297 5210
8298 5213
8299 4846
8300 4829
8301 4837
8302 5092
8303 5078
8304 4458
8305 5844
8306 5078
8307 5099
8308 4683
8309 5101
8310 4841
8311 5214
8312 6097
8313 4963
8314 6086
8315 4893
8316 4775
8317 4772
8318 5546
8319 4821
8320 4854
8321 4761
8322 4837
8323 4579
8324 4589
8325 5227
8326 4703
8327 4700
8328 6005
8329 4686
8330 4579
8331 5006
8332 5912
8333 4960
8334 5852
8335 4820
8336 5337
8337 5269
8338 4550
8339 4747
8340 -995201
8341 5327
8342 4583
8343 4605
8344 4564
8345 5209
8346 4698
8347 5220
8348 4560
8349 4610
8350 4859
8351 5808
8352 5536
8353 5884
8354 4837
8355 6501
8356 5425
8357 5484
8358 5086
8359 5453
8360 5189
8361 4822
8362 4710
8363 5096
8364 6515
8365 4650
8366 4593
8367 4595
8368 4943
8369 4711
8370 6490
8371 5319
8372 4955
8373 5248
8374 5803
8375 5387
8376 4924
8377 4697
8378 4955
8379 4859
8380 5191
8381 4698
8382 4779
8383 4650
8384 4597
8385 5605
8386 4801
8387 5201
8388 5723
8389 4949
8390 4594
8391 4724
8392 4952
8393 4569
8394 5969
8395 5078
8396 5095
8397 4586
8398 4872
8399 4933
8400 4568
8401 4892
8402 4650
8403 4976
8404 4574
8405 5335
8406 5206
8407 4839
8408 4961
8409 8351
8410 4826
8411 4577
8412 4718
8413 4893
8414 7080
8415 5159
8416 4716
8417 4823
8418 4966
8419 4575
8420 5083
8421 4595
8422 4699
8423 5835
8424 4972
8425 5000
8426 4934
8427 4818
8428 4848
8429 4510
8430 5112
8431 4567
8432 4576
8433 5119
8434 6640
8435 4890
8436 4716
8437 4823
8438 4508
8439 5176
8440 4973
8441 4675
8442 4719
8443 5391
8444 5154
8445 4732
8446 4574
8447 4699
8448 5090
8449 4603
8450 4694
8451 4712
8452 5100
8453 4884
8454 4780
8455 6966
8456 5220
8457 4693
8458 4830
8459 4582
8460 4827
8461 4610
8462 5457
8463 4707
8464 4710
8465 5585
8466 5077
8467 5092
8468 4833
8469 4591
8470 5482
8471 4956
8472 4936
8473 5091
8474 4829
8475 6732
8476 4951
8477 4825
8478 6156
8479 5588
8480 5388
8481 4965
8482 4583
8483 5075
8484 4707
8485 5529
8486 4770
8487 5471
8488 4852
8489 5001
8490 4644
8491 5283
8492 5015
8493 5359
8494 6322
8495 5332
8496 4957
8497 5204
8498 4837
8499 4576
8500 4700
8501 4468
8502 4825
8503 4715
8504 4583
8505 5226
8506 4710
8507 4581
8508 4580
8509 4593
8510 4578
8511 4466
8512 4777
8513 5167
8514 4828
8515 5333
8516 5719
8517 4951
8518 4962
8519 5194
8520 6161
8521 4837
8522 4902
8523 4712
8524 4599
8525 4698
8526 5527
8527 4963
8528 5643
8529 5094
8530 4963
8531 4708
8532 4964
8533 5825
8534 5081
8535 6474
8536 -994236
8537 4884
8538 4698
8539 4844
8540 4524
8541 4658
8542 5702
8543 4736
8544 5085
8545 5062
8546 4577
8547 4843
8548 4587
8549 4845
8550 5702
8551 4835
8552 4942
8553 5222
8554 5326
8555 6544
8556 4899
8557 5181
8558 4952
8559 5095
8560 4701
8561 4979
8562 4579
8563 4963
8564 5087
8565 4583
8566 4599
8567 5011
8568 4669
8569 5326
8570 5087
8571 4844
8572 5140
8573 5944
8574 5686
8575 6353
8576 4948
8577 4974
8578 5416
8579 4713
8580 4585
8581 5073
8582 4711
8583 4963
8584 4975
8585 4710
8586 4599
8587 4573
8588 4712
8589 5093
8590 4832
8591 4868
8592 4563
8593 4573
8594 4965
8595 5117
8596 6215
8597 4820
8598 4812
8599 4836
8600 4588
8601 5188
8602 5238
8603 5485
8604 5450
8605 5570
8606 4835
8607 4849
8608 4703
8609 5471
8610 4833
8611 4824
8612 4869
8613 4680
8614 5268
8615 4783
8616 6081
8617 5072
8618 4839
8619 4595
8620 4960
8621 5200
8622 5101
8623 4598
8624 4705
8625 5201
8626 5524
8627 5653
8628 4872
8629 4558
8630 4695
8631 4841
8632 5211
8633 6026
8634 5043
8635 4827
8636 5953
8637 4581
8638 4956
8639 5334
8640 4971
8641 5083
8642 4982
8643 4864
8644 4776
8645 4593
8646 5092
8647 6202
8648 5459
8649 5214
8650 4835
8651 4843
8652 5354
8653 4714
8654 5001
8655 4723
8656 7220
8657 5012
8658 4584
8659 5325
8660 5266
8661 4656
8662 4593
8663 5014
8664 4909
8665 4973
8666 5195
8667 5325
8668 4953
8669 4974
8670 4579
8671 5203
8672 4772
8673 4785
8674 5241
8675 4681
8676 5848
8677 5309
8678 5221
8679 4449
8680 4715
8681 4597
8682 4574
8683 5337
8684 4451
8685 4769
8686 4782
8687 5076
8688 4843
8689 4901
8690 4647
8691 4823
8692 5362
8693 5322
8694 4454
8695 4844
8696 4583
8697 6327
8698 4589
8699 4580
8700 4843
8701 4768
8702 4905
8703 4701
8704 5016
8705 4525
8706 4597
8707 4709
8708 5349
8709 4562
8710 4711
8711 5354
8712 4949
8713 4591
8714 5084
8715 4992
8716 5179
8717 5093
8718 5696
8719 4964
8720 4749
8721 4803
8722 5838
8723 5203
8724 5203
8725 4713
8726 4851
8727 5213
8728 4704
8729 5746
8730 4801
8731 4713
8732 4502
8733 4552
8734 -995416
8735 4945
8736 4827
8737 4578
8738 6221
8739 4578
8740 4742
8741 5207
8742 4720
8743 4956
8744 4966
8745 4713
8746 4844
8747 4823
8748 5591
8749 4579
8750 5222
8751 4708
8752 4951
8753 5126
8754 4926
8755 4587
8756 4969
8757 5140
8758 4767
8759 5345
8760 4700
8761 4590
8762 5118
8763 5190
8764 5326
8765 4716
8766 4967
8767 4939
8768 4959
8769 5594
8770 5621
8771 4687
8772 5202
8773 5597
8774 5453
8775 4774
8776 4809
8777 5157
8778 4597
8779 6140
8780 5025
8781 4598
8782 5269
8783 4640
8784 5089
8785 4586
8786 4840
8787 4594
8788 4589
8789 5074
8790 4588
8791 4971
8792 4826
8793 5598
8794 4832
8795 5451
8796 5074
8797 5087
8798 4971
8799 5578
8800 5240
8801 4581
8802 4951
8803 5088
8804 5213
8805 4587
8806 4773
8807 5428
8808 4561
8809 4711
8810 6464
8811 5287
8812 4772
8813 5596
8814 5700
8815 5097
8816 4962
8817 5320
8818 4726
8819 6185
8820 4845
8821 5782
8822 4648
8823 4706
8824 5769
8825 4910
8826 5076
8827 5338
8828 4855
8829 4821
8830 4720
8831 5579
8832 5092
8833 4585
8834 4579
8835 4577
8836 4592
8837 4580
8838 4468
8839 6024
8840 4883
8841 4585
8842 4723
8843 4457
8844 4831
8845 5212
8846 5356
8847 4681
8848 5276
8849 5029
8850 4763
8851 5398
8852 4973
8853 4953
8854 4848
8855 5142
8856 4513
8857 5212
8858 5158
8859 6519
8860 4839
8861 5332
8862 4839
8863 4829
8864 4592
8865 4955
8866 5113
8867 5131
8868 4891
8869 4714
8870 5587
8871 5961
8872 4600
8873 4586
8874 4722
8875 5547
8876 5343
8877 4478
8878 5176
8879 4463
8880 5848
8881 4599
8882 5575
8883 4713
8884 4847
8885 4951
8886 4612
8887 5318
8888 5685
8889 4853
8890 4974
8891 4574
8892 4717
8893 4834
8894 5445
8895 5208
8896 4585
8897 4964
8898 5384
8899 7632
8900 5012
8901 5203
8902 4594
8903 4576
8904 4761
8905 5536
8906 4721
8907 4702
8908 5347
8909 4702
8910 5377
8911 4555
8912 4835
8913 6870
8914 5306
8915 5956
8916 4710
8917 6073
8918 4624
8919 7743
8920 5073
8921 4783
8922 4605
8923 4689
8924 4955
8925 4650
8926 4645
8927 5149
8928 4787
8929 6074
8930 5215
8931 -994852
8932 4750
8933 4480
8934 4573
8935 4585
8936 4970
8937 4828
8938 5002
8939 5307
8940 5114
8941 4812
8942 5907
8943 5022
8944 4952
8945 4897
8946 5227
8947 5638
8948 4839
8949 4587
8950 4841
8951 6004
8952 4806
8953 4573
8954 5097
8955 5502
8956 4777
8957 4709
8958 4851
8959 5704
8960 4718
8961 5819
8962 5219
8963 4841
8964 5328
8965 4600
8966 5124
8967 5903
8968 4958
8969 4581
8970 4630
8971 5051
8972 5257
8973 4776
8974 4599
8975 5200
8976 4714
8977 5631
8978 5112
8979 6142
8980 4716
8981 5237
8982 5341
8983 4561
8984 4731
8985 4906
8986 5274
8987 4900
8988 4973
8989 4976
8990 4579
8991 5088
8992 5178
8993 5078
8994 4720
8995 4676
8996 5153
8997 4583
8998 4713
8999 4589
9000 5719
9001 4582
9002 4699
9003 4586
9004 5070
9005 4606
9006 5092
9007 4891
9008 5040
9009 5202
9010 5353
9011 5074
9012 4732
9013 4573
9014 5200
9015 5847
9016 4830
9017 5202
9018 4742
9019 5078
9020 6457
9021 5184
9022 5115
9023 4953
9024 5035
9025 5773
9026 4831
9027 4579
9028 5343
9029 5082
9030 6208
9031 5081
9032 4591
9033 4712
9034 4971
9035 4710
9036 5098
9037 5762
9038 4891
9039 4455
9040 5835
9041 5339
9042 4720
9043 6349
9044 4748
9045 5193
9046 4672
9047 4584
9048 6149
9049 4755
9050 5311
9051 4891
9052 4574
9053 4840
9054 4712
9055 4745
9056 4812
9057 5197
9058 4961
9059 4589
9060 5838
9061 4903
9062 4899
9063 5451
9064 4961
9065 4780
9066 5894
9067 4970
9068 4521
9069 4800
9070 4816
9071 4617
9072 4718
9073 4814
9074 5060
9075 5214
9076 4577
9077 4581
9078 4711
9079 4835
9080 6602
9081 4944
9082 5092
9083 6216
9084 5207
9085 4885
9086 4718
9087 5154
9088 4468
9089 4594
9090 4965
9091 4943
9092 4597
9093 4818
9094 4753
9095 4674
9096 4451
9097 4775
9098 4786
9099 4948
9100 8162
9101 5261
9102 4962
9103 4738
9104 5813
9105 5578
9106 4711
9107 4594
9108 4763
9109 4665
9110 5563
9111 5456
9112 4464
9113 4833
9114 4607
9115 5758
9116 4794
9117 4975
9118 4563
9119 5088
9120 6405
9121 5900
9122 5209
9123 5893
9124 5890
9125 5279
9126 4772
9127 -995092
9128 4736
9129 5666
9130 4790
9131 4876
9132 5563
9133 5018
9134 4912
9135 4575
9136 5081
9137 4970
9138 4830
9139 5103
9140 6078
9141 4572
9142 4964
9143 4893
9144 4914
9145 5382
9146 5920
9147 5080
9148 4591
9149 4716
9150 4690
9151 4590
9152 6508
9153 4923
9154 4572
9155 5336
9156 4769
9157 4739
9158 5034
9159 5000
9160 6784
9161 5664
9162 5303
9163 5099
9164 5148
9165 4565
9166 4559
9167 4441
9168 5422
9169 5079
9170 4558
9171 5071
9172 4953
9173 4945
9174 4699
9175 4585
9176 4563
9177 5249
9178 4915
9179 4569
9180 5739
9181 4707
9182 5305
9183 4821
9184 5206
9185 4955
9186 5096
9187 5096
9188 4937
9189 4813
9190 4847
9191 5185
9192 5062
9193 4966
9194 4947
9195 5577
9196 4934
9197 4829
9198 5079
9199 4582
9200 5864
9201 5047
9202 4692
9203 4826
9204 4838
9205 5126
9206 5032
9207 4938
9208 4954
9209 4569
9210 5240
9211 4929
9212 4757
9213 4537
9214 4556
9215 5341
9216 4821
9217 4584
9218 4708
9219 4713
9220 4960
9221 6247
9222 4776
9223 5327
9224 5082
9225 4979
9226 4693
9227 4748
9228 4656
9229 4942
9230 4701
9231 4840
9232 5066
9233 5063
9234 5320
9235 4599
9236 5063
9237 4841
9238 4696
9239 4777
9240 5128
9241 5846
9242 4815
9243 4842
9244 5320
9245 4584
9246 5265
9247 4826
9248 4780
9249 5100
9250 5036
9251 5360
9252 5324
9253 4682
9254 4754
9255 5036
9256 5013
9257 5274
9258 4942
9259 4887
9260 5390
9261 6235
9262 4928
9263 4835
9264 4706
9265 4599
9266 5440
9267 4831
9268 4723
9269 5184
9270 5336
9271 4946
9272 4446
9273 4850
9274 4872
9275 4777
9276 5129
9277 5413
9278 5419
9279 4856
9280 5191
9281 6863
9282 4574
9283 4573
9284 4773
9285 5383
9286 5218
9287 5883
9288 4934
9289 5095
9290 5095
9291 4975
9292 5190
9293 4582
9294 4845
9295 5700
9296 4587
9297 6845
9298 4570
9299 5100
9300 4712
9301 6072
9302 4464
9303 4723
9304 5141
9305 4642
9306 5207
9307 5590
9308 4580
9309 4848
9310 4969
9311 4945
9312 4581
9313 4712
9314 4590
9315 4594
9316 4583
9317 4713
9318 4837
9319 4837
9320 4839
9321 4980
9322 6434
9323 4849
9324 -994911
9325 5413
9326 5135
9327 5708
9328 4805
9329 5144
9330 5223
9331 5350
9332 5312
9333 4718
9334 4963
9335 4957
9336 5201
9337 4719
9338 4956
9339 5280
9340 5531
9341 4709
9342 5700
9343 5219
9344 4579
9345 5144
9346 4936
9347 5117
9348 5522
9349 4899
9350 5279
9351 4590
9352 4969
9353 4951
9354 5458
9355 4740
9356 4793
9357 4839
9358 4846
9359 5335
9360 4948
9361 4971
9362 6458
9363 4720
9364 4825
9365 4696
9366 4861
9367 4836
9368 5448
9369 4590
9370 4735
9371 5326
9372 5196
9373 4966
9374 4835
9375 5440
9376 4998
9377 5954
9378 4949
9379 5462
9380 4715
9381 4566
9382 6241
9383 4836
9384 4841
9385 4930
9386 5751
9387 5200
9388 5713
9389 4593
9390 5341
9391 4572
9392 5516
9393 5423
9394 4830
9395 5200
9396 5960
9397 4770
9398 4908
9399 5530
9400 5528
9401 6196
9402 4648
9403 5288
9404 4723
9405 5638
9406 4884
9407 4960
9408 5479
9409 5197
9410 5198
9411 5783
9412 5391
9413 5454
9414 4579
9415 4899
9416 5704
9417 4922
9418 4578
9419 4963
9420 5107
9421 6069
9422 4589
9423 4713
9424 5348
9425 5361
9426 4777
9427 4793
9428 5201
9429 4837
9430 4745
9431 5189
9432 4824
9433 5090
9434 4838
9435 4588
9436 4766
9437 5662
9438 6333
9439 4582
9440 5084
9441 6455
9442 4596
9443 5201
9444 5223
9445 4960
9446 5325
9447 4974
9448 5334
9449 5076
9450 4712
9451 4965
9452 5212
9453 5159
9454 5112
9455 4609
9456 4839
9457 4963
9458 5026
9459 5284
9460 4813
9461 6246
9462 4687
9463 4725
9464 4579
9465 4701
9466 5218
9467 4843
9468 4827
9469 4710
9470 4590
9471 5476
9472 4702
9473 4699
9474 5463
9475 5589
9476 4855
9477 5073
9478 5155
9479 5392
9480 4589
9481 5840
9482 5206
9483 4966
9484 4594
9485 5821
9486 5222
9487 5473
9488 5317
9489 5000
9490 5172
9491 5211
9492 5402
9493 4776
9494 4710
9495 4726
9496 4707
9497 4702
9498 5211
9499 4717
9500 4582
9501 6089
9502 5500
9503 4680
9504 4822
9505 5715
9506 5339
9507 4710
9508 4863
9509 4823
9510 4453
9511 4764
9512 5159
9513 5028
9514 4558
9515 4813
9516 4698
9517 5338
9518 4846
9519 -995296
9520 5599
9521 6199
9522 5985
9523 5433
9524 4589
9525 5210
9526 4977
9527 5587
9528 5442
9529 5894
9530 4909
9531 4959
9532 4834
9533 4841
9534 5344
9535 5706
9536 4954
9537 5965
9538 6339
9539 4831
9540 6218
9541 4431
9542 4853
9543 5101
9544 4825
9545 4765
9546 4788
9547 5564
9548 4856
9549 5258
9550 5154
9551 4578
9552 5086
9553 5096
9554 5210
9555 5023
9556 5282
9557 5453
9558 4467
9559 4813
9560 6726
9561 5069
9562 4622
9563 5452
9564 5070
9565 4591
9566 4715
9567 6130
9568 4669
9569 4953
9570 5902
9571 4774
9572 4726
9573 5086
9574 4705
9575 5196
9576 5090
9577 4714
9578 4858
9579 5451
9580 5860
9581 4695
9582 4859
9583 4838
9584 5037
9585 4700
9586 5645
9587 5538
9588 5452
9589 4836
9590 4594
9591 6395
9592 4887
9593 5344
9594 5964
9595 5091
9596 4961
9597 4728
9598 4950
9599 4952
9600 6340
9601 4607
9602 4802
9603 5143
9604 4541
9605 4601
9606 4438
9607 5088
9608 4966
9609 5087
9610 4859
9611 4575
9612 6210
9613 4850
9614 5080
9615 4838
9616 4708
9617 4970
9618 5143
9619 4925
9620 6053
9621 5323
9622 4965
9623 4467
9624 5656
9625 5021
9626 5159
9627 4521
9628 5754
9629 5044
9630 5004
9631 4785
9632 4713
9633 5588
9634 5112
9635 5073
9636 5074
9637 5973
9638 4969
9639 4953
9640 5967
9641 4941
9642 4719
9643 4574
9644 5213
9645 5337
9646 4599
9647 5327
9648 4739
9649 4691
9650 5203
9651 4904
9652 4833
9653 5024
9654 4840
9655 4723
9656 4956
9657 4958
9658 4576
9659 4709
9660 5410
9661 6519
9662 5964
9663 4718
9664 6372
9665 5188
9666 5218
9667 5019
9668 4772
9669 4837
9670 5467
9671 4958
9672 4700
9673 5588
9674 5090
9675 5101
9676 4960
9677 4573
9678 5227
9679 4946
9680 5715
9681 4960
9682 5125
9683 4936
9684 5129
9685 4781
9686 4841
9687 4457
9688 5468
9689 4714
9690 4950
9691 4588
9692 4725
9693 4950
9694 4588
9695 4720
9696 5880
9697 5314
9698 4860
9699 4955
9700 5958
9701 5143
9702 4973
9703 5339
9704 4713
9705 5100
9706 5244
9707 5380
9708 5384
9709 5101
9710 4702
9711 5461
9712 4761
9713 -995084
9714 6138
9715 5669
9716 5570
9717 4782
9718 5641
9719 4832
9720 6092
9721 5348
9722 4752
9723 5066
9724 5683
9725 5199
9726 4713
9727 5090
9728 5335
9729 5104
9730 4949
9731 4704
9732 4962
9733 4608
9734 5197
9735 5016
9736 4672
9737 5323
9738 5511
9739 4672
9740 5692
9741 4722
9742 5205
9743 4581
9744 4961
9745 4703
9746 4840
9747 5339
9748 5877
9749 5504
9750 4638
9751 4712
9752 5469
9753 4966
9754 4826
9755 4831
9756 4600
9757 4575
9758 5240
9759 4938
9760 6222
9761 4581
9762 4575
9763 4838
9764 4713
9765 4583
9766 5345
9767 5216
9768 5200
9769 4590
9770 4590
9771 5463
9772 5211
9773 4842
9774 5213
9775 4458
9776 5011
9777 4552
9778 9460
9779 4633
9780 6352
9781 4651
9782 5396
9783 4782
9784 5487
9785 4779
9786 4591
9787 4844
9788 5081
9789 4723
9790 4722
9791 5225
9792 5390
9793 4903
9794 4450
9795 5099
9796 4583
9797 5705
9798 5359
9799 4826
9800 7213
9801 5242
9802 4559
9803 4581
9804 4583
9805 4597
9806 5389
9807 4911
9808 4840
9809 4576
9810 5338
9811 4597
9812 4597
9813 4694
9814 4843
9815 4584
9816 4589
9817 4714
9818 5276
9819 4900
9820 6328
9821 4841
9822 4590
9823 4953
9824 5212
9825 4841
9826 5399
9827 5067
9828 4663
9829 4581
9830 5891
9831 4965
9832 5393
9833 5263
9834 5401
9835 4587
9836 4718
9837 4961
9838 4904
9839 4790
9840 6443
9841 4959
9842 4592
9843 4586
9844 5090
9845 5005
9846 5418
9847 4736
9848 4953
9849 4698
9850 4621
9851 5060
9852 5338
9853 5190
9854 5224
9855 4957
9856 5139
9857 5910
9858 5455
9859 5134
9860 8903
9861 4839
9862 5972
9863 4952
9864 6023
9865 6153
9866 5208
9867 4751
9868 5182
9869 5074
9870 5240
9871 5184
9872 4986
9873 4706
9874 5375
9875 5151
9876 4846
9877 5077
9878 4461
9879 5978
9880 4953
9881 5202
9882 4587
9883 4590
9884 4771
9885 5320
9886 5366
9887 5136
9888 4462
9889 5092
9890 4709
9891 4713
9892 4947
9893 4979
9894 4589
9895 4712
9896 5714
9897 4841
9898 4710
9899 5216
9900 5966
9901 4836
9902 4589
9903 5093
9904 4855
9905 5070
9906 5129
9907 5281
9908 -995163
9909 4589
9910 5216
9911 5837
9912 5599
9913 4698
9914 4840
9915 4771
9916 4655
9917 4717
9918 5085
9919 5582
9920 5835
9921 5455
9922 4589
9923 5026
9924 4895
9925 5092
9926 4718
9927 4704
9928 5024
9929 4795
9930 5008
9931 4649
9932 4828
9933 4826
9934 4958
9935 5624
9936 5424
9937 4596
9938 4714
9939 4726
9940 6333
9941 4464
9942 5320
9943 4961
9944 4732
9945 4694
9946 4586
9947 5527
9948 5152
9949 5500
9950 4684
9951 5333
9952 5256
9953 5329
9954 5546
9955 5440
9956 5214
9957 4589
9958 4853
9959 4828
9960 6074
9961 4589
9962 5463
9963 5338
9964 4600
9965 4714
9966 5381
9967 4775
9968 4836
9969 4877
9970 4909
9971 4592
9972 4962
9973 5069
9974 4603
9975 5210
9976 4699
9977 4971
9978 4608
9979 5068
9980 7081
9981 4958
9982 5455
9983 5102
9984 4957
9985 6224
9986 4813
9987 4589
9988 4959
9989 4710
9990 4835
9991 5205
9992 4448
9993 4584
9994 4969
9995 5079
9996 4970
9997 4739
9998 4974
9999 4542
