0 91
1 19
2 19
3 17
4 18
5 18
6 18
7 20
8 19
9 17
10 18
11 18
12 18
13 18
14 18
15 18
16 18
17 18
18 17
19 18
20 17
21 18
22 17
23 17
24 17
25 18
26 18
27 17
28 17
29 17
30 17
31 18
32 22
33 18
34 18
35 20
36 20
37 21
38 19
39 19
40 18
41 18
42 18
43 17
44 17
45 40
46 19
47 19
48 18
49 17
50 17
51 18
52 17
53 17
54 18
55 17
56 18
57 18
58 17
59 20
60 18
61 18
62 20
63 18
64 18
65 17
66 31
67 20
68 18
69 17
70 17
71 18
72 17
73 18
74 17
75 17
76 18
77 17
78 18
79 17
80 19
81 17
82 18
83 19
84 19
85 19
86 17
87 18
88 18
89 17
90 18
91 17
92 17
93 17
94 20
95 17
96 17
97 17
98 18
99 18
100 17
101 17
102 17
103 17
104 27
105 19
106 18
107 17
108 17
109 17
110 18
111 17
112 17
113 17
114 17
115 17
116 17
117 18
118 18
119 17
120 18
121 18
122 18
123 17
124 18
125 18
126 17
127 17
128 19
129 17
130 19
131 17
132 17
133 18
134 17
135 18
136 17
137 17
138 18
139 19
140 36
141 17
142 30
143 18
144 18
145 17
146 17
147 17
148 17
149 18
150 18
151 17
152 17
153 17
154 17
155 17
156 18
157 18
158 18
159 18
160 17
161 17
162 18
163 17
164 18
165 28
166 18
167 18
168 17
169 18
170 18
171 18
172 17
173 17
174 17
175 18
176 18
177 18
178 17
179 18
180 17
181 17
182 18
183 18
184 18
185 17
186 26
187 19
188 18
189 17
190 18
191 18
192 17
193 17
194 18
195 18
196 17
197 17
198 17
199 17
200 17
201 17
202 18
203 17
204 18
205 18
206 17
207 18
208 19
209 18
210 20
211 22
212 21
213 19
214 18
215 20
216 19
217 18
218 18
219 20
220 24
221 19
222 19
223 18
224 20
225 22
226 18
227 18
228 18
229 18
230 18
231 21
232 18
233 19
234 34
235 20
236 18
237 20
238 19
239 21
240 20
241 18
242 17
243 18
244 17
245 19
246 18
247 18
248 19
249 17
250 18
251 19
252 19
253 18
254 20
255 17
256 19
257 18
258 17
259 18
260 18
261 18
262 18
263 17
264 22
265 19
266 20
267 20
268 18
269 17
270 17
271 18
272 17
273 18
274 18
275 18
276 19
277 18
278 18
279 18
280 19
281 17
282 18
283 18
284 19
285 17
286 17
287 18
288 20
289 18
290 23
291 19
292 19
293 18
294 19
295 17
296 18
297 18
298 17
299 19
300 19
301 19
302 17
303 20
304 26
305 21
306 19
307 19
308 20
309 17
310 28
311 20
312 19
313 36
314 21
315 21
316 20
317 19
318 22
319 22
320 18
321 17
322 21
323 18
324 18
325 18
326 19
327 19
328 21
329 24
330 20
331 17
332 18
333 19
334 17
335 17
336 18
337 18
338 17
339 18
340 18
341 18
342 17
343 18
344 17
345 18
346 17
347 17
348 18
349 17
350 18
351 17
352 17
353 17
354 17
355 18
356 19
357 19
358 18
359 17
360 17
361 18
362 18
363 18
364 18
365 17
366 18
367 19
368 18
369 17
370 17
371 18
372 17
373 18
374 18
375 18
376 17
377 18
378 18
379 17
380 18
381 17
382 17
383 17
384 17
385 17
386 17
387 17
388 17
389 17
390 17
391 17
392 18
393 17
394 17
395 17
396 18
397 17
398 17
399 17
400 17
401 18
402 18
403 18
404 18
405 18
406 18
407 17
408 18
409 18
410 17
411 18
412 19
413 18
414 17
415 17
416 27
417 18
418 18
419 18
420 17
421 17
422 18
423 17
424 17
425 18
426 18
427 17
428 19
429 17
430 18
431 18
432 19
433 18
434 18
435 18
436 17
437 17
438 26
439 18
440 17
441 18
442 17
443 18
444 18
445 18
446 17
447 17
448 18
449 19
450 20
451 17
452 17
453 17
454 17
455 17
456 17
457 17
458 17
459 17
460 27
461 18
462 18
463 17
464 18
465 17
466 17
467 17
468 17
469 17
470 18
471 17
472 17
473 17
474 17
475 18
476 17
477 17
478 17
479 17
480 17
481 17
482 17
483 17
484 17
485 32
486 19
487 17
488 18
489 17
490 18
491 17
492 17
493 17
494 17
495 17
496 18
497 18
498 17
499 17
500 17
501 17
502 18
503 17
504 17
505 18
506 18
507 17
508 17
509 17
510 17
511 19
512 18
513 18
514 17
515 18
516 18
517 18
518 17
519 17
520 17
521 27
522 18
523 18
524 17
525 17
526 18
527 17
528 17
529 18
530 18
531 17
532 17
533 17
534 17
535 17
536 17
537 17
538 18
539 19
540 18
541 17
542 17
543 17
544 19
545 17
546 18
547 16
548 18
549 18
550 18
551 18
552 18
553 17
554 17
555 19
556 17
557 18
558 17
559 17
560 18
561 18
562 18
563 18
564 18
565 18
566 17
567 17
568 17
569 18
570 18
571 17
572 17
573 17
574 17
575 17
576 17
577 17
578 17
579 17
580 17
581 17
582 18
583 18
584 17
585 17
586 17
587 17
588 17
589 17
590 17
591 17
592 17
593 17
594 17
595 17
596 18
597 18
598 18
599 17
600 18
601 18
602 22
603 17
604 17
605 18
606 17
607 17
608 17
609 18
610 18
611 16
612 18
613 18
614 17
615 17
616 18
617 18
618 17
619 17
620 17
621 17
622 17
623 18
624 18
625 17
626 19
627 18
628 17
629 17
630 17
631 17
632 17
633 17
634 19
635 18
636 17
637 17
638 17
639 17
640 17
641 17
642 18
643 17
644 17
645 17
646 17
647 17
648 18
649 17
650 17
651 17
652 17
653 17
654 17
655 17
656 17
657 17
658 17
659 18
660 17
661 18
662 17
663 17
664 17
665 18
666 17
667 17
668 17
669 18
670 18
671 17
672 17
673 17
674 17
675 17
676 17
677 17
678 17
679 17
680 17
681 17
682 17
683 17
684 17
685 17
686 17
687 17
688 18
689 18
690 18
691 17
692 17
693 17
694 17
695 17
696 17
697 17
698 17
699 17
700 17
701 17
702 17
703 17
704 17
705 17
706 17
707 17
708 27
709 18
710 17
711 18
712 17
713 17
714 17
715 17
716 17
717 17
718 18
719 18
720 18
721 18
722 17
723 18
724 18
725 19
726 17
727 18
728 17
729 18
730 18
731 18
732 18
733 17
734 18
735 17
736 17
737 18
738 17
739 18
740 17
741 17
742 18
743 18
744 18
745 27
746 18
747 18
748 18
749 17
750 17
751 18
752 17
753 18
754 18
755 17
756 18
757 19
758 18
759 17
760 17
761 17
762 19
763 18
764 18
765 18
766 18
767 18
768 19
769 18
770 18
771 17
772 18
773 19
774 17
775 18
776 17
777 18
778 17
779 17
780 17
781 18
782 18
783 17
784 17
785 18
786 17
787 18
788 17
789 18
790 17
791 18
792 17
793 18
794 17
795 18
796 27
797 18
798 18
799 18
800 18
801 18
802 18
803 18
804 18
805 17
806 18
807 17
808 17
809 18
810 18
811 18
812 19
813 18
814 18
815 17
816 17
817 18
818 17
819 18
820 17
821 17
822 19
823 19
824 18
825 17
826 18
827 18
828 17
829 18
830 17
831 18
832 18
833 17
834 18
835 17
836 17
837 17
838 18
839 19
840 19
841 28
842 18
843 17
844 18
845 18
846 17
847 17
848 17
849 18
850 18
851 17
852 18
853 18
854 17
855 17
856 17
857 18
858 17
859 17
860 18
861 18
862 18
863 18
864 18
865 18
866 17
867 17
868 18
869 18
870 17
871 20
872 17
873 27
874 19
875 17
876 18
877 18
878 19
879 18
880 18
881 18
882 17
883 18
884 18
885 18
886 18
887 17
888 18
889 17
890 17
891 17
892 17
893 17
894 18
895 19
896 18
897 18
898 17
899 18
900 19
901 18
902 17
903 17
904 17
905 17
906 17
907 17
908 17
909 17
910 17
911 17
912 17
913 17
914 17
915 17
916 17
917 17
918 17
919 17
920 17
921 18
922 18
923 18
924 18
925 19
926 18
927 18
928 18
929 18
930 18
931 17
932 17
933 18
934 18
935 18
936 17
937 17
938 17
939 17
940 17
941 17
942 17
943 17
944 17
945 17
946 18
947 18
948 18
949 17
950 17
951 18
952 18
953 17
954 17
955 27
956 18
957 17
958 17
959 17
960 17
961 18
962 17
963 18
964 17
965 17
966 17
967 17
968 17
969 17
970 17
971 17
972 17
973 17
974 17
975 17
976 17
977 17
978 17
979 25
980 18
981 18
982 18
983 17
984 17
985 18
986 18
987 17
988 17
989 17
990 17
991 17
992 17
993 17
994 24
995 19
996 17
997 17
998 17
999 17
1000 17
1001 17
1002 17
1003 17
1004 17
1005 24
1006 18
1007 17
1008 17
1009 17
1010 17
1011 18
1012 17
1013 17
1014 17
1015 17
1016 19
1017 18
1018 19
1019 18
1020 17
1021 17
1022 17
1023 17
1024 18
1025 17
1026 18
1027 17
1028 18
1029 18
1030 17
1031 17
1032 17
1033 17
1034 17
1035 17
1036 17
1037 17
1038 18
1039 18
1040 18
1041 18
1042 18
1043 17
1044 17
1045 17
1046 17
1047 17
1048 18
1049 18
1050 19
1051 17
1052 18
1053 17
1054 17
1055 17
1056 17
1057 17
1058 17
1059 17
1060 18
1061 18
1062 18
1063 18
1064 17
1065 17
1066 18
1067 18
1068 17
1069 17
1070 18
1071 17
1072 17
1073 19
1074 17
1075 18
1076 18
1077 18
1078 19
1079 17
1080 17
1081 18
1082 18
1083 18
1084 17
1085 17
1086 17
1087 17
1088 17
1089 17
1090 17
1091 17
1092 17
1093 17
1094 17
1095 17
1096 17
1097 17
1098 17
1099 17
1100 17
1101 17
1102 17
1103 18
1104 18
1105 17
1106 17
1107 17
1108 17
1109 17
1110 17
1111 17
1112 18
1113 17
1114 18
1115 17
1116 17
1117 18
1118 17
1119 18
1120 18
1121 17
1122 18
1123 17
1124 18
1125 18
1126 17
1127 17
1128 28
1129 18
1130 17
1131 17
1132 18
1133 18
1134 18
1135 18
1136 17
1137 18
1138 17
1139 17
1140 17
1141 17
1142 18
1143 20
1144 18
1145 19
1146 18
1147 17
1148 18
1149 17
1150 17
1151 17
1152 18
1153 17
1154 17
1155 17
1156 17
1157 17
1158 17
1159 17
1160 17
1161 17
1162 19
1163 17
1164 17
1165 17
1166 18
1167 18
1168 18
1169 17
1170 17
1171 17
1172 17
1173 19
1174 17
1175 17
1176 17
1177 18
1178 27
1179 18
1180 17
1181 17
1182 17
1183 17
1184 17
1185 18
1186 18
1187 18
1188 17
1189 17
1190 17
1191 17
1192 17
1193 17
1194 18
1195 18
1196 18
1197 240
1198 23
1199 18
1200 18
1201 17
1202 18
1203 18
1204 17
1205 18
1206 18
1207 18
1208 18
1209 18
1210 17
1211 18
1212 28
1213 19
1214 18
1215 17
1216 18
1217 18
1218 17
1219 18
1220 17
1221 18
1222 18
1223 18
1224 18
1225 17
1226 18
1227 17
1228 18
1229 18
1230 18
1231 17
1232 17
1233 18
1234 27
1235 19
1236 18
1237 18
1238 17
1239 17
1240 18
1241 18
1242 17
1243 17
1244 17
1245 18
1246 17
1247 17
1248 17
1249 18
1250 18
1251 20
1252 17
1253 17
1254 18
1255 18
1256 18
1257 18
1258 17
1259 17
1260 18
1261 18
1262 19
1263 18
1264 18
1265 17
1266 18
1267 17
1268 17
1269 17
1270 17
1271 17
1272 17
1273 17
1274 17
1275 17
1276 17
1277 17
1278 17
1279 19
1280 17
1281 17
1282 17
1283 18
1284 19
1285 17
1286 17
1287 18
1288 18
1289 17
1290 19
1291 19
1292 17
1293 18
1294 18
1295 18
1296 18
1297 17
1298 21
1299 17
1300 18
1301 18
1302 17
1303 18
1304 18
1305 17
1306 28
1307 18
1308 17
1309 17
1310 18
1311 17
1312 17
1313 18
1314 17
1315 17
1316 17
1317 17
1318 18
1319 17
1320 17
1321 17
1322 18
1323 18
1324 18
1325 18
1326 18
1327 18
1328 17
1329 17
1330 18
1331 17
1332 17
1333 18
1334 19
1335 19
1336 18
1337 18
1338 17
1339 17
1340 17
1341 17
1342 18
1343 18
1344 18
1345 23
1346 19
1347 18
1348 17
1349 17
1350 17
1351 17
1352 17
1353 17
1354 17
1355 17
1356 18
1357 19
1358 18
1359 18
1360 17
1361 17
1362 17
1363 17
1364 22
1365 17
1366 17
1367 19
1368 20
1369 18
1370 17
1371 17
1372 17
1373 19
1374 17
1375 17
1376 17
1377 17
1378 17
1379 17
1380 17
1381 17
1382 18
1383 18
1384 18
1385 18
1386 17
1387 17
1388 17
1389 18
1390 18
1391 18
1392 18
1393 17
1394 17
1395 17
1396 17
1397 17
1398 17
1399 17
1400 17
1401 17
1402 17
1403 17
1404 17
1405 17
1406 27
1407 18
1408 17
1409 17
1410 17
1411 17
1412 17
1413 17
1414 18
1415 17
1416 18
1417 26
1418 19
1419 18
1420 17
1421 17
1422 17
1423 17
1424 17
1425 17
1426 17
1427 17
1428 17
1429 17
1430 17
1431 17
1432 17
1433 17
1434 18
1435 19
1436 18
1437 18
1438 18
1439 17
1440 18
1441 17
1442 18
1443 17
1444 17
1445 17
1446 17
1447 17
1448 17
1449 17
1450 17
1451 19
1452 17
1453 18
1454 17
1455 17
1456 17
1457 17
1458 17
1459 17
1460 17
1461 17
1462 18
1463 18
1464 18
1465 18
1466 18
1467 18
1468 17
1469 17
1470 17
1471 17
1472 18
1473 17
1474 19
1475 18
1476 17
1477 18
1478 18
1479 17
1480 17
1481 17
1482 17
1483 17
1484 27
1485 19
1486 18
1487 17
1488 17
1489 18
1490 17
1491 17
1492 17
1493 18
1494 18
1495 19
1496 18
1497 18
1498 18
1499 19
1500 17
1501 17
1502 17
1503 17
1504 17
1505 17
1506 17
1507 17
1508 17
1509 17
1510 17
1511 17
1512 27
1513 18
1514 18
1515 17
1516 18
1517 18
1518 17
1519 17
1520 17
1521 17
1522 17
1523 17
1524 17
1525 17
1526 17
1527 17
1528 17
1529 18
1530 21
1531 18
1532 18
1533 18
1534 17
1535 18
1536 17
1537 17
1538 17
1539 17
1540 17
1541 17
1542 22
1543 17
1544 17
1545 18
1546 19
1547 18
1548 18
1549 17
1550 18
1551 18
1552 17
1553 17
1554 18
1555 18
1556 17
1557 18
1558 18
1559 17
1560 17
1561 18
1562 18
1563 19
1564 18
1565 18
1566 17
1567 19
1568 18
1569 17
1570 19
1571 19
1572 17
1573 17
1574 17
1575 18
1576 18
1577 18
1578 17
1579 19
1580 18
1581 18
1582 17
1583 17
1584 18
1585 17
1586 18
1587 18
1588 17
1589 18
1590 18
1591 17
1592 18
1593 18
1594 17
1595 17
1596 17
1597 17
1598 18
1599 18
1600 17
1601 19
1602 18
1603 18
1604 17
1605 18
1606 17
1607 17
1608 18
1609 20
1610 18
1611 18
1612 18
1613 17
1614 17
1615 18
1616 18
1617 18
1618 19
1619 18
1620 17
1621 17
1622 18
1623 17
1624 17
1625 18
1626 17
1627 17
1628 17
1629 17
1630 18
1631 18
1632 18
1633 18
1634 18
1635 20
1636 18
1637 18
1638 17
1639 28
1640 18
1641 17
1642 17
1643 18
1644 18
1645 17
1646 17
1647 18
1648 17
1649 18
1650 17
1651 17
1652 17
1653 18
1654 17
1655 17
1656 18
1657 20
1658 17
1659 18
1660 18
1661 17
1662 17
1663 18
1664 18
1665 17
1666 17
1667 18
1668 19
1669 18
1670 18
1671 17
1672 18
1673 17
1674 17
1675 18
1676 17
1677 17
1678 18
1679 17
1680 18
1681 17
1682 18
1683 17
1684 18
1685 19
1686 18
1687 17
1688 18
1689 17
1690 17
1691 17
1692 17
1693 17
1694 27
1695 18
1696 17
1697 17
1698 17
1699 18
1700 17
1701 17
1702 17
1703 18
1704 18
1705 17
1706 19
1707 18
1708 17
1709 17
1710 17
1711 17
1712 17
1713 17
1714 17
1715 17
1716 17
1717 18
1718 17
1719 33
1720 18
1721 18
1722 18
1723 18
1724 18
1725 17
1726 17
1727 17
1728 18
1729 18
1730 18
1731 18
1732 17
1733 17
1734 17
1735 17
1736 18
1737 18
1738 17
1739 18
1740 18
1741 18
1742 17
1743 18
1744 27
1745 18
1746 18
1747 17
1748 17
1749 18
1750 17
1751 17
1752 18
1753 17
1754 17
1755 22
1756 17
1757 17
1758 17
1759 17
1760 17
1761 18
1762 19
1763 17
1764 18
1765 17
1766 17
1767 17
1768 17
1769 17
1770 17
1771 17
1772 17
1773 17
1774 19
1775 17
1776 18
1777 28
1778 18
1779 17
1780 17
1781 17
1782 17
1783 19
1784 18
1785 18
1786 17
1787 17
1788 17
1789 17
1790 18
1791 18
1792 18
1793 17
1794 17
1795 17
1796 17
1797 17
1798 17
1799 17
1800 17
1801 17
1802 17
1803 17
1804 17
1805 17
1806 19
1807 19
1808 17
1809 18
1810 17
1811 17
1812 18
1813 17
1814 17
1815 17
1816 26
1817 19
1818 18
1819 17
1820 17
1821 17
1822 18
1823 18
1824 18
1825 17
1826 17
1827 18
1828 19
1829 17
1830 18
1831 18
1832 18
1833 19
1834 17
1835 17
1836 17
1837 17
1838 20
1839 20
1840 17
1841 17
1842 17
1843 17
1844 17
1845 17
1846 16
1847 17
1848 17
1849 26
1850 18
1851 18
1852 17
1853 17
1854 18
1855 18
1856 17
1857 17
1858 17
1859 17
1860 18
1861 19
1862 17
1863 18
1864 17
1865 17
1866 18
1867 17
1868 17
1869 17
1870 18
1871 27
1872 18
1873 18
1874 17
1875 17
1876 17
1877 19
1878 17
1879 17
1880 17
1881 18
1882 17
1883 18
1884 18
1885 18
1886 17
1887 17
1888 19
1889 18
1890 17
1891 17
1892 18
1893 18
1894 18
1895 17
1896 34
1897 17
1898 18
1899 19
1900 18
1901 17
1902 19
1903 17
1904 17
1905 17
1906 16
1907 17
1908 17
1909 17
1910 16
1911 17
1912 17
1913 17
1914 17
1915 17
1916 17
1917 17
1918 17
1919 17
1920 17
1921 17
1922 17
1923 18
1924 18
1925 17
1926 17
1927 17
1928 17
1929 17
1930 17
1931 17
1932 17
1933 26
1934 18
1935 17
1936 18
1937 17
1938 17
1939 17
1940 17
1941 17
1942 17
1943 18
1944 17
1945 17
1946 17
1947 17
1948 18
1949 19
1950 18
1951 17
1952 18
1953 18
1954 18
1955 18
1956 18
1957 17
1958 17
1959 18
1960 17
1961 17
1962 18
1963 18
1964 18
1965 18
1966 19
1967 17
1968 17
1969 17
1970 17
1971 18
1972 19
1973 18
1974 18
1975 17
1976 18
1977 17
1978 17
1979 17
1980 17
1981 17
1982 17
1983 18
1984 18
1985 18
1986 18
1987 17
1988 19
1989 18
1990 17
1991 17
1992 18
1993 17
1994 18
1995 18
1996 17
1997 17
1998 17
1999 17
2000 18
2001 18
2002 18
2003 17
2004 28
2005 18
2006 18
2007 18
2008 17
2009 17
2010 19
2011 18
2012 18
2013 17
2014 18
2015 18
2016 17
2017 18
2018 17
2019 17
2020 18
2021 17
2022 17
2023 18
2024 18
2025 17
2026 17
2027 17
2028 18
2029 18
2030 20
2031 17
2032 18
2033 18
2034 18
2035 18
2036 17
2037 27
2038 18
2039 17
2040 17
2041 17
2042 17
2043 17
2044 17
2045 17
2046 18
2047 17
2048 25
2049 18
2050 17
2051 17
2052 17
2053 17
2054 17
2055 17
2056 17
2057 17
2058 17
2059 17
2060 17
2061 17
2062 17
2063 17
2064 17
2065 18
2066 18
2067 18
2068 17
2069 17
2070 17
2071 17
2072 17
2073 242
2074 21
2075 17
2076 17
2077 17
2078 17
2079 17
2080 18
2081 17
2082 17
2083 17
2084 17
2085 17
2086 17
2087 17
2088 17
2089 18
2090 18
2091 18
2092 17
2093 17
2094 18
2095 18
2096 18
2097 17
2098 17
2099 17
2100 17
2101 17
2102 17
2103 17
2104 18
2105 18
2106 18
2107 17
2108 17
2109 17
2110 18
2111 18
2112 18
2113 17
2114 17
2115 17
2116 17
2117 18
2118 17
2119 18
2120 17
2121 17
2122 18
2123 17
2124 18
2125 18
2126 18
2127 18
2128 18
2129 18
2130 18
2131 17
2132 17
2133 17
2134 19
2135 17
2136 17
2137 17
2138 17
2139 17
2140 19
2141 18
2142 17
2143 17
2144 17
2145 18
2146 19
2147 18
2148 17
2149 17
2150 17
2151 17
2152 17
2153 17
2154 17
2155 17
2156 17
2157 17
2158 17
2159 17
2160 17
2161 17
2162 17
2163 17
2164 17
2165 17
2166 17
2167 17
2168 17
2169 17
2170 17
2171 17
2172 17
2173 17
2174 18
2175 18
2176 18
2177 20
2178 18
2179 18
2180 17
2181 18
2182 17
2183 18
2184 18
2185 18
2186 17
2187 18
2188 18
2189 17
2190 18
2191 18
2192 17
2193 18
2194 17
2195 18
2196 17
2197 17
2198 17
2199 17
2200 17
2201 17
2202 17
2203 18
2204 17
2205 17
2206 17
2207 18
2208 17
2209 17
2210 18
2211 17
2212 18
2213 19
2214 17
2215 18
2216 18
2217 17
2218 18
2219 17
2220 17
2221 17
2222 17
2223 17
2224 18
2225 17
2226 18
2227 17
2228 18
2229 18
2230 20
2231 17
2232 18
2233 17
2234 18
2235 18
2236 18
2237 17
2238 17
2239 17
2240 18
2241 18
2242 18
2243 29
2244 18
2245 17
2246 17
2247 17
2248 18
2249 18
2250 17
2251 18
2252 19
2253 18
2254 17
2255 18
2256 17
2257 19
2258 17
2259 18
2260 17
2261 17
2262 18
2263 19
2264 17
2265 18
2266 17
2267 17
2268 17
2269 17
2270 17
2271 17
2272 18
2273 18
2274 18
2275 18
2276 17
2277 18
2278 18
2279 18
2280 18
2281 17
2282 17
2283 17
2284 17
2285 17
2286 18
2287 18
2288 18
2289 17
2290 19
2291 19
2292 18
2293 17
2294 18
2295 19
2296 17
2297 18
2298 18
2299 17
2300 17
2301 18
2302 17
2303 17
2304 18
2305 18
2306 17
2307 19
2308 17
2309 18
2310 18
2311 17
2312 18
2313 18
2314 18
2315 17
2316 18
2317 18
2318 17
2319 18
2320 18
2321 17
2322 18
2323 18
2324 18
2325 18
2326 17
2327 18
2328 17
2329 18
2330 19
2331 18
2332 17
2333 18
2334 17
2335 18
2336 18
2337 17
2338 17
2339 17
2340 17
2341 17
2342 17
2343 17
2344 17
2345 17
2346 19
2347 17
2348 18
2349 18
2350 18
2351 19
2352 19
2353 17
2354 18
2355 17
2356 18
2357 18
2358 18
2359 18
2360 18
2361 17
2362 17
2363 17
2364 17
2365 17
2366 17
2367 18
2368 18
2369 18
2370 17
2371 18
2372 17
2373 18
2374 18
2375 18
2376 17
2377 17
2378 17
2379 17
2380 17
2381 17
2382 17
2383 18
2384 17
2385 18
2386 19
2387 18
2388 18
2389 17
2390 18
2391 19
2392 18
2393 18
2394 18
2395 18
2396 18
2397 17
2398 17
2399 17
2400 18
2401 18
2402 18
2403 17
2404 18
2405 18
2406 18
2407 30
2408 19
2409 18
2410 18
2411 18
2412 17
2413 17
2414 18
2415 18
2416 18
2417 17
2418 17
2419 18
2420 30
2421 19
2422 18
2423 17
2424 18
2425 18
2426 17
2427 17
2428 18
2429 18
2430 19
2431 18
2432 17
2433 17
2434 18
2435 17
2436 17
2437 17
2438 17
2439 18
2440 18
2441 17
2442 17
2443 17
2444 17
2445 27
2446 18
2447 17
2448 18
2449 17
2450 18
2451 18
2452 18
2453 18
2454 18
2455 17
2456 18
2457 19
2458 18
2459 17
2460 18
2461 19
2462 18
2463 17
2464 18
2465 17
2466 18
2467 17
2468 17
2469 18
2470 18
2471 17
2472 17
2473 19
2474 18
2475 18
2476 17
2477 17
2478 18
2479 18
2480 17
2481 18
2482 17
2483 17
2484 18
2485 18
2486 18
2487 17
2488 17
2489 17
2490 17
2491 17
2492 17
2493 17
2494 17
2495 17
2496 17
2497 17
2498 17
2499 17
2500 17
2501 18
2502 17
2503 17
2504 17
2505 17
2506 17
2507 18
2508 17
2509 18
2510 19
2511 17
2512 18
2513 17
2514 17
2515 17
2516 17
2517 18
2518 17
2519 17
2520 17
2521 17
2522 17
2523 17
2524 18
2525 17
2526 18
2527 17
2528 18
2529 18
2530 18
2531 18
2532 18
2533 17
2534 17
2535 18
2536 17
2537 18
2538 17
2539 17
2540 17
2541 17
2542 17
2543 17
2544 18
2545 17
2546 18
2547 18
2548 18
2549 17
2550 17
2551 17
2552 17
2553 17
2554 18
2555 17
2556 17
2557 17
2558 18
2559 17
2560 18
2561 18
2562 18
2563 18
2564 17
2565 17
2566 17
2567 17
2568 17
2569 19
2570 18
2571 18
2572 17
2573 17
2574 17
2575 18
2576 18
2577 17
2578 18
2579 18
2580 19
2581 17
2582 18
2583 18
2584 19
2585 18
2586 18
2587 18
2588 18
2589 17
2590 17
2591 18
2592 18
2593 18
2594 17
2595 17
2596 27
2597 19
2598 17
2599 18
2600 18
2601 17
2602 17
2603 17
2604 18
2605 18
2606 18
2607 17
2608 17
2609 17
2610 18
2611 17
2612 18
2613 19
2614 18
2615 17
2616 18
2617 17
2618 18
2619 17
2620 17
2621 18
2622 17
2623 17
2624 18
2625 18
2626 17
2627 17
2628 17
2629 18
2630 19
2631 18
2632 18
2633 18
2634 18
2635 18
2636 18
2637 17
2638 17
2639 17
2640 18
2641 19
2642 17
2643 18
2644 18
2645 18
2646 18
2647 18
2648 17
2649 17
2650 18
2651 17
2652 17
2653 17
2654 18
2655 18
2656 17
2657 18
2658 18
2659 17
2660 18
2661 18
2662 18
2663 18
2664 18
2665 18
2666 18
2667 18
2668 18
2669 19
2670 18
2671 17
2672 17
2673 18
2674 18
2675 18
2676 17
2677 18
2678 17
2679 18
2680 18
2681 18
2682 17
2683 17
2684 17
2685 18
2686 18
2687 17
2688 17
2689 18
2690 18
2691 18
2692 18
2693 17
2694 18
2695 17
2696 19
2697 18
2698 19
2699 18
2700 17
2701 18
2702 18
2703 18
2704 18
2705 17
2706 17
2707 18
2708 18
2709 18
2710 17
2711 17
2712 17
2713 17
2714 17
2715 17
2716 17
2717 17
2718 18
2719 18
2720 18
2721 17
2722 18
2723 17
2724 17
2725 18
2726 17
2727 17
2728 18
2729 18
2730 18
2731 17
2732 17
2733 18
2734 17
2735 19
2736 19
2737 17
2738 18
2739 19
2740 18
2741 17
2742 18
2743 18
2744 17
2745 18
2746 18
2747 19
2748 17
2749 18
2750 18
2751 18
2752 18
2753 17
2754 18
2755 17
2756 17
2757 18
2758 19
2759 18
2760 18
2761 17
2762 18
2763 19
2764 17
2765 18
2766 18
2767 18
2768 17
2769 17
2770 18
2771 18
2772 17
2773 18
2774 18
2775 18
2776 28
2777 18
2778 17
2779 19
2780 17
2781 17
2782 18
2783 18
2784 18
2785 18
2786 17
2787 18
2788 18
2789 18
2790 18
2791 20
2792 18
2793 18
2794 18
2795 17
2796 18
2797 17
2798 18
2799 18
2800 18
2801 18
2802 17
2803 18
2804 17
2805 17
2806 18
2807 18
2808 18
2809 18
2810 17
2811 17
2812 18
2813 27
2814 18
2815 18
2816 18
2817 18
2818 18
2819 18
2820 17
2821 18
2822 18
2823 17
2824 18
2825 17
2826 17
2827 17
2828 17
2829 17
2830 17
2831 17
2832 17
2833 17
2834 17
2835 17
2836 17
2837 17
2838 17
2839 17
2840 18
2841 18
2842 18
2843 17
2844 17
2845 17
2846 17
2847 17
2848 17
2849 17
2850 17
2851 18
2852 18
2853 18
2854 17
2855 17
2856 17
2857 18
2858 17
2859 18
2860 18
2861 17
2862 17
2863 18
2864 18
2865 18
2866 18
2867 17
2868 18
2869 19
2870 18
2871 17
2872 17
2873 18
2874 18
2875 18
2876 18
2877 17
2878 17
2879 17
2880 18
2881 18
2882 17
2883 17
2884 17
2885 17
2886 17
2887 17
2888 17
2889 18
2890 18
2891 17
2892 17
2893 17
2894 18
2895 17
2896 17
2897 17
2898 17
2899 18
2900 18
2901 18
2902 18
2903 17
2904 17
2905 17
2906 17
2907 17
2908 17
2909 17
2910 18
2911 18
2912 18
2913 17
2914 26
2915 18
2916 18
2917 17
2918 17
2919 17
2920 17
2921 17
2922 17
2923 17
2924 17
2925 19
2926 18
2927 17
2928 17
2929 17
2930 17
2931 17
2932 17
2933 18
2934 18
2935 18
2936 19
2937 17
2938 17
2939 17
2940 17
2941 18
2942 18
2943 18
2944 17
2945 17
2946 17
2947 17
2948 17
2949 17
2950 17
2951 18
2952 18
2953 17
2954 26
2955 18
2956 18
2957 17
2958 19
2959 18
2960 17
2961 17
2962 17
2963 17
2964 18
2965 18
2966 18
2967 18
2968 27
2969 18
2970 17
2971 17
2972 17
2973 17
2974 18
2975 18
2976 18
2977 18
2978 18
2979 17
2980 17
2981 17
2982 17
2983 18
2984 18
2985 19
2986 19
2987 18
2988 18
2989 18
2990 27
2991 18
2992 18
2993 18
2994 18
2995 17
2996 17
2997 17
2998 17
2999 17
3000 17
3001 17
3002 17
3003 17
3004 17
3005 17
3006 17
3007 17
3008 17
3009 18
3010 17
3011 17
3012 17
3013 17
3014 18
3015 19
3016 18
3017 18
3018 18
3019 17
3020 18
3021 17
3022 18
3023 17
3024 18
3025 17
3026 17
3027 17
3028 17
3029 26
3030 18
3031 18
3032 18
3033 18
3034 18
3035 18
3036 17
3037 18
3038 17
3039 18
3040 18
3041 18
3042 17
3043 18
3044 18
3045 17
3046 18
3047 18
3048 18
3049 18
3050 17
3051 17
3052 18
3053 18
3054 17
3055 17
3056 18
3057 18
3058 17
3059 18
3060 18
3061 18
3062 17
3063 17
3064 18
3065 18
3066 17
3067 17
3068 17
3069 18
3070 17
3071 17
3072 18
3073 18
3074 17
3075 17
3076 18
3077 20
3078 17
3079 18
3080 17
3081 17
3082 18
3083 17
3084 18
3085 18
3086 26
3087 18
3088 18
3089 17
3090 19
3091 18
3092 19
3093 18
3094 18
3095 17
3096 18
3097 17
3098 17
3099 18
3100 17
3101 18
3102 17
3103 18
3104 18
3105 17
3106 17
3107 18
3108 17
3109 17
3110 17
3111 17
3112 18
3113 27
3114 18
3115 18
3116 17
3117 17
3118 17
3119 17
3120 18
3121 17
3122 17
3123 17
3124 17
3125 17
3126 17
3127 17
3128 17
3129 18
3130 19
3131 23
3132 18
3133 17
3134 17
3135 17
3136 17
3137 17
3138 17
3139 17
3140 18
3141 18
3142 18
3143 17
3144 17
3145 17
3146 17
3147 17
3148 17
3149 17
3150 17
3151 18
3152 18
3153 18
3154 17
3155 17
3156 17
3157 19
3158 17
3159 17
3160 18
3161 18
3162 18
3163 17
3164 18
3165 17
3166 18
3167 17
3168 17
3169 17
3170 17
3171 17
3172 18
3173 18
3174 19
3175 17
3176 18
3177 18
3178 17
3179 17
3180 17
3181 18
3182 18
3183 18
3184 18
3185 19
3186 17
3187 17
3188 17
3189 17
3190 19
3191 19
3192 18
3193 17
3194 17
3195 17
3196 17
3197 17
3198 17
3199 17
3200 17
3201 17
3202 17
3203 17
3204 17
3205 17
3206 18
3207 18
3208 19
3209 18
3210 17
3211 17
3212 18
3213 18
3214 17
3215 17
3216 17
3217 17
3218 17
3219 17
3220 17
3221 17
3222 17
3223 17
3224 17
3225 17
3226 17
3227 17
3228 17
3229 17
3230 17
3231 18
3232 18
3233 18
3234 17
3235 17
3236 18
3237 17
3238 18
3239 18
3240 17
3241 17
3242 17
3243 17
3244 17
3245 17
3246 17
3247 18
3248 17
3249 18
3250 17
3251 17
3252 17
3253 18
3254 18
3255 17
3256 18
3257 18
3258 19
3259 18
3260 18
3261 17
3262 17
3263 18
3264 17
3265 18
3266 18
3267 17
3268 17
3269 17
3270 18
3271 17
3272 18
3273 17
3274 17
3275 19
3276 18
3277 18
3278 18
3279 18
3280 18
3281 18
3282 18
3283 17
3284 17
3285 18
3286 18
3287 17
3288 17
3289 18
3290 18
3291 18
3292 20
3293 18
3294 18
3295 17
3296 18
3297 19
3298 18
3299 18
3300 17
3301 17
3302 17
3303 17
3304 17
3305 17
3306 17
3307 17
3308 17
3309 17
3310 17
3311 19
3312 18
3313 17
3314 19
3315 17
3316 18
3317 18
3318 18
3319 19
3320 18
3321 18
3322 17
3323 18
3324 17
3325 17
3326 17
3327 18
3328 17
3329 17
3330 18
3331 18
3332 18
3333 18
3334 18
3335 17
3336 17
3337 17
3338 18
3339 18
3340 17
3341 17
3342 18
3343 17
3344 18
3345 18
3346 17
3347 19
3348 17
3349 17
3350 17
3351 18
3352 18
3353 18
3354 17
3355 17
3356 19
3357 17
3358 18
3359 18
3360 18
3361 17
3362 17
3363 29
3364 18
3365 17
3366 17
3367 17
3368 18
3369 18
3370 17
3371 17
3372 17
3373 17
3374 18
3375 17
3376 18
3377 17
3378 17
3379 17
3380 19
3381 17
3382 18
3383 17
3384 18
3385 17
3386 17
3387 17
3388 18
3389 18
3390 17
3391 17
3392 17
3393 18
3394 18
3395 17
3396 18
3397 18
3398 18
3399 18
3400 17
3401 17
3402 18
3403 19
3404 18
3405 17
3406 17
3407 17
3408 17
3409 17
3410 17
3411 17
3412 17
3413 18
3414 17
3415 17
3416 17
3417 17
3418 17
3419 18
3420 21
3421 17
3422 17
3423 17
3424 17
3425 17
3426 17
3427 17
3428 17
3429 17
3430 17
3431 17
3432 17
3433 18
3434 18
3435 17
3436 19
3437 18
3438 18
3439 17
3440 18
3441 17
3442 18
3443 17
3444 18
3445 16
3446 17
3447 17
3448 17
3449 18
3450 17
3451 17
3452 18
3453 18
3454 19
3455 17
3456 17
3457 17
3458 17
3459 17
3460 17
3461 17
3462 17
3463 17
3464 17
3465 17
3466 17
3467 17
3468 17
3469 17
3470 17
3471 18
3472 17
3473 18
3474 19
3475 17
3476 17
3477 17
3478 18
3479 17
3480 17
3481 18
3482 17
3483 17
3484 19
3485 17
3486 17
3487 17
3488 17
3489 21
3490 18
3491 17
3492 17
3493 18
3494 18
3495 18
3496 18
3497 17
3498 17
3499 18
3500 17
3501 17
3502 18
3503 17
3504 17
3505 17
3506 18
3507 17
3508 18
3509 17
3510 17
3511 18
3512 18
3513 17
3514 18
3515 27
3516 19
3517 17
3518 17
3519 17
3520 17
3521 17
3522 17
3523 17
3524 17
3525 17
3526 17
3527 17
3528 17
3529 17
3530 17
3531 17
3532 17
3533 18
3534 17
3535 17
3536 17
3537 17
3538 17
3539 17
3540 17
3541 17
3542 17
3543 17
3544 17
3545 18
3546 17
3547 17
3548 21
3549 18
3550 17
3551 17
3552 18
3553 18
3554 17
3555 17
3556 17
3557 17
3558 17
3559 17
3560 17
3561 17
3562 18
3563 18
3564 17
3565 17
3566 17
3567 17
3568 17
3569 17
3570 17
3571 17
3572 17
3573 17
3574 17
3575 17
3576 17
3577 17
3578 18
3579 17
3580 17
3581 17
3582 19
3583 17
3584 17
3585 17
3586 18
3587 17
3588 21
3589 17
3590 17
3591 17
3592 17
3593 17
3594 17
3595 17
3596 18
3597 18
3598 17
3599 17
3600 18
3601 17
3602 17
3603 17
3604 17
3605 17
3606 17
3607 17
3608 17
3609 17
3610 17
3611 17
3612 19
3613 17
3614 17
3615 17
3616 17
3617 17
3618 25
3619 18
3620 17
3621 25
3622 18
3623 17
3624 17
3625 17
3626 17
3627 17
3628 17
3629 17
3630 17
3631 17
3632 17
3633 17
3634 17
3635 17
3636 17
3637 17
3638 18
3639 18
3640 18
3641 17
3642 17
3643 17
3644 17
3645 18
3646 17
3647 17
3648 17
3649 27
3650 19
3651 17
3652 17
3653 17
3654 17
3655 17
3656 18
3657 17
3658 17
3659 17
3660 17
3661 18
3662 18
3663 17
3664 17
3665 17
3666 17
3667 17
3668 31
3669 19
3670 18
3671 18
3672 18
3673 18
3674 18
3675 17
3676 20
3677 17
3678 17
3679 17
3680 18
3681 17
3682 18
3683 18
3684 18
3685 17
3686 18
3687 17
3688 17
3689 17
3690 18
3691 17
3692 17
3693 17
3694 17
3695 17
3696 17
3697 17
3698 17
3699 17
3700 17
3701 17
3702 17
3703 18
3704 17
3705 17
3706 17
3707 17
3708 18
3709 18
3710 17
3711 17
3712 17
3713 17
3714 18
3715 17
3716 17
3717 17
3718 18
3719 17
3720 17
3721 18
3722 17
3723 17
3724 17
3725 17
3726 18
3727 18
3728 18
3729 17
3730 18
3731 17
3732 17
3733 17
3734 18
3735 18
3736 17
3737 17
3738 17
3739 17
3740 19
3741 18
3742 18
3743 18
3744 18
3745 18
3746 17
3747 17
3748 18
3749 17
3750 17
3751 17
3752 18
3753 18
3754 17
3755 17
3756 17
3757 18
3758 17
3759 17
3760 17
3761 17
3762 17
3763 17
3764 18
3765 18
3766 18
3767 18
3768 17
3769 17
3770 18
3771 17
3772 17
3773 17
3774 18
3775 18
3776 18
3777 17
3778 17
3779 17
3780 17
3781 17
3782 17
3783 17
3784 18
3785 18
3786 18
3787 18
3788 18
3789 18
3790 18
3791 17
3792 17
3793 17
3794 17
3795 17
3796 17
3797 17
3798 17
3799 17
3800 17
3801 17
3802 18
3803 17
3804 20
3805 17
3806 17
3807 18
3808 18
3809 17
3810 17
3811 17
3812 17
3813 17
3814 17
3815 17
3816 17
3817 18
3818 18
3819 18
3820 16
3821 17
3822 17
3823 17
3824 18
3825 18
3826 18
3827 17
3828 18
3829 17
3830 17
3831 17
3832 18
3833 18
3834 18
3835 18
3836 18
3837 17
3838 17
3839 17
3840 19
3841 17
3842 18
3843 17
3844 17
3845 18
3846 18
3847 18
3848 181
3849 19
3850 19
3851 17
3852 17
3853 17
3854 17
3855 19
3856 17
3857 18
3858 17
3859 17
3860 17
3861 17
3862 17
3863 18
3864 17
3865 18
3866 18
3867 19
3868 18
3869 17
3870 17
3871 18
3872 18
3873 17
3874 17
3875 17
3876 17
3877 17
3878 17
3879 17
3880 17
3881 17
3882 17
3883 17
3884 17
3885 17
3886 18
3887 17
3888 17
3889 18
3890 18
3891 19
3892 17
3893 18
3894 29
3895 18
3896 18
3897 17
3898 17
3899 17
3900 17
3901 17
3902 17
3903 17
3904 17
3905 17
3906 17
3907 17
3908 17
3909 17
3910 17
3911 19
3912 18
3913 18
3914 18
3915 17
3916 17
3917 17
3918 17
3919 17
3920 17
3921 17
3922 17
3923 18
3924 18
3925 18
3926 17
3927 18
3928 17
3929 18
3930 18
3931 17
3932 18
3933 18
3934 17
3935 17
3936 17
3937 18
3938 17
3939 19
3940 18
3941 18
3942 17
3943 18
3944 18
3945 19
3946 18
3947 17
3948 17
3949 18
3950 19
3951 17
3952 18
3953 17
3954 17
3955 17
3956 18
3957 18
3958 18
3959 17
3960 17
3961 18
3962 18
3963 18
3964 18
3965 17
3966 28
3967 19
3968 17
3969 18
3970 18
3971 18
3972 17
3973 17
3974 18
3975 18
3976 17
3977 17
3978 17
3979 18
3980 18
3981 17
3982 17
3983 18
3984 19
3985 17
3986 18
3987 17
3988 18
3989 18
3990 18
3991 17
3992 18
3993 18
3994 17
3995 17
3996 17
3997 18
3998 18
3999 17
4000 17
4001 17
4002 18
4003 17
4004 18
4005 19
4006 19
4007 18
4008 18
4009 18
4010 18
4011 17
4012 18
4013 17
4014 17
4015 17
4016 18
4017 18
4018 17
4019 18
4020 17
4021 18
4022 19
4023 18
4024 18
4025 17
4026 18
4027 17
4028 18
4029 18
4030 17
4031 17
4032 17
4033 18
4034 18
4035 17
4036 18
4037 18
4038 18
4039 20
4040 18
4041 18
4042 17
4043 23
4044 18
4045 27
4046 18
4047 17
4048 18
4049 17
4050 17
4051 17
4052 17
4053 18
4054 17
4055 17
4056 17
4057 17
4058 17
4059 17
4060 25
4061 18
4062 17
4063 18
4064 17
4065 17
4066 18
4067 18
4068 17
4069 17
4070 17
4071 18
4072 19
4073 18
4074 18
4075 17
4076 18
4077 17
4078 17
4079 17
4080 18
4081 18
4082 17
4083 17
4084 17
4085 18
4086 17
4087 17
4088 17
4089 18
4090 18
4091 17
4092 18
4093 18
4094 27
4095 18
4096 17
4097 18
4098 17
4099 17
4100 18
4101 18
4102 17
4103 18
4104 17
4105 17
4106 18
4107 17
4108 18
4109 18
4110 17
4111 17
4112 18
4113 17
4114 17
4115 17
4116 26
4117 18
4118 17
4119 17
4120 18
4121 18
4122 17
4123 17
4124 18
4125 17
4126 18
4127 19
4128 17
4129 17
4130 18
4131 27
4132 18
4133 18
4134 18
4135 18
4136 17
4137 18
4138 17
4139 18
4140 17
4141 17
4142 18
4143 17
4144 18
4145 18
4146 18
4147 18
4148 19
4149 18
4150 17
4151 17
4152 18
4153 18
4154 18
4155 18
4156 17
4157 17
4158 17
4159 18
4160 18
4161 19
4162 18
4163 17
4164 27
4165 18
4166 17
4167 17
4168 17
4169 17
4170 17
4171 17
4172 17
4173 17
4174 17
4175 18
4176 17
4177 17
4178 17
4179 17
4180 17
4181 17
4182 17
4183 17
4184 17
4185 17
4186 17
4187 17
4188 17
4189 17
4190 17
4191 17
4192 17
4193 17
4194 17
4195 29
4196 17
4197 17
4198 17
4199 17
4200 18
4201 17
4202 17
4203 17
4204 30
4205 19
4206 17
4207 17
4208 17
4209 17
4210 17
4211 17
4212 17
4213 17
4214 18
4215 18
4216 19
4217 18
4218 17
4219 18
4220 17
4221 17
4222 17
4223 17
4224 17
4225 17
4226 17
4227 17
4228 18
4229 17
4230 18
4231 18
4232 18
4233 17
4234 18
4235 17
4236 18
4237 18
4238 18
4239 18
4240 18
4241 17
4242 17
4243 19
4244 18
4245 17
4246 17
4247 18
4248 18
4249 17
4250 18
4251 18
4252 17
4253 18
4254 18
4255 18
4256 17
4257 17
4258 17
4259 17
4260 17
4261 17
4262 17
4263 17
4264 18
4265 23
4266 18
4267 17
4268 17
4269 17
4270 18
4271 17
4272 17
4273 18
4274 18
4275 18
4276 18
4277 18
4278 18
4279 18
4280 18
4281 18
4282 18
4283 18
4284 17
4285 17
4286 18
4287 17
4288 18
4289 18
4290 17
4291 17
4292 17
4293 17
4294 17
4295 18
4296 17
4297 17
4298 18
4299 19
4300 17
4301 18
4302 17
4303 28
4304 18
4305 18
4306 17
4307 17
4308 18
4309 19
4310 18
4311 17
4312 18
4313 18
4314 18
4315 20
4316 17
4317 17
4318 17
4319 17
4320 18
4321 18
4322 17
4323 17
4324 17
4325 27
4326 18
4327 18
4328 18
4329 17
4330 17
4331 17
4332 17
4333 17
4334 18
4335 17
4336 17
4337 19
4338 17
4339 17
4340 17
4341 17
4342 18
4343 17
4344 17
4345 17
4346 17
4347 17
4348 18
4349 17
4350 17
4351 17
4352 17
4353 18
4354 18
4355 18
4356 17
4357 17
4358 17
4359 18
4360 17
4361 18
4362 17
4363 17
4364 18
4365 17
4366 17
4367 18
4368 17
4369 17
4370 18
4371 17
4372 35
4373 18
4374 17
4375 17
4376 18
4377 17
4378 17
4379 17
4380 17
4381 17
4382 17
4383 17
4384 17
4385 17
4386 17
4387 17
4388 18
4389 17
4390 17
4391 18
4392 17
4393 17
4394 18
4395 17
4396 18
4397 19
4398 17
4399 18
4400 18
4401 18
4402 18
4403 17
4404 17
4405 17
4406 17
4407 17
4408 17
4409 18
4410 17
4411 17
4412 17
4413 17
4414 27
4415 18
4416 18
4417 17
4418 18
4419 18
4420 17
4421 17
4422 17
4423 17
4424 17
4425 17
4426 19
4427 19
4428 17
4429 17
4430 17
4431 19
4432 17
4433 17
4434 17
4435 17
4436 18
4437 17
4438 17
4439 17
4440 17
4441 18
4442 18
4443 19
4444 18
4445 18
4446 18
4447 18
4448 18
4449 17
4450 17
4451 17
4452 18
4453 17
4454 18
4455 17
4456 18
4457 17
4458 17
4459 18
4460 18
4461 17
4462 17
4463 18
4464 18
4465 17
4466 17
4467 17
4468 17
4469 17
4470 17
4471 17
4472 18
4473 19
4474 18
4475 17
4476 17
4477 17
4478 17
4479 17
4480 17
4481 17
4482 17
4483 17
4484 17
4485 18
4486 17
4487 19
4488 18
4489 18
4490 18
4491 18
4492 18
4493 18
4494 27
4495 19
4496 18
4497 17
4498 17
4499 17
4500 17
4501 17
4502 18
4503 17
4504 18
4505 18
4506 17
4507 17
4508 18
4509 19
4510 19
4511 17
4512 17
4513 17
4514 18
4515 18
4516 18
4517 17
4518 17
4519 17
4520 17
4521 17
4522 17
4523 17
4524 17
4525 18
4526 18
4527 18
4528 18
4529 17
4530 18
4531 17
4532 17
4533 16
4534 17
4535 17
4536 17
4537 17
4538 17
4539 17
4540 17
4541 17
4542 17
4543 18
4544 18
4545 17
4546 17
4547 17
4548 17
4549 17
4550 17
4551 31
4552 17
4553 17
4554 19
4555 17
4556 17
4557 17
4558 17
4559 18
4560 18
4561 17
4562 18
4563 17
4564 16
4565 18
4566 18
4567 17
4568 17
4569 17
4570 17
4571 18
4572 18
4573 17
4574 17
4575 17
4576 17
4577 18
4578 18
4579 17
4580 17
4581 18
4582 17
4583 17
4584 18
4585 18
4586 17
4587 17
4588 17
4589 17
4590 18
4591 18
4592 18
4593 17
4594 17
4595 17
4596 17
4597 17
4598 17
4599 18
4600 18
4601 17
4602 17
4603 17
4604 17
4605 17
4606 18
4607 18
4608 18
4609 17
4610 17
4611 17
4612 17
4613 17
4614 17
4615 19
4616 17
4617 17
4618 18
4619 18
4620 17
4621 17
4622 18
4623 18
4624 19
4625 17
4626 17
4627 17
4628 17
4629 17
4630 18
4631 18
4632 17
4633 19
4634 18
4635 17
4636 17
4637 18
4638 17
4639 17
4640 17
4641 17
4642 18
4643 28
4644 18
4645 18
4646 17
4647 17
4648 17
4649 17
4650 17
4651 18
4652 17
4653 17
4654 18
4655 20
4656 18
4657 18
4658 18
4659 18
4660 19
4661 18
4662 18
4663 18
4664 18
4665 17
4666 17
4667 18
4668 18
4669 17
4670 17
4671 19
4672 18
4673 17
4674 17
4675 18
4676 18
4677 17
4678 18
4679 20
4680 17
4681 17
4682 19
4683 18
4684 18
4685 18
4686 17
4687 17
4688 17
4689 17
4690 17
4691 18
4692 17
4693 18
4694 17
4695 17
4696 17
4697 17
4698 17
4699 18
4700 18
4701 18
4702 17
4703 17
4704 17
4705 18
4706 18
4707 17
4708 17
4709 18
4710 18
4711 18
4712 18
4713 17
4714 17
4715 17
4716 17
4717 17
4718 17
4719 17
4720 17
4721 17
4722 17
4723 18
4724 18
4725 17
4726 17
4727 18
4728 19
4729 18
4730 17
4731 17
4732 17
4733 17
4734 17
4735 17
4736 17
4737 17
4738 29
4739 18
4740 18
4741 17
4742 17
4743 19
4744 17
4745 17
4746 17
4747 17
4748 17
4749 18
4750 18
4751 18
4752 17
4753 17
4754 17
4755 17
4756 17
4757 17
4758 17
4759 18
4760 18
4761 18
4762 18
4763 17
4764 17
4765 17
4766 17
4767 17
4768 17
4769 17
4770 17
4771 17
4772 17
4773 17
4774 17
4775 17
4776 17
4777 17
4778 18
4779 17
4780 17
4781 17
4782 17
4783 17
4784 17
4785 17
4786 17
4787 17
4788 17
4789 17
4790 17
4791 17
4792 17
4793 17
4794 17
4795 19
4796 18
4797 17
4798 17
4799 17
4800 17
4801 17
4802 18
4803 18
4804 18
4805 28
4806 18
4807 19
4808 18
4809 18
4810 17
4811 17
4812 17
4813 17
4814 17
4815 17
4816 17
4817 18
4818 18
4819 19
4820 18
4821 17
4822 17
4823 17
4824 17
4825 17
4826 18
4827 18
4828 18
4829 17
4830 17
4831 18
4832 18
4833 18
4834 18
4835 18
4836 17
4837 17
4838 17
4839 17
4840 17
4841 17
4842 17
4843 17
4844 27
4845 18
4846 18
4847 17
4848 17
4849 17
4850 18
4851 17
4852 17
4853 17
4854 17
4855 18
4856 19
4857 18
4858 17
4859 18
4860 18
4861 17
4862 17
4863 17
4864 17
4865 17
4866 17
4867 19
4868 18
4869 18
4870 18
4871 19
4872 17
4873 17
4874 17
4875 18
4876 18
4877 17
4878 18
4879 17
4880 17
4881 17
4882 17
4883 26
4884 19
4885 18
4886 18
4887 17
4888 17
4889 17
4890 17
4891 17
4892 17
4893 17
4894 18
4895 19
4896 17
4897 17
4898 17
4899 17
4900 18
4901 18
4902 18
4903 18
4904 17
4905 17
4906 18
4907 18
4908 28
4909 18
4910 18
4911 18
4912 17
4913 17
4914 18
4915 17
4916 18
4917 19
4918 17
4919 18
4920 18
4921 17
4922 17
4923 17
4924 18
4925 17
4926 18
4927 18
4928 20
4929 18
4930 17
4931 17
4932 18
4933 17
4934 17
4935 19
4936 17
4937 17
4938 17
4939 17
4940 17
4941 18
4942 17
4943 17
4944 18
4945 19
4946 17
4947 17
4948 17
4949 17
4950 18
4951 18
4952 18
4953 18
4954 18
4955 18
4956 18
4957 17
4958 17
4959 17
4960 18
4961 17
4962 17
4963 17
4964 17
4965 17
4966 17
4967 18
4968 18
4969 18
4970 18
4971 17
4972 17
4973 17
4974 17
4975 17
4976 17
4977 17
4978 17
4979 17
4980 17
4981 17
4982 17
4983 17
4984 19
4985 17
4986 18
4987 17
4988 17
4989 17
4990 18
4991 18
4992 18
4993 18
4994 27
4995 19
4996 18
4997 17
4998 17
4999 20
5000 17
5001 17
5002 18
5003 18
5004 17
5005 17
5006 17
5007 17
5008 17
5009 17
5010 18
5011 19
5012 19
5013 17
5014 17
5015 18
5016 17
5017 17
5018 17
5019 17
5020 17
5021 17
5022 17
5023 16
5024 17
5025 17
5026 17
5027 17
5028 18
5029 17
5030 18
5031 17
5032 17
5033 18
5034 20
5035 17
5036 17
5037 17
5038 17
5039 19
5040 17
5041 18
5042 18
5043 17
5044 18
5045 17
5046 17
5047 17
5048 17
5049 17
5050 18
5051 17
5052 17
5053 17
5054 17
5055 17
5056 19
5057 18
5058 17
5059 17
5060 17
5061 18
5062 20
5063 20
5064 17
5065 17
5066 17
5067 18
5068 17
5069 17
5070 17
5071 17
5072 16
5073 18
5074 17
5075 17
5076 17
5077 17
5078 17
5079 18
5080 18
5081 17
5082 17
5083 17
5084 16
5085 17
5086 26
5087 17
5088 17
5089 17
5090 17
5091 18
5092 17
5093 17
5094 17
5095 17
5096 17
5097 18
5098 18
5099 17
5100 17
5101 17
5102 17
5103 18
5104 17
5105 17
5106 17
5107 17
5108 18
5109 17
5110 17
5111 17
5112 17
5113 17
5114 17
5115 17
5116 17
5117 16
5118 17
5119 17
5120 17
5121 17
5122 17
5123 17
5124 17
5125 17
5126 17
5127 19
5128 17
5129 17
5130 18
5131 17
5132 18
5133 17
5134 17
5135 17
5136 17
5137 17
5138 17
5139 17
5140 17
5141 18
5142 17
5143 17
5144 17
5145 17
5146 18
5147 18
5148 18
5149 17
5150 17
5151 17
5152 17
5153 17
5154 17
5155 17
5156 17
5157 17
5158 17
5159 17
5160 17
5161 16
5162 17
5163 17
5164 17
5165 17
5166 18
5167 19
5168 18
5169 17
5170 17
5171 17
5172 16
5173 18
5174 17
5175 17
5176 17
5177 17
5178 17
5179 17
5180 17
5181 19
5182 17
5183 17
5184 17
5185 17
5186 17
5187 19
5188 18
5189 18
5190 18
5191 19
5192 18
5193 17
5194 18
5195 17
5196 17
5197 17
5198 17
5199 17
5200 17
5201 17
5202 17
5203 17
5204 16
5205 17
5206 17
5207 17
5208 16
5209 17
5210 17
5211 17
5212 17
5213 18
5214 18
5215 17
5216 17
5217 17
5218 17
5219 18
5220 18
5221 18
5222 18
5223 18
5224 17
5225 17
5226 17
5227 16
5228 18
5229 17
5230 17
5231 17
5232 18
5233 18
5234 17
5235 17
5236 17
5237 17
5238 17
5239 17
5240 17
5241 18
5242 18
5243 19
5244 17
5245 18
5246 18
5247 17
5248 17
5249 17
5250 17
5251 17
5252 17
5253 17
5254 17
5255 19
5256 17
5257 17
5258 17
5259 17
5260 18
5261 17
5262 18
5263 17
5264 17
5265 17
5266 17
5267 17
5268 331
5269 18
5270 18
5271 18
5272 17
5273 17
5274 18
5275 17
5276 17
5277 17
5278 17
5279 17
5280 17
5281 17
5282 17
5283 17
5284 17
5285 17
5286 17
5287 17
5288 17
5289 17
5290 17
5291 18
5292 17
5293 18
5294 17
5295 18
5296 17
5297 17
5298 17
5299 17
5300 17
5301 17
5302 17
5303 17
5304 17
5305 17
5306 17
5307 17
5308 19
5309 17
5310 18
5311 17
5312 17
5313 18
5314 18
5315 18
5316 17
5317 17
5318 17
5319 18
5320 18
5321 17
5322 17
5323 17
5324 17
5325 18
5326 17
5327 18
5328 17
5329 17
5330 18
5331 18
5332 18
5333 17
5334 18
5335 18
5336 17
5337 17
5338 17
5339 18
5340 17
5341 30
5342 19
5343 17
5344 18
5345 17
5346 17
5347 17
5348 17
5349 17
5350 17
5351 17
5352 18
5353 17
5354 17
5355 17
5356 17
5357 18
5358 18
5359 18
5360 18
5361 17
5362 18
5363 27
5364 19
5365 18
5366 17
5367 17
5368 17
5369 17
5370 17
5371 17
5372 17
5373 18
5374 18
5375 19
5376 17
5377 18
5378 18
5379 17
5380 18
5381 18
5382 17
5383 17
5384 17
5385 17
5386 18
5387 17
5388 17
5389 17
5390 18
5391 18
5392 18
5393 17
5394 17
5395 17
5396 17
5397 17
5398 18
5399 17
5400 17
5401 18
5402 27
5403 18
5404 18
5405 18
5406 17
5407 18
5408 19
5409 17
5410 18
5411 17
5412 17
5413 18
5414 18
5415 18
5416 18
5417 18
5418 27
5419 18
5420 18
5421 18
5422 18
5423 18
5424 18
5425 17
5426 17
5427 17
5428 18
5429 17
5430 18
5431 17
5432 19
5433 18
5434 17
5435 17
5436 18
5437 18
5438 18
5439 17
5440 17
5441 17
5442 17
5443 17
5444 18
5445 18
5446 19
5447 17
5448 18
5449 17
5450 18
5451 17
5452 17
5453 17
5454 18
5455 18
5456 17
5457 19
5458 18
5459 17
5460 18
5461 18
5462 18
5463 18
5464 17
5465 17
5466 17
5467 18
5468 18
5469 17
5470 17
5471 18
5472 18
5473 17
5474 17
5475 18
5476 17
5477 17
5478 18
5479 18
5480 17
5481 17
5482 18
5483 18
5484 17
5485 17
5486 17
5487 18
5488 18
5489 17
5490 17
5491 18
5492 18
5493 19
5494 18
5495 17
5496 17
5497 17
5498 18
5499 18
5500 18
5501 17
5502 17
5503 17
5504 17
5505 17
5506 17
5507 18
5508 19
5509 17
5510 18
5511 18
5512 18
5513 17
5514 17
5515 17
5516 17
5517 17
5518 27
5519 17
5520 17
5521 18
5522 17
5523 17
5524 17
5525 17
5526 18
5527 17
5528 18
5529 18
5530 19
5531 18
5532 18
5533 18
5534 18
5535 19
5536 17
5537 18
5538 18
5539 17
5540 18
5541 18
5542 18
5543 18
5544 17
5545 17
5546 17
5547 17
5548 17
5549 17
5550 18
5551 17
5552 19
5553 17
5554 17
5555 17
5556 18
5557 18
5558 18
5559 18
5560 18
5561 17
5562 17
5563 17
5564 17
5565 18
5566 17
5567 17
5568 27
5569 19
5570 18
5571 17
5572 18
5573 19
5574 18
5575 17
5576 17
5577 18
5578 18
5579 18
5580 17
5581 17
5582 17
5583 17
5584 18
5585 19
5586 18
5587 18
5588 17
5589 17
5590 18
5591 17
5592 17
5593 17
5594 17
5595 17
5596 17
5597 18
5598 18
5599 17
5600 17
5601 17
5602 19
5603 18
5604 17
5605 17
5606 18
5607 18
5608 19
5609 18
5610 18
5611 17
5612 17
5613 19
5614 18
5615 18
5616 17
5617 17
5618 17
5619 17
5620 18
5621 17
5622 18
5623 17
5624 17
5625 17
5626 17
5627 17
5628 17
5629 27
5630 18
5631 17
5632 18
5633 17
5634 17
5635 17
5636 17
5637 17
5638 18
5639 18
5640 18
5641 17
5642 17
5643 17
5644 17
5645 18
5646 17
5647 17
5648 17
5649 17
5650 17
5651 17
5652 17
5653 29
5654 18
5655 17
5656 17
5657 17
5658 18
5659 18
5660 17
5661 18
5662 18
5663 17
5664 17
5665 17
5666 17
5667 17
5668 17
5669 17
5670 17
5671 17
5672 19
5673 18
5674 17
5675 18
5676 18
5677 18
5678 17
5679 17
5680 18
5681 17
5682 17
5683 18
5684 18
5685 18
5686 19
5687 18
5688 17
5689 17
5690 17
5691 18
5692 18
5693 18
5694 18
5695 17
5696 17
5697 17
5698 17
5699 17
5700 17
5701 17
5702 17
5703 17
5704 17
5705 18
5706 18
5707 18
5708 17
5709 18
5710 17
5711 17
5712 17
5713 18
5714 17
5715 17
5716 17
5717 17
5718 17
5719 17
5720 17
5721 17
5722 17
5723 17
5724 17
5725 17
5726 17
5727 17
5728 17
5729 17
5730 17
5731 18
5732 17
5733 18
5734 18
5735 18
5736 17
5737 17
5738 17
5739 17
5740 17
5741 17
5742 17
5743 17
5744 17
5745 17
5746 17
5747 16
5748 17
5749 17
5750 17
5751 17
5752 17
5753 17
5754 16
5755 17
5756 17
5757 17
5758 17
5759 18
5760 25
5761 18
5762 17
5763 17
5764 17
5765 17
5766 17
5767 17
5768 17
5769 17
5770 17
5771 19
5772 18
5773 18
5774 18
5775 17
5776 17
5777 17
5778 17
5779 17
5780 17
5781 18
5782 17
5783 17
5784 17
5785 17
5786 17
5787 17
5788 17
5789 22
5790 18
5791 17
5792 17
5793 17
5794 17
5795 17
5796 17
5797 17
5798 17
5799 18
5800 18
5801 17
5802 17
5803 17
5804 17
5805 17
5806 17
5807 17
5808 17
5809 17
5810 17
5811 18
5812 18
5813 17
5814 18
5815 18
5816 18
5817 18
5818 17
5819 17
5820 17
5821 18
5822 17
5823 17
5824 17
5825 17
5826 18
5827 18
5828 18
5829 17
5830 17
5831 17
5832 18
5833 17
5834 18
5835 17
5836 17
5837 18
5838 18
5839 18
5840 17
5841 17
5842 17
5843 17
5844 17
5845 17
5846 17
5847 17
5848 17
5849 17
5850 16
5851 17
5852 17
5853 17
5854 27
5855 18
5856 17
5857 18
5858 18
5859 18
5860 17
5861 17
5862 18
5863 18
5864 18
5865 18
5866 19
5867 18
5868 18
5869 18
5870 17
5871 17
5872 17
5873 18
5874 17
5875 17
5876 17
5877 17
5878 17
5879 17
5880 17
5881 17
5882 18
5883 18
5884 18
5885 18
5886 17
5887 18
5888 17
5889 18
5890 18
5891 17
5892 18
5893 17
5894 18
5895 18
5896 17
5897 17
5898 18
5899 19
5900 17
5901 18
5902 17
5903 18
5904 18
5905 17
5906 18
5907 19
5908 18
5909 17
5910 19
5911 18
5912 18
5913 18
5914 17
5915 17
5916 17
5917 17
5918 17
5919 17
5920 17
5921 18
5922 19
5923 17
5924 18
5925 18
5926 18
5927 17
5928 17
5929 17
5930 17
5931 17
5932 17
5933 17
5934 17
5935 17
5936 17
5937 17
5938 18
5939 17
5940 18
5941 17
5942 17
5943 17
5944 17
5945 17
5946 17
5947 16
5948 17
5949 18
5950 19
5951 18
5952 17
5953 17
5954 17
5955 18
5956 17
5957 18
5958 17
5959 17
5960 17
5961 18
5962 17
5963 17
5964 17
5965 17
5966 18
5967 18
5968 28
5969 19
5970 18
5971 18
5972 18
5973 18
5974 17
5975 17
5976 17
5977 17
5978 17
5979 17
5980 17
5981 17
5982 17
5983 18
5984 18
5985 18
5986 18
5987 18
5988 18
5989 19
5990 18
5991 18
5992 18
5993 18
5994 19
5995 17
5996 17
5997 18
5998 17
5999 17
6000 17
6001 17
6002 17
6003 17
6004 17
6005 18
6006 17
6007 17
6008 18
6009 18
6010 17
6011 18
6012 17
6013 17
6014 18
6015 18
6016 18
6017 19
6018 17
6019 17
6020 17
6021 18
6022 17
6023 17
6024 17
6025 17
6026 17
6027 17
6028 17
6029 17
6030 17
6031 17
6032 17
6033 18
6034 18
6035 18
6036 17
6037 17
6038 17
6039 17
6040 17
6041 17
6042 17
6043 17
6044 18
6045 17
6046 18
6047 17
6048 18
6049 17
6050 17
6051 17
6052 17
6053 17
6054 17
6055 17
6056 18
6057 17
6058 18
6059 18
6060 17
6061 17
6062 17
6063 18
6064 17
6065 17
6066 18
6067 18
6068 18
6069 18
6070 17
6071 17
6072 17
6073 17
6074 17
6075 17
6076 18
6077 17
6078 17
6079 17
6080 17
6081 17
6082 17
6083 17
6084 18
6085 19
6086 18
6087 18
6088 16
6089 18
6090 17
6091 18
6092 17
6093 17
6094 17
6095 17
6096 19
6097 18
6098 17
6099 17
6100 17
6101 17
6102 17
6103 17
6104 17
6105 18
6106 18
6107 18
6108 18
6109 17
6110 17
6111 17
6112 18
6113 19
6114 18
6115 18
6116 17
6117 18
6118 18
6119 18
6120 18
6121 17
6122 17
6123 17
6124 17
6125 18
6126 18
6127 18
6128 17
6129 18
6130 18
6131 18
6132 18
6133 18
6134 17
6135 17
6136 17
6137 17
6138 18
6139 18
6140 17
6141 17
6142 18
6143 18
6144 18
6145 17
6146 17
6147 17
6148 21
6149 19
6150 18
6151 17
6152 17
6153 17
6154 17
6155 17
6156 17
6157 17
6158 17
6159 18
6160 17
6161 17
6162 18
6163 18
6164 18
6165 18
6166 18
6167 18
6168 18
6169 18
6170 17
6171 17
6172 17
6173 18
6174 19
6175 19
6176 17
6177 17
6178 17
6179 17
6180 18
6181 17
6182 18
6183 17
6184 17
6185 18
6186 18
6187 18
6188 18
6189 17
6190 17
6191 20
6192 18
6193 18
6194 18
6195 18
6196 17
6197 18
6198 18
6199 17
6200 17
6201 18
6202 17
6203 17
6204 18
6205 18
6206 17
6207 18
6208 18
6209 18
6210 18
6211 18
6212 18
6213 19
6214 17
6215 17
6216 17
6217 18
6218 18
6219 19
6220 18
6221 18
6222 18
6223 17
6224 18
6225 18
6226 17
6227 17
6228 17
6229 28
6230 18
6231 17
6232 18
6233 17
6234 17
6235 19
6236 18
6237 17
6238 18
6239 18
6240 17
6241 17
6242 18
6243 18
6244 17
6245 17
6246 18
6247 17
6248 18
6249 18
6250 17
6251 18
6252 20
6253 18
6254 18
6255 17
6256 18
6257 17
6258 18
6259 18
6260 17
6261 17
6262 18
6263 17
6264 18
6265 18
6266 17
6267 18
6268 18
6269 17
6270 17
6271 17
6272 18
6273 18
6274 18
6275 17
6276 18
6277 17
6278 18
6279 18
6280 17
6281 17
6282 18
6283 17
6284 17
6285 18
6286 17
6287 17
6288 18
6289 18
6290 18
6291 17
6292 17
6293 18
6294 17
6295 18
6296 17
6297 26
6298 19
6299 18
6300 18
6301 18
6302 18
6303 18
6304 17
6305 18
6306 18
6307 18
6308 18
6309 18
6310 17
6311 17
6312 18
6313 19
6314 18
6315 17
6316 18
6317 18
6318 17
6319 17
6320 17
6321 18
6322 18
6323 19
6324 19
6325 18
6326 19
6327 18
6328 18
6329 18
6330 17
6331 17
6332 17
6333 17
6334 18
6335 18
6336 18
6337 17
6338 17
6339 18
6340 18
6341 19
6342 17
6343 18
6344 17
6345 18
6346 17
6347 17
6348 17
6349 18
6350 18
6351 18
6352 17
6353 17
6354 17
6355 17
6356 17
6357 18
6358 17
6359 17
6360 17
6361 18
6362 18
6363 17
6364 17
6365 17
6366 18
6367 18
6368 17
6369 26
6370 19
6371 17
6372 17
6373 18
6374 18
6375 17
6376 17
6377 18
6378 18
6379 18
6380 18
6381 18
6382 17
6383 17
6384 17
6385 18
6386 17
6387 17
6388 17
6389 18
6390 18
6391 18
6392 17
6393 18
6394 17
6395 18
6396 17
6397 17
6398 17
6399 18
6400 17
6401 17
6402 17
6403 18
6404 18
6405 17
6406 17
6407 19
6408 17
6409 17
6410 18
6411 17
6412 18
6413 17
6414 17
6415 17
6416 17
6417 18
6418 18
6419 17
6420 17
6421 17
6422 18
6423 18
6424 19
6425 18
6426 17
6427 17
6428 17
6429 18
6430 18
6431 18
6432 17
6433 17
6434 19
6435 17
6436 17
6437 17
6438 17
6439 17
6440 17
6441 18
6442 18
6443 17
6444 17
6445 18
6446 17
6447 17
6448 18
6449 17
6450 17
6451 17
6452 17
6453 17
6454 17
6455 17
6456 17
6457 17
6458 18
6459 18
6460 17
6461 17
6462 17
6463 17
6464 17
6465 18
6466 17
6467 17
6468 17
6469 17
6470 17
6471 17
6472 17
6473 17
6474 18
6475 18
6476 18
6477 17
6478 17
6479 18
6480 17
6481 18
6482 18
6483 18
6484 18
6485 19
6486 20
6487 17
6488 17
6489 18
6490 17
6491 17
6492 17
6493 17
6494 17
6495 17
6496 17
6497 17
6498 18
6499 17
6500 17
6501 17
6502 17
6503 19
6504 18
6505 18
6506 17
6507 17
6508 17
6509 17
6510 17
6511 17
6512 18
6513 17
6514 17
6515 17
6516 17
6517 18
6518 18
6519 17
6520 17
6521 17
6522 17
6523 17
6524 17
6525 17
6526 18
6527 18
6528 17
6529 17
6530 17
6531 17
6532 17
6533 17
6534 18
6535 17
6536 18
6537 17
6538 17
6539 18
6540 17
6541 17
6542 17
6543 17
6544 17
6545 17
6546 17
6547 17
6548 17
6549 17
6550 17
6551 17
6552 17
6553 17
6554 27
6555 18
6556 17
6557 17
6558 17
6559 18
6560 18
6561 17
6562 17
6563 17
6564 17
6565 17
6566 17
6567 17
6568 17
6569 17
6570 18
6571 18
6572 17
6573 17
6574 17
6575 17
6576 16
6577 17
6578 17
6579 17
6580 17
6581 17
6582 20
6583 17
6584 17
6585 17
6586 17
6587 17
6588 17
6589 17
6590 16
6591 17
6592 17
6593 18
6594 18
6595 18
6596 18
6597 17
6598 17
6599 17
6600 17
6601 17
6602 17
6603 27
6604 18
6605 17
6606 18
6607 17
6608 17
6609 18
6610 17
6611 17
6612 17
6613 17
6614 17
6615 17
6616 17
6617 17
6618 17
6619 18
6620 18
6621 18
6622 17
6623 17
6624 17
6625 17
6626 17
6627 17
6628 17
6629 17
6630 18
6631 27
6632 18
6633 18
6634 17
6635 17
6636 17
6637 17
6638 17
6639 17
6640 17
6641 17
6642 25
6643 18
6644 18
6645 17
6646 19
6647 17
6648 17
6649 17
6650 17
6651 18
6652 17
6653 17
6654 17
6655 17
6656 17
6657 17
6658 17
6659 17
6660 19
6661 18
6662 17
6663 17
6664 17
6665 17
6666 17
6667 17
6668 18
6669 18
6670 17
6671 17
6672 17
6673 17
6674 18
6675 17
6676 18
6677 18
6678 18
6679 17
6680 18
6681 18
6682 18
6683 17
6684 250
6685 20
6686 18
6687 18
6688 18
6689 18
6690 18
6691 18
6692 17
6693 29
6694 18
6695 17
6696 18
6697 18
6698 17
6699 17
6700 17
6701 17
6702 17
6703 17
6704 17
6705 20
6706 18
6707 18
6708 18
6709 18
6710 19
6711 18
6712 18
6713 18
6714 18
6715 18
6716 17
6717 17
6718 17
6719 18
6720 18
6721 18
6722 18
6723 17
6724 18
6725 17
6726 17
6727 17
6728 17
6729 18
6730 18
6731 18
6732 18
6733 18
6734 18
6735 17
6736 17
6737 17
6738 18
6739 18
6740 18
6741 17
6742 17
6743 17
6744 17
6745 17
6746 17
6747 17
6748 17
6749 18
6750 18
6751 17
6752 17
6753 18
6754 18
6755 19
6756 17
6757 17
6758 17
6759 17
6760 17
6761 17
6762 18
6763 18
6764 17
6765 17
6766 18
6767 19
6768 18
6769 17
6770 17
6771 17
6772 17
6773 18
6774 17
6775 17
6776 17
6777 18
6778 17
6779 18
6780 17
6781 18
6782 17
6783 17
6784 17
6785 18
6786 18
6787 17
6788 18
6789 17
6790 26
6791 18
6792 17
6793 17
6794 17
6795 17
6796 17
6797 18
6798 17
6799 22
6800 18
6801 18
6802 18
6803 17
6804 17
6805 17
6806 17
6807 17
6808 17
6809 17
6810 18
6811 18
6812 18
6813 17
6814 18
6815 17
6816 27
6817 18
6818 17
6819 17
6820 17
6821 17
6822 17
6823 17
6824 17
6825 17
6826 17
6827 17
6828 17
6829 18
6830 18
6831 17
6832 18
6833 18
6834 18
6835 18
6836 17
6837 17
6838 17
6839 18
6840 18
6841 18
6842 19
6843 17
6844 18
6845 18
6846 18
6847 18
6848 17
6849 17
6850 17
6851 18
6852 29
6853 18
6854 18
6855 17
6856 17
6857 17
6858 17
6859 17
6860 18
6861 18
6862 18
6863 18
6864 17
6865 17
6866 17
6867 18
6868 18
6869 17
6870 17
6871 18
6872 18
6873 18
6874 17
6875 17
6876 17
6877 17
6878 18
6879 18
6880 18
6881 18
6882 17
6883 17
6884 17
6885 18
6886 17
6887 17
6888 18
6889 19
6890 18
6891 18
6892 18
6893 18
6894 18
6895 18
6896 18
6897 17
6898 17
6899 17
6900 18
6901 18
6902 19
6903 18
6904 18
6905 18
6906 18
6907 17
6908 17
6909 18
6910 17
6911 17
6912 17
6913 17
6914 17
6915 18
6916 18
6917 19
6918 18
6919 17
6920 17
6921 17
6922 28
6923 18
6924 18
6925 17
6926 17
6927 17
6928 18
6929 17
6930 17
6931 17
6932 17
6933 17
6934 19
6935 18
6936 17
6937 17
6938 17
6939 17
6940 17
6941 18
6942 18
6943 17
6944 17
6945 17
6946 17
6947 17
6948 17
6949 18
6950 17
6951 17
6952 17
6953 17
6954 17
6955 17
6956 17
6957 17
6958 17
6959 17
6960 17
6961 21
6962 17
6963 18
6964 18
6965 19
6966 17
6967 17
6968 17
6969 17
6970 17
6971 17
6972 18
6973 18
6974 18
6975 19
6976 18
6977 18
6978 18
6979 17
6980 18
6981 18
6982 18
6983 17
6984 19
6985 18
6986 18
6987 17
6988 17
6989 17
6990 17
6991 17
6992 17
6993 17
6994 17
6995 17
6996 17
6997 17
6998 17
6999 17
7000 17
7001 17
7002 17
7003 18
7004 18
7005 17
7006 17
7007 17
7008 18
7009 28
7010 18
7011 18
7012 17
7013 18
7014 17
7015 17
7016 18
7017 19
7018 18
7019 17
7020 18
7021 18
7022 18
7023 17
7024 18
7025 17
7026 17
7027 17
7028 18
7029 18
7030 34
7031 18
7032 18
7033 19
7034 19
7035 18
7036 17
7037 17
7038 17
7039 17
7040 17
7041 18
7042 17
7043 17
7044 17
7045 17
7046 17
7047 17
7048 17
7049 17
7050 18
7051 17
7052 17
7053 17
7054 18
7055 18
7056 19
7057 18
7058 18
7059 17
7060 17
7061 17
7062 17
7063 18
7064 18
7065 18
7066 27
7067 18
7068 17
7069 18
7070 17
7071 18
7072 17
7073 17
7074 18
7075 17
7076 17
7077 18
7078 18
7079 17
7080 17
7081 18
7082 17
7083 17
7084 18
7085 18
7086 17
7087 17
7088 17
7089 18
7090 17
7091 17
7092 17
7093 18
7094 18
7095 26
7096 19
7097 18
7098 18
7099 17
7100 18
7101 18
7102 17
7103 17
7104 18
7105 17
7106 18
7107 18
7108 18
7109 17
7110 26
7111 18
7112 18
7113 18
7114 17
7115 17
7116 18
7117 18
7118 17
7119 17
7120 18
7121 18
7122 18
7123 18
7124 18
7125 18
7126 18
7127 19
7128 18
7129 17
7130 18
7131 18
7132 19
7133 19
7134 18
7135 18
7136 18
7137 17
7138 18
7139 17
7140 17
7141 18
7142 17
7143 18
7144 18
7145 17
7146 18
7147 18
7148 17
7149 17
7150 18
7151 18
7152 17
7153 17
7154 17
7155 18
7156 19
7157 17
7158 18
7159 19
7160 18
7161 19
7162 17
7163 17
7164 17
7165 18
7166 18
7167 18
7168 17
7169 17
7170 17
7171 17
7172 18
7173 18
7174 17
7175 18
7176 18
7177 17
7178 17
7179 18
7180 18
7181 18
7182 17
7183 18
7184 17
7185 19
7186 17
7187 17
7188 18
7189 18
7190 17
7191 18
7192 18
7193 17
7194 18
7195 18
7196 18
7197 18
7198 17
7199 18
7200 19
7201 18
7202 18
7203 17
7204 18
7205 17
7206 18
7207 22
7208 18
7209 18
7210 18
7211 19
7212 17
7213 18
7214 17
7215 17
7216 18
7217 17
7218 18
7219 18
7220 17
7221 18
7222 19
7223 17
7224 18
7225 18
7226 28
7227 18
7228 17
7229 18
7230 18
7231 18
7232 17
7233 17
7234 18
7235 18
7236 17
7237 18
7238 18
7239 17
7240 17
7241 17
7242 18
7243 19
7244 19
7245 18
7246 18
7247 17
7248 18
7249 19
7250 18
7251 17
7252 17
7253 17
7254 18
7255 18
7256 18
7257 18
7258 17
7259 27
7260 18
7261 17
7262 18
7263 18
7264 18
7265 17
7266 17
7267 17
7268 17
7269 17
7270 17
7271 17
7272 18
7273 18
7274 18
7275 18
7276 18
7277 18
7278 18
7279 17
7280 17
7281 17
7282 17
7283 17
7284 17
7285 17
7286 17
7287 18
7288 17
7289 18
7290 18
7291 18
7292 17
7293 18
7294 18
7295 17
7296 17
7297 17
7298 17
7299 18
7300 18
7301 17
7302 17
7303 17
7304 18
7305 19
7306 18
7307 17
7308 17
7309 17
7310 19
7311 17
7312 18
7313 18
7314 17
7315 17
7316 17
7317 17
7318 17
7319 17
7320 17
7321 18
7322 18
7323 17
7324 17
7325 17
7326 17
7327 17
7328 17
7329 17
7330 17
7331 17
7332 27
7333 18
7334 18
7335 17
7336 17
7337 17
7338 17
7339 17
7340 17
7341 17
7342 17
7343 17
7344 17
7345 17
7346 17
7347 17
7348 17
7349 18
7350 18
7351 18
7352 17
7353 17
7354 17
7355 17
7356 17
7357 18
7358 18
7359 17
7360 18
7361 20
7362 21
7363 17
7364 17
7365 17
7366 17
7367 17
7368 17
7369 17
7370 17
7371 17
7372 17
7373 17
7374 17
7375 17
7376 17
7377 17
7378 17
7379 17
7380 17
7381 18
7382 17
7383 17
7384 26
7385 30
7386 18
7387 17
7388 17
7389 17
7390 17
7391 17
7392 18
7393 18
7394 18
7395 17
7396 17
7397 17
7398 18
7399 18
7400 18
7401 18
7402 17
7403 17
7404 17
7405 17
7406 17
7407 17
7408 18
7409 17
7410 17
7411 17
7412 17
7413 17
7414 18
7415 18
7416 18
7417 26
7418 18
7419 17
7420 18
7421 18
7422 17
7423 19
7424 17
7425 17
7426 20
7427 18
7428 17
7429 17
7430 17
7431 17
7432 17
7433 18
7434 18
7435 18
7436 18
7437 18
7438 18
7439 18
7440 17
7441 17
7442 17
7443 17
7444 18
7445 18
7446 28
7447 18
7448 17
7449 17
7450 17
7451 17
7452 18
7453 18
7454 18
7455 19
7456 18
7457 17
7458 17
7459 18
7460 18
7461 17
7462 18
7463 18
7464 17
7465 17
7466 18
7467 18
7468 17
7469 18
7470 17
7471 19
7472 18
7473 17
7474 17
7475 18
7476 18
7477 19
7478 17
7479 18
7480 17
7481 18
7482 20
7483 18
7484 17
7485 17
7486 18
7487 18
7488 18
7489 17
7490 19
7491 18
7492 17
7493 17
7494 18
7495 18
7496 17
7497 17
7498 17
7499 18
7500 17
7501 17
7502 17
7503 17
7504 18
7505 17
7506 17
7507 17
7508 17
7509 17
7510 18
7511 27
7512 18
7513 18
7514 17
7515 17
7516 18
7517 18
7518 17
7519 18
7520 17
7521 17
7522 17
7523 17
7524 18
7525 17
7526 17
7527 17
7528 17
7529 17
7530 17
7531 18
7532 18
7533 18
7534 17
7535 17
7536 17
7537 17
7538 17
7539 17
7540 17
7541 17
7542 18
7543 18
7544 18
7545 17
7546 18
7547 17
7548 17
7549 17
7550 17
7551 17
7552 18
7553 17
7554 19
7555 17
7556 18
7557 18
7558 17
7559 18
7560 18
7561 17
7562 18
7563 18
7564 18
7565 18
7566 27
7567 18
7568 17
7569 17
7570 18
7571 17
7572 17
7573 17
7574 17
7575 17
7576 18
7577 19
7578 18
7579 17
7580 17
7581 27
7582 18
7583 18
7584 17
7585 17
7586 17
7587 18
7588 18
7589 17
7590 17
7591 17
7592 17
7593 17
7594 17
7595 17
7596 17
7597 17
7598 17
7599 17
7600 17
7601 17
7602 18
7603 17
7604 17
7605 17
7606 17
7607 17
7608 17
7609 17
7610 17
7611 18
7612 19
7613 18
7614 17
7615 17
7616 17
7617 17
7618 19
7619 17
7620 17
7621 18
7622 17
7623 17
7624 17
7625 17
7626 17
7627 18
7628 17
7629 17
7630 17
7631 16
7632 18
7633 17
7634 17
7635 17
7636 18
7637 18
7638 18
7639 18
7640 18
7641 18
7642 18
7643 17
7644 17
7645 17
7646 17
7647 17
7648 17
7649 17
7650 17
7651 17
7652 18
7653 17
7654 19
7655 17
7656 26
7657 20
7658 17
7659 17
7660 17
7661 17
7662 17
7663 17
7664 18
7665 17
7666 18
7667 17
7668 17
7669 17
7670 17
7671 17
7672 18
7673 18
7674 18
7675 17
7676 17
7677 17
7678 17
7679 17
7680 17
7681 17
7682 19
7683 19
7684 18
7685 18
7686 17
7687 17
7688 17
7689 18
7690 17
7691 17
7692 17
7693 17
7694 17
7695 18
7696 17
7697 18
7698 17
7699 17
7700 17
7701 17
7702 17
7703 17
7704 17
7705 18
7706 18
7707 17
7708 17
7709 16
7710 17
7711 17
7712 17
7713 18
7714 17
7715 17
7716 17
7717 18
7718 17
7719 18
7720 18
7721 17
7722 18
7723 17
7724 17
7725 17
7726 17
7727 17
7728 17
7729 18
7730 18
7731 17
7732 17
7733 17
7734 17
7735 17
7736 18
7737 17
7738 18
7739 17
7740 17
7741 17
7742 28
7743 17
7744 17
7745 17
7746 19
7747 17
7748 16
7749 17
7750 17
7751 17
7752 18
7753 18
7754 17
7755 17
7756 17
7757 17
7758 17
7759 17
7760 17
7761 17
7762 17
7763 17
7764 17
7765 17
7766 18
7767 17
7768 17
7769 18
7770 18
7771 19
7772 17
7773 17
7774 18
7775 18
7776 17
7777 17
7778 18
7779 17
7780 17
7781 17
7782 17
7783 17
7784 17
7785 17
7786 17
7787 17
7788 18
7789 18
7790 18
7791 18
7792 18
7793 18
7794 17
7795 18
7796 18
7797 17
7798 17
7799 17
7800 17
7801 17
7802 19
7803 18
7804 18
7805 18
7806 17
7807 17
7808 17
7809 17
7810 19
7811 17
7812 17
7813 17
7814 17
7815 17
7816 17
7817 17
7818 17
7819 18
7820 17
7821 17
7822 17
7823 17
7824 17
7825 17
7826 17
7827 17
7828 17
7829 17
7830 17
7831 18
7832 17
7833 17
7834 17
7835 17
7836 18
7837 18
7838 18
7839 18
7840 18
7841 17
7842 17
7843 17
7844 17
7845 17
7846 28
7847 18
7848 16
7849 18
7850 17
7851 18
7852 17
7853 17
7854 17
7855 17
7856 17
7857 18
7858 19
7859 18
7860 17
7861 17
7862 17
7863 17
7864 17
7865 18
7866 17
7867 17
7868 17
7869 18
7870 17
7871 18
7872 18
7873 17
7874 19
7875 17
7876 17
7877 17
7878 17
7879 17
7880 18
7881 18
7882 18
7883 18
7884 17
7885 27
7886 18
7887 18
7888 17
7889 17
7890 17
7891 17
7892 17
7893 17
7894 17
7895 17
7896 18
7897 18
7898 17
7899 17
7900 17
7901 17
7902 17
7903 17
7904 17
7905 18
7906 17
7907 17
7908 20
7909 17
7910 17
7911 17
7912 17
7913 18
7914 18
7915 18
7916 18
7917 17
7918 18
7919 17
7920 17
7921 22
7922 18
7923 17
7924 18
7925 19
7926 18
7927 17
7928 17
7929 18
7930 18
7931 18
7932 18
7933 18
7934 17
7935 17
7936 19
7937 17
7938 20
7939 17
7940 17
7941 18
7942 18
7943 17
7944 17
7945 17
7946 18
7947 18
7948 17
7949 17
7950 17
7951 17
7952 18
7953 20
7954 17
7955 17
7956 17
7957 17
7958 16
7959 18
7960 17
7961 17
7962 17
7963 17
7964 17
7965 17
7966 17
7967 17
7968 17
7969 18
7970 19
7971 17
7972 18
7973 18
7974 18
7975 18
7976 17
7977 17
7978 18
7979 18
7980 18
7981 17
7982 17
7983 17
7984 17
7985 18
7986 18
7987 18
7988 17
7989 17
7990 17
7991 18
7992 18
7993 18
7994 17
7995 17
7996 17
7997 17
7998 18
7999 18
8000 20
8001 17
8002 19
8003 17
8004 18
8005 18
8006 18
8007 18
8008 18
8009 17
8010 17
8011 17
8012 17
8013 17
8014 18
8015 19
8016 17
8017 17
8018 17
8019 17
8020 17
8021 17
8022 17
8023 17
8024 17
8025 17
8026 17
8027 16
8028 17
8029 17
8030 17
8031 17
8032 18
8033 18
8034 17
8035 17
8036 28
8037 18
8038 17
8039 17
8040 18
8041 17
8042 17
8043 17
8044 17
8045 17
8046 17
8047 18
8048 18
8049 17
8050 17
8051 17
8052 18
8053 17
8054 18
8055 17
8056 17
8057 17
8058 17
8059 17
8060 17
8061 17
8062 18
8063 17
8064 17
8065 18
8066 20
8067 17
8068 17
8069 19
8070 17
8071 25
8072 18
8073 18
8074 17
8075 17
8076 17
8077 17
8078 17
8079 18
8080 17
8081 17
8082 17
8083 17
8084 17
8085 17
8086 18
8087 17
8088 18
8089 18
8090 17
8091 17
8092 17
8093 17
8094 17
8095 17
8096 17
8097 18
8098 19
8099 17
8100 253
8101 22
8102 18
8103 17
8104 17
8105 18
8106 17
8107 17
8108 17
8109 28
8110 19
8111 18
8112 18
8113 17
8114 17
8115 17
8116 17
8117 17
8118 17
8119 17
8120 17
8121 17
8122 17
8123 17
8124 17
8125 17
8126 17
8127 18
8128 17
8129 18
8130 18
8131 17
8132 17
8133 17
8134 17
8135 17
8136 17
8137 18
8138 19
8139 18
8140 17
8141 17
8142 17
8143 19
8144 18
8145 18
8146 17
8147 17
8148 18
8149 18
8150 18
8151 17
8152 17
8153 17
8154 17
8155 17
8156 17
8157 17
8158 18
8159 18
8160 18
8161 18
8162 18
8163 17
8164 17
8165 17
8166 18
8167 18
8168 18
8169 17
8170 18
8171 18
8172 18
8173 18
8174 17
8175 17
8176 17
8177 18
8178 18
8179 18
8180 17
8181 17
8182 17
8183 17
8184 17
8185 17
8186 17
8187 17
8188 18
8189 19
8190 17
8191 17
8192 17
8193 27
8194 18
8195 17
8196 18
8197 17
8198 18
8199 17
8200 17
8201 18
8202 18
8203 21
8204 18
8205 17
8206 18
8207 18
8208 17
8209 17
8210 18
8211 19
8212 18
8213 18
8214 17
8215 18
8216 17
8217 18
8218 18
8219 18
8220 17
8221 18
8222 18
8223 18
8224 18
8225 18
8226 17
8227 18
8228 18
8229 17
8230 17
8231 18
8232 18
8233 18
8234 17
8235 17
8236 18
8237 18
8238 19
8239 18
8240 18
8241 17
8242 17
8243 18
8244 18
8245 17
8246 18
8247 18
8248 18
8249 17
8250 17
8251 18
8252 18
8253 17
8254 27
8255 19
8256 18
8257 17
8258 17
8259 17
8260 17
8261 17
8262 18
8263 17
8264 17
8265 18
8266 19
8267 18
8268 18
8269 17
8270 28
8271 18
8272 17
8273 17
8274 17
8275 17
8276 17
8277 18
8278 18
8279 18
8280 17
8281 18
8282 19
8283 18
8284 17
8285 17
8286 17
8287 17
8288 17
8289 17
8290 17
8291 17
8292 17
8293 17
8294 17
8295 17
8296 17
8297 18
8298 17
8299 18
8300 18
8301 17
8302 18
8303 18
8304 18
8305 17
8306 18
8307 17
8308 17
8309 27
8310 18
8311 17
8312 17
8313 17
8314 17
8315 17
8316 17
8317 17
8318 17
8319 17
8320 17
8321 18
8322 18
8323 17
8324 17
8325 17
8326 18
8327 18
8328 18
8329 18
8330 18
8331 17
8332 17
8333 18
8334 17
8335 18
8336 18
8337 17
8338 17
8339 17
8340 17
8341 17
8342 17
8343 17
8344 17
8345 17
8346 17
8347 17
8348 17
8349 17
8350 18
8351 19
8352 17
8353 18
8354 18
8355 18
8356 18
8357 17
8358 17
8359 17
8360 18
8361 19
8362 18
8363 17
8364 17
8365 17
8366 17
8367 18
8368 17
8369 18
8370 18
8371 19
8372 19
8373 18
8374 17
8375 17
8376 18
8377 18
8378 18
8379 18
8380 17
8381 17
8382 17
8383 17
8384 17
8385 18
8386 17
8387 17
8388 17
8389 17
8390 17
8391 17
8392 17
8393 18
8394 18
8395 17
8396 17
8397 17
8398 17
8399 17
8400 17
8401 17
8402 17
8403 17
8404 17
8405 17
8406 18
8407 17
8408 17
8409 17
8410 17
8411 17
8412 18
8413 17
8414 17
8415 17
8416 17
8417 17
8418 17
8419 17
8420 17
8421 18
8422 17
8423 18
8424 18
8425 17
8426 18
8427 17
8428 17
8429 17
8430 17
8431 17
8432 17
8433 17
8434 17
8435 17
8436 17
8437 17
8438 17
8439 17
8440 18
8441 18
8442 17
8443 17
8444 17
8445 18
8446 18
8447 18
8448 19
8449 18
8450 17
8451 18
8452 18
8453 18
8454 17
8455 17
8456 17
8457 17
8458 17
8459 17
8460 17
8461 17
8462 17
8463 17
8464 19
8465 18
8466 17
8467 17
8468 17
8469 17
8470 17
8471 16
8472 17
8473 17
8474 17
8475 17
8476 17
8477 18
8478 17
8479 19
8480 18
8481 18
8482 17
8483 17
8484 17
8485 18
8486 18
8487 17
8488 17
8489 17
8490 17
8491 17
8492 18
8493 18
8494 18
8495 18
8496 19
8497 17
8498 18
8499 17
8500 17
8501 17
8502 17
8503 18
8504 18
8505 17
8506 18
8507 18
8508 18
8509 18
8510 17
8511 17
8512 17
8513 18
8514 17
8515 18
8516 18
8517 18
8518 17
8519 18
8520 18
8521 17
8522 17
8523 17
8524 17
8525 17
8526 17
8527 17
8528 17
8529 17
8530 18
8531 17
8532 17
8533 18
8534 17
8535 17
8536 18
8537 17
8538 17
8539 18
8540 17
8541 18
8542 17
8543 18
8544 18
8545 17
8546 18
8547 18
8548 18
8549 17
8550 18
8551 18
8552 18
8553 18
8554 17
8555 17
8556 17
8557 17
8558 18
8559 18
8560 18
8561 18
8562 18
8563 19
8564 19
8565 17
8566 17
8567 17
8568 18
8569 17
8570 17
8571 17
8572 17
8573 17
8574 17
8575 18
8576 18
8577 18
8578 17
8579 17
8580 18
8581 18
8582 18
8583 17
8584 18
8585 18
8586 17
8587 18
8588 17
8589 17
8590 17
8591 18
8592 18
8593 18
8594 18
8595 17
8596 18
8597 18
8598 18
8599 18
8600 17
8601 18
8602 18
8603 17
8604 18
8605 18
8606 17
8607 17
8608 17
8609 17
8610 18
8611 18
8612 18
8613 28
8614 18
8615 17
8616 18
8617 18
8618 17
8619 18
8620 18
8621 18
8622 18
8623 17
8624 18
8625 18
8626 17
8627 19
8628 18
8629 18
8630 19
8631 17
8632 18
8633 17
8634 18
8635 18
8636 18
8637 17
8638 18
8639 18
8640 18
8641 17
8642 18
8643 18
8644 18
8645 18
8646 18
8647 18
8648 17
8649 17
8650 18
8651 17
8652 17
8653 18
8654 18
8655 18
8656 17
8657 18
8658 17
8659 18
8660 18
8661 17
8662 17
8663 17
8664 17
8665 17
8666 17
8667 18
8668 18
8669 18
8670 18
8671 17
8672 17
8673 17
8674 17
8675 18
8676 17
8677 17
8678 18
8679 18
8680 18
8681 17
8682 17
8683 17
8684 17
8685 17
8686 17
8687 17
8688 17
8689 18
8690 18
8691 18
8692 17
8693 18
8694 17
8695 18
8696 18
8697 18
8698 18
8699 19
8700 18
8701 17
8702 18
8703 18
8704 17
8705 18
8706 17
8707 18
8708 17
8709 17
8710 17
8711 17
8712 18
8713 18
8714 17
8715 17
8716 17
8717 17
8718 18
8719 19
8720 18
8721 18
8722 18
8723 18
8724 18
8725 17
8726 17
8727 17
8728 17
8729 17
8730 17
8731 17
8732 17
8733 17
8734 17
8735 17
8736 18
8737 18
8738 18
8739 18
8740 18
8741 18
8742 17
8743 17
8744 17
8745 17
8746 17
8747 18
8748 18
8749 18
8750 17
8751 17
8752 28
8753 19
8754 17
8755 18
8756 16
8757 18
8758 18
8759 17
8760 18
8761 18
8762 18
8763 18
8764 17
8765 17
8766 17
8767 17
8768 17
8769 18
8770 19
8771 17
8772 17
8773 17
8774 17
8775 18
8776 17
8777 18
8778 17
8779 17
8780 17
8781 17
8782 17
8783 17
8784 17
8785 17
8786 17
8787 17
8788 17
8789 17
8790 17
8791 17
8792 19
8793 17
8794 18
8795 18
8796 18
8797 17
8798 17
8799 17
8800 17
8801 17
8802 17
8803 17
8804 17
8805 22
8806 18
8807 18
8808 28
8809 18
8810 18
8811 17
8812 18
8813 18
8814 19
8815 17
8816 17
8817 17
8818 18
8819 17
8820 17
8821 17
8822 17
8823 17
8824 17
8825 18
8826 18
8827 18
8828 17
8829 17
8830 17
8831 17
8832 18
8833 17
8834 17
8835 17
8836 18
8837 19
8838 18
8839 17
8840 18
8841 17
8842 17
8843 17
8844 18
8845 17
8846 17
8847 17
8848 17
8849 18
8850 17
8851 17
8852 17
8853 17
8854 17
8855 17
8856 17
8857 17
8858 17
8859 18
8860 18
8861 17
8862 17
8863 17
8864 17
8865 17
8866 17
8867 17
8868 18
8869 17
8870 18
8871 18
8872 18
8873 19
8874 18
8875 17
8876 17
8877 17
8878 17
8879 17
8880 17
8881 18
8882 17
8883 17
8884 17
8885 17
8886 18
8887 17
8888 17
8889 17
8890 17
8891 17
8892 17
8893 17
8894 17
8895 17
8896 18
8897 17
8898 19
8899 18
8900 18
8901 17
8902 18
8903 17
8904 17
8905 17
8906 17
8907 17
8908 17
8909 17
8910 17
8911 17
8912 18
8913 17
8914 17
8915 27
8916 18
8917 17
8918 17
8919 17
8920 18
8921 17
8922 17
8923 17
8924 17
8925 17
8926 18
8927 17
8928 17
8929 17
8930 17
8931 18
8932 17
8933 17
8934 17
8935 17
8936 18
8937 18
8938 18
8939 18
8940 18
8941 17
8942 17
8943 17
8944 17
8945 17
8946 18
8947 17
8948 17
8949 17
8950 17
8951 17
8952 17
8953 17
8954 17
8955 17
8956 17
8957 17
8958 17
8959 17
8960 17
8961 17
8962 17
8963 17
8964 17
8965 17
8966 17
8967 17
8968 17
8969 17
8970 17
8971 17
8972 17
8973 17
8974 17
8975 17
8976 18
8977 18
8978 18
8979 26
8980 18
8981 18
8982 17
8983 17
8984 17
8985 17
8986 19
8987 17
8988 25
8989 18
8990 17
8991 17
8992 17
8993 25
8994 18
8995 18
8996 17
8997 17
8998 17
8999 17
9000 17
9001 17
9002 17
9003 17
9004 17
9005 17
9006 17
9007 17
9008 17
9009 17
9010 17
9011 17
9012 19
9013 18
9014 18
9015 17
9016 18
9017 17
9018 18
9019 19
9020 18
9021 18
9022 17
9023 18
9024 18
9025 18
9026 17
9027 18
9028 19
9029 17
9030 18
9031 18
9032 17
9033 17
9034 17
9035 17
9036 17
9037 17
9038 19
9039 19
9040 17
9041 18
9042 18
9043 18
9044 17
9045 17
9046 18
9047 18
9048 18
9049 18
9050 17
9051 17
9052 17
9053 18
9054 18
9055 18
9056 18
9057 17
9058 18
9059 18
9060 18
9061 18
9062 17
9063 17
9064 17
9065 17
9066 18
9067 19
9068 18
9069 17
9070 17
9071 18
9072 18
9073 17
9074 18
9075 18
9076 18
9077 18
9078 18
9079 17
9080 17
9081 17
9082 17
9083 18
9084 19
9085 18
9086 18
9087 17
9088 18
9089 17
9090 17
9091 17
9092 17
9093 17
9094 17
9095 17
9096 17
9097 17
9098 18
9099 17
9100 19
9101 19
9102 18
9103 17
9104 18
9105 18
9106 18
9107 17
9108 18
9109 18
9110 17
9111 18
9112 18
9113 17
9114 17
9115 18
9116 17
9117 18
9118 17
9119 18
9120 18
9121 17
9122 18
9123 19
9124 18
9125 18
9126 18
9127 18
9128 17
9129 17
9130 18
9131 17
9132 17
9133 18
9134 19
9135 17
9136 18
9137 18
9138 17
9139 17
9140 18
9141 17
9142 18
9143 18
9144 18
9145 19
9146 18
9147 17
9148 18
9149 18
9150 20
9151 18
9152 18
9153 18
9154 17
9155 18
9156 18
9157 17
9158 18
9159 18
9160 17
9161 17
9162 17
9163 33
9164 18
9165 17
9166 19
9167 19
9168 17
9169 18
9170 18
9171 18
9172 17
9173 17
9174 18
9175 18
9176 17
9177 17
9178 18
9179 18
9180 18
9181 17
9182 27
9183 19
9184 17
9185 17
9186 18
9187 17
9188 17
9189 17
9190 17
9191 17
9192 17
9193 18
9194 18
9195 17
9196 17
9197 18
9198 18
9199 17
9200 18
9201 18
9202 17
9203 18
9204 18
9205 18
9206 17
9207 18
9208 18
9209 17
9210 18
9211 17
9212 17
9213 17
9214 17
9215 17
9216 18
9217 18
9218 18
9219 17
9220 17
9221 17
9222 18
9223 17
9224 17
9225 17
9226 17
9227 18
9228 18
9229 18
9230 17
9231 17
9232 17
9233 17
9234 17
9235 17
9236 17
9237 17
9238 18
9239 17
9240 18
9241 18
9242 17
9243 17
9244 17
9245 17
9246 17
9247 17
9248 17
9249 17
9250 17
9251 26
9252 19
9253 18
9254 17
9255 17
9256 17
9257 17
9258 17
9259 17
9260 18
9261 18
9262 19
9263 17
9264 17
9265 17
9266 17
9267 17
9268 17
9269 17
9270 17
9271 17
9272 17
9273 17
9274 18
9275 18
9276 17
9277 17
9278 19
9279 18
9280 18
9281 17
9282 17
9283 17
9284 17
9285 17
9286 17
9287 17
9288 17
9289 18
9290 18
9291 18
9292 17
9293 17
9294 17
9295 17
9296 17
9297 17
9298 17
9299 17
9300 27
9301 18
9302 17
9303 17
9304 17
9305 17
9306 17
9307 17
9308 17
9309 17
9310 18
9311 17
9312 19
9313 18
9314 17
9315 18
9316 18
9317 17
9318 17
9319 17
9320 17
9321 17
9322 17
9323 18
9324 17
9325 18
9326 17
9327 17
9328 18
9329 19
9330 18
9331 18
9332 17
9333 17
9334 17
9335 17
9336 17
9337 17
9338 17
9339 27
9340 19
9341 22
9342 17
9343 17
9344 17
9345 19
9346 17
9347 18
9348 18
9349 18
9350 17
9351 17
9352 17
9353 17
9354 17
9355 17
9356 17
9357 17
9358 17
9359 17
9360 18
9361 27
9362 19
9363 17
9364 17
9365 18
9366 18
9367 17
9368 17
9369 17
9370 17
9371 17
9372 18
9373 17
9374 17
9375 17
9376 17
9377 17
9378 16
9379 17
9380 17
9381 17
9382 17
9383 17
9384 17
9385 17
9386 17
9387 16
9388 17
9389 18
9390 18
9391 18
9392 17
9393 17
9394 17
9395 18
9396 18
9397 18
9398 17
9399 17
9400 17
9401 19
9402 17
9403 18
9404 17
9405 17
9406 17
9407 17
9408 17
9409 18
9410 18
9411 17
9412 17
9413 17
9414 17
9415 17
9416 17
9417 17
9418 19
9419 17
9420 19
9421 17
9422 17
9423 17
9424 17
9425 17
9426 17
9427 17
9428 17
9429 18
9430 18
9431 17
9432 17
9433 17
9434 17
9435 17
9436 17
9437 17
9438 17
9439 17
9440 17
9441 17
9442 18
9443 19
9444 18
9445 18
9446 17
9447 17
9448 18
9449 17
9450 18
9451 18
9452 17
9453 18
9454 17
9455 17
9456 18
9457 17
9458 17
9459 18
9460 17
9461 18
9462 18
9463 17
9464 18
9465 19
9466 18
9467 17
9468 18
9469 18
9470 18
9471 18
9472 18
9473 17
9474 19
9475 18
9476 17
9477 18
9478 18
9479 17
9480 17
9481 17
9482 21
9483 17
9484 17
9485 17
9486 17
9487 17
9488 17
9489 17
9490 18
9491 18
9492 17
9493 17
9494 18
9495 18
9496 18
9497 27
9498 19
9499 18
9500 18
9501 18
9502 18
9503 18
9504 17
9505 17
9506 17
9507 18
9508 17
9509 17
9510 18
9511 18
9512 17
9513 18
9514 18
9515 17
9516 17
9517 17
9518 18
9519 18
9520 246
9521 23
9522 17
9523 17
9524 17
9525 17
9526 17
9527 17
9528 17
9529 17
9530 19
9531 17
9532 18
9533 17
9534 17
9535 17
9536 17
9537 17
9538 18
9539 17
9540 17
9541 17
9542 17
9543 17
9544 17
9545 17
9546 17
9547 19
9548 18
9549 18
9550 17
9551 18
9552 18
9553 18
9554 18
9555 18
9556 17
9557 18
9558 18
9559 17
9560 18
9561 18
9562 18
9563 17
9564 18
9565 18
9566 17
9567 18
9568 18
9569 17
9570 18
9571 17
9572 17
9573 18
9574 18
9575 17
9576 17
9577 17
9578 18
9579 18
9580 17
9581 17
9582 17
9583 18
9584 18
9585 17
9586 18
9587 27
9588 18
9589 18
9590 18
9591 18
9592 18
9593 17
9594 18
9595 18
9596 17
9597 17
9598 17
9599 18
9600 18
9601 18
9602 18
9603 18
9604 18
9605 18
9606 17
9607 17
9608 19
9609 17
9610 17
9611 18
9612 17
9613 18
9614 18
9615 18
9616 18
9617 17
9618 18
9619 17
9620 17
9621 17
9622 17
9623 17
9624 17
9625 17
9626 18
9627 18
9628 18
9629 17
9630 18
9631 18
9632 18
9633 17
9634 17
9635 18
9636 18
9637 17
9638 17
9639 17
9640 17
9641 17
9642 17
9643 17
9644 17
9645 17
9646 18
9647 18
9648 17
9649 18
9650 18
9651 17
9652 17
9653 17
9654 18
9655 18
9656 18
9657 18
9658 17
9659 17
9660 17
9661 17
9662 18
9663 18
9664 18
9665 18
9666 19
9667 17
9668 18
9669 17
9670 18
9671 18
9672 18
9673 18
9674 18
9675 17
9676 17
9677 18
9678 18
9679 18
9680 17
9681 17
9682 17
9683 17
9684 18
9685 18
9686 17
9687 17
9688 17
9689 28
9690 18
9691 17
9692 18
9693 18
9694 18
9695 18
9696 18
9697 18
9698 18
9699 17
9700 18
9701 18
9702 18
9703 17
9704 17
9705 18
9706 17
9707 17
9708 18
9709 18
9710 18
9711 18
9712 19
9713 18
9714 18
9715 18
9716 19
9717 18
9718 17
9719 17
9720 17
9721 17
9722 17
9723 17
9724 17
9725 18
9726 18
9727 18
9728 17
9729 18
9730 17
9731 17
9732 17
9733 18
9734 17
9735 18
9736 18
9737 17
9738 17
9739 17
9740 17
9741 17
9742 17
9743 17
9744 18
9745 17
9746 17
9747 17
9748 17
9749 17
9750 17
9751 17
9752 17
9753 17
9754 17
9755 17
9756 18
9757 17
9758 17
9759 17
9760 17
9761 17
9762 17
9763 17
9764 17
9765 17
9766 17
9767 17
9768 17
9769 17
9770 18
9771 18
9772 18
9773 17
9774 18
9775 17
9776 18
9777 18
9778 18
9779 17
9780 18
9781 17
9782 17
9783 17
9784 17
9785 18
9786 17
9787 17
9788 18
9789 17
9790 18
9791 18
9792 17
9793 17
9794 17
9795 17
9796 17
9797 17
9798 17
9799 18
9800 19
9801 18
9802 18
9803 18
9804 17
9805 18
9806 18
9807 18
9808 17
9809 17
9810 17
9811 19
9812 18
9813 17
9814 18
9815 17
9816 17
9817 17
9818 17
9819 17
9820 17
9821 28
9822 18
9823 18
9824 18
9825 18
9826 17
9827 18
9828 18
9829 18
9830 18
9831 18
9832 17
9833 17
9834 17
9835 17
9836 17
9837 17
9838 18
9839 18
9840 18
9841 17
9842 17
9843 17
9844 17
9845 17
9846 17
9847 17
9848 17
9849 17
9850 17
9851 17
9852 17
9853 17
9854 18
9855 19
9856 17
9857 17
9858 18
9859 18
9860 17
9861 19
9862 18
9863 17
9864 18
9865 17
9866 18
9867 17
9868 21
9869 17
9870 18
9871 28
9872 18
9873 17
9874 17
9875 17
9876 18
9877 18
9878 17
9879 17
9880 18
9881 18
9882 18
9883 17
9884 17
9885 17
9886 17
9887 18
9888 18
9889 19
9890 18
9891 17
9892 17
9893 17
9894 17
9895 17
9896 17
9897 17
9898 17
9899 17
9900 19
9901 18
9902 17
9903 17
9904 17
9905 18
9906 18
9907 18
9908 17
9909 17
9910 17
9911 18
9912 18
9913 17
9914 17
9915 17
9916 17
9917 17
9918 17
9919 17
9920 21
9921 17
9922 17
9923 18
9924 18
9925 17
9926 17
9927 17
9928 17
9929 18
9930 19
9931 18
9932 18
9933 18
9934 19
9935 18
9936 18
9937 18
9938 18
9939 17
9940 18
9941 18
9942 18
9943 17
9944 18
9945 18
9946 18
9947 18
9948 17
9949 18
9950 19
9951 18
9952 17
9953 17
9954 17
9955 17
9956 17
9957 17
9958 18
9959 18
9960 17
9961 18
9962 18
9963 17
9964 18
9965 17
9966 18
9967 18
9968 17
9969 18
9970 18
9971 18
9972 18
9973 18
9974 18
9975 17
9976 17
9977 17
9978 18
9979 18
9980 17
9981 18
9982 18
9983 17
9984 17
9985 17
9986 18
9987 18
9988 18
9989 17
9990 17
9991 17
9992 18
9993 18
9994 17
9995 17
9996 18
9997 17
9998 18
9999 18
