0 98
1 19
2 19
3 18
4 17
5 18
6 18
7 18
8 18
9 18
10 17
11 18
12 19
13 20
14 18
15 17
16 17
17 18
18 18
19 18
20 18
21 29
22 18
23 17
24 17
25 18
26 17
27 17
28 20
29 17
30 18
31 19
32 18
33 17
34 17
35 18
36 17
37 17
38 17
39 17
40 17
41 17
42 17
43 17
44 17
45 17
46 17
47 19
48 17
49 18
50 17
51 18
52 18
53 19
54 17
55 17
56 17
57 17
58 19
59 18
60 18
61 17
62 17
63 18
64 19
65 18
66 17
67 17
68 17
69 17
70 17
71 17
72 17
73 17
74 17
75 17
76 17
77 17
78 17
79 17
80 17
81 17
82 18
83 17
84 18
85 18
86 17
87 17
88 18
89 19
90 17
91 39
92 19
93 17
94 17
95 18
96 17
97 17
98 17
99 17
100 17
101 17
102 17
103 19
104 18
105 17
106 17
107 18
108 19
109 18
110 18
111 17
112 17
113 17
114 17
115 17
116 18
117 18
118 28
119 20
120 20
121 18
122 18
123 18
124 18
125 18
126 18
127 18
128 18
129 17
130 18
131 19
132 18
133 18
134 18
135 18
136 18
137 19
138 17
139 17
140 17
141 17
142 17
143 18
144 17
145 17
146 17
147 17
148 17
149 17
150 17
151 17
152 17
153 17
154 17
155 17
156 17
157 17
158 17
159 17
160 18
161 17
162 17
163 17
164 17
165 17
166 17
167 17
168 17
169 17
170 18
171 17
172 17
173 17
174 18
175 17
176 17
177 17
178 18
179 17
180 18
181 17
182 17
183 17
184 17
185 18
186 18
187 17
188 17
189 17
190 17
191 17
192 17
193 17
194 17
195 18
196 17
197 17
198 17
199 30
200 17
201 17
202 17
203 17
204 17
205 17
206 17
207 18
208 18
209 17
210 17
211 17
212 17
213 18
214 27
215 18
216 17
217 17
218 17
219 17
220 17
221 18
222 18
223 17
224 18
225 18
226 17
227 17
228 17
229 17
230 18
231 18
232 17
233 18
234 17
235 17
236 19
237 18
238 17
239 17
240 17
241 18
242 18
243 18
244 18
245 17
246 26
247 18
248 17
249 17
250 17
251 17
252 17
253 17
254 17
255 17
256 17
257 17
258 17
259 17
260 17
261 17
262 17
263 18
264 18
265 17
266 17
267 17
268 17
269 17
270 17
271 17
272 18
273 19
274 18
275 18
276 17
277 17
278 17
279 17
280 17
281 17
282 17
283 18
284 18
285 18
286 19
287 17
288 19
289 17
290 17
291 17
292 17
293 17
294 17
295 17
296 18
297 18
298 18
299 18
300 18
301 17
302 17
303 17
304 17
305 17
306 17
307 17
308 18
309 19
310 18
311 17
312 17
313 17
314 17
315 17
316 17
317 17
318 17
319 17
320 17
321 17
322 18
323 17
324 18
325 19
326 19
327 18
328 17
329 17
330 17
331 18
332 18
333 17
334 17
335 17
336 17
337 18
338 18
339 18
340 18
341 17
342 18
343 19
344 17
345 18
346 18
347 17
348 17
349 17
350 18
351 18
352 17
353 17
354 17
355 17
356 17
357 17
358 17
359 18
360 18
361 18
362 17
363 17
364 17
365 17
366 17
367 17
368 17
369 17
370 18
371 17
372 17
373 17
374 17
375 17
376 19
377 18
378 34
379 18
380 17
381 17
382 17
383 17
384 17
385 17
386 17
387 19
388 17
389 17
390 17
391 17
392 17
393 17
394 17
395 17
396 17
397 17
398 19
399 18
400 19
401 18
402 17
403 17
404 17
405 17
406 17
407 17
408 17
409 18
410 18
411 18
412 17
413 17
414 17
415 18
416 18
417 18
418 18
419 18
420 18
421 18
422 17
423 18
424 18
425 18
426 17
427 17
428 17
429 18
430 17
431 18
432 17
433 17
434 17
435 17
436 17
437 19
438 18
439 17
440 17
441 18
442 18
443 19
444 18
445 17
446 17
447 17
448 17
449 17
450 18
451 17
452 18
453 17
454 18
455 17
456 18
457 18
458 18
459 17
460 17
461 17
462 17
463 18
464 18
465 18
466 17
467 17
468 18
469 18
470 27
471 18
472 18
473 18
474 17
475 17
476 18
477 17
478 17
479 17
480 17
481 18
482 18
483 18
484 17
485 17
486 17
487 18
488 18
489 18
490 17
491 17
492 17
493 17
494 18
495 17
496 17
497 17
498 17
499 17
500 18
501 19
502 18
503 18
504 17
505 17
506 17
507 17
508 17
509 17
510 17
511 17
512 17
513 17
514 17
515 18
516 18
517 18
518 17
519 17
520 26
521 18
522 17
523 17
524 17
525 17
526 17
527 17
528 17
529 17
530 17
531 17
532 18
533 17
534 17
535 17
536 17
537 18
538 19
539 18
540 18
541 18
542 17
543 17
544 17
545 17
546 17
547 17
548 18
549 19
550 17
551 17
552 17
553 18
554 19
555 18
556 21
557 18
558 17
559 17
560 18
561 18
562 18
563 17
564 17
565 17
566 17
567 17
568 17
569 18
570 18
571 18
572 18
573 18
574 17
575 18
576 17
577 17
578 17
579 18
580 18
581 17
582 17
583 18
584 17
585 17
586 17
587 18
588 19
589 18
590 18
591 18
592 18
593 17
594 17
595 17
596 17
597 18
598 19
599 19
600 18
601 17
602 17
603 17
604 19
605 18
606 18
607 17
608 18
609 18
610 19
611 18
612 17
613 17
614 17
615 17
616 17
617 17
618 17
619 17
620 18
621 18
622 17
623 18
624 18
625 18
626 18
627 17
628 17
629 17
630 17
631 17
632 18
633 17
634 18
635 17
636 17
637 18
638 18
639 18
640 18
641 18
642 18
643 18
644 18
645 18
646 18
647 17
648 17
649 17
650 17
651 17
652 17
653 17
654 17
655 17
656 17
657 17
658 17
659 17
660 17
661 18
662 17
663 17
664 17
665 17
666 18
667 17
668 18
669 18
670 18
671 18
672 17
673 18
674 17
675 17
676 17
677 17
678 17
679 17
680 17
681 17
682 17
683 17
684 17
685 17
686 17
687 17
688 17
689 18
690 18
691 18
692 17
693 17
694 17
695 17
696 17
697 17
698 17
699 17
700 17
701 17
702 17
703 17
704 17
705 17
706 17
707 18
708 18
709 17
710 18
711 18
712 18
713 17
714 17
715 17
716 18
717 17
718 17
719 17
720 17
721 17
722 17
723 17
724 18
725 18
726 18
727 17
728 17
729 18
730 17
731 17
732 17
733 18
734 18
735 18
736 18
737 17
738 17
739 17
740 17
741 17
742 17
743 17
744 17
745 17
746 17
747 17
748 17
749 17
750 17
751 17
752 17
753 17
754 17
755 18
756 17
757 17
758 17
759 18
760 17
761 17
762 18
763 18
764 18
765 18
766 17
767 18
768 17
769 17
770 17
771 17
772 17
773 18
774 18
775 17
776 17
777 17
778 17
779 18
780 18
781 17
782 17
783 17
784 17
785 18
786 17
787 18
788 17
789 17
790 18
791 18
792 17
793 17
794 20
795 17
796 27
797 18
798 17
799 17
800 17
801 17
802 17
803 18
804 18
805 18
806 17
807 17
808 17
809 17
810 17
811 24
812 19
813 18
814 17
815 17
816 18
817 18
818 18
819 18
820 18
821 17
822 17
823 17
824 17
825 17
826 17
827 17
828 18
829 18
830 18
831 17
832 17
833 17
834 17
835 17
836 18
837 17
838 18
839 18
840 17
841 18
842 18
843 18
844 18
845 18
846 17
847 17
848 17
849 17
850 17
851 17
852 17
853 17
854 17
855 17
856 18
857 18
858 18
859 17
860 17
861 17
862 18
863 17
864 17
865 18
866 17
867 18
868 20
869 18
870 17
871 17
872 17
873 17
874 17
875 17
876 17
877 17
878 17
879 17
880 17
881 17
882 17
883 17
884 18
885 19
886 18
887 17
888 17
889 17
890 19
891 18
892 18
893 18
894 17
895 18
896 19
897 18
898 18
899 17
900 17
901 17
902 17
903 17
904 17
905 17
906 18
907 17
908 17
909 17
910 17
911 17
912 18
913 18
914 32
915 18
916 17
917 17
918 18
919 17
920 17
921 18
922 18
923 17
924 18
925 18
926 17
927 18
928 27
929 19
930 18
931 17
932 18
933 17
934 17
935 17
936 17
937 18
938 18
939 18
940 17
941 17
942 18
943 17
944 17
945 17
946 17
947 17
948 17
949 17
950 18
951 18
952 17
953 17
954 17
955 17
956 18
957 17
958 18
959 18
960 18
961 18
962 17
963 17
964 17
965 18
966 18
967 17
968 17
969 17
970 17
971 17
972 18
973 18
974 18
975 17
976 18
977 18
978 18
979 17
980 17
981 17
982 18
983 19
984 17
985 25
986 19
987 18
988 17
989 17
990 18
991 18
992 17
993 17
994 17
995 19
996 19
997 18
998 18
999 18
1000 18
1001 18
1002 17
1003 18
1004 18
1005 17
1006 18
1007 17
1008 19
1009 18
1010 17
1011 18
1012 18
1013 18
1014 17
1015 18
1016 18
1017 18
1018 17
1019 17
1020 17
1021 17
1022 17
1023 18
1024 17
1025 17
1026 18
1027 17
1028 18
1029 19
1030 18
1031 17
1032 17
1033 17
1034 17
1035 17
1036 17
1037 17
1038 17
1039 17
1040 17
1041 17
1042 17
1043 17
1044 17
1045 17
1046 17
1047 17
1048 17
1049 17
1050 17
1051 17
1052 17
1053 17
1054 17
1055 17
1056 18
1057 17
1058 17
1059 17
1060 17
1061 18
1062 17
1063 17
1064 17
1065 17
1066 17
1067 17
1068 17
1069 17
1070 17
1071 17
1072 17
1073 18
1074 18
1075 19
1076 18
1077 17
1078 18
1079 17
1080 17
1081 17
1082 17
1083 17
1084 17
1085 17
1086 18
1087 18
1088 18
1089 18
1090 17
1091 17
1092 17
1093 33
1094 18
1095 19
1096 17
1097 17
1098 17
1099 17
1100 18
1101 20
1102 18
1103 18
1104 17
1105 18
1106 18
1107 17
1108 17
1109 17
1110 18
1111 18
1112 17
1113 17
1114 17
1115 17
1116 17
1117 17
1118 17
1119 17
1120 18
1121 17
1122 18
1123 17
1124 18
1125 17
1126 27
1127 18
1128 18
1129 18
1130 17
1131 17
1132 18
1133 17
1134 17
1135 17
1136 18
1137 18
1138 18
1139 17
1140 17
1141 17
1142 18
1143 18
1144 18
1145 17
1146 17
1147 18
1148 17
1149 17
1150 17
1151 17
1152 26
1153 18
1154 17
1155 17
1156 18
1157 17
1158 18
1159 17
1160 17
1161 18
1162 18
1163 17
1164 18
1165 18
1166 18
1167 18
1168 18
1169 18
1170 19
1171 18
1172 18
1173 18
1174 18
1175 17
1176 17
1177 17
1178 17
1179 18
1180 18
1181 18
1182 18
1183 17
1184 18
1185 17
1186 19
1187 18
1188 18
1189 17
1190 17
1191 18
1192 18
1193 17
1194 17
1195 18
1196 17
1197 18
1198 18
1199 18
1200 18
1201 17
1202 17
1203 17
1204 17
1205 17
1206 18
1207 18
1208 17
1209 17
1210 18
1211 17
1212 17
1213 18
1214 19
1215 18
1216 17
1217 18
1218 18
1219 19
1220 19
1221 18
1222 17
1223 18
1224 18
1225 18
1226 17
1227 17
1228 17
1229 18
1230 18
1231 18
1232 18
1233 17
1234 17
1235 17
1236 17
1237 18
1238 18
1239 17
1240 17
1241 18
1242 17
1243 18
1244 18
1245 19
1246 18
1247 17
1248 17
1249 17
1250 17
1251 18
1252 17
1253 17
1254 17
1255 17
1256 17
1257 18
1258 27
1259 18
1260 33
1261 18
1262 17
1263 17
1264 17
1265 17
1266 17
1267 17
1268 17
1269 17
1270 17
1271 17
1272 17
1273 18
1274 18
1275 18
1276 18
1277 17
1278 18
1279 17
1280 17
1281 17
1282 17
1283 17
1284 17
1285 18
1286 20
1287 18
1288 18
1289 18
1290 17
1291 18
1292 18
1293 17
1294 17
1295 17
1296 17
1297 18
1298 18
1299 17
1300 17
1301 17
1302 18
1303 17
1304 18
1305 17
1306 18
1307 17
1308 18
1309 17
1310 18
1311 17
1312 17
1313 18
1314 18
1315 17
1316 18
1317 18
1318 18
1319 18
1320 18
1321 17
1322 17
1323 17
1324 27
1325 18
1326 17
1327 17
1328 17
1329 17
1330 18
1331 18
1332 17
1333 17
1334 17
1335 17
1336 18
1337 18
1338 17
1339 17
1340 17
1341 19
1342 19
1343 18
1344 18
1345 17
1346 17
1347 17
1348 17
1349 17
1350 17
1351 17
1352 17
1353 17
1354 18
1355 17
1356 17
1357 17
1358 17
1359 17
1360 17
1361 18
1362 18
1363 18
1364 18
1365 17
1366 29
1367 18
1368 17
1369 18
1370 18
1371 17
1372 17
1373 18
1374 18
1375 18
1376 18
1377 17
1378 17
1379 17
1380 17
1381 17
1382 17
1383 17
1384 18
1385 18
1386 18
1387 18
1388 18
1389 17
1390 17
1391 18
1392 18
1393 17
1394 17
1395 17
1396 17
1397 17
1398 18
1399 18
1400 17
1401 18
1402 19
1403 18
1404 18
1405 17
1406 17
1407 18
1408 18
1409 17
1410 17
1411 17
1412 18
1413 17
1414 17
1415 17
1416 17
1417 17
1418 17
1419 18
1420 19
1421 18
1422 17
1423 18
1424 19
1425 19
1426 18
1427 18
1428 17
1429 17
1430 18
1431 18
1432 17
1433 17
1434 18
1435 18
1436 19
1437 18
1438 30
1439 17
1440 17
1441 19
1442 18
1443 17
1444 18
1445 17
1446 18
1447 18
1448 17
1449 17
1450 18
1451 18
1452 17
1453 17
1454 18
1455 17
1456 17
1457 26
1458 18
1459 18
1460 17
1461 17
1462 17
1463 18
1464 18
1465 17
1466 17
1467 18
1468 18
1469 19
1470 18
1471 17
1472 17
1473 18
1474 19
1475 17
1476 18
1477 17
1478 18
1479 18
1480 17
1481 17
1482 17
1483 17
1484 17
1485 17
1486 17
1487 17
1488 17
1489 17
1490 17
1491 18
1492 18
1493 17
1494 18
1495 17
1496 17
1497 17
1498 17
1499 17
1500 18
1501 17
1502 18
1503 18
1504 18
1505 18
1506 18
1507 18
1508 18
1509 18
1510 18
1511 18
1512 18
1513 17
1514 17
1515 17
1516 17
1517 17
1518 17
1519 18
1520 26
1521 18
1522 18
1523 18
1524 18
1525 17
1526 17
1527 17
1528 18
1529 17
1530 18
1531 18
1532 17
1533 17
1534 18
1535 18
1536 18
1537 19
1538 17
1539 17
1540 17
1541 17
1542 17
1543 17
1544 18
1545 18
1546 27
1547 19
1548 18
1549 18
1550 17
1551 18
1552 18
1553 18
1554 18
1555 18
1556 17
1557 19
1558 19
1559 18
1560 18
1561 17
1562 17
1563 18
1564 18
1565 18
1566 17
1567 17
1568 18
1569 18
1570 18
1571 17
1572 17
1573 17
1574 17
1575 17
1576 17
1577 17
1578 17
1579 18
1580 18
1581 18
1582 18
1583 18
1584 17
1585 17
1586 18
1587 18
1588 18
1589 17
1590 18
1591 17
1592 17
1593 17
1594 17
1595 17
1596 18
1597 18
1598 18
1599 17
1600 17
1601 17
1602 18
1603 17
1604 18
1605 17
1606 17
1607 17
1608 17
1609 25
1610 18
1611 17
1612 17
1613 18
1614 18
1615 17
1616 18
1617 17
1618 25
1619 18
1620 17
1621 17
1622 17
1623 17
1624 17
1625 17
1626 17
1627 17
1628 17
1629 18
1630 18
1631 19
1632 18
1633 18
1634 18
1635 18
1636 18
1637 18
1638 18
1639 17
1640 18
1641 18
1642 18
1643 17
1644 17
1645 17
1646 17
1647 17
1648 17
1649 18
1650 17
1651 17
1652 17
1653 17
1654 17
1655 17
1656 17
1657 18
1658 18
1659 18
1660 17
1661 17
1662 17
1663 17
1664 17
1665 17
1666 17
1667 17
1668 17
1669 17
1670 17
1671 18
1672 18
1673 18
1674 18
1675 18
1676 18
1677 17
1678 17
1679 17
1680 18
1681 18
1682 18
1683 19
1684 18
1685 17
1686 18
1687 18
1688 18
1689 18
1690 18
1691 17
1692 18
1693 18
1694 17
1695 17
1696 26
1697 19
1698 18
1699 17
1700 18
1701 17
1702 17
1703 18
1704 17
1705 17
1706 18
1707 19
1708 20
1709 17
1710 17
1711 17
1712 17
1713 18
1714 17
1715 17
1716 18
1717 17
1718 18
1719 19
1720 18
1721 17
1722 17
1723 17
1724 18
1725 18
1726 18
1727 18
1728 18
1729 18
1730 18
1731 17
1732 18
1733 18
1734 18
1735 18
1736 18
1737 18
1738 18
1739 17
1740 17
1741 18
1742 17
1743 18
1744 17
1745 17
1746 17
1747 17
1748 17
1749 17
1750 17
1751 17
1752 17
1753 17
1754 17
1755 19
1756 17
1757 18
1758 17
1759 17
1760 17
1761 17
1762 17
1763 18
1764 19
1765 18
1766 18
1767 18
1768 17
1769 17
1770 18
1771 17
1772 17
1773 17
1774 27
1775 19
1776 18
1777 17
1778 18
1779 18
1780 18
1781 18
1782 18
1783 17
1784 18
1785 18
1786 17
1787 17
1788 17
1789 17
1790 18
1791 19
1792 18
1793 23
1794 18
1795 18
1796 18
1797 17
1798 18
1799 17
1800 18
1801 17
1802 18
1803 18
1804 18
1805 17
1806 18
1807 17
1808 18
1809 17
1810 18
1811 18
1812 17
1813 18
1814 18
1815 17
1816 17
1817 18
1818 18
1819 19
1820 18
1821 17
1822 17
1823 18
1824 20
1825 18
1826 17
1827 19
1828 18
1829 18
1830 17
1831 17
1832 18
1833 17
1834 17
1835 18
1836 19
1837 18
1838 18
1839 17
1840 17
1841 18
1842 17
1843 17
1844 17
1845 17
1846 18
1847 17
1848 17
1849 18
1850 18
1851 17
1852 17
1853 18
1854 17
1855 17
1856 18
1857 18
1858 18
1859 18
1860 19
1861 18
1862 18
1863 18
1864 18
1865 18
1866 17
1867 17
1868 17
1869 17
1870 17
1871 17
1872 18
1873 18
1874 26
1875 18
1876 18
1877 18
1878 18
1879 24
1880 19
1881 17
1882 17
1883 17
1884 17
1885 17
1886 18
1887 17
1888 17
1889 17
1890 17
1891 17
1892 17
1893 17
1894 17
1895 17
1896 18
1897 19
1898 17
1899 18
1900 17
1901 17
1902 17
1903 17
1904 17
1905 17
1906 17
1907 17
1908 18
1909 18
1910 18
1911 17
1912 17
1913 18
1914 18
1915 18
1916 18
1917 17
1918 17
1919 17
1920 18
1921 17
1922 17
1923 18
1924 18
1925 18
1926 18
1927 17
1928 17
1929 17
1930 17
1931 17
1932 18
1933 18
1934 18
1935 17
1936 17
1937 17
1938 18
1939 18
1940 17
1941 18
1942 18
1943 18
1944 17
1945 17
1946 17
1947 17
1948 17
1949 17
1950 17
1951 17
1952 26
1953 19
1954 17
1955 17
1956 18
1957 18
1958 17
1959 17
1960 17
1961 17
1962 17
1963 17
1964 18
1965 18
1966 18
1967 17
1968 18
1969 18
1970 18
1971 33
1972 19
1973 18
1974 17
1975 17
1976 19
1977 17
1978 18
1979 17
1980 17
1981 17
1982 17
1983 17
1984 17
1985 17
1986 17
1987 17
1988 17
1989 17
1990 18
1991 18
1992 19
1993 18
1994 17
1995 17
1996 17
1997 18
1998 18
1999 17
2000 17
2001 17
2002 18
2003 18
2004 18
2005 18
2006 17
2007 17
2008 18
2009 18
2010 17
2011 17
2012 17
2013 17
2014 17
2015 17
2016 18
2017 18
2018 17
2019 18
2020 17
2021 18
2022 17
2023 17
2024 17
2025 17
2026 18
2027 18
2028 17
2029 17
2030 18
2031 18
2032 19
2033 18
2034 17
2035 18
2036 25
2037 18
2038 18
2039 17
2040 18
2041 18
2042 17
2043 18
2044 18
2045 17
2046 18
2047 17
2048 17
2049 17
2050 17
2051 19
2052 18
2053 17
2054 19
2055 19
2056 19
2057 17
2058 19
2059 18
2060 19
2061 18
2062 18
2063 20
2064 17
2065 17
2066 18
2067 17
2068 18
2069 18
2070 18
2071 17
2072 17
2073 17
2074 18
2075 17
2076 18
2077 18
2078 17
2079 19
2080 20
2081 19
2082 17
2083 18
2084 18
2085 18
2086 18
2087 18
2088 17
2089 18
2090 17
2091 18
2092 18
2093 17
2094 18
2095 18
2096 18
2097 18
2098 18
2099 18
2100 18
2101 17
2102 18
2103 18
2104 19
2105 18
2106 18
2107 18
2108 17
2109 17
2110 17
2111 17
2112 17
2113 17
2114 17
2115 17
2116 18
2117 18
2118 18
2119 20
2120 18
2121 17
2122 18
2123 18
2124 17
2125 17
2126 17
2127 18
2128 17
2129 18
2130 18
2131 18
2132 17
2133 17
2134 17
2135 17
2136 17
2137 17
2138 18
2139 17
2140 17
2141 18
2142 18
2143 17
2144 17
2145 17
2146 18
2147 17
2148 22
2149 17
2150 17
2151 17
2152 18
2153 17
2154 20
2155 17
2156 18
2157 18
2158 17
2159 18
2160 17
2161 17
2162 17
2163 17
2164 17
2165 17
2166 18
2167 17
2168 18
2169 18
2170 18
2171 17
2172 17
2173 17
2174 17
2175 18
2176 17
2177 18
2178 18
2179 22
2180 18
2181 18
2182 17
2183 17
2184 17
2185 19
2186 18
2187 18
2188 17
2189 17
2190 17
2191 18
2192 18
2193 18
2194 17
2195 17
2196 17
2197 17
2198 17
2199 17
2200 17
2201 18
2202 19
2203 18
2204 17
2205 17
2206 17
2207 17
2208 17
2209 17
2210 17
2211 17
2212 17
2213 18
2214 18
2215 17
2216 18
2217 18
2218 20
2219 17
2220 17
2221 17
2222 17
2223 17
2224 17
2225 18
2226 18
2227 18
2228 17
2229 18
2230 19
2231 18
2232 18
2233 17
2234 17
2235 18
2236 17
2237 17
2238 17
2239 18
2240 17
2241 18
2242 17
2243 17
2244 18
2245 18
2246 18
2247 18
2248 19
2249 18
2250 17
2251 17
2252 17
2253 17
2254 17
2255 17
2256 18
2257 18
2258 19
2259 17
2260 18
2261 17
2262 18
2263 17
2264 17
2265 17
2266 17
2267 17
2268 18
2269 18
2270 17
2271 17
2272 18
2273 18
2274 17
2275 18
2276 17
2277 18
2278 17
2279 17
2280 17
2281 17
2282 20
2283 18
2284 17
2285 17
2286 17
2287 17
2288 17
2289 18
2290 18
2291 17
2292 17
2293 18
2294 18
2295 18
2296 17
2297 17
2298 17
2299 17
2300 17
2301 17
2302 17
2303 17
2304 18
2305 18
2306 17
2307 17
2308 17
2309 18
2310 18
2311 18
2312 17
2313 17
2314 17
2315 18
2316 17
2317 17
2318 17
2319 17
2320 16
2321 17
2322 17
2323 17
2324 18
2325 17
2326 18
2327 17
2328 22
2329 17
2330 18
2331 17
2332 18
2333 17
2334 17
2335 17
2336 17
2337 17
2338 17
2339 17
2340 17
2341 17
2342 18
2343 19
2344 17
2345 17
2346 19
2347 17
2348 17
2349 19
2350 18
2351 18
2352 17
2353 29
2354 18
2355 17
2356 17
2357 17
2358 17
2359 18
2360 18
2361 17
2362 17
2363 17
2364 17
2365 17
2366 17
2367 17
2368 17
2369 17
2370 17
2371 17
2372 18
2373 18
2374 19
2375 17
2376 19
2377 18
2378 18
2379 17
2380 17
2381 18
2382 18
2383 17
2384 17
2385 17
2386 17
2387 17
2388 17
2389 17
2390 17
2391 17
2392 17
2393 18
2394 17
2395 19
2396 18
2397 18
2398 18
2399 19
2400 18
2401 18
2402 17
2403 17
2404 17
2405 17
2406 17
2407 17
2408 17
2409 17
2410 19
2411 17
2412 17
2413 17
2414 17
2415 18
2416 18
2417 17
2418 17
2419 17
2420 18
2421 17
2422 17
2423 17
2424 17
2425 17
2426 17
2427 17
2428 25
2429 18
2430 17
2431 17
2432 17
2433 18
2434 18
2435 17
2436 18
2437 18
2438 17
2439 17
2440 17
2441 17
2442 17
2443 17
2444 18
2445 17
2446 18
2447 18
2448 18
2449 17
2450 17
2451 17
2452 17
2453 18
2454 18
2455 18
2456 17
2457 17
2458 19
2459 17
2460 17
2461 17
2462 18
2463 18
2464 18
2465 17
2466 17
2467 17
2468 17
2469 17
2470 17
2471 18
2472 18
2473 18
2474 21
2475 17
2476 17
2477 18
2478 18
2479 19
2480 18
2481 17
2482 17
2483 18
2484 18
2485 18
2486 17
2487 17
2488 17
2489 17
2490 18
2491 18
2492 18
2493 17
2494 17
2495 18
2496 18
2497 17
2498 17
2499 19
2500 19
2501 18
2502 18
2503 17
2504 17
2505 18
2506 17
2507 222
2508 20
2509 17
2510 17
2511 17
2512 17
2513 18
2514 18
2515 17
2516 18
2517 17
2518 19
2519 18
2520 18
2521 17
2522 17
2523 18
2524 18
2525 17
2526 17
2527 17
2528 18
2529 18
2530 18
2531 17
2532 17
2533 17
2534 17
2535 18
2536 18
2537 18
2538 17
2539 18
2540 18
2541 18
2542 18
2543 18
2544 18
2545 18
2546 17
2547 17
2548 18
2549 18
2550 18
2551 18
2552 18
2553 18
2554 17
2555 17
2556 17
2557 18
2558 19
2559 17
2560 17
2561 17
2562 17
2563 17
2564 17
2565 17
2566 17
2567 18
2568 17
2569 17
2570 17
2571 17
2572 17
2573 17
2574 17
2575 17
2576 17
2577 17
2578 17
2579 17
2580 17
2581 27
2582 19
2583 18
2584 18
2585 18
2586 17
2587 17
2588 17
2589 17
2590 17
2591 17
2592 18
2593 18
2594 18
2595 17
2596 18
2597 18
2598 18
2599 18
2600 18
2601 17
2602 18
2603 18
2604 18
2605 18
2606 18
2607 17
2608 17
2609 17
2610 18
2611 17
2612 17
2613 18
2614 19
2615 17
2616 17
2617 17
2618 17
2619 17
2620 18
2621 18
2622 18
2623 17
2624 18
2625 18
2626 18
2627 17
2628 17
2629 17
2630 18
2631 18
2632 18
2633 17
2634 17
2635 17
2636 17
2637 17
2638 17
2639 17
2640 17
2641 17
2642 17
2643 17
2644 17
2645 17
2646 17
2647 18
2648 19
2649 19
2650 17
2651 17
2652 17
2653 17
2654 17
2655 18
2656 17
2657 17
2658 17
2659 17
2660 17
2661 17
2662 17
2663 17
2664 18
2665 18
2666 18
2667 18
2668 17
2669 17
2670 17
2671 17
2672 17
2673 17
2674 17
2675 17
2676 17
2677 17
2678 18
2679 17
2680 18
2681 18
2682 18
2683 18
2684 17
2685 17
2686 17
2687 17
2688 17
2689 17
2690 17
2691 17
2692 17
2693 17
2694 17
2695 17
2696 17
2697 17
2698 17
2699 17
2700 17
2701 17
2702 18
2703 18
2704 18
2705 18
2706 18
2707 17
2708 17
2709 18
2710 18
2711 18
2712 17
2713 18
2714 17
2715 17
2716 17
2717 17
2718 17
2719 18
2720 19
2721 17
2722 17
2723 17
2724 17
2725 17
2726 17
2727 17
2728 18
2729 17
2730 18
2731 18
2732 28
2733 18
2734 17
2735 17
2736 17
2737 18
2738 18
2739 18
2740 18
2741 18
2742 18
2743 17
2744 17
2745 17
2746 17
2747 17
2748 18
2749 18
2750 18
2751 17
2752 17
2753 17
2754 17
2755 17
2756 17
2757 17
2758 17
2759 18
2760 17
2761 18
2762 17
2763 17
2764 17
2765 17
2766 17
2767 17
2768 17
2769 17
2770 17
2771 17
2772 17
2773 17
2774 17
2775 17
2776 19
2777 18
2778 17
2779 17
2780 17
2781 18
2782 18
2783 18
2784 17
2785 17
2786 17
2787 17
2788 17
2789 17
2790 17
2791 17
2792 17
2793 17
2794 17
2795 17
2796 17
2797 18
2798 18
2799 18
2800 18
2801 17
2802 17
2803 17
2804 17
2805 17
2806 17
2807 18
2808 17
2809 17
2810 17
2811 17
2812 17
2813 17
2814 17
2815 18
2816 18
2817 18
2818 17
2819 17
2820 17
2821 18
2822 18
2823 18
2824 17
2825 17
2826 18
2827 17
2828 17
2829 18
2830 17
2831 18
2832 18
2833 17
2834 18
2835 17
2836 17
2837 18
2838 17
2839 18
2840 17
2841 17
2842 17
2843 18
2844 18
2845 18
2846 17
2847 17
2848 17
2849 18
2850 18
2851 18
2852 17
2853 17
2854 18
2855 19
2856 18
2857 18
2858 18
2859 19
2860 19
2861 18
2862 18
2863 18
2864 17
2865 18
2866 17
2867 17
2868 18
2869 18
2870 18
2871 19
2872 18
2873 18
2874 17
2875 17
2876 18
2877 18
2878 17
2879 18
2880 18
2881 17
2882 17
2883 18
2884 18
2885 17
2886 17
2887 19
2888 18
2889 18
2890 17
2891 18
2892 17
2893 18
2894 18
2895 17
2896 17
2897 17
2898 18
2899 18
2900 18
2901 18
2902 17
2903 18
2904 18
2905 17
2906 17
2907 18
2908 18
2909 18
2910 26
2911 18
2912 17
2913 17
2914 17
2915 18
2916 17
2917 17
2918 17
2919 18
2920 18
2921 17
2922 17
2923 18
2924 18
2925 18
2926 18
2927 19
2928 17
2929 17
2930 17
2931 18
2932 18
2933 18
2934 18
2935 17
2936 17
2937 17
2938 17
2939 17
2940 17
2941 17
2942 18
2943 18
2944 18
2945 18
2946 17
2947 17
2948 17
2949 17
2950 17
2951 18
2952 18
2953 18
2954 17
2955 17
2956 17
2957 17
2958 17
2959 18
2960 19
2961 17
2962 18
2963 18
2964 17
2965 18
2966 18
2967 18
2968 18
2969 18
2970 18
2971 17
2972 17
2973 17
2974 17
2975 17
2976 17
2977 18
2978 18
2979 17
2980 17
2981 17
2982 17
2983 17
2984 17
2985 17
2986 17
2987 17
2988 18
2989 17
2990 18
2991 17
2992 17
2993 18
2994 18
2995 18
2996 17
2997 17
2998 17
2999 19
3000 18
3001 18
3002 17
3003 17
3004 18
3005 18
3006 17
3007 18
3008 18
3009 17
3010 17
3011 17
3012 17
3013 17
3014 17
3015 17
3016 18
3017 17
3018 18
3019 17
3020 17
3021 18
3022 18
3023 17
3024 17
3025 17
3026 17
3027 17
3028 17
3029 17
3030 18
3031 18
3032 17
3033 17
3034 17
3035 33
3036 19
3037 18
3038 17
3039 18
3040 19
3041 17
3042 17
3043 17
3044 18
3045 18
3046 17
3047 18
3048 17
3049 17
3050 18
3051 18
3052 18
3053 17
3054 17
3055 19
3056 18
3057 18
3058 18
3059 18
3060 17
3061 17
3062 17
3063 17
3064 17
3065 27
3066 19
3067 18
3068 18
3069 17
3070 17
3071 18
3072 18
3073 18
3074 17
3075 17
3076 17
3077 17
3078 18
3079 17
3080 17
3081 17
3082 18
3083 18
3084 18
3085 18
3086 17
3087 17
3088 17
3089 17
3090 17
3091 17
3092 17
3093 17
3094 19
3095 17
3096 17
3097 17
3098 17
3099 17
3100 18
3101 18
3102 18
3103 17
3104 17
3105 18
3106 17
3107 17
3108 17
3109 17
3110 18
3111 19
3112 18
3113 17
3114 17
3115 17
3116 17
3117 17
3118 17
3119 17
3120 17
3121 27
3122 18
3123 18
3124 17
3125 17
3126 17
3127 17
3128 17
3129 17
3130 17
3131 17
3132 18
3133 19
3134 18
3135 18
3136 17
3137 17
3138 17
3139 17
3140 18
3141 18
3142 17
3143 19
3144 19
3145 18
3146 18
3147 18
3148 17
3149 17
3150 18
3151 18
3152 17
3153 17
3154 17
3155 18
3156 17
3157 17
3158 17
3159 17
3160 18
3161 19
3162 17
3163 17
3164 17
3165 17
3166 18
3167 18
3168 17
3169 18
3170 18
3171 18
3172 18
3173 18
3174 17
3175 17
3176 17
3177 17
3178 17
3179 17
3180 17
3181 17
3182 17
3183 17
3184 17
3185 17
3186 18
3187 18
3188 27
3189 18
3190 17
3191 17
3192 17
3193 25
3194 18
3195 17
3196 17
3197 17
3198 17
3199 18
3200 17
3201 17
3202 17
3203 17
3204 24
3205 18
3206 17
3207 17
3208 18
3209 17
3210 17
3211 18
3212 28
3213 17
3214 17
3215 17
3216 17
3217 17
3218 17
3219 17
3220 18
3221 19
3222 17
3223 18
3224 18
3225 18
3226 18
3227 18
3228 17
3229 18
3230 17
3231 17
3232 18
3233 18
3234 17
3235 17
3236 17
3237 17
3238 17
3239 17
3240 17
3241 18
3242 17
3243 17
3244 17
3245 17
3246 18
3247 18
3248 18
3249 19
3250 19
3251 18
3252 17
3253 17
3254 17
3255 19
3256 18
3257 17
3258 17
3259 17
3260 17
3261 17
3262 17
3263 17
3264 18
3265 18
3266 18
3267 17
3268 18
3269 18
3270 18
3271 18
3272 18
3273 18
3274 17
3275 17
3276 17
3277 17
3278 17
3279 17
3280 17
3281 17
3282 18
3283 19
3284 18
3285 17
3286 18
3287 18
3288 18
3289 17
3290 17
3291 18
3292 18
3293 27
3294 18
3295 18
3296 17
3297 18
3298 17
3299 18
3300 18
3301 17
3302 18
3303 18
3304 18
3305 18
3306 18
3307 18
3308 17
3309 18
3310 18
3311 18
3312 17
3313 18
3314 18
3315 17
3316 18
3317 17
3318 18
3319 18
3320 17
3321 18
3322 17
3323 17
3324 18
3325 17
3326 18
3327 18
3328 18
3329 17
3330 18
3331 18
3332 17
3333 17
3334 18
3335 17
3336 17
3337 18
3338 17
3339 18
3340 18
3341 17
3342 18
3343 17
3344 18
3345 18
3346 19
3347 18
3348 18
3349 18
3350 18
3351 17
3352 17
3353 17
3354 18
3355 18
3356 18
3357 17
3358 17
3359 17
3360 19
3361 17
3362 18
3363 17
3364 17
3365 17
3366 17
3367 17
3368 17
3369 17
3370 18
3371 19
3372 18
3373 18
3374 17
3375 17
3376 17
3377 18
3378 18
3379 18
3380 18
3381 18
3382 17
3383 17
3384 17
3385 17
3386 18
3387 18
3388 18
3389 18
3390 27
3391 17
3392 18
3393 18
3394 19
3395 18
3396 17
3397 17
3398 17
3399 19
3400 18
3401 18
3402 17
3403 17
3404 18
3405 18
3406 18
3407 17
3408 18
3409 17
3410 18
3411 17
3412 17
3413 17
3414 17
3415 27
3416 18
3417 17
3418 17
3419 17
3420 17
3421 17
3422 17
3423 17
3424 17
3425 17
3426 18
3427 18
3428 18
3429 17
3430 17
3431 17
3432 17
3433 18
3434 18
3435 17
3436 18
3437 17
3438 17
3439 18
3440 18
3441 17
3442 17
3443 17
3444 17
3445 18
3446 19
3447 18
3448 18
3449 18
3450 18
3451 19
3452 18
3453 17
3454 18
3455 18
3456 18
3457 18
3458 18
3459 18
3460 18
3461 17
3462 17
3463 17
3464 18
3465 18
3466 18
3467 17
3468 17
3469 17
3470 18
3471 18
3472 17
3473 18
3474 17
3475 17
3476 17
3477 18
3478 26
3479 19
3480 18
3481 17
3482 17
3483 18
3484 18
3485 17
3486 17
3487 18
3488 17
3489 17
3490 18
3491 17
3492 17
3493 17
3494 18
3495 18
3496 17
3497 18
3498 17
3499 17
3500 25
3501 19
3502 18
3503 18
3504 18
3505 18
3506 17
3507 18
3508 18
3509 18
3510 17
3511 18
3512 18
3513 17
3514 17
3515 19
3516 18
3517 19
3518 17
3519 18
3520 18
3521 18
3522 18
3523 18
3524 17
3525 17
3526 27
3527 18
3528 17
3529 17
3530 18
3531 17
3532 17
3533 17
3534 17
3535 17
3536 17
3537 17
3538 18
3539 18
3540 18
3541 17
3542 18
3543 17
3544 17
3545 17
3546 17
3547 17
3548 17
3549 18
3550 18
3551 17
3552 17
3553 18
3554 18
3555 17
3556 18
3557 18
3558 18
3559 17
3560 18
3561 18
3562 18
3563 17
3564 17
3565 17
3566 17
3567 17
3568 33
3569 17
3570 27
3571 18
3572 17
3573 18
3574 18
3575 25
3576 18
3577 17
3578 17
3579 17
3580 17
3581 18
3582 18
3583 17
3584 17
3585 17
3586 17
3587 17
3588 17
3589 17
3590 17
3591 18
3592 17
3593 17
3594 17
3595 17
3596 17
3597 17
3598 17
3599 17
3600 17
3601 17
3602 17
3603 17
3604 17
3605 17
3606 17
3607 17
3608 17
3609 17
3610 17
3611 17
3612 17
3613 17
3614 17
3615 19
3616 19
3617 18
3618 19
3619 17
3620 17
3621 17
3622 17
3623 17
3624 17
3625 17
3626 17
3627 17
3628 17
3629 17
3630 17
3631 19
3632 17
3633 18
3634 20
3635 19
3636 18
3637 18
3638 19
3639 17
3640 17
3641 17
3642 17
3643 17
3644 17
3645 17
3646 17
3647 17
3648 17
3649 17
3650 17
3651 17
3652 17
3653 17
3654 17
3655 17
3656 18
3657 18
3658 17
3659 17
3660 17
3661 17
3662 18
3663 18
3664 17
3665 17
3666 18
3667 17
3668 17
3669 17
3670 17
3671 17
3672 17
3673 17
3674 17
3675 17
3676 18
3677 17
3678 18
3679 17
3680 17
3681 17
3682 17
3683 17
3684 17
3685 17
3686 17
3687 17
3688 17
3689 17
3690 17
3691 18
3692 17
3693 17
3694 17
3695 19
3696 17
3697 17
3698 17
3699 18
3700 17
3701 17
3702 18
3703 17
3704 17
3705 17
3706 17
3707 17
3708 17
3709 17
3710 17
3711 17
3712 17
3713 17
3714 18
3715 17
3716 17
3717 17
3718 17
3719 17
3720 18
3721 17
3722 17
3723 17
3724 17
3725 17
3726 17
3727 17
3728 17
3729 17
3730 17
3731 17
3732 17
3733 17
3734 17
3735 27
3736 20
3737 17
3738 17
3739 17
3740 18
3741 19
3742 18
3743 17
3744 17
3745 17
3746 17
3747 23
3748 17
3749 17
3750 17
3751 18
3752 18
3753 17
3754 17
3755 17
3756 18
3757 18
3758 18
3759 19
3760 17
3761 18
3762 19
3763 18
3764 17
3765 17
3766 17
3767 17
3768 17
3769 17
3770 18
3771 17
3772 17
3773 17
3774 17
3775 17
3776 17
3777 17
3778 18
3779 18
3780 18
3781 17
3782 18
3783 18
3784 19
3785 17
3786 17
3787 18
3788 18
3789 18
3790 18
3791 17
3792 17
3793 17
3794 17
3795 18
3796 18
3797 17
3798 17
3799 17
3800 18
3801 18
3802 17
3803 18
3804 18
3805 17
3806 17
3807 18
3808 18
3809 18
3810 17
3811 17
3812 17
3813 17
3814 17
3815 17
3816 17
3817 16
3818 17
3819 17
3820 17
3821 17
3822 17
3823 19
3824 18
3825 18
3826 18
3827 17
3828 17
3829 17
3830 17
3831 17
3832 17
3833 17
3834 17
3835 18
3836 18
3837 18
3838 17
3839 17
3840 17
3841 17
3842 17
3843 17
3844 17
3845 18
3846 18
3847 17
3848 17
3849 17
3850 17
3851 17
3852 17
3853 17
3854 17
3855 17
3856 17
3857 17
3858 18
3859 18
3860 17
3861 18
3862 27
3863 18
3864 17
3865 17
3866 17
3867 18
3868 19
3869 16
3870 18
3871 17
3872 17
3873 18
3874 18
3875 18
3876 17
3877 17
3878 17
3879 18
3880 17
3881 17
3882 17
3883 17
3884 17
3885 18
3886 18
3887 20
3888 18
3889 17
3890 17
3891 17
3892 17
3893 17
3894 17
3895 17
3896 18
3897 17
3898 18
3899 17
3900 17
3901 17
3902 18
3903 17
3904 17
3905 17
3906 17
3907 17
3908 18
3909 18
3910 17
3911 17
3912 26
3913 18
3914 17
3915 17
3916 17
3917 17
3918 19
3919 17
3920 17
3921 17
3922 17
3923 17
3924 18
3925 18
3926 32
3927 18
3928 18
3929 18
3930 18
3931 17
3932 18
3933 18
3934 18
3935 18
3936 17
3937 17
3938 17
3939 17
3940 19
3941 17
3942 18
3943 17
3944 17
3945 17
3946 17
3947 17
3948 17
3949 18
3950 17
3951 17
3952 17
3953 18
3954 18
3955 18
3956 18
3957 18
3958 17
3959 17
3960 18
3961 17
3962 18
3963 17
3964 17
3965 19
3966 17
3967 17
3968 19
3969 19
3970 18
3971 18
3972 18
3973 17
3974 18
3975 19
3976 18
3977 17
3978 17
3979 17
3980 17
3981 17
3982 17
3983 17
3984 17
3985 19
3986 17
3987 18
3988 18
3989 17
3990 18
3991 19
3992 18
3993 18
3994 18
3995 18
3996 18
3997 17
3998 17
3999 17
4000 17
4001 17
4002 18
4003 18
4004 18
4005 17
4006 17
4007 18
4008 18
4009 17
4010 17
4011 17
4012 17
4013 17
4014 18
4015 19
4016 19
4017 17
4018 17
4019 17
4020 17
4021 17
4022 17
4023 17
4024 18
4025 18
4026 18
4027 17
4028 17
4029 17
4030 18
4031 17
4032 17
4033 17
4034 18
4035 18
4036 17
4037 18
4038 17
4039 18
4040 18
4041 18
4042 17
4043 18
4044 18
4045 17
4046 17
4047 17
4048 18
4049 18
4050 18
4051 17
4052 18
4053 18
4054 17
4055 17
4056 17
4057 17
4058 18
4059 18
4060 18
4061 18
4062 18
4063 17
4064 17
4065 17
4066 17
4067 17
4068 17
4069 18
4070 18
4071 18
4072 17
4073 18
4074 20
4075 18
4076 18
4077 19
4078 17
4079 17
4080 17
4081 17
4082 17
4083 17
4084 17
4085 17
4086 17
4087 17
4088 17
4089 17
4090 18
4091 18
4092 17
4093 17
4094 20
4095 18
4096 17
4097 17
4098 18
4099 18
4100 18
4101 17
4102 17
4103 18
4104 18
4105 18
4106 17
4107 18
4108 17
4109 17
4110 18
4111 18
4112 17
4113 17
4114 17
4115 17
4116 17
4117 17
4118 17
4119 17
4120 28
4121 19
4122 18
4123 18
4124 17
4125 17
4126 17
4127 17
4128 17
4129 17
4130 17
4131 17
4132 18
4133 17
4134 17
4135 18
4136 18
4137 19
4138 18
4139 17
4140 18
4141 17
4142 17
4143 17
4144 17
4145 17
4146 18
4147 17
4148 18
4149 17
4150 17
4151 17
4152 18
4153 18
4154 18
4155 17
4156 17
4157 18
4158 17
4159 17
4160 17
4161 18
4162 18
4163 18
4164 19
4165 19
4166 18
4167 17
4168 17
4169 19
4170 18
4171 18
4172 17
4173 18
4174 18
4175 17
4176 17
4177 17
4178 17
4179 18
4180 18
4181 18
4182 17
4183 17
4184 17
4185 27
4186 18
4187 18
4188 18
4189 18
4190 25
4191 19
4192 18
4193 17
4194 18
4195 18
4196 19
4197 17
4198 17
4199 18
4200 18
4201 18
4202 17
4203 17
4204 18
4205 17
4206 17
4207 18
4208 18
4209 17
4210 18
4211 18
4212 17
4213 17
4214 18
4215 18
4216 17
4217 18
4218 19
4219 18
4220 17
4221 18
4222 17
4223 18
4224 18
4225 17
4226 17
4227 18
4228 18
4229 17
4230 18
4231 18
4232 20
4233 18
4234 17
4235 17
4236 17
4237 17
4238 18
4239 17
4240 17
4241 17
4242 17
4243 17
4244 17
4245 17
4246 17
4247 17
4248 17
4249 17
4250 17
4251 17
4252 17
4253 18
4254 20
4255 18
4256 17
4257 17
4258 17
4259 17
4260 17
4261 17
4262 17
4263 17
4264 17
4265 17
4266 17
4267 17
4268 17
4269 19
4270 18
4271 22
4272 17
4273 18
4274 18
4275 18
4276 18
4277 17
4278 17
4279 17
4280 18
4281 18
4282 18
4283 17
4284 17
4285 17
4286 17
4287 18
4288 18
4289 17
4290 18
4291 17
4292 18
4293 18
4294 17
4295 17
4296 17
4297 17
4298 17
4299 17
4300 17
4301 17
4302 18
4303 19
4304 17
4305 18
4306 17
4307 17
4308 19
4309 18
4310 18
4311 17
4312 17
4313 17
4314 17
4315 18
4316 17
4317 18
4318 18
4319 19
4320 18
4321 18
4322 17
4323 17
4324 27
4325 18
4326 18
4327 18
4328 17
4329 17
4330 18
4331 17
4332 18
4333 18
4334 18
4335 17
4336 17
4337 17
4338 17
4339 17
4340 17
4341 17
4342 18
4343 18
4344 18
4345 18
4346 17
4347 17
4348 17
4349 17
4350 17
4351 17
4352 17
4353 18
4354 19
4355 18
4356 18
4357 17
4358 17
4359 18
4360 18
4361 17
4362 18
4363 17
4364 17
4365 17
4366 17
4367 17
4368 17
4369 17
4370 18
4371 18
4372 17
4373 17
4374 18
4375 17
4376 18
4377 18
4378 18
4379 17
4380 17
4381 18
4382 17
4383 17
4384 18
4385 17
4386 17
4387 18
4388 18
4389 18
4390 17
4391 17
4392 17
4393 17
4394 17
4395 17
4396 17
4397 17
4398 17
4399 17
4400 17
4401 17
4402 17
4403 17
4404 17
4405 17
4406 17
4407 17
4408 17
4409 17
4410 17
4411 17
4412 17
4413 17
4414 17
4415 17
4416 17
4417 17
4418 17
4419 17
4420 18
4421 17
4422 17
4423 17
4424 17
4425 17
4426 17
4427 18
4428 18
4429 18
4430 18
4431 17
4432 17
4433 17
4434 17
4435 18
4436 18
4437 17
4438 17
4439 18
4440 18
4441 18
4442 18
4443 17
4444 17
4445 17
4446 18
4447 18
4448 17
4449 18
4450 17
4451 26
4452 18
4453 18
4454 18
4455 18
4456 18
4457 17
4458 18
4459 17
4460 17
4461 17
4462 18
4463 18
4464 17
4465 17
4466 17
4467 18
4468 18
4469 17
4470 17
4471 17
4472 17
4473 17
4474 17
4475 17
4476 17
4477 17
4478 18
4479 18
4480 17
4481 17
4482 17
4483 17
4484 17
4485 17
4486 17
4487 17
4488 17
4489 17
4490 18
4491 18
4492 18
4493 18
4494 17
4495 18
4496 19
4497 17
4498 18
4499 18
4500 18
4501 18
4502 17
4503 17
4504 17
4505 17
4506 17
4507 17
4508 17
4509 17
4510 17
4511 19
4512 18
4513 17
4514 17
4515 17
4516 18
4517 18
4518 17
4519 17
4520 18
4521 18
4522 18
4523 17
4524 17
4525 17
4526 18
4527 17
4528 18
4529 18
4530 17
4531 17
4532 18
4533 21
4534 17
4535 17
4536 17
4537 18
4538 18
4539 17
4540 17
4541 17
4542 17
4543 17
4544 18
4545 18
4546 17
4547 17
4548 17
4549 17
4550 17
4551 17
4552 17
4553 17
4554 17
4555 18
4556 17
4557 18
4558 17
4559 17
4560 17
4561 18
4562 17
4563 17
4564 18
4565 17
4566 17
4567 27
4568 19
4569 17
4570 17
4571 18
4572 17
4573 17
4574 17
4575 18
4576 18
4577 18
4578 19
4579 18
4580 17
4581 17
4582 17
4583 18
4584 18
4585 17
4586 17
4587 17
4588 17
4589 17
4590 18
4591 18
4592 17
4593 17
4594 18
4595 18
4596 18
4597 17
4598 17
4599 17
4600 17
4601 17
4602 18
4603 18
4604 18
4605 17
4606 18
4607 18
4608 18
4609 18
4610 17
4611 18
4612 18
4613 18
4614 17
4615 18
4616 17
4617 18
4618 18
4619 18
4620 18
4621 17
4622 18
4623 17
4624 17
4625 17
4626 17
4627 21
4628 17
4629 18
4630 38
4631 18
4632 17
4633 18
4634 18
4635 17
4636 18
4637 17
4638 18
4639 18
4640 18
4641 17
4642 17
4643 17
4644 19
4645 18
4646 17
4647 17
4648 17
4649 17
4650 17
4651 17
4652 17
4653 17
4654 17
4655 17
4656 17
4657 17
4658 17
4659 17
4660 18
4661 18
4662 18
4663 18
4664 17
4665 18
4666 18
4667 18
4668 18
4669 19
4670 17
4671 17
4672 17
4673 18
4674 18
4675 17
4676 18
4677 18
4678 18
4679 18
4680 17
4681 17
4682 18
4683 17
4684 18
4685 17
4686 17
4687 18
4688 18
4689 19
4690 17
4691 18
4692 17
4693 17
4694 18
4695 17
4696 17
4697 18
4698 17
4699 17
4700 18
4701 18
4702 18
4703 17
4704 17
4705 17
4706 17
4707 17
4708 18
4709 18
4710 18
4711 18
4712 18
4713 18
4714 18
4715 17
4716 17
4717 17
4718 17
4719 17
4720 18
4721 27
4722 18
4723 18
4724 18
4725 18
4726 17
4727 18
4728 19
4729 18
4730 17
4731 18
4732 17
4733 18
4734 18
4735 17
4736 18
4737 18
4738 17
4739 19
4740 18
4741 18
4742 18
4743 17
4744 17
4745 17
4746 17
4747 18
4748 18
4749 18
4750 19
4751 18
4752 18
4753 18
4754 19
4755 20
4756 17
4757 18
4758 18
4759 18
4760 17
4761 18
4762 18
4763 18
4764 18
4765 17
4766 18
4767 17
4768 18
4769 17
4770 18
4771 17
4772 18
4773 18
4774 18
4775 17
4776 18
4777 18
4778 18
4779 17
4780 17
4781 18
4782 17
4783 18
4784 18
4785 19
4786 18
4787 17
4788 18
4789 18
4790 18
4791 18
4792 18
4793 18
4794 18
4795 18
4796 17
4797 17
4798 17
4799 17
4800 17
4801 17
4802 17
4803 17
4804 17
4805 17
4806 17
4807 24
4808 18
4809 17
4810 18
4811 18
4812 18
4813 18
4814 18
4815 17
4816 17
4817 17
4818 17
4819 18
4820 18
4821 18
4822 18
4823 17
4824 17
4825 17
4826 17
4827 17
4828 17
4829 17
4830 17
4831 17
4832 18
4833 18
4834 17
4835 18
4836 17
4837 17
4838 18
4839 18
4840 18
4841 18
4842 17
4843 17
4844 18
4845 18
4846 17
4847 17
4848 17
4849 19
4850 19
4851 18
4852 18
4853 17
4854 18
4855 17
4856 18
4857 18
4858 18
4859 18
4860 18
4861 18
4862 18
4863 17
4864 17
4865 17
4866 17
4867 17
4868 18
4869 18
4870 18
4871 17
4872 17
4873 17
4874 17
4875 17
4876 17
4877 18
4878 18
4879 17
4880 18
4881 18
4882 18
4883 19
4884 17
4885 18
4886 18
4887 21
4888 18
4889 18
4890 18
4891 18
4892 17
4893 17
4894 19
4895 18
4896 18
4897 17
4898 18
4899 18
4900 19
4901 18
4902 17
4903 17
4904 17
4905 18
4906 18
4907 18
4908 18
4909 18
4910 18
4911 17
4912 17
4913 17
4914 17
4915 17
4916 18
4917 18
4918 18
4919 17
4920 17
4921 19
4922 17
4923 17
4924 18
4925 18
4926 17
4927 17
4928 17
4929 18
4930 18
4931 17
4932 17
4933 17
4934 17
4935 18
4936 18
4937 18
4938 17
4939 18
4940 18
4941 18
4942 17
4943 17
4944 18
4945 27
4946 18
4947 18
4948 17
4949 18
4950 17
4951 17
4952 17
4953 20
4954 18
4955 18
4956 17
4957 17
4958 18
4959 18
4960 17
4961 18
4962 19
4963 17
4964 17
4965 18
4966 18
4967 17
4968 17
4969 18
4970 18
4971 17
4972 17
4973 18
4974 17
4975 17
4976 17
4977 17
4978 18
4979 17
4980 17
4981 17
4982 17
4983 18
4984 18
4985 21
4986 18
4987 18
4988 17
4989 17
4990 18
4991 17
4992 18
4993 17
4994 17
4995 18
4996 18
4997 18
4998 17
4999 23
5000 18
5001 17
5002 18
5003 18
5004 17
5005 18
5006 18
5007 19
5008 19
5009 17
5010 17
5011 17
5012 18
5013 17
5014 18
5015 17
5016 18
5017 18
5018 17
5019 17
5020 17
5021 17
5022 18
5023 17
5024 19
5025 18
5026 18
5027 17
5028 17
5029 17
5030 17
5031 18
5032 19
5033 18
5034 18
5035 18
5036 19
5037 18
5038 30
5039 19
5040 19
5041 18
5042 18
5043 18
5044 17
5045 23
5046 18
5047 18
5048 18
5049 20
5050 20
5051 18
5052 17
5053 17
5054 17
5055 17
5056 18
5057 18
5058 18
5059 18
5060 17
5061 18
5062 17
5063 17
5064 17
5065 18
5066 18
5067 18
5068 17
5069 17
5070 17
5071 17
5072 18
5073 17
5074 17
5075 17
5076 19
5077 19
5078 18
5079 17
5080 17
5081 17
5082 18
5083 18
5084 17
5085 17
5086 18
5087 17
5088 17
5089 17
5090 17
5091 17
5092 17
5093 19
5094 18
5095 18
5096 17
5097 17
5098 18
5099 19
5100 17
5101 18
5102 17
5103 17
5104 17
5105 17
5106 17
5107 17
5108 17
5109 29
5110 18
5111 18
5112 18
5113 17
5114 18
5115 17
5116 18
5117 17
5118 18
5119 17
5120 18
5121 17
5122 17
5123 17
5124 17
5125 17
5126 18
5127 18
5128 18
5129 17
5130 17
5131 28
5132 18
5133 18
5134 17
5135 17
5136 17
5137 17
5138 17
5139 17
5140 17
5141 17
5142 17
5143 17
5144 17
5145 17
5146 17
5147 17
5148 18
5149 18
5150 18
5151 17
5152 18
5153 18
5154 18
5155 17
5156 18
5157 18
5158 18
5159 18
5160 19
5161 35
5162 19
5163 17
5164 18
5165 18
5166 17
5167 18
5168 17
5169 18
5170 18
5171 18
5172 17
5173 19
5174 18
5175 19
5176 18
5177 18
5178 17
5179 18
5180 18
5181 17
5182 18
5183 17
5184 17
5185 17
5186 18
5187 18
5188 17
5189 17
5190 17
5191 30
5192 18
5193 18
5194 17
5195 17
5196 17
5197 18
5198 18
5199 18
5200 18
5201 17
5202 17
5203 18
5204 18
5205 18
5206 18
5207 17
5208 18
5209 18
5210 18
5211 18
5212 17
5213 17
5214 17
5215 17
5216 17
5217 17
5218 17
5219 18
5220 18
5221 18
5222 17
5223 17
5224 26
5225 18
5226 19
5227 18
5228 17
5229 18
5230 18
5231 18
5232 18
5233 18
5234 18
5235 18
5236 18
5237 20
5238 18
5239 18
5240 17
5241 18
5242 18
5243 18
5244 18
5245 18
5246 18
5247 17
5248 17
5249 18
5250 17
5251 17
5252 18
5253 18
5254 18
5255 18
5256 17
5257 17
5258 17
5259 17
5260 18
5261 18
5262 18
5263 18
5264 17
5265 18
5266 18
5267 18
5268 17
5269 21
5270 18
5271 18
5272 17
5273 17
5274 17
5275 17
5276 18
5277 17
5278 17
5279 17
5280 19
5281 18
5282 18
5283 18
5284 18
5285 17
5286 17
5287 17
5288 18
5289 17
5290 17
5291 17
5292 17
5293 17
5294 17
5295 18
5296 18
5297 19
5298 17
5299 18
5300 17
5301 20
5302 18
5303 18
5304 17
5305 18
5306 17
5307 17
5308 17
5309 17
5310 17
5311 17
5312 17
5313 32
5314 19
5315 17
5316 17
5317 17
5318 25
5319 18
5320 18
5321 18
5322 17
5323 17
5324 17
5325 17
5326 17
5327 17
5328 18
5329 28
5330 18
5331 19
5332 18
5333 18
5334 18
5335 18
5336 17
5337 364
5338 23
5339 19
5340 17
5341 21
5342 19
5343 19
5344 18
5345 18
5346 18
5347 18
5348 18
5349 17
5350 18
5351 18
5352 17
5353 18
5354 17
5355 17
5356 18
5357 17
5358 17
5359 17
5360 17
5361 18
5362 18
5363 17
5364 36
5365 20
5366 19
5367 18
5368 17
5369 19
5370 18
5371 19
5372 18
5373 20
5374 20
5375 21
5376 17
5377 20
5378 20
5379 23
5380 21
5381 18
5382 19
5383 19
5384 20
5385 18
5386 18
5387 18
5388 30
5389 19
5390 19
5391 18
5392 18
5393 17
5394 18
5395 18
5396 18
5397 17
5398 17
5399 18
5400 18
5401 17
5402 17
5403 17
5404 17
5405 25
5406 18
5407 18
5408 17
5409 18
5410 18
5411 17
5412 17
5413 17
5414 17
5415 17
5416 17
5417 18
5418 18
5419 18
5420 18
5421 18
5422 18
5423 18
5424 18
5425 17
5426 17
5427 17
5428 17
5429 17
5430 18
5431 17
5432 26
5433 18
5434 17
5435 17
5436 17
5437 18
5438 18
5439 17
5440 17
5441 17
5442 17
5443 17
5444 17
5445 17
5446 17
5447 17
5448 18
5449 19
5450 18
5451 18
5452 17
5453 17
5454 26
5455 19
5456 18
5457 17
5458 17
5459 18
5460 17
5461 18
5462 18
5463 18
5464 17
5465 17
5466 18
5467 18
5468 18
5469 18
5470 17
5471 17
5472 18
5473 18
5474 18
5475 17
5476 17
5477 19
5478 18
5479 18
5480 18
5481 17
5482 18
5483 18
5484 18
5485 18
5486 18
5487 17
5488 18
5489 18
5490 17
5491 18
5492 18
5493 17
5494 17
5495 18
5496 29
5497 18
5498 18
5499 28
5500 18
5501 18
5502 17
5503 17
5504 17
5505 17
5506 17
5507 17
5508 17
5509 17
5510 18
5511 18
5512 17
5513 17
5514 18
5515 18
5516 20
5517 19
5518 18
5519 18
5520 18
5521 17
5522 18
5523 18
5524 17
5525 19
5526 22
5527 18
5528 20
5529 18
5530 20
5531 21
5532 20
5533 20
5534 19
5535 18
5536 18
5537 18
5538 17
5539 18
5540 18
5541 19
5542 17
5543 19
5544 18
5545 17
5546 19
5547 17
5548 19
5549 18
5550 19
5551 18
5552 19
5553 20
5554 18
5555 18
5556 17
5557 19
5558 19
5559 18
5560 19
5561 19
5562 19
5563 18
5564 18
5565 19
5566 17
5567 18
5568 18
5569 17
5570 18
5571 16
5572 18
5573 17
5574 17
5575 17
5576 17
5577 18
5578 18
5579 18
5580 17
5581 17
5582 17
5583 18
5584 19
5585 20
5586 17
5587 17
5588 19
5589 18
5590 17
5591 18
5592 19
5593 18
5594 19
5595 18
5596 18
5597 17
5598 17
5599 18
5600 17
5601 18
5602 19
5603 19
5604 20
5605 18
5606 18
5607 18
5608 18
5609 17
5610 19
5611 19
5612 20
5613 19
5614 17
5615 18
5616 19
5617 18
5618 20
5619 25
5620 21
5621 19
5622 20
5623 19
5624 19
5625 19
5626 19
5627 19
5628 18
5629 19
5630 19
5631 19
5632 19
5633 19
5634 20
5635 19
5636 19
5637 19
5638 19
5639 19
5640 18
5641 18
5642 18
5643 20
5644 17
5645 17
5646 17
5647 17
5648 17
5649 18
5650 18
5651 17
5652 17
5653 17
5654 17
5655 17
5656 18
5657 17
5658 17
5659 18
5660 17
5661 17
5662 17
5663 17
5664 18
5665 18
5666 17
5667 18
5668 18
5669 35
5670 17
5671 18
5672 19
5673 18
5674 18
5675 18
5676 18
5677 18
5678 19
5679 18
5680 17
5681 17
5682 17
5683 18
5684 17
5685 17
5686 17
5687 17
5688 17
5689 18
5690 17
5691 17
5692 18
5693 18
5694 18
5695 19
5696 18
5697 17
5698 18
5699 18
5700 19
5701 18
5702 17
5703 17
5704 18
5705 18
5706 17
5707 18
5708 17
5709 17
5710 18
5711 17
5712 17
5713 18
5714 18
5715 17
5716 18
5717 19
5718 17
5719 18
5720 18
5721 18
5722 18
5723 18
5724 18
5725 18
5726 17
5727 17
5728 18
5729 17
5730 17
5731 17
5732 17
5733 18
5734 20
5735 18
5736 17
5737 18
5738 18
5739 18
5740 17
5741 18
5742 17
5743 18
5744 17
5745 18
5746 18
5747 18
5748 18
5749 18
5750 17
5751 18
5752 17
5753 17
5754 17
5755 17
5756 17
5757 17
5758 17
5759 18
5760 17
5761 17
5762 18
5763 18
5764 19
5765 18
5766 17
5767 17
5768 18
5769 18
5770 18
5771 18
5772 17
5773 17
5774 17
5775 17
5776 17
5777 17
5778 18
5779 18
5780 17
5781 17
5782 18
5783 18
5784 17
5785 18
5786 17
5787 18
5788 17
5789 17
5790 17
5791 17
5792 17
5793 17
5794 17
5795 18
5796 19
5797 18
5798 17
5799 18
5800 17
5801 18
5802 17
5803 18
5804 17
5805 17
5806 17
5807 17
5808 17
5809 17
5810 18
5811 17
5812 17
5813 17
5814 17
5815 17
5816 17
5817 17
5818 18
5819 17
5820 17
5821 17
5822 17
5823 17
5824 17
5825 18
5826 18
5827 18
5828 17
5829 17
5830 17
5831 17
5832 17
5833 18
5834 28
5835 18
5836 18
5837 17
5838 17
5839 17
5840 17
5841 17
5842 17
5843 18
5844 18
5845 17
5846 19
5847 28
5848 17
5849 18
5850 18
5851 18
5852 18
5853 17
5854 18
5855 17
5856 18
5857 18
5858 18
5859 18
5860 17
5861 17
5862 18
5863 17
5864 18
5865 17
5866 17
5867 20
5868 19
5869 19
5870 18
5871 18
5872 18
5873 17
5874 17
5875 17
5876 17
5877 17
5878 18
5879 18
5880 18
5881 17
5882 18
5883 18
5884 18
5885 19
5886 18
5887 18
5888 18
5889 18
5890 17
5891 17
5892 17
5893 17
5894 17
5895 18
5896 19
5897 17
5898 17
5899 17
5900 17
5901 18
5902 17
5903 21
5904 17
5905 17
5906 18
5907 18
5908 18
5909 17
5910 18
5911 18
5912 18
5913 18
5914 17
5915 17
5916 18
5917 17
5918 17
5919 17
5920 18
5921 18
5922 17
5923 17
5924 18
5925 18
5926 17
5927 17
5928 18
5929 18
5930 18
5931 18
5932 18
5933 17
5934 18
5935 18
5936 18
5937 18
5938 17
5939 17
5940 17
5941 17
5942 18
5943 17
5944 17
5945 17
5946 17
5947 18
5948 18
5949 18
5950 18
5951 18
5952 18
5953 18
5954 18
5955 17
5956 18
5957 17
5958 18
5959 18
5960 17
5961 17
5962 18
5963 18
5964 18
5965 18
5966 18
5967 17
5968 17
5969 17
5970 17
5971 17
5972 17
5973 17
5974 17
5975 17
5976 17
5977 17
5978 17
5979 18
5980 19
5981 19
5982 18
5983 18
5984 18
5985 18
5986 17
5987 17
5988 17
5989 18
5990 19
5991 18
5992 18
5993 17
5994 17
5995 17
5996 17
5997 17
5998 17
5999 17
6000 17
6001 17
6002 17
6003 17
6004 17
6005 18
6006 18
6007 18
6008 17
6009 17
6010 17
6011 17
6012 17
6013 17
6014 17
6015 17
6016 17
6017 17
6018 19
6019 17
6020 18
6021 18
6022 19
6023 17
6024 18
6025 18
6026 33
6027 18
6028 18
6029 18
6030 18
6031 18
6032 17
6033 17
6034 17
6035 18
6036 17
6037 17
6038 17
6039 17
6040 18
6041 18
6042 17
6043 17
6044 17
6045 17
6046 19
6047 18
6048 17
6049 17
6050 17
6051 18
6052 19
6053 18
6054 17
6055 17
6056 18
6057 17
6058 17
6059 17
6060 17
6061 17
6062 17
6063 17
6064 17
6065 17
6066 17
6067 17
6068 17
6069 17
6070 18
6071 18
6072 17
6073 17
6074 17
6075 26
6076 18
6077 17
6078 17
6079 17
6080 17
6081 17
6082 17
6083 17
6084 17
6085 18
6086 18
6087 18
6088 17
6089 18
6090 17
6091 17
6092 17
6093 17
6094 17
6095 17
6096 18
6097 18
6098 18
6099 17
6100 18
6101 18
6102 18
6103 18
6104 18
6105 18
6106 18
6107 27
6108 18
6109 17
6110 17
6111 17
6112 17
6113 17
6114 18
6115 18
6116 17
6117 17
6118 25
6119 18
6120 17
6121 17
6122 17
6123 17
6124 17
6125 17
6126 17
6127 17
6128 17
6129 25
6130 18
6131 18
6132 17
6133 17
6134 17
6135 17
6136 17
6137 17
6138 17
6139 17
6140 17
6141 17
6142 17
6143 17
6144 17
6145 17
6146 24
6147 18
6148 17
6149 17
6150 17
6151 24
6152 18
6153 17
6154 17
6155 18
6156 18
6157 18
6158 18
6159 18
6160 18
6161 17
6162 17
6163 17
6164 17
6165 17
6166 18
6167 17
6168 18
6169 19
6170 18
6171 17
6172 17
6173 17
6174 17
6175 17
6176 17
6177 17
6178 18
6179 17
6180 17
6181 17
6182 17
6183 17
6184 17
6185 18
6186 18
6187 18
6188 18
6189 17
6190 17
6191 17
6192 18
6193 17
6194 17
6195 17
6196 17
6197 17
6198 17
6199 18
6200 18
6201 17
6202 17
6203 17
6204 32
6205 19
6206 18
6207 17
6208 18
6209 20
6210 17
6211 18
6212 17
6213 17
6214 18
6215 17
6216 17
6217 17
6218 18
6219 19
6220 18
6221 17
6222 17
6223 17
6224 17
6225 17
6226 17
6227 17
6228 17
6229 19
6230 19
6231 18
6232 17
6233 17
6234 17
6235 18
6236 19
6237 18
6238 17
6239 17
6240 17
6241 18
6242 17
6243 18
6244 18
6245 18
6246 18
6247 17
6248 17
6249 17
6250 17
6251 17
6252 17
6253 17
6254 17
6255 17
6256 18
6257 18
6258 18
6259 17
6260 18
6261 18
6262 18
6263 18
6264 18
6265 18
6266 18
6267 17
6268 18
6269 17
6270 17
6271 17
6272 17
6273 17
6274 28
6275 18
6276 17
6277 17
6278 18
6279 18
6280 17
6281 17
6282 17
6283 17
6284 17
6285 17
6286 18
6287 18
6288 18
6289 17
6290 17
6291 18
6292 18
6293 18
6294 18
6295 18
6296 17
6297 17
6298 17
6299 17
6300 17
6301 17
6302 17
6303 17
6304 17
6305 17
6306 17
6307 17
6308 17
6309 17
6310 18
6311 18
6312 18
6313 17
6314 17
6315 17
6316 17
6317 17
6318 17
6319 17
6320 17
6321 18
6322 19
6323 18
6324 18
6325 18
6326 17
6327 18
6328 17
6329 17
6330 18
6331 20
6332 19
6333 18
6334 18
6335 18
6336 17
6337 18
6338 17
6339 17
6340 18
6341 18
6342 17
6343 17
6344 18
6345 18
6346 17
6347 18
6348 18
6349 17
6350 18
6351 17
6352 18
6353 17
6354 17
6355 17
6356 18
6357 17
6358 18
6359 18
6360 18
6361 17
6362 17
6363 18
6364 19
6365 17
6366 18
6367 17
6368 17
6369 19
6370 18
6371 17
6372 18
6373 18
6374 18
6375 18
6376 18
6377 18
6378 18
6379 17
6380 18
6381 19
6382 18
6383 19
6384 18
6385 17
6386 17
6387 18
6388 17
6389 17
6390 18
6391 17
6392 17
6393 17
6394 17
6395 17
6396 17
6397 18
6398 18
6399 17
6400 18
6401 18
6402 18
6403 30
6404 18
6405 18
6406 18
6407 17
6408 18
6409 17
6410 17
6411 17
6412 17
6413 17
6414 17
6415 17
6416 17
6417 17
6418 17
6419 17
6420 17
6421 17
6422 17
6423 17
6424 17
6425 25
6426 18
6427 17
6428 18
6429 17
6430 18
6431 17
6432 17
6433 17
6434 17
6435 17
6436 17
6437 17
6438 17
6439 18
6440 24
6441 19
6442 18
6443 18
6444 17
6445 17
6446 17
6447 17
6448 17
6449 17
6450 17
6451 25
6452 18
6453 18
6454 18
6455 18
6456 18
6457 18
6458 17
6459 17
6460 17
6461 18
6462 25
6463 18
6464 17
6465 17
6466 17
6467 17
6468 17
6469 17
6470 17
6471 17
6472 17
6473 24
6474 18
6475 17
6476 17
6477 17
6478 17
6479 17
6480 17
6481 18
6482 18
6483 18
6484 18
6485 18
6486 19
6487 17
6488 17
6489 17
6490 18
6491 17
6492 17
6493 17
6494 17
6495 17
6496 17
6497 17
6498 17
6499 17
6500 17
6501 18
6502 18
6503 18
6504 17
6505 17
6506 17
6507 17
6508 17
6509 17
6510 17
6511 17
6512 17
6513 17
6514 17
6515 17
6516 18
6517 18
6518 18
6519 18
6520 18
6521 17
6522 17
6523 17
6524 17
6525 17
6526 17
6527 17
6528 20
6529 17
6530 17
6531 17
6532 17
6533 18
6534 17
6535 18
6536 18
6537 17
6538 17
6539 17
6540 17
6541 17
6542 17
6543 17
6544 17
6545 17
6546 18
6547 18
6548 18
6549 18
6550 18
6551 17
6552 18
6553 17
6554 17
6555 17
6556 17
6557 26
6558 18
6559 18
6560 18
6561 17
6562 17
6563 17
6564 17
6565 17
6566 17
6567 17
6568 18
6569 19
6570 18
6571 17
6572 18
6573 17
6574 17
6575 17
6576 17
6577 17
6578 17
6579 17
6580 18
6581 18
6582 17
6583 17
6584 17
6585 17
6586 18
6587 17
6588 17
6589 17
6590 17
6591 17
6592 18
6593 17
6594 17
6595 17
6596 17
6597 17
6598 17
6599 17
6600 17
6601 17
6602 18
6603 18
6604 18
6605 17
6606 17
6607 17
6608 17
6609 17
6610 17
6611 17
6612 17
6613 17
6614 17
6615 17
6616 17
6617 17
6618 17
6619 17
6620 17
6621 17
6622 18
6623 18
6624 17
6625 17
6626 17
6627 17
6628 17
6629 17
6630 17
6631 17
6632 18
6633 18
6634 18
6635 17
6636 17
6637 17
6638 17
6639 17
6640 17
6641 17
6642 17
6643 26
6644 17
6645 18
6646 17
6647 18
6648 17
6649 19
6650 17
6651 17
6652 18
6653 17
6654 17
6655 17
6656 19
6657 18
6658 17
6659 19
6660 18
6661 18
6662 18
6663 18
6664 19
6665 18
6666 18
6667 17
6668 17
6669 17
6670 17
6671 17
6672 17
6673 17
6674 18
6675 17
6676 18
6677 17
6678 18
6679 17
6680 17
6681 17
6682 17
6683 17
6684 17
6685 17
6686 17
6687 17
6688 17
6689 17
6690 17
6691 18
6692 17
6693 18
6694 18
6695 17
6696 18
6697 17
6698 17
6699 18
6700 17
6701 17
6702 17
6703 17
6704 17
6705 17
6706 18
6707 17
6708 17
6709 17
6710 17
6711 17
6712 17
6713 17
6714 17
6715 17
6716 17
6717 17
6718 17
6719 17
6720 19
6721 17
6722 17
6723 17
6724 17
6725 17
6726 18
6727 18
6728 17
6729 17
6730 17
6731 20
6732 17
6733 26
6734 19
6735 18
6736 17
6737 17
6738 17
6739 17
6740 31
6741 18
6742 18
6743 17
6744 17
6745 17
6746 17
6747 17
6748 18
6749 18
6750 18
6751 17
6752 18
6753 29
6754 17
6755 18
6756 18
6757 17
6758 18
6759 17
6760 18
6761 17
6762 17
6763 17
6764 17
6765 19
6766 17
6767 17
6768 18
6769 18
6770 18
6771 17
6772 17
6773 17
6774 17
6775 26
6776 18
6777 17
6778 18
6779 18
6780 18
6781 18
6782 18
6783 17
6784 18
6785 18
6786 18
6787 18
6788 18
6789 18
6790 18
6791 17
6792 17
6793 17
6794 17
6795 17
6796 17
6797 18
6798 18
6799 25
6800 18
6801 18
6802 18
6803 18
6804 18
6805 18
6806 18
6807 17
6808 17
6809 17
6810 17
6811 17
6812 17
6813 18
6814 17
6815 17
6816 17
6817 17
6818 17
6819 18
6820 18
6821 19
6822 18
6823 18
6824 18
6825 18
6826 18
6827 17
6828 18
6829 17
6830 17
6831 19
6832 19
6833 18
6834 18
6835 17
6836 18
6837 17
6838 17
6839 17
6840 17
6841 17
6842 18
6843 18
6844 18
6845 18
6846 18
6847 18
6848 18
6849 17
6850 18
6851 18
6852 18
6853 18
6854 18
6855 17
6856 18
6857 17
6858 18
6859 18
6860 18
6861 19
6862 18
6863 17
6864 18
6865 18
6866 18
6867 17
6868 17
6869 18
6870 18
6871 17
6872 17
6873 17
6874 18
6875 17
6876 18
6877 17
6878 18
6879 18
6880 17
6881 18
6882 17
6883 17
6884 17
6885 18
6886 18
6887 17
6888 17
6889 17
6890 18
6891 18
6892 17
6893 17
6894 18
6895 18
6896 17
6897 18
6898 17
6899 30
6900 19
6901 18
6902 17
6903 17
6904 17
6905 34
6906 18
6907 17
6908 17
6909 17
6910 17
6911 17
6912 17
6913 17
6914 17
6915 17
6916 17
6917 17
6918 17
6919 17
6920 18
6921 17
6922 17
6923 17
6924 17
6925 18
6926 18
6927 18
6928 18
6929 18
6930 17
6931 17
6932 19
6933 17
6934 17
6935 18
6936 17
6937 17
6938 17
6939 17
6940 17
6941 17
6942 17
6943 17
6944 18
6945 18
6946 17
6947 18
6948 17
6949 17
6950 17
6951 17
6952 17
6953 17
6954 17
6955 18
6956 18
6957 17
6958 17
6959 17
6960 17
6961 17
6962 18
6963 18
6964 18
6965 17
6966 18
6967 19
6968 17
6969 17
6970 18
6971 17
6972 18
6973 17
6974 17
6975 17
6976 17
6977 18
6978 17
6979 18
6980 18
6981 18
6982 19
6983 18
6984 18
6985 17
6986 18
6987 17
6988 18
6989 18
6990 18
6991 18
6992 17
6993 19
6994 18
6995 17
6996 17
6997 18
6998 17
6999 17
7000 17
7001 18
7002 17
7003 18
7004 18
7005 18
7006 17
7007 17
7008 18
7009 18
7010 18
7011 18
7012 17
7013 17
7014 17
7015 17
7016 17
7017 17
7018 18
7019 17
7020 18
7021 17
7022 17
7023 17
7024 18
7025 17
7026 18
7027 19
7028 18
7029 18
7030 18
7031 18
7032 19
7033 17
7034 18
7035 18
7036 18
7037 17
7038 17
7039 17
7040 17
7041 17
7042 17
7043 18
7044 18
7045 17
7046 17
7047 17
7048 17
7049 18
7050 18
7051 17
7052 18
7053 18
7054 18
7055 17
7056 17
7057 17
7058 17
7059 17
7060 18
7061 19
7062 18
7063 17
7064 17
7065 17
7066 17
7067 17
7068 17
7069 17
7070 17
7071 18
7072 18
7073 17
7074 17
7075 17
7076 17
7077 18
7078 18
7079 18
7080 17
7081 17
7082 17
7083 18
7084 18
7085 28
7086 18
7087 18
7088 19
7089 19
7090 18
7091 17
7092 17
7093 27
7094 19
7095 18
7096 18
7097 18
7098 25
7099 18
7100 18
7101 17
7102 17
7103 17
7104 17
7105 17
7106 17
7107 17
7108 17
7109 24
7110 19
7111 18
7112 17
7113 17
7114 18
7115 18
7116 18
7117 17
7118 18
7119 17
7120 17
7121 17
7122 17
7123 17
7124 17
7125 17
7126 17
7127 17
7128 17
7129 17
7130 18
7131 18
7132 18
7133 17
7134 17
7135 17
7136 18
7137 18
7138 18
7139 18
7140 18
7141 18
7142 18
7143 18
7144 18
7145 18
7146 17
7147 17
7148 17
7149 17
7150 17
7151 18
7152 18
7153 17
7154 17
7155 17
7156 17
7157 17
7158 17
7159 17
7160 18
7161 19
7162 18
7163 18
7164 18
7165 17
7166 17
7167 17
7168 17
7169 17
7170 17
7171 17
7172 17
7173 17
7174 18
7175 18
7176 18
7177 19
7178 18
7179 18
7180 17
7181 17
7182 17
7183 17
7184 18
7185 18
7186 17
7187 17
7188 17
7189 17
7190 18
7191 18
7192 17
7193 17
7194 18
7195 18
7196 18
7197 17
7198 17
7199 17
7200 17
7201 17
7202 17
7203 18
7204 18
7205 17
7206 17
7207 17
7208 17
7209 17
7210 17
7211 17
7212 17
7213 17
7214 17
7215 17
7216 17
7217 18
7218 18
7219 18
7220 19
7221 18
7222 18
7223 18
7224 18
7225 17
7226 18
7227 17
7228 18
7229 17
7230 18
7231 17
7232 17
7233 17
7234 19
7235 18
7236 17
7237 17
7238 17
7239 17
7240 18
7241 18
7242 17
7243 17
7244 17
7245 18
7246 18
7247 17
7248 17
7249 18
7250 18
7251 17
7252 17
7253 17
7254 17
7255 17
7256 18
7257 18
7258 17
7259 17
7260 17
7261 18
7262 17
7263 18
7264 39
7265 18
7266 17
7267 17
7268 17
7269 17
7270 17
7271 17
7272 17
7273 19
7274 18
7275 18
7276 18
7277 18
7278 18
7279 17
7280 17
7281 17
7282 17
7283 17
7284 17
7285 17
7286 18
7287 18
7288 18
7289 19
7290 17
7291 17
7292 17
7293 17
7294 17
7295 17
7296 17
7297 18
7298 18
7299 18
7300 18
7301 18
7302 17
7303 18
7304 18
7305 18
7306 19
7307 18
7308 19
7309 18
7310 17
7311 18
7312 18
7313 17
7314 17
7315 17
7316 17
7317 18
7318 18
7319 17
7320 17
7321 17
7322 27
7323 18
7324 18
7325 18
7326 17
7327 18
7328 19
7329 18
7330 17
7331 17
7332 17
7333 17
7334 17
7335 17
7336 17
7337 17
7338 17
7339 17
7340 17
7341 17
7342 17
7343 17
7344 26
7345 18
7346 18
7347 17
7348 17
7349 17
7350 19
7351 17
7352 18
7353 17
7354 17
7355 18
7356 19
7357 18
7358 18
7359 18
7360 18
7361 17
7362 17
7363 17
7364 17
7365 17
7366 26
7367 18
7368 17
7369 17
7370 17
7371 17
7372 17
7373 17
7374 17
7375 18
7376 17
7377 25
7378 18
7379 18
7380 17
7381 17
7382 17
7383 17
7384 17
7385 17
7386 17
7387 18
7388 25
7389 18
7390 18
7391 18
7392 17
7393 17
7394 17
7395 17
7396 17
7397 17
7398 18
7399 17
7400 17
7401 17
7402 17
7403 17
7404 17
7405 17
7406 17
7407 17
7408 18
7409 18
7410 18
7411 17
7412 18
7413 18
7414 18
7415 17
7416 17
7417 17
7418 17
7419 17
7420 17
7421 17
7422 17
7423 18
7424 18
7425 19
7426 18
7427 17
7428 17
7429 17
7430 17
7431 17
7432 17
7433 26
7434 18
7435 17
7436 17
7437 17
7438 18
7439 18
7440 17
7441 28
7442 18
7443 18
7444 18
7445 18
7446 18
7447 17
7448 17
7449 17
7450 19
7451 17
7452 18
7453 17
7454 17
7455 17
7456 17
7457 17
7458 17
7459 17
7460 17
7461 18
7462 18
7463 18
7464 17
7465 17
7466 27
7467 17
7468 17
7469 17
7470 17
7471 17
7472 18
7473 17
7474 17
7475 17
7476 17
7477 18
7478 18
7479 18
7480 17
7481 18
7482 17
7483 18
7484 17
7485 18
7486 18
7487 17
7488 17
7489 18
7490 17
7491 17
7492 17
7493 17
7494 18
7495 17
7496 17
7497 17
7498 17
7499 17
7500 17
7501 17
7502 17
7503 17
7504 17
7505 18
7506 17
7507 18
7508 18
7509 17
7510 17
7511 17
7512 17
7513 17
7514 17
7515 17
7516 17
7517 17
7518 17
7519 18
7520 18
7521 18
7522 17
7523 17
7524 18
7525 17
7526 17
7527 17
7528 17
7529 17
7530 17
7531 17
7532 17
7533 17
7534 19
7535 19
7536 18
7537 18
7538 18
7539 17
7540 18
7541 18
7542 17
7543 17
7544 18
7545 18
7546 18
7547 18
7548 17
7549 17
7550 18
7551 18
7552 17
7553 17
7554 17
7555 18
7556 17
7557 17
7558 17
7559 17
7560 17
7561 17
7562 18
7563 18
7564 17
7565 18
7566 18
7567 18
7568 18
7569 18
7570 18
7571 19
7572 18
7573 18
7574 17
7575 17
7576 17
7577 17
7578 17
7579 17
7580 17
7581 17
7582 17
7583 17
7584 17
7585 18
7586 17
7587 18
7588 17
7589 18
7590 17
7591 17
7592 18
7593 18
7594 17
7595 17
7596 17
7597 17
7598 17
7599 17
7600 17
7601 27
7602 18
7603 18
7604 17
7605 17
7606 17
7607 18
7608 18
7609 18
7610 18
7611 17
7612 17
7613 18
7614 17
7615 17
7616 18
7617 17
7618 17
7619 18
7620 27
7621 18
7622 17
7623 18
7624 18
7625 17
7626 17
7627 17
7628 18
7629 19
7630 17
7631 18
7632 18
7633 18
7634 17
7635 17
7636 17
7637 17
7638 17
7639 17
7640 18
7641 18
7642 17
7643 18
7644 18
7645 18
7646 18
7647 17
7648 18
7649 17
7650 17
7651 18
7652 19
7653 18
7654 17
7655 18
7656 18
7657 18
7658 18
7659 18
7660 17
7661 17
7662 17
7663 17
7664 17
7665 18
7666 18
7667 18
7668 17
7669 18
7670 18
7671 18
7672 17
7673 17
7674 17
7675 17
7676 17
7677 17
7678 17
7679 17
7680 20
7681 18
7682 17
7683 18
7684 17
7685 17
7686 17
7687 17
7688 17
7689 17
7690 17
7691 18
7692 17
7693 17
7694 17
7695 17
7696 17
7697 18
7698 18
7699 18
7700 17
7701 18
7702 18
7703 18
7704 17
7705 17
7706 17
7707 18
7708 18
7709 18
7710 18
7711 18
7712 18
7713 19
7714 18
7715 18
7716 18
7717 17
7718 18
7719 18
7720 18
7721 18
7722 17
7723 17
7724 17
7725 17
7726 17
7727 17
7728 17
7729 17
7730 18
7731 17
7732 18
7733 18
7734 18
7735 18
7736 18
7737 18
7738 17
7739 17
7740 17
7741 17
7742 17
7743 17
7744 17
7745 17
7746 18
7747 17
7748 17
7749 18
7750 17
7751 17
7752 18
7753 18
7754 17
7755 17
7756 18
7757 18
7758 17
7759 17
7760 17
7761 17
7762 17
7763 19
7764 19
7765 19
7766 18
7767 18
7768 18
7769 18
7770 18
7771 18
7772 18
7773 18
7774 17
7775 17
7776 17
7777 18
7778 18
7779 17
7780 17
7781 17
7782 18
7783 17
7784 17
7785 17
7786 17
7787 26
7788 18
7789 18
7790 18
7791 18
7792 18
7793 17
7794 17
7795 17
7796 17
7797 17
7798 18
7799 40
7800 18
7801 17
7802 18
7803 17
7804 17
7805 17
7806 18
7807 17
7808 18
7809 18
7810 17
7811 17
7812 17
7813 17
7814 18
7815 18
7816 17
7817 17
7818 17
7819 18
7820 18
7821 20
7822 18
7823 18
7824 18
7825 17
7826 17
7827 17
7828 18
7829 27
7830 19
7831 18
7832 18
7833 17
7834 17
7835 17
7836 17
7837 17
7838 18
7839 18
7840 17
7841 19
7842 18
7843 18
7844 17
7845 17
7846 17
7847 18
7848 17
7849 17
7850 17
7851 27
7852 18
7853 18
7854 18
7855 18
7856 18
7857 17
7858 17
7859 17
7860 17
7861 17
7862 17
7863 17
7864 17
7865 17
7866 17
7867 17
7868 18
7869 18
7870 18
7871 17
7872 18
7873 27
7874 18
7875 18
7876 17
7877 17
7878 17
7879 17
7880 17
7881 17
7882 18
7883 18
7884 18
7885 19
7886 18
7887 17
7888 17
7889 18
7890 17
7891 17
7892 17
7893 17
7894 18
7895 18
7896 17
7897 18
7898 17
7899 17
7900 17
7901 18
7902 19
7903 18
7904 17
7905 17
7906 17
7907 17
7908 17
7909 17
7910 17
7911 17
7912 17
7913 17
7914 17
7915 18
7916 18
7917 17
7918 18
7919 19
7920 18
7921 17
7922 17
7923 17
7924 17
7925 17
7926 17
7927 17
7928 17
7929 18
7930 17
7931 18
7932 17
7933 17
7934 17
7935 18
7936 18
7937 17
7938 17
7939 20
7940 17
7941 18
7942 17
7943 17
7944 17
7945 18
7946 18
7947 18
7948 17
7949 17
7950 17
7951 17
7952 17
7953 17
7954 17
7955 18
7956 17
7957 17
7958 17
7959 18
7960 17
7961 17
7962 17
7963 17
7964 19
7965 18
7966 17
7967 17
7968 17
7969 18
7970 18
7971 17
7972 17
7973 17
7974 17
7975 17
7976 17
7977 29
7978 17
7979 18
7980 17
7981 17
7982 17
7983 18
7984 18
7985 18
7986 18
7987 17
7988 18
7989 18
7990 17
7991 17
7992 17
7993 17
7994 17
7995 18
7996 17
7997 19
7998 17
7999 18
8000 17
8001 17
8002 26
8003 20
8004 17
8005 17
8006 17
8007 17
8008 18
8009 17
8010 18
8011 17
8012 17
8013 17
8014 17
8015 17
8016 17
8017 17
8018 17
8019 17
8020 17
8021 17
8022 17
8023 17
8024 17
8025 18
8026 17
8027 17
8028 17
8029 17
8030 18
8031 17
8032 17
8033 17
8034 17
8035 18
8036 18
8037 18
8038 18
8039 17
8040 17
8041 17
8042 17
8043 17
8044 17
8045 17
8046 17
8047 17
8048 17
8049 17
8050 17
8051 17
8052 17
8053 18
8054 19
8055 18
8056 18
8057 17
8058 17
8059 17
8060 18
8061 17
8062 17
8063 17
8064 17
8065 17
8066 17
8067 20
8068 17
8069 17
8070 17
8071 17
8072 17
8073 17
8074 17
8075 17
8076 17
8077 18
8078 17
8079 17
8080 17
8081 17
8082 17
8083 17
8084 17
8085 18
8086 17
8087 17
8088 17
8089 17
8090 17
8091 17
8092 17
8093 17
8094 17
8095 17
8096 17
8097 17
8098 17
8099 17
8100 25
8101 18
8102 17
8103 17
8104 18
8105 18
8106 19
8107 17
8108 17
8109 18
8110 17
8111 17
8112 17
8113 17
8114 17
8115 17
8116 18
8117 18
8118 17
8119 17
8120 17
8121 18
8122 17
8123 17
8124 17
8125 18
8126 17
8127 18
8128 19
8129 20
8130 17
8131 19
8132 18
8133 17
8134 17
8135 17
8136 17
8137 17
8138 19
8139 18
8140 18
8141 17
8142 17
8143 17
8144 17
8145 17
8146 17
8147 17
8148 17
8149 17
8150 17
8151 17
8152 17
8153 18
8154 27
8155 18
8156 242
8157 27
8158 18
8159 18
8160 17
8161 17
8162 18
8163 18
8164 17
8165 17
8166 18
8167 19
8168 18
8169 17
8170 17
8171 18
8172 19
8173 18
8174 17
8175 17
8176 17
8177 18
8178 17
8179 17
8180 17
8181 17
8182 28
8183 18
8184 17
8185 17
8186 18
8187 17
8188 17
8189 17
8190 17
8191 17
8192 17
8193 17
8194 17
8195 18
8196 17
8197 17
8198 17
8199 18
8200 18
8201 18
8202 18
8203 18
8204 18
8205 18
8206 18
8207 18
8208 17
8209 17
8210 17
8211 18
8212 18
8213 18
8214 18
8215 17
8216 17
8217 18
8218 18
8219 17
8220 17
8221 18
8222 17
8223 17
8224 17
8225 17
8226 18
8227 17
8228 17
8229 17
8230 18
8231 17
8232 18
8233 17
8234 18
8235 17
8236 18
8237 17
8238 17
8239 17
8240 17
8241 17
8242 17
8243 17
8244 18
8245 18
8246 18
8247 20
8248 18
8249 17
8250 17
8251 17
8252 17
8253 17
8254 17
8255 17
8256 17
8257 17
8258 17
8259 17
8260 17
8261 17
8262 17
8263 17
8264 17
8265 17
8266 17
8267 17
8268 17
8269 17
8270 17
8271 17
8272 17
8273 17
8274 17
8275 17
8276 17
8277 17
8278 17
8279 17
8280 17
8281 17
8282 17
8283 17
8284 17
8285 17
8286 18
8287 17
8288 17
8289 17
8290 17
8291 18
8292 19
8293 19
8294 18
8295 18
8296 17
8297 18
8298 17
8299 18
8300 17
8301 19
8302 18
8303 18
8304 17
8305 18
8306 18
8307 17
8308 17
8309 17
8310 17
8311 17
8312 18
8313 19
8314 18
8315 18
8316 18
8317 26
8318 18
8319 17
8320 17
8321 17
8322 18
8323 18
8324 18
8325 40
8326 17
8327 25
8328 18
8329 18
8330 18
8331 18
8332 17
8333 18
8334 17
8335 17
8336 18
8337 18
8338 17
8339 17
8340 17
8341 17
8342 17
8343 17
8344 18
8345 18
8346 18
8347 17
8348 17
8349 18
8350 18
8351 17
8352 18
8353 18
8354 17
8355 18
8356 18
8357 18
8358 17
8359 17
8360 17
8361 18
8362 18
8363 17
8364 17
8365 17
8366 17
8367 17
8368 17
8369 17
8370 17
8371 17
8372 18
8373 19
8374 18
8375 18
8376 17
8377 17
8378 17
8379 17
8380 18
8381 17
8382 17
8383 17
8384 17
8385 17
8386 17
8387 17
8388 17
8389 17
8390 17
8391 17
8392 17
8393 17
8394 18
8395 17
8396 26
8397 18
8398 17
8399 17
8400 17
8401 17
8402 17
8403 19
8404 18
8405 17
8406 18
8407 17
8408 17
8409 17
8410 17
8411 17
8412 17
8413 17
8414 17
8415 18
8416 17
8417 17
8418 17
8419 18
8420 18
8421 18
8422 18
8423 19
8424 18
8425 17
8426 18
8427 18
8428 17
8429 18
8430 18
8431 18
8432 17
8433 17
8434 18
8435 18
8436 17
8437 17
8438 17
8439 17
8440 17
8441 18
8442 17
8443 17
8444 18
8445 18
8446 17
8447 17
8448 17
8449 17
8450 17
8451 17
8452 17
8453 17
8454 17
8455 17
8456 17
8457 17
8458 17
8459 18
8460 18
8461 18
8462 17
8463 17
8464 17
8465 17
8466 17
8467 17
8468 17
8469 18
8470 17
8471 17
8472 17
8473 17
8474 17
8475 17
8476 17
8477 17
8478 17
8479 17
8480 18
8481 18
8482 18
8483 17
8484 17
8485 17
8486 17
8487 17
8488 17
8489 17
8490 18
8491 17
8492 17
8493 17
8494 17
8495 17
8496 17
8497 17
8498 18
8499 18
8500 18
8501 18
8502 17
8503 18
8504 18
8505 26
8506 18
8507 18
8508 18
8509 18
8510 17
8511 17
8512 17
8513 18
8514 17
8515 18
8516 18
8517 18
8518 17
8519 17
8520 17
8521 17
8522 17
8523 17
8524 17
8525 17
8526 17
8527 18
8528 17
8529 17
8530 18
8531 17
8532 17
8533 17
8534 17
8535 17
8536 17
8537 17
8538 18
8539 18
8540 17
8541 17
8542 17
8543 17
8544 17
8545 17
8546 18
8547 18
8548 17
8549 17
8550 17
8551 17
8552 17
8553 17
8554 17
8555 17
8556 17
8557 17
8558 17
8559 18
8560 18
8561 17
8562 17
8563 18
8564 18
8565 18
8566 18
8567 18
8568 17
8569 17
8570 17
8571 17
8572 17
8573 17
8574 17
8575 17
8576 17
8577 26
8578 18
8579 20
8580 18
8581 17
8582 17
8583 17
8584 17
8585 17
8586 17
8587 17
8588 17
8589 17
8590 17
8591 17
8592 25
8593 18
8594 18
8595 18
8596 17
8597 17
8598 18
8599 18
8600 18
8601 18
8602 18
8603 18
8604 18
8605 19
8606 18
8607 17
8608 18
8609 18
8610 18
8611 18
8612 17
8613 17
8614 17
8615 17
8616 17
8617 18
8618 17
8619 17
8620 17
8621 17
8622 17
8623 18
8624 17
8625 18
8626 17
8627 17
8628 18
8629 18
8630 18
8631 18
8632 18
8633 17
8634 19
8635 18
8636 17
8637 17
8638 18
8639 18
8640 17
8641 17
8642 17
8643 19
8644 18
8645 18
8646 17
8647 17
8648 18
8649 18
8650 18
8651 18
8652 18
8653 18
8654 19
8655 19
8656 18
8657 18
8658 17
8659 27
8660 19
8661 18
8662 17
8663 17
8664 17
8665 17
8666 17
8667 17
8668 17
8669 17
8670 18
8671 18
8672 17
8673 17
8674 17
8675 17
8676 18
8677 19
8678 18
8679 18
8680 17
8681 17
8682 19
8683 17
8684 29
8685 18
8686 17
8687 17
8688 17
8689 17
8690 17
8691 17
8692 17
8693 17
8694 17
8695 18
8696 18
8697 18
8698 18
8699 19
8700 18
8701 17
8702 17
8703 17
8704 17
8705 17
8706 17
8707 17
8708 17
8709 18
8710 18
8711 18
8712 18
8713 17
8714 17
8715 18
8716 19
8717 19
8718 17
8719 17
8720 18
8721 17
8722 18
8723 17
8724 17
8725 17
8726 18
8727 18
8728 17
8729 17
8730 18
8731 18
8732 19
8733 18
8734 17
8735 18
8736 18
8737 17
8738 18
8739 17
8740 17
8741 17
8742 17
8743 17
8744 18
8745 17
8746 18
8747 17
8748 17
8749 19
8750 18
8751 18
8752 18
8753 18
8754 18
8755 18
8756 17
8757 17
8758 17
8759 17
8760 18
8761 19
8762 18
8763 17
8764 17
8765 17
8766 18
8767 18
8768 17
8769 18
8770 17
8771 18
8772 19
8773 18
8774 17
8775 17
8776 17
8777 17
8778 18
8779 17
8780 18
8781 17
8782 17
8783 17
8784 17
8785 17
8786 17
8787 18
8788 18
8789 20
8790 18
8791 18
8792 17
8793 17
8794 17
8795 17
8796 17
8797 17
8798 17
8799 17
8800 17
8801 17
8802 17
8803 17
8804 17
8805 17
8806 19
8807 17
8808 18
8809 18
8810 18
8811 17
8812 17
8813 18
8814 17
8815 18
8816 27
8817 18
8818 18
8819 17
8820 17
8821 18
8822 18
8823 17
8824 18
8825 17
8826 17
8827 18
8828 18
8829 18
8830 18
8831 17
8832 17
8833 18
8834 19
8835 17
8836 17
8837 17
8838 26
8839 18
8840 18
8841 17
8842 17
8843 17
8844 17
8845 17
8846 18
8847 18
8848 17
8849 17
8850 18
8851 17
8852 17
8853 18
8854 18
8855 18
8856 18
8857 18
8858 17
8859 17
8860 17
8861 19
8862 17
8863 29
8864 18
8865 17
8866 18
8867 18
8868 18
8869 18
8870 18
8871 28
8872 18
8873 18
8874 17
8875 18
8876 17
8877 17
8878 17
8879 17
8880 17
8881 17
8882 17
8883 17
8884 18
8885 18
8886 18
8887 17
8888 18
8889 18
8890 17
8891 17
8892 17
8893 17
8894 17
8895 25
8896 18
8897 17
8898 18
8899 17
8900 18
8901 17
8902 18
8903 18
8904 17
8905 17
8906 17
8907 17
8908 17
8909 17
8910 25
8911 18
8912 17
8913 17
8914 17
8915 17
8916 17
8917 18
8918 17
8919 17
8920 17
8921 24
8922 18
8923 17
8924 17
8925 17
8926 17
8927 17
8928 17
8929 17
8930 17
8931 17
8932 17
8933 17
8934 17
8935 17
8936 18
8937 17
8938 17
8939 18
8940 20
8941 18
8942 17
8943 17
8944 17
8945 17
8946 17
8947 17
8948 17
8949 17
8950 17
8951 17
8952 17
8953 17
8954 17
8955 17
8956 18
8957 18
8958 17
8959 17
8960 17
8961 17
8962 18
8963 17
8964 18
8965 18
8966 17
8967 17
8968 17
8969 18
8970 18
8971 17
8972 18
8973 18
8974 18
8975 18
8976 17
8977 17
8978 17
8979 17
8980 17
8981 17
8982 17
8983 17
8984 19
8985 19
8986 17
8987 17
8988 17
8989 18
8990 17
8991 18
8992 17
8993 17
8994 26
8995 18
8996 18
8997 18
8998 17
8999 17
9000 18
9001 18
9002 18
9003 17
9004 18
9005 18
9006 18
9007 17
9008 17
9009 17
9010 17
9011 18
9012 19
9013 17
9014 17
9015 17
9016 17
9017 17
9018 17
9019 17
9020 17
9021 18
9022 17
9023 19
9024 18
9025 17
9026 17
9027 17
9028 18
9029 17
9030 17
9031 17
9032 18
9033 17
9034 17
9035 17
9036 18
9037 17
9038 17
9039 17
9040 19
9041 17
9042 19
9043 17
9044 18
9045 18
9046 18
9047 18
9048 17
9049 18
9050 17
9051 17
9052 18
9053 18
9054 18
9055 17
9056 18
9057 18
9058 18
9059 18
9060 17
9061 26
9062 19
9063 18
9064 17
9065 17
9066 17
9067 17
9068 17
9069 18
9070 18
9071 17
9072 25
9073 18
9074 17
9075 17
9076 17
9077 17
9078 17
9079 17
9080 17
9081 18
9082 18
9083 25
9084 17
9085 17
9086 17
9087 17
9088 17
9089 18
9090 18
9091 18
9092 18
9093 18
9094 24
9095 18
9096 18
9097 18
9098 18
9099 18
9100 18
9101 17
9102 17
9103 17
9104 17
9105 18
9106 19
9107 17
9108 18
9109 18
9110 18
9111 19
9112 18
9113 18
9114 18
9115 18
9116 17
9117 17
9118 17
9119 17
9120 17
9121 17
9122 18
9123 18
9124 17
9125 18
9126 17
9127 17
9128 17
9129 17
9130 17
9131 17
9132 17
9133 17
9134 17
9135 18
9136 19
9137 18
9138 18
9139 17
9140 17
9141 17
9142 17
9143 17
9144 17
9145 18
9146 18
9147 17
9148 18
9149 18
9150 17
9151 18
9152 19
9153 18
9154 18
9155 18
9156 18
9157 17
9158 17
9159 17
9160 17
9161 26
9162 18
9163 17
9164 17
9165 17
9166 17
9167 17
9168 18
9169 17
9170 17
9171 17
9172 18
9173 18
9174 18
9175 17
9176 17
9177 17
9178 19
9179 18
9180 18
9181 17
9182 17
9183 18
9184 18
9185 18
9186 17
9187 17
9188 17
9189 18
9190 19
9191 18
9192 17
9193 17
9194 18
9195 18
9196 17
9197 17
9198 18
9199 18
9200 17
9201 17
9202 17
9203 18
9204 17
9205 17
9206 18
9207 18
9208 18
9209 17
9210 17
9211 18
9212 18
9213 18
9214 17
9215 17
9216 17
9217 17
9218 17
9219 18
9220 18
9221 17
9222 18
9223 17
9224 17
9225 18
9226 17
9227 17
9228 17
9229 19
9230 17
9231 17
9232 17
9233 17
9234 18
9235 17
9236 17
9237 17
9238 17
9239 17
9240 18
9241 18
9242 17
9243 18
9244 18
9245 17
9246 17
9247 17
9248 17
9249 17
9250 17
9251 17
9252 17
9253 17
9254 17
9255 17
9256 18
9257 19
9258 17
9259 18
9260 18
9261 17
9262 17
9263 17
9264 17
9265 17
9266 18
9267 18
9268 17
9269 17
9270 17
9271 18
9272 18
9273 18
9274 17
9275 17
9276 17
9277 17
9278 17
9279 18
9280 17
9281 17
9282 17
9283 17
9284 17
9285 17
9286 17
9287 17
9288 17
9289 17
9290 17
9291 18
9292 17
9293 17
9294 17
9295 17
9296 17
9297 17
9298 17
9299 17
9300 17
9301 17
9302 17
9303 26
9304 18
9305 17
9306 17
9307 17
9308 17
9309 18
9310 17
9311 17
9312 17
9313 18
9314 17
9315 17
9316 17
9317 17
9318 25
9319 18
9320 18
9321 17
9322 17
9323 17
9324 17
9325 17
9326 18
9327 17
9328 17
9329 24
9330 18
9331 17
9332 17
9333 17
9334 18
9335 18
9336 17
9337 17
9338 17
9339 17
9340 17
9341 17
9342 17
9343 17
9344 17
9345 18
9346 18
9347 18
9348 19
9349 17
9350 17
9351 17
9352 18
9353 17
9354 18
9355 18
9356 17
9357 17
9358 17
9359 17
9360 17
9361 17
9362 17
9363 18
9364 19
9365 18
9366 17
9367 17
9368 17
9369 17
9370 17
9371 17
9372 17
9373 17
9374 17
9375 17
9376 17
9377 18
9378 17
9379 17
9380 18
9381 19
9382 18
9383 17
9384 17
9385 18
9386 19
9387 17
9388 18
9389 17
9390 17
9391 17
9392 18
9393 18
9394 17
9395 16
9396 17
9397 17
9398 17
9399 27
9400 18
9401 17
9402 17
9403 18
9404 17
9405 17
9406 20
9407 17
9408 17
9409 17
9410 17
9411 17
9412 17
9413 27
9414 18
9415 17
9416 18
9417 17
9418 17
9419 17
9420 17
9421 17
9422 17
9423 17
9424 17
9425 17
9426 18
9427 17
9428 17
9429 17
9430 17
9431 17
9432 17
9433 17
9434 17
9435 17
9436 16
9437 17
9438 17
9439 17
9440 18
9441 17
9442 17
9443 17
9444 18
9445 19
9446 18
9447 18
9448 18
9449 18
9450 17
9451 17
9452 17
9453 17
9454 17
9455 17
9456 18
9457 17
9458 26
9459 18
9460 17
9461 17
9462 17
9463 17
9464 18
9465 17
9466 17
9467 17
9468 18
9469 25
9470 20
9471 17
9472 17
9473 17
9474 18
9475 18
9476 18
9477 18
9478 17
9479 17
9480 17
9481 17
9482 17
9483 17
9484 17
9485 17
9486 17
9487 17
9488 17
9489 17
9490 17
9491 17
9492 17
9493 17
9494 18
9495 17
9496 18
9497 18
9498 18
9499 18
9500 17
9501 17
9502 17
9503 17
9504 17
9505 17
9506 17
9507 17
9508 17
9509 17
9510 17
9511 17
9512 17
9513 17
9514 17
9515 17
9516 17
9517 17
9518 17
9519 17
9520 17
9521 17
9522 17
9523 17
9524 17
9525 18
9526 17
9527 17
9528 17
9529 17
9530 17
9531 17
9532 17
9533 17
9534 19
9535 17
9536 17
9537 17
9538 17
9539 17
9540 17
9541 17
9542 17
9543 17
9544 17
9545 17
9546 17
9547 17
9548 17
9549 18
9550 18
9551 18
9552 19
9553 17
9554 17
9555 17
9556 17
9557 18
9558 17
9559 18
9560 18
9561 18
9562 17
9563 18
9564 18
9565 18
9566 17
9567 18
9568 19
9569 18
9570 17
9571 17
9572 17
9573 17
9574 17
9575 17
9576 17
9577 18
9578 18
9579 265
9580 20
9581 18
9582 17
9583 17
9584 17
9585 17
9586 17
9587 17
9588 17
9589 18
9590 18
9591 18
9592 18
9593 18
9594 17
9595 18
9596 18
9597 18
9598 18
9599 18
9600 18
9601 18
9602 18
9603 17
9604 17
9605 18
9606 18
9607 18
9608 17
9609 17
9610 17
9611 18
9612 18
9613 17
9614 17
9615 18
9616 18
9617 18
9618 18
9619 17
9620 18
9621 18
9622 19
9623 17
9624 18
9625 17
9626 17
9627 18
9628 19
9629 18
9630 18
9631 17
9632 17
9633 17
9634 17
9635 17
9636 17
9637 17
9638 18
9639 17
9640 17
9641 17
9642 18
9643 18
9644 29
9645 18
9646 17
9647 18
9648 18
9649 17
9650 17
9651 17
9652 17
9653 17
9654 17
9655 17
9656 17
9657 17
9658 18
9659 17
9660 18
9661 18
9662 18
9663 18
9664 17
9665 18
9666 17
9667 17
9668 17
9669 17
9670 17
9671 17
9672 17
9673 17
9674 17
9675 17
9676 17
9677 17
9678 19
9679 19
9680 18
9681 18
9682 18
9683 17
9684 17
9685 17
9686 17
9687 17
9688 17
9689 17
9690 18
9691 17
9692 17
9693 18
9694 17
9695 17
9696 18
9697 18
9698 17
9699 18
9700 17
9701 18
9702 17
9703 18
9704 18
9705 17
9706 17
9707 18
9708 19
9709 19
9710 18
9711 18
9712 19
9713 19
9714 18
9715 18
9716 18
9717 17
9718 18
9719 18
9720 18
9721 17
9722 18
9723 18
9724 17
9725 17
9726 18
9727 17
9728 28
9729 19
9730 18
9731 18
9732 18
9733 17
9734 17
9735 17
9736 17
9737 17
9738 17
9739 17
9740 17
9741 17
9742 17
9743 17
9744 17
9745 18
9746 18
9747 23
9748 17
9749 17
9750 18
9751 17
9752 17
9753 17
9754 17
9755 17
9756 17
9757 17
9758 17
9759 17
9760 17
9761 17
9762 17
9763 17
9764 17
9765 17
9766 17
9767 18
9768 17
9769 18
9770 17
9771 17
9772 17
9773 17
9774 17
9775 18
9776 19
9777 18
9778 17
9779 18
9780 18
9781 17
9782 17
9783 17
9784 26
9785 19
9786 18
9787 17
9788 17
9789 17
9790 17
9791 17
9792 17
9793 17
9794 18
9795 17
9796 19
9797 18
9798 17
9799 18
9800 17
9801 17
9802 17
9803 18
9804 17
9805 18
9806 27
9807 18
9808 18
9809 18
9810 18
9811 17
9812 17
9813 17
9814 17
9815 17
9816 17
9817 17
9818 17
9819 18
9820 18
9821 17
9822 17
9823 19
9824 19
9825 18
9826 17
9827 17
9828 17
9829 17
9830 17
9831 17
9832 17
9833 17
9834 18
9835 18
9836 19
9837 17
9838 18
9839 17
9840 19
9841 18
9842 17
9843 18
9844 17
9845 17
9846 17
9847 18
9848 18
9849 17
9850 17
9851 17
9852 17
9853 17
9854 17
9855 17
9856 17
9857 18
9858 18
9859 17
9860 17
9861 17
9862 18
9863 19
9864 18
9865 17
9866 17
9867 18
9868 17
9869 17
9870 17
9871 17
9872 17
9873 17
9874 17
9875 17
9876 18
9877 18
9878 17
9879 18
9880 18
9881 18
9882 17
9883 17
9884 17
9885 18
9886 17
9887 17
9888 17
9889 17
9890 17
9891 18
9892 19
9893 18
9894 17
9895 17
9896 18
9897 18
9898 17
9899 18
9900 18
9901 17
9902 17
9903 17
9904 17
9905 17
9906 17
9907 28
9908 18
9909 18
9910 17
9911 17
9912 18
9913 17
9914 17
9915 17
9916 17
9917 17
9918 18
9919 18
9920 17
9921 17
9922 17
9923 17
9924 18
9925 18
9926 28
9927 17
9928 17
9929 17
9930 17
9931 17
9932 17
9933 17
9934 17
9935 18
9936 17
9937 18
9938 17
9939 18
9940 18
9941 18
9942 18
9943 18
9944 18
9945 18
9946 17
9947 18
9948 18
9949 17
9950 17
9951 26
9952 18
9953 17
9954 17
9955 17
9956 17
9957 17
9958 17
9959 17
9960 17
9961 17
9962 17
9963 17
9964 17
9965 17
9966 18
9967 17
9968 18
9969 19
9970 18
9971 18
9972 17
9973 17
9974 17
9975 17
9976 17
9977 17
9978 17
9979 17
9980 17
9981 17
9982 17
9983 17
9984 18
9985 18
9986 18
9987 18
9988 17
9989 17
9990 18
9991 17
9992 17
9993 17
9994 18
9995 17
9996 17
9997 17
9998 17
9999 17
