0 71
1 20
2 18
3 18
4 19
5 19
6 18
7 18
8 18
9 18
10 18
11 18
12 17
13 17
14 17
15 19
16 19
17 19
18 17
19 17
20 17
21 17
22 19
23 17
24 17
25 18
26 17
27 18
28 18
29 19
30 19
31 19
32 19
33 17
34 17
35 17
36 20
37 18
38 18
39 17
40 18
41 18
42 18
43 18
44 18
45 31
46 17
47 18
48 35
49 19
50 18
51 17
52 17
53 18
54 18
55 17
56 17
57 17
58 17
59 18
60 18
61 17
62 18
63 18
64 17
65 19
66 19
67 19
68 18
69 18
70 19
71 19
72 18
73 18
74 17
75 18
76 18
77 18
78 17
79 17
80 30
81 18
82 17
83 18
84 18
85 18
86 17
87 18
88 18
89 17
90 18
91 18
92 18
93 17
94 17
95 17
96 25
97 21
98 18
99 17
100 17
101 17
102 18
103 18
104 18
105 17
106 17
107 17
108 18
109 18
110 17
111 17
112 18
113 18
114 17
115 17
116 17
117 17
118 18
119 17
120 17
121 17
122 17
123 17
124 17
125 17
126 18
127 17
128 17
129 19
130 17
131 18
132 18
133 18
134 17
135 17
136 17
137 17
138 17
139 17
140 17
141 17
142 17
143 17
144 17
145 18
146 27
147 19
148 17
149 17
150 17
151 17
152 17
153 17
154 17
155 18
156 17
157 21
158 27
159 18
160 18
161 18
162 17
163 17
164 17
165 17
166 17
167 17
168 17
169 17
170 17
171 17
172 17
173 17
174 18
175 19
176 18
177 17
178 17
179 18
180 18
181 17
182 17
183 17
184 17
185 17
186 17
187 18
188 17
189 17
190 17
191 18
192 18
193 18
194 17
195 17
196 17
197 17
198 17
199 17
200 17
201 18
202 18
203 17
204 17
205 17
206 17
207 17
208 17
209 18
210 18
211 17
212 17
213 17
214 17
215 18
216 18
217 18
218 17
219 17
220 17
221 37
222 18
223 17
224 18
225 19
226 17
227 17
228 17
229 17
230 17
231 18
232 18
233 18
234 17
235 17
236 18
237 18
238 17
239 18
240 17
241 20
242 22
243 21
244 18
245 18
246 18
247 19
248 17
249 17
250 17
251 19
252 18
253 18
254 18
255 17
256 18
257 19
258 22
259 18
260 18
261 17
262 17
263 17
264 17
265 17
266 18
267 17
268 18
269 17
270 17
271 17
272 19
273 18
274 21
275 18
276 19
277 20
278 35
279 19
280 18
281 18
282 19
283 18
284 18
285 19
286 18
287 18
288 18
289 18
290 32
291 18
292 18
293 18
294 17
295 17
296 17
297 18
298 17
299 19
300 20
301 20
302 18
303 18
304 21
305 22
306 17
307 18
308 20
309 34
310 20
311 17
312 18
313 18
314 18
315 18
316 19
317 18
318 18
319 18
320 18
321 18
322 22
323 18
324 18
325 18
326 21
327 23
328 18
329 17
330 18
331 18
332 17
333 18
334 18
335 17
336 19
337 17
338 19
339 18
340 17
341 17
342 19
343 20
344 17
345 17
346 19
347 18
348 18
349 19
350 19
351 17
352 17
353 19
354 19
355 18
356 19
357 17
358 18
359 19
360 18
361 19
362 18
363 18
364 19
365 18
366 18
367 17
368 17
369 17
370 17
371 17
372 17
373 17
374 17
375 18
376 18
377 18
378 18
379 18
380 18
381 17
382 18
383 17
384 17
385 17
386 19
387 17
388 17
389 17
390 17
391 19
392 18
393 282
394 21
395 29
396 19
397 18
398 17
399 18
400 17
401 17
402 17
403 17
404 17
405 17
406 17
407 17
408 17
409 18
410 17
411 17
412 18
413 18
414 18
415 17
416 18
417 17
418 17
419 17
420 17
421 17
422 17
423 17
424 17
425 17
426 17
427 17
428 17
429 17
430 17
431 17
432 18
433 18
434 17
435 17
436 17
437 19
438 17
439 17
440 17
441 17
442 17
443 17
444 18
445 17
446 17
447 17
448 17
449 17
450 17
451 17
452 19
453 18
454 17
455 17
456 17
457 18
458 18
459 18
460 17
461 17
462 17
463 19
464 17
465 18
466 17
467 17
468 17
469 17
470 17
471 18
472 18
473 18
474 18
475 18
476 18
477 17
478 18
479 18
480 17
481 17
482 17
483 18
484 17
485 17
486 17
487 17
488 17
489 18
490 17
491 19
492 17
493 17
494 17
495 17
496 17
497 17
498 18
499 18
500 18
501 17
502 18
503 18
504 18
505 18
506 17
507 17
508 19
509 18
510 17
511 17
512 17
513 18
514 19
515 18
516 17
517 17
518 17
519 17
520 17
521 17
522 18
523 17
524 17
525 17
526 17
527 17
528 17
529 17
530 18
531 18
532 18
533 18
534 18
535 17
536 17
537 17
538 17
539 17
540 17
541 17
542 17
543 17
544 17
545 17
546 17
547 17
548 17
549 18
550 18
551 18
552 18
553 17
554 26
555 18
556 18
557 18
558 17
559 17
560 17
561 17
562 17
563 17
564 17
565 18
566 17
567 17
568 17
569 25
570 18
571 18
572 18
573 17
574 18
575 17
576 18
577 18
578 18
579 17
580 18
581 18
582 18
583 17
584 17
585 17
586 17
587 17
588 17
589 17
590 18
591 18
592 18
593 18
594 17
595 17
596 18
597 19
598 18
599 17
600 18
601 18
602 17
603 18
604 17
605 17
606 18
607 18
608 18
609 17
610 18
611 18
612 18
613 26
614 18
615 17
616 18
617 18
618 18
619 17
620 17
621 18
622 18
623 17
624 17
625 17
626 18
627 18
628 17
629 17
630 18
631 18
632 18
633 17
634 18
635 17
636 18
637 18
638 17
639 18
640 18
641 17
642 17
643 18
644 18
645 17
646 18
647 19
648 18
649 17
650 18
651 18
652 18
653 19
654 18
655 18
656 17
657 18
658 18
659 17
660 18
661 18
662 17
663 18
664 20
665 17
666 18
667 17
668 18
669 17
670 17
671 17
672 18
673 18
674 18
675 18
676 18
677 17
678 17
679 18
680 17
681 17
682 17
683 17
684 18
685 18
686 18
687 18
688 17
689 17
690 18
691 18
692 17
693 18
694 19
695 17
696 18
697 20
698 18
699 17
700 18
701 18
702 17
703 17
704 18
705 17
706 18
707 18
708 19
709 17
710 18
711 18
712 18
713 18
714 17
715 18
716 18
717 17
718 17
719 18
720 17
721 17
722 18
723 18
724 17
725 17
726 18
727 17
728 18
729 18
730 17
731 26
732 19
733 18
734 17
735 18
736 19
737 18
738 18
739 18
740 18
741 17
742 17
743 17
744 17
745 18
746 18
747 18
748 17
749 17
750 17
751 17
752 17
753 17
754 17
755 17
756 17
757 18
758 17
759 18
760 17
761 17
762 17
763 18
764 17
765 17
766 18
767 18
768 17
769 18
770 17
771 18
772 18
773 17
774 18
775 18
776 17
777 17
778 17
779 17
780 17
781 17
782 17
783 18
784 18
785 17
786 17
787 17
788 17
789 17
790 17
791 18
792 26
793 18
794 17
795 18
796 17
797 19
798 18
799 17
800 17
801 27
802 19
803 18
804 18
805 17
806 17
807 18
808 17
809 17
810 18
811 17
812 17
813 18
814 18
815 17
816 17
817 18
818 17
819 17
820 17
821 17
822 17
823 17
824 18
825 18
826 18
827 17
828 18
829 17
830 18
831 18
832 17
833 18
834 18
835 17
836 31
837 19
838 18
839 18
840 18
841 18
842 17
843 17
844 17
845 18
846 18
847 18
848 17
849 18
850 18
851 26
852 18
853 18
854 19
855 17
856 18
857 17
858 17
859 18
860 18
861 18
862 17
863 18
864 18
865 17
866 18
867 18
868 17
869 17
870 17
871 18
872 17
873 18
874 18
875 17
876 17
877 17
878 18
879 17
880 18
881 18
882 18
883 17
884 18
885 20
886 17
887 18
888 17
889 18
890 18
891 17
892 18
893 18
894 18
895 17
896 18
897 17
898 17
899 18
900 17
901 18
902 18
903 17
904 18
905 17
906 18
907 27
908 19
909 18
910 18
911 18
912 18
913 21
914 19
915 17
916 17
917 18
918 18
919 19
920 18
921 18
922 18
923 17
924 18
925 18
926 18
927 18
928 17
929 17
930 17
931 17
932 17
933 18
934 17
935 17
936 17
937 17
938 18
939 17
940 27
941 19
942 18
943 17
944 17
945 17
946 17
947 17
948 17
949 17
950 17
951 18
952 19
953 18
954 17
955 18
956 18
957 17
958 18
959 18
960 18
961 17
962 17
963 18
964 17
965 18
966 17
967 19
968 18
969 18
970 18
971 17
972 18
973 19
974 18
975 18
976 17
977 17
978 17
979 17
980 18
981 18
982 17
983 27
984 18
985 17
986 17
987 17
988 18
989 18
990 17
991 17
992 17
993 17
994 19
995 18
996 19
997 18
998 18
999 29
1000 19
1001 18
1002 17
1003 17
1004 18
1005 20
1006 17
1007 18
1008 18
1009 17
1010 17
1011 17
1012 17
1013 17
1014 17
1015 18
1016 18
1017 18
1018 18
1019 17
1020 18
1021 29
1022 18
1023 18
1024 17
1025 17
1026 17
1027 17
1028 17
1029 17
1030 17
1031 17
1032 17
1033 17
1034 17
1035 17
1036 17
1037 17
1038 18
1039 19
1040 18
1041 17
1042 17
1043 17
1044 18
1045 18
1046 18
1047 18
1048 18
1049 18
1050 19
1051 18
1052 18
1053 17
1054 18
1055 18
1056 17
1057 18
1058 17
1059 18
1060 18
1061 18
1062 17
1063 18
1064 18
1065 28
1066 19
1067 17
1068 18
1069 17
1070 17
1071 17
1072 17
1073 18
1074 18
1075 18
1076 19
1077 20
1078 19
1079 18
1080 18
1081 18
1082 17
1083 18
1084 17
1085 18
1086 17
1087 18
1088 20
1089 25
1090 18
1091 18
1092 18
1093 18
1094 18
1095 18
1096 18
1097 18
1098 20
1099 18
1100 18
1101 18
1102 18
1103 17
1104 18
1105 18
1106 17
1107 18
1108 31
1109 18
1110 18
1111 18
1112 18
1113 18
1114 19
1115 18
1116 18
1117 18
1118 19
1119 18
1120 17
1121 18
1122 18
1123 18
1124 18
1125 17
1126 18
1127 17
1128 18
1129 18
1130 17
1131 17
1132 18
1133 18
1134 17
1135 17
1136 18
1137 18
1138 20
1139 17
1140 17
1141 18
1142 18
1143 17
1144 18
1145 17
1146 18
1147 18
1148 18
1149 18
1150 18
1151 18
1152 18
1153 18
1154 18
1155 18
1156 17
1157 17
1158 19
1159 18
1160 18
1161 18
1162 18
1163 18
1164 20
1165 17
1166 17
1167 17
1168 17
1169 19
1170 17
1171 18
1172 18
1173 18
1174 17
1175 17
1176 17
1177 18
1178 17
1179 18
1180 18
1181 18
1182 18
1183 17
1184 17
1185 17
1186 18
1187 18
1188 18
1189 17
1190 17
1191 17
1192 17
1193 17
1194 17
1195 17
1196 17
1197 18
1198 17
1199 18
1200 18
1201 18
1202 17
1203 18
1204 17
1205 18
1206 18
1207 18
1208 18
1209 18
1210 18
1211 18
1212 17
1213 18
1214 18
1215 17
1216 17
1217 17
1218 17
1219 17
1220 17
1221 17
1222 17
1223 17
1224 17
1225 17
1226 17
1227 17
1228 17
1229 17
1230 17
1231 17
1232 18
1233 17
1234 19
1235 18
1236 17
1237 18
1238 18
1239 17
1240 17
1241 17
1242 17
1243 17
1244 18
1245 17
1246 17
1247 19
1248 19
1249 18
1250 18
1251 17
1252 18
1253 18
1254 17
1255 18
1256 18
1257 18
1258 17
1259 18
1260 19
1261 18
1262 17
1263 18
1264 18
1265 19
1266 29
1267 21
1268 17
1269 17
1270 17
1271 18
1272 17
1273 17
1274 18
1275 18
1276 17
1277 17
1278 17
1279 17
1280 17
1281 17
1282 17
1283 18
1284 18
1285 18
1286 18
1287 18
1288 18
1289 19
1290 18
1291 17
1292 17
1293 17
1294 18
1295 17
1296 18
1297 17
1298 18
1299 18
1300 18
1301 18
1302 17
1303 19
1304 17
1305 18
1306 17
1307 18
1308 18
1309 18
1310 18
1311 18
1312 17
1313 17
1314 18
1315 19
1316 18
1317 17
1318 18
1319 17
1320 17
1321 18
1322 17
1323 17
1324 17
1325 18
1326 18
1327 18
1328 18
1329 18
1330 18
1331 18
1332 18
1333 18
1334 18
1335 17
1336 17
1337 17
1338 18
1339 18
1340 17
1341 17
1342 18
1343 27
1344 18
1345 18
1346 19
1347 18
1348 18
1349 19
1350 18
1351 18
1352 18
1353 17
1354 18
1355 17
1356 18
1357 18
1358 18
1359 29
1360 19
1361 17
1362 18
1363 18
1364 19
1365 19
1366 17
1367 18
1368 17
1369 17
1370 17
1371 18
1372 17
1373 17
1374 17
1375 17
1376 18
1377 18
1378 18
1379 18
1380 19
1381 18
1382 17
1383 17
1384 18
1385 18
1386 18
1387 17
1388 18
1389 17
1390 17
1391 18
1392 17
1393 18
1394 18
1395 17
1396 29
1397 18
1398 18
1399 17
1400 18
1401 17
1402 18
1403 18
1404 17
1405 18
1406 18
1407 17
1408 18
1409 18
1410 18
1411 18
1412 26
1413 19
1414 18
1415 17
1416 18
1417 17
1418 18
1419 18
1420 17
1421 18
1422 18
1423 18
1424 18
1425 17
1426 17
1427 18
1428 18
1429 18
1430 17
1431 18
1432 18
1433 17
1434 18
1435 17
1436 17
1437 18
1438 18
1439 18
1440 18
1441 17
1442 30
1443 18
1444 17
1445 18
1446 18
1447 17
1448 18
1449 18
1450 18
1451 17
1452 18
1453 17
1454 17
1455 18
1456 18
1457 17
1458 17
1459 18
1460 18
1461 17
1462 18
1463 17
1464 18
1465 18
1466 18
1467 18
1468 18
1469 18
1470 17
1471 18
1472 18
1473 17
1474 18
1475 17
1476 18
1477 18
1478 17
1479 18
1480 18
1481 17
1482 18
1483 17
1484 19
1485 18
1486 18
1487 18
1488 17
1489 18
1490 18
1491 18
1492 18
1493 17
1494 18
1495 18
1496 18
1497 17
1498 18
1499 17
1500 18
1501 17
1502 18
1503 18
1504 18
1505 18
1506 18
1507 17
1508 18
1509 17
1510 17
1511 18
1512 18
1513 18
1514 18
1515 17
1516 18
1517 17
1518 18
1519 17
1520 18
1521 17
1522 18
1523 17
1524 18
1525 18
1526 18
1527 18
1528 18
1529 18
1530 17
1531 17
1532 18
1533 17
1534 18
1535 18
1536 17
1537 18
1538 17
1539 17
1540 18
1541 18
1542 17
1543 17
1544 17
1545 18
1546 17
1547 17
1548 18
1549 18
1550 17
1551 18
1552 18
1553 18
1554 19
1555 18
1556 17
1557 17
1558 18
1559 17
1560 18
1561 17
1562 18
1563 27
1564 19
1565 18
1566 17
1567 18
1568 21
1569 17
1570 18
1571 17
1572 20
1573 20
1574 18
1575 17
1576 18
1577 19
1578 18
1579 18
1580 18
1581 17
1582 17
1583 17
1584 17
1585 18
1586 18
1587 18
1588 19
1589 18
1590 17
1591 17
1592 18
1593 18
1594 17
1595 19
1596 19
1597 18
1598 19
1599 17
1600 19
1601 20
1602 18
1603 18
1604 18
1605 17
1606 17
1607 17
1608 17
1609 17
1610 17
1611 17
1612 17
1613 17
1614 17
1615 17
1616 17
1617 17
1618 17
1619 23
1620 17
1621 18
1622 17
1623 17
1624 17
1625 17
1626 19
1627 18
1628 17
1629 18
1630 18
1631 17
1632 17
1633 18
1634 19
1635 18
1636 18
1637 18
1638 18
1639 17
1640 17
1641 17
1642 18
1643 17
1644 17
1645 17
1646 17
1647 17
1648 18
1649 17
1650 17
1651 18
1652 17
1653 18
1654 18
1655 18
1656 18
1657 18
1658 18
1659 19
1660 18
1661 18
1662 17
1663 19
1664 17
1665 17
1666 17
1667 18
1668 18
1669 18
1670 17
1671 18
1672 18
1673 17
1674 17
1675 18
1676 18
1677 17
1678 18
1679 19
1680 18
1681 17
1682 17
1683 17
1684 18
1685 17
1686 18
1687 18
1688 18
1689 18
1690 18
1691 17
1692 17
1693 17
1694 29
1695 19
1696 18
1697 17
1698 18
1699 26
1700 18
1701 17
1702 17
1703 17
1704 17
1705 17
1706 17
1707 17
1708 17
1709 17
1710 17
1711 17
1712 17
1713 18
1714 17
1715 17
1716 17
1717 19
1718 18
1719 18
1720 18
1721 17
1722 17
1723 17
1724 17
1725 17
1726 17
1727 17
1728 18
1729 17
1730 18
1731 18
1732 18
1733 18
1734 19
1735 18
1736 17
1737 17
1738 27
1739 18
1740 17
1741 17
1742 17
1743 17
1744 19
1745 18
1746 17
1747 18
1748 18
1749 19
1750 19
1751 18
1752 18
1753 18
1754 17
1755 17
1756 18
1757 18
1758 18
1759 18
1760 17
1761 17
1762 18
1763 18
1764 18
1765 17
1766 17
1767 17
1768 17
1769 17
1770 17
1771 17
1772 18
1773 18
1774 18
1775 17
1776 18
1777 17
1778 17
1779 18
1780 17
1781 17
1782 18
1783 18
1784 18
1785 18
1786 18
1787 17
1788 17
1789 18
1790 17
1791 17
1792 17
1793 18
1794 18
1795 17
1796 273
1797 21
1798 18
1799 17
1800 17
1801 17
1802 17
1803 17
1804 17
1805 17
1806 17
1807 18
1808 17
1809 18
1810 17
1811 17
1812 17
1813 17
1814 17
1815 17
1816 17
1817 17
1818 17
1819 18
1820 18
1821 17
1822 17
1823 17
1824 18
1825 18
1826 17
1827 17
1828 17
1829 18
1830 18
1831 18
1832 18
1833 17
1834 17
1835 17
1836 17
1837 17
1838 17
1839 17
1840 16
1841 18
1842 18
1843 18
1844 17
1845 17
1846 18
1847 18
1848 17
1849 17
1850 18
1851 17
1852 18
1853 17
1854 17
1855 17
1856 17
1857 27
1858 19
1859 17
1860 17
1861 17
1862 17
1863 17
1864 17
1865 18
1866 18
1867 18
1868 17
1869 18
1870 18
1871 17
1872 18
1873 19
1874 19
1875 18
1876 17
1877 18
1878 17
1879 17
1880 17
1881 18
1882 17
1883 18
1884 17
1885 17
1886 17
1887 17
1888 17
1889 18
1890 19
1891 18
1892 17
1893 18
1894 29
1895 20
1896 18
1897 17
1898 18
1899 19
1900 18
1901 17
1902 17
1903 17
1904 18
1905 17
1906 18
1907 17
1908 17
1909 18
1910 18
1911 19
1912 17
1913 17
1914 18
1915 17
1916 17
1917 17
1918 18
1919 18
1920 17
1921 17
1922 18
1923 18
1924 17
1925 17
1926 18
1927 28
1928 18
1929 18
1930 17
1931 18
1932 18
1933 17
1934 17
1935 17
1936 17
1937 17
1938 18
1939 19
1940 18
1941 17
1942 17
1943 17
1944 17
1945 17
1946 17
1947 17
1948 17
1949 18
1950 17
1951 17
1952 17
1953 18
1954 18
1955 19
1956 18
1957 18
1958 17
1959 18
1960 18
1961 18
1962 17
1963 23
1964 18
1965 18
1966 17
1967 18
1968 18
1969 17
1970 18
1971 18
1972 20
1973 19
1974 18
1975 18
1976 18
1977 18
1978 18
1979 17
1980 17
1981 17
1982 18
1983 19
1984 18
1985 17
1986 17
1987 18
1988 18
1989 17
1990 18
1991 18
1992 18
1993 17
1994 17
1995 17
1996 18
1997 17
1998 17
1999 18
2000 18
2001 17
2002 17
2003 17
2004 17
2005 17
2006 28
2007 19
2008 17
2009 18
2010 18
2011 19
2012 19
2013 17
2014 18
2015 18
2016 18
2017 18
2018 18
2019 18
2020 18
2021 17
2022 17
2023 17
2024 18
2025 18
2026 18
2027 19
2028 19
2029 17
2030 18
2031 18
2032 18
2033 19
2034 17
2035 18
2036 18
2037 17
2038 19
2039 18
2040 18
2041 18
2042 18
2043 17
2044 19
2045 17
2046 18
2047 18
2048 18
2049 18
2050 18
2051 19
2052 18
2053 17
2054 17
2055 17
2056 18
2057 18
2058 17
2059 18
2060 18
2061 19
2062 18
2063 17
2064 17
2065 18
2066 18
2067 17
2068 17
2069 17
2070 18
2071 17
2072 17
2073 18
2074 17
2075 17
2076 17
2077 19
2078 18
2079 18
2080 18
2081 18
2082 17
2083 17
2084 17
2085 18
2086 18
2087 17
2088 18
2089 19
2090 18
2091 17
2092 18
2093 17
2094 18
2095 18
2096 18
2097 18
2098 18
2099 18
2100 18
2101 18
2102 17
2103 17
2104 17
2105 18
2106 18
2107 18
2108 18
2109 17
2110 19
2111 18
2112 18
2113 18
2114 18
2115 18
2116 18
2117 17
2118 18
2119 17
2120 18
2121 18
2122 19
2123 18
2124 18
2125 17
2126 18
2127 18
2128 17
2129 17
2130 19
2131 18
2132 18
2133 17
2134 18
2135 17
2136 18
2137 17
2138 19
2139 18
2140 27
2141 17
2142 19
2143 18
2144 18
2145 17
2146 18
2147 17
2148 18
2149 17
2150 18
2151 17
2152 18
2153 18
2154 17
2155 17
2156 17
2157 18
2158 17
2159 18
2160 19
2161 17
2162 17
2163 17
2164 18
2165 17
2166 18
2167 17
2168 17
2169 18
2170 17
2171 17
2172 19
2173 17
2174 17
2175 18
2176 18
2177 18
2178 17
2179 17
2180 18
2181 17
2182 18
2183 19
2184 19
2185 19
2186 17
2187 18
2188 18
2189 18
2190 18
2191 18
2192 18
2193 19
2194 18
2195 17
2196 18
2197 18
2198 18
2199 20
2200 17
2201 17
2202 17
2203 18
2204 17
2205 17
2206 18
2207 18
2208 18
2209 19
2210 19
2211 17
2212 17
2213 17
2214 18
2215 20
2216 19
2217 17
2218 17
2219 18
2220 18
2221 18
2222 18
2223 18
2224 18
2225 17
2226 17
2227 18
2228 18
2229 18
2230 17
2231 28
2232 18
2233 18
2234 18
2235 17
2236 18
2237 18
2238 18
2239 17
2240 18
2241 18
2242 18
2243 18
2244 18
2245 17
2246 17
2247 17
2248 19
2249 18
2250 18
2251 17
2252 17
2253 18
2254 17
2255 18
2256 17
2257 17
2258 18
2259 17
2260 17
2261 18
2262 17
2263 17
2264 18
2265 20
2266 18
2267 18
2268 18
2269 17
2270 20
2271 18
2272 17
2273 17
2274 18
2275 17
2276 17
2277 17
2278 18
2279 18
2280 18
2281 17
2282 18
2283 17
2284 18
2285 17
2286 19
2287 20
2288 18
2289 17
2290 17
2291 18
2292 18
2293 18
2294 18
2295 17
2296 18
2297 18
2298 17
2299 18
2300 18
2301 18
2302 18
2303 17
2304 17
2305 18
2306 17
2307 19
2308 19
2309 26
2310 19
2311 18
2312 17
2313 18
2314 18
2315 18
2316 32
2317 18
2318 26
2319 19
2320 17
2321 17
2322 17
2323 18
2324 18
2325 19
2326 18
2327 17
2328 17
2329 17
2330 18
2331 17
2332 18
2333 18
2334 17
2335 19
2336 17
2337 18
2338 17
2339 17
2340 18
2341 18
2342 17
2343 17
2344 18
2345 17
2346 18
2347 17
2348 17
2349 17
2350 17
2351 18
2352 19
2353 18
2354 18
2355 18
2356 17
2357 18
2358 19
2359 17
2360 17
2361 17
2362 17
2363 17
2364 17
2365 17
2366 17
2367 17
2368 18
2369 20
2370 18
2371 17
2372 17
2373 17
2374 18
2375 18
2376 17
2377 17
2378 17
2379 27
2380 19
2381 17
2382 17
2383 17
2384 25
2385 18
2386 18
2387 18
2388 18
2389 18
2390 18
2391 18
2392 17
2393 17
2394 17
2395 17
2396 17
2397 17
2398 17
2399 17
2400 18
2401 18
2402 18
2403 18
2404 18
2405 18
2406 18
2407 17
2408 17
2409 17
2410 17
2411 17
2412 18
2413 26
2414 18
2415 17
2416 17
2417 17
2418 17
2419 17
2420 17
2421 17
2422 17
2423 18
2424 18
2425 19
2426 18
2427 17
2428 17
2429 17
2430 17
2431 17
2432 17
2433 17
2434 28
2435 19
2436 17
2437 18
2438 17
2439 17
2440 17
2441 18
2442 18
2443 17
2444 18
2445 18
2446 17
2447 18
2448 18
2449 18
2450 18
2451 17
2452 18
2453 18
2454 18
2455 17
2456 18
2457 27
2458 20
2459 19
2460 17
2461 17
2462 17
2463 17
2464 17
2465 17
2466 17
2467 17
2468 18
2469 18
2470 18
2471 17
2472 25
2473 19
2474 17
2475 17
2476 18
2477 17
2478 19
2479 19
2480 18
2481 17
2482 17
2483 18
2484 17
2485 17
2486 18
2487 18
2488 17
2489 19
2490 17
2491 26
2492 17
2493 18
2494 17
2495 17
2496 17
2497 17
2498 17
2499 17
2500 17
2501 18
2502 17
2503 17
2504 17
2505 18
2506 17
2507 17
2508 17
2509 17
2510 18
2511 18
2512 18
2513 17
2514 18
2515 18
2516 17
2517 17
2518 17
2519 17
2520 17
2521 17
2522 18
2523 17
2524 18
2525 17
2526 17
2527 18
2528 18
2529 17
2530 18
2531 18
2532 18
2533 17
2534 17
2535 17
2536 17
2537 17
2538 18
2539 17
2540 17
2541 17
2542 17
2543 18
2544 18
2545 18
2546 18
2547 17
2548 17
2549 18
2550 18
2551 23
2552 17
2553 17
2554 17
2555 17
2556 17
2557 28
2558 19
2559 18
2560 18
2561 17
2562 18
2563 18
2564 18
2565 18
2566 26
2567 19
2568 19
2569 18
2570 18
2571 18
2572 17
2573 17
2574 18
2575 17
2576 17
2577 18
2578 17
2579 17
2580 17
2581 17
2582 18
2583 19
2584 19
2585 18
2586 17
2587 18
2588 18
2589 20
2590 18
2591 17
2592 17
2593 17
2594 17
2595 17
2596 18
2597 18
2598 18
2599 28
2600 18
2601 18
2602 17
2603 17
2604 17
2605 17
2606 17
2607 17
2608 17
2609 17
2610 18
2611 20
2612 18
2613 18
2614 18
2615 19
2616 17
2617 17
2618 17
2619 17
2620 18
2621 18
2622 17
2623 17
2624 18
2625 17
2626 17
2627 18
2628 18
2629 18
2630 17
2631 18
2632 17
2633 17
2634 18
2635 17
2636 17
2637 17
2638 17
2639 17
2640 17
2641 17
2642 17
2643 17
2644 19
2645 18
2646 18
2647 17
2648 17
2649 17
2650 18
2651 17
2652 17
2653 17
2654 18
2655 17
2656 17
2657 17
2658 17
2659 17
2660 17
2661 19
2662 18
2663 17
2664 17
2665 17
2666 17
2667 17
2668 17
2669 20
2670 17
2671 28
2672 19
2673 17
2674 17
2675 17
2676 19
2677 18
2678 17
2679 20
2680 17
2681 18
2682 19
2683 20
2684 18
2685 17
2686 17
2687 29
2688 18
2689 17
2690 17
2691 17
2692 24
2693 19
2694 17
2695 18
2696 18
2697 18
2698 18
2699 18
2700 17
2701 17
2702 17
2703 18
2704 17
2705 17
2706 17
2707 18
2708 17
2709 19
2710 19
2711 18
2712 17
2713 18
2714 17
2715 18
2716 17
2717 18
2718 18
2719 17
2720 18
2721 19
2722 17
2723 18
2724 18
2725 18
2726 18
2727 19
2728 19
2729 18
2730 18
2731 17
2732 18
2733 17
2734 17
2735 17
2736 30
2737 19
2738 18
2739 17
2740 18
2741 18
2742 18
2743 20
2744 18
2745 18
2746 17
2747 18
2748 18
2749 18
2750 17
2751 18
2752 26
2753 19
2754 18
2755 17
2756 18
2757 18
2758 18
2759 18
2760 17
2761 17
2762 18
2763 20
2764 21
2765 17
2766 18
2767 18
2768 17
2769 18
2770 17
2771 17
2772 17
2773 17
2774 17
2775 17
2776 17
2777 17
2778 19
2779 18
2780 19
2781 19
2782 18
2783 18
2784 18
2785 18
2786 18
2787 18
2788 17
2789 16
2790 17
2791 17
2792 17
2793 18
2794 17
2795 17
2796 17
2797 19
2798 18
2799 17
2800 17
2801 17
2802 18
2803 18
2804 18
2805 17
2806 18
2807 20
2808 19
2809 19
2810 17
2811 19
2812 29
2813 19
2814 17
2815 17
2816 17
2817 17
2818 17
2819 17
2820 17
2821 17
2822 17
2823 17
2824 17
2825 17
2826 17
2827 17
2828 17
2829 17
2830 17
2831 17
2832 18
2833 17
2834 17
2835 17
2836 17
2837 17
2838 17
2839 17
2840 18
2841 28
2842 41
2843 18
2844 27
2845 19
2846 18
2847 18
2848 17
2849 18
2850 17
2851 17
2852 17
2853 18
2854 18
2855 18
2856 18
2857 19
2858 18
2859 17
2860 17
2861 17
2862 17
2863 17
2864 17
2865 17
2866 17
2867 17
2868 17
2869 18
2870 17
2871 20
2872 18
2873 17
2874 17
2875 18
2876 18
2877 17
2878 17
2879 17
2880 18
2881 17
2882 17
2883 17
2884 17
2885 18
2886 17
2887 17
2888 17
2889 17
2890 27
2891 18
2892 17
2893 18
2894 18
2895 18
2896 17
2897 18
2898 17
2899 17
2900 17
2901 18
2902 17
2903 17
2904 17
2905 25
2906 18
2907 18
2908 18
2909 18
2910 18
2911 18
2912 20
2913 17
2914 18
2915 18
2916 19
2917 18
2918 17
2919 17
2920 18
2921 18
2922 18
2923 19
2924 17
2925 18
2926 19
2927 17
2928 17
2929 18
2930 17
2931 17
2932 17
2933 17
2934 18
2935 20
2936 18
2937 17
2938 17
2939 17
2940 18
2941 17
2942 17
2943 17
2944 17
2945 18
2946 18
2947 18
2948 18
2949 18
2950 17
2951 17
2952 17
2953 17
2954 18
2955 18
2956 18
2957 17
2958 17
2959 18
2960 17
2961 19
2962 17
2963 18
2964 18
2965 18
2966 17
2967 17
2968 18
2969 17
2970 17
2971 18
2972 18
2973 28
2974 19
2975 18
2976 17
2977 17
2978 17
2979 17
2980 18
2981 18
2982 18
2983 17
2984 17
2985 17
2986 18
2987 18
2988 18
2989 17
2990 17
2991 18
2992 17
2993 18
2994 17
2995 18
2996 18
2997 19
2998 18
2999 19
3000 18
3001 17
3002 17
3003 18
3004 18
3005 17
3006 17
3007 17
3008 17
3009 17
3010 29
3011 18
3012 18
3013 17
3014 18
3015 17
3016 17
3017 18
3018 32
3019 17
3020 17
3021 17
3022 17
3023 17
3024 17
3025 18
3026 17
3027 21
3028 18
3029 18
3030 17
3031 28
3032 19
3033 18
3034 17
3035 17
3036 17
3037 17
3038 17
3039 17
3040 17
3041 17
3042 17
3043 17
3044 17
3045 17
3046 17
3047 17
3048 18
3049 18
3050 18
3051 17
3052 17
3053 17
3054 17
3055 18
3056 17
3057 18
3058 18
3059 18
3060 19
3061 18
3062 17
3063 19
3064 16
3065 17
3066 16
3067 17
3068 17
3069 18
3070 17
3071 17
3072 17
3073 17
3074 17
3075 16
3076 17
3077 17
3078 17
3079 17
3080 17
3081 18
3082 18
3083 18
3084 18
3085 18
3086 17
3087 18
3088 17
3089 17
3090 17
3091 17
3092 18
3093 18
3094 19
3095 17
3096 18
3097 17
3098 17
3099 17
3100 17
3101 16
3102 17
3103 18
3104 17
3105 17
3106 17
3107 17
3108 17
3109 17
3110 18
3111 19
3112 18
3113 17
3114 18
3115 18
3116 20
3117 18
3118 17
3119 17
3120 17
3121 17
3122 17
3123 18
3124 17
3125 17
3126 17
3127 20
3128 18
3129 18
3130 17
3131 18
3132 18
3133 19
3134 17
3135 17
3136 17
3137 29
3138 19
3139 18
3140 17
3141 17
3142 17
3143 17
3144 18
3145 17
3146 17
3147 17
3148 17
3149 17
3150 17
3151 18
3152 17
3153 17
3154 18
3155 18
3156 18
3157 18
3158 17
3159 28
3160 18
3161 18
3162 17
3163 17
3164 17
3165 18
3166 17
3167 17
3168 17
3169 17
3170 18
3171 21
3172 18
3173 17
3174 17
3175 18
3176 18
3177 18
3178 18
3179 17
3180 17
3181 18
3182 19
3183 18
3184 17
3185 17
3186 17
3187 17
3188 18
3189 17
3190 17
3191 21
3192 17
3193 17
3194 17
3195 558
3196 18
3197 19
3198 20
3199 19
3200 17
3201 30
3202 19
3203 17
3204 17
3205 17
3206 17
3207 17
3208 17
3209 18
3210 17
3211 18
3212 18
3213 20
3214 17
3215 18
3216 18
3217 17
3218 17
3219 17
3220 18
3221 18
3222 18
3223 18
3224 18
3225 19
3226 18
3227 17
3228 18
3229 19
3230 18
3231 18
3232 17
3233 17
3234 18
3235 19
3236 18
3237 17
3238 18
3239 18
3240 18
3241 17
3242 17
3243 17
3244 18
3245 18
3246 19
3247 18
3248 17
3249 20
3250 17
3251 18
3252 17
3253 17
3254 17
3255 18
3256 17
3257 18
3258 17
3259 17
3260 17
3261 19
3262 18
3263 18
3264 18
3265 18
3266 19
3267 17
3268 17
3269 18
3270 18
3271 18
3272 17
3273 18
3274 17
3275 17
3276 17
3277 18
3278 18
3279 17
3280 19
3281 19
3282 19
3283 19
3284 18
3285 18
3286 19
3287 18
3288 17
3289 18
3290 18
3291 18
3292 18
3293 18
3294 18
3295 20
3296 20
3297 18
3298 18
3299 20
3300 18
3301 17
3302 19
3303 18
3304 18
3305 18
3306 17
3307 18
3308 18
3309 18
3310 18
3311 19
3312 21
3313 18
3314 17
3315 18
3316 34
3317 19
3318 19
3319 18
3320 17
3321 18
3322 18
3323 18
3324 18
3325 17
3326 18
3327 21
3328 18
3329 18
3330 19
3331 18
3332 18
3333 17
3334 17
3335 18
3336 18
3337 18
3338 17
3339 17
3340 18
3341 19
3342 18
3343 18
3344 18
3345 38
3346 19
3347 18
3348 20
3349 19
3350 19
3351 19
3352 17
3353 17
3354 17
3355 17
3356 18
3357 18
3358 18
3359 18
3360 19
3361 19
3362 18
3363 18
3364 18
3365 18
3366 18
3367 18
3368 17
3369 17
3370 18
3371 18
3372 18
3373 21
3374 18
3375 17
3376 18
3377 18
3378 18
3379 17
3380 17
3381 19
3382 18
3383 18
3384 17
3385 17
3386 17
3387 17
3388 17
3389 17
3390 17
3391 18
3392 18
3393 17
3394 18
3395 17
3396 18
3397 18
3398 30
3399 20
3400 20
3401 18
3402 19
3403 18
3404 18
3405 18
3406 19
3407 19
3408 19
3409 20
3410 19
3411 17
3412 19
3413 18
3414 18
3415 18
3416 18
3417 18
3418 18
3419 18
3420 18
3421 18
3422 19
3423 20
3424 20
3425 18
3426 18
3427 19
3428 32
3429 19
3430 19
3431 19
3432 18
3433 17
3434 18
3435 18
3436 19
3437 18
3438 19
3439 18
3440 17
3441 18
3442 18
3443 19
3444 18
3445 18
3446 18
3447 18
3448 18
3449 18
3450 18
3451 19
3452 19
3453 20
3454 18
3455 19
3456 22
3457 18
3458 18
3459 18
3460 17
3461 18
3462 18
3463 18
3464 18
3465 18
3466 17
3467 18
3468 18
3469 19
3470 18
3471 18
3472 20
3473 20
3474 17
3475 18
3476 19
3477 19
3478 18
3479 18
3480 18
3481 17
3482 18
3483 18
3484 18
3485 18
3486 18
3487 33
3488 21
3489 18
3490 17
3491 18
3492 18
3493 18
3494 17
3495 18
3496 18
3497 17
3498 18
3499 19
3500 18
3501 19
3502 17
3503 20
3504 20
3505 19
3506 18
3507 17
3508 18
3509 17
3510 17
3511 18
3512 17
3513 19
3514 18
3515 17
3516 30
3517 17
3518 17
3519 18
3520 20
3521 20
3522 18
3523 18
3524 18
3525 21
3526 18
3527 18
3528 18
3529 33
3530 18
3531 18
3532 18
3533 19
3534 18
3535 19
3536 20
3537 19
3538 18
3539 17
3540 20
3541 18
3542 20
3543 17
3544 17
3545 18
3546 18
3547 19
3548 17
3549 18
3550 20
3551 19
3552 18
3553 17
3554 19
3555 18
3556 19
3557 18
3558 17
3559 20
3560 19
3561 17
3562 17
3563 17
3564 17
3565 19
3566 19
3567 18
3568 17
3569 20
3570 18
3571 19
3572 18
3573 18
3574 18
3575 17
3576 18
3577 17
3578 17
3579 18
3580 17
3581 19
3582 18
3583 17
3584 17
3585 18
3586 17
3587 19
3588 18
3589 19
3590 18
3591 18
3592 20
3593 18
3594 17
3595 18
3596 19
3597 18
3598 17
3599 18
3600 18
3601 18
3602 17
3603 18
3604 18
3605 17
3606 20
3607 22
3608 18
3609 17
3610 19
3611 19
3612 18
3613 18
3614 18
3615 19
3616 17
3617 18
3618 18
3619 18
3620 20
3621 19
3622 20
3623 17
3624 18
3625 17
3626 18
3627 20
3628 18
3629 18
3630 18
3631 18
3632 17
3633 17
3634 17
3635 17
3636 17
3637 18
3638 21
3639 18
3640 19
3641 18
3642 18
3643 17
3644 17
3645 17
3646 17
3647 18
3648 17
3649 18
3650 18
3651 17
3652 17
3653 17
3654 18
3655 17
3656 18
3657 17
3658 18
3659 18
3660 17
3661 17
3662 17
3663 17
3664 21
3665 18
3666 18
3667 19
3668 21
3669 17
3670 18
3671 21
3672 18
3673 19
3674 18
3675 17
3676 18
3677 17
3678 18
3679 18
3680 19
3681 18
3682 17
3683 18
3684 17
3685 18
3686 18
3687 19
3688 18
3689 19
3690 18
3691 18
3692 18
3693 19
3694 17
3695 17
3696 18
3697 29
3698 18
3699 18
3700 18
3701 17
3702 17
3703 18
3704 17
3705 18
3706 18
3707 30
3708 18
3709 20
3710 18
3711 17
3712 18
3713 17
3714 17
3715 17
3716 18
3717 17
3718 17
3719 17
3720 17
3721 18
3722 18
3723 19
3724 18
3725 18
3726 19
3727 19
3728 17
3729 20
3730 21
3731 20
3732 18
3733 18
3734 18
3735 18
3736 17
3737 17
3738 18
3739 19
3740 18
3741 19
3742 17
3743 19
3744 19
3745 18
3746 18
3747 18
3748 19
3749 20
3750 17
3751 17
3752 18
3753 19
3754 19
3755 18
3756 19
3757 18
3758 19
3759 19
3760 17
3761 18
3762 18
3763 18
3764 17
3765 18
3766 17
3767 18
3768 20
3769 18
3770 17
3771 17
3772 29
3773 19
3774 18
3775 19
3776 18
3777 17
3778 18
3779 17
3780 18
3781 17
3782 17
3783 17
3784 17
3785 18
3786 17
3787 17
3788 18
3789 19
3790 18
3791 18
3792 19
3793 18
3794 17
3795 17
3796 18
3797 17
3798 18
3799 17
3800 18
3801 18
3802 18
3803 17
3804 17
3805 18
3806 17
3807 18
3808 17
3809 17
3810 17
3811 17
3812 17
3813 17
3814 17
3815 17
3816 17
3817 17
3818 17
3819 18
3820 17
3821 17
3822 18
3823 17
3824 18
3825 17
3826 17
3827 17
3828 17
3829 17
3830 18
3831 17
3832 18
3833 18
3834 17
3835 18
3836 18
3837 18
3838 18
3839 17
3840 17
3841 18
3842 21
3843 17
3844 18
3845 18
3846 17
3847 17
3848 18
3849 18
3850 19
3851 17
3852 18
3853 17
3854 18
3855 19
3856 17
3857 17
3858 17
3859 17
3860 17
3861 18
3862 17
3863 37
3864 18
3865 17
3866 17
3867 17
3868 17
3869 17
3870 17
3871 20
3872 18
3873 18
3874 17
3875 17
3876 17
3877 17
3878 17
3879 17
3880 18
3881 17
3882 18
3883 19
3884 17
3885 17
3886 17
3887 17
3888 17
3889 17
3890 17
3891 18
3892 17
3893 17
3894 17
3895 17
3896 17
3897 17
3898 17
3899 18
3900 17
3901 19
3902 20
3903 21
3904 20
3905 20
3906 23
3907 20
3908 20
3909 18
3910 17
3911 18
3912 18
3913 17
3914 18
3915 17
3916 17
3917 18
3918 18
3919 17
3920 17
3921 18
3922 17
3923 17
3924 17
3925 17
3926 17
3927 17
3928 17
3929 17
3930 17
3931 18
3932 17
3933 17
3934 17
3935 17
3936 17
3937 17
3938 17
3939 18
3940 18
3941 18
3942 17
3943 18
3944 17
3945 17
3946 17
3947 17
3948 17
3949 17
3950 17
3951 17
3952 17
3953 17
3954 17
3955 21
3956 18
3957 18
3958 18
3959 18
3960 17
3961 17
3962 17
3963 18
3964 18
3965 17
3966 17
3967 19
3968 18
3969 17
3970 17
3971 18
3972 18
3973 17
3974 18
3975 18
3976 17
3977 17
3978 17
3979 17
3980 17
3981 17
3982 17
3983 17
3984 18
3985 17
3986 19
3987 17
3988 17
3989 17
3990 17
3991 17
3992 18
3993 18
3994 18
3995 18
3996 19
3997 18
3998 17
3999 17
4000 18
4001 18
4002 18
4003 17
4004 17
4005 17
4006 17
4007 17
4008 17
4009 17
4010 17
4011 17
4012 18
4013 17
4014 17
4015 17
4016 18
4017 18
4018 17
4019 17
4020 17
4021 17
4022 22
4023 19
4024 17
4025 17
4026 17
4027 17
4028 17
4029 17
4030 17
4031 17
4032 17
4033 17
4034 17
4035 17
4036 18
4037 17
4038 17
4039 18
4040 17
4041 18
4042 23
4043 17
4044 17
4045 18
4046 17
4047 17
4048 17
4049 16
4050 18
4051 18
4052 18
4053 17
4054 18
4055 17
4056 18
4057 17
4058 18
4059 17
4060 18
4061 19
4062 19
4063 17
4064 17
4065 16
4066 18
4067 17
4068 18
4069 17
4070 18
4071 18
4072 17
4073 17
4074 18
4075 17
4076 18
4077 18
4078 18
4079 17
4080 18
4081 17
4082 18
4083 17
4084 18
4085 18
4086 18
4087 18
4088 17
4089 27
4090 18
4091 17
4092 17
4093 18
4094 17
4095 17
4096 17
4097 17
4098 17
4099 17
4100 17
4101 20
4102 18
4103 17
4104 18
4105 18
4106 19
4107 18
4108 17
4109 17
4110 17
4111 18
4112 17
4113 17
4114 17
4115 18
4116 18
4117 17
4118 17
4119 17
4120 18
4121 18
4122 18
4123 18
4124 17
4125 17
4126 17
4127 18
4128 18
4129 17
4130 18
4131 18
4132 18
4133 17
4134 18
4135 18
4136 17
4137 18
4138 18
4139 18
4140 17
4141 18
4142 17
4143 17
4144 17
4145 18
4146 18
4147 18
4148 17
4149 17
4150 17
4151 17
4152 18
4153 18
4154 17
4155 17
4156 17
4157 18
4158 18
4159 17
4160 17
4161 17
4162 18
4163 18
4164 17
4165 17
4166 17
4167 18
4168 19
4169 17
4170 17
4171 18
4172 17
4173 17
4174 17
4175 17
4176 17
4177 17
4178 17
4179 19
4180 17
4181 18
4182 18
4183 18
4184 17
4185 18
4186 18
4187 17
4188 17
4189 17
4190 17
4191 17
4192 17
4193 17
4194 18
4195 18
4196 18
4197 18
4198 18
4199 17
4200 19
4201 18
4202 18
4203 18
4204 17
4205 17
4206 17
4207 18
4208 18
4209 17
4210 17
4211 17
4212 17
4213 17
4214 17
4215 17
4216 17
4217 17
4218 17
4219 17
4220 17
4221 22
4222 17
4223 17
4224 18
4225 17
4226 17
4227 18
4228 18
4229 17
4230 17
4231 17
4232 17
4233 18
4234 17
4235 19
4236 18
4237 18
4238 17
4239 17
4240 27
4241 19
4242 17
4243 17
4244 17
4245 17
4246 18
4247 18
4248 17
4249 18
4250 18
4251 17
4252 17
4253 17
4254 17
4255 18
4256 17
4257 19
4258 17
4259 17
4260 17
4261 17
4262 17
4263 17
4264 17
4265 17
4266 17
4267 17
4268 18
4269 17
4270 17
4271 17
4272 17
4273 17
4274 17
4275 17
4276 18
4277 17
4278 17
4279 17
4280 17
4281 17
4282 17
4283 17
4284 17
4285 17
4286 17
4287 17
4288 17
4289 17
4290 17
4291 17
4292 17
4293 17
4294 17
4295 17
4296 17
4297 16
4298 17
4299 17
4300 17
4301 17
4302 17
4303 17
4304 17
4305 17
4306 17
4307 17
4308 17
4309 18
4310 18
4311 17
4312 17
4313 17
4314 17
4315 18
4316 17
4317 18
4318 17
4319 17
4320 17
4321 17
4322 17
4323 17
4324 17
4325 18
4326 17
4327 17
4328 17
4329 17
4330 17
4331 19
4332 18
4333 17
4334 18
4335 17
4336 17
4337 17
4338 17
4339 18
4340 18
4341 17
4342 18
4343 18
4344 17
4345 17
4346 17
4347 17
4348 17
4349 17
4350 17
4351 17
4352 17
4353 18
4354 18
4355 18
4356 18
4357 17
4358 17
4359 18
4360 17
4361 17
4362 17
4363 17
4364 26
4365 18
4366 18
4367 17
4368 17
4369 17
4370 18
4371 18
4372 18
4373 17
4374 17
4375 18
4376 19
4377 18
4378 17
4379 17
4380 17
4381 19
4382 17
4383 18
4384 17
4385 17
4386 17
4387 18
4388 17
4389 17
4390 17
4391 17
4392 16
4393 17
4394 17
4395 17
4396 17
4397 16
4398 18
4399 17
4400 18
4401 34
4402 17
4403 17
4404 18
4405 18
4406 17
4407 17
4408 17
4409 18
4410 17
4411 17
4412 17
4413 17
4414 18
4415 17
4416 17
4417 17
4418 17
4419 17
4420 17
4421 17
4422 17
4423 17
4424 17
4425 17
4426 17
4427 17
4428 17
4429 18
4430 17
4431 18
4432 17
4433 17
4434 17
4435 18
4436 19
4437 19
4438 17
4439 17
4440 17
4441 17
4442 17
4443 17
4444 17
4445 17
4446 18
4447 17
4448 18
4449 18
4450 17
4451 17
4452 18
4453 17
4454 17
4455 17
4456 17
4457 18
4458 18
4459 17
4460 17
4461 18
4462 18
4463 17
4464 17
4465 18
4466 17
4467 19
4468 18
4469 18
4470 17
4471 17
4472 17
4473 17
4474 18
4475 18
4476 18
4477 18
4478 17
4479 17
4480 18
4481 17
4482 17
4483 17
4484 17
4485 18
4486 18
4487 17
4488 17
4489 17
4490 18
4491 17
4492 17
4493 17
4494 18
4495 18
4496 18
4497 17
4498 17
4499 18
4500 19
4501 18
4502 17
4503 17
4504 18
4505 18
4506 17
4507 17
4508 18
4509 18
4510 17
4511 18
4512 17
4513 17
4514 18
4515 18
4516 18
4517 17
4518 18
4519 18
4520 17
4521 17
4522 17
4523 17
4524 17
4525 17
4526 18
4527 18
4528 17
4529 18
4530 17
4531 17
4532 17
4533 17
4534 17
4535 17
4536 17
4537 17
4538 18
4539 17
4540 17
4541 17
4542 17
4543 17
4544 18
4545 17
4546 18
4547 17
4548 17
4549 18
4550 17
4551 17
4552 18
4553 18
4554 17
4555 18
4556 17
4557 18
4558 17
4559 18
4560 17
4561 18
4562 18
4563 17
4564 17
4565 18
4566 17
4567 18
4568 17
4569 17
4570 17
4571 18
4572 17
4573 18
4574 18
4575 18
4576 18
4577 21
4578 18
4579 18
4580 368
4581 18
4582 17
4583 17
4584 18
4585 17
4586 17
4587 18
4588 19
4589 19
4590 17
4591 18
4592 17
4593 18
4594 17
4595 18
4596 17
4597 18
4598 18
4599 17
4600 18
4601 17
4602 18
4603 17
4604 17
4605 19
4606 18
4607 17
4608 18
4609 18
4610 17
4611 17
4612 18
4613 17
4614 18
4615 18
4616 18
4617 18
4618 17
4619 17
4620 17
4621 17
4622 19
4623 17
4624 17
4625 18
4626 18
4627 17
4628 17
4629 17
4630 17
4631 17
4632 18
4633 18
4634 18
4635 18
4636 18
4637 18
4638 17
4639 19
4640 17
4641 17
4642 17
4643 18
4644 18
4645 17
4646 17
4647 17
4648 17
4649 18
4650 19
4651 17
4652 18
4653 18
4654 17
4655 18
4656 18
4657 17
4658 17
4659 18
4660 18
4661 17
4662 17
4663 17
4664 17
4665 17
4666 18
4667 17
4668 17
4669 20
4670 17
4671 18
4672 18
4673 17
4674 17
4675 17
4676 17
4677 17
4678 17
4679 17
4680 17
4681 17
4682 18
4683 17
4684 18
4685 19
4686 18
4687 18
4688 17
4689 17
4690 17
4691 18
4692 18
4693 18
4694 17
4695 17
4696 18
4697 18
4698 18
4699 18
4700 17
4701 17
4702 17
4703 17
4704 17
4705 17
4706 17
4707 18
4708 17
4709 18
4710 17
4711 17
4712 17
4713 17
4714 18
4715 17
4716 17
4717 21
4718 18
4719 18
4720 18
4721 17
4722 17
4723 18
4724 17
4725 17
4726 17
4727 17
4728 17
4729 18
4730 17
4731 17
4732 17
4733 18
4734 18
4735 18
4736 18
4737 17
4738 17
4739 18
4740 17
4741 21
4742 22
4743 18
4744 17
4745 18
4746 17
4747 18
4748 17
4749 17
4750 17
4751 17
4752 17
4753 17
4754 17
4755 17
4756 16
4757 17
4758 17
4759 17
4760 17
4761 17
4762 17
4763 17
4764 17
4765 17
4766 17
4767 17
4768 17
4769 18
4770 18
4771 17
4772 17
4773 18
4774 19
4775 17
4776 17
4777 17
4778 17
4779 17
4780 17
4781 17
4782 17
4783 17
4784 17
4785 17
4786 17
4787 17
4788 18
4789 17
4790 17
4791 18
4792 17
4793 17
4794 17
4795 17
4796 19
4797 17
4798 17
4799 17
4800 17
4801 17
4802 18
4803 17
4804 18
4805 17
4806 17
4807 18
4808 17
4809 17
4810 17
4811 18
4812 18
4813 18
4814 17
4815 17
4816 17
4817 18
4818 18
4819 17
4820 17
4821 18
4822 18
4823 17
4824 17
4825 18
4826 18
4827 17
4828 18
4829 18
4830 18
4831 17
4832 18
4833 18
4834 18
4835 18
4836 18
4837 19
4838 17
4839 18
4840 17
4841 18
4842 18
4843 17
4844 17
4845 17
4846 18
4847 18
4848 18
4849 17
4850 17
4851 18
4852 17
4853 17
4854 18
4855 18
4856 18
4857 17
4858 17
4859 18
4860 17
4861 17
4862 18
4863 19
4864 17
4865 18
4866 18
4867 17
4868 17
4869 17
4870 17
4871 18
4872 18
4873 17
4874 18
4875 18
4876 17
4877 17
4878 17
4879 18
4880 19
4881 17
4882 17
4883 17
4884 18
4885 18
4886 18
4887 18
4888 17
4889 17
4890 18
4891 18
4892 17
4893 17
4894 17
4895 17
4896 17
4897 17
4898 18
4899 18
4900 18
4901 18
4902 18
4903 18
4904 18
4905 17
4906 17
4907 17
4908 19
4909 18
4910 18
4911 18
4912 18
4913 18
4914 19
4915 18
4916 17
4917 17
4918 18
4919 17
4920 17
4921 17
4922 36
4923 18
4924 17
4925 17
4926 17
4927 18
4928 18
4929 17
4930 19
4931 17
4932 17
4933 18
4934 17
4935 17
4936 18
4937 18
4938 17
4939 17
4940 17
4941 17
4942 17
4943 17
4944 18
4945 17
4946 18
4947 18
4948 17
4949 18
4950 17
4951 17
4952 18
4953 17
4954 18
4955 17
4956 17
4957 18
4958 18
4959 19
4960 17
4961 18
4962 17
4963 18
4964 18
4965 17
4966 18
4967 18
4968 17
4969 18
4970 18
4971 17
4972 17
4973 17
4974 17
4975 18
4976 17
4977 17
4978 18
4979 17
4980 17
4981 19
4982 17
4983 18
4984 18
4985 17
4986 18
4987 17
4988 17
4989 18
4990 17
4991 19
4992 18
4993 18
4994 17
4995 18
4996 18
4997 18
4998 17
4999 17
5000 18
5001 18
5002 19
5003 18
5004 17
5005 18
5006 18
5007 18
5008 18
5009 18
5010 18
5011 17
5012 18
5013 17
5014 17
5015 17
5016 17
5017 17
5018 17
5019 17
5020 17
5021 17
5022 17
5023 17
5024 17
5025 17
5026 17
5027 17
5028 17
5029 17
5030 22
5031 19
5032 17
5033 18
5034 17
5035 17
5036 18
5037 18
5038 18
5039 17
5040 18
5041 18
5042 17
5043 18
5044 17
5045 17
5046 18
5047 18
5048 17
5049 17
5050 18
5051 19
5052 18
5053 17
5054 17
5055 17
5056 17
5057 18
5058 17
5059 18
5060 18
5061 17
5062 17
5063 17
5064 18
5065 17
5066 18
5067 17
5068 17
5069 18
5070 17
5071 18
5072 17
5073 17
5074 18
5075 18
5076 17
5077 17
5078 17
5079 18
5080 17
5081 17
5082 17
5083 17
5084 17
5085 17
5086 17
5087 17
5088 17
5089 17
5090 17
5091 17
5092 17
5093 18
5094 18
5095 17
5096 17
5097 17
5098 17
5099 17
5100 27
5101 18
5102 17
5103 17
5104 17
5105 17
5106 17
5107 17
5108 33
5109 20
5110 17
5111 17
5112 17
5113 17
5114 17
5115 17
5116 18
5117 17
5118 17
5119 18
5120 17
5121 17
5122 17
5123 17
5124 17
5125 17
5126 18
5127 17
5128 17
5129 17
5130 17
5131 17
5132 17
5133 17
5134 17
5135 17
5136 19
5137 17
5138 18
5139 18
5140 17
5141 17
5142 17
5143 17
5144 17
5145 17
5146 17
5147 18
5148 17
5149 17
5150 17
5151 17
5152 17
5153 17
5154 18
5155 17
5156 18
5157 17
5158 17
5159 17
5160 17
5161 17
5162 17
5163 17
5164 18
5165 19
5166 17
5167 17
5168 17
5169 17
5170 17
5171 17
5172 17
5173 17
5174 17
5175 17
5176 18
5177 17
5178 18
5179 18
5180 17
5181 18
5182 17
5183 17
5184 17
5185 17
5186 18
5187 18
5188 17
5189 17
5190 17
5191 17
5192 17
5193 17
5194 17
5195 17
5196 17
5197 17
5198 18
5199 18
5200 18
5201 22
5202 17
5203 17
5204 18
5205 17
5206 18
5207 17
5208 17
5209 17
5210 18
5211 18
5212 17
5213 18
5214 18
5215 17
5216 17
5217 17
5218 17
5219 18
5220 17
5221 17
5222 17
5223 17
5224 17
5225 17
5226 18
5227 19
5228 17
5229 17
5230 17
5231 17
5232 19
5233 18
5234 18
5235 18
5236 17
5237 17
5238 17
5239 17
5240 17
5241 17
5242 17
5243 17
5244 17
5245 17
5246 17
5247 18
5248 17
5249 18
5250 17
5251 17
5252 17
5253 17
5254 17
5255 17
5256 17
5257 17
5258 17
5259 17
5260 17
5261 18
5262 17
5263 18
5264 18
5265 18
5266 18
5267 17
5268 17
5269 18
5270 18
5271 26
5272 19
5273 18
5274 17
5275 17
5276 18
5277 18
5278 17
5279 28
5280 18
5281 17
5282 17
5283 17
5284 17
5285 17
5286 18
5287 18
5288 19
5289 21
5290 17
5291 17
5292 18
5293 19
5294 17
5295 17
5296 17
5297 17
5298 17
5299 17
5300 17
5301 18
5302 17
5303 17
5304 17
5305 18
5306 18
5307 17
5308 17
5309 17
5310 18
5311 18
5312 18
5313 17
5314 17
5315 17
5316 18
5317 19
5318 18
5319 17
5320 17
5321 19
5322 17
5323 17
5324 17
5325 17
5326 17
5327 17
5328 17
5329 17
5330 18
5331 17
5332 18
5333 18
5334 17
5335 17
5336 17
5337 17
5338 19
5339 17
5340 17
5341 18
5342 18
5343 18
5344 18
5345 18
5346 18
5347 17
5348 16
5349 18
5350 17
5351 18
5352 18
5353 19
5354 17
5355 19
5356 18
5357 17
5358 17
5359 17
5360 17
5361 17
5362 17
5363 17
5364 17
5365 17
5366 18
5367 18
5368 17
5369 17
5370 17
5371 17
5372 17
5373 17
5374 17
5375 17
5376 17
5377 18
5378 18
5379 17
5380 17
5381 17
5382 17
5383 17
5384 17
5385 17
5386 17
5387 17
5388 17
5389 17
5390 17
5391 17
5392 17
5393 18
5394 18
5395 17
5396 19
5397 17
5398 17
5399 17
5400 17
5401 17
5402 17
5403 17
5404 17
5405 17
5406 17
5407 17
5408 17
5409 17
5410 18
5411 18
5412 19
5413 18
5414 17
5415 17
5416 17
5417 19
5418 18
5419 17
5420 17
5421 17
5422 17
5423 17
5424 17
5425 17
5426 17
5427 17
5428 17
5429 17
5430 17
5431 17
5432 17
5433 16
5434 17
5435 17
5436 17
5437 17
5438 17
5439 17
5440 17
5441 17
5442 17
5443 17
5444 17
5445 17
5446 18
5447 18
5448 18
5449 16
5450 17
5451 17
5452 18
5453 18
5454 17
5455 17
5456 17
5457 18
5458 17
5459 17
5460 29
5461 17
5462 17
5463 17
5464 17
5465 17
5466 17
5467 17
5468 17
5469 17
5470 17
5471 16
5472 17
5473 16
5474 18
5475 17
5476 18
5477 17
5478 17
5479 17
5480 20
5481 19
5482 17
5483 17
5484 16
5485 17
5486 17
5487 17
5488 17
5489 17
5490 17
5491 17
5492 17
5493 17
5494 17
5495 17
5496 17
5497 17
5498 17
5499 17
5500 17
5501 17
5502 17
5503 17
5504 17
5505 17
5506 17
5507 17
5508 17
5509 18
5510 17
5511 18
5512 18
5513 17
5514 18
5515 18
5516 17
5517 17
5518 18
5519 18
5520 18
5521 17
5522 17
5523 17
5524 18
5525 18
5526 17
5527 17
5528 17
5529 18
5530 18
5531 17
5532 19
5533 18
5534 17
5535 18
5536 17
5537 17
5538 17
5539 17
5540 17
5541 17
5542 18
5543 18
5544 17
5545 19
5546 17
5547 18
5548 17
5549 17
5550 18
5551 17
5552 18
5553 17
5554 17
5555 17
5556 18
5557 17
5558 18
5559 18
5560 18
5561 17
5562 17
5563 17
5564 18
5565 17
5566 18
5567 17
5568 17
5569 18
5570 18
5571 17
5572 17
5573 18
5574 18
5575 18
5576 18
5577 17
5578 17
5579 17
5580 17
5581 17
5582 17
5583 17
5584 18
5585 18
5586 17
5587 18
5588 17
5589 17
5590 17
5591 18
5592 18
5593 17
5594 17
5595 17
5596 17
5597 17
5598 17
5599 17
5600 18
5601 17
5602 17
5603 17
5604 17
5605 18
5606 18
5607 18
5608 17
5609 19
5610 18
5611 18
5612 17
5613 17
5614 17
5615 18
5616 18
5617 17
5618 17
5619 17
5620 18
5621 17
5622 17
5623 17
5624 17
5625 17
5626 19
5627 17
5628 17
5629 17
5630 17
5631 17
5632 18
5633 17
5634 17
5635 17
5636 17
5637 17
5638 18
5639 17
5640 27
5641 17
5642 18
5643 17
5644 17
5645 17
5646 18
5647 17
5648 17
5649 17
5650 17
5651 17
5652 17
5653 17
5654 18
5655 17
5656 18
5657 18
5658 17
5659 17
5660 17
5661 17
5662 17
5663 17
5664 17
5665 18
5666 17
5667 17
5668 17
5669 18
5670 18
5671 17
5672 17
5673 20
5674 17
5675 17
5676 17
5677 17
5678 17
5679 17
5680 17
5681 17
5682 17
5683 18
5684 18
5685 17
5686 17
5687 19
5688 18
5689 18
5690 17
5691 17
5692 18
5693 18
5694 18
5695 18
5696 18
5697 18
5698 17
5699 18
5700 18
5701 17
5702 17
5703 17
5704 17
5705 17
5706 17
5707 17
5708 17
5709 17
5710 18
5711 17
5712 18
5713 18
5714 17
5715 18
5716 18
5717 18
5718 18
5719 18
5720 18
5721 18
5722 17
5723 17
5724 17
5725 17
5726 17
5727 19
5728 18
5729 17
5730 18
5731 18
5732 17
5733 17
5734 18
5735 18
5736 17
5737 19
5738 18
5739 17
5740 18
5741 18
5742 17
5743 18
5744 17
5745 17
5746 18
5747 18
5748 18
5749 17
5750 17
5751 17
5752 17
5753 17
5754 17
5755 18
5756 17
5757 18
5758 17
5759 17
5760 17
5761 17
5762 17
5763 16
5764 17
5765 17
5766 17
5767 18
5768 17
5769 17
5770 18
5771 18
5772 17
5773 18
5774 17
5775 17
5776 18
5777 18
5778 18
5779 17
5780 18
5781 18
5782 18
5783 17
5784 17
5785 17
5786 17
5787 17
5788 18
5789 18
5790 17
5791 18
5792 18
5793 17
5794 17
5795 17
5796 17
5797 17
5798 17
5799 17
5800 17
5801 19
5802 17
5803 17
5804 17
5805 18
5806 18
5807 17
5808 18
5809 18
5810 17
5811 18
5812 18
5813 17
5814 18
5815 18
5816 17
5817 17
5818 17
5819 17
5820 27
5821 17
5822 18
5823 19
5824 18
5825 17
5826 17
5827 18
5828 18
5829 17
5830 17
5831 17
5832 17
5833 17
5834 17
5835 17
5836 17
5837 18
5838 18
5839 19
5840 18
5841 18
5842 18
5843 17
5844 18
5845 18
5846 17
5847 17
5848 17
5849 17
5850 30
5851 19
5852 18
5853 17
5854 18
5855 17
5856 17
5857 17
5858 17
5859 17
5860 18
5861 19
5862 17
5863 17
5864 17
5865 19
5866 17
5867 17
5868 18
5869 17
5870 17
5871 17
5872 17
5873 17
5874 18
5875 17
5876 17
5877 17
5878 18
5879 18
5880 18
5881 18
5882 17
5883 17
5884 17
5885 17
5886 17
5887 17
5888 17
5889 17
5890 18
5891 18
5892 17
5893 17
5894 17
5895 17
5896 18
5897 18
5898 17
5899 17
5900 17
5901 18
5902 17
5903 17
5904 17
5905 17
5906 18
5907 17
5908 17
5909 17
5910 18
5911 18
5912 18
5913 17
5914 17
5915 18
5916 17
5917 17
5918 18
5919 17
5920 18
5921 17
5922 17
5923 25
5924 18
5925 17
5926 17
5927 16
5928 18
5929 20
5930 17
5931 17
5932 16
5933 17
5934 17
5935 17
5936 17
5937 17
5938 17
5939 17
5940 17
5941 18
5942 18
5943 17
5944 17
5945 17
5946 18
5947 18
5948 18
5949 17
5950 17
5951 17
5952 17
5953 18
5954 17
5955 17
5956 17
5957 19
5958 18
5959 18
5960 17
5961 17
5962 17
5963 17
5964 17
5965 17
5966 17
5967 18
5968 17
5969 18
5970 17
5971 18
5972 17
5973 17
5974 17
5975 17
5976 17
5977 17
5978 17
5979 18
5980 17
5981 17
5982 18
5983 17
5984 17
5985 17
5986 17
5987 17
5988 18
5989 18
5990 17
5991 17
5992 17
5993 20
5994 17
5995 17
5996 17
5997 17
5998 17
5999 17
6000 270
6001 17
6002 18
6003 18
6004 18
6005 18
6006 17
6007 17
6008 18
6009 18
6010 17
6011 17
6012 18
6013 17
6014 18
6015 18
6016 18
6017 17
6018 17
6019 18
6020 17
6021 17
6022 17
6023 17
6024 17
6025 17
6026 17
6027 18
6028 17
6029 17
6030 17
6031 17
6032 18
6033 18
6034 17
6035 18
6036 18
6037 18
6038 18
6039 17
6040 17
6041 18
6042 18
6043 17
6044 18
6045 18
6046 17
6047 17
6048 18
6049 18
6050 17
6051 18
6052 18
6053 18
6054 18
6055 17
6056 18
6057 17
6058 17
6059 18
6060 17
6061 17
6062 18
6063 18
6064 18
6065 18
6066 18
6067 17
6068 17
6069 18
6070 18
6071 17
6072 17
6073 18
6074 17
6075 18
6076 19
6077 17
6078 18
6079 18
6080 17
6081 17
6082 17
6083 18
6084 18
6085 17
6086 17
6087 17
6088 17
6089 17
6090 17
6091 17
6092 18
6093 19
6094 18
6095 18
6096 17
6097 18
6098 18
6099 17
6100 18
6101 17
6102 18
6103 18
6104 17
6105 18
6106 17
6107 17
6108 17
6109 19
6110 20
6111 17
6112 17
6113 18
6114 18
6115 19
6116 17
6117 17
6118 18
6119 17
6120 18
6121 18
6122 17
6123 17
6124 17
6125 18
6126 18
6127 17
6128 17
6129 17
6130 17
6131 17
6132 19
6133 18
6134 17
6135 18
6136 17
6137 17
6138 18
6139 18
6140 17
6141 17
6142 18
6143 18
6144 17
6145 17
6146 17
6147 17
6148 17
6149 17
6150 17
6151 17
6152 17
6153 17
6154 19
6155 17
6156 17
6157 17
6158 18
6159 18
6160 17
6161 17
6162 17
6163 17
6164 17
6165 18
6166 18
6167 18
6168 26
6169 18
6170 17
6171 17
6172 17
6173 17
6174 17
6175 17
6176 17
6177 17
6178 17
6179 17
6180 17
6181 17
6182 18
6183 18
6184 18
6185 17
6186 17
6187 17
6188 18
6189 17
6190 17
6191 16
6192 17
6193 18
6194 18
6195 18
6196 17
6197 17
6198 17
6199 17
6200 17
6201 17
6202 17
6203 17
6204 18
6205 17
6206 17
6207 17
6208 17
6209 17
6210 18
6211 17
6212 17
6213 18
6214 18
6215 17
6216 17
6217 17
6218 17
6219 17
6220 17
6221 17
6222 17
6223 17
6224 17
6225 17
6226 17
6227 17
6228 17
6229 18
6230 17
6231 17
6232 17
6233 17
6234 18
6235 17
6236 17
6237 17
6238 17
6239 16
6240 17
6241 17
6242 16
6243 17
6244 17
6245 17
6246 17
6247 17
6248 17
6249 17
6250 17
6251 17
6252 17
6253 17
6254 17
6255 17
6256 17
6257 18
6258 17
6259 17
6260 17
6261 17
6262 18
6263 18
6264 17
6265 17
6266 17
6267 19
6268 17
6269 17
6270 18
6271 18
6272 17
6273 19
6274 17
6275 17
6276 17
6277 18
6278 18
6279 18
6280 18
6281 17
6282 18
6283 18
6284 17
6285 17
6286 17
6287 17
6288 17
6289 17
6290 17
6291 17
6292 17
6293 17
6294 18
6295 18
6296 17
6297 18
6298 18
6299 17
6300 17
6301 17
6302 17
6303 18
6304 17
6305 17
6306 17
6307 17
6308 17
6309 17
6310 16
6311 17
6312 17
6313 17
6314 17
6315 16
6316 17
6317 17
6318 17
6319 18
6320 17
6321 17
6322 17
6323 17
6324 17
6325 17
6326 17
6327 18
6328 17
6329 17
6330 17
6331 17
6332 18
6333 17
6334 17
6335 18
6336 17
6337 17
6338 17
6339 16
6340 17
6341 17
6342 18
6343 17
6344 17
6345 17
6346 17
6347 17
6348 17
6349 21
6350 18
6351 17
6352 17
6353 18
6354 18
6355 17
6356 17
6357 17
6358 17
6359 17
6360 17
6361 18
6362 18
6363 17
6364 17
6365 17
6366 16
6367 17
6368 17
6369 17
6370 18
6371 18
6372 17
6373 17
6374 17
6375 18
6376 17
6377 17
6378 18
6379 17
6380 17
6381 17
6382 17
6383 17
6384 17
6385 17
6386 18
6387 16
6388 17
6389 17
6390 17
6391 17
6392 17
6393 17
6394 17
6395 17
6396 17
6397 17
6398 17
6399 17
6400 16
6401 17
6402 17
6403 17
6404 17
6405 17
6406 17
6407 17
6408 17
6409 18
6410 18
6411 17
6412 18
6413 18
6414 17
6415 17
6416 17
6417 18
6418 18
6419 17
6420 17
6421 17
6422 17
6423 17
6424 17
6425 17
6426 18
6427 18
6428 18
6429 17
6430 18
6431 18
6432 18
6433 18
6434 18
6435 17
6436 17
6437 18
6438 17
6439 17
6440 17
6441 18
6442 18
6443 19
6444 18
6445 17
6446 18
6447 17
6448 18
6449 17
6450 17
6451 17
6452 18
6453 18
6454 17
6455 17
6456 17
6457 17
6458 18
6459 18
6460 18
6461 17
6462 18
6463 17
6464 17
6465 17
6466 17
6467 18
6468 18
6469 18
6470 17
6471 17
6472 17
6473 17
6474 18
6475 18
6476 31
6477 19
6478 17
6479 17
6480 17
6481 17
6482 17
6483 17
6484 17
6485 17
6486 17
6487 18
6488 17
6489 19
6490 17
6491 19
6492 18
6493 18
6494 18
6495 18
6496 17
6497 17
6498 18
6499 17
6500 17
6501 17
6502 17
6503 18
6504 17
6505 17
6506 17
6507 18
6508 18
6509 17
6510 17
6511 17
6512 17
6513 18
6514 18
6515 18
6516 18
6517 17
6518 17
6519 17
6520 17
6521 18
6522 18
6523 17
6524 17
6525 17
6526 18
6527 18
6528 18
6529 44
6530 18
6531 17
6532 17
6533 17
6534 17
6535 18
6536 18
6537 18
6538 17
6539 17
6540 17
6541 17
6542 17
6543 18
6544 17
6545 17
6546 17
6547 17
6548 19
6549 18
6550 18
6551 17
6552 17
6553 17
6554 17
6555 17
6556 18
6557 18
6558 18
6559 17
6560 17
6561 17
6562 17
6563 18
6564 18
6565 18
6566 18
6567 18
6568 18
6569 18
6570 18
6571 18
6572 21
6573 18
6574 17
6575 17
6576 18
6577 18
6578 18
6579 18
6580 17
6581 17
6582 17
6583 17
6584 18
6585 18
6586 17
6587 17
6588 18
6589 18
6590 18
6591 17
6592 18
6593 17
6594 17
6595 17
6596 17
6597 17
6598 17
6599 17
6600 17
6601 17
6602 18
6603 18
6604 17
6605 17
6606 18
6607 18
6608 18
6609 17
6610 17
6611 17
6612 18
6613 18
6614 17
6615 17
6616 17
6617 18
6618 17
6619 17
6620 17
6621 17
6622 18
6623 17
6624 17
6625 17
6626 17
6627 17
6628 17
6629 17
6630 17
6631 17
6632 22
6633 18
6634 18
6635 18
6636 18
6637 18
6638 19
6639 17
6640 17
6641 18
6642 18
6643 17
6644 18
6645 18
6646 17
6647 17
6648 17
6649 19
6650 18
6651 17
6652 17
6653 17
6654 18
6655 19
6656 17
6657 18
6658 18
6659 17
6660 17
6661 17
6662 17
6663 17
6664 17
6665 17
6666 18
6667 17
6668 17
6669 17
6670 17
6671 18
6672 18
6673 18
6674 17
6675 17
6676 18
6677 18
6678 18
6679 17
6680 17
6681 17
6682 17
6683 18
6684 17
6685 18
6686 18
6687 18
6688 19
6689 18
6690 17
6691 18
6692 17
6693 17
6694 17
6695 18
6696 18
6697 18
6698 18
6699 17
6700 17
6701 17
6702 17
6703 18
6704 18
6705 18
6706 17
6707 17
6708 28
6709 19
6710 17
6711 28
6712 19
6713 19
6714 18
6715 17
6716 17
6717 18
6718 18
6719 18
6720 18
6721 18
6722 17
6723 18
6724 18
6725 17
6726 17
6727 18
6728 19
6729 18
6730 18
6731 18
6732 18
6733 20
6734 18
6735 18
6736 18
6737 17
6738 17
6739 17
6740 17
6741 17
6742 17
6743 18
6744 17
6745 17
6746 17
6747 18
6748 18
6749 18
6750 18
6751 18
6752 17
6753 17
6754 17
6755 18
6756 18
6757 18
6758 18
6759 18
6760 17
6761 18
6762 18
6763 18
6764 17
6765 17
6766 17
6767 17
6768 17
6769 17
6770 17
6771 27
6772 19
6773 18
6774 17
6775 18
6776 17
6777 17
6778 17
6779 17
6780 17
6781 17
6782 17
6783 17
6784 17
6785 17
6786 17
6787 18
6788 18
6789 19
6790 18
6791 17
6792 18
6793 27
6794 18
6795 17
6796 18
6797 18
6798 17
6799 17
6800 17
6801 17
6802 18
6803 18
6804 18
6805 18
6806 18
6807 18
6808 17
6809 17
6810 19
6811 18
6812 18
6813 18
6814 18
6815 18
6816 17
6817 17
6818 18
6819 18
6820 17
6821 18
6822 18
6823 17
6824 18
6825 17
6826 17
6827 17
6828 18
6829 18
6830 17
6831 17
6832 18
6833 19
6834 19
6835 18
6836 18
6837 18
6838 17
6839 17
6840 17
6841 17
6842 17
6843 18
6844 20
6845 17
6846 17
6847 17
6848 17
6849 19
6850 18
6851 17
6852 17
6853 17
6854 17
6855 17
6856 17
6857 17
6858 18
6859 18
6860 17
6861 19
6862 18
6863 18
6864 18
6865 18
6866 19
6867 18
6868 18
6869 18
6870 18
6871 17
6872 18
6873 17
6874 17
6875 17
6876 17
6877 17
6878 18
6879 18
6880 17
6881 17
6882 27
6883 18
6884 21
6885 18
6886 17
6887 17
6888 17
6889 17
6890 17
6891 17
6892 17
6893 18
6894 19
6895 17
6896 17
6897 17
6898 18
6899 17
6900 17
6901 17
6902 17
6903 17
6904 17
6905 18
6906 17
6907 17
6908 18
6909 18
6910 17
6911 17
6912 17
6913 17
6914 17
6915 17
6916 17
6917 25
6918 18
6919 18
6920 17
6921 17
6922 17
6923 17
6924 17
6925 17
6926 17
6927 18
6928 18
6929 18
6930 17
6931 17
6932 17
6933 17
6934 17
6935 17
6936 17
6937 17
6938 17
6939 17
6940 17
6941 17
6942 17
6943 17
6944 17
6945 19
6946 17
6947 18
6948 17
6949 17
6950 18
6951 18
6952 18
6953 18
6954 18
6955 17
6956 17
6957 17
6958 17
6959 17
6960 18
6961 19
6962 17
6963 18
6964 17
6965 17
6966 17
6967 17
6968 17
6969 17
6970 17
6971 17
6972 17
6973 17
6974 17
6975 17
6976 17
6977 17
6978 18
6979 17
6980 18
6981 18
6982 17
6983 18
6984 19
6985 18
6986 17
6987 17
6988 17
6989 17
6990 17
6991 17
6992 17
6993 17
6994 17
6995 19
6996 17
6997 18
6998 18
6999 17
7000 18
7001 19
7002 17
7003 18
7004 18
7005 17
7006 17
7007 17
7008 17
7009 17
7010 17
7011 27
7012 18
7013 17
7014 17
7015 17
7016 17
7017 18
7018 17
7019 18
7020 17
7021 17
7022 17
7023 17
7024 17
7025 17
7026 17
7027 18
7028 18
7029 17
7030 17
7031 17
7032 17
7033 17
7034 17
7035 17
7036 17
7037 17
7038 17
7039 17
7040 17
7041 17
7042 17
7043 19
7044 17
7045 18
7046 18
7047 18
7048 17
7049 17
7050 17
7051 17
7052 17
7053 17
7054 17
7055 17
7056 17
7057 17
7058 17
7059 17
7060 17
7061 18
7062 18
7063 18
7064 35
7065 18
7066 18
7067 19
7068 18
7069 17
7070 17
7071 17
7072 18
7073 18
7074 17
7075 18
7076 18
7077 18
7078 17
7079 17
7080 17
7081 18
7082 17
7083 17
7084 17
7085 17
7086 17
7087 18
7088 17
7089 17
7090 17
7091 18
7092 19
7093 18
7094 17
7095 17
7096 17
7097 17
7098 17
7099 17
7100 17
7101 18
7102 17
7103 17
7104 17
7105 17
7106 17
7107 18
7108 17
7109 18
7110 17
7111 17
7112 17
7113 27
7114 18
7115 18
7116 17
7117 17
7118 17
7119 17
7120 21
7121 17
7122 17
7123 18
7124 18
7125 18
7126 17
7127 17
7128 17
7129 17
7130 18
7131 18
7132 17
7133 18
7134 18
7135 18
7136 18
7137 17
7138 17
7139 18
7140 17
7141 17
7142 18
7143 17
7144 17
7145 18
7146 18
7147 17
7148 18
7149 17
7150 17
7151 17
7152 18
7153 18
7154 18
7155 17
7156 17
7157 17
7158 18
7159 17
7160 17
7161 18
7162 19
7163 17
7164 18
7165 17
7166 17
7167 17
7168 17
7169 17
7170 17
7171 17
7172 17
7173 17
7174 17
7175 17
7176 17
7177 17
7178 18
7179 17
7180 17
7181 17
7182 17
7183 18
7184 18
7185 17
7186 17
7187 17
7188 17
7189 17
7190 17
7191 18
7192 17
7193 17
7194 18
7195 18
7196 16
7197 17
7198 17
7199 17
7200 17
7201 17
7202 17
7203 17
7204 17
7205 17
7206 17
7207 17
7208 17
7209 17
7210 17
7211 17
7212 17
7213 17
7214 26
7215 18
7216 18
7217 17
7218 18
7219 18
7220 17
7221 17
7222 17
7223 17
7224 17
7225 18
7226 17
7227 17
7228 17
7229 17
7230 18
7231 19
7232 18
7233 17
7234 18
7235 17
7236 18
7237 18
7238 17
7239 17
7240 17
7241 19
7242 17
7243 28
7244 17
7245 17
7246 17
7247 18
7248 18
7249 18
7250 17
7251 17
7252 18
7253 17
7254 17
7255 17
7256 17
7257 18
7258 18
7259 18
7260 17
7261 17
7262 17
7263 17
7264 17
7265 17
7266 17
7267 17
7268 17
7269 17
7270 17
7271 17
7272 17
7273 17
7274 18
7275 18
7276 18
7277 17
7278 18
7279 18
7280 18
7281 18
7282 17
7283 17
7284 17
7285 18
7286 18
7287 17
7288 17
7289 17
7290 18
7291 17
7292 17
7293 17
7294 17
7295 18
7296 18
7297 17
7298 17
7299 17
7300 17
7301 17
7302 17
7303 18
7304 18
7305 17
7306 17
7307 18
7308 17
7309 26
7310 19
7311 18
7312 18
7313 18
7314 17
7315 17
7316 17
7317 18
7318 17
7319 17
7320 17
7321 18
7322 18
7323 17
7324 18
7325 19
7326 18
7327 17
7328 18
7329 18
7330 19
7331 18
7332 18
7333 18
7334 18
7335 17
7336 18
7337 18
7338 18
7339 18
7340 17
7341 18
7342 18
7343 18
7344 18
7345 18
7346 18
7347 17
7348 18
7349 18
7350 18
7351 17
7352 18
7353 18
7354 18
7355 17
7356 17
7357 17
7358 17
7359 17
7360 16
7361 18
7362 17
7363 17
7364 17
7365 17
7366 17
7367 17
7368 17
7369 18
7370 18
7371 17
7372 17
7373 17
7374 17
7375 17
7376 17
7377 17
7378 17
7379 18
7380 17
7381 17
7382 17
7383 18
7384 17
7385 17
7386 18
7387 19
7388 17
7389 18
7390 18
7391 17
7392 17
7393 17
7394 17
7395 17
7396 17
7397 17
7398 17
7399 17
7400 17
7401 17
7402 17
7403 17
7404 18
7405 18
7406 18
7407 17
7408 17
7409 18
7410 17
7411 18
7412 17
7413 17
7414 17
7415 17
7416 17
7417 17
7418 17
7419 17
7420 17
7421 17
7422 17
7423 35
7424 18
7425 18
7426 17
7427 19
7428 18
7429 17
7430 17
7431 17
7432 17
7433 17
7434 17
7435 17
7436 17
7437 17
7438 17
7439 18
7440 18
7441 18
7442 17
7443 18
7444 18
7445 18
7446 17
7447 16
7448 17
7449 19
7450 18
7451 17
7452 17
7453 17
7454 17
7455 19
7456 18
7457 17
7458 17
7459 17
7460 17
7461 17
7462 17
7463 17
7464 17
7465 17
7466 18
7467 17
7468 18
7469 17
7470 17
7471 17
7472 17
7473 17
7474 17
7475 17
7476 17
7477 17
7478 17
7479 17
7480 17
7481 17
7482 17
7483 18
7484 17
7485 18
7486 17
7487 17
7488 18
7489 19
7490 18
7491 17
7492 17
7493 17
7494 17
7495 17
7496 17
7497 17
7498 17
7499 17
7500 18
7501 18
7502 18
7503 18
7504 18
7505 17
7506 18
7507 18
7508 17
7509 17
7510 18
7511 18
7512 18
7513 17
7514 17
7515 18
7516 17
7517 17
7518 18
7519 18
7520 18
7521 17
7522 17
7523 17
7524 17
7525 17
7526 17
7527 18
7528 19
7529 18
7530 17
7531 17
7532 17
7533 17
7534 17
7535 17
7536 17
7537 17
7538 17
7539 17
7540 17
7541 17
7542 18
7543 17
7544 17
7545 17
7546 17
7547 18
7548 17
7549 17
7550 17
7551 17
7552 17
7553 17
7554 17
7555 21
7556 17
7557 28
7558 18
7559 18
7560 17
7561 17
7562 17
7563 17
7564 17
7565 17
7566 17
7567 17
7568 17
7569 17
7570 17
7571 17
7572 24
7573 19
7574 17
7575 17
7576 17
7577 17
7578 17
7579 17
7580 18
7581 17
7582 17
7583 17
7584 17
7585 17
7586 17
7587 17
7588 17
7589 17
7590 18
7591 19
7592 19
7593 17
7594 18
7595 18
7596 18
7597 18
7598 17
7599 17
7600 18
7601 17
7602 17
7603 17
7604 17
7605 28
7606 18
7607 17
7608 17
7609 17
7610 25
7611 18
7612 16
7613 17
7614 17
7615 17
7616 17
7617 17
7618 17
7619 17
7620 17
7621 17
7622 17
7623 17
7624 17
7625 18
7626 17
7627 18
7628 18
7629 18
7630 17
7631 16
7632 17
7633 17
7634 17
7635 17
7636 17
7637 17
7638 17
7639 17
7640 17
7641 17
7642 17
7643 17
7644 18
7645 19
7646 18
7647 17
7648 17
7649 17
7650 17
7651 17
7652 17
7653 17
7654 17
7655 27
7656 18
7657 17
7658 17
7659 18
7660 17
7661 19
7662 18
7663 17
7664 17
7665 17
7666 17
7667 17
7668 17
7669 17
7670 17
7671 17
7672 17
7673 17
7674 17
7675 18
7676 17
7677 17
7678 18
7679 17
7680 17
7681 17
7682 17
7683 17
7684 18
7685 18
7686 17
7687 17
7688 19
7689 18
7690 17
7691 17
7692 17
7693 17
7694 27
7695 18
7696 18
7697 17
7698 17
7699 17
7700 18
7701 18
7702 18
7703 17
7704 17
7705 17
7706 18
7707 18
7708 18
7709 18
7710 18
7711 18
7712 18
7713 17
7714 18
7715 17
7716 18
7717 19
7718 18
7719 17
7720 17
7721 17
7722 17
7723 17
7724 17
7725 17
7726 17
7727 17
7728 18
7729 17
7730 18
7731 17
7732 17
7733 17
7734 17
7735 17
7736 17
7737 17
7738 17
7739 17
7740 18
7741 18
7742 17
7743 17
7744 17
7745 18
7746 17
7747 17
7748 17
7749 17
7750 18
7751 17
7752 17
7753 17
7754 18
7755 18
7756 17
7757 17
7758 18
7759 18
7760 17
7761 18
7762 18
7763 18
7764 18
7765 17
7766 18
7767 18
7768 18
7769 22
7770 18
7771 17
7772 18
7773 17
7774 17
7775 18
7776 18
7777 17
7778 17
7779 18
7780 18
7781 17
7782 17
7783 18
7784 19
7785 18
7786 17
7787 17
7788 18
7789 17
7790 17
7791 17
7792 17
7793 17
7794 17
7795 18
7796 17
7797 18
7798 17
7799 17
7800 17
7801 18
7802 17
7803 17
7804 18
7805 18
7806 18
7807 18
7808 18
7809 17
7810 17
7811 17
7812 18
7813 18
7814 17
7815 17
7816 17
7817 17
7818 18
7819 18
7820 18
7821 17
7822 18
7823 18
7824 18
7825 17
7826 17
7827 17
7828 17
7829 17
7830 17
7831 17
7832 18
7833 18
7834 17
7835 18
7836 18
7837 18
7838 18
7839 22
7840 18
7841 27
7842 18
7843 17
7844 18
7845 18
7846 17
7847 17
7848 17
7849 17
7850 18
7851 18
7852 18
7853 18
7854 17
7855 18
7856 17
7857 18
7858 18
7859 17
7860 17
7861 17
7862 17
7863 17
7864 17
7865 17
7866 17
7867 17
7868 17
7869 17
7870 18
7871 18
7872 17
7873 17
7874 26
7875 18
7876 18
7877 18
7878 18
7879 18
7880 17
7881 17
7882 17
7883 17
7884 18
7885 18
7886 17
7887 18
7888 17
7889 17
7890 19
7891 19
7892 17
7893 18
7894 18
7895 18
7896 17
7897 17
7898 17
7899 18
7900 17
7901 19
7902 17
7903 17
7904 17
7905 18
7906 18
7907 19
7908 18
7909 17
7910 18
7911 18
7912 19
7913 17
7914 17
7915 17
7916 18
7917 18
7918 17
7919 17
7920 17
7921 18
7922 18
7923 18
7924 18
7925 18
7926 18
7927 17
7928 17
7929 17
7930 17
7931 17
7932 18
7933 17
7934 18
7935 17
7936 18
7937 18
7938 18
7939 17
7940 17
7941 17
7942 17
7943 17
7944 17
7945 17
7946 17
7947 17
7948 22
7949 19
7950 18
7951 17
7952 18
7953 17
7954 17
7955 17
7956 18
7957 18
7958 17
7959 17
7960 17
7961 17
7962 28
7963 18
7964 17
7965 18
7966 18
7967 18
7968 17
7969 18
7970 18
7971 17
7972 17
7973 17
7974 17
7975 17
7976 17
7977 18
7978 18
7979 18
7980 18
7981 17
7982 18
7983 17
7984 17
7985 17
7986 18
7987 18
7988 18
7989 18
7990 17
7991 17
7992 17
7993 17
7994 17
7995 17
7996 19
7997 18
7998 18
7999 18
8000 18
8001 18
8002 17
8003 17
8004 17
8005 17
8006 17
8007 19
8008 18
8009 17
8010 17
8011 18
8012 18
8013 18
8014 17
8015 17
8016 17
8017 18
8018 18
8019 18
8020 17
8021 18
8022 18
8023 17
8024 17
8025 18
8026 18
8027 17
8028 18
8029 17
8030 18
8031 18
8032 18
8033 17
8034 18
8035 19
8036 17
8037 17
8038 17
8039 18
8040 18
8041 18
8042 17
8043 17
8044 17
8045 17
8046 19
8047 17
8048 17
8049 18
8050 18
8051 27
8052 18
8053 18
8054 17
8055 17
8056 17
8057 17
8058 17
8059 17
8060 17
8061 17
8062 17
8063 19
8064 17
8065 17
8066 18
8067 18
8068 18
8069 18
8070 17
8071 17
8072 18
8073 18
8074 17
8075 17
8076 17
8077 17
8078 18
8079 17
8080 18
8081 18
8082 18
8083 18
8084 27
8085 18
8086 17
8087 17
8088 18
8089 18
8090 18
8091 17
8092 17
8093 17
8094 20
8095 17
8096 17
8097 17
8098 17
8099 17
8100 18
8101 18
8102 18
8103 18
8104 18
8105 18
8106 17
8107 17
8108 17
8109 17
8110 17
8111 17
8112 17
8113 17
8114 17
8115 17
8116 17
8117 17
8118 18
8119 18
8120 18
8121 17
8122 17
8123 17
8124 17
8125 18
8126 34
8127 18
8128 17
8129 18
8130 18
8131 18
8132 18
8133 17
8134 18
8135 17
8136 18
8137 17
8138 17
8139 17
8140 17
8141 17
8142 17
8143 17
8144 17
8145 18
8146 19
8147 20
8148 17
8149 17
8150 17
8151 17
8152 17
8153 17
8154 17
8155 17
8156 17
8157 17
8158 19
8159 17
8160 17
8161 17
8162 17
8163 18
8164 18
8165 17
8166 17
8167 18
8168 17
8169 17
8170 17
8171 17
8172 17
8173 18
8174 18
8175 18
8176 18
8177 17
8178 17
8179 17
8180 17
8181 18
8182 18
8183 18
8184 18
8185 18
8186 17
8187 17
8188 17
8189 17
8190 17
8191 17
8192 17
8193 17
8194 18
8195 18
8196 17
8197 17
8198 17
8199 17
8200 17
8201 17
8202 17
8203 17
8204 17
8205 18
8206 18
8207 17
8208 17
8209 17
8210 18
8211 18
8212 18
8213 18
8214 18
8215 18
8216 17
8217 17
8218 18
8219 18
8220 18
8221 17
8222 20
8223 17
8224 17
8225 17
8226 18
8227 19
8228 18
8229 17
8230 18
8231 18
8232 18
8233 17
8234 17
8235 17
8236 17
8237 17
8238 17
8239 17
8240 17
8241 17
8242 17
8243 17
8244 17
8245 17
8246 17
8247 17
8248 17
8249 17
8250 17
8251 17
8252 17
8253 17
8254 17
8255 17
8256 17
8257 17
8258 17
8259 18
8260 19
8261 17
8262 19
8263 17
8264 17
8265 17
8266 17
8267 17
8268 17
8269 17
8270 16
8271 17
8272 17
8273 17
8274 17
8275 17
8276 19
8277 18
8278 17
8279 17
8280 17
8281 17
8282 17
8283 17
8284 17
8285 17
8286 19
8287 17
8288 18
8289 18
8290 17
8291 17
8292 27
8293 18
8294 17
8295 17
8296 17
8297 17
8298 18
8299 17
8300 17
8301 17
8302 17
8303 17
8304 17
8305 17
8306 29
8307 17
8308 17
8309 17
8310 18
8311 18
8312 17
8313 18
8314 17
8315 18
8316 18
8317 17
8318 18
8319 17
8320 18
8321 17
8322 17
8323 17
8324 17
8325 27
8326 18
8327 18
8328 17
8329 17
8330 17
8331 17
8332 18
8333 17
8334 17
8335 17
8336 17
8337 16
8338 17
8339 17
8340 17
8341 17
8342 18
8343 18
8344 18
8345 17
8346 17
8347 17
8348 17
8349 18
8350 20
8351 17
8352 17
8353 17
8354 19
8355 17
8356 17
8357 17
8358 17
8359 17
8360 17
8361 17
8362 17
8363 18
8364 17
8365 19
8366 17
8367 18
8368 18
8369 17
8370 17
8371 17
8372 17
8373 17
8374 17
8375 17
8376 17
8377 17
8378 17
8379 18
8380 17
8381 17
8382 18
8383 17
8384 18
8385 17
8386 17
8387 17
8388 17
8389 17
8390 17
8391 17
8392 17
8393 18
8394 18
8395 18
8396 18
8397 18
8398 17
8399 18
8400 17
8401 18
8402 17
8403 17
8404 17
8405 17
8406 17
8407 17
8408 17
8409 17
8410 17
8411 17
8412 16
8413 18
8414 20
8415 17
8416 18
8417 18
8418 18
8419 17
8420 17
8421 17
8422 17
8423 17
8424 17
8425 17
8426 17
8427 18
8428 19
8429 18
8430 17
8431 17
8432 18
8433 18
8434 17
8435 17
8436 17
8437 17
8438 18
8439 19
8440 18
8441 18
8442 17
8443 18
8444 17
8445 17
8446 18
8447 17
8448 17
8449 18
8450 19
8451 17
8452 17
8453 18
8454 18
8455 17
8456 17
8457 17
8458 18
8459 18
8460 27
8461 18
8462 18
8463 17
8464 17
8465 17
8466 17
8467 17
8468 17
8469 16
8470 17
8471 25
8472 18
8473 18
8474 18
8475 18
8476 18
8477 19
8478 19
8479 17
8480 17
8481 17
8482 17
8483 17
8484 17
8485 18
8486 17
8487 17
8488 17
8489 17
8490 17
8491 17
8492 17
8493 18
8494 18
8495 18
8496 18
8497 17
8498 17
8499 17
8500 17
8501 17
8502 17
8503 17
8504 18
8505 18
8506 18
8507 18
8508 17
8509 17
8510 17
8511 17
8512 18
8513 17
8514 17
8515 17
8516 17
8517 17
8518 17
8519 17
8520 17
8521 17
8522 18
8523 19
8524 18
8525 18
8526 18
8527 17
8528 17
8529 18
8530 18
8531 18
8532 17
8533 18
8534 18
8535 17
8536 17
8537 17
8538 27
8539 18
8540 18
8541 17
8542 20
8543 18
8544 17
8545 18
8546 17
8547 17
8548 17
8549 18
8550 17
8551 17
8552 17
8553 18
8554 17
8555 18
8556 17
8557 18
8558 17
8559 17
8560 18
8561 18
8562 18
8563 17
8564 17
8565 18
8566 19
8567 18
8568 18
8569 18
8570 17
8571 17
8572 17
8573 18
8574 18
8575 17
8576 17
8577 17
8578 18
8579 18
8580 17
8581 17
8582 28
8583 18
8584 17
8585 17
8586 18
8587 18
8588 17
8589 17
8590 17
8591 17
8592 17
8593 17
8594 17
8595 17
8596 18
8597 17
8598 17
8599 18
8600 19
8601 17
8602 17
8603 17
8604 17
8605 17
8606 20
8607 17
8608 18
8609 17
8610 17
8611 17
8612 18
8613 18
8614 18
8615 18
8616 18
8617 17
8618 18
8619 17
8620 17
8621 17
8622 17
8623 17
8624 17
8625 17
8626 17
8627 17
8628 17
8629 17
8630 17
8631 17
8632 18
8633 19
8634 17
8635 18
8636 17
8637 17
8638 17
8639 17
8640 17
8641 17
8642 17
8643 17
8644 17
8645 18
8646 18
8647 17
8648 17
8649 17
8650 18
8651 17
8652 18
8653 17
8654 18
8655 18
8656 18
8657 18
8658 17
8659 17
8660 17
8661 17
8662 17
8663 27
8664 18
8665 17
8666 17
8667 17
8668 17
8669 17
8670 19
8671 17
8672 17
8673 17
8674 17
8675 17
8676 17
8677 28
8678 18
8679 18
8680 18
8681 17
8682 17
8683 17
8684 17
8685 17
8686 17
8687 18
8688 17
8689 17
8690 17
8691 17
8692 17
8693 17
8694 17
8695 18
8696 18
8697 17
8698 17
8699 17
8700 17
8701 18
8702 17
8703 17
8704 17
8705 17
8706 17
8707 17
8708 17
8709 17
8710 17
8711 18
8712 18
8713 18
8714 17
8715 18
8716 17
8717 17
8718 18
8719 17
8720 17
8721 17
8722 26
8723 18
8724 18
8725 17
8726 17
8727 17
8728 19
8729 17
8730 18
8731 17
8732 17
8733 18
8734 21
8735 18
8736 17
8737 16
8738 17
8739 17
8740 16
8741 17
8742 17
8743 17
8744 27
8745 18
8746 18
8747 17
8748 17
8749 17
8750 19
8751 18
8752 18
8753 17
8754 17
8755 17
8756 17
8757 18
8758 17
8759 17
8760 17
8761 17
8762 17
8763 17
8764 17
8765 17
8766 17
8767 17
8768 17
8769 17
8770 17
8771 18
8772 17
8773 17
8774 17
8775 17
8776 17
8777 17
8778 18
8779 17
8780 18
8781 19
8782 17
8783 17
8784 17
8785 17
8786 17
8787 17
8788 17
8789 17
8790 17
8791 18
8792 18
8793 17
8794 17
8795 17
8796 17
8797 17
8798 18
8799 17
8800 17
8801 17
8802 17
8803 17
8804 17
8805 17
8806 18
8807 17
8808 18
8809 18
8810 19
8811 17
8812 17
8813 18
8814 18
8815 18
8816 17
8817 17
8818 19
8819 18
8820 17
8821 17
8822 17
8823 17
8824 18
8825 18
8826 18
8827 17
8828 17
8829 18
8830 18
8831 17
8832 17
8833 17
8834 18
8835 17
8836 17
8837 17
8838 17
8839 17
8840 17
8841 17
8842 17
8843 35
8844 18
8845 19
8846 19
8847 18
8848 18
8849 17
8850 17
8851 17
8852 17
8853 17
8854 17
8855 17
8856 17
8857 17
8858 17
8859 17
8860 17
8861 17
8862 17
8863 17
8864 17
8865 17
8866 17
8867 18
8868 18
8869 28
8870 19
8871 18
8872 17
8873 18
8874 18
8875 19
8876 17
8877 17
8878 17
8879 17
8880 17
8881 17
8882 17
8883 17
8884 26
8885 18
8886 17
8887 17
8888 17
8889 18
8890 18
8891 17
8892 17
8893 17
8894 18
8895 18
8896 19
8897 18
8898 18
8899 17
8900 17
8901 18
8902 18
8903 17
8904 17
8905 17
8906 17
8907 17
8908 17
8909 17
8910 18
8911 17
8912 17
8913 18
8914 18
8915 17
8916 17
8917 17
8918 17
8919 18
8920 19
8921 18
8922 17
8923 17
8924 17
8925 17
8926 18
8927 17
8928 17
8929 17
8930 17
8931 17
8932 17
8933 17
8934 18
8935 17
8936 17
8937 17
8938 17
8939 17
8940 17
8941 18
8942 18
8943 18
8944 18
8945 18
8946 18
8947 19
8948 18
8949 17
8950 17
8951 17
8952 17
8953 17
8954 17
8955 17
8956 17
8957 18
8958 18
8959 17
8960 17
8961 17
8962 17
8963 17
8964 17
8965 17
8966 17
8967 17
8968 18
8969 17
8970 18
8971 17
8972 17
8973 17
8974 17
8975 17
8976 17
8977 17
8978 17
8979 17
8980 17
8981 26
8982 18
8983 17
8984 17
8985 17
8986 17
8987 17
8988 18
8989 18
8990 18
8991 17
8992 17
8993 17
8994 17
8995 17
8996 17
8997 19
8998 18
8999 18
9000 17
9001 17
9002 18
9003 18
9004 17
9005 17
9006 17
9007 17
9008 18
9009 18
9010 28
9011 18
9012 18
9013 17
9014 17
9015 17
9016 18
9017 18
9018 17
9019 17
9020 17
9021 17
9022 18
9023 18
9024 17
9025 17
9026 17
9027 17
9028 17
9029 17
9030 17
9031 17
9032 18
9033 17
9034 17
9035 17
9036 17
9037 19
9038 18
9039 18
9040 17
9041 17
9042 17
9043 17
9044 17
9045 17
9046 18
9047 17
9048 17
9049 17
9050 17
9051 18
9052 17
9053 17
9054 17
9055 17
9056 17
9057 18
9058 17
9059 18
9060 17
9061 18
9062 17
9063 17
9064 17
9065 19
9066 17
9067 17
9068 17
9069 17
9070 18
9071 18
9072 17
9073 17
9074 17
9075 17
9076 17
9077 16
9078 17
9079 17
9080 18
9081 27
9082 18
9083 18
9084 18
9085 17
9086 17
9087 18
9088 17
9089 17
9090 17
9091 17
9092 17
9093 18
9094 18
9095 17
9096 17
9097 17
9098 17
9099 17
9100 17
9101 17
9102 17
9103 17
9104 19
9105 18
9106 18
9107 17
9108 17
9109 17
9110 17
9111 16
9112 17
9113 17
9114 17
9115 18
9116 18
9117 18
9118 17
9119 17
9120 17
9121 17
9122 18
9123 18
9124 18
9125 17
9126 17
9127 17
9128 17
9129 17
9130 17
9131 18
9132 17
9133 17
9134 17
9135 17
9136 17
9137 17
9138 18
9139 17
9140 17
9141 17
9142 16
9143 19
9144 18
9145 18
9146 18
9147 19
9148 17
9149 18
9150 17
9151 17
9152 17
9153 17
9154 17
9155 17
9156 17
9157 17
9158 17
9159 17
9160 17
9161 18
9162 17
9163 18
9164 17
9165 17
9166 18
9167 18
9168 18
9169 17
9170 17
9171 17
9172 17
9173 17
9174 17
9175 17
9176 17
9177 17
9178 19
9179 18
9180 18
9181 17
9182 17
9183 17
9184 17
9185 18
9186 18
9187 18
9188 17
9189 17
9190 17
9191 34
9192 18
9193 18
9194 18
9195 17
9196 17
9197 17
9198 17
9199 18
9200 17
9201 17
9202 17
9203 17
9204 17
9205 17
9206 18
9207 18
9208 17
9209 17
9210 17
9211 17
9212 18
9213 18
9214 19
9215 17
9216 18
9217 19
9218 18
9219 18
9220 18
9221 19
9222 18
9223 18
9224 18
9225 17
9226 17
9227 27
9228 19
9229 18
9230 17
9231 18
9232 18
9233 17
9234 17
9235 17
9236 18
9237 18
9238 17
9239 19
9240 17
9241 17
9242 17
9243 17
9244 19
9245 17
9246 18
9247 17
9248 17
9249 18
9250 17
9251 17
9252 17
9253 17
9254 16
9255 17
9256 17
9257 17
9258 17
9259 17
9260 17
9261 19
9262 18
9263 17
9264 18
9265 18
9266 18
9267 17
9268 17
9269 17
9270 17
9271 18
9272 18
9273 18
9274 17
9275 17
9276 17
9277 17
9278 19
9279 17
9280 18
9281 17
9282 18
9283 18
9284 18
9285 17
9286 18
9287 18
9288 17
9289 18
9290 18
9291 18
9292 18
9293 17
9294 18
9295 18
9296 17
9297 17
9298 17
9299 18
9300 18
9301 17
9302 17
9303 17
9304 18
9305 18
9306 19
9307 18
9308 18
9309 18
9310 17
9311 17
9312 17
9313 17
9314 17
9315 17
9316 17
9317 18
9318 17
9319 17
9320 17
9321 17
9322 17
9323 18
9324 18
9325 18
9326 17
9327 18
9328 18
9329 17
9330 17
9331 17
9332 18
9333 18
9334 19
9335 18
9336 17
9337 17
9338 18
9339 17
9340 17
9341 17
9342 17
9343 17
9344 17
9345 18
9346 19
9347 18
9348 18
9349 18
9350 17
9351 18
9352 17
9353 17
9354 17
9355 18
9356 18
9357 19
9358 17
9359 17
9360 17
9361 18
9362 17
9363 17
9364 17
9365 18
9366 18
9367 17
9368 17
9369 18
9370 29
9371 18
9372 18
9373 19
9374 17
9375 17
9376 18
9377 17
9378 18
9379 17
9380 17
9381 17
9382 17
9383 17
9384 18
9385 17
9386 17
9387 17
9388 17
9389 17
9390 18
9391 17
9392 18
9393 18
9394 17
9395 18
9396 19
9397 18
9398 18
9399 17
9400 18
9401 19
9402 18
9403 18
9404 17
9405 18
9406 19
9407 18
9408 17
9409 17
9410 18
9411 17
9412 18
9413 17
9414 18
9415 18
9416 17
9417 18
9418 17
9419 17
9420 17
9421 17
9422 17
9423 18
9424 18
9425 17
9426 18
9427 17
9428 17
9429 17
9430 18
9431 18
9432 18
9433 17
9434 17
9435 18
9436 17
9437 17
9438 17
9439 17
9440 19
9441 18
9442 18
9443 17
9444 18
9445 18
9446 18
9447 17
9448 17
9449 18
9450 18
9451 18
9452 17
9453 18
9454 18
9455 18
9456 18
9457 18
9458 17
9459 17
9460 18
9461 18
9462 18
9463 27
9464 18
9465 17
9466 17
9467 17
9468 18
9469 18
9470 17
9471 17
9472 18
9473 18
9474 19
9475 18
9476 17
9477 17
9478 26
9479 17
9480 18
9481 17
9482 17
9483 17
9484 18
9485 18
9486 18
9487 18
9488 17
9489 17
9490 17
9491 17
9492 17
9493 17
9494 17
9495 17
9496 18
9497 17
9498 17
9499 17
9500 17
9501 18
9502 17
9503 17
9504 18
9505 16
9506 17
9507 17
9508 17
9509 17
9510 16
9511 17
9512 17
9513 18
9514 18
9515 17
9516 17
9517 17
9518 17
9519 17
9520 17
9521 17
9522 17
9523 17
9524 17
9525 18
9526 18
9527 18
9528 18
9529 18
9530 18
9531 18
9532 18
9533 17
9534 18
9535 17
9536 17
9537 17
9538 17
9539 17
9540 17
9541 17
9542 18
9543 18
9544 18
9545 17
9546 17
9547 17
9548 28
9549 17
9550 17
9551 17
9552 17
9553 17
9554 17
9555 17
9556 17
9557 18
9558 19
9559 18
9560 18
9561 17
9562 18
9563 17
9564 17
9565 16
9566 17
9567 17
9568 17
9569 18
9570 18
9571 17
9572 17
9573 17
9574 17
9575 17
9576 18
9577 18
9578 18
9579 17
9580 17
9581 18
9582 18
9583 17
9584 17
9585 18
9586 19
9587 18
9588 17
9589 17
9590 17
9591 17
9592 17
9593 17
9594 17
9595 18
9596 27
9597 19
9598 18
9599 17
9600 17
9601 18
9602 17
9603 17
9604 17
9605 17
9606 17
9607 17
9608 19
9609 18
9610 17
9611 17
9612 17
9613 17
9614 17
9615 17
9616 17
9617 17
9618 17
9619 17
9620 17
9621 17
9622 17
9623 17
9624 18
9625 19
9626 17
9627 17
9628 17
9629 17
9630 17
9631 17
9632 17
9633 17
9634 17
9635 17
9636 17
9637 17
9638 17
9639 17
9640 17
9641 17
9642 17
9643 17
9644 17
9645 17
9646 17
9647 17
9648 18
9649 17
9650 19
9651 17
9652 17
9653 18
9654 17
9655 17
9656 18
9657 18
9658 18
9659 18
9660 18
9661 17
9662 17
9663 18
9664 18
9665 17
9666 17
9667 17
9668 17
9669 17
9670 17
9671 18
9672 18
9673 17
9674 17
9675 17
9676 17
9677 17
9678 17
9679 17
9680 18
9681 18
9682 17
9683 17
9684 17
9685 17
9686 18
9687 18
9688 18
9689 18
9690 17
9691 17
9692 17
9693 18
9694 18
9695 17
9696 17
9697 17
9698 17
9699 18
9700 17
9701 17
9702 17
9703 18
9704 17
9705 17
9706 18
9707 18
9708 17
9709 17
9710 18
9711 18
9712 18
9713 18
9714 17
9715 17
9716 17
9717 17
9718 17
9719 17
9720 17
9721 18
9722 18
9723 17
9724 18
9725 17
9726 17
9727 17
9728 32
9729 18
9730 17
9731 17
9732 18
9733 28
9734 18
9735 17
9736 18
9737 18
9738 17
9739 17
9740 17
9741 18
9742 18
9743 18
9744 17
9745 17
9746 17
9747 18
9748 18
9749 18
9750 18
9751 17
9752 18
9753 18
9754 18
9755 18
9756 18
9757 18
9758 17
9759 19
9760 17
9761 18
9762 17
9763 17
9764 18
9765 17
9766 17
9767 17
9768 17
9769 17
9770 17
9771 17
9772 18
9773 17
9774 17
9775 18
9776 18
9777 17
9778 18
9779 17
9780 17
9781 17
9782 17
9783 18
9784 17
9785 18
9786 27
9787 18
9788 18
9789 18
9790 17
9791 17
9792 18
9793 17
9794 18
9795 18
9796 17
9797 18
9798 18
9799 18
9800 18
9801 17
9802 18
9803 17
9804 17
9805 18
9806 17
9807 18
9808 18
9809 17
9810 17
9811 17
9812 17
9813 17
9814 17
9815 17
9816 17
9817 18
9818 17
9819 17
9820 17
9821 26
9822 18
9823 17
9824 17
9825 17
9826 18
9827 17
9828 17
9829 18
9830 24
9831 18
9832 17
9833 17
9834 17
9835 18
9836 17
9837 18
9838 18
9839 17
9840 17
9841 24
9842 19
9843 17
9844 17
9845 17
9846 17
9847 18
9848 19
9849 19
9850 17
9851 17
9852 18
9853 19
9854 18
9855 18
9856 17
9857 17
9858 17
9859 17
9860 18
9861 17
9862 17
9863 17
9864 17
9865 17
9866 17
9867 17
9868 17
9869 17
9870 19
9871 18
9872 18
9873 17
9874 18
9875 18
9876 17
9877 17
9878 17
9879 18
9880 18
9881 17
9882 17
9883 17
9884 17
9885 17
9886 17
9887 17
9888 17
9889 17
9890 17
9891 18
9892 17
9893 26
9894 18
9895 18
9896 18
9897 17
9898 18
9899 17
9900 17
9901 18
9902 18
9903 18
9904 17
9905 27
9906 18
9907 17
9908 18
9909 18
9910 18
9911 17
9912 17
9913 17
9914 17
9915 17
9916 17
9917 17
9918 17
9919 18
9920 19
9921 18
9922 18
9923 18
9924 17
9925 17
9926 17
9927 17
9928 17
9929 17
9930 17
9931 18
9932 18
9933 17
9934 18
9935 17
9936 17
9937 17
9938 17
9939 17
9940 17
9941 27
9942 18
9943 17
9944 17
9945 17
9946 17
9947 19
9948 17
9949 18
9950 17
9951 17
9952 17
9953 19
9954 18
9955 17
9956 17
9957 17
9958 17
9959 17
9960 17
9961 18
9962 18
9963 17
9964 18
9965 17
9966 17
9967 17
9968 17
9969 17
9970 19
9971 18
9972 17
9973 17
9974 18
9975 19
9976 17
9977 17
9978 17
9979 17
9980 17
9981 17
9982 17
9983 18
9984 17
9985 17
9986 17
9987 17
9988 17
9989 18
9990 17
9991 17
9992 17
9993 17
9994 17
9995 17
9996 18
9997 17
9998 17
9999 26
