0 5522
1 5816
2 4944
3 5793
4 5035
5 5079
6 4973
7 5187
8 5335
9 5462
10 5063
11 5332
12 5077
13 5397
14 5396
15 6113
16 6043
17 6740
18 5589
19 5518
20 5444
21 5748
22 5137
23 4964
24 5454
25 5085
26 4964
27 5990
28 5304
29 4967
30 5644
31 5532
32 5828
33 5966
34 5207
35 6150
36 6972
37 5374
38 5085
39 4990
40 5056
41 5772
42 5892
43 4955
44 5090
45 5476
46 5325
47 5330
48 5469
49 5331
50 5142
51 5784
52 5521
53 5024
54 5956
55 5344
56 5962
57 5333
58 5700
59 5973
60 5196
61 5034
62 6559
63 -994436
64 5385
65 6152
66 5241
67 5170
68 6925
69 5667
70 6178
71 5395
72 6922
73 5883
74 5332
75 5395
76 5221
77 5768
78 5294
79 5817
80 6502
81 5252
82 5970
83 5235
84 5003
85 5331
86 5711
87 8245
88 6707
89 8596
90 5496
91 5543
92 5428
93 5424
94 5332
95 5564
96 5316
97 5436
98 5816
99 5439
100 5451
101 5105
102 5008
103 5196
104 5792
105 5371
106 5197
107 6885
108 6401
109 5805
110 6198
111 5207
112 5716
113 5360
114 6339
115 5019
116 5200
117 5454
118 5469
119 5313
120 5958
121 6849
122 7002
123 6321
124 6615
125 5268
126 5741
127 6515
128 5061
129 5450
130 5336
131 5823
132 5078
133 5902
134 5197
135 5437
136 5848
137 5133
138 5331
139 5453
140 4955
141 6455
142 5578
143 6712
144 5570
145 5074
146 5907
147 5243
148 5330
149 5326
150 5584
151 4951
152 6150
153 5270
154 5375
155 6655
156 5663
157 5722
158 5566
159 6356
160 5103
161 6075
162 5315
163 5329
164 6770
165 5455
166 5704
167 6278
168 5274
169 5210
170 5308
171 5087
172 5138
173 5084
174 5197
175 5047
176 5131
177 6225
178 5120
179 8701
180 5616
181 7138
182 5743
183 5401
184 5349
185 5242
186 5115
187 5550
188 5463
189 5339
190 6133
191 5572
192 6326
193 5453
194 5205
195 5734
196 5701
197 5928
198 4947
199 5243
200 5656
201 5509
202 5401
203 5431
204 4949
205 5752
206 5367
207 5190
208 5518
209 5178
210 6168
211 5310
212 5831
213 5573
214 5524
215 6537
216 5861
217 5139
218 5690
219 5206
220 5254
221 5275
222 5070
223 5206
224 5323
225 4962
226 5092
227 5058
228 4943
229 5082
230 5070
231 5833
232 5074
233 5721
234 6315
235 5075
236 6071
237 4940
238 -994290
239 5064
240 5330
241 5573
242 5083
243 5757
244 5266
245 5775
246 5382
247 5446
248 5442
249 5342
250 5311
251 5591
252 5073
253 6335
254 5075
255 4956
256 5075
257 5208
258 5328
259 6033
260 5410
261 5801
262 5077
263 5567
264 5785
265 5252
266 5337
267 5067
268 5713
269 5818
270 5592
271 8794
272 6549
273 5135
274 4952
275 5081
276 5744
277 5919
278 5201
279 5319
280 5157
281 5628
282 4962
283 4944
284 5711
285 6196
286 4957
287 6145
288 6211
289 6262
290 5568
291 5091
292 5316
293 5215
294 5070
295 5612
296 5293
297 5459
298 5075
299 5709
300 5326
301 5459
302 5586
303 6689
304 5343
305 6192
306 5710
307 6459
308 5335
309 5338
310 5367
311 5782
312 5243
313 5707
314 5056
315 6398
316 5449
317 5236
318 5673
319 5629
320 5869
321 5261
322 5300
323 7922
324 5622
325 6514
326 5637
327 5236
328 5155
329 5502
330 5309
331 6641
332 5105
333 5479
334 5403
335 5352
336 6027
337 5218
338 5424
339 5559
340 5128
341 6134
342 5298
343 6429
344 6209
345 5369
346 5562
347 5375
348 5457
349 5119
350 4809
351 5085
352 5061
353 6168
354 6648
355 5215
356 5268
357 6723
358 6994
359 6020
360 5318
361 8697
362 5077
363 5079
364 5351
365 5057
366 5075
367 5077
368 5328
369 5079
370 5701
371 6078
372 5078
373 5703
374 5577
375 4957
376 5323
377 5634
378 5678
379 6477
380 5271
381 5205
382 5758
383 5520
384 5605
385 5677
386 5330
387 6017
388 6013
389 5582
390 5453
391 5324
392 5329
393 5076
394 6226
395 6352
396 5529
397 6584
398 5763
399 5259
400 5580
401 4959
402 5571
403 6895
404 5426
405 6348
406 5259
407 5083
408 5368
409 5282
410 5066
411 5590
412 5084
413 5074
414 5200
415 -994682
416 6330
417 5893
418 5262
419 4954
420 5078
421 5318
422 5083
423 5598
424 5458
425 6508
426 6851
427 5810
428 5397
429 5613
430 6609
431 5748
432 5429
433 7313
434 6371
435 5228
436 5106
437 5083
438 5881
439 6323
440 5421
441 5214
442 5481
443 5496
444 5731
445 5359
446 5839
447 5453
448 5149
449 6336
450 7101
451 7668
452 5489
453 5889
454 5311
455 5329
456 4972
457 5275
458 5550
459 5072
460 5228
461 5755
462 5670
463 5272
464 5060
465 4949
466 5079
467 5189
468 5077
469 7322
470 5076
471 5699
472 5572
473 5610
474 5916
475 6342
476 5057
477 5307
478 6601
479 5549
480 5330
481 6062
482 6201
483 6200
484 5072
485 5694
486 6079
487 6195
488 5325
489 5085
490 5061
491 5323
492 5692
493 5329
494 6521
495 5242
496 4986
497 5417
498 5444
499 5577
500 5807
501 5069
502 5082
503 5887
504 5299
505 6732
506 5359
507 5834
508 5056
509 6141
510 5267
511 5244
512 6001
513 5082
514 5335
515 5047
516 5074
517 5319
518 6449
519 5454
520 5066
521 5199
522 5822
523 5450
524 6877
525 5897
526 6362
527 5595
528 5548
529 5736
530 6411
531 7810
532 5576
533 5743
534 5225
535 6232
536 5693
537 6764
538 6256
539 5517
540 8623
541 5442
542 5737
543 5552
544 5844
545 5529
546 5006
547 5801
548 6126
549 5875
550 6409
551 5260
552 6108
553 5963
554 6431
555 5590
556 5372
557 6844
558 5371
559 5827
560 5575
561 5265
562 6130
563 5078
564 5702
565 6456
566 5208
567 5795
568 5320
569 5450
570 5453
571 5467
572 5504
573 4947
574 5199
575 6755
576 6215
577 5991
578 5590
579 5072
580 5037
581 6740
582 5900
583 5988
584 5404
585 5488
586 5781
587 5883
588 5569
589 -993037
590 5475
591 5690
592 5696
593 7182
594 5984
595 5636
596 5509
597 5577
598 6115
599 5476
600 5257
601 5022
602 5368
603 5630
604 5383
605 6616
606 5890
607 5684
608 5303
609 5309
610 6620
611 5038
612 5082
613 5587
614 5341
615 5790
616 5395
617 5594
618 5190
619 7227
620 5322
621 5440
622 5089
623 5080
624 5468
625 5081
626 5339
627 5964
628 5964
629 7963
630 5711
631 4962
632 5154
633 5666
634 5318
635 5464
636 6025
637 5644
638 5585
639 5089
640 6322
641 6597
642 5163
643 5440
644 5089
645 5202
646 6155
647 5639
648 5649
649 5121
650 5013
651 6028
652 5535
653 5585
654 5756
655 5070
656 5211
657 5497
658 5488
659 5354
660 5931
661 5905
662 5612
663 5138
664 4957
665 6611
666 5632
667 5933
668 5209
669 5655
670 5461
671 6335
672 5424
673 4962
674 4897
675 5101
676 5635
677 5651
678 5405
679 5061
680 5203
681 4959
682 5204
683 7101
684 5582
685 5560
686 5799
687 5677
688 5341
689 5182
690 5250
691 5392
692 5274
693 5470
694 6474
695 5726
696 5408
697 4938
698 4949
699 5632
700 5680
701 5125
702 6304
703 8620
704 8055
705 5471
706 5304
707 6507
708 5053
709 5863
710 5069
711 4925
712 4948
713 5054
714 5064
715 6065
716 6390
717 5866
718 5205
719 6679
720 5308
721 5981
722 6009
723 5203
724 5146
725 5038
726 5182
727 5479
728 5424
729 5306
730 5686
731 6092
732 6166
733 5576
734 5303
735 4939
736 5821
737 5967
738 6081
739 5613
740 6291
741 5986
742 5092
743 5289
744 5186
745 5074
746 6174
747 5588
748 5502
749 4950
750 5827
751 5199
752 5076
753 5255
754 6278
755 6321
756 5322
757 5450
758 5706
759 5072
760 5702
761 5576
762 5785
763 5763
764 5173
765 -994169
766 5575
767 5328
768 5755
769 5526
770 5462
771 5563
772 5576
773 6979
774 5351
775 5376
776 6310
777 5366
778 5214
779 5784
780 5213
781 5104
782 5644
783 5193
784 5572
785 5602
786 5308
787 5587
788 5316
789 5452
790 5372
791 5532
792 7858
793 5345
794 5654
795 6269
796 5690
797 5440
798 6963
799 5278
800 4951
801 5081
802 4954
803 5328
804 5711
805 5755
806 5147
807 5580
808 5081
809 7329
810 5777
811 5257
812 5583
813 5079
814 5702
815 5328
816 5333
817 5703
818 5385
819 5964
820 5883
821 5081
822 5081
823 6141
824 5426
825 5167
826 4952
827 6122
828 6554
829 5513
830 5252
831 5314
832 5523
833 5563
834 5835
835 5112
836 5353
837 5398
838 5815
839 5458
840 5552
841 5686
842 5055
843 5008
844 5126
845 5446
846 7560
847 6190
848 5074
849 5349
850 5397
851 5338
852 4924
853 5496
854 5363
855 5889
856 5757
857 5945
858 5950
859 5720
860 5129
861 5076
862 5268
863 5645
864 5576
865 4962
866 5392
867 5879
868 6016
869 5391
870 4964
871 5066
872 5948
873 5584
874 5695
875 5581
876 5452
877 5329
878 5205
879 5255
880 6154
881 5603
882 6819
883 5770
884 5694
885 5259
886 6021
887 5279
888 6244
889 5393
890 5077
891 5079
892 4954
893 6328
894 5519
895 5394
896 5216
897 5820
898 5807
899 5202
900 4954
901 7880
902 6208
903 5397
904 4963
905 5077
906 5815
907 5451
908 5083
909 5326
910 5329
911 5665
912 5159
913 5067
914 5805
915 5515
916 5509
917 5327
918 5089
919 6256
920 5596
921 5408
922 5336
923 5079
924 6584
925 5407
926 7923
927 5857
928 6011
929 5316
930 5670
931 5651
932 6185
933 5594
934 6076
935 5930
936 5966
937 5640
938 6990
939 5387
940 5685
941 -994251
942 5081
943 5139
944 5444
945 5309
946 5079
947 5065
948 5441
949 5078
950 4930
951 6395
952 6180
953 5705
954 6483
955 4945
956 5057
957 5943
958 4965
959 5031
960 5826
961 5191
962 5307
963 4929
964 5073
965 5191
966 5435
967 5074
968 5038
969 4924
970 5218
971 5218
972 6033
973 6919
974 5064
975 5442
976 5690
977 6070
978 4936
979 5441
980 5065
981 5191
982 6138
983 6195
984 5741
985 5323
986 5320
987 5299
988 5943
989 5758
990 5506
991 8487
992 6454
993 5625
994 5576
995 5429
996 5873
997 6445
998 5627
999 5320
1000 5064
1001 5799
1002 5063
1003 5072
1004 5810
1005 5068
1006 5745
1007 5510
1008 5317
1009 7284
1010 5088
1011 4949
1012 5305
1013 5818
1014 6063
1015 5674
1016 5057
1017 4942
1018 5635
1019 5498
1020 5066
1021 5316
1022 5194
1023 5363
1024 5053
1025 5385
1026 5441
1027 6797
1028 5857
1029 5325
1030 6211
1031 5827
1032 5190
1033 5756
1034 5788
1035 5624
1036 5388
1037 5706
1038 5956
1039 5568
1040 5339
1041 5710
1042 6682
1043 5196
1044 5080
1045 7079
1046 5087
1047 5069
1048 5314
1049 5527
1050 5381
1051 5337
1052 5226
1053 5920
1054 5082
1055 5368
1056 5494
1057 5354
1058 5478
1059 5200
1060 5990
1061 6250
1062 5523
1063 6703
1064 5605
1065 5244
1066 5951
1067 6490
1068 5824
1069 5383
1070 5232
1071 5204
1072 5933
1073 5710
1074 5544
1075 6222
1076 5253
1077 5165
1078 5931
1079 5438
1080 5506
1081 7776
1082 5284
1083 5287
1084 4927
1085 5451
1086 5426
1087 5948
1088 5440
1089 5053
1090 5202
1091 5138
1092 5266
1093 5201
1094 5512
1095 5761
1096 5455
1097 5228
1098 5225
1099 6378
1100 5254
1101 6145
1102 5082
1103 5640
1104 5660
1105 5087
1106 5087
1107 5738
1108 6944
1109 5216
1110 6014
1111 5404
1112 5211
1113 7087
1114 5336
1115 6612
1116 5436
1117 6471
1118 -994913
1119 6011
1120 5405
1121 5713
1122 5589
1123 5263
1124 6301
1125 6942
1126 5215
1127 5336
1128 5836
1129 5338
1130 5340
1131 5086
1132 4967
1133 6141
1134 5784
1135 6591
1136 5750
1137 5289
1138 5336
1139 5465
1140 5348
1141 5967
1142 5064
1143 5954
1144 5123
1145 5655
1146 6366
1147 7441
1148 5383
1149 5702
1150 5218
1151 5935
1152 5192
1153 6746
1154 5496
1155 5372
1156 5780
1157 5511
1158 5129
1159 5378
1160 5776
1161 5193
1162 4858
1163 5501
1164 5435
1165 5697
1166 6004
1167 5756
1168 5321
1169 5791
1170 5450
1171 7219
1172 5566
1173 5336
1174 5331
1175 6507
1176 5529
1177 5096
1178 5706
1179 5829
1180 5084
1181 5526
1182 5263
1183 4964
1184 5072
1185 5581
1186 5963
1187 5200
1188 5209
1189 7028
1190 5136
1191 5830
1192 6526
1193 5141
1194 5076
1195 5126
1196 5032
1197 5085
1198 6574
1199 5333
1200 4960
1201 5337
1202 5322
1203 5587
1204 5144
1205 6019
1206 6140
1207 7293
1208 6569
1209 5988
1210 5154
1211 5329
1212 5334
1213 5457
1214 5080
1215 5209
1216 6233
1217 5686
1218 6351
1219 5060
1220 5706
1221 5270
1222 5518
1223 4960
1224 5837
1225 6330
1226 5322
1227 5333
1228 5268
1229 5279
1230 5627
1231 6023
1232 5139
1233 5238
1234 5999
1235 5385
1236 5404
1237 6197
1238 5186
1239 5277
1240 5892
1241 5576
1242 6620
1243 6527
1244 5834
1245 5947
1246 5343
1247 5370
1248 5516
1249 5678
1250 5061
1251 5473
1252 5543
1253 5209
1254 5140
1255 5914
1256 5301
1257 5362
1258 5301
1259 7431
1260 6242
1261 8178
1262 5826
1263 5331
1264 5518
1265 5994
1266 5811
1267 6105
1268 5392
1269 5118
1270 6060
1271 5315
1272 5665
1273 5867
1274 5373
1275 5353
1276 5037
1277 5033
1278 5564
1279 7320
1280 5814
1281 5064
1282 5445
1283 5383
1284 5365
1285 5690
1286 5690
1287 5593
1288 5975
1289 5380
1290 5309
1291 5067
1292 6137
1293 5368
1294 -993730
1295 5360
1296 5067
1297 6692
1298 5064
1299 5563
1300 5700
1301 5385
1302 5768
1303 5920
1304 5315
1305 5689
1306 5823
1307 6555
1308 4945
1309 5428
1310 6192
1311 5811
1312 5064
1313 5567
1314 7961
1315 5919
1316 6319
1317 5084
1318 5977
1319 5511
1320 5084
1321 5808
1322 5069
1323 6206
1324 5307
1325 5069
1326 5570
1327 5945
1328 4945
1329 5257
1330 5634
1331 4945
1332 5072
1333 7132
1334 5257
1335 5314
1336 5215
1337 5677
1338 5262
1339 5751
1340 5767
1341 5260
1342 5311
1343 4951
1344 6061
1345 5070
1346 6566
1347 5819
1348 5330
1349 5308
1350 6390
1351 8130
1352 5958
1353 5431
1354 6252
1355 5875
1356 5068
1357 5819
1358 6037
1359 5349
1360 5069
1361 4696
1362 7394
1363 5378
1364 5632
1365 5254
1366 5198
1367 6010
1368 6753
1369 5571
1370 6194
1371 5072
1372 5194
1373 5071
1374 6262
1375 5891
1376 5180
1377 4932
1378 5329
1379 5313
1380 5326
1381 6138
1382 5495
1383 5315
1384 4947
1385 5687
1386 5077
1387 5828
1388 5849
1389 5280
1390 6285
1391 5356
1392 5307
1393 5866
1394 5033
1395 6189
1396 5194
1397 5063
1398 5832
1399 5071
1400 5309
1401 4934
1402 5954
1403 5181
1404 4957
1405 6561
1406 5518
1407 6284
1408 5191
1409 5590
1410 5823
1411 5355
1412 5730
1413 5213
1414 5205
1415 5403
1416 6117
1417 5150
1418 5103
1419 5414
1420 5485
1421 5666
1422 5611
1423 7221
1424 5290
1425 5177
1426 5288
1427 6557
1428 6375
1429 5799
1430 5325
1431 6288
1432 5611
1433 5522
1434 5686
1435 5621
1436 5489
1437 5301
1438 4931
1439 6036
1440 5222
1441 6784
1442 5819
1443 5329
1444 5299
1445 4996
1446 5389
1447 4946
1448 4932
1449 4944
1450 5444
1451 6193
1452 5140
1453 5300
1454 5275
1455 5319
1456 5220
1457 5420
1458 5557
1459 5319
1460 6090
1461 5064
1462 5537
1463 5446
1464 5313
1465 5069
1466 5451
1467 5434
1468 5076
1469 5807
1470 5069
1471 -994939
1472 5695
1473 5946
1474 5056
1475 5703
1476 5862
1477 5631
1478 7264
1479 5746
1480 5068
1481 6453
1482 5053
1483 5341
1484 5279
1485 5119
1486 5781
1487 5409
1488 5313
1489 4860
1490 5809
1491 5055
1492 6122
1493 5156
1494 5311
1495 5196
1496 6903
1497 5493
1498 5549
1499 5689
1500 6155
1501 5931
1502 5435
1503 5364
1504 5760
1505 5535
1506 5684
1507 5102
1508 5787
1509 5266
1510 5925
1511 5099
1512 4960
1513 5353
1514 5425
1515 6828
1516 5733
1517 5440
1518 4953
1519 5085
1520 5305
1521 5480
1522 5432
1523 5326
1524 5049
1525 5811
1526 6451
1527 5157
1528 5095
1529 5300
1530 5043
1531 6588
1532 5105
1533 9262
1534 5311
1535 5242
1536 5147
1537 5447
1538 5504
1539 5252
1540 5307
1541 5184
1542 5937
1543 5323
1544 5051
1545 5316
1546 5074
1547 4927
1548 5564
1549 5068
1550 5437
1551 7443
1552 5072
1553 5553
1554 5187
1555 5323
1556 5180
1557 4939
1558 5189
1559 5552
1560 5208
1561 5691
1562 6323
1563 4927
1564 5072
1565 5553
1566 5815
1567 5194
1568 6589
1569 5290
1570 6435
1571 5065
1572 6471
1573 5918
1574 5430
1575 4817
1576 5445
1577 5827
1578 5549
1579 5572
1580 5301
1581 4938
1582 5639
1583 5239
1584 5270
1585 5363
1586 5564
1587 5830
1588 6454
1589 5279
1590 5128
1591 5079
1592 5076
1593 5171
1594 5233
1595 4954
1596 4954
1597 4953
1598 6296
1599 5858
1600 5466
1601 4948
1602 5069
1603 5828
1604 5084
1605 4701
1606 5700
1607 6082
1608 5952
1609 5913
1610 5494
1611 5952
1612 5208
1613 5080
1614 6087
1615 5476
1616 5983
1617 6123
1618 5653
1619 5374
1620 5578
1621 5079
1622 5081
1623 5079
1624 5778
1625 8546
1626 6526
1627 5226
1628 5764
1629 5258
1630 5451
1631 5454
1632 5705
1633 5837
1634 5316
1635 4988
1636 5298
1637 5320
1638 6275
1639 6391
1640 5189
1641 5204
1642 5329
1643 7578
1644 5213
1645 6067
1646 5205
1647 6203
1648 5705
1649 -994922
1650 5627
1651 5243
1652 5071
1653 5718
1654 4934
1655 5206
1656 5326
1657 5084
1658 5071
1659 5522
1660 5635
1661 6457
1662 6149
1663 5877
1664 5338
1665 5197
1666 5086
1667 5074
1668 4960
1669 5074
1670 5697
1671 4960
1672 5053
1673 5455
1674 5085
1675 5708
1676 4968
1677 5581
1678 5087
1679 5216
1680 6583
1681 5715
1682 5599
1683 5320
1684 5077
1685 5716
1686 5084
1687 5091
1688 6210
1689 5119
1690 5137
1691 5374
1692 5081
1693 4965
1694 5087
1695 5587
1696 5215
1697 5581
1698 6466
1699 6369
1700 5176
1701 6089
1702 4966
1703 5341
1704 4946
1705 5214
1706 5340
1707 5729
1708 5196
1709 5081
1710 5215
1711 5076
1712 6160
1713 5268
1714 5089
1715 5339
1716 5338
1717 4987
1718 7442
1719 5454
1720 5095
1721 5080
1722 5590
1723 5337
1724 5597
1725 5327
1726 5090
1727 5341
1728 6525
1729 5385
1730 5340
1731 5708
1732 5090
1733 4959
1734 5859
1735 5319
1736 6217
1737 5577
1738 5089
1739 6592
1740 5711
1741 5338
1742 4967
1743 5774
1744 6092
1745 5135
1746 5993
1747 5683
1748 5336
1749 5213
1750 5461
1751 5463
1752 5534
1753 5412
1754 6051
1755 5861
1756 5438
1757 5717
1758 5529
1759 6275
1760 5085
1761 5085
1762 5345
1763 4953
1764 5212
1765 5588
1766 5155
1767 5648
1768 5839
1769 5213
1770 5340
1771 5592
1772 5454
1773 6338
1774 5284
1775 5266
1776 5962
1777 5598
1778 5462
1779 5974
1780 5069
1781 5827
1782 5213
1783 5087
1784 5465
1785 5088
1786 5336
1787 6466
1788 5860
1789 5195
1790 5329
1791 6216
1792 5095
1793 5609
1794 5610
1795 5900
1796 5667
1797 5255
1798 5094
1799 5955
1800 5213
1801 5212
1802 5213
1803 5338
1804 5974
1805 5449
1806 5713
1807 5468
1808 5453
1809 6816
1810 6129
1811 5314
1812 5087
1813 5588
1814 5470
1815 5078
1816 5094
1817 4954
1818 5362
1819 4938
1820 4995
1821 5302
1822 4963
1823 5468
1824 5578
1825 5338
1826 5127
1827 5798
1828 7335
1829 5587
1830 -995036
1831 5337
1832 5088
1833 5089
1834 5718
1835 5080
1836 5854
1837 5827
1838 5077
1839 4851
1840 5053
1841 5194
1842 5711
1843 5579
1844 5471
1845 6241
1846 5320
1847 6836
1848 5323
1849 5566
1850 4954
1851 5248
1852 5221
1853 7050
1854 5960
1855 6343
1856 5291
1857 4936
1858 5816
1859 5198
1860 5366
1861 5626
1862 5150
1863 5049
1864 5253
1865 7034
1866 5426
1867 5474
1868 4933
1869 5815
1870 5454
1871 5207
1872 5417
1873 5435
1874 5068
1875 5060
1876 5264
1877 5743
1878 5438
1879 5236
1880 5273
1881 5627
1882 6012
1883 6540
1884 5315
1885 6070
1886 6440
1887 5591
1888 5517
1889 5902
1890 5693
1891 5388
1892 5296
1893 5223
1894 5690
1895 5869
1896 5375
1897 5070
1898 5435
1899 6057
1900 5086
1901 8423
1902 5188
1903 4942
1904 5322
1905 5559
1906 5372
1907 5248
1908 5505
1909 5306
1910 5889
1911 6255
1912 5249
1913 5317
1914 5307
1915 6323
1916 6493
1917 5250
1918 5826
1919 6808
1920 5571
1921 5329
1922 4934
1923 5441
1924 6205
1925 5294
1926 5057
1927 5070
1928 4937
1929 5201
1930 5951
1931 5177
1932 5062
1933 5692
1934 5684
1935 5691
1936 5312
1937 7169
1938 5598
1939 5187
1940 5062
1941 5569
1942 5060
1943 5181
1944 5194
1945 5096
1946 5538
1947 5556
1948 4939
1949 4946
1950 6322
1951 5313
1952 6307
1953 6508
1954 5516
1955 5550
1956 6947
1957 6078
1958 5506
1959 5672
1960 5164
1961 5446
1962 6080
1963 6242
1964 5029
1965 5286
1966 5205
1967 5160
1968 5427
1969 5045
1970 4950
1971 6677
1972 5277
1973 6001
1974 6952
1975 5596
1976 6102
1977 5864
1978 5852
1979 5494
1980 5208
1981 5214
1982 5307
1983 5550
1984 4971
1985 5017
1986 5386
1987 6191
1988 6571
1989 5420
1990 5311
1991 6460
1992 5547
1993 5350
1994 5649
1995 5446
1996 5452
1997 5197
1998 5335
1999 5317
2000 4987
2001 5440
2002 6062
2003 6078
2004 4939
2005 5462
2006 5691
2007 4957
2008 -994055
2009 5452
2010 6528
2011 5777
2012 5047
2013 6318
2014 5217
2015 6247
2016 5863
2017 6158
2018 5518
2019 5214
2020 5364
2021 5081
2022 5765
2023 5238
2024 4954
2025 5168
2026 5742
2027 5317
2028 6322
2029 5594
2030 5106
2031 5343
2032 5917
2033 5840
2034 5243
2035 5072
2036 4947
2037 5194
2038 5971
2039 5542
2040 6041
2041 5122
2042 6395
2043 5573
2044 5809
2045 4904
2046 6250
2047 5055
2048 6149
2049 5086
2050 5067
2051 6276
2052 5813
2053 5999
2054 5435
2055 5311
2056 4966
2057 5830
2058 4983
2059 5635
2060 6674
2061 5465
2062 5579
2063 6125
2064 6577
2065 5566
2066 5479
2067 5308
2068 4982
2069 5724
2070 7359
2071 5280
2072 5171
2073 5404
2074 4885
2075 5314
2076 5184
2077 5442
2078 6262
2079 5502
2080 5063
2081 6119
2082 8431
2083 5646
2084 5991
2085 5232
2086 6456
2087 5490
2088 5558
2089 5251
2090 5702
2091 4923
2092 5054
2093 6094
2094 5085
2095 5050
2096 6836
2097 5188
2098 5061
2099 5451
2100 5819
2101 5077
2102 5971
2103 5986
2104 6378
2105 6019
2106 5255
2107 5700
2108 4949
2109 5825
2110 5823
2111 5949
2112 5700
2113 5954
2114 6815
2115 6225
2116 5428
2117 6662
2118 5651
2119 5400
2120 5083
2121 4942
2122 5704
2123 6599
2124 5419
2125 6083
2126 5191
2127 5835
2128 5067
2129 6321
2130 5078
2131 5818
2132 5073
2133 5463
2134 4944
2135 5065
2136 6458
2137 5691
2138 4832
2139 6568
2140 5081
2141 5696
2142 5702
2143 4947
2144 5077
2145 5323
2146 5074
2147 6130
2148 5131
2149 5718
2150 5081
2151 5331
2152 5458
2153 5087
2154 6086
2155 5580
2156 5340
2157 5076
2158 5707
2159 5090
2160 5333
2161 5338
2162 5838
2163 4980
2164 5497
2165 5659
2166 5713
2167 6340
2168 5586
2169 6038
2170 5939
2171 5532
2172 7092
2173 5330
2174 5147
2175 5270
2176 5712
2177 5469
2178 5573
2179 5841
2180 4960
2181 5329
2182 5240
2183 5688
2184 -993980
2185 5020
2186 4966
2187 5577
2188 5963
2189 6593
2190 8417
2191 6192
2192 7583
2193 6276
2194 6383
2195 5282
2196 5951
2197 6835
2198 5455
2199 7586
2200 5717
2201 5457
2202 5578
2203 6964
2204 5203
2205 6033
2206 6446
2207 6276
2208 5122
2209 5295
2210 5710
2211 5761
2212 5404
2213 5825
2214 6273
2215 5401
2216 5102
2217 5501
2218 5275
2219 5713
2220 5654
2221 5623
2222 5670
2223 5401
2224 4969
2225 6457
2226 5354
2227 5464
2228 5255
2229 5283
2230 5316
2231 5215
2232 6054
2233 5239
2234 5215
2235 5462
2236 5200
2237 6089
2238 5095
2239 5326
2240 5088
2241 5337
2242 6105
2243 5320
2244 5839
2245 5588
2246 5339
2247 5461
2248 5340
2249 5338
2250 5467
2251 4960
2252 5213
2253 4963
2254 6214
2255 5091
2256 6897
2257 5286
2258 6034
2259 5253
2260 4965
2261 5958
2262 7465
2263 5837
2264 5838
2265 6346
2266 6454
2267 5654
2268 5645
2269 5587
2270 5648
2271 5280
2272 5201
2273 5963
2274 5219
2275 5832
2276 8265
2277 5841
2278 6772
2279 6837
2280 5841
2281 6143
2282 5902
2283 5588
2284 6610
2285 5691
2286 5588
2287 5338
2288 5253
2289 6491
2290 5897
2291 5462
2292 5998
2293 5303
2294 5989
2295 7251
2296 6276
2297 6838
2298 5842
2299 5200
2300 5840
2301 4963
2302 5463
2303 5089
2304 5089
2305 5215
2306 5215
2307 5210
2308 5343
2309 6272
2310 5648
2311 5467
2312 5713
2313 5209
2314 6591
2315 5086
2316 5216
2317 5337
2318 5339
2319 5528
2320 5841
2321 5388
2322 5212
2323 5527
2324 5305
2325 5053
2326 5132
2327 5705
2328 6425
2329 6085
2330 6025
2331 5777
2332 7281
2333 6293
2334 5583
2335 5694
2336 5462
2337 5342
2338 5081
2339 6214
2340 5653
2341 6022
2342 5529
2343 5314
2344 7064
2345 5195
2346 5227
2347 4948
2348 5101
2349 5599
2350 6178
2351 5589
2352 6280
2353 5272
2354 5338
2355 5457
2356 4964
2357 6400
2358 -994419
2359 5723
2360 5397
2361 5717
2362 5585
2363 5086
2364 5990
2365 5185
2366 5086
2367 5840
2368 6732
2369 5195
2370 5090
2371 5729
2372 5319
2373 5839
2374 6214
2375 5088
2376 5090
2377 6211
2378 5336
2379 6797
2380 5437
2381 5283
2382 5461
2383 5093
2384 5212
2385 5589
2386 5593
2387 6083
2388 5626
2389 5672
2390 4959
2391 6465
2392 5274
2393 5654
2394 5337
2395 5712
2396 5094
2397 5846
2398 5202
2399 5001
2400 5928
2401 5079
2402 5103
2403 5692
2404 5714
2405 6360
2406 5208
2407 5698
2408 5090
2409 5064
2410 5216
2411 5216
2412 6095
2413 5443
2414 5713
2415 5324
2416 5720
2417 5107
2418 5947
2419 6827
2420 6531
2421 5521
2422 5589
2423 7087
2424 5839
2425 5087
2426 6214
2427 5835
2428 5213
2429 5586
2430 5008
2431 6421
2432 5216
2433 5708
2434 5088
2435 5907
2436 5396
2437 5086
2438 5589
2439 5339
2440 5502
2441 8076
2442 5611
2443 5535
2444 5712
2445 5701
2446 5091
2447 6407
2448 5778
2449 5066
2450 6474
2451 5516
2452 5932
2453 5429
2454 5331
2455 5457
2456 5211
2457 6885
2458 5432
2459 6070
2460 5213
2461 5470
2462 6007
2463 6223
2464 5185
2465 6883
2466 6058
2467 5415
2468 6687
2469 5694
2470 5431
2471 6083
2472 6136
2473 5543
2474 5672
2475 5650
2476 6539
2477 6059
2478 5394
2479 5680
2480 5837
2481 5006
2482 6570
2483 5686
2484 5104
2485 5574
2486 5061
2487 5588
2488 5252
2489 5300
2490 5660
2491 5624
2492 5060
2493 5222
2494 8154
2495 5067
2496 6368
2497 5428
2498 5707
2499 5344
2500 5450
2501 5462
2502 5121
2503 6216
2504 5215
2505 5611
2506 5937
2507 5266
2508 5614
2509 5440
2510 5017
2511 4982
2512 7065
2513 5065
2514 5076
2515 5676
2516 5998
2517 6239
2518 5694
2519 5084
2520 5595
2521 5510
2522 5816
2523 5693
2524 5316
2525 5720
2526 5266
2527 5068
2528 5316
2529 5316
2530 7594
2531 5158
2532 5816
2533 -994687
2534 5442
2535 5690
2536 5065
2537 6358
2538 5144
2539 6437
2540 5193
2541 5192
2542 5439
2543 5066
2544 5441
2545 5258
2546 6120
2547 5691
2548 6275
2549 5222
2550 4927
2551 5067
2552 5439
2553 5675
2554 5693
2555 5323
2556 4928
2557 4941
2558 7137
2559 6064
2560 5626
2561 5195
2562 5233
2563 5505
2564 5693
2565 5818
2566 7264
2567 5374
2568 6443
2569 6015
2570 4998
2571 6137
2572 5058
2573 5666
2574 6329
2575 5750
2576 5326
2577 7188
2578 5569
2579 5442
2580 5693
2581 5818
2582 5442
2583 5819
2584 5944
2585 5699
2586 5569
2587 7138
2588 5372
2589 5831
2590 5551
2591 6441
2592 5944
2593 5317
2594 5067
2595 6139
2596 6001
2597 5312
2598 5472
2599 5474
2600 6007
2601 6698
2602 5055
2603 5692
2604 5069
2605 5066
2606 5816
2607 5516
2608 5493
2609 5074
2610 5751
2611 5828
2612 5626
2613 5317
2614 5202
2615 4938
2616 5074
2617 5067
2618 5820
2619 5321
2620 6571
2621 5700
2622 5567
2623 5446
2624 5441
2625 5605
2626 5285
2627 4942
2628 5451
2629 5687
2630 5948
2631 5320
2632 5159
2633 5487
2634 5706
2635 6348
2636 5044
2637 5514
2638 7811
2639 5448
2640 5604
2641 5453
2642 5303
2643 5239
2644 4918
2645 5954
2646 5619
2647 5689
2648 5603
2649 5895
2650 5120
2651 5197
2652 5278
2653 5413
2654 5333
2655 5616
2656 6852
2657 5446
2658 4890
2659 5093
2660 5344
2661 5704
2662 6233
2663 5712
2664 5700
2665 5734
2666 6242
2667 5527
2668 5004
2669 5317
2670 5566
2671 5603
2672 5340
2673 5858
2674 8276
2675 5832
2676 5383
2677 6120
2678 5188
2679 5055
2680 4942
2681 6314
2682 4942
2683 6370
2684 5309
2685 5440
2686 6004
2687 5510
2688 4979
2689 5814
2690 5505
2691 5535
2692 5948
2693 5081
2694 5595
2695 5690
2696 5588
2697 5085
2698 5462
2699 5586
2700 5461
2701 5098
2702 5076
2703 4960
2704 5841
2705 5957
2706 5086
2707 5964
2708 5335
2709 -994411
2710 8085
2711 5216
2712 5580
2713 6095
2714 5329
2715 5337
2716 5084
2717 5462
2718 5781
2719 5622
2720 5602
2721 6111
2722 6128
2723 5993
2724 5817
2725 5242
2726 5219
2727 5082
2728 5832
2729 6037
2730 5520
2731 5213
2732 6453
2733 5216
2734 5967
2735 5212
2736 6275
2737 5643
2738 5778
2739 5774
2740 5588
2741 5962
2742 5720
2743 4954
2744 6236
2745 5813
2746 7530
2747 5454
2748 5157
2749 5215
2750 5697
2751 5216
2752 5200
2753 5547
2754 4999
2755 4843
2756 5114
2757 5681
2758 4953
2759 5974
2760 5824
2761 5355
2762 5502
2763 5903
2764 6400
2765 5395
2766 5092
2767 5330
2768 5465
2769 6261
2770 5281
2771 5457
2772 5212
2773 4958
2774 5088
2775 5584
2776 5091
2777 5509
2778 5159
2779 5351
2780 5450
2781 5712
2782 6024
2783 6642
2784 5463
2785 5085
2786 5271
2787 5405
2788 5260
2789 5403
2790 5108
2791 4940
2792 5098
2793 5077
2794 4975
2795 5691
2796 6144
2797 5529
2798 5463
2799 5834
2800 5779
2801 6435
2802 6175
2803 5080
2804 5144
2805 5653
2806 6137
2807 5404
2808 5712
2809 6086
2810 4972
2811 5072
2812 5471
2813 5856
2814 5812
2815 6201
2816 6273
2817 5277
2818 5086
2819 6481
2820 5524
2821 5249
2822 5095
2823 5818
2824 4963
2825 4962
2826 5212
2827 6873
2828 6182
2829 7209
2830 5221
2831 6391
2832 5526
2833 5580
2834 5524
2835 5652
2836 5336
2837 7000
2838 5302
2839 4958
2840 5460
2841 5340
2842 5089
2843 5087
2844 5714
2845 5711
2846 6412
2847 5511
2848 5003
2849 5665
2850 5220
2851 5574
2852 5720
2853 7146
2854 5832
2855 6786
2856 4955
2857 5582
2858 5578
2859 4968
2860 5203
2861 5589
2862 5083
2863 5088
2864 5087
2865 4961
2866 5084
2867 5466
2868 6338
2869 6458
2870 5089
2871 5079
2872 5715
2873 5086
2874 6221
2875 5078
2876 5245
2877 5302
2878 5963
2879 5214
2880 5586
2881 5589
2882 5087
2883 6153
2884 5588
2885 5713
2886 5647
2887 -994542
2888 5333
2889 5651
2890 5911
2891 5877
2892 8035
2893 4953
2894 5340
2895 5335
2896 6212
2897 5469
2898 5449
2899 5221
2900 5348
2901 5070
2902 5447
2903 5590
2904 6148
2905 5899
2906 5713
2907 5478
2908 5442
2909 5349
2910 6572
2911 5342
2912 5339
2913 5455
2914 5481
2915 5319
2916 5087
2917 5083
2918 5339
2919 5736
2920 5439
2921 5838
2922 5712
2923 5092
2924 5588
2925 4961
2926 5274
2927 6215
2928 5909
2929 6203
2930 5089
2931 6030
2932 5276
2933 5463
2934 5213
2935 5213
2936 5093
2937 5208
2938 5091
2939 5352
2940 5571
2941 5466
2942 5460
2943 5464
2944 5587
2945 5088
2946 5846
2947 5954
2948 5214
2949 4962
2950 5340
2951 5084
2952 5964
2953 5589
2954 5778
2955 5288
2956 5073
2957 5462
2958 5838
2959 4950
2960 5213
2961 5343
2962 4961
2963 5588
2964 5222
2965 5324
2966 6593
2967 6459
2968 6087
2969 5587
2970 5211
2971 5090
2972 6214
2973 5460
2974 5272
2975 5655
2976 5339
2977 5963
2978 6523
2979 5278
2980 5343
2981 6356
2982 5695
2983 5708
2984 6588
2985 5331
2986 6406
2987 5523
2988 5211
2989 5089
2990 5662
2991 5141
2992 5080
2993 4962
2994 5586
2995 5532
2996 5273
2997 5212
2998 5339
2999 5837
3000 5340
3001 5458
3002 6715
3003 5462
3004 5337
3005 5339
3006 5213
3007 5879
3008 5174
3009 5529
3010 5268
3011 5618
3012 5178
3013 5219
3014 5082
3015 5468
3016 4953
3017 6218
3018 5707
3019 4957
3020 5338
3021 7154
3022 5149
3023 5579
3024 5342
3025 5081
3026 5217
3027 5079
3028 6380
3029 5566
3030 5441
3031 5584
3032 5090
3033 5209
3034 5910
3035 5266
3036 5159
3037 5264
3038 6157
3039 6530
3040 5704
3041 5719
3042 5956
3043 7212
3044 5339
3045 5234
3046 6576
3047 5201
3048 4964
3049 5211
3050 6840
3051 5087
3052 5090
3053 5357
3054 5691
3055 5258
3056 6191
3057 7065
3058 5340
3059 5336
3060 6090
3061 5461
3062 5715
3063 5461
3064 5088
3065 5464
3066 -994227
3067 5435
3068 5558
3069 5462
3070 5088
3071 5469
3072 5958
3073 5958
3074 6341
3075 7988
3076 5187
3077 5339
3078 5338
3079 5354
3080 5320
3081 5080
3082 5090
3083 5334
3084 4997
3085 5424
3086 5965
3087 5340
3088 5834
3089 5784
3090 5764
3091 4962
3092 5462
3093 6808
3094 5241
3095 4962
3096 5339
3097 5338
3098 5468
3099 5458
3100 5588
3101 5087
3102 6339
3103 5338
3104 5464
3105 5468
3106 5335
3107 4968
3108 5268
3109 5774
3110 5248
3111 6303
3112 6338
3113 5500
3114 5551
3115 5465
3116 4962
3117 5092
3118 5769
3119 5904
3120 5092
3121 5959
3122 5841
3123 5961
3124 5088
3125 5090
3126 4960
3127 5712
3128 5463
3129 6089
3130 5847
3131 5206
3132 4960
3133 4999
3134 5048
3135 5719
3136 5136
3137 5037
3138 5080
3139 5093
3140 5078
3141 5345
3142 6208
3143 5091
3144 4954
3145 5849
3146 5447
3147 5716
3148 5834
3149 6967
3150 4960
3151 5588
3152 5467
3153 5833
3154 5462
3155 5589
3156 5590
3157 5342
3158 4959
3159 5781
3160 5645
3161 5218
3162 4959
3163 5345
3164 5771
3165 5270
3166 5213
3167 5154
3168 8772
3169 5264
3170 5292
3171 5500
3172 5679
3173 5310
3174 5468
3175 5350
3176 5101
3177 5305
3178 5847
3179 5573
3180 5196
3181 5332
3182 5981
3183 5866
3184 5588
3185 5588
3186 6772
3187 5294
3188 5052
3189 5174
3190 5662
3191 5912
3192 5578
3193 5004
3194 5083
3195 5919
3196 5473
3197 5326
3198 5149
3199 5216
3200 5329
3201 5872
3202 5307
3203 5424
3204 6581
3205 4958
3206 5206
3207 6007
3208 5851
3209 5649
3210 5080
3211 5961
3212 5705
3213 5447
3214 5207
3215 5323
3216 5707
3217 5666
3218 5494
3219 6208
3220 5081
3221 5206
3222 6330
3223 5835
3224 5329
3225 5330
3226 4956
3227 6279
3228 5007
3229 5079
3230 5215
3231 5199
3232 5519
3233 6042
3234 5552
3235 5713
3236 5578
3237 5581
3238 4988
3239 6739
3240 7642
3241 5458
3242 5832
3243 5333
3244 5202
3245 -993855
3246 5770
3247 5581
3248 5082
3249 5079
3250 5096
3251 5187
3252 5099
3253 6125
3254 5147
3255 5327
3256 5950
3257 5947
3258 5590
3259 7697
3260 5074
3261 5581
3262 5626
3263 6285
3264 5690
3265 5584
3266 5580
3267 5743
3268 6112
3269 5264
3270 5693
3271 5207
3272 5989
3273 5416
3274 5071
3275 5628
3276 5238
3277 6137
3278 5307
3279 5225
3280 5636
3281 5491
3282 5441
3283 5459
3284 4938
3285 5316
3286 5597
3287 5446
3288 5448
3289 4955
3290 7678
3291 5528
3292 5466
3293 5423
3294 8166
3295 5607
3296 6328
3297 4945
3298 5592
3299 5042
3300 4943
3301 5183
3302 5199
3303 5795
3304 6082
3305 5294
3306 5831
3307 6839
3308 5085
3309 5367
3310 5021
3311 5951
3312 5345
3313 7031
3314 4921
3315 6325
3316 4957
3317 5895
3318 5443
3319 5781
3320 4932
3321 5487
3322 6607
3323 5223
3324 5265
3325 5398
3326 5575
3327 6050
3328 6590
3329 5568
3330 6496
3331 5991
3332 6169
3333 5391
3334 5802
3335 5676
3336 5187
3337 4935
3338 5625
3339 5937
3340 5228
3341 5657
3342 5204
3343 5785
3344 6426
3345 5441
3346 5316
3347 5065
3348 8583
3349 5166
3350 5318
3351 5099
3352 5268
3353 5852
3354 5716
3355 5368
3356 4939
3357 5440
3358 5581
3359 5057
3360 5052
3361 5891
3362 5264
3363 5563
3364 5585
3365 5967
3366 6633
3367 5867
3368 5514
3369 5202
3370 5327
3371 5329
3372 5086
3373 5455
3374 5746
3375 5271
3376 5787
3377 5544
3378 5283
3379 5000
3380 5331
3381 5723
3382 5952
3383 5705
3384 5431
3385 6330
3386 5076
3387 5582
3388 5251
3389 5282
3390 4958
3391 5077
3392 5083
3393 5582
3394 5325
3395 5982
3396 5175
3397 4963
3398 4941
3399 5226
3400 5306
3401 4953
3402 5205
3403 5081
3404 6328
3405 5478
3406 5304
3407 5580
3408 5333
3409 5703
3410 5079
3411 5461
3412 4941
3413 5456
3414 5230
3415 5676
3416 5732
3417 6049
3418 5086
3419 5692
3420 5149
3421 6131
3422 -993675
3423 5830
3424 6248
3425 6465
3426 5759
3427 6207
3428 5265
3429 5882
3430 4963
3431 5067
3432 5587
3433 5319
3434 5336
3435 5442
3436 5206
3437 5072
3438 5337
3439 5192
3440 5122
3441 6920
3442 5241
3443 5398
3444 5080
3445 5179
3446 5099
3447 5582
3448 4946
3449 4964
3450 5442
3451 5081
3452 6357
3453 5301
3454 5077
3455 6212
3456 5572
3457 6078
3458 5895
3459 6792
3460 6364
3461 5261
3462 5328
3463 5332
3464 6089
3465 5077
3466 5061
3467 5453
3468 5853
3469 5430
3470 5836
3471 5265
3472 6395
3473 5638
3474 5389
3475 5080
3476 5202
3477 6268
3478 5704
3479 5392
3480 5437
3481 5079
3482 5223
3483 5186
3484 5100
3485 5433
3486 5590
3487 5325
3488 5322
3489 4962
3490 5073
3491 5203
3492 5329
3493 5083
3494 5451
3495 5583
3496 6076
3497 5880
3498 5155
3499 4954
3500 5706
3501 5212
3502 5627
3503 5765
3504 5581
3505 5489
3506 5292
3507 5331
3508 5081
3509 5577
3510 5080
3511 5366
3512 5292
3513 5257
3514 5406
3515 6393
3516 5133
3517 5221
3518 5809
3519 5467
3520 5438
3521 4835
3522 5069
3523 5951
3524 5075
3525 5456
3526 5078
3527 5150
3528 5267
3529 5454
3530 5085
3531 5336
3532 5330
3533 6138
3534 6018
3535 5698
3536 5081
3537 5084
3538 5835
3539 5078
3540 5081
3541 5084
3542 5705
3543 4957
3544 5084
3545 5103
3546 5935
3547 5458
3548 5080
3549 5400
3550 5911
3551 5307
3552 6593
3553 5695
3554 5330
3555 5333
3556 5088
3557 5569
3558 5584
3559 4956
3560 5207
3561 5085
3562 5329
3563 5230
3564 5560
3565 5833
3566 5207
3567 5459
3568 5519
3569 5637
3570 5332
3571 6340
3572 5700
3573 5333
3574 6031
3575 5753
3576 5457
3577 5832
3578 5847
3579 5194
3580 5334
3581 5207
3582 5457
3583 6337
3584 5576
3585 5709
3586 5082
3587 5083
3588 5456
3589 6331
3590 5084
3591 5704
3592 5215
3593 4945
3594 5083
3595 5593
3596 5571
3597 4958
3598 5702
3599 5708
3600 5333
3601 5207
3602 5080
3603 5208
3604 -994918
3605 5082
3606 5211
3607 5330
3608 7357
3609 5054
3610 5859
3611 6119
3612 5772
3613 5444
3614 5591
3615 5819
3616 6211
3617 5479
3618 5547
3619 5750
3620 5293
3621 5454
3622 5121
3623 5278
3624 5203
3625 4956
3626 8586
3627 5818
3628 5090
3629 6194
3630 5705
3631 5843
3632 5696
3633 4952
3634 5718
3635 5694
3636 5879
3637 5406
3638 4933
3639 5334
3640 5325
3641 5586
3642 5450
3643 5711
3644 6512
3645 6171
3646 5683
3647 5446
3648 5464
3649 5327
3650 5334
3651 5518
3652 5018
3653 4951
3654 5584
3655 5956
3656 5326
3657 5334
3658 6451
3659 5955
3660 5200
3661 4962
3662 6870
3663 6084
3664 5159
3665 5072
3666 5212
3667 5471
3668 4940
3669 5076
3670 5830
3671 5073
3672 5456
3673 5451
3674 5351
3675 6059
3676 6081
3677 5332
3678 4959
3679 5831
3680 5081
3681 6462
3682 5455
3683 6399
3684 5384
3685 5901
3686 5514
3687 5209
3688 5841
3689 4944
3690 5084
3691 5085
3692 5578
3693 5522
3694 5892
3695 5082
3696 4957
3697 5462
3698 5703
3699 6857
3700 5933
3701 6326
3702 5833
3703 6076
3704 5583
3705 5083
3706 6151
3707 5389
3708 5839
3709 5320
3710 4961
3711 5334
3712 5317
3713 5474
3714 5563
3715 5457
3716 5207
3717 6463
3718 5200
3719 5829
3720 5704
3721 4958
3722 5084
3723 5709
3724 5084
3725 5707
3726 5080
3727 5082
3728 5457
3729 5457
3730 5333
3731 5581
3732 6404
3733 6252
3734 5832
3735 6471
3736 5710
3737 5183
3738 5100
3739 5188
3740 4958
3741 5082
3742 5209
3743 5207
3744 5208
3745 5086
3746 5120
3747 5477
3748 5884
3749 5329
3750 5197
3751 5583
3752 5316
3753 5489
3754 6421
3755 5058
3756 5464
3757 4940
3758 5092
3759 5433
3760 5565
3761 6172
3762 5587
3763 5052
3764 5088
3765 5301
3766 5085
3767 5196
3768 5696
3769 5082
3770 5636
3771 5510
3772 5611
3773 7036
3774 5854
3775 5049
3776 5373
3777 5861
3778 5344
3779 5418
3780 5070
3781 5073
3782 5087
3783 -994930
3784 5829
3785 5222
3786 5311
3787 5330
3788 5376
3789 6036
3790 5450
3791 5190
3792 6480
3793 5306
3794 5202
3795 5522
3796 6578
3797 5653
3798 6311
3799 5333
3800 5327
3801 5185
3802 5100
3803 4953
3804 5604
3805 5553
3806 5334
3807 5824
3808 5216
3809 4940
3810 6578
3811 5083
3812 5647
3813 5393
3814 5073
3815 5330
3816 4956
3817 5578
3818 5963
3819 5504
3820 5639
3821 6454
3822 6231
3823 6056
3824 6021
3825 5887
3826 6082
3827 5822
3828 7007
3829 5281
3830 5705
3831 5453
3832 5954
3833 5084
3834 5575
3835 4963
3836 5329
3837 5073
3838 5198
3839 5816
3840 5325
3841 5454
3842 5706
3843 5329
3844 5459
3845 5073
3846 6204
3847 5456
3848 5204
3849 5355
3850 5056
3851 5080
3852 5452
3853 5369
3854 5170
3855 5315
3856 5856
3857 5307
3858 6076
3859 6016
3860 5412
3861 5309
3862 5084
3863 5481
3864 5168
3865 5954
3866 5328
3867 5326
3868 5089
3869 5816
3870 4962
3871 5066
3872 4968
3873 5585
3874 5566
3875 5442
3876 5832
3877 5463
3878 5757
3879 5384
3880 5461
3881 5066
3882 5849
3883 6767
3884 5243
3885 5079
3886 5602
3887 5184
3888 5508
3889 5774
3890 5833
3891 5067
3892 5596
3893 5879
3894 6141
3895 5974
3896 5181
3897 5955
3898 5087
3899 4941
3900 5208
3901 5327
3902 6456
3903 5453
3904 5080
3905 5708
3906 5456
3907 5345
3908 5060
3909 5449
3910 6020
3911 5387
3912 5578
3913 5332
3914 5704
3915 5458
3916 5329
3917 5266
3918 5452
3919 5387
3920 6830
3921 5330
3922 5452
3923 5207
3924 5206
3925 5084
3926 5849
3927 5427
3928 5076
3929 5081
3930 5583
3931 5077
3932 5579
3933 5457
3934 5497
3935 5787
3936 5068
3937 5455
3938 4956
3939 6831
3940 5207
3941 5328
3942 5705
3943 5331
3944 5717
3945 5313
3946 5775
3947 5509
3948 5082
3949 5080
3950 5955
3951 5208
3952 5828
3953 5698
3954 5703
3955 5956
3956 6207
3957 6327
3958 6220
3959 5441
3960 5455
3961 4954
3962 5207
3963 -994430
3964 5651
3965 6782
3966 5556
3967 5459
3968 5531
3969 5500
3970 5285
3971 5880
3972 5325
3973 5704
3974 5705
3975 5956
3976 5061
3977 5097
3978 4962
3979 5832
3980 5067
3981 5809
3982 5596
3983 5721
3984 5564
3985 6270
3986 5620
3987 5079
3988 6328
3989 5078
3990 5103
3991 5446
3992 5190
3993 4956
3994 7329
3995 5084
3996 4956
3997 5714
3998 5463
3999 5309
4000 5081
4001 5711
4002 6022
4003 5799
4004 5861
4005 6151
4006 5190
4007 5707
4008 5895
4009 5643
4010 6139
4011 6618
4012 5231
4013 5451
4014 5080
4015 4962
4016 5320
4017 5206
4018 4956
4019 4953
4020 5086
4021 6693
4022 5084
4023 5602
4024 5557
4025 5080
4026 6081
4027 5207
4028 7650
4029 14265
4030 6326
4031 8781
4032 8577
4033 5876
4034 7509
4035 6214
4036 5812
4037 5271
4038 5080
4039 5705
4040 5832
4041 5706
4042 5646
4043 5641
4044 5080
4045 6459
4046 5204
4047 6140
4048 5275
4049 5568
4050 5084
4051 6768
4052 5140
4053 6020
4054 5825
4055 5273
4056 5331
4057 5740
4058 6047
4059 5480
4060 5680
4061 5830
4062 5705
4063 6207
4064 5078
4065 5329
4066 6134
4067 5255
4068 5579
4069 5457
4070 5077
4071 6388
4072 5623
4073 4942
4074 6492
4075 5181
4076 5333
4077 5330
4078 6205
4079 5081
4080 5582
4081 6579
4082 5457
4083 5594
4084 5189
4085 5229
4086 6057
4087 6769
4088 5642
4089 5727
4090 5687
4091 5898
4092 5197
4093 5832
4094 5674
4095 5304
4096 5080
4097 4956
4098 5090
4099 6328
4100 4943
4101 5104
4102 6764
4103 6148
4104 5275
4105 7505
4106 5670
4107 5767
4108 6202
4109 5055
4110 5178
4111 5140
4112 5592
4113 5696
4114 5521
4115 5164
4116 5306
4117 6086
4118 5510
4119 5216
4120 5491
4121 5068
4122 5109
4123 5764
4124 5353
4125 5716
4126 5717
4127 5730
4128 5815
4129 5279
4130 5082
4131 5899
4132 5487
4133 6130
4134 5506
4135 6503
4136 -994506
4137 5062
4138 5884
4139 6106
4140 5046
4141 6334
4142 5254
4143 5205
4144 5713
4145 5446
4146 6592
4147 5687
4148 6389
4149 6003
4150 5694
4151 5295
4152 6604
4153 5582
4154 6207
4155 5060
4156 5234
4157 5324
4158 5071
4159 5300
4160 5940
4161 5489
4162 5663
4163 5834
4164 5204
4165 5331
4166 6274
4167 5879
4168 6638
4169 5198
4170 6162
4171 6080
4172 5810
4173 5204
4174 5705
4175 5079
4176 5724
4177 5247
4178 5516
4179 5333
4180 5201
4181 5579
4182 5078
4183 5456
4184 5644
4185 5157
4186 5429
4187 6115
4188 5786
4189 5949
4190 6528
4191 5371
4192 5360
4193 5079
4194 5997
4195 5286
4196 5727
4197 5065
4198 4944
4199 5366
4200 5676
4201 5188
4202 5954
4203 5219
4204 5059
4205 5145
4206 5268
4207 6077
4208 5460
4209 5447
4210 5268
4211 5645
4212 6079
4213 5833
4214 5981
4215 5180
4216 5324
4217 5077
4218 5712
4219 5450
4220 5953
4221 4954
4222 4955
4223 5009
4224 5532
4225 5572
4226 6580
4227 4955
4228 6025
4229 5436
4230 5279
4231 5327
4232 5333
4233 5087
4234 5064
4235 5332
4236 5954
4237 5955
4238 5589
4239 5079
4240 5869
4241 5400
4242 5819
4243 5518
4244 6412
4245 5938
4246 5576
4247 5200
4248 5330
4249 6277
4250 5135
4251 5328
4252 5075
4253 5452
4254 5475
4255 5686
4256 5704
4257 4952
4258 5080
4259 5078
4260 5079
4261 5331
4262 5578
4263 6079
4264 5207
4265 5081
4266 5075
4267 6371
4268 5176
4269 5820
4270 5340
4271 5056
4272 5578
4273 5163
4274 6147
4275 5677
4276 5080
4277 5207
4278 5578
4279 5207
4280 5452
4281 5713
4282 5729
4283 5419
4284 5703
4285 5833
4286 5079
4287 5080
4288 5828
4289 5951
4290 5584
4291 5323
4292 6083
4293 5330
4294 5451
4295 6020
4296 5394
4297 6075
4298 5707
4299 6326
4300 5079
4301 5580
4302 5205
4303 5141
4304 5393
4305 5904
4306 5816
4307 5141
4308 5076
4309 5454
4310 5957
4311 5327
4312 5200
4313 5086
4314 5318
4315 -995046
4316 5391
4317 5898
4318 6893
4319 5646
4320 5315
4321 5395
4322 5389
4323 5714
4324 5691
4325 5080
4326 5704
4327 5206
4328 5720
4329 5321
4330 5057
4331 6145
4332 5264
4333 4964
4334 5628
4335 6270
4336 6591
4337 5318
4338 5198
4339 5262
4340 6091
4341 5396
4342 5570
4343 5732
4344 5691
4345 5427
4346 5779
4347 5251
4348 5080
4349 5466
4350 5072
4351 5273
4352 5135
4353 5078
4354 4958
4355 6965
4356 5066
4357 5078
4358 5087
4359 4949
4360 5081
4361 5200
4362 5327
4363 4955
4364 4953
4365 5210
4366 5320
4367 5901
4368 5134
4369 6207
4370 5330
4371 5739
4372 5233
4373 5767
4374 6315
4375 5564
4376 5938
4377 5886
4378 5662
4379 5722
4380 6088
4381 5212
4382 5846
4383 5762
4384 5402
4385 5213
4386 5736
4387 5694
4388 5218
4389 5090
4390 5081
4391 5847
4392 6576
4393 4962
4394 5605
4395 5447
4396 5716
4397 5838
4398 5210
4399 5838
4400 5714
4401 4964
4402 5611
4403 5689
4404 5340
4405 5085
4406 6282
4407 5270
4408 5588
4409 5841
4410 6892
4411 5404
4412 5215
4413 4995
4414 5540
4415 5088
4416 5461
4417 6143
4418 5921
4419 5200
4420 5073
4421 5346
4422 9455
4423 5321
4424 6340
4425 5087
4426 6337
4427 6845
4428 5956
4429 5215
4430 5127
4431 5173
4432 5141
4433 5278
4434 5838
4435 6339
4436 5211
4437 5468
4438 5518
4439 5407
4440 5274
4441 5275
4442 5585
4443 5089
4444 5086
4445 5334
4446 5838
4447 5249
4448 5036
4449 5595
4450 5837
4451 5215
4452 6237
4453 5555
4454 5213
4455 4961
4456 5713
4457 5095
4458 4952
4459 5386
4460 5293
4461 5115
4462 5445
4463 5207
4464 5439
4465 6457
4466 6068
4467 5475
4468 5340
4469 5298
4470 5576
4471 5849
4472 5308
4473 5132
4474 5427
4475 5094
4476 6330
4477 5446
4478 5081
4479 5227
4480 6268
4481 5532
4482 5809
4483 6463
4484 5448
4485 4890
4486 5431
4487 5055
4488 5078
4489 4963
4490 6008
4491 6246
4492 5166
4493 5329
4494 -993766
4495 5716
4496 6503
4497 5392
4498 5261
4499 5916
4500 4901
4501 6987
4502 5261
4503 5326
4504 5926
4505 5316
4506 5438
4507 4817
4508 4938
4509 5066
4510 6363
4511 5269
4512 6074
4513 5555
4514 5065
4515 5191
4516 5239
4517 5440
4518 5526
4519 5107
4520 7442
4521 5787
4522 5628
4523 5905
4524 5974
4525 5380
4526 4936
4527 5693
4528 5187
4529 5872
4530 6392
4531 4934
4532 5074
4533 5585
4534 5298
4535 6060
4536 5067
4537 5188
4538 6448
4539 5049
4540 5889
4541 6253
4542 5056
4543 5700
4544 5372
4545 6532
4546 5171
4547 6116
4548 5471
4549 5163
4550 5686
4551 6212
4552 5309
4553 5353
4554 5331
4555 5193
4556 6747
4557 5755
4558 5287
4559 5240
4560 5815
4561 4821
4562 7050
4563 5650
4564 5351
4565 5802
4566 5438
4567 5455
4568 5624
4569 5566
4570 5615
4571 5350
4572 5224
4573 6964
4574 5679
4575 5436
4576 5452
4577 5389
4578 5584
4579 5287
4580 5311
4581 5189
4582 5343
4583 5308
4584 5286
4585 5188
4586 5166
4587 5365
4588 6114
4589 5581
4590 5447
4591 6974
4592 5157
4593 5803
4594 5627
4595 5289
4596 5438
4597 5813
4598 5825
4599 5426
4600 5303
4601 5737
4602 5027
4603 6448
4604 5105
4605 5263
4606 5571
4607 5799
4608 5577
4609 6695
4610 5170
4611 4939
4612 5565
4613 5061
4614 6019
4615 6282
4616 5383
4617 5075
4618 5052
4619 4949
4620 5675
4621 5488
4622 5266
4623 4952
4624 5430
4625 5389
4626 5675
4627 5132
4628 6472
4629 5284
4630 5962
4631 5230
4632 5996
4633 5755
4634 5117
4635 5080
4636 5291
4637 5436
4638 5692
4639 6386
4640 5881
4641 5691
4642 5268
4643 4943
4644 5568
4645 5067
4646 6061
4647 5631
4648 5516
4649 5298
4650 5757
4651 5489
4652 5385
4653 5694
4654 5502
4655 6176
4656 5187
4657 5599
4658 5293
4659 5086
4660 5404
4661 5941
4662 4940
4663 5630
4664 7601
4665 5530
4666 5695
4667 5112
4668 5743
4669 5889
4670 5566
4671 -993784
4672 5033
4673 5321
4674 5943
4675 5584
4676 5303
4677 5321
4678 6390
4679 5880
4680 5195
4681 5196
4682 6463
4683 5182
4684 5278
4685 5239
4686 5442
4687 5321
4688 5694
4689 4957
4690 5435
4691 4949
4692 5453
4693 5193
4694 4977
4695 5024
4696 5572
4697 5327
4698 5062
4699 5216
4700 5361
4701 6747
4702 5443
4703 5421
4704 5823
4705 5450
4706 5064
4707 5218
4708 6117
4709 5004
4710 5073
4711 5072
4712 5321
4713 6076
4714 5070
4715 4951
4716 5689
4717 4946
4718 6640
4719 5779
4720 6181
4721 5563
4722 6133
4723 5088
4724 5076
4725 5508
4726 5837
4727 5933
4728 5885
4729 5822
4730 5936
4731 5325
4732 5085
4733 5057
4734 6192
4735 5326
4736 5444
4737 5071
4738 8599
4739 5298
4740 8144
4741 5253
4742 5571
4743 5200
4744 5072
4745 5449
4746 5134
4747 5636
4748 4946
4749 6018
4750 5001
4751 6023
4752 5411
4753 5292
4754 5569
4755 5656
4756 7174
4757 5514
4758 5694
4759 5204
4760 5327
4761 5073
4762 5307
4763 5396
4764 5786
4765 5669
4766 5194
4767 5269
4768 5140
4769 5833
4770 5818
4771 5051
4772 5194
4773 5711
4774 6060
4775 5062
4776 5330
4777 5438
4778 5454
4779 5438
4780 5275
4781 5687
4782 6904
4783 5061
4784 6179
4785 5955
4786 5436
4787 5450
4788 5077
4789 5064
4790 5319
4791 5337
4792 6311
4793 5319
4794 5075
4795 5683
4796 5333
4797 5062
4798 5581
4799 4940
4800 5958
4801 5185
4802 5763
4803 6319
4804 5752
4805 5223
4806 5427
4807 5689
4808 5316
4809 5829
4810 5187
4811 6326
4812 5342
4813 5051
4814 5817
4815 5888
4816 5881
4817 5065
4818 5079
4819 5814
4820 5578
4821 5062
4822 6100
4823 5420
4824 5731
4825 5410
4826 5567
4827 4957
4828 4936
4829 6383
4830 5263
4831 5322
4832 5074
4833 5702
4834 5071
4835 5826
4836 5328
4837 5071
4838 5697
4839 5199
4840 5110
4841 5661
4842 5577
4843 5068
4844 5132
4845 5845
4846 5990
4847 5445
4848 6572
4849 6126
4850 -993986
4851 5816
4852 5871
4853 5410
4854 6505
4855 5257
4856 5077
4857 6601
4858 5605
4859 6219
4860 5356
4861 5774
4862 5455
4863 7097
4864 5888
4865 6337
4866 8661
4867 6143
4868 5206
4869 5713
4870 5473
4871 5958
4872 5830
4873 5588
4874 5711
4875 5084
4876 5592
4877 6334
4878 4961
4879 5068
4880 5106
4881 5213
4882 7312
4883 5738
4884 6458
4885 5468
4886 5332
4887 5089
4888 5867
4889 22865
4890 5770
4891 5061
4892 6437
4893 5066
4894 5873
4895 6252
4896 6145
4897 5360
4898 5691
4899 5317
4900 6063
4901 5068
4902 5334
4903 5203
4904 5454
4905 5507
4906 5697
4907 5658
4908 7731
4909 5156
4910 6158
4911 5477
4912 5093
4913 5021
4914 5066
4915 5649
4916 6885
4917 5709
4918 5329
4919 5581
4920 5080
4921 5477
4922 5670
4923 5985
4924 5509
4925 5209
4926 4929
4927 5024
4928 6109
4929 4931
4930 5072
4931 4948
4932 5079
4933 5609
4934 5171
4935 5446
4936 4970
4937 5822
4938 5488
4939 5200
4940 5313
4941 5326
4942 5571
4943 5089
4944 5070
4945 5656
4946 5886
4947 6844
4948 6633
4949 5944
4950 5144
4951 5321
4952 5595
4953 6066
4954 4956
4955 6959
4956 6578
4957 5326
4958 5322
4959 5331
4960 5855
4961 5437
4962 5258
4963 6915
4964 6589
4965 5810
4966 5459
4967 5331
4968 4956
4969 5582
4970 5332
4971 5333
4972 5331
4973 5082
4974 5650
4975 5648
4976 5691
4977 6343
4978 5447
4979 5458
4980 4949
4981 6088
4982 5379
4983 6402
4984 5078
4985 5820
4986 5656
4987 6008
4988 5708
4989 5852
4990 5681
4991 5109
4992 5386
4993 5621
4994 6106
4995 5871
4996 5271
4997 5078
4998 5459
4999 5339
5000 6082
5001 6708
5002 5810
5003 5582
5004 5334
5005 5330
5006 5085
5007 5703
5008 5609
5009 5269
5010 6374
5011 5420
5012 4962
5013 5266
5014 6034
5015 4963
5016 5505
5017 6617
5018 5954
5019 6594
5020 5669
5021 5939
5022 -994090
5023 5519
5024 5085
5025 5210
5026 5846
5027 5469
5028 5886
5029 5400
5030 5649
5031 5158
5032 5492
5033 5174
5034 4966
5035 5465
5036 5079
5037 6352
5038 5466
5039 5431
5040 5748
5041 5542
5042 5964
5043 5330
5044 5087
5045 5094
5046 4963
5047 5513
5048 5400
5049 6023
5050 5401
5051 5083
5052 5123
5053 5464
5054 5803
5055 5456
5056 6963
5057 5463
5058 5088
5059 5337
5060 5714
5061 5088
5062 5336
5063 5094
5064 5965
5065 5200
5066 5343
5067 5703
5068 5339
5069 5086
5070 5342
5071 7156
5072 5143
5073 5738
5074 6432
5075 5091
5076 4960
5077 6213
5078 5651
5079 5400
5080 5344
5081 5456
5082 5084
5083 5339
5084 6359
5085 5943
5086 5337
5087 5837
5088 5471
5089 5215
5090 4961
5091 5215
5092 6335
5093 5323
5094 4957
5095 6586
5096 5577
5097 5213
5098 5079
5099 5397
5100 6287
5101 7221
5102 5228
5103 6170
5104 5069
5105 5738
5106 6335
5107 5511
5108 6300
5109 4868
5110 6027
5111 5865
5112 5209
5113 5279
5114 6175
5115 6614
5116 6277
5117 5562
5118 5515
5119 6016
5120 5291
5121 5079
5122 5096
5123 5047
5124 5909
5125 5869
5126 5366
5127 5155
5128 7053
5129 5423
5130 5318
5131 5560
5132 5315
5133 5574
5134 4926
5135 4938
5136 5442
5137 5312
5138 6122
5139 5260
5140 6437
5141 5699
5142 5495
5143 5619
5144 6232
5145 6551
5146 6547
5147 5312
5148 5316
5149 5564
5150 5708
5151 5043
5152 5900
5153 5715
5154 5565
5155 5315
5156 4938
5157 4946
5158 5313
5159 5190
5160 5684
5161 6584
5162 5543
5163 5191
5164 6114
5165 6006
5166 5052
5167 5244
5168 5561
5169 5138
5170 5470
5171 5263
5172 5539
5173 5543
5174 5111
5175 5399
5176 5190
5177 5238
5178 5663
5179 4913
5180 5692
5181 5453
5182 5189
5183 6942
5184 5314
5185 5945
5186 5588
5187 5290
5188 5067
5189 5065
5190 5767
5191 5482
5192 5127
5193 6109
5194 5694
5195 5402
5196 5206
5197 5222
5198 5235
5199 5315
5200 5065
5201 -993794
5202 5090
5203 5649
5204 5434
5205 5080
5206 5109
5207 5105
5208 4957
5209 6172
5210 5231
5211 5896
5212 5440
5213 5068
5214 6360
5215 5543
5216 5176
5217 5639
5218 5437
5219 5235
5220 6726
5221 5462
5222 5545
5223 5415
5224 5088
5225 6092
5226 5707
5227 5238
5228 5210
5229 5794
5230 5470
5231 5448
5232 5198
5233 5813
5234 5079
5235 5694
5236 6823
5237 5079
5238 5940
5239 5705
5240 5189
5241 5580
5242 5443
5243 6006
5244 5266
5245 5089
5246 5563
5247 5451
5248 7070
5249 5563
5250 5076
5251 6568
5252 5708
5253 5076
5254 5438
5255 5258
5256 6391
5257 6073
5258 5677
5259 5364
5260 5151
5261 4830
5262 4943
5263 5457
5264 5103
5265 5830
5266 5682
5267 4945
5268 5458
5269 5949
5270 5868
5271 5251
5272 5705
5273 5838
5274 5934
5275 5331
5276 5073
5277 5070
5278 5524
5279 5502
5280 5314
5281 6113
5282 5532
5283 5611
5284 5109
5285 5634
5286 5814
5287 5341
5288 5616
5289 5509
5290 5756
5291 5521
5292 6588
5293 6260
5294 5376
5295 4951
5296 5197
5297 5451
5298 5329
5299 4956
5300 5068
5301 5459
5302 5335
5303 5063
5304 5841
5305 5313
5306 5064
5307 5333
5308 5574
5309 5574
5310 5955
5311 6826
5312 5451
5313 5700
5314 6079
5315 5974
5316 5305
5317 5704
5318 5079
5319 5473
5320 5887
5321 5127
5322 5691
5323 5076
5324 6077
5325 5080
5326 5082
5327 5451
5328 5895
5329 6384
5330 5601
5331 5423
5332 5328
5333 4949
5334 5454
5335 5895
5336 5412
5337 5871
5338 5412
5339 5061
5340 5692
5341 5478
5342 5177
5343 5583
5344 5195
5345 6151
5346 5253
5347 5324
5348 6088
5349 6132
5350 5386
5351 5622
5352 5156
5353 5512
5354 5892
5355 5964
5356 5578
5357 6007
5358 6074
5359 5382
5360 5567
5361 4958
5362 5693
5363 5085
5364 5071
5365 5205
5366 6449
5367 5069
5368 5321
5369 5096
5370 5612
5371 5505
5372 4980
5373 4919
5374 4949
5375 5069
5376 5826
5377 5829
5378 6067
5379 -993994
5380 5274
5381 5078
5382 5331
5383 5446
5384 6421
5385 5860
5386 5822
5387 5769
5388 5512
5389 5268
5390 5513
5391 5329
5392 5866
5393 5039
5394 5384
5395 5524
5396 5060
5397 5451
5398 5947
5399 5320
5400 5593
5401 5219
5402 6115
5403 6010
5404 5081
5405 4938
5406 5080
5407 5573
5408 5079
5409 5331
5410 5256
5411 6277
5412 5324
5413 6584
5414 5202
5415 5396
5416 5910
5417 5059
5418 5472
5419 5435
5420 5203
5421 6448
5422 5203
5423 5205
5424 4954
5425 5204
5426 5204
5427 5581
5428 5724
5429 5429
5430 5639
5431 5885
5432 5340
5433 4965
5434 6770
5435 6021
5436 4998
5437 5052
5438 6077
5439 5216
5440 5962
5441 5523
5442 5846
5443 5269
5444 5084
5445 5085
5446 5353
5447 5447
5448 4958
5449 5993
5450 5086
5451 5681
5452 5324
5453 5338
5454 5345
5455 5706
5456 5899
5457 5772
5458 6590
5459 5091
5460 5597
5461 5607
5462 5824
5463 5553
5464 5689
5465 5586
5466 5311
5467 5541
5468 5870
5469 5389
5470 5366
5471 6090
5472 5284
5473 5448
5474 5796
5475 5376
5476 6581
5477 5619
5478 5396
5479 4905
5480 6018
5481 5656
5482 5073
5483 5851
5484 5834
5485 5089
5486 5189
5487 5431
5488 5205
5489 5113
5490 5217
5491 6038
5492 4961
5493 5957
5494 6957
5495 5708
5496 5082
5497 5458
5498 5247
5499 5916
5500 5086
5501 5344
5502 5564
5503 5750
5504 5412
5505 5483
5506 5434
5507 5211
5508 5072
5509 5332
5510 5459
5511 5206
5512 5617
5513 5816
5514 5316
5515 5477
5516 5686
5517 5083
5518 5464
5519 5821
5520 5338
5521 5828
5522 5331
5523 5336
5524 5081
5525 5457
5526 6034
5527 5125
5528 5340
5529 5825
5530 6833
5531 6997
5532 5791
5533 5583
5534 5489
5535 5414
5536 5529
5537 5256
5538 5334
5539 5088
5540 5820
5541 5708
5542 6025
5543 5142
5544 5071
5545 5707
5546 5082
5547 5349
5548 5622
5549 4893
5550 6713
5551 5594
5552 5746
5553 5394
5554 5209
5555 5578
5556 5497
5557 5918
5558 5446
5559 -995043
5560 6457
5561 5214
5562 5200
5563 5644
5564 5930
5565 6381
5566 5918
5567 6705
5568 6476
5569 7299
5570 5259
5571 5251
5572 6158
5573 5588
5574 5185
5575 5419
5576 5787
5577 5283
5578 6017
5579 5303
5580 6190
5581 5526
5582 6194
5583 5347
5584 4945
5585 6226
5586 6152
5587 5160
5588 6238
5589 5779
5590 5874
5591 5578
5592 5627
5593 4871
5594 5933
5595 4936
5596 5065
5597 5203
5598 5101
5599 5138
5600 6066
5601 6812
5602 5571
5603 6939
5604 5995
5605 5649
5606 5961
5607 5406
5608 5736
5609 5508
5610 5317
5611 6189
5612 23328
5613 5632
5614 5317
5615 4952
5616 6030
5617 5878
5618 5768
5619 5512
5620 6156
5621 5646
5622 5427
5623 5469
5624 5063
5625 5076
5626 5456
5627 5578
5628 5286
5629 5877
5630 6758
5631 5632
5632 5651
5633 7324
5634 7068
5635 5272
5636 5250
5637 5431
5638 5243
5639 6343
5640 7380
5641 5856
5642 5276
5643 5134
5644 5043
5645 5287
5646 5173
5647 5582
5648 6708
5649 5840
5650 5695
5651 5331
5652 6132
5653 5284
5654 5330
5655 5335
5656 5705
5657 5776
5658 5788
5659 6080
5660 5961
5661 7582
5662 6638
5663 5773
5664 5079
5665 6457
5666 6480
5667 5429
5668 6464
5669 6078
5670 5336
5671 5760
5672 5651
5673 6287
5674 5878
5675 5208
5676 5273
5677 5391
5678 5206
5679 5081
5680 5085
5681 6266
5682 5272
5683 6326
5684 4961
5685 5767
5686 5522
5687 5081
5688 5499
5689 5286
5690 6329
5691 5456
5692 5609
5693 5756
5694 5384
5695 5456
5696 5960
5697 5716
5698 5068
5699 5201
5700 6082
5701 7332
5702 5858
5703 5181
5704 5331
5705 5332
5706 4957
5707 5083
5708 5234
5709 5679
5710 5325
5711 5210
5712 5142
5713 5797
5714 5559
5715 5212
5716 5452
5717 5076
5718 5082
5719 5477
5720 6196
5721 5829
5722 5426
5723 5448
5724 5083
5725 4841
5726 5093
5727 5500
5728 5451
5729 4860
5730 -994096
5731 5618
5732 5555
5733 6261
5734 5678
5735 5310
5736 5374
5737 6501
5738 6787
5739 5688
5740 5369
5741 4970
5742 5693
5743 6144
5744 5456
5745 5680
5746 5291
5747 5259
5748 5777
5749 5227
5750 5264
5751 5763
5752 5307
5753 5341
5754 6070
5755 5516
5756 5841
5757 4986
5758 5873
5759 5275
5760 5839
5761 6209
5762 5599
5763 5412
5764 5957
5765 5823
5766 5069
5767 5089
5768 5804
5769 5371
5770 5094
5771 6392
5772 5481
5773 5434
5774 7021
5775 5616
5776 5642
5777 6180
5778 5638
5779 5404
5780 5434
5781 8146
5782 5214
5783 5850
5784 6150
5785 5154
5786 5279
5787 4799
5788 6638
5789 5753
5790 5159
5791 6618
5792 5476
5793 5793
5794 5275
5795 5284
5796 5607
5797 5931
5798 5675
5799 5565
5800 5369
5801 5439
5802 5315
5803 5181
5804 5078
5805 6020
5806 5880
5807 5341
5808 5850
5809 7125
5810 5561
5811 5857
5812 5362
5813 5389
5814 5661
5815 5588
5816 5460
5817 4838
5818 5109
5819 5709
5820 5602
5821 5661
5822 4964
5823 5003
5824 5526
5825 5609
5826 6098
5827 5316
5828 6719
5829 7191
5830 5730
5831 5664
5832 4868
5833 5605
5834 5535
5835 5483
5836 5189
5837 6524
5838 6398
5839 5346
5840 5197
5841 5286
5842 5538
5843 6694
5844 5874
5845 6897
5846 5352
5847 6052
5848 5083
5849 4963
5850 5342
5851 4975
5852 5444
5853 4964
5854 5110
5855 5309
5856 5085
5857 5221
5858 5896
5859 5848
5860 5262
5861 6078
5862 5221
5863 5054
5864 6782
5865 6243
5866 5590
5867 5765
5868 6802
5869 5829
5870 5309
5871 5185
5872 5933
5873 6037
5874 6052
5875 5468
5876 5790
5877 5134
5878 5600
5879 5207
5880 5014
5881 4926
5882 5993
5883 5512
5884 5087
5885 5548
5886 5439
5887 5191
5888 5421
5889 5084
5890 5296
5891 6002
5892 6538
5893 5074
5894 5039
5895 5476
5896 5928
5897 5596
5898 6644
5899 5046
5900 6644
5901 4815
5902 4938
5903 5385
5904 5198
5905 5251
5906 -994317
5907 5185
5908 5318
5909 5062
5910 5564
5911 6099
5912 5283
5913 6065
5914 5886
5915 5371
5916 5251
5917 5128
5918 7399
5919 5991
5920 5313
5921 5052
5922 5073
5923 5053
5924 5201
5925 5555
5926 5311
5927 5816
5928 5693
5929 5609
5930 5803
5931 5854
5932 5108
5933 5473
5934 6209
5935 6090
5936 6124
5937 5295
5938 5573
5939 5932
5940 5315
5941 5057
5942 5070
5943 4932
5944 5826
5945 5831
5946 5043
5947 5094
5948 5787
5949 5471
5950 6034
5951 5188
5952 5683
5953 6070
5954 5380
5955 6875
5956 5579
5957 5177
5958 5075
5959 6321
5960 5933
5961 5707
5962 5422
5963 5540
5964 6250
5965 5376
5966 5686
5967 5575
5968 5247
5969 5763
5970 5055
5971 5073
5972 5690
5973 6318
5974 5320
5975 5998
5976 5938
5977 5510
5978 5259
5979 5628
5980 5819
5981 6509
5982 6503
5983 5425
5984 5722
5985 5286
5986 5466
5987 6095
5988 5829
5989 5506
5990 7002
5991 6133
5992 5950
5993 5440
5994 5193
5995 5720
5996 5790
5997 5697
5998 6763
5999 5286
6000 5787
6001 5315
6002 5383
6003 5254
6004 5317
6005 5098
6006 5292
6007 5818
6008 6319
6009 5573
6010 5072
6011 5050
6012 6241
6013 5117
6014 4931
6015 6071
6016 5066
6017 5195
6018 6068
6019 5957
6020 5629
6021 5510
6022 5192
6023 5442
6024 5072
6025 5446
6026 5328
6027 5930
6028 6319
6029 5569
6030 5519
6031 5743
6032 5068
6033 5319
6034 4943
6035 5959
6036 5181
6037 5823
6038 5559
6039 5077
6040 5805
6041 5702
6042 5438
6043 5074
6044 5683
6045 6091
6046 5303
6047 5557
6048 5453
6049 5307
6050 5882
6051 5942
6052 5126
6053 5068
6054 5321
6055 5688
6056 5192
6057 5315
6058 5260
6059 5257
6060 4928
6061 5362
6062 5276
6063 7698
6064 5310
6065 4935
6066 5627
6067 5243
6068 4940
6069 4916
6070 5259
6071 5315
6072 5272
6073 5260
6074 5254
6075 5129
6076 5071
6077 4942
6078 5199
6079 5314
6080 6193
6081 5566
6082 6693
6083 5321
6084 -992996
6085 5494
6086 5199
6087 5695
6088 5067
6089 5318
6090 5253
6091 5261
6092 6011
6093 5504
6094 5314
6095 5570
6096 5462
6097 5173
6098 5206
6099 5495
6100 5506
6101 6193
6102 5320
6103 5319
6104 6064
6105 4942
6106 5820
6107 5316
6108 5438
6109 5071
6110 5064
6111 5691
6112 5451
6113 5371
6114 5383
6115 5695
6116 5323
6117 5237
6118 5777
6119 6324
6120 5369
6121 5968
6122 5131
6123 5694
6124 5071
6125 5447
6126 6217
6127 5922
6128 5697
6129 5696
6130 5695
6131 5452
6132 5317
6133 5951
6134 5566
6135 5876
6136 5391
6137 6345
6138 5175
6139 4944
6140 5075
6141 5589
6142 5055
6143 5967
6144 5050
6145 5442
6146 5071
6147 5325
6148 5067
6149 5695
6150 5722
6151 5802
6152 5063
6153 6139
6154 5380
6155 5899
6156 6119
6157 5059
6158 5387
6159 7198
6160 5393
6161 5315
6162 5798
6163 4944
6164 5328
6165 5311
6166 5319
6167 5321
6168 4820
6169 5197
6170 5696
6171 6763
6172 5507
6173 5569
6174 7321
6175 6643
6176 5250
6177 5072
6178 6513
6179 6635
6180 5066
6181 5070
6182 5577
6183 5816
6184 5987
6185 5663
6186 5807
6187 5394
6188 5586
6189 6126
6190 5447
6191 6329
6192 5188
6193 5322
6194 5046
6195 5222
6196 4948
6197 5945
6198 5824
6199 5822
6200 5946
6201 5546
6202 5348
6203 5076
6204 5068
6205 5199
6206 5072
6207 5447
6208 6198
6209 6243
6210 6399
6211 11153
6212 6489
6213 5822
6214 5948
6215 6117
6216 5546
6217 5300
6218 5946
6219 4949
6220 5696
6221 5878
6222 5266
6223 5072
6224 5574
6225 5616
6226 8127
6227 5094
6228 5200
6229 5884
6230 5761
6231 6070
6232 5342
6233 5927
6234 5323
6235 5074
6236 6010
6237 5130
6238 4960
6239 5688
6240 4944
6241 5448
6242 4823
6243 5071
6244 5453
6245 6691
6246 5325
6247 5069
6248 6075
6249 5321
6250 5203
6251 5506
6252 5027
6253 4955
6254 4953
6255 5952
6256 5331
6257 5449
6258 5517
6259 5391
6260 5203
6261 -994359
6262 5267
6263 5098
6264 6732
6265 5408
6266 5072
6267 4957
6268 5957
6269 6326
6270 5953
6271 5327
6272 4829
6273 6452
6274 5953
6275 5328
6276 5267
6277 6020
6278 6473
6279 5564
6280 5201
6281 7209
6282 5436
6283 5325
6284 5205
6285 5321
6286 5080
6287 4947
6288 5578
6289 5576
6290 5707
6291 5589
6292 5190
6293 6209
6294 5193
6295 4961
6296 6113
6297 5037
6298 5070
6299 6210
6300 6083
6301 5314
6302 5580
6303 5703
6304 5078
6305 5456
6306 6770
6307 5951
6308 6016
6309 5094
6310 5691
6311 5087
6312 5672
6313 6020
6314 5819
6315 5230
6316 5304
6317 6088
6318 6305
6319 5501
6320 6502
6321 5506
6322 5249
6323 5587
6324 6347
6325 5185
6326 5841
6327 5720
6328 5552
6329 5874
6330 5874
6331 6115
6332 5817
6333 5658
6334 6326
6335 6770
6336 5767
6337 6459
6338 5172
6339 6320
6340 5055
6341 5313
6342 5477
6343 5529
6344 5564
6345 5439
6346 5065
6347 5939
6348 6508
6349 5246
6350 5315
6351 5567
6352 7350
6353 5799
6354 5793
6355 4817
6356 5062
6357 7190
6358 5316
6359 5315
6360 5513
6361 6439
6362 5427
6363 5506
6364 6382
6365 6063
6366 5248
6367 5318
6368 6060
6369 5326
6370 6705
6371 5941
6372 5168
6373 4941
6374 5318
6375 6438
6376 5063
6377 5191
6378 5816
6379 5567
6380 5517
6381 5735
6382 5739
6383 5713
6384 5858
6385 5317
6386 6316
6387 5440
6388 7512
6389 6049
6390 6084
6391 5920
6392 5517
6393 5066
6394 5440
6395 6579
6396 5306
6397 7201
6398 5699
6399 4957
6400 5331
6401 5683
6402 5323
6403 5827
6404 5201
6405 5326
6406 6079
6407 6972
6408 6303
6409 4939
6410 6084
6411 5334
6412 9004
6413 7139
6414 5339
6415 5695
6416 5973
6417 5102
6418 5372
6419 5696
6420 6369
6421 5886
6422 6605
6423 5175
6424 5361
6425 5630
6426 5433
6427 5629
6428 5824
6429 6174
6430 5891
6431 6994
6432 5730
6433 -994533
6434 5306
6435 4914
6436 5495
6437 5121
6438 6022
6439 5092
6440 7993
6441 5346
6442 5277
6443 5259
6444 5565
6445 5265
6446 6850
6447 5178
6448 5368
6449 5328
6450 5883
6451 5666
6452 4945
6453 5326
6454 5358
6455 5188
6456 5714
6457 5882
6458 6513
6459 4964
6460 6337
6461 5960
6462 8997
6463 5270
6464 5202
6465 5957
6466 5709
6467 5869
6468 6046
6469 5621
6470 6655
6471 5209
6472 5834
6473 5576
6474 5207
6475 6504
6476 5663
6477 5959
6478 4957
6479 5957
6480 5086
6481 5457
6482 5647
6483 5143
6484 5080
6485 5839
6486 5822
6487 5085
6488 6205
6489 5596
6490 5319
6491 6125
6492 6156
6493 6685
6494 5464
6495 5777
6496 5532
6497 5164
6498 5209
6499 4840
6500 4958
6501 6648
6502 5894
6503 5707
6504 6578
6505 5334
6506 5468
6507 5573
6508 5074
6509 5090
6510 5199
6511 6581
6512 5331
6513 5087
6514 5581
6515 5843
6516 6134
6517 5911
6518 7125
6519 5912
6520 5509
6521 5259
6522 5353
6523 5052
6524 5072
6525 5959
6526 5580
6527 6081
6528 5583
6529 5831
6530 5727
6531 5314
6532 5334
6533 5459
6534 6208
6535 5706
6536 5210
6537 5775
6538 6020
6539 5207
6540 5844
6541 5188
6542 5328
6543 5583
6544 5725
6545 5187
6546 5581
6547 7358
6548 5808
6549 5761
6550 5763
6551 5095
6552 5582
6553 5458
6554 6088
6555 4987
6556 5671
6557 4960
6558 5705
6559 5098
6560 5676
6561 5325
6562 5465
6563 5885
6564 5167
6565 6621
6566 5803
6567 5339
6568 5104
6569 5088
6570 5322
6571 4962
6572 5089
6573 5339
6574 5213
6575 5834
6576 5216
6577 5341
6578 5087
6579 5333
6580 5586
6581 5710
6582 5462
6583 5089
6584 6716
6585 5338
6586 5337
6587 5088
6588 4965
6589 6019
6590 5689
6591 5051
6592 5345
6593 5471
6594 5320
6595 5899
6596 5535
6597 5454
6598 5455
6599 5340
6600 5214
6601 5213
6602 5713
6603 5963
6604 5091
6605 5490
6606 5183
6607 5085
6608 5214
6609 5088
6610 -994782
6611 5087
6612 5582
6613 5121
6614 5068
6615 5581
6616 5455
6617 5565
6618 5719
6619 5577
6620 5094
6621 5331
6622 6091
6623 4957
6624 5341
6625 5084
6626 5122
6627 5600
6628 5591
6629 5703
6630 5182
6631 5204
6632 5747
6633 5268
6634 5348
6635 5625
6636 5272
6637 5787
6638 5455
6639 6048
6640 6520
6641 5532
6642 5513
6643 5429
6644 5479
6645 5259
6646 6137
6647 5904
6648 5599
6649 7091
6650 5715
6651 6128
6652 6254
6653 5312
6654 5530
6655 6791
6656 5474
6657 6140
6658 5208
6659 5230
6660 5528
6661 5444
6662 5326
6663 4950
6664 5580
6665 6143
6666 5384
6667 5456
6668 5578
6669 5884
6670 5508
6671 5327
6672 5650
6673 5753
6674 5080
6675 5524
6676 7079
6677 5129
6678 5512
6679 5760
6680 5847
6681 5550
6682 4943
6683 4948
6684 5828
6685 5074
6686 5954
6687 5067
6688 5327
6689 5689
6690 5835
6691 5456
6692 5449
6693 5328
6694 7076
6695 6357
6696 5422
6697 5831
6698 5324
6699 5324
6700 5215
6701 5061
6702 5326
6703 5072
6704 5334
6705 4942
6706 5649
6707 5127
6708 5075
6709 5573
6710 5772
6711 5514
6712 5068
6713 6330
6714 5192
6715 6083
6716 5565
6717 5689
6718 5072
6719 5489
6720 6163
6721 5067
6722 5404
6723 5250
6724 5082
6725 5595
6726 5182
6727 5565
6728 5088
6729 6132
6730 5762
6731 6227
6732 5756
6733 5364
6734 5067
6735 5333
6736 5445
6737 5077
6738 5191
6739 5084
6740 5317
6741 6079
6742 5452
6743 6633
6744 5395
6745 6134
6746 5515
6747 5469
6748 5802
6749 6473
6750 5178
6751 5319
6752 5457
6753 5602
6754 5302
6755 5263
6756 6082
6757 5382
6758 5710
6759 5512
6760 5362
6761 5078
6762 5074
6763 5577
6764 6083
6765 6144
6766 5628
6767 6077
6768 5327
6769 5455
6770 5325
6771 5717
6772 5503
6773 5544
6774 6166
6775 5075
6776 5327
6777 5201
6778 5703
6779 6379
6780 5651
6781 5453
6782 5138
6783 6169
6784 5162
6785 5323
6786 6334
6787 5820
6788 -994547
6789 5333
6790 5193
6791 5960
6792 5457
6793 5060
6794 5331
6795 5323
6796 5202
6797 6025
6798 5504
6799 5328
6800 5075
6801 5078
6802 5201
6803 6023
6804 6268
6805 5324
6806 5563
6807 5368
6808 5782
6809 6327
6810 5242
6811 5915
6812 4942
6813 5326
6814 5325
6815 5457
6816 5700
6817 5195
6818 5295
6819 5084
6820 5642
6821 5527
6822 7213
6823 5211
6824 5212
6825 5095
6826 6004
6827 5428
6828 6252
6829 5402
6830 4963
6831 5587
6832 6656
6833 5582
6834 5648
6835 4958
6836 4839
6837 4996
6838 5682
6839 7083
6840 6662
6841 5381
6842 5456
6843 5081
6844 6142
6845 6149
6846 5844
6847 5472
6848 5568
6849 4964
6850 5904
6851 5393
6852 5336
6853 5359
6854 5693
6855 6213
6856 6082
6857 5463
6858 6648
6859 6529
6860 5089
6861 4950
6862 5628
6863 5631
6864 5254
6865 4991
6866 6424
6867 5335
6868 5088
6869 5337
6870 5838
6871 5212
6872 6031
6873 5553
6874 5291
6875 5224
6876 5578
6877 7166
6878 5387
6879 5055
6880 5457
6881 5941
6882 5400
6883 7914
6884 5581
6885 6203
6886 5169
6887 6323
6888 5038
6889 5446
6890 5591
6891 5227
6892 5470
6893 5129
6894 6700
6895 5930
6896 5523
6897 5150
6898 5619
6899 5403
6900 4916
6901 5159
6902 6226
6903 5792
6904 5227
6905 5440
6906 6320
6907 5668
6908 5056
6909 5614
6910 4940
6911 5064
6912 6690
6913 4954
6914 5050
6915 5595
6916 5351
6917 5122
6918 5063
6919 6070
6920 5815
6921 5689
6922 5692
6923 5319
6924 6308
6925 5266
6926 5236
6927 6316
6928 5617
6929 5141
6930 6685
6931 6446
6932 5562
6933 5064
6934 5264
6935 5237
6936 5075
6937 5304
6938 5316
6939 5317
6940 5065
6941 5935
6942 5068
6943 5476
6944 5026
6945 5191
6946 5191
6947 5603
6948 6403
6949 6079
6950 5212
6951 6321
6952 5893
6953 5655
6954 5192
6955 5762
6956 5652
6957 5656
6958 5940
6959 5721
6960 5038
6961 5067
6962 6085
6963 5040
6964 5994
6965 5422
6966 -994731
6967 6434
6968 5331
6969 5957
6970 6034
6971 5250
6972 6083
6973 5510
6974 4860
6975 5368
6976 5397
6977 5151
6978 6126
6979 5056
6980 5775
6981 5384
6982 5263
6983 6700
6984 5001
6985 6555
6986 5513
6987 5675
6988 6184
6989 5124
6990 5420
6991 6431
6992 5335
6993 5186
6994 5348
6995 6045
6996 5212
6997 5226
6998 5322
6999 5577
7000 5621
7001 6321
7002 5158
7003 6723
7004 5168
7005 5294
7006 5459
7007 5280
7008 5064
7009 5316
7010 5692
7011 5486
7012 6088
7013 5268
7014 5037
7015 5820
7016 5184
7017 5514
7018 5748
7019 5314
7020 5574
7021 6338
7022 5803
7023 4930
7024 4949
7025 5048
7026 5761
7027 5437
7028 5373
7029 5815
7030 5313
7031 6003
7032 5817
7033 5126
7034 5563
7035 5066
7036 5562
7037 5563
7038 5444
7039 7200
7040 5181
7041 5354
7042 5288
7043 5185
7044 5064
7045 5069
7046 5066
7047 5318
7048 4947
7049 6059
7050 5699
7051 5562
7052 5718
7053 5413
7054 5944
7055 5317
7056 5466
7057 5296
7058 7571
7059 5073
7060 5068
7061 5809
7062 5317
7063 5695
7064 5316
7065 5099
7066 5724
7067 5522
7068 5734
7069 5144
7070 5201
7071 5059
7072 5305
7073 5720
7074 5074
7075 5921
7076 8648
7077 5672
7078 5279
7079 5314
7080 6392
7081 6098
7082 5413
7083 5418
7084 5351
7085 5609
7086 5759
7087 5664
7088 5107
7089 5438
7090 5370
7091 5929
7092 6594
7093 5810
7094 7080
7095 5618
7096 5040
7097 5996
7098 5434
7099 6088
7100 4977
7101 5071
7102 5212
7103 6099
7104 5074
7105 6399
7106 5683
7107 4926
7108 5587
7109 5095
7110 6078
7111 5075
7112 6476
7113 5826
7114 5079
7115 5239
7116 6061
7117 6198
7118 6224
7119 5329
7120 5826
7121 5095
7122 4947
7123 6088
7124 5837
7125 5114
7126 5186
7127 5207
7128 5337
7129 4967
7130 7086
7131 5612
7132 5436
7133 5336
7134 5465
7135 5464
7136 4998
7137 5311
7138 5088
7139 4966
7140 4954
7141 6462
7142 5214
7143 -994904
7144 5205
7145 5701
7146 5758
7147 5413
7148 4988
7149 7444
7150 5476
7151 5566
7152 5467
7153 5084
7154 5214
7155 5091
7156 5586
7157 5339
7158 4961
7159 5592
7160 5086
7161 5087
7162 5220
7163 5080
7164 4962
7165 5908
7166 6144
7167 5092
7168 7210
7169 5331
7170 5087
7171 5363
7172 5077
7173 5317
7174 5267
7175 5780
7176 5463
7177 6463
7178 5341
7179 5334
7180 5589
7181 5961
7182 5097
7183 5082
7184 4965
7185 5089
7186 6344
7187 5580
7188 5335
7189 5089
7190 5966
7191 5474
7192 5340
7193 5570
7194 5600
7195 5319
7196 5330
7197 5697
7198 5445
7199 5308
7200 4995
7201 5750
7202 5818
7203 5454
7204 7193
7205 5582
7206 6147
7207 5425
7208 5088
7209 5197
7210 5754
7211 5013
7212 5643
7213 5831
7214 5325
7215 6400
7216 5995
7217 6194
7218 5913
7219 6173
7220 5262
7221 6748
7222 6617
7223 5811
7224 5580
7225 5336
7226 6204
7227 5071
7228 6020
7229 5136
7230 5936
7231 5958
7232 5695
7233 5960
7234 4956
7235 5186
7236 5095
7237 5060
7238 5459
7239 6071
7240 7451
7241 5446
7242 5497
7243 5710
7244 5404
7245 5073
7246 5567
7247 4835
7248 5314
7249 5089
7250 5189
7251 5338
7252 5640
7253 6125
7254 5775
7255 5253
7256 6219
7257 5303
7258 6840
7259 5579
7260 5440
7261 5647
7262 5881
7263 5327
7264 5194
7265 5326
7266 5577
7267 5458
7268 5573
7269 5331
7270 5530
7271 5500
7272 4952
7273 5327
7274 5575
7275 5202
7276 5074
7277 6580
7278 4958
7279 5335
7280 6566
7281 5588
7282 5555
7283 5330
7284 5199
7285 6022
7286 6010
7287 5080
7288 5206
7289 5569
7290 5329
7291 5900
7292 5378
7293 5901
7294 5631
7295 5956
7296 4951
7297 5653
7298 5504
7299 5081
7300 5323
7301 5580
7302 5082
7303 5074
7304 5905
7305 6827
7306 5257
7307 5204
7308 5696
7309 4957
7310 5145
7311 5585
7312 5250
7313 7029
7314 5294
7315 5864
7316 5218
7317 5493
7318 5326
7319 5480
7320 5804
7321 5454
7322 -994174
7323 5079
7324 5592
7325 5058
7326 5711
7327 5483
7328 5512
7329 5355
7330 5705
7331 6633
7332 5312
7333 5130
7334 5214
7335 5582
7336 5338
7337 5219
7338 5536
7339 5846
7340 5548
7341 6083
7342 5840
7343 5534
7344 5402
7345 5361
7346 5446
7347 5479
7348 5657
7349 5228
7350 7112
7351 6121
7352 5830
7353 6062
7354 6254
7355 5254
7356 5367
7357 5080
7358 5562
7359 4970
7360 5822
7361 5824
7362 5450
7363 5831
7364 5203
7365 5079
7366 5450
7367 7014
7368 5764
7369 5109
7370 5923
7371 5577
7372 6022
7373 5263
7374 5778
7375 6287
7376 5300
7377 4973
7378 6272
7379 5356
7380 5079
7381 5324
7382 5333
7383 5328
7384 5277
7385 5397
7386 7683
7387 5572
7388 4950
7389 5582
7390 5644
7391 5141
7392 5082
7393 5075
7394 5449
7395 6395
7396 5261
7397 4958
7398 5575
7399 5457
7400 4968
7401 6061
7402 5330
7403 5454
7404 6989
7405 5671
7406 5076
7407 5902
7408 5507
7409 5331
7410 5761
7411 5271
7412 4956
7413 5343
7414 6744
7415 5643
7416 4964
7417 6386
7418 5384
7419 4957
7420 5453
7421 5955
7422 5953
7423 5083
7424 5327
7425 6080
7426 5076
7427 6204
7428 5137
7429 6021
7430 5354
7431 5421
7432 5329
7433 6204
7434 5706
7435 4828
7436 5083
7437 6207
7438 5203
7439 5962
7440 5942
7441 5213
7442 5943
7443 4955
7444 5331
7445 5702
7446 5083
7447 5080
7448 5605
7449 5678
7450 5085
7451 5324
7452 5840
7453 5440
7454 5089
7455 5444
7456 5339
7457 5066
7458 5338
7459 6442
7460 4957
7461 5596
7462 5061
7463 5698
7464 5768
7465 5518
7466 5323
7467 4960
7468 5195
7469 6029
7470 5253
7471 6415
7472 5379
7473 5760
7474 5123
7475 5797
7476 5949
7477 6601
7478 5525
7479 5611
7480 5358
7481 6167
7482 5525
7483 5477
7484 5336
7485 5610
7486 5949
7487 5227
7488 5068
7489 5340
7490 6015
7491 6351
7492 5336
7493 5181
7494 5711
7495 6229
7496 5484
7497 6019
7498 5276
7499 -994591
7500 5464
7501 5424
7502 6018
7503 5239
7504 6289
7505 5302
7506 5613
7507 5840
7508 5714
7509 5514
7510 5069
7511 6378
7512 5422
7513 6935
7514 5958
7515 5658
7516 6128
7517 6388
7518 6054
7519 5277
7520 5588
7521 5637
7522 6458
7523 5196
7524 5571
7525 5732
7526 6318
7527 5540
7528 5328
7529 5467
7530 5331
7531 7214
7532 5091
7533 5710
7534 5338
7535 5464
7536 4964
7537 5267
7538 5160
7539 4959
7540 5645
7541 5285
7542 5212
7543 5088
7544 6214
7545 5621
7546 5930
7547 5487
7548 5314
7549 6099
7550 5081
7551 5602
7552 5856
7553 5296
7554 5335
7555 5085
7556 5091
7557 5750
7558 5141
7559 5078
7560 5469
7561 5835
7562 6349
7563 5088
7564 5720
7565 5223
7566 5598
7567 8077
7568 5331
7569 5946
7570 5588
7571 5987
7572 5333
7573 6442
7574 5338
7575 5715
7576 5338
7577 4962
7578 5091
7579 5712
7580 5337
7581 5964
7582 5464
7583 5340
7584 5085
7585 5087
7586 6464
7587 5089
7588 5842
7589 5459
7590 7042
7591 5405
7592 6191
7593 5218
7594 5524
7595 5151
7596 5332
7597 5088
7598 5341
7599 5086
7600 4961
7601 5340
7602 5840
7603 6161
7604 6263
7605 5404
7606 5895
7607 5215
7608 4948
7609 4959
7610 5851
7611 5704
7612 5706
7613 5323
7614 5718
7615 5735
7616 5168
7617 5327
7618 5510
7619 5308
7620 5177
7621 5643
7622 6781
7623 5218
7624 4987
7625 5077
7626 5373
7627 5451
7628 5871
7629 5267
7630 5333
7631 6133
7632 5159
7633 5829
7634 4875
7635 5891
7636 6671
7637 5225
7638 5533
7639 5931
7640 5046
7641 5834
7642 5970
7643 5702
7644 5728
7645 5424
7646 4962
7647 5641
7648 5015
7649 5510
7650 5474
7651 5069
7652 5339
7653 5338
7654 5738
7655 5439
7656 6156
7657 5142
7658 5087
7659 6215
7660 5966
7661 5226
7662 6063
7663 5348
7664 6585
7665 5706
7666 5702
7667 6962
7668 5258
7669 5390
7670 5079
7671 5552
7672 5754
7673 5080
7674 6651
7675 5403
7676 5619
7677 -993311
7678 5233
7679 5348
7680 5168
7681 5338
7682 5563
7683 5711
7684 5975
7685 5318
7686 5780
7687 5441
7688 5899
7689 5439
7690 4959
7691 4952
7692 6216
7693 5599
7694 5417
7695 6654
7696 5066
7697 5334
7698 7139
7699 5192
7700 5041
7701 5585
7702 5698
7703 5364
7704 6058
7705 5847
7706 5177
7707 5271
7708 5087
7709 5470
7710 5576
7711 5087
7712 5462
7713 6472
7714 6209
7715 5338
7716 5202
7717 5343
7718 5208
7719 5964
7720 6402
7721 5523
7722 5465
7723 5214
7724 6134
7725 5165
7726 5089
7727 5592
7728 5836
7729 5210
7730 5713
7731 5338
7732 5851
7733 5470
7734 5240
7735 5430
7736 5315
7737 5380
7738 6299
7739 5201
7740 5705
7741 5088
7742 5687
7743 5178
7744 7229
7745 6978
7746 5690
7747 5119
7748 5564
7749 6941
7750 5939
7751 5942
7752 5308
7753 4938
7754 5192
7755 5692
7756 4936
7757 5319
7758 5190
7759 5065
7760 5191
7761 5623
7762 5762
7763 6292
7764 5036
7765 5191
7766 5471
7767 5029
7768 6577
7769 4925
7770 5111
7771 5492
7772 5848
7773 5943
7774 5260
7775 4942
7776 4932
7777 5064
7778 5331
7779 5189
7780 5314
7781 5565
7782 5314
7783 6480
7784 5412
7785 5437
7786 5299
7787 6558
7788 5542
7789 5634
7790 5361
7791 5174
7792 5333
7793 5511
7794 6338
7795 5560
7796 5452
7797 6265
7798 5145
7799 6068
7800 4949
7801 4974
7802 5568
7803 4940
7804 5078
7805 6395
7806 5887
7807 5389
7808 5022
7809 5521
7810 5392
7811 5211
7812 5939
7813 5148
7814 5267
7815 5701
7816 5210
7817 5450
7818 5202
7819 7902
7820 5634
7821 5827
7822 4960
7823 5968
7824 6185
7825 5709
7826 5065
7827 5891
7828 5269
7829 5696
7830 6748
7831 5645
7832 5784
7833 5246
7834 5587
7835 5251
7836 5535
7837 5190
7838 5518
7839 5133
7840 6152
7841 7408
7842 5167
7843 5213
7844 5940
7845 4956
7846 5210
7847 5510
7848 6130
7849 5085
7850 5073
7851 5076
7852 5517
7853 5387
7854 5117
7855 -994187
7856 5056
7857 5083
7858 4950
7859 5081
7860 6205
7861 4953
7862 5354
7863 5186
7864 4949
7865 5086
7866 5067
7867 5079
7868 5329
7869 5268
7870 5961
7871 5264
7872 6222
7873 6251
7874 5154
7875 5443
7876 5059
7877 5342
7878 5316
7879 6886
7880 5574
7881 6468
7882 5766
7883 5773
7884 5264
7885 6692
7886 5075
7887 5332
7888 4956
7889 5953
7890 5327
7891 5331
7892 5080
7893 5203
7894 4974
7895 6255
7896 5391
7897 5831
7898 5203
7899 4956
7900 5329
7901 6399
7902 5256
7903 5705
7904 6078
7905 5081
7906 5079
7907 5331
7908 5705
7909 5082
7910 5830
7911 5704
7912 5210
7913 5452
7914 5580
7915 6330
7916 6080
7917 5217
7918 5756
7919 6014
7920 6217
7921 5432
7922 5085
7923 5443
7924 6533
7925 5248
7926 5091
7927 5837
7928 5058
7929 5452
7930 5330
7931 5392
7932 5262
7933 6084
7934 5070
7935 4959
7936 5317
7937 5716
7938 4938
7939 5087
7940 5466
7941 5561
7942 5069
7943 4964
7944 5567
7945 5333
7946 6889
7947 5262
7948 5965
7949 5465
7950 5189
7951 5194
7952 6764
7953 5267
7954 5330
7955 6077
7956 6196
7957 5210
7958 6018
7959 5388
7960 5142
7961 5517
7962 5329
7963 5209
7964 5586
7965 5196
7966 5705
7967 6207
7968 5208
7969 5205
7970 6396
7971 5267
7972 5584
7973 5710
7974 6976
7975 6499
7976 5264
7977 5830
7978 5333
7979 6274
7980 5845
7981 5376
7982 4956
7983 5193
7984 5262
7985 5282
7986 5457
7987 6320
7988 6897
7989 5387
7990 5527
7991 5685
7992 5509
7993 5339
7994 5640
7995 5145
7996 5947
7997 5955
7998 4954
7999 6209
8000 6265
8001 5515
8002 6158
8003 6072
8004 6140
8005 5079
8006 6777
8007 5639
8008 7016
8009 5763
8010 6528
8011 6131
8012 5459
8013 6001
8014 5866
8015 6469
8016 5061
8017 6155
8018 5636
8019 5202
8020 5357
8021 7173
8022 7291
8023 6620
8024 5450
8025 6266
8026 5958
8027 5638
8028 5959
8029 6400
8030 5389
8031 -994495
8032 6840
8033 5525
8034 5704
8035 5962
8036 5702
8037 5458
8038 5643
8039 7667
8040 5566
8041 5451
8042 6227
8043 5691
8044 5324
8045 5328
8046 6775
8047 5765
8048 6237
8049 6055
8050 5520
8051 5392
8052 6105
8053 6306
8054 5585
8055 5955
8056 5703
8057 7032
8058 5543
8059 5739
8060 5639
8061 5352
8062 7005
8063 7015
8064 5331
8065 5775
8066 7705
8067 5391
8068 7284
8069 5379
8070 6277
8071 6011
8072 5707
8073 7999
8074 6120
8075 5620
8076 5714
8077 5443
8078 5916
8079 5746
8080 5960
8081 5203
8082 5331
8083 5594
8084 6506
8085 6022
8086 5447
8087 6461
8088 6090
8089 6062
8090 6721
8091 5314
8092 5581
8093 5702
8094 6086
8095 5217
8096 6588
8097 6374
8098 6011
8099 5460
8100 6401
8101 6930
8102 6158
8103 6402
8104 6385
8105 5700
8106 6189
8107 6592
8108 5961
8109 5992
8110 5535
8111 5821
8112 5459
8113 5830
8114 6023
8115 6393
8116 5946
8117 5340
8118 5073
8119 5464
8120 5442
8121 5712
8122 5202
8123 6210
8124 5838
8125 6766
8126 6257
8127 5326
8128 5083
8129 5204
8130 4962
8131 5323
8132 5525
8133 5650
8134 5934
8135 5708
8136 6072
8137 5082
8138 5454
8139 5208
8140 5832
8141 5081
8142 5950
8143 7951
8144 5215
8145 5192
8146 5716
8147 5569
8148 5085
8149 5716
8150 5718
8151 5193
8152 6814
8153 5339
8154 5821
8155 5959
8156 5702
8157 6083
8158 6333
8159 5950
8160 8025
8161 5143
8162 4946
8163 5586
8164 6344
8165 5810
8166 6077
8167 5710
8168 5363
8169 5424
8170 5708
8171 5940
8172 5733
8173 5052
8174 5092
8175 5069
8176 5339
8177 5320
8178 8027
8179 5139
8180 5699
8181 5714
8182 5946
8183 5709
8184 6239
8185 5546
8186 5708
8187 5817
8188 5707
8189 6706
8190 5369
8191 6614
8192 5392
8193 5580
8194 5080
8195 5707
8196 5960
8197 5713
8198 4818
8199 6207
8200 5956
8201 -994668
8202 6232
8203 6183
8204 5836
8205 6887
8206 5711
8207 5714
8208 5279
8209 5439
8210 5621
8211 5158
8212 5330
8213 6343
8214 5618
8215 5849
8216 5764
8217 5321
8218 5521
8219 5526
8220 5137
8221 5637
8222 5331
8223 5816
8224 5767
8225 5029
8226 6492
8227 5259
8228 6235
8229 5169
8230 5712
8231 6307
8232 5326
8233 5288
8234 5337
8235 5095
8236 6021
8237 5597
8238 5808
8239 4929
8240 5481
8241 5333
8242 5081
8243 5824
8244 5895
8245 5332
8246 5254
8247 5579
8248 5369
8249 5293
8250 7073
8251 5089
8252 5580
8253 5698
8254 5966
8255 5571
8256 5667
8257 5496
8258 5507
8259 5983
8260 5846
8261 6575
8262 5581
8263 5980
8264 5169
8265 5757
8266 7649
8267 6182
8268 5335
8269 4960
8270 5342
8271 5689
8272 5454
8273 6052
8274 5362
8275 5849
8276 6653
8277 5887
8278 5334
8279 5051
8280 4968
8281 5247
8282 5681
8283 7240
8284 5175
8285 6335
8286 4981
8287 5190
8288 6087
8289 5195
8290 4834
8291 5019
8292 5067
8293 7083
8294 5726
8295 5088
8296 6781
8297 5838
8298 5307
8299 5245
8300 6230
8301 6052
8302 5838
8303 6323
8304 5220
8305 5309
8306 7496
8307 5921
8308 5106
8309 5349
8310 5317
8311 5195
8312 5674
8313 5653
8314 6157
8315 6379
8316 5836
8317 5442
8318 5707
8319 5584
8320 6201
8321 6207
8322 5338
8323 6044
8324 5008
8325 5551
8326 6852
8327 5698
8328 5321
8329 5350
8330 4944
8331 5578
8332 5441
8333 5346
8334 6838
8335 5089
8336 6113
8337 5994
8338 7098
8339 5384
8340 5374
8341 5663
8342 5207
8343 6219
8344 5083
8345 5704
8346 5465
8347 5075
8348 5967
8349 6358
8350 5565
8351 5956
8352 5339
8353 5213
8354 5080
8355 5342
8356 5454
8357 6110
8358 5571
8359 5904
8360 5898
8361 5945
8362 6006
8363 5429
8364 5368
8365 5295
8366 5207
8367 6016
8368 5520
8369 4963
8370 5342
8371 5457
8372 5331
8373 5718
8374 6983
8375 6056
8376 -994294
8377 5771
8378 6039
8379 6886
8380 7258
8381 6250
8382 5773
8383 5237
8384 5167
8385 6862
8386 6568
8387 5552
8388 6001
8389 6105
8390 6275
8391 8016
8392 5884
8393 5337
8394 5198
8395 6952
8396 6449
8397 5229
8398 7320
8399 6592
8400 6640
8401 6594
8402 5324
8403 5540
8404 5842
8405 6426
8406 5699
8407 6609
8408 6215
8409 6209
8410 5984
8411 5014
8412 5830
8413 5241
8414 6683
8415 6055
8416 5969
8417 5849
8418 5764
8419 5371
8420 5960
8421 6209
8422 5447
8423 5653
8424 8343
8425 5812
8426 5902
8427 6279
8428 5748
8429 5842
8430 5558
8431 5837
8432 6786
8433 5035
8434 5472
8435 5787
8436 5716
8437 5223
8438 5789
8439 5472
8440 5929
8441 6688
8442 5427
8443 5064
8444 5065
8445 6719
8446 5051
8447 5566
8448 5320
8449 5206
8450 5050
8451 5066
8452 5312
8453 5568
8454 6067
8455 5315
8456 5885
8457 5133
8458 5297
8459 5544
8460 6415
8461 5660
8462 6528
8463 5651
8464 5473
8465 5103
8466 5349
8467 4985
8468 6958
8469 5198
8470 5815
8471 5205
8472 5621
8473 5533
8474 6655
8475 5444
8476 5164
8477 5065
8478 6744
8479 5256
8480 5193
8481 5462
8482 5613
8483 5909
8484 5316
8485 6633
8486 4987
8487 5168
8488 6716
8489 5751
8490 5688
8491 6315
8492 5539
8493 5650
8494 5603
8495 7967
8496 5701
8497 5725
8498 5924
8499 5485
8500 5820
8501 5305
8502 5717
8503 5036
8504 5563
8505 6081
8506 5237
8507 6313
8508 6199
8509 5766
8510 5344
8511 6244
8512 5327
8513 6723
8514 5002
8515 5668
8516 5430
8517 5199
8518 5938
8519 5417
8520 5067
8521 5280
8522 6046
8523 6229
8524 5304
8525 5813
8526 5315
8527 5083
8528 5976
8529 5922
8530 5303
8531 6188
8532 6221
8533 5176
8534 5435
8535 5555
8536 5746
8537 6474
8538 5293
8539 5006
8540 6180
8541 5852
8542 5422
8543 5024
8544 6733
8545 5326
8546 -994568
8547 6571
8548 7429
8549 5329
8550 5913
8551 5912
8552 5891
8553 5406
8554 6044
8555 5393
8556 5931
8557 6164
8558 6163
8559 5651
8560 6431
8561 5911
8562 6116
8563 6382
8564 5393
8565 7074
8566 5478
8567 5133
8568 5744
8569 5567
8570 5468
8571 5132
8572 6238
8573 5880
8574 6215
8575 5581
8576 5362
8577 6654
8578 5689
8579 5321
8580 6074
8581 5421
8582 5404
8583 7325
8584 5659
8585 5621
8586 5580
8587 5016
8588 4979
8589 5711
8590 5071
8591 5830
8592 5076
8593 5623
8594 5373
8595 5288
8596 5539
8597 5459
8598 5470
8599 5079
8600 5816
8601 5089
8602 6180
8603 6409
8604 5836
8605 5338
8606 5348
8607 5714
8608 6430
8609 5094
8610 5339
8611 5443
8612 5707
8613 6555
8614 6121
8615 6561
8616 6820
8617 5210
8618 5660
8619 6826
8620 4837
8621 6760
8622 5565
8623 5062
8624 5494
8625 5792
8626 5765
8627 5157
8628 5157
8629 5687
8630 5655
8631 5218
8632 4979
8633 5948
8634 5658
8635 5530
8636 5532
8637 6747
8638 5142
8639 4828
8640 5589
8641 5488
8642 5296
8643 5814
8644 5056
8645 4995
8646 5305
8647 5511
8648 5380
8649 5408
8650 5469
8651 7458
8652 6307
8653 6314
8654 10880
8655 5319
8656 6076
8657 5476
8658 5036
8659 5312
8660 4977
8661 5479
8662 5164
8663 5438
8664 5060
8665 5803
8666 5362
8667 5350
8668 5671
8669 5054
8670 5336
8671 5427
8672 5213
8673 6214
8674 6070
8675 5861
8676 5668
8677 5327
8678 5321
8679 5328
8680 5904
8681 5614
8682 5064
8683 5711
8684 5131
8685 6585
8686 5260
8687 5585
8688 5588
8689 5440
8690 5342
8691 6705
8692 5600
8693 5424
8694 5435
8695 5312
8696 5695
8697 5248
8698 5672
8699 5987
8700 5313
8701 5088
8702 5485
8703 6040
8704 5068
8705 4961
8706 5331
8707 4934
8708 5097
8709 5304
8710 6458
8711 4952
8712 6334
8713 5060
8714 6334
8715 6877
8716 5145
8717 5102
8718 5422
8719 5839
8720 -994403
8721 5792
8722 5593
8723 5386
8724 5313
8725 4903
8726 5083
8727 4988
8728 6749
8729 6037
8730 5679
8731 5035
8732 5601
8733 5041
8734 5109
8735 6175
8736 5163
8737 5445
8738 5297
8739 5179
8740 5070
8741 5087
8742 5197
8743 5186
8744 4947
8745 5073
8746 5215
8747 6337
8748 5074
8749 5434
8750 5577
8751 5101
8752 6167
8753 5071
8754 5699
8755 4967
8756 5069
8757 5672
8758 5915
8759 5964
8760 6083
8761 5561
8762 5335
8763 5202
8764 5594
8765 6827
8766 5464
8767 6438
8768 5617
8769 5871
8770 6063
8771 5193
8772 5570
8773 6230
8774 5343
8775 5101
8776 5422
8777 6586
8778 5702
8779 5522
8780 5398
8781 5964
8782 5089
8783 7213
8784 5581
8785 5088
8786 5092
8787 5467
8788 6085
8789 5265
8790 6095
8791 5767
8792 5087
8793 5091
8794 5720
8795 5706
8796 5335
8797 5839
8798 5860
8799 5587
8800 5316
8801 7140
8802 5528
8803 4966
8804 5764
8805 5901
8806 4951
8807 5097
8808 4952
8809 4967
8810 4954
8811 5777
8812 6337
8813 6104
8814 5886
8815 5325
8816 5343
8817 5264
8818 5409
8819 6889
8820 6037
8821 5604
8822 5554
8823 5106
8824 5669
8825 6012
8826 6021
8827 5655
8828 5066
8829 5840
8830 5073
8831 5412
8832 5746
8833 5524
8834 5792
8835 5533
8836 5401
8837 6699
8838 5322
8839 5094
8840 5086
8841 6327
8842 5336
8843 5653
8844 5272
8845 5839
8846 5093
8847 5490
8848 5305
8849 6530
8850 5512
8851 5214
8852 6023
8853 7184
8854 5824
8855 6826
8856 4956
8857 5314
8858 5762
8859 5066
8860 5204
8861 5085
8862 5093
8863 5699
8864 5339
8865 5336
8866 5216
8867 5087
8868 5100
8869 5360
8870 5423
8871 5096
8872 5828
8873 5584
8874 6401
8875 5653
8876 5961
8877 5122
8878 5554
8879 5086
8880 6196
8881 5488
8882 5845
8883 5181
8884 5349
8885 6401
8886 5276
8887 5075
8888 5885
8889 5296
8890 6331
8891 5117
8892 5821
8893 5442
8894 6835
8895 5348
8896 5456
8897 4956
8898 -994279
8899 7384
8900 5644
8901 4999
8902 5071
8903 5556
8904 5088
8905 5129
8906 5183
8907 5207
8908 5076
8909 5218
8910 6717
8911 5197
8912 4960
8913 5407
8914 5141
8915 5528
8916 5522
8917 5598
8918 6135
8919 5411
8920 5453
8921 5631
8922 5916
8923 6015
8924 5405
8925 5519
8926 5286
8927 5479
8928 5215
8929 6192
8930 5562
8931 5344
8932 5523
8933 5818
8934 5667
8935 5707
8936 4961
8937 5475
8938 5723
8939 5332
8940 5084
8941 5055
8942 5045
8943 5804
8944 5593
8945 5089
8946 5460
8947 7200
8948 6261
8949 5519
8950 5773
8951 5525
8952 4963
8953 5900
8954 5657
8955 4986
8956 5190
8957 5084
8958 5075
8959 5346
8960 5084
8961 5460
8962 5074
8963 5759
8964 6059
8965 5923
8966 5719
8967 5828
8968 5585
8969 4963
8970 5091
8971 5355
8972 5440
8973 5588
8974 5539
8975 5271
8976 5073
8977 5984
8978 5442
8979 4975
8980 5071
8981 5089
8982 6401
8983 5274
8984 5843
8985 5829
8986 5786
8987 5144
8988 6087
8989 6838
8990 5087
8991 5713
8992 5097
8993 6209
8994 5084
8995 5075
8996 5090
8997 5501
8998 5338
8999 5052
9000 5071
9001 5593
9002 5706
9003 6179
9004 5513
9005 5090
9006 5094
9007 5699
9008 5715
9009 5342
9010 5583
9011 5913
9012 6015
9013 5467
9014 5893
9015 5578
9016 5645
9017 5089
9018 5088
9019 5090
9020 5985
9021 6692
9022 5586
9023 5464
9024 5637
9025 6481
9026 5530
9027 5077
9028 5070
9029 5102
9030 4963
9031 5473
9032 4972
9033 5063
9034 5213
9035 4803
9036 5683
9037 5532
9038 5087
9039 5469
9040 6449
9041 5342
9042 4961
9043 4959
9044 5153
9045 5151
9046 5214
9047 5336
9048 5858
9049 5181
9050 5226
9051 5086
9052 6086
9053 5779
9054 5142
9055 5652
9056 5827
9057 5657
9058 6598
9059 5205
9060 5339
9061 5460
9062 5837
9063 5363
9064 5675
9065 5325
9066 4962
9067 5563
9068 5516
9069 5452
9070 5247
9071 5294
9072 5953
9073 5135
9074 5287
9075 5727
9076 6703
9077 6711
9078 5326
9079 -994913
9080 5088
9081 5589
9082 6154
9083 5776
9084 5463
9085 5480
9086 5323
9087 6222
9088 6391
9089 5891
9090 5208
9091 6497
9092 5188
9093 5087
9094 5078
9095 6827
9096 5631
9097 5691
9098 5378
9099 5671
9100 5085
9101 5076
9102 5341
9103 5588
9104 5608
9105 5087
9106 5066
9107 4951
9108 5096
9109 5338
9110 4954
9111 5459
9112 5345
9113 5456
9114 6461
9115 5451
9116 5097
9117 5350
9118 5485
9119 5662
9120 6333
9121 4957
9122 5081
9123 5848
9124 5720
9125 5194
9126 5336
9127 5784
9128 5428
9129 6060
9130 5687
9131 6208
9132 6949
9133 6130
9134 5080
9135 5360
9136 5058
9137 5841
9138 5874
9139 5794
9140 5156
9141 6273
9142 6779
9143 6033
9144 5434
9145 5489
9146 5916
9147 5917
9148 5453
9149 5728
9150 5897
9151 5458
9152 5712
9153 5182
9154 5690
9155 5363
9156 6458
9157 8716
9158 6544
9159 5842
9160 5829
9161 5829
9162 6206
9163 5082
9164 5334
9165 5199
9166 7153
9167 5774
9168 5640
9169 7454
9170 5403
9171 5335
9172 5274
9173 6366
9174 5317
9175 5801
9176 6549
9177 6083
9178 7628
9179 6634
9180 5399
9181 5269
9182 5205
9183 6716
9184 5059
9185 5810
9186 5162
9187 4988
9188 4987
9189 5310
9190 5533
9191 5269
9192 6352
9193 6206
9194 6914
9195 6936
9196 12482
9197 6275
9198 7633
9199 7688
9200 6655
9201 4979
9202 5681
9203 5257
9204 5054
9205 5118
9206 6351
9207 5569
9208 5294
9209 4972
9210 5993
9211 5626
9212 6560
9213 5084
9214 5168
9215 6005
9216 5470
9217 6754
9218 6024
9219 6086
9220 5601
9221 5885
9222 6023
9223 6297
9224 6024
9225 6016
9226 6957
9227 5787
9228 5624
9229 6178
9230 5177
9231 5650
9232 9661
9233 6973
9234 5935
9235 5244
9236 7073
9237 7299
9238 5461
9239 6758
9240 7791
9241 4950
9242 5609
9243 6361
9244 6375
9245 6606
9246 7490
9247 -994945
9248 7599
9249 6476
9250 6007
9251 4933
9252 6413
9253 6963
9254 5401
9255 6071
9256 5572
9257 5508
9258 6624
9259 5090
9260 5241
9261 5642
9262 5664
9263 5260
9264 5415
9265 5172
9266 5379
9267 7099
9268 5632
9269 5765
9270 7517
9271 5008
9272 5128
9273 6122
9274 5608
9275 5958
9276 5660
9277 5404
9278 5805
9279 5785
9280 6096
9281 5955
9282 6734
9283 6147
9284 6245
9285 5911
9286 5959
9287 5719
9288 5302
9289 5456
9290 5584
9291 5697
9292 5330
9293 4955
9294 6001
9295 5403
9296 5453
9297 5831
9298 5090
9299 5839
9300 5202
9301 5291
9302 6517
9303 5687
9304 5082
9305 5261
9306 5277
9307 5114
9308 6179
9309 6605
9310 5566
9311 5442
9312 5310
9313 4962
9314 5199
9315 5017
9316 6659
9317 5455
9318 5397
9319 5896
9320 7456
9321 5912
9322 5269
9323 6699
9324 5328
9325 5553
9326 5254
9327 5166
9328 5305
9329 4956
9330 4929
9331 6595
9332 5353
9333 6316
9334 6657
9335 5860
9336 5087
9337 5836
9338 6849
9339 5730
9340 5017
9341 5255
9342 5780
9343 5069
9344 5465
9345 5951
9346 5608
9347 6177
9348 6446
9349 5898
9350 5899
9351 5520
9352 6036
9353 5312
9354 5195
9355 5016
9356 6526
9357 5326
9358 5462
9359 4949
9360 5469
9361 5694
9362 6089
9363 5576
9364 5208
9365 5324
9366 5771
9367 5393
9368 6590
9369 6096
9370 5451
9371 5298
9372 5517
9373 8025
9374 5682
9375 6633
9376 5230
9377 7028
9378 5197
9379 5800
9380 5987
9381 5701
9382 5738
9383 5056
9384 6539
9385 5312
9386 5896
9387 5918
9388 5527
9389 6262
9390 5510
9391 7207
9392 5656
9393 5578
9394 7621
9395 7384
9396 5717
9397 5466
9398 4808
9399 5461
9400 5668
9401 5826
9402 6065
9403 5688
9404 5575
9405 5050
9406 5193
9407 5070
9408 6792
9409 5068
9410 5439
9411 5209
9412 5043
9413 6314
9414 5064
9415 5316
9416 5311
9417 5063
9418 5869
9419 5748
9420 -994314
9421 6191
9422 5064
9423 5313
9424 5144
9425 4980
9426 6460
9427 6005
9428 5348
9429 5580
9430 5144
9431 6102
9432 5083
9433 5743
9434 5484
9435 5371
9436 5567
9437 5773
9438 5379
9439 5260
9440 5085
9441 5663
9442 6393
9443 5351
9444 6970
9445 5720
9446 6555
9447 5560
9448 5684
9449 5729
9450 5795
9451 5823
9452 4960
9453 5087
9454 5960
9455 5837
9456 4964
9457 5836
9458 4960
9459 5344
9460 6116
9461 5936
9462 6587
9463 5085
9464 5085
9465 5519
9466 5793
9467 5442
9468 5338
9469 5955
9470 6735
9471 5600
9472 5420
9473 6281
9474 6142
9475 5333
9476 5627
9477 5278
9478 6259
9479 5663
9480 6462
9481 5087
9482 6021
9483 5902
9484 4956
9485 5093
9486 5075
9487 6024
9488 5773
9489 6232
9490 5067
9491 5469
9492 6772
9493 5331
9494 5275
9495 5327
9496 5962
9497 6085
9498 6587
9499 6217
9500 5082
9501 5831
9502 5467
9503 6202
9504 5107
9505 5699
9506 5827
9507 6016
9508 5279
9509 6094
9510 5699
9511 5721
9512 5448
9513 5877
9514 5171
9515 8515
9516 5901
9517 6012
9518 5967
9519 5853
9520 5033
9521 5362
9522 5036
9523 6028
9524 5019
9525 6338
9526 5709
9527 6036
9528 5413
9529 7373
9530 5256
9531 5081
9532 5773
9533 7026
9534 6212
9535 4967
9536 5378
9537 5523
9538 4961
9539 5339
9540 5584
9541 5211
9542 5753
9543 5542
9544 5837
9545 5088
9546 5585
9547 5586
9548 5713
9549 5336
9550 5343
9551 6588
9552 5826
9553 6587
9554 5314
9555 5980
9556 6649
9557 6581
9558 6336
9559 5646
9560 5332
9561 6210
9562 6588
9563 5335
9564 5088
9565 5835
9566 5387
9567 6103
9568 6542
9569 5727
9570 5421
9571 5591
9572 5075
9573 5340
9574 6207
9575 5377
9576 5173
9577 6496
9578 5299
9579 5833
9580 5594
9581 6327
9582 6904
9583 5394
9584 5835
9585 5211
9586 7085
9587 6468
9588 5585
9589 5451
9590 5527
9591 5585
9592 5401
9593 -994793
9594 6143
9595 5154
9596 6212
9597 6474
9598 5825
9599 5948
9600 5709
9601 5592
9602 6332
9603 6957
9604 5772
9605 5283
9606 5324
9607 5336
9608 6214
9609 5587
9610 5337
9611 5086
9612 5711
9613 5752
9614 5171
9615 5459
9616 4957
9617 6025
9618 5149
9619 5968
9620 6016
9621 6942
9622 5417
9623 5847
9624 5644
9625 5439
9626 5659
9627 5839
9628 5468
9629 5329
9630 5845
9631 5510
9632 5783
9633 5584
9634 5210
9635 5837
9636 5844
9637 6083
9638 6338
9639 7343
9640 6341
9641 5235
9642 9206
9643 6308
9644 6773
9645 7776
9646 5465
9647 8517
9648 8653
9649 7261
9650 9286
9651 8468
9652 5733
9653 6811
9654 4965
9655 6362
9656 5843
9657 5995
9658 7076
9659 5657
9660 5342
9661 6392
9662 5330
9663 5533
9664 5837
9665 5266
9666 5785
9667 6951
9668 5463
9669 6862
9670 6331
9671 6240
9672 6233
9673 6390
9674 5708
9675 6409
9676 5014
9677 5960
9678 5716
9679 5962
9680 5332
9681 6107
9682 5851
9683 5486
9684 5909
9685 5082
9686 5211
9687 6237
9688 5498
9689 5396
9690 5215
9691 5710
9692 6257
9693 5790
9694 5839
9695 5717
9696 5510
9697 5953
9698 6597
9699 5439
9700 5286
9701 6353
9702 5948
9703 5377
9704 5939
9705 6559
9706 6234
9707 5824
9708 5721
9709 5692
9710 5703
9711 5879
9712 5971
9713 5282
9714 5585
9715 5459
9716 5600
9717 5628
9718 5283
9719 5079
9720 5093
9721 6414
9722 5509
9723 5885
9724 5406
9725 5458
9726 6215
9727 6348
9728 5320
9729 5410
9730 5387
9731 5345
9732 5079
9733 5461
9734 6089
9735 5765
9736 6069
9737 5430
9738 5465
9739 6462
9740 5345
9741 6968
9742 5318
9743 5845
9744 4953
9745 5788
9746 5136
9747 5280
9748 5587
9749 5647
9750 5081
9751 5086
9752 4956
9753 6614
9754 5825
9755 5201
9756 5713
9757 5610
9758 6183
9759 7587
9760 6771
9761 5395
9762 -995045
9763 5090
9764 6079
9765 6664
9766 5136
9767 5086
9768 5597
9769 5329
9770 4952
9771 6469
9772 5454
9773 5964
9774 5090
9775 5391
9776 8363
9777 6568
9778 5264
9779 5841
9780 5460
9781 5087
9782 5773
9783 5282
9784 5079
9785 4961
9786 5711
9787 6215
9788 6715
9789 5335
9790 5411
9791 5275
9792 5828
9793 5955
9794 6084
9795 5337
9796 5339
9797 5713
9798 5111
9799 5939
9800 5463
9801 5097
9802 4949
9803 5800
9804 5253
9805 4962
9806 5522
9807 5155
9808 5085
9809 5595
9810 5834
9811 5331
9812 6211
9813 7089
9814 6096
9815 5933
9816 5405
9817 5254
9818 5421
9819 6195
9820 5417
9821 5349
9822 5026
9823 6608
9824 5606
9825 5673
9826 5841
9827 5731
9828 5087
9829 6006
9830 7167
9831 5532
9832 6892
9833 5483
9834 5343
9835 5488
9836 5945
9837 5105
9838 5816
9839 5119
9840 5739
9841 5509
9842 5385
9843 5311
9844 7321
9845 5064
9846 5440
9847 5633
9848 6542
9849 5309
9850 5845
9851 4810
9852 4951
9853 5497
9854 5665
9855 5566
9856 5258
9857 5417
9858 5694
9859 5576
9860 4942
9861 5077
9862 4850
9863 6507
9864 5263
9865 6210
9866 5701
9867 6620
9868 5425
9869 5244
9870 5385
9871 5841
9872 5321
9873 6526
9874 5512
9875 5698
9876 4965
9877 4947
9878 5708
9879 5860
9880 6629
9881 5705
9882 5197
9883 5454
9884 7196
9885 5334
9886 5579
9887 5645
9888 5883
9889 5318
9890 5085
9891 5580
9892 5459
9893 5584
9894 5955
9895 5081
9896 5082
9897 5215
9898 5569
9899 4956
9900 5642
9901 6551
9902 5056
9903 7703
9904 5192
9905 5089
9906 5509
9907 5439
9908 5700
9909 5667
9910 5684
9911 6026
9912 5132
9913 6188
9914 5316
9915 5872
9916 5663
9917 6191
9918 6607
9919 5124
9920 7337
9921 5546
9922 5895
9923 5457
9924 5197
9925 5247
9926 6165
9927 5232
9928 5474
9929 6828
9930 6514
9931 5788
9932 6958
9933 6017
9934 6532
9935 6500
9936 -994587
9937 5973
9938 5323
9939 5312
9940 5225
9941 5753
9942 5315
9943 5580
9944 5427
9945 5362
9946 5168
9947 5052
9948 5443
9949 5114
9950 5021
9951 5673
9952 5444
9953 5064
9954 6193
9955 5184
9956 6320
9957 4937
9958 5260
9959 5862
9960 5440
9961 6504
9962 4999
9963 5744
9964 5415
9965 5304
9966 5679
9967 5205
9968 5054
9969 5591
9970 6544
9971 4942
9972 5229
9973 5289
9974 6599
9975 5784
9976 5066
9977 5445
9978 5194
9979 5818
9980 5508
9981 5700
9982 5873
9983 5567
9984 5694
9985 5193
9986 5693
9987 6014
9988 5615
9989 6274
9990 5361
9991 5320
9992 6483
9993 5665
9994 4893
9995 5306
9996 5220
9997 5416
9998 5246
9999 5522
