0 75
1 20
2 18
3 18
4 17
5 18
6 18
7 17
8 18
9 18
10 18
11 18
12 18
13 18
14 18
15 17
16 18
17 18
18 18
19 18
20 20
21 17
22 17
23 18
24 18
25 17
26 18
27 17
28 19
29 17
30 17
31 18
32 18
33 17
34 17
35 18
36 17
37 18
38 17
39 18
40 18
41 17
42 17
43 17
44 18
45 18
46 18
47 18
48 18
49 18
50 17
51 18
52 17
53 18
54 18
55 17
56 17
57 18
58 18
59 18
60 18
61 18
62 18
63 17
64 17
65 18
66 19
67 18
68 18
69 18
70 18
71 17
72 18
73 18
74 18
75 18
76 17
77 18
78 17
79 17
80 18
81 18
82 17
83 17
84 18
85 18
86 17
87 18
88 17
89 17
90 18
91 18
92 17
93 17
94 17
95 18
96 18
97 18
98 18
99 17
100 17
101 17
102 17
103 17
104 17
105 17
106 18
107 17
108 17
109 17
110 18
111 18
112 17
113 17
114 17
115 18
116 17
117 17
118 18
119 18
120 17
121 17
122 17
123 18
124 18
125 18
126 18
127 17
128 18
129 18
130 18
131 18
132 18
133 18
134 17
135 17
136 18
137 18
138 17
139 17
140 18
141 17
142 17
143 19
144 18
145 18
146 17
147 17
148 18
149 17
150 17
151 17
152 17
153 17
154 17
155 17
156 17
157 18
158 18
159 17
160 17
161 17
162 18
163 18
164 18
165 17
166 17
167 18
168 18
169 18
170 18
171 18
172 18
173 18
174 17
175 18
176 18
177 17
178 17
179 19
180 18
181 17
182 17
183 18
184 18
185 18
186 17
187 18
188 18
189 18
190 18
191 18
192 17
193 17
194 17
195 18
196 18
197 18
198 17
199 17
200 17
201 18
202 17
203 17
204 17
205 17
206 17
207 17
208 17
209 17
210 17
211 18
212 18
213 17
214 17
215 18
216 18
217 18
218 17
219 18
220 17
221 18
222 19
223 17
224 19
225 18
226 18
227 18
228 19
229 18
230 18
231 18
232 19
233 19
234 18
235 19
236 17
237 18
238 17
239 19
240 18
241 18
242 19
243 18
244 18
245 20
246 18
247 18
248 18
249 18
250 18
251 18
252 18
253 18
254 18
255 20
256 19
257 18
258 18
259 19
260 20
261 20
262 18
263 19
264 19
265 18
266 18
267 19
268 17
269 18
270 19
271 19
272 18
273 18
274 17
275 18
276 18
277 18
278 17
279 18
280 18
281 19
282 18
283 18
284 20
285 19
286 19
287 18
288 18
289 19
290 18
291 18
292 17
293 19
294 18
295 19
296 17
297 18
298 17
299 18
300 17
301 17
302 19
303 18
304 19
305 18
306 18
307 18
308 19
309 18
310 19
311 18
312 18
313 18
314 18
315 19
316 18
317 17
318 19
319 18
320 19
321 18
322 18
323 18
324 18
325 19
326 19
327 19
328 18
329 19
330 19
331 19
332 17
333 17
334 18
335 17
336 18
337 17
338 18
339 17
340 19
341 19
342 19
343 18
344 18
345 19
346 19
347 19
348 20
349 18
350 20
351 18
352 17
353 32
354 26
355 20
356 20
357 19
358 19
359 19
360 18
361 17
362 19
363 19
364 18
365 19
366 19
367 19
368 17
369 17
370 18
371 17
372 18
373 18
374 17
375 17
376 17
377 18
378 18
379 18
380 17
381 17
382 18
383 18
384 17
385 17
386 17
387 18
388 18
389 19
390 18
391 18
392 18
393 18
394 17
395 17
396 17
397 18
398 18
399 17
400 17
401 17
402 17
403 18
404 18
405 17
406 17
407 18
408 18
409 17
410 18
411 17
412 17
413 17
414 18
415 17
416 17
417 17
418 18
419 18
420 18
421 17
422 17
423 18
424 18
425 18
426 17
427 17
428 17
429 17
430 17
431 17
432 17
433 17
434 18
435 18
436 17
437 17
438 17
439 17
440 18
441 18
442 17
443 17
444 17
445 17
446 18
447 18
448 17
449 17
450 17
451 17
452 17
453 18
454 18
455 17
456 17
457 18
458 17
459 17
460 17
461 18
462 17
463 18
464 17
465 17
466 17
467 17
468 17
469 18
470 18
471 17
472 17
473 18
474 17
475 18
476 18
477 18
478 17
479 17
480 18
481 18
482 18
483 17
484 17
485 18
486 18
487 18
488 17
489 17
490 17
491 18
492 17
493 18
494 18
495 17
496 17
497 17
498 18
499 18
500 17
501 18
502 18
503 17
504 17
505 17
506 17
507 17
508 17
509 17
510 17
511 18
512 18
513 17
514 18
515 17
516 17
517 17
518 17
519 17
520 18
521 17
522 17
523 18
524 18
525 18
526 17
527 18
528 18
529 17
530 18
531 29
532 18
533 17
534 17
535 17
536 17
537 18
538 17
539 18
540 18
541 18
542 17
543 18
544 17
545 17
546 17
547 17
548 17
549 18
550 18
551 17
552 17
553 17
554 17
555 17
556 18
557 18
558 17
559 18
560 18
561 17
562 17
563 17
564 17
565 17
566 17
567 17
568 18
569 18
570 17
571 18
572 18
573 18
574 17
575 17
576 17
577 17
578 18
579 18
580 17
581 17
582 17
583 17
584 17
585 17
586 18
587 17
588 17
589 17
590 17
591 18
592 18
593 18
594 17
595 17
596 20
597 17
598 18
599 18
600 18
601 18
602 18
603 18
604 17
605 17
606 17
607 18
608 18
609 18
610 18
611 18
612 17
613 17
614 17
615 17
616 17
617 17
618 17
619 17
620 17
621 17
622 17
623 17
624 17
625 18
626 18
627 17
628 17
629 18
630 18
631 18
632 17
633 17
634 18
635 18
636 17
637 17
638 17
639 17
640 17
641 18
642 18
643 17
644 17
645 18
646 18
647 17
648 17
649 17
650 18
651 18
652 18
653 17
654 17
655 17
656 17
657 17
658 17
659 17
660 20
661 18
662 18
663 17
664 17
665 17
666 17
667 17
668 17
669 17
670 17
671 18
672 17
673 17
674 17
675 17
676 17
677 17
678 17
679 17
680 17
681 18
682 18
683 18
684 18
685 17
686 17
687 17
688 18
689 17
690 17
691 17
692 17
693 18
694 17
695 17
696 17
697 17
698 17
699 18
700 17
701 17
702 18
703 18
704 18
705 17
706 17
707 17
708 17
709 17
710 17
711 22
712 17
713 18
714 18
715 17
716 18
717 18
718 18
719 18
720 18
721 18
722 17
723 17
724 19
725 17
726 17
727 17
728 17
729 18
730 18
731 17
732 17
733 17
734 17
735 17
736 17
737 18
738 17
739 18
740 22
741 18
742 18
743 18
744 18
745 18
746 17
747 17
748 17
749 17
750 18
751 17
752 17
753 17
754 17
755 17
756 17
757 18
758 17
759 17
760 18
761 17
762 18
763 18
764 17
765 17
766 18
767 17
768 17
769 18
770 17
771 18
772 17
773 17
774 18
775 18
776 17
777 17
778 17
779 17
780 17
781 17
782 17
783 17
784 17
785 18
786 18
787 17
788 19
789 17
790 18
791 18
792 18
793 18
794 17
795 17
796 17
797 17
798 17
799 17
800 18
801 18
802 17
803 17
804 22
805 18
806 17
807 17
808 17
809 18
810 17
811 18
812 18
813 17
814 17
815 18
816 18
817 18
818 18
819 24
820 17
821 17
822 17
823 17
824 18
825 18
826 17
827 17
828 17
829 18
830 18
831 17
832 17
833 17
834 18
835 18
836 17
837 17
838 18
839 17
840 18
841 17
842 17
843 17
844 17
845 18
846 17
847 17
848 18
849 17
850 17
851 17
852 18
853 18
854 18
855 18
856 19
857 17
858 18
859 18
860 17
861 17
862 17
863 18
864 17
865 18
866 17
867 17
868 18
869 17
870 18
871 19
872 18
873 18
874 18
875 17
876 18
877 18
878 18
879 17
880 17
881 17
882 18
883 17
884 18
885 19
886 18
887 17
888 17
889 17
890 274
891 19
892 18
893 18
894 17
895 17
896 17
897 17
898 18
899 18
900 17
901 17
902 17
903 17
904 17
905 17
906 18
907 18
908 18
909 18
910 17
911 18
912 17
913 17
914 17
915 18
916 18
917 18
918 17
919 19
920 18
921 18
922 17
923 18
924 18
925 17
926 18
927 18
928 18
929 18
930 18
931 17
932 18
933 18
934 18
935 18
936 18
937 18
938 19
939 18
940 19
941 17
942 18
943 18
944 18
945 19
946 18
947 18
948 18
949 18
950 17
951 18
952 18
953 18
954 18
955 18
956 18
957 18
958 17
959 18
960 17
961 18
962 18
963 17
964 18
965 17
966 17
967 17
968 17
969 17
970 18
971 19
972 17
973 18
974 18
975 18
976 18
977 18
978 17
979 18
980 18
981 17
982 18
983 18
984 17
985 17
986 18
987 18
988 18
989 19
990 18
991 18
992 17
993 18
994 17
995 18
996 18
997 18
998 17
999 18
1000 18
1001 18
1002 17
1003 18
1004 17
1005 18
1006 18
1007 17
1008 18
1009 17
1010 18
1011 18
1012 18
1013 18
1014 17
1015 17
1016 17
1017 17
1018 17
1019 18
1020 17
1021 18
1022 17
1023 17
1024 17
1025 18
1026 17
1027 18
1028 18
1029 17
1030 18
1031 18
1032 17
1033 18
1034 18
1035 18
1036 18
1037 17
1038 18
1039 18
1040 17
1041 18
1042 17
1043 17
1044 17
1045 18
1046 17
1047 18
1048 18
1049 17
1050 18
1051 17
1052 18
1053 17
1054 18
1055 18
1056 27
1057 17
1058 17
1059 17
1060 18
1061 17
1062 17
1063 17
1064 18
1065 19
1066 18
1067 18
1068 18
1069 17
1070 18
1071 18
1072 17
1073 18
1074 18
1075 18
1076 17
1077 18
1078 18
1079 17
1080 17
1081 18
1082 17
1083 17
1084 18
1085 18
1086 17
1087 17
1088 17
1089 18
1090 18
1091 18
1092 18
1093 18
1094 19
1095 17
1096 18
1097 17
1098 18
1099 18
1100 17
1101 18
1102 17
1103 18
1104 20
1105 19
1106 18
1107 17
1108 18
1109 18
1110 18
1111 17
1112 18
1113 17
1114 19
1115 18
1116 17
1117 17
1118 18
1119 18
1120 18
1121 18
1122 17
1123 18
1124 17
1125 18
1126 20
1127 17
1128 18
1129 18
1130 18
1131 18
1132 17
1133 17
1134 18
1135 17
1136 17
1137 17
1138 18
1139 18
1140 17
1141 17
1142 18
1143 19
1144 18
1145 18
1146 18
1147 18
1148 18
1149 17
1150 17
1151 17
1152 18
1153 18
1154 17
1155 17
1156 17
1157 17
1158 18
1159 18
1160 18
1161 18
1162 18
1163 18
1164 18
1165 17
1166 17
1167 17
1168 18
1169 17
1170 18
1171 17
1172 17
1173 18
1174 17
1175 18
1176 17
1177 18
1178 17
1179 19
1180 17
1181 18
1182 17
1183 18
1184 17
1185 18
1186 18
1187 18
1188 18
1189 18
1190 17
1191 18
1192 17
1193 17
1194 19
1195 18
1196 18
1197 17
1198 17
1199 17
1200 18
1201 18
1202 17
1203 17
1204 18
1205 18
1206 18
1207 17
1208 18
1209 18
1210 17
1211 18
1212 17
1213 18
1214 17
1215 17
1216 18
1217 18
1218 18
1219 17
1220 18
1221 17
1222 17
1223 18
1224 18
1225 18
1226 18
1227 17
1228 18
1229 17
1230 18
1231 17
1232 18
1233 26
1234 19
1235 18
1236 17
1237 18
1238 18
1239 17
1240 18
1241 17
1242 18
1243 17
1244 18
1245 18
1246 17
1247 17
1248 17
1249 18
1250 18
1251 18
1252 18
1253 18
1254 17
1255 17
1256 17
1257 18
1258 18
1259 17
1260 17
1261 18
1262 19
1263 18
1264 17
1265 18
1266 18
1267 18
1268 19
1269 18
1270 18
1271 17
1272 18
1273 18
1274 17
1275 17
1276 18
1277 18
1278 18
1279 17
1280 18
1281 18
1282 18
1283 18
1284 17
1285 18
1286 18
1287 18
1288 17
1289 17
1290 18
1291 18
1292 17
1293 18
1294 18
1295 18
1296 17
1297 18
1298 18
1299 17
1300 17
1301 17
1302 18
1303 17
1304 18
1305 18
1306 18
1307 18
1308 18
1309 17
1310 17
1311 18
1312 17
1313 18
1314 18
1315 18
1316 18
1317 18
1318 17
1319 18
1320 17
1321 19
1322 17
1323 18
1324 18
1325 17
1326 18
1327 18
1328 19
1329 18
1330 17
1331 20
1332 18
1333 17
1334 18
1335 18
1336 17
1337 17
1338 19
1339 17
1340 17
1341 18
1342 18
1343 17
1344 18
1345 17
1346 18
1347 17
1348 18
1349 18
1350 18
1351 17
1352 17
1353 18
1354 17
1355 17
1356 18
1357 18
1358 17
1359 18
1360 17
1361 18
1362 17
1363 18
1364 18
1365 18
1366 17
1367 18
1368 17
1369 18
1370 18
1371 18
1372 18
1373 17
1374 18
1375 18
1376 18
1377 18
1378 18
1379 18
1380 17
1381 18
1382 18
1383 17
1384 18
1385 17
1386 17
1387 18
1388 18
1389 18
1390 18
1391 18
1392 17
1393 18
1394 18
1395 17
1396 17
1397 18
1398 18
1399 18
1400 17
1401 18
1402 18
1403 17
1404 17
1405 18
1406 18
1407 18
1408 17
1409 17
1410 27
1411 19
1412 18
1413 18
1414 17
1415 18
1416 17
1417 18
1418 18
1419 18
1420 17
1421 18
1422 18
1423 17
1424 17
1425 18
1426 18
1427 17
1428 17
1429 17
1430 18
1431 17
1432 18
1433 17
1434 17
1435 22
1436 18
1437 18
1438 18
1439 17
1440 17
1441 18
1442 17
1443 17
1444 17
1445 17
1446 18
1447 18
1448 17
1449 17
1450 17
1451 18
1452 17
1453 18
1454 17
1455 17
1456 18
1457 17
1458 18
1459 18
1460 18
1461 17
1462 17
1463 17
1464 18
1465 17
1466 17
1467 17
1468 18
1469 18
1470 17
1471 18
1472 18
1473 18
1474 17
1475 17
1476 18
1477 18
1478 17
1479 17
1480 17
1481 17
1482 17
1483 18
1484 18
1485 18
1486 17
1487 17
1488 17
1489 18
1490 18
1491 18
1492 17
1493 17
1494 18
1495 18
1496 17
1497 18
1498 18
1499 18
1500 18
1501 17
1502 17
1503 17
1504 17
1505 18
1506 18
1507 17
1508 17
1509 17
1510 17
1511 17
1512 17
1513 18
1514 18
1515 18
1516 18
1517 18
1518 17
1519 18
1520 17
1521 17
1522 18
1523 17
1524 17
1525 18
1526 17
1527 17
1528 18
1529 18
1530 17
1531 18
1532 18
1533 18
1534 18
1535 17
1536 17
1537 17
1538 17
1539 17
1540 18
1541 18
1542 18
1543 18
1544 18
1545 17
1546 17
1547 18
1548 18
1549 17
1550 18
1551 18
1552 18
1553 17
1554 18
1555 18
1556 17
1557 17
1558 17
1559 18
1560 18
1561 17
1562 17
1563 18
1564 18
1565 17
1566 17
1567 17
1568 17
1569 17
1570 18
1571 18
1572 17
1573 17
1574 17
1575 18
1576 18
1577 17
1578 17
1579 18
1580 18
1581 17
1582 17
1583 17
1584 18
1585 18
1586 17
1587 17
1588 17
1589 32
1590 18
1591 17
1592 17
1593 18
1594 18
1595 17
1596 17
1597 18
1598 18
1599 18
1600 18
1601 17
1602 17
1603 17
1604 17
1605 18
1606 18
1607 18
1608 17
1609 17
1610 17
1611 17
1612 17
1613 17
1614 18
1615 17
1616 18
1617 18
1618 17
1619 17
1620 18
1621 17
1622 17
1623 18
1624 18
1625 17
1626 18
1627 18
1628 17
1629 17
1630 17
1631 17
1632 17
1633 18
1634 18
1635 18
1636 18
1637 18
1638 18
1639 18
1640 18
1641 17
1642 17
1643 18
1644 18
1645 18
1646 17
1647 17
1648 18
1649 18
1650 17
1651 18
1652 18
1653 18
1654 17
1655 17
1656 18
1657 18
1658 18
1659 17
1660 18
1661 18
1662 17
1663 17
1664 18
1665 18
1666 17
1667 18
1668 18
1669 18
1670 18
1671 18
1672 17
1673 18
1674 18
1675 18
1676 17
1677 18
1678 18
1679 18
1680 18
1681 17
1682 18
1683 18
1684 19
1685 18
1686 18
1687 22
1688 19
1689 19
1690 18
1691 17
1692 18
1693 19
1694 18
1695 18
1696 18
1697 20
1698 19
1699 18
1700 19
1701 18
1702 18
1703 42
1704 19
1705 17
1706 18
1707 17
1708 19
1709 18
1710 17
1711 18
1712 18
1713 19
1714 18
1715 18
1716 20
1717 18
1718 17
1719 17
1720 18
1721 18
1722 18
1723 18
1724 18
1725 17
1726 17
1727 17
1728 18
1729 17
1730 18
1731 17
1732 17
1733 17
1734 17
1735 17
1736 18
1737 17
1738 18
1739 17
1740 17
1741 18
1742 18
1743 17
1744 18
1745 17
1746 18
1747 17
1748 17
1749 18
1750 18
1751 18
1752 18
1753 18
1754 17
1755 18
1756 18
1757 17
1758 17
1759 17
1760 17
1761 17
1762 18
1763 18
1764 19
1765 18
1766 31
1767 17
1768 17
1769 18
1770 17
1771 18
1772 18
1773 17
1774 27
1775 19
1776 18
1777 17
1778 17
1779 17
1780 17
1781 17
1782 17
1783 17
1784 17
1785 18
1786 18
1787 18
1788 17
1789 17
1790 17
1791 17
1792 17
1793 17
1794 17
1795 17
1796 17
1797 18
1798 17
1799 18
1800 18
1801 18
1802 18
1803 17
1804 17
1805 17
1806 18
1807 17
1808 17
1809 17
1810 17
1811 17
1812 17
1813 17
1814 17
1815 17
1816 17
1817 17
1818 17
1819 17
1820 27
1821 19
1822 18
1823 18
1824 18
1825 18
1826 17
1827 17
1828 17
1829 17
1830 18
1831 18
1832 18
1833 18
1834 17
1835 18
1836 18
1837 18
1838 18
1839 17
1840 17
1841 17
1842 17
1843 18
1844 17
1845 17
1846 17
1847 18
1848 19
1849 18
1850 17
1851 17
1852 18
1853 17
1854 18
1855 18
1856 17
1857 17
1858 18
1859 20
1860 17
1861 18
1862 17
1863 17
1864 17
1865 17
1866 17
1867 17
1868 17
1869 17
1870 17
1871 17
1872 18
1873 17
1874 18
1875 17
1876 18
1877 17
1878 17
1879 17
1880 18
1881 17
1882 19
1883 19
1884 18
1885 17
1886 27
1887 18
1888 18
1889 18
1890 18
1891 17
1892 17
1893 17
1894 17
1895 17
1896 17
1897 18
1898 19
1899 18
1900 17
1901 17
1902 17
1903 17
1904 17
1905 17
1906 17
1907 17
1908 17
1909 18
1910 17
1911 18
1912 18
1913 17
1914 17
1915 17
1916 18
1917 17
1918 17
1919 17
1920 18
1921 18
1922 17
1923 18
1924 18
1925 18
1926 19
1927 18
1928 17
1929 17
1930 17
1931 18
1932 18
1933 18
1934 18
1935 17
1936 18
1937 19
1938 17
1939 18
1940 17
1941 18
1942 18
1943 17
1944 17
1945 36
1946 17
1947 18
1948 19
1949 18
1950 17
1951 17
1952 17
1953 18
1954 17
1955 17
1956 17
1957 17
1958 17
1959 17
1960 18
1961 18
1962 18
1963 17
1964 18
1965 18
1966 17
1967 17
1968 17
1969 17
1970 18
1971 17
1972 17
1973 17
1974 18
1975 17
1976 17
1977 18
1978 17
1979 17
1980 17
1981 17
1982 17
1983 17
1984 18
1985 18
1986 18
1987 18
1988 18
1989 18
1990 19
1991 18
1992 17
1993 18
1994 19
1995 19
1996 18
1997 18
1998 20
1999 18
2000 18
2001 17
2002 17
2003 17
2004 17
2005 17
2006 17
2007 18
2008 17
2009 18
2010 18
2011 18
2012 18
2013 18
2014 18
2015 17
2016 18
2017 18
2018 18
2019 17
2020 17
2021 17
2022 18
2023 17
2024 18
2025 18
2026 19
2027 18
2028 17
2029 18
2030 18
2031 18
2032 18
2033 18
2034 17
2035 17
2036 17
2037 18
2038 18
2039 18
2040 17
2041 17
2042 17
2043 17
2044 17
2045 17
2046 17
2047 18
2048 18
2049 18
2050 17
2051 17
2052 18
2053 17
2054 18
2055 17
2056 17
2057 17
2058 17
2059 17
2060 17
2061 17
2062 17
2063 17
2064 17
2065 17
2066 19
2067 18
2068 17
2069 17
2070 17
2071 19
2072 17
2073 18
2074 17
2075 17
2076 17
2077 17
2078 18
2079 17
2080 17
2081 17
2082 18
2083 18
2084 18
2085 17
2086 17
2087 17
2088 17
2089 17
2090 17
2091 18
2092 17
2093 27
2094 18
2095 17
2096 17
2097 18
2098 17
2099 17
2100 18
2101 17
2102 17
2103 17
2104 17
2105 17
2106 18
2107 17
2108 17
2109 17
2110 17
2111 19
2112 17
2113 17
2114 17
2115 17
2116 18
2117 17
2118 18
2119 17
2120 17
2121 17
2122 17
2123 17
2124 31
2125 17
2126 18
2127 17
2128 17
2129 17
2130 17
2131 17
2132 17
2133 19
2134 17
2135 17
2136 17
2137 17
2138 18
2139 17
2140 19
2141 18
2142 17
2143 17
2144 17
2145 17
2146 17
2147 17
2148 18
2149 17
2150 17
2151 17
2152 17
2153 17
2154 17
2155 17
2156 17
2157 17
2158 18
2159 18
2160 18
2161 18
2162 17
2163 18
2164 18
2165 17
2166 17
2167 26
2168 18
2169 17
2170 17
2171 24
2172 18
2173 17
2174 17
2175 17
2176 17
2177 17
2178 17
2179 17
2180 17
2181 17
2182 25
2183 18
2184 16
2185 17
2186 17
2187 17
2188 18
2189 18
2190 18
2191 18
2192 17
2193 17
2194 17
2195 17
2196 17
2197 17
2198 17
2199 17
2200 18
2201 18
2202 17
2203 18
2204 17
2205 17
2206 17
2207 17
2208 18
2209 18
2210 18
2211 17
2212 18
2213 19
2214 18
2215 17
2216 17
2217 17
2218 17
2219 17
2220 17
2221 17
2222 17
2223 17
2224 18
2225 18
2226 17
2227 17
2228 17
2229 18
2230 18
2231 18
2232 18
2233 18
2234 17
2235 17
2236 17
2237 17
2238 17
2239 17
2240 17
2241 17
2242 17
2243 17
2244 17
2245 17
2246 17
2247 17
2248 17
2249 18
2250 17
2251 17
2252 17
2253 17
2254 17
2255 17
2256 18
2257 29
2258 18
2259 17
2260 17
2261 17
2262 17
2263 17
2264 17
2265 17
2266 17
2267 18
2268 17
2269 17
2270 17
2271 17
2272 17
2273 16
2274 18
2275 18
2276 17
2277 17
2278 17
2279 17
2280 17
2281 17
2282 17
2283 18
2284 17
2285 24
2286 19
2287 18
2288 17
2289 17
2290 18
2291 17
2292 17
2293 17
2294 17
2295 17
2296 17
2297 17
2298 17
2299 17
2300 17
2301 17
2302 17
2303 173
2304 18
2305 18
2306 17
2307 17
2308 17
2309 18
2310 18
2311 17
2312 17
2313 17
2314 17
2315 17
2316 17
2317 17
2318 17
2319 17
2320 17
2321 17
2322 17
2323 17
2324 17
2325 17
2326 17
2327 17
2328 18
2329 17
2330 19
2331 18
2332 18
2333 18
2334 18
2335 18
2336 17
2337 18
2338 17
2339 17
2340 18
2341 17
2342 17
2343 17
2344 18
2345 17
2346 18
2347 17
2348 17
2349 17
2350 17
2351 17
2352 17
2353 17
2354 17
2355 17
2356 17
2357 18
2358 17
2359 19
2360 17
2361 18
2362 20
2363 17
2364 18
2365 18
2366 18
2367 17
2368 17
2369 17
2370 18
2371 18
2372 18
2373 19
2374 18
2375 17
2376 17
2377 18
2378 18
2379 17
2380 17
2381 18
2382 17
2383 17
2384 18
2385 18
2386 18
2387 18
2388 17
2389 17
2390 18
2391 18
2392 17
2393 17
2394 18
2395 18
2396 18
2397 17
2398 17
2399 17
2400 18
2401 18
2402 17
2403 17
2404 18
2405 18
2406 17
2407 17
2408 18
2409 18
2410 17
2411 21
2412 17
2413 18
2414 19
2415 18
2416 18
2417 18
2418 18
2419 18
2420 18
2421 17
2422 28
2423 18
2424 17
2425 17
2426 18
2427 17
2428 17
2429 17
2430 17
2431 17
2432 18
2433 17
2434 17
2435 17
2436 18
2437 17
2438 18
2439 17
2440 17
2441 18
2442 18
2443 17
2444 18
2445 18
2446 18
2447 18
2448 18
2449 17
2450 17
2451 17
2452 17
2453 17
2454 18
2455 17
2456 18
2457 17
2458 17
2459 17
2460 17
2461 18
2462 18
2463 18
2464 18
2465 17
2466 17
2467 18
2468 27
2469 18
2470 17
2471 18
2472 18
2473 19
2474 33
2475 18
2476 18
2477 18
2478 18
2479 18
2480 18
2481 17
2482 26
2483 18
2484 17
2485 17
2486 18
2487 18
2488 17
2489 18
2490 17
2491 17
2492 18
2493 18
2494 17
2495 17
2496 17
2497 18
2498 18
2499 18
2500 18
2501 18
2502 18
2503 18
2504 17
2505 17
2506 18
2507 18
2508 18
2509 18
2510 17
2511 17
2512 18
2513 17
2514 17
2515 18
2516 18
2517 17
2518 17
2519 17
2520 18
2521 17
2522 17
2523 17
2524 18
2525 18
2526 17
2527 18
2528 17
2529 19
2530 18
2531 18
2532 17
2533 18
2534 18
2535 17
2536 17
2537 17
2538 17
2539 17
2540 18
2541 17
2542 18
2543 17
2544 18
2545 18
2546 17
2547 17
2548 17
2549 17
2550 18
2551 18
2552 17
2553 17
2554 18
2555 17
2556 17
2557 17
2558 17
2559 18
2560 17
2561 17
2562 17
2563 17
2564 18
2565 18
2566 18
2567 18
2568 18
2569 18
2570 17
2571 17
2572 17
2573 17
2574 17
2575 17
2576 17
2577 18
2578 20
2579 17
2580 18
2581 17
2582 18
2583 17
2584 17
2585 17
2586 17
2587 18
2588 18
2589 18
2590 18
2591 17
2592 17
2593 18
2594 18
2595 19
2596 17
2597 18
2598 18
2599 17
2600 18
2601 17
2602 17
2603 18
2604 18
2605 17
2606 18
2607 17
2608 18
2609 18
2610 17
2611 19
2612 18
2613 17
2614 18
2615 18
2616 17
2617 18
2618 17
2619 17
2620 17
2621 18
2622 18
2623 17
2624 18
2625 17
2626 18
2627 18
2628 17
2629 17
2630 18
2631 18
2632 17
2633 17
2634 19
2635 19
2636 19
2637 17
2638 17
2639 18
2640 18
2641 18
2642 17
2643 17
2644 17
2645 17
2646 18
2647 17
2648 17
2649 17
2650 17
2651 17
2652 29
2653 18
2654 17
2655 18
2656 19
2657 18
2658 17
2659 17
2660 18
2661 17
2662 17
2663 17
2664 17
2665 17
2666 17
2667 18
2668 17
2669 17
2670 17
2671 17
2672 18
2673 18
2674 18
2675 17
2676 17
2677 17
2678 17
2679 17
2680 17
2681 17
2682 17
2683 18
2684 19
2685 17
2686 17
2687 18
2688 18
2689 18
2690 18
2691 18
2692 17
2693 17
2694 17
2695 17
2696 17
2697 17
2698 17
2699 17
2700 18
2701 18
2702 17
2703 17
2704 17
2705 17
2706 19
2707 18
2708 18
2709 17
2710 17
2711 17
2712 17
2713 17
2714 17
2715 17
2716 17
2717 17
2718 18
2719 17
2720 17
2721 17
2722 17
2723 18
2724 18
2725 17
2726 17
2727 17
2728 17
2729 18
2730 17
2731 16
2732 17
2733 17
2734 18
2735 19
2736 18
2737 17
2738 17
2739 17
2740 17
2741 17
2742 17
2743 17
2744 18
2745 27
2746 18
2747 18
2748 17
2749 18
2750 17
2751 17
2752 17
2753 17
2754 17
2755 17
2756 17
2757 17
2758 17
2759 18
2760 17
2761 17
2762 18
2763 18
2764 18
2765 18
2766 17
2767 17
2768 17
2769 17
2770 17
2771 17
2772 17
2773 16
2774 17
2775 17
2776 17
2777 17
2778 17
2779 18
2780 17
2781 17
2782 17
2783 17
2784 17
2785 18
2786 17
2787 17
2788 17
2789 17
2790 17
2791 17
2792 17
2793 17
2794 17
2795 18
2796 18
2797 26
2798 17
2799 17
2800 17
2801 17
2802 17
2803 17
2804 18
2805 17
2806 17
2807 17
2808 18
2809 19
2810 17
2811 17
2812 17
2813 17
2814 17
2815 17
2816 17
2817 18
2818 17
2819 18
2820 17
2821 17
2822 17
2823 17
2824 17
2825 17
2826 17
2827 17
2828 17
2829 17
2830 17
2831 17
2832 30
2833 17
2834 17
2835 17
2836 18
2837 18
2838 18
2839 17
2840 18
2841 17
2842 18
2843 17
2844 18
2845 17
2846 18
2847 17
2848 17
2849 17
2850 17
2851 17
2852 19
2853 17
2854 18
2855 17
2856 17
2857 17
2858 17
2859 17
2860 17
2861 17
2862 17
2863 17
2864 17
2865 17
2866 17
2867 18
2868 17
2869 17
2870 17
2871 17
2872 17
2873 17
2874 17
2875 25
2876 18
2877 17
2878 17
2879 17
2880 18
2881 18
2882 18
2883 18
2884 18
2885 17
2886 18
2887 19
2888 17
2889 17
2890 17
2891 17
2892 17
2893 17
2894 17
2895 17
2896 27
2897 18
2898 18
2899 18
2900 17
2901 17
2902 17
2903 17
2904 17
2905 19
2906 17
2907 17
2908 17
2909 17
2910 17
2911 17
2912 17
2913 18
2914 18
2915 18
2916 17
2917 17
2918 17
2919 17
2920 17
2921 17
2922 17
2923 17
2924 17
2925 17
2926 17
2927 17
2928 17
2929 17
2930 17
2931 17
2932 17
2933 17
2934 17
2935 17
2936 17
2937 17
2938 17
2939 17
2940 17
2941 17
2942 17
2943 17
2944 18
2945 18
2946 18
2947 17
2948 17
2949 17
2950 17
2951 17
2952 17
2953 17
2954 18
2955 17
2956 17
2957 17
2958 26
2959 18
2960 17
2961 16
2962 17
2963 18
2964 19
2965 18
2966 18
2967 17
2968 19
2969 19
2970 17
2971 18
2972 18
2973 17
2974 17
2975 17
2976 17
2977 17
2978 18
2979 17
2980 27
2981 18
2982 17
2983 18
2984 17
2985 17
2986 18
2987 18
2988 17
2989 17
2990 18
2991 17
2992 19
2993 17
2994 18
2995 17
2996 18
2997 17
2998 17
2999 17
3000 18
3001 18
3002 18
3003 17
3004 17
3005 17
3006 18
3007 18
3008 17
3009 17
3010 18
3011 20
3012 18
3013 18
3014 20
3015 17
3016 17
3017 18
3018 18
3019 18
3020 17
3021 17
3022 18
3023 17
3024 19
3025 17
3026 18
3027 18
3028 17
3029 18
3030 19
3031 17
3032 17
3033 21
3034 18
3035 19
3036 17
3037 18
3038 18
3039 17
3040 17
3041 17
3042 17
3043 17
3044 17
3045 17
3046 17
3047 17
3048 17
3049 17
3050 18
3051 18
3052 17
3053 17
3054 17
3055 17
3056 17
3057 17
3058 17
3059 17
3060 18
3061 18
3062 17
3063 17
3064 17
3065 17
3066 17
3067 17
3068 17
3069 17
3070 17
3071 17
3072 17
3073 17
3074 17
3075 17
3076 17
3077 17
3078 18
3079 17
3080 17
3081 17
3082 17
3083 17
3084 18
3085 18
3086 17
3087 17
3088 17
3089 17
3090 18
3091 17
3092 17
3093 18
3094 18
3095 18
3096 18
3097 19
3098 19
3099 17
3100 17
3101 17
3102 17
3103 18
3104 17
3105 17
3106 17
3107 17
3108 27
3109 18
3110 17
3111 17
3112 17
3113 18
3114 17
3115 17
3116 17
3117 17
3118 17
3119 24
3120 19
3121 17
3122 17
3123 17
3124 17
3125 18
3126 17
3127 17
3128 17
3129 17
3130 17
3131 17
3132 17
3133 17
3134 18
3135 17
3136 17
3137 17
3138 17
3139 17
3140 17
3141 17
3142 18
3143 17
3144 18
3145 18
3146 17
3147 17
3148 17
3149 17
3150 17
3151 17
3152 17
3153 18
3154 18
3155 18
3156 17
3157 17
3158 17
3159 17
3160 17
3161 19
3162 17
3163 17
3164 17
3165 17
3166 17
3167 17
3168 17
3169 17
3170 17
3171 17
3172 17
3173 17
3174 17
3175 17
3176 17
3177 18
3178 17
3179 18
3180 17
3181 17
3182 17
3183 17
3184 18
3185 18
3186 18
3187 18
3188 17
3189 17
3190 26
3191 17
3192 17
3193 18
3194 17
3195 17
3196 17
3197 17
3198 17
3199 17
3200 17
3201 17
3202 17
3203 17
3204 18
3205 18
3206 17
3207 17
3208 17
3209 18
3210 17
3211 17
3212 17
3213 17
3214 17
3215 17
3216 17
3217 17
3218 17
3219 17
3220 17
3221 17
3222 16
3223 17
3224 17
3225 19
3226 17
3227 17
3228 17
3229 18
3230 18
3231 17
3232 17
3233 17
3234 17
3235 18
3236 18
3237 17
3238 17
3239 17
3240 17
3241 17
3242 17
3243 17
3244 18
3245 18
3246 17
3247 17
3248 17
3249 17
3250 17
3251 17
3252 17
3253 17
3254 17
3255 17
3256 17
3257 17
3258 17
3259 17
3260 17
3261 17
3262 17
3263 17
3264 17
3265 17
3266 17
3267 17
3268 18
3269 18
3270 17
3271 17
3272 17
3273 17
3274 17
3275 16
3276 17
3277 20
3278 17
3279 25
3280 18
3281 18
3282 17
3283 17
3284 17
3285 17
3286 18
3287 17
3288 17
3289 19
3290 17
3291 17
3292 17
3293 17
3294 25
3295 18
3296 17
3297 18
3298 18
3299 17
3300 17
3301 17
3302 17
3303 17
3304 17
3305 17
3306 17
3307 17
3308 17
3309 17
3310 17
3311 17
3312 17
3313 17
3314 17
3315 17
3316 17
3317 17
3318 17
3319 17
3320 17
3321 17
3322 18
3323 17
3324 18
3325 18
3326 18
3327 17
3328 17
3329 17
3330 16
3331 18
3332 18
3333 17
3334 22
3335 18
3336 18
3337 18
3338 17
3339 17
3340 17
3341 17
3342 17
3343 17
3344 17
3345 18
3346 18
3347 18
3348 17
3349 17
3350 17
3351 17
3352 17
3353 20
3354 18
3355 17
3356 17
3357 17
3358 18
3359 19
3360 18
3361 17
3362 18
3363 17
3364 17
3365 17
3366 17
3367 17
3368 18
3369 17
3370 22
3371 17
3372 17
3373 18
3374 16
3375 17
3376 17
3377 17
3378 17
3379 17
3380 17
3381 18
3382 18
3383 17
3384 17
3385 18
3386 17
3387 18
3388 17
3389 17
3390 17
3391 17
3392 17
3393 17
3394 17
3395 17
3396 19
3397 19
3398 18
3399 18
3400 17
3401 17
3402 17
3403 17
3404 17
3405 17
3406 17
3407 18
3408 19
3409 17
3410 18
3411 17
3412 18
3413 17
3414 17
3415 17
3416 17
3417 19
3418 17
3419 17
3420 17
3421 17
3422 17
3423 17
3424 18
3425 19
3426 18
3427 18
3428 17
3429 18
3430 18
3431 18
3432 18
3433 17
3434 18
3435 18
3436 17
3437 17
3438 18
3439 18
3440 17
3441 17
3442 19
3443 17
3444 18
3445 18
3446 18
3447 17
3448 18
3449 18
3450 18
3451 18
3452 18
3453 19
3454 17
3455 18
3456 18
3457 17
3458 17
3459 18
3460 18
3461 17
3462 17
3463 17
3464 19
3465 18
3466 18
3467 17
3468 18
3469 19
3470 17
3471 17
3472 18
3473 18
3474 17
3475 17
3476 18
3477 17
3478 17
3479 17
3480 17
3481 19
3482 18
3483 18
3484 17
3485 17
3486 18
3487 17
3488 18
3489 18
3490 17
3491 17
3492 17
3493 17
3494 17
3495 17
3496 17
3497 17
3498 17
3499 17
3500 17
3501 17
3502 17
3503 18
3504 17
3505 18
3506 17
3507 17
3508 26
3509 18
3510 17
3511 17
3512 17
3513 17
3514 17
3515 17
3516 17
3517 17
3518 17
3519 17
3520 18
3521 17
3522 17
3523 17
3524 17
3525 18
3526 18
3527 17
3528 17
3529 17
3530 17
3531 18
3532 17
3533 17
3534 17
3535 17
3536 26
3537 18
3538 17
3539 17
3540 17
3541 16
3542 17
3543 17
3544 17
3545 19
3546 17
3547 17
3548 19
3549 17
3550 19
3551 17
3552 17
3553 17
3554 17
3555 17
3556 17
3557 17
3558 18
3559 18
3560 17
3561 17
3562 17
3563 18
3564 17
3565 17
3566 17
3567 17
3568 17
3569 18
3570 17
3571 17
3572 17
3573 17
3574 17
3575 18
3576 18
3577 18
3578 18
3579 17
3580 17
3581 17
3582 17
3583 17
3584 17
3585 17
3586 17
3587 18
3588 18
3589 17
3590 17
3591 17
3592 18
3593 17
3594 17
3595 17
3596 17
3597 17
3598 17
3599 17
3600 17
3601 17
3602 17
3603 17
3604 19
3605 18
3606 18
3607 18
3608 17
3609 20
3610 18
3611 17
3612 17
3613 17
3614 18
3615 18
3616 18
3617 17
3618 17
3619 17
3620 17
3621 17
3622 17
3623 17
3624 18
3625 17
3626 17
3627 17
3628 18
3629 17
3630 17
3631 17
3632 17
3633 17
3634 17
3635 18
3636 17
3637 18
3638 17
3639 17
3640 17
3641 17
3642 17
3643 17
3644 17
3645 16
3646 17
3647 17
3648 16
3649 17
3650 17
3651 17
3652 16
3653 17
3654 18
3655 17
3656 17
3657 17
3658 17
3659 16
3660 17
3661 25
3662 19
3663 18
3664 17
3665 18
3666 18
3667 19
3668 17
3669 17
3670 17
3671 17
3672 17
3673 20
3674 17
3675 17
3676 17
3677 17
3678 17
3679 17
3680 17
3681 17
3682 18
3683 18
3684 18
3685 19
3686 17
3687 17
3688 18
3689 18
3690 18
3691 17
3692 18
3693 27
3694 18
3695 17
3696 17
3697 17
3698 17
3699 17
3700 17
3701 17
3702 17
3703 18
3704 18
3705 17
3706 18
3707 17
3708 18
3709 17
3710 17
3711 19
3712 18
3713 17
3714 17
3715 17
3716 18
3717 18
3718 17
3719 18
3720 18
3721 17
3722 18
3723 18
3724 17
3725 17
3726 18
3727 17
3728 17
3729 270
3730 19
3731 18
3732 18
3733 18
3734 18
3735 18
3736 17
3737 29
3738 18
3739 17
3740 17
3741 17
3742 18
3743 18
3744 17
3745 17
3746 18
3747 18
3748 18
3749 18
3750 17
3751 18
3752 17
3753 17
3754 19
3755 18
3756 17
3757 18
3758 18
3759 18
3760 17
3761 18
3762 18
3763 17
3764 18
3765 17
3766 17
3767 17
3768 18
3769 17
3770 18
3771 19
3772 17
3773 18
3774 16
3775 17
3776 17
3777 17
3778 17
3779 17
3780 17
3781 17
3782 17
3783 17
3784 17
3785 17
3786 17
3787 17
3788 19
3789 17
3790 17
3791 17
3792 17
3793 17
3794 17
3795 17
3796 17
3797 18
3798 17
3799 17
3800 18
3801 18
3802 18
3803 17
3804 27
3805 18
3806 17
3807 17
3808 18
3809 25
3810 19
3811 18
3812 17
3813 17
3814 18
3815 18
3816 18
3817 17
3818 17
3819 18
3820 19
3821 20
3822 17
3823 18
3824 18
3825 18
3826 17
3827 18
3828 18
3829 17
3830 18
3831 18
3832 17
3833 17
3834 17
3835 18
3836 18
3837 18
3838 19
3839 18
3840 18
3841 17
3842 18
3843 18
3844 17
3845 17
3846 18
3847 18
3848 17
3849 17
3850 18
3851 17
3852 18
3853 18
3854 19
3855 17
3856 18
3857 18
3858 17
3859 17
3860 18
3861 18
3862 18
3863 18
3864 18
3865 19
3866 19
3867 18
3868 17
3869 17
3870 18
3871 18
3872 17
3873 17
3874 17
3875 17
3876 20
3877 26
3878 18
3879 18
3880 17
3881 17
3882 17
3883 18
3884 18
3885 17
3886 18
3887 17
3888 17
3889 17
3890 17
3891 16
3892 17
3893 18
3894 18
3895 22
3896 18
3897 18
3898 18
3899 19
3900 18
3901 17
3902 17
3903 17
3904 17
3905 17
3906 17
3907 17
3908 17
3909 27
3910 18
3911 17
3912 17
3913 17
3914 17
3915 17
3916 17
3917 17
3918 17
3919 17
3920 17
3921 17
3922 17
3923 17
3924 17
3925 17
3926 18
3927 19
3928 18
3929 18
3930 17
3931 17
3932 17
3933 17
3934 17
3935 17
3936 17
3937 17
3938 17
3939 17
3940 17
3941 17
3942 17
3943 17
3944 17
3945 17
3946 17
3947 17
3948 17
3949 17
3950 18
3951 19
3952 17
3953 18
3954 17
3955 17
3956 17
3957 17
3958 17
3959 18
3960 18
3961 18
3962 18
3963 17
3964 17
3965 27
3966 18
3967 18
3968 17
3969 17
3970 18
3971 17
3972 17
3973 17
3974 17
3975 18
3976 18
3977 17
3978 17
3979 17
3980 17
3981 17
3982 17
3983 17
3984 18
3985 17
3986 17
3987 17
3988 17
3989 17
3990 17
3991 17
3992 17
3993 17
3994 17
3995 17
3996 17
3997 17
3998 17
3999 17
4000 17
4001 18
4002 18
4003 17
4004 17
4005 17
4006 17
4007 17
4008 17
4009 17
4010 21
4011 17
4012 17
4013 18
4014 18
4015 18
4016 17
4017 17
4018 17
4019 17
4020 18
4021 17
4022 17
4023 17
4024 18
4025 18
4026 17
4027 17
4028 17
4029 18
4030 18
4031 17
4032 17
4033 17
4034 19
4035 18
4036 18
4037 17
4038 17
4039 17
4040 17
4041 17
4042 17
4043 17
4044 27
4045 19
4046 18
4047 17
4048 17
4049 18
4050 18
4051 17
4052 17
4053 17
4054 17
4055 17
4056 17
4057 17
4058 17
4059 17
4060 18
4061 18
4062 17
4063 17
4064 17
4065 17
4066 17
4067 18
4068 19
4069 18
4070 19
4071 18
4072 17
4073 19
4074 33
4075 18
4076 17
4077 17
4078 17
4079 17
4080 17
4081 18
4082 18
4083 18
4084 18
4085 18
4086 18
4087 17
4088 17
4089 18
4090 19
4091 18
4092 17
4093 17
4094 18
4095 17
4096 18
4097 18
4098 17
4099 17
4100 17
4101 17
4102 17
4103 18
4104 17
4105 28
4106 18
4107 17
4108 17
4109 17
4110 17
4111 17
4112 17
4113 18
4114 17
4115 17
4116 18
4117 18
4118 18
4119 17
4120 18
4121 17
4122 17
4123 17
4124 17
4125 17
4126 17
4127 18
4128 18
4129 17
4130 18
4131 17
4132 17
4133 18
4134 18
4135 19
4136 17
4137 17
4138 18
4139 19
4140 18
4141 17
4142 17
4143 18
4144 18
4145 18
4146 18
4147 18
4148 17
4149 17
4150 18
4151 18
4152 19
4153 18
4154 18
4155 18
4156 18
4157 17
4158 18
4159 18
4160 17
4161 18
4162 19
4163 18
4164 16
4165 17
4166 18
4167 18
4168 18
4169 18
4170 17
4171 18
4172 18
4173 18
4174 17
4175 18
4176 18
4177 17
4178 18
4179 18
4180 17
4181 18
4182 18
4183 20
4184 19
4185 17
4186 17
4187 17
4188 17
4189 17
4190 18
4191 17
4192 18
4193 17
4194 17
4195 17
4196 17
4197 17
4198 17
4199 18
4200 19
4201 17
4202 18
4203 18
4204 17
4205 18
4206 17
4207 18
4208 18
4209 17
4210 18
4211 19
4212 18
4213 17
4214 18
4215 18
4216 18
4217 17
4218 17
4219 17
4220 17
4221 17
4222 19
4223 20
4224 18
4225 18
4226 17
4227 18
4228 18
4229 18
4230 18
4231 18
4232 18
4233 18
4234 19
4235 17
4236 18
4237 18
4238 17
4239 17
4240 17
4241 17
4242 17
4243 18
4244 18
4245 19
4246 18
4247 17
4248 17
4249 18
4250 17
4251 17
4252 29
4253 18
4254 17
4255 18
4256 17
4257 17
4258 17
4259 17
4260 17
4261 19
4262 18
4263 18
4264 17
4265 18
4266 18
4267 19
4268 18
4269 17
4270 18
4271 18
4272 18
4273 17
4274 18
4275 17
4276 17
4277 19
4278 19
4279 17
4280 18
4281 18
4282 17
4283 19
4284 17
4285 17
4286 17
4287 18
4288 17
4289 17
4290 18
4291 18
4292 17
4293 17
4294 17
4295 18
4296 18
4297 17
4298 18
4299 17
4300 17
4301 18
4302 19
4303 17
4304 17
4305 17
4306 17
4307 17
4308 17
4309 17
4310 17
4311 17
4312 17
4313 18
4314 18
4315 17
4316 27
4317 18
4318 17
4319 18
4320 17
4321 17
4322 17
4323 17
4324 17
4325 17
4326 17
4327 18
4328 17
4329 17
4330 17
4331 17
4332 17
4333 17
4334 17
4335 17
4336 17
4337 18
4338 18
4339 18
4340 17
4341 18
4342 18
4343 17
4344 17
4345 18
4346 17
4347 18
4348 18
4349 18
4350 18
4351 18
4352 18
4353 17
4354 17
4355 18
4356 18
4357 17
4358 18
4359 17
4360 17
4361 17
4362 17
4363 17
4364 17
4365 17
4366 17
4367 18
4368 17
4369 18
4370 18
4371 18
4372 18
4373 17
4374 17
4375 17
4376 18
4377 17
4378 18
4379 19
4380 18
4381 19
4382 18
4383 17
4384 19
4385 17
4386 18
4387 17
4388 17
4389 17
4390 18
4391 17
4392 17
4393 17
4394 18
4395 17
4396 17
4397 17
4398 17
4399 17
4400 18
4401 17
4402 18
4403 18
4404 17
4405 17
4406 17
4407 17
4408 19
4409 19
4410 17
4411 17
4412 18
4413 17
4414 17
4415 17
4416 18
4417 18
4418 17
4419 18
4420 18
4421 18
4422 18
4423 17
4424 17
4425 17
4426 17
4427 17
4428 17
4429 17
4430 18
4431 28
4432 18
4433 18
4434 17
4435 18
4436 18
4437 17
4438 17
4439 17
4440 28
4441 18
4442 17
4443 17
4444 17
4445 17
4446 17
4447 18
4448 17
4449 17
4450 17
4451 18
4452 17
4453 19
4454 18
4455 17
4456 17
4457 17
4458 18
4459 18
4460 17
4461 17
4462 17
4463 17
4464 17
4465 17
4466 17
4467 17
4468 18
4469 18
4470 18
4471 18
4472 17
4473 17
4474 17
4475 17
4476 17
4477 17
4478 17
4479 17
4480 17
4481 17
4482 17
4483 17
4484 18
4485 18
4486 17
4487 18
4488 18
4489 19
4490 18
4491 17
4492 18
4493 17
4494 18
4495 17
4496 17
4497 17
4498 18
4499 18
4500 17
4501 18
4502 18
4503 18
4504 17
4505 18
4506 18
4507 17
4508 18
4509 17
4510 18
4511 17
4512 17
4513 17
4514 17
4515 18
4516 18
4517 17
4518 21
4519 26
4520 18
4521 17
4522 18
4523 18
4524 19
4525 20
4526 18
4527 18
4528 18
4529 17
4530 18
4531 18
4532 18
4533 18
4534 27
4535 18
4536 17
4537 17
4538 17
4539 17
4540 17
4541 17
4542 17
4543 18
4544 17
4545 17
4546 17
4547 17
4548 17
4549 18
4550 17
4551 18
4552 19
4553 18
4554 18
4555 17
4556 18
4557 18
4558 18
4559 18
4560 17
4561 18
4562 18
4563 18
4564 18
4565 17
4566 17
4567 17
4568 17
4569 17
4570 17
4571 17
4572 17
4573 18
4574 17
4575 17
4576 18
4577 18
4578 17
4579 18
4580 19
4581 18
4582 17
4583 17
4584 17
4585 19
4586 17
4587 18
4588 17
4589 17
4590 17
4591 17
4592 17
4593 17
4594 17
4595 17
4596 18
4597 18
4598 18
4599 17
4600 17
4601 17
4602 18
4603 17
4604 17
4605 17
4606 17
4607 27
4608 18
4609 297
4610 19
4611 19
4612 19
4613 18
4614 17
4615 17
4616 17
4617 17
4618 17
4619 17
4620 19
4621 17
4622 18
4623 19
4624 18
4625 18
4626 17
4627 17
4628 17
4629 17
4630 17
4631 17
4632 17
4633 18
4634 19
4635 19
4636 17
4637 18
4638 18
4639 18
4640 19
4641 18
4642 17
4643 17
4644 17
4645 17
4646 18
4647 17
4648 18
4649 19
4650 18
4651 21
4652 18
4653 18
4654 19
4655 18
4656 18
4657 18
4658 18
4659 18
4660 17
4661 18
4662 18
4663 19
4664 17
4665 18
4666 17
4667 20
4668 19
4669 17
4670 17
4671 17
4672 17
4673 17
4674 17
4675 17
4676 17
4677 17
4678 18
4679 17
4680 18
4681 18
4682 17
4683 18
4684 17
4685 18
4686 18
4687 17
4688 17
4689 17
4690 17
4691 18
4692 19
4693 17
4694 18
4695 28
4696 18
4697 18
4698 17
4699 17
4700 18
4701 17
4702 17
4703 17
4704 17
4705 18
4706 18
4707 17
4708 17
4709 17
4710 18
4711 18
4712 20
4713 18
4714 17
4715 17
4716 18
4717 19
4718 17
4719 17
4720 17
4721 17
4722 17
4723 17
4724 17
4725 17
4726 17
4727 17
4728 18
4729 17
4730 18
4731 18
4732 17
4733 17
4734 19
4735 18
4736 17
4737 17
4738 18
4739 17
4740 17
4741 17
4742 17
4743 18
4744 18
4745 18
4746 18
4747 17
4748 18
4749 18
4750 28
4751 19
4752 19
4753 18
4754 19
4755 18
4756 18
4757 18
4758 18
4759 20
4760 20
4761 18
4762 18
4763 19
4764 19
4765 18
4766 21
4767 22
4768 18
4769 20
4770 19
4771 20
4772 23
4773 19
4774 19
4775 21
4776 17
4777 19
4778 18
4779 18
4780 18
4781 19
4782 19
4783 18
4784 17
4785 18
4786 19
4787 24
4788 18
4789 18
4790 19
4791 20
4792 18
4793 19
4794 18
4795 18
4796 18
4797 18
4798 18
4799 17
4800 19
4801 17
4802 18
4803 17
4804 18
4805 20
4806 20
4807 19
4808 18
4809 23
4810 18
4811 18
4812 19
4813 18
4814 19
4815 17
4816 18
4817 19
4818 21
4819 21
4820 18
4821 19
4822 19
4823 19
4824 18
4825 19
4826 19
4827 18
4828 23
4829 18
4830 18
4831 17
4832 20
4833 19
4834 17
4835 18
4836 17
4837 19
4838 17
4839 19
4840 17
4841 19
4842 19
4843 17
4844 17
4845 18
4846 22
4847 19
4848 17
4849 18
4850 18
4851 18
4852 17
4853 17
4854 17
4855 18
4856 17
4857 18
4858 18
4859 18
4860 18
4861 17
4862 18
4863 18
4864 18
4865 17
4866 28
4867 19
4868 17
4869 17
4870 17
4871 18
4872 19
4873 18
4874 18
4875 17
4876 17
4877 18
4878 17
4879 17
4880 17
4881 17
4882 18
4883 18
4884 17
4885 18
4886 17
4887 17
4888 17
4889 18
4890 18
4891 17
4892 18
4893 17
4894 18
4895 17
4896 17
4897 17
4898 17
4899 17
4900 17
4901 18
4902 17
4903 17
4904 17
4905 17
4906 18
4907 18
4908 17
4909 17
4910 17
4911 18
4912 17
4913 17
4914 17
4915 17
4916 17
4917 17
4918 17
4919 17
4920 17
4921 17
4922 18
4923 17
4924 17
4925 17
4926 17
4927 17
4928 18
4929 18
4930 18
4931 17
4932 17
4933 17
4934 21
4935 19
4936 18
4937 17
4938 17
4939 18
4940 18
4941 18
4942 18
4943 17
4944 18
4945 19
4946 18
4947 29
4948 18
4949 17
4950 22
4951 18
4952 20
4953 18
4954 18
4955 21
4956 20
4957 19
4958 19
4959 18
4960 19
4961 17
4962 17
4963 17
4964 17
4965 17
4966 18
4967 18
4968 18
4969 19
4970 19
4971 19
4972 22
4973 20
4974 17
4975 17
4976 19
4977 22
4978 18
4979 18
4980 17
4981 17
4982 17
4983 17
4984 18
4985 18
4986 18
4987 18
4988 18
4989 17
4990 17
4991 17
4992 17
4993 19
4994 17
4995 18
4996 19
4997 18
4998 18
4999 18
5000 17
5001 17
5002 17
5003 23
5004 18
5005 21
5006 18
5007 18
5008 18
5009 18
5010 18
5011 18
5012 18
5013 17
5014 18
5015 19
5016 17
5017 18
5018 18
5019 17
5020 20
5021 20
5022 19
5023 18
5024 18
5025 17
5026 19
5027 18
5028 18
5029 17
5030 17
5031 21
5032 20
5033 20
5034 19
5035 18
5036 18
5037 17
5038 19
5039 19
5040 17
5041 19
5042 21
5043 20
5044 18
5045 21
5046 17
5047 19
5048 18
5049 18
5050 18
5051 18
5052 17
5053 18
5054 18
5055 19
5056 18
5057 18
5058 22
5059 21
5060 18
5061 18
5062 20
5063 23
5064 18
5065 19
5066 18
5067 19
5068 19
5069 17
5070 18
5071 17
5072 17
5073 19
5074 18
5075 18
5076 18
5077 18
5078 18
5079 17
5080 17
5081 18
5082 17
5083 17
5084 18
5085 18
5086 18
5087 18
5088 17
5089 17
5090 18
5091 18
5092 18
5093 18
5094 18
5095 18
5096 18
5097 17
5098 18
5099 18
5100 18
5101 18
5102 17
5103 18
5104 18
5105 18
5106 18
5107 19
5108 18
5109 17
5110 17
5111 17
5112 17
5113 17
5114 17
5115 17
5116 17
5117 17
5118 17
5119 17
5120 18
5121 40
5122 17
5123 18
5124 17
5125 17
5126 17
5127 17
5128 17
5129 17
5130 16
5131 18
5132 18
5133 18
5134 18
5135 17
5136 17
5137 17
5138 17
5139 17
5140 17
5141 17
5142 17
5143 18
5144 18
5145 18
5146 18
5147 17
5148 17
5149 18
5150 18
5151 18
5152 18
5153 17
5154 17
5155 17
5156 18
5157 18
5158 17
5159 17
5160 17
5161 17
5162 17
5163 17
5164 17
5165 17
5166 17
5167 18
5168 18
5169 17
5170 18
5171 18
5172 17
5173 16
5174 17
5175 17
5176 17
5177 17
5178 17
5179 17
5180 17
5181 17
5182 17
5183 17
5184 17
5185 18
5186 17
5187 18
5188 17
5189 17
5190 18
5191 17
5192 17
5193 17
5194 17
5195 17
5196 17
5197 17
5198 17
5199 17
5200 17
5201 17
5202 18
5203 17
5204 18
5205 18
5206 17
5207 17
5208 18
5209 17
5210 17
5211 17
5212 17
5213 17
5214 17
5215 17
5216 18
5217 17
5218 17
5219 17
5220 17
5221 17
5222 17
5223 17
5224 18
5225 17
5226 18
5227 18
5228 17
5229 17
5230 17
5231 18
5232 18
5233 18
5234 17
5235 17
5236 17
5237 17
5238 17
5239 17
5240 17
5241 18
5242 18
5243 17
5244 18
5245 17
5246 17
5247 17
5248 19
5249 17
5250 17
5251 17
5252 18
5253 17
5254 17
5255 17
5256 17
5257 17
5258 17
5259 17
5260 18
5261 18
5262 17
5263 18
5264 17
5265 17
5266 17
5267 17
5268 18
5269 17
5270 17
5271 17
5272 17
5273 17
5274 17
5275 16
5276 18
5277 17
5278 18
5279 17
5280 17
5281 17
5282 17
5283 17
5284 17
5285 17
5286 17
5287 17
5288 17
5289 17
5290 17
5291 17
5292 17
5293 18
5294 18
5295 17
5296 20
5297 17
5298 17
5299 17
5300 17
5301 26
5302 18
5303 17
5304 17
5305 17
5306 17
5307 18
5308 17
5309 28
5310 19
5311 18
5312 17
5313 17
5314 17
5315 19
5316 18
5317 17
5318 17
5319 17
5320 18
5321 17
5322 17
5323 17
5324 17
5325 18
5326 17
5327 17
5328 17
5329 17
5330 17
5331 17
5332 18
5333 17
5334 18
5335 18
5336 17
5337 17
5338 17
5339 17
5340 17
5341 17
5342 17
5343 17
5344 17
5345 17
5346 17
5347 17
5348 17
5349 17
5350 17
5351 17
5352 17
5353 17
5354 17
5355 18
5356 18
5357 19
5358 17
5359 17
5360 19
5361 17
5362 17
5363 17
5364 17
5365 17
5366 17
5367 17
5368 17
5369 17
5370 17
5371 18
5372 17
5373 17
5374 17
5375 17
5376 17
5377 18
5378 18
5379 18
5380 17
5381 17
5382 17
5383 17
5384 17
5385 17
5386 17
5387 17
5388 18
5389 17
5390 18
5391 17
5392 17
5393 18
5394 17
5395 18
5396 18
5397 18
5398 18
5399 17
5400 17
5401 18
5402 17
5403 17
5404 17
5405 17
5406 18
5407 18
5408 18
5409 18
5410 18
5411 24
5412 18
5413 18
5414 18
5415 17
5416 17
5417 17
5418 17
5419 17
5420 17
5421 18
5422 19
5423 18
5424 20
5425 17
5426 17
5427 17
5428 16
5429 17
5430 17
5431 18
5432 17
5433 17
5434 17
5435 17
5436 17
5437 18
5438 17
5439 18
5440 17
5441 18
5442 18
5443 17
5444 17
5445 17
5446 17
5447 17
5448 18
5449 17
5450 17
5451 17
5452 17
5453 17
5454 17
5455 17
5456 18
5457 17
5458 17
5459 18
5460 18
5461 18
5462 19
5463 17
5464 17
5465 18
5466 18
5467 19
5468 17
5469 17
5470 17
5471 18
5472 17
5473 18
5474 18
5475 18
5476 17
5477 17
5478 18
5479 18
5480 18
5481 18
5482 17
5483 17
5484 18
5485 18
5486 17
5487 17
5488 19
5489 19
5490 18
5491 17
5492 17
5493 18
5494 17
5495 18
5496 17
5497 17
5498 17
5499 17
5500 18
5501 18
5502 18
5503 17
5504 17
5505 17
5506 18
5507 17
5508 17
5509 17
5510 18
5511 18
5512 17
5513 17
5514 17
5515 18
5516 17
5517 17
5518 17
5519 17
5520 17
5521 17
5522 17
5523 17
5524 18
5525 18
5526 17
5527 17
5528 18
5529 18
5530 17
5531 17
5532 17
5533 17
5534 17
5535 17
5536 17
5537 17
5538 17
5539 18
5540 17
5541 18
5542 17
5543 17
5544 18
5545 17
5546 17
5547 17
5548 17
5549 17
5550 17
5551 17
5552 19
5553 17
5554 17
5555 17
5556 17
5557 17
5558 17
5559 17
5560 17
5561 17
5562 17
5563 17
5564 17
5565 17
5566 17
5567 17
5568 17
5569 17
5570 17
5571 17
5572 17
5573 17
5574 17
5575 17
5576 17
5577 17
5578 17
5579 17
5580 17
5581 17
5582 17
5583 18
5584 17
5585 18
5586 19
5587 17
5588 17
5589 17
5590 18
5591 17
5592 17
5593 17
5594 17
5595 17
5596 17
5597 17
5598 17
5599 17
5600 17
5601 17
5602 18
5603 17
5604 18
5605 17
5606 18
5607 18
5608 17
5609 18
5610 17
5611 17
5612 17
5613 18
5614 17
5615 17
5616 20
5617 17
5618 17
5619 18
5620 18
5621 18
5622 17
5623 17
5624 18
5625 27
5626 17
5627 17
5628 18
5629 17
5630 18
5631 18
5632 17
5633 17
5634 17
5635 17
5636 17
5637 17
5638 17
5639 17
5640 17
5641 17
5642 18
5643 17
5644 17
5645 17
5646 17
5647 17
5648 17
5649 18
5650 17
5651 17
5652 18
5653 19
5654 17
5655 17
5656 17
5657 17
5658 17
5659 17
5660 17
5661 33
5662 18
5663 19
5664 18
5665 17
5666 17
5667 17
5668 17
5669 17
5670 17
5671 16
5672 17
5673 17
5674 17
5675 17
5676 17
5677 17
5678 17
5679 17
5680 20
5681 16
5682 17
5683 17
5684 17
5685 18
5686 17
5687 17
5688 18
5689 17
5690 17
5691 17
5692 18
5693 18
5694 17
5695 17
5696 17
5697 17
5698 17
5699 17
5700 17
5701 17
5702 17
5703 17
5704 17
5705 17
5706 17
5707 17
5708 17
5709 17
5710 18
5711 17
5712 17
5713 17
5714 17
5715 17
5716 18
5717 18
5718 17
5719 17
5720 17
5721 17
5722 17
5723 17
5724 17
5725 17
5726 18
5727 17
5728 18
5729 17
5730 17
5731 17
5732 17
5733 18
5734 17
5735 17
5736 17
5737 16
5738 18
5739 17
5740 17
5741 17
5742 17
5743 18
5744 19
5745 18
5746 18
5747 17
5748 17
5749 17
5750 17
5751 17
5752 17
5753 17
5754 17
5755 17
5756 17
5757 17
5758 17
5759 17
5760 19
5761 18
5762 18
5763 17
5764 17
5765 17
5766 17
5767 17
5768 17
5769 17
5770 17
5771 17
5772 16
5773 17
5774 17
5775 17
5776 17
5777 18
5778 17
5779 17
5780 17
5781 17
5782 17
5783 17
5784 17
5785 17
5786 17
5787 17
5788 26
5789 18
5790 17
5791 17
5792 17
5793 17
5794 18
5795 17
5796 17
5797 17
5798 17
5799 18
5800 19
5801 17
5802 17
5803 17
5804 17
5805 17
5806 17
5807 17
5808 19
5809 17
5810 17
5811 17
5812 17
5813 17
5814 17
5815 17
5816 17
5817 17
5818 17
5819 17
5820 16
5821 17
5822 17
5823 18
5824 17
5825 17
5826 17
5827 17
5828 18
5829 17
5830 17
5831 18
5832 17
5833 17
5834 17
5835 17
5836 17
5837 17
5838 17
5839 18
5840 18
5841 17
5842 31
5843 17
5844 18
5845 18
5846 18
5847 18
5848 17
5849 17
5850 19
5851 17
5852 17
5853 17
5854 17
5855 17
5856 17
5857 17
5858 17
5859 17
5860 17
5861 17
5862 17
5863 17
5864 18
5865 18
5866 18
5867 19
5868 18
5869 17
5870 18
5871 18
5872 20
5873 17
5874 17
5875 17
5876 17
5877 17
5878 18
5879 18
5880 18
5881 17
5882 17
5883 17
5884 17
5885 17
5886 17
5887 18
5888 18
5889 17
5890 17
5891 17
5892 17
5893 17
5894 17
5895 19
5896 17
5897 17
5898 17
5899 18
5900 18
5901 17
5902 17
5903 17
5904 17
5905 17
5906 19
5907 18
5908 18
5909 18
5910 18
5911 17
5912 17
5913 17
5914 17
5915 17
5916 18
5917 17
5918 17
5919 17
5920 17
5921 18
5922 18
5923 19
5924 17
5925 17
5926 17
5927 18
5928 17
5929 17
5930 18
5931 18
5932 17
5933 17
5934 17
5935 17
5936 20
5937 17
5938 18
5939 18
5940 18
5941 17
5942 17
5943 17
5944 17
5945 17
5946 17
5947 17
5948 17
5949 17
5950 17
5951 17
5952 17
5953 17
5954 17
5955 17
5956 17
5957 18
5958 17
5959 17
5960 17
5961 17
5962 17
5963 16
5964 17
5965 16
5966 17
5967 17
5968 18
5969 18
5970 17
5971 17
5972 17
5973 17
5974 18
5975 18
5976 18
5977 17
5978 18
5979 18
5980 17
5981 17
5982 17
5983 17
5984 17
5985 18
5986 19
5987 18
5988 18
5989 18
5990 17
5991 17
5992 17
5993 17
5994 17
5995 17
5996 17
5997 17
5998 17
5999 17
6000 19
6001 17
6002 17
6003 17
6004 17
6005 17
6006 17
6007 18
6008 18
6009 19
6010 18
6011 18
6012 18
6013 17
6014 18
6015 17
6016 18
6017 17
6018 17
6019 17
6020 18
6021 18
6022 196
6023 18
6024 18
6025 17
6026 17
6027 17
6028 17
6029 18
6030 18
6031 17
6032 18
6033 18
6034 19
6035 17
6036 18
6037 18
6038 17
6039 18
6040 18
6041 17
6042 18
6043 18
6044 17
6045 17
6046 17
6047 17
6048 17
6049 17
6050 17
6051 17
6052 17
6053 17
6054 17
6055 17
6056 18
6057 17
6058 17
6059 17
6060 18
6061 19
6062 18
6063 17
6064 18
6065 18
6066 18
6067 18
6068 17
6069 17
6070 18
6071 17
6072 18
6073 19
6074 18
6075 18
6076 18
6077 18
6078 17
6079 18
6080 18
6081 18
6082 17
6083 17
6084 18
6085 17
6086 18
6087 18
6088 17
6089 17
6090 18
6091 17
6092 17
6093 17
6094 17
6095 17
6096 17
6097 16
6098 17
6099 17
6100 17
6101 17
6102 17
6103 17
6104 18
6105 18
6106 17
6107 18
6108 18
6109 18
6110 17
6111 18
6112 17
6113 17
6114 17
6115 17
6116 17
6117 17
6118 17
6119 17
6120 17
6121 17
6122 17
6123 17
6124 18
6125 18
6126 17
6127 18
6128 17
6129 18
6130 18
6131 18
6132 17
6133 17
6134 18
6135 19
6136 18
6137 17
6138 18
6139 17
6140 18
6141 19
6142 18
6143 18
6144 17
6145 18
6146 18
6147 18
6148 18
6149 17
6150 18
6151 28
6152 19
6153 17
6154 17
6155 17
6156 17
6157 18
6158 17
6159 18
6160 17
6161 18
6162 17
6163 18
6164 18
6165 17
6166 18
6167 18
6168 18
6169 18
6170 18
6171 18
6172 18
6173 18
6174 17
6175 18
6176 18
6177 18
6178 17
6179 17
6180 18
6181 18
6182 18
6183 18
6184 18
6185 18
6186 18
6187 18
6188 18
6189 18
6190 17
6191 17
6192 17
6193 39
6194 17
6195 18
6196 18
6197 17
6198 18
6199 18
6200 17
6201 17
6202 18
6203 18
6204 17
6205 17
6206 18
6207 23
6208 17
6209 18
6210 17
6211 18
6212 18
6213 18
6214 17
6215 17
6216 18
6217 17
6218 18
6219 17
6220 18
6221 17
6222 17
6223 19
6224 18
6225 17
6226 18
6227 18
6228 18
6229 18
6230 17
6231 17
6232 17
6233 18
6234 17
6235 17
6236 17
6237 18
6238 18
6239 18
6240 17
6241 18
6242 18
6243 18
6244 18
6245 17
6246 17
6247 18
6248 18
6249 18
6250 17
6251 17
6252 17
6253 17
6254 18
6255 17
6256 17
6257 19
6258 18
6259 17
6260 17
6261 18
6262 17
6263 17
6264 17
6265 17
6266 18
6267 18
6268 18
6269 17
6270 18
6271 18
6272 17
6273 17
6274 17
6275 17
6276 17
6277 17
6278 17
6279 18
6280 18
6281 18
6282 17
6283 17
6284 17
6285 17
6286 17
6287 16
6288 17
6289 17
6290 18
6291 17
6292 17
6293 17
6294 17
6295 18
6296 17
6297 17
6298 17
6299 17
6300 17
6301 17
6302 17
6303 17
6304 17
6305 17
6306 17
6307 18
6308 17
6309 17
6310 18
6311 18
6312 17
6313 17
6314 17
6315 17
6316 17
6317 18
6318 18
6319 17
6320 17
6321 17
6322 17
6323 17
6324 19
6325 17
6326 18
6327 18
6328 17
6329 17
6330 18
6331 17
6332 17
6333 17
6334 17
6335 17
6336 17
6337 17
6338 17
6339 17
6340 17
6341 17
6342 17
6343 17
6344 17
6345 17
6346 17
6347 17
6348 17
6349 18
6350 17
6351 17
6352 17
6353 17
6354 17
6355 17
6356 17
6357 17
6358 17
6359 18
6360 18
6361 17
6362 17
6363 17
6364 17
6365 18
6366 17
6367 17
6368 17
6369 17
6370 17
6371 17
6372 32
6373 17
6374 17
6375 17
6376 17
6377 17
6378 17
6379 17
6380 17
6381 18
6382 18
6383 18
6384 17
6385 18
6386 17
6387 17
6388 17
6389 17
6390 17
6391 17
6392 17
6393 18
6394 18
6395 18
6396 17
6397 17
6398 17
6399 17
6400 17
6401 17
6402 17
6403 17
6404 18
6405 17
6406 17
6407 18
6408 18
6409 19
6410 18
6411 17
6412 18
6413 18
6414 17
6415 18
6416 18
6417 18
6418 17
6419 17
6420 18
6421 17
6422 18
6423 18
6424 17
6425 18
6426 18
6427 17
6428 17
6429 18
6430 18
6431 17
6432 18
6433 18
6434 17
6435 18
6436 27
6437 18
6438 17
6439 17
6440 17
6441 18
6442 17
6443 17
6444 18
6445 18
6446 18
6447 17
6448 17
6449 17
6450 17
6451 17
6452 18
6453 18
6454 18
6455 18
6456 18
6457 17
6458 18
6459 17
6460 18
6461 18
6462 18
6463 17
6464 17
6465 17
6466 18
6467 18
6468 18
6469 17
6470 17
6471 19
6472 17
6473 18
6474 17
6475 18
6476 17
6477 17
6478 17
6479 17
6480 18
6481 18
6482 18
6483 17
6484 17
6485 17
6486 17
6487 18
6488 18
6489 17
6490 17
6491 17
6492 18
6493 18
6494 18
6495 18
6496 17
6497 17
6498 18
6499 17
6500 18
6501 17
6502 18
6503 17
6504 17
6505 17
6506 17
6507 17
6508 18
6509 17
6510 18
6511 17
6512 18
6513 17
6514 17
6515 17
6516 18
6517 17
6518 17
6519 17
6520 17
6521 18
6522 17
6523 18
6524 17
6525 17
6526 18
6527 17
6528 18
6529 17
6530 17
6531 17
6532 17
6533 18
6534 17
6535 17
6536 17
6537 17
6538 17
6539 18
6540 17
6541 17
6542 17
6543 17
6544 18
6545 17
6546 17
6547 17
6548 17
6549 18
6550 17
6551 17
6552 18
6553 18
6554 18
6555 17
6556 18
6557 17
6558 17
6559 17
6560 18
6561 17
6562 17
6563 17
6564 17
6565 17
6566 17
6567 17
6568 18
6569 17
6570 18
6571 19
6572 18
6573 17
6574 17
6575 17
6576 17
6577 17
6578 17
6579 17
6580 17
6581 17
6582 17
6583 17
6584 17
6585 17
6586 17
6587 17
6588 18
6589 18
6590 17
6591 17
6592 17
6593 17
6594 17
6595 17
6596 17
6597 17
6598 17
6599 18
6600 17
6601 17
6602 17
6603 17
6604 18
6605 18
6606 18
6607 18
6608 17
6609 17
6610 17
6611 17
6612 17
6613 18
6614 17
6615 17
6616 17
6617 17
6618 17
6619 18
6620 17
6621 18
6622 18
6623 19
6624 18
6625 17
6626 17
6627 17
6628 18
6629 17
6630 18
6631 17
6632 17
6633 17
6634 18
6635 18
6636 18
6637 18
6638 17
6639 17
6640 17
6641 17
6642 18
6643 17
6644 17
6645 18
6646 17
6647 17
6648 17
6649 17
6650 17
6651 17
6652 17
6653 17
6654 17
6655 17
6656 17
6657 18
6658 18
6659 17
6660 17
6661 17
6662 18
6663 17
6664 18
6665 17
6666 18
6667 18
6668 18
6669 17
6670 18
6671 18
6672 17
6673 17
6674 17
6675 17
6676 17
6677 17
6678 18
6679 19
6680 17
6681 18
6682 17
6683 17
6684 17
6685 17
6686 17
6687 18
6688 18
6689 17
6690 18
6691 18
6692 17
6693 17
6694 17
6695 17
6696 17
6697 17
6698 17
6699 18
6700 17
6701 18
6702 17
6703 17
6704 17
6705 17
6706 17
6707 18
6708 17
6709 17
6710 17
6711 17
6712 17
6713 19
6714 18
6715 18
6716 17
6717 17
6718 17
6719 17
6720 17
6721 17
6722 18
6723 17
6724 17
6725 17
6726 17
6727 17
6728 17
6729 17
6730 18
6731 17
6732 18
6733 35
6734 18
6735 17
6736 18
6737 17
6738 17
6739 17
6740 18
6741 18
6742 17
6743 17
6744 17
6745 18
6746 18
6747 17
6748 18
6749 17
6750 17
6751 17
6752 18
6753 17
6754 17
6755 17
6756 17
6757 17
6758 17
6759 17
6760 17
6761 17
6762 17
6763 17
6764 17
6765 17
6766 18
6767 18
6768 17
6769 18
6770 18
6771 17
6772 17
6773 17
6774 17
6775 17
6776 18
6777 18
6778 17
6779 17
6780 17
6781 18
6782 18
6783 17
6784 17
6785 17
6786 17
6787 17
6788 17
6789 17
6790 17
6791 17
6792 18
6793 18
6794 18
6795 17
6796 17
6797 17
6798 17
6799 18
6800 18
6801 17
6802 18
6803 17
6804 17
6805 18
6806 17
6807 17
6808 17
6809 17
6810 17
6811 17
6812 17
6813 17
6814 17
6815 17
6816 17
6817 17
6818 17
6819 17
6820 17
6821 17
6822 17
6823 18
6824 17
6825 17
6826 17
6827 17
6828 17
6829 17
6830 17
6831 17
6832 17
6833 18
6834 18
6835 17
6836 17
6837 18
6838 17
6839 17
6840 17
6841 18
6842 18
6843 17
6844 17
6845 17
6846 17
6847 17
6848 17
6849 18
6850 17
6851 17
6852 17
6853 17
6854 21
6855 18
6856 17
6857 17
6858 18
6859 17
6860 18
6861 18
6862 17
6863 18
6864 18
6865 17
6866 18
6867 17
6868 17
6869 17
6870 17
6871 17
6872 18
6873 17
6874 17
6875 17
6876 17
6877 17
6878 17
6879 17
6880 17
6881 17
6882 17
6883 17
6884 17
6885 17
6886 17
6887 17
6888 17
6889 17
6890 18
6891 18
6892 18
6893 18
6894 17
6895 17
6896 17
6897 17
6898 17
6899 17
6900 17
6901 17
6902 17
6903 17
6904 17
6905 17
6906 17
6907 17
6908 17
6909 17
6910 17
6911 17
6912 17
6913 17
6914 18
6915 17
6916 17
6917 17
6918 17
6919 17
6920 17
6921 17
6922 17
6923 18
6924 18
6925 18
6926 17
6927 19
6928 17
6929 18
6930 18
6931 18
6932 18
6933 17
6934 18
6935 17
6936 17
6937 17
6938 17
6939 17
6940 17
6941 17
6942 17
6943 18
6944 21
6945 17
6946 18
6947 17
6948 17
6949 18
6950 18
6951 18
6952 18
6953 17
6954 17
6955 18
6956 17
6957 17
6958 18
6959 18
6960 18
6961 17
6962 17
6963 17
6964 17
6965 17
6966 17
6967 19
6968 17
6969 17
6970 18
6971 17
6972 18
6973 17
6974 17
6975 17
6976 16
6977 17
6978 17
6979 17
6980 17
6981 17
6982 17
6983 18
6984 17
6985 17
6986 17
6987 17
6988 17
6989 17
6990 18
6991 18
6992 17
6993 17
6994 17
6995 17
6996 17
6997 17
6998 17
6999 17
7000 17
7001 18
7002 17
7003 17
7004 17
7005 16
7006 17
7007 17
7008 18
7009 18
7010 17
7011 17
7012 18
7013 17
7014 18
7015 17
7016 17
7017 17
7018 17
7019 17
7020 17
7021 17
7022 17
7023 17
7024 17
7025 17
7026 17
7027 17
7028 17
7029 17
7030 17
7031 17
7032 18
7033 17
7034 17
7035 17
7036 17
7037 17
7038 17
7039 17
7040 17
7041 17
7042 17
7043 17
7044 17
7045 18
7046 17
7047 17
7048 18
7049 17
7050 17
7051 17
7052 17
7053 17
7054 18
7055 18
7056 17
7057 17
7058 17
7059 17
7060 17
7061 17
7062 17
7063 18
7064 19
7065 18
7066 17
7067 17
7068 17
7069 17
7070 17
7071 18
7072 19
7073 17
7074 17
7075 17
7076 17
7077 17
7078 17
7079 17
7080 17
7081 17
7082 17
7083 17
7084 17
7085 17
7086 17
7087 17
7088 17
7089 17
7090 17
7091 17
7092 18
7093 17
7094 17
7095 18
7096 17
7097 17
7098 18
7099 17
7100 17
7101 17
7102 17
7103 17
7104 16
7105 17
7106 17
7107 17
7108 17
7109 17
7110 17
7111 17
7112 17
7113 18
7114 18
7115 19
7116 18
7117 18
7118 17
7119 16
7120 17
7121 17
7122 17
7123 17
7124 17
7125 17
7126 17
7127 17
7128 17
7129 17
7130 17
7131 18
7132 18
7133 18
7134 17
7135 17
7136 19
7137 18
7138 18
7139 17
7140 17
7141 17
7142 17
7143 17
7144 17
7145 17
7146 18
7147 17
7148 17
7149 17
7150 17
7151 17
7152 18
7153 17
7154 18
7155 17
7156 17
7157 17
7158 17
7159 17
7160 17
7161 17
7162 18
7163 17
7164 17
7165 17
7166 17
7167 17
7168 16
7169 17
7170 17
7171 18
7172 17
7173 18
7174 17
7175 17
7176 17
7177 17
7178 17
7179 17
7180 18
7181 17
7182 17
7183 17
7184 17
7185 17
7186 16
7187 17
7188 18
7189 18
7190 18
7191 17
7192 17
7193 17
7194 17
7195 17
7196 17
7197 17
7198 17
7199 30
7200 20
7201 17
7202 17
7203 17
7204 17
7205 18
7206 18
7207 18
7208 17
7209 17
7210 18
7211 17
7212 17
7213 17
7214 17
7215 16
7216 17
7217 17
7218 17
7219 18
7220 18
7221 17
7222 18
7223 17
7224 18
7225 17
7226 17
7227 17
7228 17
7229 17
7230 16
7231 17
7232 17
7233 18
7234 17
7235 18
7236 17
7237 17
7238 17
7239 17
7240 17
7241 17
7242 17
7243 16
7244 17
7245 17
7246 17
7247 17
7248 17
7249 17
7250 18
7251 17
7252 18
7253 17
7254 17
7255 17
7256 17
7257 17
7258 17
7259 17
7260 17
7261 17
7262 18
7263 17
7264 19
7265 17
7266 17
7267 18
7268 18
7269 17
7270 17
7271 17
7272 18
7273 17
7274 17
7275 18
7276 19
7277 17
7278 17
7279 17
7280 17
7281 17
7282 17
7283 17
7284 18
7285 17
7286 17
7287 17
7288 17
7289 18
7290 17
7291 17
7292 17
7293 17
7294 17
7295 19
7296 18
7297 17
7298 17
7299 18
7300 18
7301 19
7302 17
7303 18
7304 18
7305 18
7306 17
7307 17
7308 17
7309 17
7310 17
7311 26
7312 19
7313 18
7314 18
7315 17
7316 17
7317 18
7318 17
7319 18
7320 17
7321 17
7322 18
7323 17
7324 17
7325 18
7326 17
7327 17
7328 19
7329 18
7330 17
7331 17
7332 17
7333 25
7334 18
7335 18
7336 17
7337 17
7338 17
7339 17
7340 18
7341 18
7342 18
7343 17
7344 17
7345 17
7346 17
7347 17
7348 17
7349 17
7350 17
7351 17
7352 18
7353 18
7354 18
7355 17
7356 24
7357 18
7358 18
7359 17
7360 17
7361 17
7362 17
7363 17
7364 17
7365 17
7366 17
7367 17
7368 17
7369 17
7370 17
7371 17
7372 17
7373 17
7374 17
7375 17
7376 17
7377 17
7378 17
7379 17
7380 17
7381 17
7382 17
7383 17
7384 17
7385 18
7386 18
7387 17
7388 17
7389 17
7390 18
7391 17
7392 19
7393 17
7394 17
7395 18
7396 18
7397 17
7398 17
7399 17
7400 18
7401 18
7402 17
7403 18
7404 17
7405 18
7406 18
7407 18
7408 17
7409 17
7410 17
7411 17
7412 19
7413 18
7414 17
7415 17
7416 17
7417 17
7418 17
7419 17
7420 17
7421 17
7422 17
7423 17
7424 18
7425 18
7426 17
7427 17
7428 17
7429 18
7430 17
7431 17
7432 17
7433 17
7434 17
7435 17
7436 16
7437 18
7438 18
7439 17
7440 17
7441 17
7442 17
7443 17
7444 18
7445 17
7446 17
7447 17
7448 17
7449 17
7450 17
7451 17
7452 17
7453 17
7454 17
7455 258
7456 18
7457 18
7458 17
7459 17
7460 17
7461 17
7462 17
7463 17
7464 17
7465 17
7466 17
7467 17
7468 17
7469 19
7470 17
7471 27
7472 19
7473 18
7474 17
7475 18
7476 17
7477 18
7478 17
7479 18
7480 17
7481 17
7482 17
7483 17
7484 17
7485 17
7486 16
7487 17
7488 17
7489 17
7490 17
7491 17
7492 18
7493 17
7494 17
7495 17
7496 17
7497 17
7498 17
7499 17
7500 17
7501 17
7502 17
7503 18
7504 17
7505 17
7506 17
7507 17
7508 18
7509 17
7510 17
7511 17
7512 16
7513 17
7514 17
7515 18
7516 18
7517 18
7518 17
7519 17
7520 17
7521 18
7522 17
7523 17
7524 17
7525 17
7526 18
7527 18
7528 18
7529 18
7530 18
7531 17
7532 18
7533 17
7534 17
7535 17
7536 17
7537 19
7538 17
7539 18
7540 17
7541 17
7542 17
7543 17
7544 17
7545 17
7546 17
7547 17
7548 17
7549 17
7550 18
7551 17
7552 17
7553 17
7554 18
7555 18
7556 17
7557 17
7558 17
7559 17
7560 18
7561 17
7562 17
7563 17
7564 17
7565 25
7566 18
7567 17
7568 17
7569 18
7570 17
7571 18
7572 17
7573 17
7574 17
7575 17
7576 17
7577 17
7578 17
7579 17
7580 17
7581 17
7582 17
7583 17
7584 17
7585 17
7586 17
7587 17
7588 18
7589 18
7590 17
7591 17
7592 17
7593 18
7594 18
7595 17
7596 18
7597 17
7598 17
7599 17
7600 18
7601 17
7602 17
7603 17
7604 17
7605 18
7606 17
7607 18
7608 17
7609 17
7610 17
7611 18
7612 17
7613 17
7614 17
7615 17
7616 18
7617 17
7618 17
7619 17
7620 17
7621 17
7622 18
7623 17
7624 18
7625 32
7626 17
7627 18
7628 17
7629 18
7630 18
7631 18
7632 17
7633 17
7634 17
7635 17
7636 17
7637 17
7638 17
7639 18
7640 17
7641 17
7642 17
7643 17
7644 19
7645 17
7646 17
7647 17
7648 17
7649 17
7650 17
7651 17
7652 17
7653 17
7654 17
7655 17
7656 18
7657 17
7658 17
7659 18
7660 17
7661 17
7662 17
7663 17
7664 17
7665 17
7666 17
7667 17
7668 17
7669 17
7670 18
7671 17
7672 26
7673 18
7674 17
7675 17
7676 17
7677 17
7678 17
7679 17
7680 17
7681 17
7682 17
7683 18
7684 17
7685 17
7686 17
7687 17
7688 17
7689 18
7690 18
7691 17
7692 17
7693 17
7694 17
7695 18
7696 17
7697 18
7698 18
7699 17
7700 17
7701 17
7702 16
7703 17
7704 17
7705 17
7706 18
7707 17
7708 18
7709 18
7710 18
7711 17
7712 18
7713 17
7714 18
7715 17
7716 17
7717 18
7718 17
7719 17
7720 18
7721 18
7722 18
7723 19
7724 18
7725 17
7726 17
7727 17
7728 18
7729 18
7730 17
7731 17
7732 18
7733 17
7734 17
7735 17
7736 18
7737 17
7738 17
7739 17
7740 18
7741 18
7742 18
7743 17
7744 17
7745 17
7746 17
7747 18
7748 18
7749 17
7750 18
7751 17
7752 17
7753 17
7754 17
7755 18
7756 17
7757 18
7758 18
7759 17
7760 17
7761 17
7762 18
7763 18
7764 18
7765 18
7766 17
7767 17
7768 19
7769 18
7770 18
7771 17
7772 18
7773 18
7774 17
7775 18
7776 17
7777 17
7778 17
7779 18
7780 17
7781 17
7782 18
7783 17
7784 18
7785 18
7786 17
7787 18
7788 17
7789 18
7790 18
7791 17
7792 19
7793 17
7794 17
7795 17
7796 17
7797 17
7798 17
7799 17
7800 17
7801 17
7802 18
7803 17
7804 29
7805 18
7806 18
7807 19
7808 17
7809 17
7810 18
7811 17
7812 17
7813 17
7814 17
7815 18
7816 18
7817 18
7818 17
7819 17
7820 17
7821 17
7822 18
7823 18
7824 18
7825 17
7826 17
7827 18
7828 17
7829 18
7830 18
7831 18
7832 18
7833 17
7834 17
7835 18
7836 18
7837 18
7838 18
7839 17
7840 18
7841 18
7842 17
7843 18
7844 18
7845 17
7846 19
7847 18
7848 17
7849 17
7850 18
7851 17
7852 17
7853 17
7854 17
7855 18
7856 17
7857 17
7858 18
7859 18
7860 18
7861 18
7862 19
7863 18
7864 18
7865 18
7866 18
7867 17
7868 17
7869 18
7870 18
7871 17
7872 17
7873 18
7874 17
7875 17
7876 17
7877 17
7878 17
7879 17
7880 19
7881 17
7882 17
7883 17
7884 17
7885 18
7886 18
7887 17
7888 17
7889 18
7890 18
7891 18
7892 17
7893 17
7894 18
7895 18
7896 17
7897 18
7898 17
7899 17
7900 17
7901 17
7902 18
7903 18
7904 18
7905 17
7906 17
7907 18
7908 18
7909 17
7910 17
7911 17
7912 17
7913 18
7914 18
7915 18
7916 18
7917 17
7918 17
7919 17
7920 17
7921 18
7922 18
7923 18
7924 18
7925 18
7926 18
7927 18
7928 18
7929 17
7930 17
7931 17
7932 17
7933 17
7934 18
7935 17
7936 18
7937 17
7938 18
7939 18
7940 17
7941 18
7942 19
7943 17
7944 17
7945 17
7946 17
7947 18
7948 17
7949 17
7950 17
7951 17
7952 17
7953 18
7954 17
7955 17
7956 17
7957 17
7958 18
7959 17
7960 18
7961 17
7962 17
7963 17
7964 17
7965 18
7966 17
7967 17
7968 17
7969 18
7970 18
7971 18
7972 18
7973 17
7974 17
7975 18
7976 18
7977 18
7978 18
7979 17
7980 18
7981 18
7982 17
7983 17
7984 18
7985 17
7986 18
7987 18
7988 18
7989 17
7990 17
7991 17
7992 18
7993 17
7994 17
7995 17
7996 17
7997 17
7998 18
7999 18
8000 18
8001 17
8002 17
8003 17
8004 17
8005 17
8006 17
8007 17
8008 17
8009 17
8010 17
8011 17
8012 17
8013 17
8014 18
8015 19
8016 18
8017 18
8018 18
8019 17
8020 17
8021 17
8022 17
8023 17
8024 17
8025 17
8026 17
8027 17
8028 17
8029 17
8030 17
8031 17
8032 17
8033 17
8034 17
8035 17
8036 17
8037 21
8038 18
8039 17
8040 18
8041 17
8042 17
8043 17
8044 17
8045 17
8046 17
8047 17
8048 18
8049 18
8050 17
8051 17
8052 17
8053 17
8054 17
8055 17
8056 18
8057 17
8058 17
8059 17
8060 26
8061 18
8062 17
8063 17
8064 17
8065 17
8066 17
8067 17
8068 17
8069 17
8070 17
8071 18
8072 18
8073 17
8074 17
8075 17
8076 17
8077 17
8078 17
8079 17
8080 17
8081 17
8082 19
8083 17
8084 18
8085 18
8086 17
8087 17
8088 18
8089 18
8090 17
8091 17
8092 17
8093 17
8094 17
8095 17
8096 17
8097 17
8098 17
8099 17
8100 17
8101 17
8102 17
8103 18
8104 18
8105 18
8106 18
8107 17
8108 17
8109 17
8110 17
8111 17
8112 17
8113 17
8114 17
8115 17
8116 18
8117 18
8118 18
8119 17
8120 17
8121 17
8122 18
8123 17
8124 18
8125 17
8126 17
8127 18
8128 18
8129 17
8130 17
8131 17
8132 17
8133 18
8134 18
8135 18
8136 17
8137 17
8138 18
8139 17
8140 17
8141 17
8142 17
8143 17
8144 17
8145 17
8146 17
8147 17
8148 17
8149 17
8150 17
8151 17
8152 17
8153 17
8154 17
8155 18
8156 17
8157 17
8158 17
8159 17
8160 17
8161 16
8162 17
8163 18
8164 17
8165 20
8166 17
8167 17
8168 17
8169 17
8170 17
8171 17
8172 17
8173 18
8174 17
8175 17
8176 17
8177 18
8178 17
8179 17
8180 17
8181 17
8182 17
8183 17
8184 18
8185 17
8186 18
8187 17
8188 17
8189 18
8190 19
8191 18
8192 18
8193 17
8194 17
8195 17
8196 17
8197 17
8198 17
8199 18
8200 18
8201 17
8202 17
8203 17
8204 18
8205 18
8206 18
8207 19
8208 17
8209 17
8210 17
8211 17
8212 17
8213 17
8214 17
8215 17
8216 17
8217 17
8218 17
8219 17
8220 17
8221 17
8222 17
8223 17
8224 18
8225 17
8226 17
8227 17
8228 17
8229 20
8230 17
8231 16
8232 17
8233 17
8234 17
8235 17
8236 17
8237 17
8238 17
8239 17
8240 17
8241 17
8242 17
8243 17
8244 17
8245 17
8246 20
8247 17
8248 18
8249 18
8250 17
8251 17
8252 17
8253 17
8254 17
8255 17
8256 17
8257 17
8258 19
8259 18
8260 17
8261 17
8262 17
8263 17
8264 18
8265 17
8266 17
8267 17
8268 16
8269 17
8270 17
8271 17
8272 17
8273 17
8274 16
8275 17
8276 16
8277 17
8278 17
8279 17
8280 17
8281 17
8282 16
8283 17
8284 17
8285 17
8286 17
8287 18
8288 18
8289 18
8290 17
8291 17
8292 17
8293 19
8294 17
8295 17
8296 17
8297 17
8298 17
8299 17
8300 17
8301 16
8302 18
8303 26
8304 18
8305 17
8306 17
8307 17
8308 17
8309 17
8310 17
8311 17
8312 17
8313 17
8314 18
8315 18
8316 18
8317 18
8318 17
8319 18
8320 17
8321 18
8322 17
8323 17
8324 17
8325 17
8326 17
8327 17
8328 17
8329 17
8330 17
8331 25
8332 18
8333 17
8334 17
8335 17
8336 17
8337 18
8338 17
8339 18
8340 17
8341 17
8342 17
8343 17
8344 17
8345 26
8346 18
8347 17
8348 17
8349 18
8350 18
8351 19
8352 17
8353 17
8354 17
8355 17
8356 17
8357 19
8358 17
8359 18
8360 18
8361 17
8362 18
8363 18
8364 17
8365 17
8366 17
8367 17
8368 17
8369 18
8370 18
8371 18
8372 18
8373 17
8374 17
8375 17
8376 17
8377 17
8378 18
8379 17
8380 17
8381 17
8382 17
8383 17
8384 17
8385 16
8386 17
8387 17
8388 17
8389 16
8390 17
8391 17
8392 17
8393 17
8394 17
8395 17
8396 17
8397 17
8398 17
8399 17
8400 17
8401 16
8402 17
8403 17
8404 17
8405 17
8406 17
8407 17
8408 18
8409 17
8410 16
8411 18
8412 17
8413 17
8414 17
8415 17
8416 17
8417 17
8418 17
8419 17
8420 17
8421 20
8422 24
8423 18
8424 17
8425 17
8426 17
8427 17
8428 17
8429 17
8430 17
8431 17
8432 17
8433 18
8434 17
8435 17
8436 17
8437 17
8438 17
8439 16
8440 17
8441 17
8442 17
8443 17
8444 17
8445 18
8446 18
8447 17
8448 17
8449 18
8450 18
8451 17
8452 17
8453 17
8454 17
8455 18
8456 17
8457 17
8458 17
8459 18
8460 17
8461 18
8462 18
8463 18
8464 17
8465 17
8466 17
8467 17
8468 17
8469 17
8470 17
8471 17
8472 17
8473 18
8474 17
8475 18
8476 17
8477 16
8478 18
8479 17
8480 18
8481 17
8482 17
8483 18
8484 18
8485 19
8486 17
8487 17
8488 17
8489 24
8490 18
8491 17
8492 17
8493 17
8494 17
8495 18
8496 17
8497 17
8498 17
8499 17
8500 17
8501 17
8502 17
8503 18
8504 18
8505 18
8506 17
8507 17
8508 17
8509 16
8510 17
8511 17
8512 18
8513 17
8514 17
8515 17
8516 18
8517 18
8518 17
8519 17
8520 17
8521 17
8522 17
8523 17
8524 17
8525 17
8526 27
8527 18
8528 17
8529 17
8530 17
8531 17
8532 17
8533 17
8534 18
8535 18
8536 18
8537 17
8538 18
8539 17
8540 17
8541 17
8542 17
8543 17
8544 17
8545 18
8546 19
8547 17
8548 18
8549 20
8550 17
8551 17
8552 17
8553 17
8554 18
8555 18
8556 17
8557 17
8558 17
8559 17
8560 18
8561 18
8562 19
8563 17
8564 17
8565 17
8566 17
8567 16
8568 18
8569 17
8570 17
8571 17
8572 17
8573 17
8574 17
8575 17
8576 17
8577 17
8578 17
8579 17
8580 17
8581 17
8582 17
8583 17
8584 17
8585 18
8586 17
8587 17
8588 17
8589 17
8590 18
8591 19
8592 17
8593 18
8594 18
8595 17
8596 17
8597 17
8598 17
8599 17
8600 17
8601 17
8602 19
8603 17
8604 17
8605 18
8606 17
8607 18
8608 19
8609 17
8610 17
8611 17
8612 17
8613 19
8614 17
8615 17
8616 17
8617 17
8618 17
8619 18
8620 18
8621 17
8622 17
8623 17
8624 18
8625 19
8626 18
8627 17
8628 17
8629 17
8630 17
8631 17
8632 17
8633 17
8634 17
8635 17
8636 17
8637 17
8638 17
8639 17
8640 17
8641 17
8642 18
8643 17
8644 18
8645 17
8646 18
8647 18
8648 17
8649 17
8650 17
8651 17
8652 17
8653 16
8654 17
8655 17
8656 16
8657 17
8658 17
8659 18
8660 17
8661 18
8662 18
8663 17
8664 17
8665 18
8666 17
8667 17
8668 17
8669 17
8670 16
8671 17
8672 17
8673 17
8674 17
8675 17
8676 17
8677 18
8678 17
8679 17
8680 17
8681 17
8682 17
8683 17
8684 17
8685 17
8686 16
8687 17
8688 17
8689 17
8690 18
8691 18
8692 17
8693 17
8694 19
8695 18
8696 17
8697 17
8698 16
8699 17
8700 17
8701 17
8702 17
8703 17
8704 18
8705 17
8706 17
8707 22
8708 17
8709 17
8710 17
8711 17
8712 17
8713 18
8714 17
8715 17
8716 18
8717 17
8718 17
8719 16
8720 17
8721 18
8722 17
8723 18
8724 18
8725 17
8726 17
8727 17
8728 16
8729 17
8730 17
8731 16
8732 17
8733 17
8734 17
8735 17
8736 17
8737 17
8738 17
8739 18
8740 17
8741 19
8742 17
8743 17
8744 17
8745 18
8746 17
8747 17
8748 17
8749 17
8750 17
8751 17
8752 17
8753 17
8754 17
8755 17
8756 17
8757 17
8758 17
8759 17
8760 17
8761 18
8762 17
8763 17
8764 17
8765 17
8766 17
8767 17
8768 17
8769 17
8770 17
8771 17
8772 25
8773 18
8774 17
8775 17
8776 17
8777 17
8778 18
8779 17
8780 17
8781 17
8782 17
8783 17
8784 18
8785 18
8786 16
8787 17
8788 17
8789 17
8790 17
8791 17
8792 17
8793 17
8794 17
8795 17
8796 17
8797 17
8798 16
8799 17
8800 17
8801 17
8802 17
8803 18
8804 18
8805 19
8806 18
8807 17
8808 18
8809 17
8810 17
8811 17
8812 17
8813 17
8814 17
8815 17
8816 17
8817 17
8818 17
8819 17
8820 16
8821 17
8822 17
8823 17
8824 17
8825 17
8826 17
8827 18
8828 17
8829 17
8830 17
8831 17
8832 17
8833 17
8834 17
8835 20
8836 19
8837 17
8838 18
8839 17
8840 17
8841 17
8842 17
8843 17
8844 17
8845 17
8846 17
8847 16
8848 17
8849 17
8850 17
8851 17
8852 17
8853 17
8854 17
8855 16
8856 17
8857 18
8858 17
8859 18
8860 17
8861 18
8862 18
8863 17
8864 17
8865 17
8866 17
8867 17
8868 17
8869 20
8870 17
8871 17
8872 17
8873 17
8874 17
8875 17
8876 18
8877 17
8878 17
8879 17
8880 17
8881 17
8882 17
8883 17
8884 17
8885 16
8886 17
8887 17
8888 17
8889 30
8890 18
8891 17
8892 17
8893 17
8894 17
8895 17
8896 17
8897 17
8898 17
8899 17
8900 17
8901 16
8902 17
8903 17
8904 18
8905 17
8906 18
8907 18
8908 18
8909 18
8910 18
8911 17
8912 18
8913 18
8914 18
8915 17
8916 17
8917 18
8918 17
8919 17
8920 17
8921 17
8922 17
8923 17
8924 17
8925 17
8926 17
8927 17
8928 17
8929 17
8930 17
8931 18
8932 17
8933 17
8934 18
8935 18
8936 17
8937 17
8938 17
8939 17
8940 17
8941 17
8942 27
8943 18
8944 17
8945 18
8946 17
8947 17
8948 19
8949 17
8950 17
8951 17
8952 18
8953 19
8954 18
8955 18
8956 17
8957 17
8958 18
8959 17
8960 17
8961 17
8962 18
8963 18
8964 17
8965 18
8966 17
8967 17
8968 18
8969 17
8970 17
8971 17
8972 17
8973 17
8974 17
8975 17
8976 18
8977 18
8978 17
8979 17
8980 17
8981 17
8982 18
8983 17
8984 17
8985 17
8986 17
8987 18
8988 17
8989 18
8990 17
8991 17
8992 17
8993 18
8994 17
8995 17
8996 17
8997 17
8998 17
8999 18
9000 17
9001 17
9002 17
9003 17
9004 18
9005 17
9006 18
9007 18
9008 16
9009 17
9010 17
9011 17
9012 17
9013 17
9014 17
9015 17
9016 17
9017 17
9018 17
9019 17
9020 -999983
9021 17
9022 18
9023 18
9024 17
9025 17
9026 18
9027 18
9028 18
9029 17
9030 18
9031 17
9032 17
9033 17
9034 17
9035 17
9036 17
9037 17
9038 17
9039 17
9040 17
9041 17
9042 17
9043 17
9044 18
9045 17
9046 17
9047 17
9048 17
9049 17
9050 18
9051 17
9052 18
9053 18
9054 18
9055 19
9056 18
9057 17
9058 18
9059 17
9060 17
9061 17
9062 17
9063 17
9064 17
9065 16
9066 17
9067 18
9068 18
9069 17
9070 17
9071 17
9072 18
9073 17
9074 17
9075 18
9076 18
9077 18
9078 18
9079 17
9080 17
9081 17
9082 17
9083 17
9084 17
9085 17
9086 17
9087 17
9088 17
9089 18
9090 17
9091 17
9092 17
9093 17
9094 17
9095 17
9096 17
9097 17
9098 17
9099 17
9100 18
9101 17
9102 17
9103 17
9104 17
9105 17
9106 18
9107 17
9108 17
9109 17
9110 17
9111 17
9112 17
9113 17
9114 17
9115 17
9116 18
9117 18
9118 18
9119 18
9120 18
9121 18
9122 17
9123 17
9124 17
9125 17
9126 18
9127 18
9128 19
9129 18
9130 18
9131 17
9132 17
9133 17
9134 18
9135 17
9136 18
9137 17
9138 17
9139 17
9140 17
9141 17
9142 17
9143 17
9144 17
9145 18
9146 17
9147 18
9148 18
9149 18
9150 17
9151 17
9152 17
9153 17
9154 18
9155 17
9156 17
9157 17
9158 17
9159 17
9160 17
9161 17
9162 17
9163 17
9164 17
9165 17
9166 17
9167 17
9168 17
9169 18
9170 18
9171 18
9172 17
9173 17
9174 17
9175 17
9176 17
9177 17
9178 17
9179 17
9180 17
9181 17
9182 17
9183 17
9184 17
9185 19
9186 18
9187 18
9188 18
9189 17
9190 17
9191 17
9192 17
9193 18
9194 17
9195 17
9196 18
9197 18
9198 18
9199 17
9200 17
9201 17
9202 17
9203 17
9204 17
9205 17
9206 17
9207 17
9208 17
9209 17
9210 17
9211 17
9212 18
9213 17
9214 18
9215 18
9216 17
9217 17
9218 17
9219 18
9220 18
9221 18
9222 17
9223 17
9224 17
9225 18
9226 17
9227 18
9228 18
9229 17
9230 18
9231 18
9232 17
9233 17
9234 17
9235 18
9236 18
9237 17
9238 17
9239 18
9240 18
9241 18
9242 18
9243 17
9244 17
9245 17
9246 17
9247 19
9248 17
9249 18
9250 18
9251 17
9252 17
9253 17
9254 18
9255 18
9256 17
9257 17
9258 17
9259 17
9260 17
9261 17
9262 18
9263 18
9264 19
9265 18
9266 18
9267 18
9268 18
9269 18
9270 18
9271 18
9272 17
9273 17
9274 17
9275 17
9276 18
9277 18
9278 18
9279 18
9280 18
9281 18
9282 17
9283 18
9284 18
9285 17
9286 22
9287 18
9288 17
9289 17
9290 17
9291 17
9292 16
9293 18
9294 17
9295 17
9296 18
9297 18
9298 17
9299 18
9300 18
9301 17
9302 17
9303 17
9304 17
9305 17
9306 17
9307 17
9308 17
9309 18
9310 17
9311 18
9312 17
9313 17
9314 18
9315 17
9316 18
9317 17
9318 17
9319 18
9320 18
9321 18
9322 17
9323 18
9324 17
9325 17
9326 17
9327 18
9328 17
9329 17
9330 18
9331 18
9332 17
9333 17
9334 17
9335 17
9336 17
9337 18
9338 17
9339 18
9340 17
9341 17
9342 26
9343 18
9344 17
9345 18
9346 17
9347 17
9348 18
9349 17
9350 17
9351 17
9352 17
9353 18
9354 17
9355 17
9356 17
9357 18
9358 17
9359 18
9360 18
9361 18
9362 17
9363 18
9364 18
9365 18
9366 18
9367 17
9368 17
9369 17
9370 18
9371 17
9372 18
9373 17
9374 18
9375 17
9376 17
9377 17
9378 17
9379 17
9380 17
9381 17
9382 17
9383 18
9384 18
9385 17
9386 17
9387 17
9388 17
9389 17
9390 17
9391 17
9392 17
9393 18
9394 19
9395 17
9396 17
9397 17
9398 17
9399 17
9400 17
9401 17
9402 17
9403 18
9404 18
9405 17
9406 17
9407 17
9408 17
9409 17
9410 18
9411 17
9412 18
9413 17
9414 18
9415 17
9416 17
9417 17
9418 32
9419 18
9420 17
9421 17
9422 17
9423 18
9424 17
9425 17
9426 19
9427 19
9428 18
9429 17
9430 17
9431 17
9432 18
9433 17
9434 18
9435 17
9436 18
9437 18
9438 18
9439 17
9440 18
9441 18
9442 17
9443 17
9444 17
9445 17
9446 17
9447 17
9448 17
9449 17
9450 17
9451 18
9452 17
9453 16
9454 17
9455 17
9456 17
9457 17
9458 18
9459 18
9460 17
9461 17
9462 17
9463 18
9464 17
9465 17
9466 17
9467 17
9468 17
9469 17
9470 17
9471 17
9472 17
9473 17
9474 17
9475 17
9476 17
9477 17
9478 17
9479 17
9480 17
9481 18
9482 18
9483 17
9484 18
9485 17
9486 17
9487 17
9488 17
9489 18
9490 19
9491 17
9492 17
9493 17
9494 17
9495 17
9496 17
9497 17
9498 17
9499 17
9500 19
9501 18
9502 17
9503 17
9504 18
9505 17
9506 17
9507 17
9508 17
9509 17
9510 17
9511 17
9512 17
9513 17
9514 18
9515 17
9516 18
9517 19
9518 17
9519 18
9520 17
9521 17
9522 17
9523 17
9524 17
9525 17
9526 18
9527 18
9528 18
9529 18
9530 17
9531 17
9532 17
9533 17
9534 17
9535 17
9536 17
9537 17
9538 17
9539 17
9540 17
9541 17
9542 17
9543 17
9544 17
9545 18
9546 17
9547 18
9548 17
9549 17
9550 17
9551 18
9552 17
9553 17
9554 17
9555 17
9556 25
9557 18
9558 17
9559 17
9560 17
9561 17
9562 18
9563 18
9564 17
9565 17
9566 17
9567 17
9568 17
9569 17
9570 17
9571 17
9572 17
9573 17
9574 17
9575 17
9576 18
9577 17
9578 17
9579 18
9580 17
9581 17
9582 17
9583 17
9584 17
9585 17
9586 17
9587 17
9588 17
9589 17
9590 17
9591 17
9592 17
9593 17
9594 17
9595 17
9596 19
9597 18
9598 18
9599 18
9600 17
9601 17
9602 17
9603 18
9604 18
9605 18
9606 18
9607 17
9608 17
9609 17
9610 17
9611 16
9612 17
9613 17
9614 17
9615 17
9616 17
9617 17
9618 17
9619 18
9620 19
9621 18
9622 17
9623 16
9624 17
9625 17
9626 17
9627 17
9628 17
9629 17
9630 18
9631 17
9632 18
9633 18
9634 18
9635 19
9636 17
9637 18
9638 18
9639 18
9640 18
9641 17
9642 17
9643 17
9644 17
9645 17
9646 17
9647 17
9648 17
9649 18
9650 18
9651 18
9652 18
9653 18
9654 18
9655 18
9656 17
9657 17
9658 17
9659 18
9660 17
9661 18
9662 18
9663 18
9664 17
9665 18
9666 17
9667 18
9668 17
9669 18
9670 18
9671 17
9672 17
9673 17
9674 17
9675 18
9676 17
9677 17
9678 18
9679 18
9680 18
9681 19
9682 18
9683 18
9684 17
9685 18
9686 18
9687 17
9688 17
9689 18
9690 17
9691 17
9692 17
9693 17
9694 17
9695 17
9696 17
9697 18
9698 18
9699 17
9700 18
9701 17
9702 18
9703 17
9704 17
9705 17
9706 18
9707 18
9708 17
9709 19
9710 18
9711 17
9712 18
9713 17
9714 17
9715 17
9716 17
9717 17
9718 18
9719 18
9720 17
9721 17
9722 17
9723 17
9724 17
9725 17
9726 17
9727 17
9728 17
9729 17
9730 17
9731 17
9732 17
9733 18
9734 18
9735 17
9736 22
9737 17
9738 18
9739 17
9740 17
9741 17
9742 17
9743 17
9744 17
9745 17
9746 19
9747 17
9748 17
9749 18
9750 18
9751 18
9752 18
9753 17
9754 18
9755 17
9756 17
9757 17
9758 17
9759 18
9760 18
9761 17
9762 17
9763 17
9764 17
9765 18
9766 18
9767 17
9768 17
9769 17
9770 18
9771 17
9772 17
9773 17
9774 17
9775 20
9776 26
9777 18
9778 26
9779 18
9780 17
9781 18
9782 18
9783 17
9784 17
9785 18
9786 18
9787 17
9788 17
9789 17
9790 17
9791 18
9792 19
9793 19
9794 18
9795 17
9796 18
9797 18
9798 18
9799 18
9800 18
9801 17
9802 18
9803 18
9804 18
9805 17
9806 18
9807 17
9808 17
9809 17
9810 17
9811 17
9812 17
9813 17
9814 18
9815 18
9816 18
9817 17
9818 17
9819 17
9820 18
9821 18
9822 18
9823 17
9824 18
9825 18
9826 17
9827 17
9828 17
9829 17
9830 17
9831 18
9832 18
9833 18
9834 17
9835 17
9836 17
9837 19
9838 18
9839 18
9840 18
9841 18
9842 17
9843 17
9844 17
9845 17
9846 17
9847 17
9848 17
9849 18
9850 18
9851 17
9852 17
9853 17
9854 18
9855 18
9856 18
9857 17
9858 17
9859 17
9860 18
9861 17
9862 17
9863 17
9864 17
9865 17
9866 17
9867 17
9868 17
9869 18
9870 17
9871 17
9872 17
9873 17
9874 17
9875 17
9876 18
9877 17
9878 18
9879 17
9880 18
9881 18
9882 17
9883 17
9884 17
9885 18
9886 18
9887 17
9888 17
9889 17
9890 17
9891 17
9892 17
9893 26
9894 18
9895 17
9896 18
9897 17
9898 17
9899 18
9900 17
9901 17
9902 17
9903 18
9904 18
9905 19
9906 18
9907 17
9908 17
9909 17
9910 17
9911 17
9912 17
9913 17
9914 17
9915 17
9916 18
9917 17
9918 20
9919 17
9920 18
9921 17
9922 17
9923 17
9924 17
9925 17
9926 17
9927 17
9928 17
9929 17
9930 17
9931 17
9932 17
9933 17
9934 17
9935 17
9936 17
9937 17
9938 17
9939 17
9940 17
9941 17
9942 17
9943 17
9944 17
9945 18
9946 17
9947 18
9948 17
9949 17
9950 18
9951 17
9952 17
9953 17
9954 17
9955 17
9956 17
9957 17
9958 28
9959 17
9960 17
9961 17
9962 17
9963 17
9964 17
9965 17
9966 17
9967 18
9968 17
9969 17
9970 17
9971 17
9972 17
9973 17
9974 17
9975 17
9976 17
9977 17
9978 17
9979 17
9980 17
9981 17
9982 20
9983 17
9984 18
9985 19
9986 17
9987 17
9988 17
9989 17
9990 17
9991 17
9992 17
9993 17
9994 17
9995 17
9996 17
9997 17
9998 17
9999 17
