0 4401
1 4854
2 5237
3 4897
4 5198
5 5087
6 4599
7 4831
8 4962
9 4585
10 5969
11 4704
12 5089
13 5087
14 4965
15 4961
16 5213
17 5210
18 4970
19 6707
20 5587
21 5217
22 4830
23 4593
24 4959
25 4738
26 4538
27 4711
28 4963
29 5272
30 6535
31 5330
32 5089
33 4851
34 6196
35 4591
36 4589
37 5091
38 4958
39 4586
40 4713
41 4725
42 5197
43 5847
44 5143
45 4783
46 4829
47 4711
48 4965
49 5093
50 5705
51 4779
52 4646
53 4721
54 4711
55 5205
56 4713
57 4971
58 6521
59 4645
60 5465
61 5590
62 4707
63 5340
64 4717
65 4463
66 5335
67 4715
68 5088
69 4735
70 5947
71 5330
72 4583
73 4593
74 4580
75 5087
76 5339
77 5906
78 4643
79 5340
80 5055
81 4496
82 4703
83 4839
84 4965
85 5656
86 5427
87 4559
88 5345
89 4946
90 6590
91 4711
92 4972
93 4695
94 5487
95 4458
96 4957
97 4578
98 4709
99 5216
100 4856
101 5064
102 4961
103 4957
104 4733
105 5225
106 5138
107 5209
108 4772
109 4902
110 6212
111 4716
112 4843
113 4703
114 4590
115 4570
116 5363
117 4855
118 4566
119 4712
120 4648
121 4530
122 4955
123 4714
124 4961
125 4716
126 5209
127 4459
128 4964
129 4846
130 5583
131 11347
132 4572
133 4842
134 5085
135 5090
136 5270
137 4904
138 4962
139 5470
140 4582
141 4702
142 5339
143 4590
144 4584
145 4841
146 5211
147 4591
148 5085
149 4710
150 4774
151 5403
152 5085
153 -995157
154 4583
155 4865
156 4808
157 4585
158 5849
159 4585
160 4701
161 5337
162 5265
163 4794
164 4703
165 4962
166 4595
167 4588
168 5107
169 4787
170 5262
171 5581
172 5329
173 4587
174 6152
175 4649
176 4583
177 5465
178 5032
179 4519
180 5839
181 4833
182 4467
183 4586
184 4584
185 4959
186 4724
187 4835
188 4724
189 5188
190 4985
191 5322
192 5786
193 4998
194 5190
195 5110
196 4771
197 4986
198 5092
199 4967
200 4826
201 5168
202 4955
203 4713
204 4767
205 4896
206 4778
207 4650
208 5091
209 4942
210 4771
211 5027
212 6080
213 4454
214 4595
215 4726
216 5046
217 4847
218 4804
219 5466
220 4696
221 4981
222 5686
223 4600
224 4688
225 4717
226 4955
227 4842
228 4947
229 5212
230 5333
231 4845
232 5950
233 5346
234 4821
235 4590
236 4583
237 4726
238 4815
239 4711
240 5702
241 4574
242 5895
243 4777
244 4574
245 4702
246 5587
247 5466
248 5454
249 4444
250 5270
251 4778
252 4827
253 6079
254 4967
255 5078
256 4580
257 4585
258 4701
259 4601
260 4568
261 5320
262 4718
263 5239
264 4925
265 4823
266 5779
267 5261
268 5105
269 4852
270 4976
271 4773
272 4713
273 5957
274 5356
275 4802
276 5080
277 5085
278 4992
279 5031
280 4843
281 4951
282 4589
283 4567
284 4708
285 4710
286 4587
287 5220
288 5197
289 4586
290 5230
291 6073
292 4827
293 6527
294 4551
295 5052
296 6141
297 4770
298 5042
299 4756
300 4729
301 4550
302 4702
303 5575
304 5205
305 4960
306 4594
307 4701
308 4706
309 5776
310 5274
311 4826
312 5366
313 6176
314 4715
315 5454
316 4475
317 4816
318 4622
319 5101
320 4903
321 4958
322 4980
323 6377
324 4772
325 5904
326 4780
327 5063
328 4966
329 5081
330 5397
331 5023
332 4832
333 5964
334 4961
335 5324
336 5203
337 5091
338 4720
339 4691
340 4586
341 5269
342 5805
343 5368
344 4652
345 4778
346 4889
347 5076
348 4775
349 5025
350 4578
351 -994753
352 5047
353 6707
354 5326
355 6726
356 5572
357 4755
358 4742
359 4711
360 5592
361 5211
362 4823
363 5639
364 4594
365 4527
366 4581
367 4613
368 5163
369 4594
370 4752
371 4728
372 4587
373 6280
374 5202
375 4905
376 5721
377 5702
378 4964
379 6087
380 5981
381 5079
382 4831
383 5079
384 5219
385 4580
386 4593
387 4583
388 4840
389 5333
390 4589
391 5213
392 7217
393 4837
394 5090
395 4976
396 5193
397 4709
398 5215
399 4698
400 5349
401 4842
402 5086
403 5098
404 5898
405 4946
406 4777
407 4722
408 5076
409 4712
410 4892
411 5417
412 5952
413 5087
414 5340
415 5215
416 4584
417 5466
418 4593
419 4829
420 5655
421 5262
422 4468
423 5083
424 4838
425 4581
426 5035
427 4764
428 4835
429 4720
430 4711
431 4697
432 4713
433 6360
434 5722
435 4805
436 4712
437 4840
438 5021
439 5222
440 4818
441 5154
442 4988
443 4810
444 4588
445 4851
446 4560
447 5224
448 4838
449 5593
450 5467
451 5077
452 4980
453 5953
454 4587
455 4723
456 4821
457 5209
458 5742
459 4931
460 5146
461 4781
462 5348
463 5081
464 4574
465 5970
466 4923
467 5512
468 4961
469 5613
470 5348
471 4782
472 6738
473 5067
474 4582
475 4730
476 4703
477 4709
478 4702
479 4713
480 4835
481 6221
482 5012
483 5037
484 4574
485 5594
486 4962
487 5206
488 4969
489 4836
490 4704
491 5088
492 4963
493 5846
494 6577
495 4964
496 5362
497 5123
498 4779
499 5843
500 4990
501 5053
502 4716
503 5092
504 4723
505 4820
506 5211
507 5461
508 4854
509 4696
510 5464
511 5338
512 6718
513 5454
514 4964
515 5087
516 5343
517 5080
518 4969
519 4974
520 4824
521 4834
522 4713
523 4963
524 4719
525 5205
526 4986
527 4820
528 4597
529 4569
530 4713
531 4840
532 6105
533 4811
534 5479
535 4569
536 4610
537 4690
538 4585
539 4588
540 4716
541 4712
542 4952
543 4969
544 4962
545 4707
546 -994914
547 5340
548 5207
549 5090
550 5080
551 5465
552 4958
553 6580
554 4958
555 5091
556 4674
557 4874
558 4583
559 5342
560 4836
561 4823
562 4588
563 4588
564 4561
565 5284
566 5091
567 5103
568 5463
569 5317
570 4961
571 4973
572 5077
573 6341
574 5078
575 4669
576 5387
577 4703
578 4964
579 5105
580 5073
581 5107
582 5064
583 4741
584 4685
585 5077
586 4592
587 4971
588 4577
589 5509
590 4784
591 5028
592 4650
593 5705
594 4965
595 5230
596 5695
597 5343
598 4581
599 4593
600 4705
601 5588
602 4713
603 5225
604 4449
605 4613
606 4692
607 5227
608 5137
609 4789
610 4698
611 5841
612 5706
613 6839
614 4970
615 4706
616 4709
617 5712
618 4716
619 4966
620 4954
621 4843
622 4868
623 4684
624 4723
625 5443
626 4843
627 5583
628 5144
629 4777
630 4965
631 5088
632 4460
633 6344
634 5082
635 4966
636 4728
637 4696
638 4583
639 4591
640 6086
641 5231
642 5067
643 4839
644 4584
645 4717
646 5842
647 4706
648 6086
649 5213
650 4609
651 4560
652 5277
653 6396
654 5100
655 5077
656 5337
657 4587
658 5108
659 5069
660 4832
661 4585
662 4752
663 4783
664 4700
665 4962
666 5345
667 4829
668 4588
669 4713
670 4503
671 5170
672 5089
673 4464
674 5950
675 5161
676 5275
677 4774
678 4670
679 4699
680 5268
681 4959
682 5198
683 4795
684 5078
685 4735
686 4945
687 4707
688 4906
689 4643
690 4590
691 4714
692 5584
693 4835
694 6238
695 4937
696 4711
697 4964
698 4978
699 5070
700 4838
701 5338
702 4903
703 4651
704 4702
705 4469
706 5035
707 4631
708 4767
709 5032
710 5203
711 5233
712 5316
713 4969
714 4656
715 6269
716 4578
717 4991
718 4685
719 4965
720 5451
721 5218
722 5212
723 4593
724 4572
725 6105
726 4942
727 4623
728 5054
729 4576
730 4593
731 4582
732 4714
733 4962
734 4465
735 6712
736 4961
737 4585
738 4598
739 4891
740 5026
741 5587
742 4730
743 5819
744 -995412
745 4712
746 5715
747 4710
748 5211
749 5103
750 4823
751 5712
752 5215
753 4698
754 5602
755 6215
756 5087
757 4855
758 5369
759 5151
760 5022
761 5052
762 4552
763 4738
764 4612
765 4900
766 4771
767 5142
768 4963
769 4964
770 4830
771 4838
772 5086
773 4843
774 4844
775 6130
776 5300
777 6066
778 5220
779 4876
780 4802
781 4693
782 4835
783 4960
784 4716
785 5090
786 4591
787 4718
788 4828
789 4839
790 4728
791 4867
792 5426
793 4571
794 4713
795 5710
796 5840
797 4813
798 4734
799 4579
800 4839
801 6085
802 4802
803 5127
804 4990
805 5054
806 5465
807 4694
808 5111
809 4693
810 5080
811 4713
812 4586
813 4770
814 5526
815 4967
816 6100
817 5195
818 4772
819 4693
820 4797
821 4716
822 4834
823 4964
824 4962
825 4468
826 4583
827 4848
828 6326
829 5089
830 5107
831 5565
832 5111
833 4687
834 4591
835 4587
836 6585
837 5126
838 4803
839 4963
840 4612
841 5255
842 5292
843 4818
844 4862
845 5193
846 5967
847 5139
848 4532
849 5699
850 4964
851 5210
852 5026
853 5650
854 5338
855 5214
856 6223
857 4962
858 4967
859 5492
860 5157
861 5585
862 5896
863 4912
864 4957
865 4783
866 5389
867 5093
868 4702
869 4714
870 4835
871 4595
872 4954
873 5406
874 5648
875 6343
876 4954
877 4746
878 5431
879 4716
880 4585
881 4587
882 4715
883 5838
884 4709
885 4734
886 4818
887 4964
888 4585
889 4838
890 4837
891 4723
892 5200
893 4964
894 4906
895 4758
896 6349
897 4898
898 4882
899 4716
900 4581
901 5096
902 5077
903 5597
904 4826
905 4996
906 4699
907 4699
908 5327
909 5110
910 4562
911 4595
912 4704
913 5091
914 4849
915 5766
916 6391
917 4717
918 5967
919 5209
920 5197
921 5841
922 4717
923 4950
924 4595
925 4701
926 4958
927 4847
928 4692
929 4469
930 5122
931 5461
932 6472
933 4902
934 4959
935 4971
936 5884
937 5010
938 5107
939 4780
940 -995236
941 4720
942 5137
943 4658
944 5850
945 5077
946 5206
947 4589
948 5086
949 5091
950 4579
951 5090
952 5206
953 5341
954 5336
955 4708
956 6079
957 4728
958 5188
959 4596
960 5213
961 4589
962 4720
963 5083
964 4709
965 4743
966 4811
967 5217
968 4580
969 4586
970 4970
971 4834
972 4711
973 5399
974 4905
975 4708
976 6184
977 4861
978 5216
979 4582
980 5214
981 6024
982 6098
983 4764
984 5087
985 4602
986 4698
987 4839
988 5089
989 5087
990 4617
991 5690
992 4840
993 4987
994 5873
995 4654
996 6144
997 5664
998 5222
999 4694
1000 4711
1001 5093
1002 4956
1003 4718
1004 4583
1005 4720
1006 5019
1007 4900
1008 5587
1009 5034
1010 5390
1011 4964
1012 5233
1013 5071
1014 5088
1015 4706
1016 6591
1017 4596
1018 4827
1019 4588
1020 5663
1021 4891
1022 4582
1023 4714
1024 4969
1025 4578
1026 4588
1027 4590
1028 4603
1029 5430
1030 4960
1031 4714
1032 4731
1033 5433
1034 5206
1035 4904
1036 4652
1037 5707
1038 4587
1039 5088
1040 5095
1041 5080
1042 4588
1043 5152
1044 4819
1045 5540
1046 5232
1047 4999
1048 5289
1049 5579
1050 5111
1051 5633
1052 4899
1053 5104
1054 5438
1055 5384
1056 6558
1057 5196
1058 5202
1059 4856
1060 4698
1061 5339
1062 5201
1063 5220
1064 6457
1065 5034
1066 4638
1067 4849
1068 5322
1069 4594
1070 4704
1071 4752
1072 5803
1073 4831
1074 4704
1075 4791
1076 6506
1077 5472
1078 4698
1079 4843
1080 5079
1081 6092
1082 4709
1083 4901
1084 4774
1085 5462
1086 4833
1087 4597
1088 5582
1089 4595
1090 5145
1091 4904
1092 4830
1093 4718
1094 5207
1095 5215
1096 6080
1097 5246
1098 5942
1099 5459
1100 5342
1101 5334
1102 5338
1103 5088
1104 4856
1105 5820
1106 4585
1107 4721
1108 4959
1109 5339
1110 4950
1111 6114
1112 5062
1113 5212
1114 5088
1115 6342
1116 4958
1117 4830
1118 4962
1119 4781
1120 4890
1121 4465
1122 5209
1123 4596
1124 5018
1125 5021
1126 5840
1127 4844
1128 4829
1129 4966
1130 4712
1131 5598
1132 5329
1133 5229
1134 5092
1135 -993000
1136 4900
1137 5087
1138 4926
1139 5129
1140 4829
1141 4963
1142 5152
1143 4651
1144 4581
1145 4961
1146 4968
1147 5359
1148 5809
1149 4980
1150 5314
1151 5210
1152 5179
1153 4859
1154 4487
1155 6654
1156 4837
1157 4756
1158 4906
1159 4829
1160 4717
1161 5332
1162 4844
1163 5078
1164 4849
1165 5201
1166 4969
1167 5023
1168 4767
1169 5462
1170 5156
1171 4770
1172 4712
1173 5586
1174 5475
1175 6148
1176 5543
1177 5108
1178 5421
1179 4947
1180 4967
1181 4852
1182 5444
1183 4587
1184 6030
1185 5653
1186 4621
1187 4526
1188 5736
1189 5093
1190 4831
1191 5089
1192 5166
1193 5010
1194 4711
1195 6102
1196 4570
1197 4843
1198 4834
1199 4834
1200 4779
1201 4781
1202 5703
1203 5112
1204 4835
1205 6195
1206 4958
1207 4965
1208 5018
1209 4847
1210 4829
1211 4653
1212 4838
1213 5908
1214 4767
1215 6236
1216 5223
1217 4818
1218 4819
1219 4589
1220 5748
1221 4677
1222 5214
1223 5212
1224 4846
1225 4827
1226 4748
1227 5054
1228 4978
1229 4694
1230 5390
1231 5162
1232 5722
1233 5327
1234 4714
1235 5839
1236 5462
1237 4899
1238 4771
1239 4586
1240 5416
1241 4637
1242 5275
1243 4650
1244 4851
1245 4969
1246 5442
1247 4589
1248 5961
1249 4580
1250 5474
1251 4947
1252 4644
1253 5139
1254 4666
1255 6825
1256 5025
1257 5525
1258 4715
1259 4713
1260 4589
1261 4586
1262 4585
1263 4716
1264 4964
1265 4707
1266 4718
1267 5985
1268 5565
1269 5586
1270 5085
1271 4778
1272 4902
1273 4871
1274 5296
1275 5966
1276 5206
1277 4589
1278 5213
1279 5027
1280 4897
1281 4589
1282 5088
1283 4851
1284 4570
1285 4592
1286 4835
1287 4839
1288 4779
1289 5148
1290 5022
1291 4902
1292 4590
1293 4959
1294 4839
1295 7113
1296 4811
1297 5216
1298 5212
1299 5224
1300 5322
1301 5213
1302 4713
1303 4598
1304 4703
1305 4964
1306 4776
1307 4656
1308 5079
1309 4718
1310 4584
1311 4909
1312 4648
1313 4705
1314 6085
1315 5473
1316 6200
1317 4587
1318 5839
1319 5533
1320 4952
1321 5084
1322 5156
1323 4591
1324 4710
1325 5096
1326 5400
1327 5210
1328 5401
1329 5083
1330 -994345
1331 5398
1332 4829
1333 5586
1334 4976
1335 5760
1336 4904
1337 4711
1338 5722
1339 4579
1340 4587
1341 4715
1342 6220
1343 5832
1344 4715
1345 5651
1346 5144
1347 5099
1348 5071
1349 4577
1350 5214
1351 4738
1352 4735
1353 4657
1354 4590
1355 5961
1356 4836
1357 4588
1358 5090
1359 4708
1360 4839
1361 4588
1362 5379
1363 5800
1364 5208
1365 5531
1366 4915
1367 5443
1368 4582
1369 4846
1370 6076
1371 4596
1372 4705
1373 5594
1374 5021
1375 6789
1376 4710
1377 4819
1378 5281
1379 4648
1380 5236
1381 4814
1382 4963
1383 4835
1384 4717
1385 5086
1386 4894
1387 5027
1388 5157
1389 5145
1390 5078
1391 4464
1392 5375
1393 5425
1394 5606
1395 5696
1396 4968
1397 4704
1398 5214
1399 4715
1400 5156
1401 5143
1402 5591
1403 5334
1404 4594
1405 4582
1406 5211
1407 4712
1408 4844
1409 4704
1410 4593
1411 5336
1412 4726
1413 5070
1414 4590
1415 6087
1416 5092
1417 4957
1418 4712
1419 6087
1420 4611
1421 5185
1422 4845
1423 4580
1424 4843
1425 5328
1426 5026
1427 4651
1428 5252
1429 4673
1430 4838
1431 5213
1432 5845
1433 5333
1434 4831
1435 5585
1436 4954
1437 4837
1438 5021
1439 5154
1440 5843
1441 4619
1442 4715
1443 4805
1444 5698
1445 6214
1446 5080
1447 5656
1448 4766
1449 4980
1450 4969
1451 4875
1452 4777
1453 5339
1454 5579
1455 6964
1456 4960
1457 4841
1458 5225
1459 4830
1460 4992
1461 5178
1462 5001
1463 4540
1464 4700
1465 4841
1466 5376
1467 5300
1468 5478
1469 4942
1470 4891
1471 4534
1472 4953
1473 5399
1474 5067
1475 5959
1476 5044
1477 4590
1478 4729
1479 5467
1480 4692
1481 5855
1482 5551
1483 4841
1484 4817
1485 4734
1486 4951
1487 4708
1488 4709
1489 5216
1490 4719
1491 4956
1492 5089
1493 4711
1494 4971
1495 5831
1496 5085
1497 4717
1498 4967
1499 5330
1500 5094
1501 4726
1502 5122
1503 4512
1504 4606
1505 4590
1506 4625
1507 5308
1508 4576
1509 5216
1510 4604
1511 4818
1512 5339
1513 4713
1514 4854
1515 5197
1516 5578
1517 5338
1518 4972
1519 4578
1520 5344
1521 4578
1522 5892
1523 4844
1524 4776
1525 4590
1526 -995429
1527 4857
1528 5400
1529 4647
1530 5365
1531 4934
1532 4837
1533 4963
1534 4724
1535 5575
1536 5713
1537 4837
1538 4600
1539 4949
1540 5221
1541 4832
1542 5641
1543 5526
1544 5206
1545 4738
1546 5832
1547 5604
1548 4567
1549 4838
1550 4867
1551 5040
1552 5595
1553 5079
1554 4844
1555 4703
1556 6729
1557 4465
1558 6109
1559 5799
1560 5604
1561 5044
1562 4748
1563 4797
1564 4596
1565 4583
1566 4961
1567 5014
1568 5534
1569 5581
1570 4587
1571 4956
1572 4970
1573 5273
1574 5650
1575 6454
1576 4881
1577 4538
1578 4601
1579 4694
1580 5036
1581 4762
1582 5346
1583 4450
1584 4593
1585 4581
1586 4869
1587 5681
1588 4978
1589 4941
1590 4702
1591 4606
1592 4695
1593 4844
1594 4954
1595 4590
1596 6338
1597 5590
1598 4974
1599 4820
1600 4587
1601 4781
1602 4646
1603 5341
1604 6866
1605 5292
1606 5767
1607 4652
1608 5221
1609 5078
1610 4841
1611 5280
1612 4743
1613 4575
1614 4713
1615 4905
1616 6528
1617 4704
1618 5622
1619 5175
1620 5159
1621 4762
1622 5714
1623 4587
1624 5467
1625 4963
1626 4834
1627 4846
1628 5710
1629 5202
1630 4715
1631 4964
1632 4834
1633 4480
1634 4821
1635 4713
1636 6592
1637 4838
1638 4830
1639 5147
1640 5278
1641 5962
1642 5207
1643 4852
1644 5228
1645 4554
1646 4589
1647 5594
1648 4954
1649 4712
1650 5593
1651 5213
1652 4581
1653 4587
1654 5595
1655 4586
1656 5337
1657 4959
1658 5402
1659 4774
1660 4731
1661 4693
1662 4980
1663 5644
1664 4761
1665 5550
1666 4756
1667 4589
1668 4707
1669 4839
1670 5091
1671 4585
1672 4586
1673 4963
1674 5368
1675 4567
1676 6577
1677 4913
1678 5255
1679 5028
1680 5020
1681 5215
1682 4730
1683 4697
1684 4708
1685 5091
1686 4711
1687 4590
1688 4832
1689 4464
1690 5342
1691 4591
1692 4580
1693 4590
1694 5338
1695 4972
1696 4577
1697 5589
1698 4585
1699 5537
1700 4764
1701 4900
1702 5027
1703 4720
1704 4834
1705 5273
1706 5398
1707 4968
1708 4954
1709 5405
1710 5271
1711 4965
1712 4584
1713 4588
1714 5614
1715 4946
1716 4703
1717 6213
1718 4588
1719 4592
1720 4708
1721 4842
1722 -994793
1723 6340
1724 4585
1725 4839
1726 4848
1727 4851
1728 4931
1729 4479
1730 4697
1731 4471
1732 5078
1733 4712
1734 4715
1735 5153
1736 4836
1737 6170
1738 5077
1739 5074
1740 4688
1741 4584
1742 5129
1743 5217
1744 4599
1745 4857
1746 4731
1747 5472
1748 4576
1749 4591
1750 4584
1751 4996
1752 4549
1753 4592
1754 4710
1755 4943
1756 4979
1757 4716
1758 6259
1759 4913
1760 5080
1761 4841
1762 4711
1763 4730
1764 4569
1765 4590
1766 4588
1767 4717
1768 5707
1769 4834
1770 5087
1771 5501
1772 5178
1773 6452
1774 5280
1775 4650
1776 4956
1777 5105
1778 6942
1779 5966
1780 4708
1781 4588
1782 5090
1783 5342
1784 5208
1785 5854
1786 4954
1787 4891
1788 4900
1789 5619
1790 5063
1791 5078
1792 4582
1793 4723
1794 5880
1795 5041
1796 5828
1797 4588
1798 6086
1799 5334
1800 4461
1801 4840
1802 4586
1803 4716
1804 4848
1805 5070
1806 5465
1807 4613
1808 4926
1809 4715
1810 5592
1811 5080
1812 5155
1813 4735
1814 4751
1815 5228
1816 5066
1817 4590
1818 5972
1819 5200
1820 4964
1821 5885
1822 5285
1823 5212
1824 5334
1825 4850
1826 5319
1827 4715
1828 4600
1829 5086
1830 6572
1831 4964
1832 4710
1833 4969
1834 4863
1835 4687
1836 4822
1837 4846
1838 5825
1839 4558
1840 5085
1841 4622
1842 4597
1843 4716
1844 4642
1845 4812
1846 5361
1847 4980
1848 5063
1849 4591
1850 5259
1851 5425
1852 5435
1853 4593
1854 5348
1855 4816
1856 6574
1857 5123
1858 5927
1859 4840
1860 4589
1861 4729
1862 5574
1863 5337
1864 4849
1865 4576
1866 4710
1867 5125
1868 5049
1869 5207
1870 5218
1871 4723
1872 5205
1873 5210
1874 4844
1875 4774
1876 4893
1877 5264
1878 6404
1879 5459
1880 5093
1881 4577
1882 4589
1883 4744
1884 4977
1885 4668
1886 4458
1887 4772
1888 4779
1889 5342
1890 4583
1891 5337
1892 4964
1893 4965
1894 4716
1895 4702
1896 5093
1897 4962
1898 6098
1899 5569
1900 4605
1901 5089
1902 4990
1903 4856
1904 5752
1905 4923
1906 4838
1907 4960
1908 4834
1909 4464
1910 4844
1911 4954
1912 4727
1913 4689
1914 4708
1915 4831
1916 4749
1917 5932
1918 5209
1919 -994173
1920 4905
1921 5019
1922 4907
1923 5143
1924 4894
1925 4907
1926 4705
1927 4711
1928 4656
1929 4897
1930 5207
1931 4900
1932 4858
1933 5886
1934 8499
1935 4770
1936 5519
1937 4767
1938 5932
1939 4723
1940 5001
1941 5115
1942 4626
1943 4642
1944 4785
1945 5357
1946 4937
1947 4863
1948 4807
1949 4614
1950 4943
1951 4454
1952 4592
1953 5452
1954 4723
1955 5082
1956 4828
1957 4839
1958 4964
1959 6221
1960 4579
1961 4589
1962 4853
1963 4723
1964 5005
1965 4891
1966 4586
1967 5359
1968 4739
1969 5022
1970 5838
1971 5401
1972 4521
1973 4715
1974 5339
1975 4739
1976 4933
1977 5673
1978 5129
1979 6737
1980 4934
1981 4963
1982 4588
1983 4902
1984 4775
1985 5210
1986 4959
1987 5468
1988 4706
1989 4964
1990 4837
1991 4963
1992 5335
1993 4900
1994 5277
1995 4966
1996 4835
1997 5212
1998 4713
1999 6341
2000 4582
2001 4964
2002 5092
2003 5091
2004 5704
2005 5284
2006 4550
2007 4596
2008 5489
2009 4900
2010 4752
2011 4922
2012 4703
2013 5085
2014 4589
2015 5465
2016 5520
2017 4783
2018 4991
2019 6055
2020 4584
2021 5335
2022 5095
2023 5081
2024 4589
2025 5209
2026 5215
2027 5603
2028 5443
2029 4721
2030 4957
2031 4960
2032 4586
2033 4773
2034 5660
2035 4950
2036 4836
2037 4820
2038 5844
2039 6646
2040 4861
2041 6339
2042 6448
2043 5445
2044 4854
2045 4828
2046 5456
2047 5213
2048 5108
2049 4571
2050 4593
2051 5206
2052 4648
2053 4909
2054 4823
2055 4589
2056 4774
2057 4910
2058 5329
2059 5838
2060 4732
2061 4947
2062 4583
2063 4584
2064 5214
2065 6095
2066 4641
2067 4776
2068 5337
2069 5592
2070 4711
2071 4834
2072 5839
2073 4715
2074 4707
2075 4588
2076 5217
2077 4713
2078 4959
2079 6262
2080 4914
2081 4719
2082 4511
2083 4782
2084 4840
2085 4711
2086 4709
2087 5212
2088 5216
2089 5464
2090 6126
2091 5742
2092 5150
2093 4829
2094 4839
2095 5963
2096 4720
2097 5277
2098 6534
2099 5194
2100 5135
2101 4676
2102 5076
2103 4830
2104 5523
2105 5218
2106 4766
2107 4734
2108 5566
2109 4583
2110 5462
2111 5611
2112 4851
2113 5528
2114 -995160
2115 4851
2116 5461
2117 4811
2118 6401
2119 4912
2120 4952
2121 4584
2122 4866
2123 5319
2124 4706
2125 4957
2126 4780
2127 5027
2128 4704
2129 4838
2130 4962
2131 4596
2132 4702
2133 4964
2134 4598
2135 4705
2136 5082
2137 4717
2138 4608
2139 5823
2140 4874
2141 5079
2142 5201
2143 4881
2144 4924
2145 6086
2146 5452
2147 5719
2148 4766
2149 5526
2150 4712
2151 4842
2152 5078
2153 4463
2154 4589
2155 5470
2156 5139
2157 4903
2158 4588
2159 5966
2160 4582
2161 4589
2162 4588
2163 4972
2164 4705
2165 4712
2166 5022
2167 4909
2168 4769
2169 4899
2170 5338
2171 4987
2172 5060
2173 4964
2174 4587
2175 4730
2176 5194
2177 5338
2178 4590
2179 6112
2180 4686
2181 5089
2182 5242
2183 4566
2184 4831
2185 5210
2186 4839
2187 5094
2188 4831
2189 5711
2190 5151
2191 4659
2192 5453
2193 4836
2194 4717
2195 5152
2196 4702
2197 4650
2198 5717
2199 4902
2200 5892
2201 5714
2202 4715
2203 4776
2204 4648
2205 4963
2206 4587
2207 4596
2208 4705
2209 4585
2210 4844
2211 4590
2212 5020
2213 4649
2214 4586
2215 4863
2216 6061
2217 4464
2218 5089
2219 4717
2220 6207
2221 4462
2222 4840
2223 5344
2224 5349
2225 5940
2226 4588
2227 4845
2228 4703
2229 4968
2230 5644
2231 5277
2232 4582
2233 4857
2234 4559
2235 4955
2236 5453
2237 4852
2238 4834
2239 4720
2240 6954
2241 4838
2242 4713
2243 6592
2244 4710
2245 5213
2246 4549
2247 4754
2248 4703
2249 4712
2250 5218
2251 4832
2252 4836
2253 5213
2254 4971
2255 5099
2256 5568
2257 4713
2258 5221
2259 5090
2260 6081
2261 4831
2262 4828
2263 4584
2264 4589
2265 4590
2266 4592
2267 5202
2268 4591
2269 4712
2270 4824
2271 4620
2272 5135
2273 4711
2274 5401
2275 4456
2276 5089
2277 4729
2278 4954
2279 4821
2280 4595
2281 6207
2282 4614
2283 5059
2284 5460
2285 5336
2286 5097
2287 5953
2288 5335
2289 4719
2290 5835
2291 5209
2292 4593
2293 4583
2294 5464
2295 4454
2296 6647
2297 4900
2298 4837
2299 4846
2300 5200
2301 5481
2302 5567
2303 4961
2304 4964
2305 4600
2306 4581
2307 4708
2308 5328
2309 5013
2310 4924
2311 4937
2312 -994223
2313 5632
2314 5661
2315 5145
2316 4849
2317 5081
2318 4707
2319 4924
2320 4857
2321 5353
2322 4819
2323 5049
2324 4624
2325 4972
2326 5337
2327 4692
2328 6215
2329 4842
2330 4574
2331 4773
2332 5276
2333 4619
2334 4595
2335 5315
2336 5582
2337 4592
2338 5230
2339 5190
2340 5082
2341 6464
2342 5604
2343 5819
2344 5208
2345 4856
2346 4809
2347 4569
2348 4673
2349 4645
2350 5713
2351 5720
2352 4837
2353 4716
2354 6317
2355 4722
2356 4718
2357 4591
2358 4694
2359 5348
2360 4581
2361 5487
2362 5810
2363 4587
2364 4702
2365 5091
2366 5196
2367 4590
2368 5096
2369 4452
2370 5088
2371 4745
2372 4560
2373 5333
2374 5398
2375 4791
2376 4754
2377 4841
2378 4657
2379 4952
2380 4630
2381 6794
2382 6339
2383 5210
2384 5247
2385 5329
2386 4816
2387 4577
2388 4716
2389 5524
2390 5275
2391 4955
2392 4721
2393 5830
2394 4717
2395 5074
2396 4988
2397 5560
2398 4841
2399 5218
2400 4578
2401 5588
2402 5587
2403 5151
2404 4907
2405 4826
2406 5400
2407 6101
2408 5511
2409 4591
2410 4836
2411 5070
2412 5479
2413 4502
2414 4802
2415 5153
2416 4764
2417 5078
2418 5711
2419 4907
2420 5770
2421 5062
2422 4605
2423 4609
2424 5068
2425 4711
2426 4589
2427 4714
2428 4712
2429 4898
2430 5275
2431 4781
2432 4773
2433 5556
2434 5377
2435 4931
2436 7556
2437 5639
2438 5038
2439 5015
2440 6832
2441 4843
2442 5093
2443 4829
2444 5074
2445 4967
2446 4836
2447 4710
2448 4583
2449 5341
2450 4835
2451 5393
2452 4952
2453 4785
2454 6079
2455 5588
2456 4828
2457 4739
2458 4937
2459 4964
2460 6332
2461 4842
2462 4711
2463 4582
2464 5901
2465 4656
2466 4946
2467 4593
2468 4707
2469 5161
2470 4888
2471 4825
2472 4721
2473 4703
2474 5339
2475 4586
2476 4733
2477 5070
2478 4714
2479 4835
2480 4839
2481 5465
2482 5153
2483 4897
2484 5087
2485 4963
2486 5214
2487 4583
2488 4589
2489 4793
2490 4887
2491 5078
2492 4965
2493 4588
2494 4719
2495 4936
2496 4755
2497 4691
2498 5394
2499 5279
2500 5397
2501 6673
2502 4935
2503 4963
2504 5091
2505 5105
2506 4567
2507 -995036
2508 4599
2509 5137
2510 4951
2511 5447
2512 5057
2513 4614
2514 4922
2515 4704
2516 4592
2517 4584
2518 4736
2519 4940
2520 4774
2521 6364
2522 4875
2523 4839
2524 4591
2525 5088
2526 4587
2527 5456
2528 4627
2529 4549
2530 5340
2531 5837
2532 5830
2533 4856
2534 5189
2535 4719
2536 4583
2537 5102
2538 5071
2539 4629
2540 4666
2541 7130
2542 4667
2543 4588
2544 4713
2545 4840
2546 5088
2547 4959
2548 4713
2549 4722
2550 4950
2551 4964
2552 4714
2553 4721
2554 4577
2555 4597
2556 5081
2557 5267
2558 4902
2559 4839
2560 4839
2561 4841
2562 6082
2563 4487
2564 4712
2565 4698
2566 4974
2567 5500
2568 4906
2569 5095
2570 5331
2571 5087
2572 5088
2573 4721
2574 4702
2575 4851
2576 4448
2577 4591
2578 4582
2579 4772
2580 4780
2581 4592
2582 5528
2583 6521
2584 4710
2585 4969
2586 4578
2587 4964
2588 4592
2589 4993
2590 4550
2591 5392
2592 5409
2593 5346
2594 4577
2595 4845
2596 4583
2597 4657
2598 4886
2599 4714
2600 5212
2601 4895
2602 4905
2603 5706
2604 4966
2605 5096
2606 4843
2607 4822
2608 4624
2609 4994
2610 4768
2611 4586
2612 5968
2613 4857
2614 4814
2615 5344
2616 4702
2617 4984
2618 4836
2619 4942
2620 4464
2621 4592
2622 4710
2623 4835
2624 5982
2625 4693
2626 4589
2627 4762
2628 4654
2629 4684
2630 4622
2631 5220
2632 4732
2633 5245
2634 5340
2635 4584
2636 5153
2637 5146
2638 4591
2639 4956
2640 4965
2641 4964
2642 4721
2643 5080
2644 4837
2645 6903
2646 5022
2647 5460
2648 4464
2649 5010
2650 4783
2651 4958
2652 4713
2653 4589
2654 4717
2655 5083
2656 5685
2657 4738
2658 5238
2659 4685
2660 4840
2661 4965
2662 5969
2663 5214
2664 7452
2665 5039
2666 4759
2667 6089
2668 5466
2669 5465
2670 5472
2671 4698
2672 6040
2673 5512
2674 4966
2675 5079
2676 4970
2677 4834
2678 4961
2679 5086
2680 4720
2681 4959
2682 5458
2683 4771
2684 5662
2685 5454
2686 4714
2687 5090
2688 4842
2689 4828
2690 5089
2691 5280
2692 5706
2693 4528
2694 4588
2695 4733
2696 4824
2697 5325
2698 5465
2699 5712
2700 4610
2701 4566
2702 5212
2703 5090
2704 5721
2705 -994731
2706 4774
2707 5548
2708 4631
2709 4578
2710 4839
2711 4735
2712 4816
2713 4833
2714 4841
2715 4960
2716 4965
2717 4709
2718 4587
2719 5093
2720 4960
2721 4584
2722 4904
2723 5025
2724 6101
2725 4940
2726 5111
2727 4916
2728 5526
2729 5056
2730 5023
2731 4839
2732 4840
2733 4957
2734 4968
2735 4952
2736 4720
2737 4716
2738 4704
2739 5580
2740 4839
2741 5209
2742 4841
2743 4711
2744 4965
2745 6086
2746 4984
2747 4940
2748 5590
2749 5086
2750 5029
2751 5405
2752 5705
2753 4904
2754 5269
2755 4724
2756 4825
2757 4587
2758 4588
2759 4978
2760 4775
2761 4634
2762 5589
2763 5093
2764 4583
2765 5960
2766 4896
2767 4920
2768 4681
2769 4840
2770 5462
2771 4592
2772 4958
2773 5470
2774 5268
2775 5405
2776 4579
2777 4590
2778 4590
2779 4704
2780 5022
2781 5042
2782 5349
2783 5820
2784 7787
2785 4935
2786 5468
2787 4890
2788 4819
2789 4825
2790 5158
2791 4799
2792 4699
2793 4706
2794 4972
2795 5205
2796 4837
2797 5079
2798 4719
2799 5833
2800 4462
2801 4579
2802 4740
2803 5742
2804 4799
2805 5560
2806 4887
2807 4799
2808 4708
2809 5199
2810 4844
2811 4958
2812 5094
2813 4820
2814 4588
2815 5233
2816 5189
2817 4588
2818 5214
2819 5343
2820 4894
2821 4774
2822 4589
2823 5711
2824 5210
2825 6345
2826 5676
2827 4644
2828 5202
2829 5340
2830 5495
2831 4922
2832 4837
2833 4840
2834 5340
2835 5856
2836 4841
2837 4827
2838 4837
2839 5460
2840 5087
2841 5594
2842 4983
2843 4557
2844 6707
2845 5223
2846 4753
2847 4787
2848 6463
2849 5590
2850 5834
2851 4836
2852 4977
2853 4946
2854 5340
2855 4963
2856 5492
2857 5247
2858 5023
2859 5338
2860 5221
2861 4955
2862 4964
2863 5359
2864 5821
2865 5599
2866 4822
2867 5214
2868 4593
2869 4767
2870 4933
2871 4952
2872 5009
2873 4518
2874 5222
2875 5077
2876 4841
2877 4582
2878 4787
2879 5204
2880 6153
2881 4452
2882 4730
2883 5324
2884 6028
2885 4773
2886 4712
2887 5210
2888 5214
2889 4713
2890 4712
2891 4586
2892 4714
2893 5085
2894 5338
2895 4771
2896 5157
2897 5459
2898 4966
2899 5092
2900 5829
2901 -995040
2902 4839
2903 4901
2904 6342
2905 5011
2906 4839
2907 5030
2908 5085
2909 5039
2910 5201
2911 5443
2912 4586
2913 4455
2914 4782
2915 5397
2916 5209
2917 4578
2918 5205
2919 5597
2920 4587
2921 4577
2922 4838
2923 4968
2924 5840
2925 6231
2926 5580
2927 5838
2928 4706
2929 5902
2930 5330
2931 5647
2932 4590
2933 4778
2934 4654
2935 4578
2936 5089
2937 4584
2938 5213
2939 5151
2940 4906
2941 4577
2942 4888
2943 5043
2944 6704
2945 4714
2946 5282
2947 5636
2948 6467
2949 4832
2950 5090
2951 5084
2952 4590
2953 4959
2954 4964
2955 4961
2956 4837
2957 4711
2958 4588
2959 4698
2960 4627
2961 4924
2962 5098
2963 4578
2964 6713
2965 5212
2966 5089
2967 5211
2968 5338
2969 4586
2970 4716
2971 5457
2972 4463
2973 5338
2974 4772
2975 5279
2976 5068
2977 5462
2978 4859
2979 4827
2980 4585
2981 4714
2982 5537
2983 4762
2984 6717
2985 4443
2986 4604
2987 4773
2988 5027
2989 4653
2990 5500
2991 4701
2992 4767
2993 4655
2994 4966
2995 5075
2996 4968
2997 5495
2998 5429
2999 4827
3000 5122
3001 4838
3002 4928
3003 5087
3004 6091
3005 5221
3006 5057
3007 4992
3008 5383
3009 4789
3010 5073
3011 4842
3012 5337
3013 4597
3014 5011
3015 4656
3016 4957
3017 5472
3018 4950
3019 4836
3020 4563
3021 5018
3022 5076
3023 4589
3024 5836
3025 5464
3026 4712
3027 4498
3028 4687
3029 4706
3030 4763
3031 5525
3032 4463
3033 5365
3034 5059
3035 4981
3036 4699
3037 4594
3038 4579
3039 4738
3040 4941
3041 4721
3042 4570
3043 5590
3044 4602
3045 6310
3046 5098
3047 4736
3048 4799
3049 4844
3050 4578
3051 5090
3052 4713
3053 4722
3054 5200
3055 4964
3056 4723
3057 5649
3058 5834
3059 5591
3060 4771
3061 4717
3062 4850
3063 6067
3064 4838
3065 6321
3066 4602
3067 5021
3068 5154
3069 4714
3070 4580
3071 4590
3072 4589
3073 5238
3074 5001
3075 4770
3076 5214
3077 4856
3078 5511
3079 5395
3080 4837
3081 4591
3082 4834
3083 4836
3084 5589
3085 6463
3086 4961
3087 4609
3088 4819
3089 4840
3090 4832
3091 5424
3092 5053
3093 4791
3094 5396
3095 4896
3096 5914
3097 -995243
3098 4773
3099 5383
3100 5287
3101 4823
3102 5277
3103 5087
3104 5470
3105 6964
3106 4762
3107 5311
3108 5622
3109 5454
3110 4780
3111 5107
3112 4799
3113 4645
3114 4523
3115 4836
3116 4842
3117 6083
3118 5711
3119 4963
3120 5003
3121 4960
3122 5327
3123 5218
3124 4693
3125 5719
3126 5079
3127 4622
3128 4688
3129 4574
3130 4731
3131 4944
3132 4845
3133 4696
3134 4962
3135 4714
3136 4580
3137 4776
3138 4780
3139 4603
3140 4999
3141 5034
3142 4964
3143 4548
3144 5376
3145 6583
3146 5283
3147 5524
3148 4706
3149 4460
3150 4732
3151 4828
3152 4701
3153 4837
3154 4591
3155 4888
3156 4845
3157 6031
3158 4901
3159 4778
3160 4953
3161 4968
3162 4958
3163 4596
3164 5703
3165 4717
3166 6586
3167 4835
3168 5476
3169 5946
3170 4854
3171 4825
3172 4829
3173 4586
3174 4718
3175 4841
3176 5227
3177 5191
3178 4587
3179 4971
3180 5262
3181 5278
3182 5344
3183 5399
3184 4644
3185 6312
3186 4888
3187 4998
3188 4905
3189 4583
3190 4729
3191 4806
3192 5102
3193 4819
3194 4853
3195 4712
3196 5058
3197 4715
3198 4713
3199 4593
3200 4630
3201 4916
3202 4703
3203 5720
3204 5202
3205 5039
3206 5552
3207 4795
3208 4830
3209 4717
3210 5314
3211 5115
3212 4702
3213 4596
3214 4956
3215 4718
3216 4825
3217 5040
3218 4901
3219 4577
3220 4892
3221 5156
3222 4954
3223 4842
3224 4704
3225 4713
3226 4845
3227 5833
3228 4459
3229 4589
3230 5842
3231 5715
3232 4579
3233 5461
3234 5213
3235 4591
3236 5210
3237 5389
3238 5672
3239 5451
3240 5090
3241 4963
3242 5596
3243 5327
3244 5214
3245 5516
3246 6540
3247 5327
3248 5661
3249 5776
3250 4948
3251 5110
3252 4689
3253 4842
3254 5137
3255 5039
3256 4722
3257 4701
3258 4580
3259 4720
3260 5078
3261 6023
3262 5025
3263 4598
3264 4707
3265 5534
3266 6197
3267 4675
3268 5304
3269 4741
3270 5809
3271 4845
3272 4758
3273 4686
3274 4557
3275 5362
3276 5059
3277 4974
3278 4575
3279 5219
3280 4578
3281 4852
3282 5075
3283 4833
3284 4844
3285 4584
3286 6082
3287 4583
3288 5027
3289 4777
3290 4585
3291 5455
3292 4715
3293 4715
3294 -995159
3295 4949
3296 4848
3297 4708
3298 4585
3299 4833
3300 5089
3301 5338
3302 4706
3303 4709
3304 4869
3305 5315
3306 5328
3307 6201
3308 4593
3309 4711
3310 4836
3311 4578
3312 4587
3313 5339
3314 4581
3315 4953
3316 4706
3317 5971
3318 4929
3319 5219
3320 4639
3321 4970
3322 4946
3323 5586
3324 4844
3325 4963
3326 4569
3327 6743
3328 4387
3329 5863
3330 5157
3331 4827
3332 4832
3333 4463
3334 5193
3335 4831
3336 4582
3337 4834
3338 4454
3339 4708
3340 5248
3341 5175
3342 4694
3343 4583
3344 5289
3345 5026
3346 5190
3347 4708
3348 5858
3349 4680
3350 5191
3351 4643
3352 4769
3353 4840
3354 4693
3355 4585
3356 4703
3357 4964
3358 4696
3359 5331
3360 4579
3361 4647
3362 4519
3363 4823
3364 4762
3365 4647
3366 4961
3367 5204
3368 6327
3369 4722
3370 5067
3371 5201
3372 4709
3373 4614
3374 4967
3375 4578
3376 4588
3377 4594
3378 4771
3379 4774
3380 5088
3381 5168
3382 5006
3383 5340
3384 5275
3385 5403
3386 5328
3387 4964
3388 5211
3389 6089
3390 4833
3391 5394
3392 6155
3393 5898
3394 5154
3395 5516
3396 5413
3397 5273
3398 4768
3399 5462
3400 5098
3401 6017
3402 4769
3403 4589
3404 5224
3405 4951
3406 4709
3407 4776
3408 7054
3409 5177
3410 4837
3411 5730
3412 5465
3413 4941
3414 4839
3415 4587
3416 5335
3417 5838
3418 5085
3419 4853
3420 5072
3421 4843
3422 4586
3423 4592
3424 4830
3425 4839
3426 4963
3427 4733
3428 6439
3429 4587
3430 5342
3431 4468
3432 4826
3433 5337
3434 5280
3435 5032
3436 5211
3437 4808
3438 4584
3439 4721
3440 4826
3441 4590
3442 4590
3443 5217
3444 5332
3445 4710
3446 5028
3447 5154
3448 6204
3449 4963
3450 4839
3451 4971
3452 4578
3453 5000
3454 5114
3455 5033
3456 4577
3457 4963
3458 4713
3459 4719
3460 5205
3461 5611
3462 5569
3463 4777
3464 5393
3465 4587
3466 4853
3467 5199
3468 6020
3469 5023
3470 5085
3471 4839
3472 4711
3473 5746
3474 4805
3475 5335
3476 4711
3477 4717
3478 5086
3479 6215
3480 5207
3481 4593
3482 5048
3483 5060
3484 4767
3485 4840
3486 5130
3487 4539
3488 5591
3489 5705
3490 4844
3491 -995277
3492 4566
3493 4965
3494 6024
3495 4489
3496 4962
3497 5588
3498 6341
3499 5204
3500 4583
3501 4662
3502 5016
3503 4711
3504 4704
3505 5094
3506 5088
3507 4644
3508 5764
3509 5466
3510 4589
3511 5274
3512 5267
3513 5532
3514 4772
3515 5084
3516 5328
3517 4838
3518 5461
3519 4964
3520 4832
3521 4967
3522 4960
3523 5089
3524 4948
3525 5338
3526 5251
3527 5672
3528 6467
3529 4841
3530 4956
3531 5211
3532 4613
3533 5451
3534 4712
3535 5956
3536 5336
3537 4466
3538 4582
3539 5142
3540 5283
3541 4572
3542 5834
3543 4589
3544 4588
3545 5089
3546 4771
3547 4775
3548 5588
3549 5913
3550 5137
3551 4589
3552 4588
3553 4969
3554 5224
3555 5011
3556 4645
3557 4966
3558 5083
3559 5340
3560 4719
3561 5206
3562 5905
3563 4892
3564 4712
3565 4714
3566 4958
3567 5462
3568 5874
3569 4929
3570 4830
3571 4589
3572 4587
3573 5096
3574 5521
3575 5020
3576 4890
3577 5033
3578 4959
3579 4603
3580 4700
3581 6140
3582 5401
3583 5598
3584 5977
3585 5060
3586 4715
3587 5086
3588 5593
3589 4852
3590 5570
3591 5341
3592 5905
3593 5452
3594 6054
3595 6193
3596 4578
3597 4969
3598 4994
3599 5306
3600 5076
3601 5340
3602 4962
3603 4715
3604 5213
3605 5333
3606 5030
3607 5898
3608 4725
3609 5830
3610 4972
3611 4980
3612 4820
3613 4462
3614 4592
3615 6855
3616 4563
3617 4591
3618 4623
3619 4678
3620 4833
3621 5772
3622 5338
3623 5395
3624 4842
3625 5212
3626 5272
3627 6026
3628 4965
3629 4713
3630 4718
3631 4704
3632 4713
3633 5340
3634 4596
3635 4707
3636 4957
3637 4837
3638 5220
3639 5452
3640 4778
3641 4777
3642 5829
3643 4751
3644 4790
3645 5585
3646 5596
3647 5972
3648 5945
3649 5483
3650 5454
3651 5067
3652 4718
3653 4661
3654 5383
3655 4589
3656 4966
3657 5226
3658 4882
3659 4769
3660 4733
3661 5129
3662 4905
3663 4584
3664 5090
3665 5254
3666 4545
3667 6222
3668 4955
3669 5526
3670 4898
3671 4718
3672 4959
3673 5273
3674 5219
3675 5464
3676 5442
3677 5665
3678 4955
3679 5271
3680 5083
3681 4658
3682 4587
3683 4737
3684 5353
3685 -993451
3686 5087
3687 6469
3688 4709
3689 4461
3690 5150
3691 4879
3692 4841
3693 4834
3694 4963
3695 5213
3696 4717
3697 4954
3698 5319
3699 6107
3700 5464
3701 5085
3702 4461
3703 4839
3704 5097
3705 5572
3706 6335
3707 4736
3708 4600
3709 4884
3710 4729
3711 5043
3712 5193
3713 4701
3714 5341
3715 4996
3716 4816
3717 5445
3718 4715
3719 4732
3720 4947
3721 4828
3722 5090
3723 5472
3724 5073
3725 5398
3726 4778
3727 5720
3728 4716
3729 5448
3730 4592
3731 4767
3732 5027
3733 4712
3734 4839
3735 5346
3736 4702
3737 4713
3738 4880
3739 5301
3740 4828
3741 5338
3742 5532
3743 4651
3744 4976
3745 5066
3746 5715
3747 5803
3748 5255
3749 5138
3750 6253
3751 5110
3752 4974
3753 5065
3754 5240
3755 4683
3756 4840
3757 5087
3758 4941
3759 4989
3760 4580
3761 4710
3762 4588
3763 4841
3764 5457
3765 4859
3766 4819
3767 6273
3768 5027
3769 4830
3770 4866
3771 5495
3772 4652
3773 4587
3774 5108
3775 5491
3776 5337
3777 4977
3778 4955
3779 5079
3780 4963
3781 5400
3782 5283
3783 4705
3784 5645
3785 5155
3786 4723
3787 5708
3788 4581
3789 4588
3790 4596
3791 4577
3792 5964
3793 4590
3794 5343
3795 4454
3796 4843
3797 4565
3798 4738
3799 4767
3800 6026
3801 6405
3802 6202
3803 5709
3804 5291
3805 5391
3806 5852
3807 5069
3808 5160
3809 4845
3810 4579
3811 4588
3812 4587
3813 5099
3814 5081
3815 4587
3816 5534
3817 5149
3818 4578
3819 4587
3820 4718
3821 5714
3822 5956
3823 4470
3824 4828
3825 4721
3826 4565
3827 6353
3828 4964
3829 5660
3830 4638
3831 4588
3832 5338
3833 5468
3834 5080
3835 4837
3836 4715
3837 4466
3838 5203
3839 5213
3840 4837
3841 4721
3842 4793
3843 4935
3844 5026
3845 4719
3846 5109
3847 6057
3848 5463
3849 4593
3850 4705
3851 6280
3852 5417
3853 5820
3854 5900
3855 4669
3856 4948
3857 5327
3858 5089
3859 5276
3860 4658
3861 4955
3862 5088
3863 5214
3864 5160
3865 4893
3866 5926
3867 5242
3868 4842
3869 5331
3870 5209
3871 4836
3872 5094
3873 4586
3874 5212
3875 5105
3876 4967
3877 4939
3878 4713
3879 5243
3880 -995320
3881 4711
3882 5462
3883 5218
3884 5777
3885 4951
3886 5899
3887 5520
3888 5779
3889 5280
3890 6356
3891 5445
3892 4643
3893 6098
3894 5592
3895 4882
3896 4652
3897 5528
3898 4904
3899 4711
3900 5325
3901 5095
3902 5203
3903 4719
3904 6060
3905 5861
3906 6166
3907 5175
3908 4650
3909 4982
3910 4802
3911 5097
3912 4818
3913 5213
3914 4778
3915 4644
3916 5216
3917 4838
3918 4854
3919 4856
3920 6091
3921 6190
3922 5256
3923 5778
3924 4590
3925 6222
3926 4697
3927 4590
3928 5276
3929 4655
3930 4830
3931 4840
3932 4841
3933 5737
3934 4808
3935 4658
3936 4521
3937 4597
3938 4828
3939 4962
3940 4838
3941 6162
3942 4765
3943 5085
3944 5154
3945 6209
3946 4964
3947 4773
3948 4837
3949 5466
3950 4959
3951 5353
3952 5946
3953 4590
3954 5581
3955 4717
3956 5085
3957 4841
3958 4707
3959 4717
3960 4842
3961 4716
3962 5322
3963 4965
3964 4590
3965 6455
3966 4967
3967 4585
3968 4716
3969 4605
3970 4812
3971 4758
3972 5035
3973 5244
3974 5274
3975 5088
3976 4845
3977 4828
3978 5214
3979 5338
3980 4595
3981 4954
3982 4837
3983 4592
3984 4715
3985 4957
3986 5710
3987 4718
3988 4781
3989 5387
3990 5711
3991 4716
3992 4655
3993 5144
3994 5780
3995 5397
3996 5464
3997 5091
3998 4951
3999 4712
4000 4717
4001 5688
4002 5143
4003 4913
4004 4910
4005 6818
4006 5073
4007 5093
4008 5204
4009 4715
4010 5194
4011 5008
4012 4808
4013 4588
4014 4590
4015 5344
4016 5642
4017 5778
4018 5208
4019 4589
4020 5209
4021 4589
4022 4836
4023 5596
4024 5454
4025 6589
4026 5108
4027 4695
4028 4577
4029 4839
4030 4717
4031 5213
4032 4960
4033 4963
4034 4463
4035 4965
4036 4584
4037 4964
4038 5210
4039 4738
4040 5186
4041 5280
4042 4771
4043 4589
4044 4835
4045 4589
4046 6462
4047 5218
4048 5204
4049 4585
4050 4839
4051 5591
4052 4708
4053 5838
4054 5093
4055 5454
4056 6739
4057 5002
4058 5651
4059 5333
4060 4712
4061 5087
4062 4717
4063 4835
4064 4839
4065 6088
4066 4846
4067 4578
4068 4590
4069 4712
4070 5370
4071 4550
4072 5216
4073 4588
4074 -995408
4075 4584
4076 4585
4077 4840
4078 4904
4079 5074
4080 5216
4081 4655
4082 5115
4083 4808
4084 4843
4085 4959
4086 5842
4087 4707
4088 5084
4089 4722
4090 5209
4091 4575
4092 4843
4093 4710
4094 4783
4095 4639
4096 5599
4097 4575
4098 5089
4099 4840
4100 4828
4101 5340
4102 4967
4103 4959
4104 4923
4105 4749
4106 6228
4107 5447
4108 5092
4109 4715
4110 4717
4111 4948
4112 4774
4113 5401
4114 4596
4115 5451
4116 4465
4117 4587
4118 4595
4119 4729
4120 5309
4121 4778
4122 4904
4123 4705
4124 5216
4125 4710
4126 4698
4127 6479
4128 4833
4129 4721
4130 5460
4131 5147
4132 6019
4133 4710
4134 4845
4135 5206
4136 5712
4137 4842
4138 5593
4139 4833
4140 4576
4141 4966
4142 4713
4143 4832
4144 4838
4145 4840
4146 5238
4147 6312
4148 4593
4149 5027
4150 4770
4151 4701
4152 5087
4153 5487
4154 5051
4155 6082
4156 4835
4157 4595
4158 5646
4159 4943
4160 5413
4161 4596
4162 4886
4163 4784
4164 4712
4165 4841
4166 4705
4167 5713
4168 5219
4169 5019
4170 4896
4171 4711
4172 4838
4173 4703
4174 4848
4175 5218
4176 5335
4177 4844
4178 4709
4179 5084
4180 6211
4181 5093
4182 4954
4183 4591
4184 4710
4185 6348
4186 4954
4187 6278
4188 4896
4189 4958
4190 4831
4191 4962
4192 4716
4193 4964
4194 6611
4195 5329
4196 5692
4197 4925
4198 5420
4199 4666
4200 4607
4201 4744
4202 4591
4203 4838
4204 4852
4205 4942
4206 5341
4207 5960
4208 4471
4209 4703
4210 5234
4211 4692
4212 4949
4213 4979
4214 5087
4215 5088
4216 4717
4217 4830
4218 4715
4219 4588
4220 4712
4221 5086
4222 4582
4223 4844
4224 4710
4225 5839
4226 4835
4227 6089
4228 5014
4229 4535
4230 4591
4231 4775
4232 4771
4233 5212
4234 5339
4235 4587
4236 4588
4237 4722
4238 5598
4239 5440
4240 4617
4241 4545
4242 4582
4243 4964
4244 4965
4245 5128
4246 5170
4247 4595
4248 6342
4249 4568
4250 4967
4251 5961
4252 6220
4253 4953
4254 4962
4255 4714
4256 4963
4257 4839
4258 4590
4259 5088
4260 4989
4261 5185
4262 5339
4263 4836
4264 5861
4265 4938
4266 5351
4267 6281
4268 5384
4269 4705
4270 5086
4271 4592
4272 -995417
4273 4701
4274 5089
4275 5470
4276 4831
4277 4956
4278 4863
4279 4690
4280 4843
4281 4821
4282 4842
4283 4967
4284 5078
4285 5214
4286 5962
4287 4850
4288 6452
4289 5528
4290 5464
4291 4738
4292 4595
4293 4576
4294 4832
4295 4591
4296 4840
4297 5193
4298 4737
4299 4934
4300 4627
4301 4548
4302 4708
4303 5349
4304 4706
4305 4833
4306 4896
4307 5026
4308 6079
4309 4590
4310 5082
4311 4598
4312 4828
4313 4713
4314 4588
4315 4597
4316 4590
4317 4823
4318 5212
4319 4750
4320 4803
4321 4586
4322 5594
4323 5466
4324 4887
4325 5029
4326 4594
4327 4984
4328 4806
4329 7085
4330 5217
4331 4588
4332 5958
4333 4837
4334 4589
4335 5111
4336 5124
4337 4648
4338 4715
4339 5469
4340 4837
4341 5147
4342 4648
4343 4777
4344 5174
4345 4811
4346 5213
4347 5462
4348 4958
4349 5712
4350 4967
4351 4899
4352 5771
4353 4712
4354 5412
4355 5390
4356 4893
4357 4527
4358 4585
4359 4714
4360 4834
4361 4788
4362 5015
4363 4964
4364 4959
4365 4838
4366 6040
4367 4757
4368 5708
4369 5844
4370 4566
4371 5758
4372 5307
4373 4838
4374 4594
4375 4702
4376 4840
4377 5212
4378 4596
4379 5521
4380 4756
4381 5566
4382 5030
4383 5644
4384 4838
4385 4712
4386 5306
4387 4997
4388 7357
4389 5220
4390 5180
4391 4969
4392 4757
4393 4907
4394 4655
4395 4951
4396 4831
4397 4576
4398 4876
4399 4833
4400 5425
4401 5302
4402 4761
4403 4452
4404 4597
4405 4835
4406 5077
4407 5457
4408 4589
4409 6406
4410 4894
4411 5003
4412 4924
4413 5721
4414 5077
4415 5345
4416 5830
4417 5080
4418 4593
4419 4601
4420 4576
4421 4589
4422 4833
4423 5234
4424 4818
4425 5469
4426 4959
4427 5481
4428 4689
4429 6349
4430 4888
4431 6076
4432 5148
4433 4847
4434 4952
4435 5111
4436 5440
4437 4847
4438 4760
4439 5557
4440 5145
4441 5255
4442 4706
4443 4893
4444 4776
4445 4588
4446 4960
4447 5779
4448 6365
4449 4728
4450 4722
4451 5096
4452 5088
4453 4707
4454 4835
4455 4590
4456 4734
4457 5193
4458 4715
4459 5325
4460 5090
4461 5706
4462 4714
4463 4715
4464 4717
4465 4769
4466 4901
4467 5086
4468 4739
4469 -994310
4470 5328
4471 4713
4472 4825
4473 4850
4474 5213
4475 4962
4476 4728
4477 4947
4478 5109
4479 4692
4480 4729
4481 4940
4482 4609
4483 5299
4484 4657
4485 5024
4486 5228
4487 5562
4488 4738
4489 5564
4490 4720
4491 4700
4492 5345
4493 4960
4494 5077
4495 5698
4496 5155
4497 5449
4498 5212
4499 4596
4500 5095
4501 5215
4502 5073
4503 5460
4504 5218
4505 5083
4506 4591
4507 4710
4508 5657
4509 5893
4510 4712
4511 6598
4512 4702
4513 5215
4514 5486
4515 4824
4516 4601
4517 4691
4518 4588
4519 4749
4520 5310
4521 4580
4522 4837
4523 5480
4524 4704
4525 4574
4526 4838
4527 4964
4528 4715
4529 5957
4530 4897
4531 5231
4532 4760
4533 4838
4534 5406
4535 5039
4536 4814
4537 4590
4538 4713
4539 5841
4540 4831
4541 4716
4542 6278
4543 4772
4544 4585
4545 5090
4546 5084
4547 4721
4548 4703
4549 4715
4550 5336
4551 4590
4552 5209
4553 5088
4554 4713
4555 4716
4556 4707
4557 4966
4558 4587
4559 4908
4560 4890
4561 4840
4562 4712
4563 4720
4564 6080
4565 5031
4566 5020
4567 5340
4568 5210
4569 5089
4570 6251
4571 4678
4572 4701
4573 4589
4574 4586
4575 4736
4576 5186
4577 4841
4578 4588
4579 4839
4580 4960
4581 5840
4582 4961
4583 4597
4584 4577
4585 4589
4586 5087
4587 4719
4588 5581
4589 4850
4590 6843
4591 4868
4592 5402
4593 4695
4594 5220
4595 4704
4596 4604
4597 4461
4598 5858
4599 4692
4600 4892
4601 4900
4602 4838
4603 4715
4604 4830
4605 4840
4606 4718
4607 4591
4608 4576
4609 5020
4610 4781
4611 6468
4612 4711
4613 5212
4614 4712
4615 4840
4616 5210
4617 4588
4618 5281
4619 4879
4620 4960
4621 4838
4622 5088
4623 5340
4624 4961
4625 5086
4626 5148
4627 5403
4628 4835
4629 5964
4630 4967
4631 5832
4632 5461
4633 4965
4634 5345
4635 5953
4636 5337
4637 5094
4638 4836
4639 4584
4640 4767
4641 5553
4642 5889
4643 5078
4644 5476
4645 4531
4646 5695
4647 4711
4648 4593
4649 4855
4650 4801
4651 6339
4652 4833
4653 4596
4654 5510
4655 5282
4656 4588
4657 4897
4658 5402
4659 4964
4660 4591
4661 4693
4662 5101
4663 5590
4664 4738
4665 4942
4666 -995298
4667 4714
4668 5084
4669 5220
4670 4887
4671 6174
4672 4695
4673 4594
4674 4829
4675 4838
4676 4712
4677 4699
4678 4601
4679 4587
4680 4601
4681 4698
4682 4591
4683 4708
4684 5464
4685 4715
4686 5090
4687 5526
4688 5028
4689 5634
4690 5706
4691 6275
4692 6033
4693 4897
4694 4833
4695 6474
4696 5486
4697 6556
4698 6588
4699 5337
4700 5121
4701 5662
4702 5083
4703 5362
4704 5166
4705 5086
4706 5215
4707 5092
4708 4838
4709 5333
4710 5703
4711 5149
4712 4964
4713 4909
4714 5077
4715 5519
4716 4652
4717 5535
4718 5389
4719 4589
4720 4724
4721 4821
4722 5205
4723 4912
4724 5201
4725 4774
4726 5077
4727 4596
4728 4703
4729 4966
4730 5456
4731 4594
4732 4833
4733 4893
4734 4523
4735 4593
4736 4795
4737 4752
4738 4717
4739 4606
4740 4539
4741 4583
4742 4717
4743 4709
4744 5345
4745 4703
4746 4589
4747 4588
4748 5352
4749 5823
4750 5712
4751 6364
4752 5073
4753 4571
4754 5339
4755 5132
4756 4915
4757 4711
4758 4721
4759 4709
4760 4834
4761 5403
4762 4645
4763 4967
4764 4833
4765 5460
4766 4595
4767 5842
4768 5270
4769 4772
4770 4587
4771 6466
4772 5205
4773 4589
4774 5281
4775 4652
4776 4770
4777 4646
4778 7090
4779 6100
4780 4568
4781 5840
4782 4853
4783 4698
4784 4854
4785 4688
4786 4589
4787 4689
4788 4963
4789 4760
4790 4586
4791 5839
4792 5213
4793 5211
4794 4911
4795 5020
4796 6449
4797 4587
4798 4720
4799 4702
4800 4586
4801 5840
4802 4479
4803 5070
4804 4836
4805 5219
4806 4733
4807 4941
4808 4839
4809 5337
4810 4672
4811 5753
4812 4830
4813 4711
4814 5131
4815 4543
4816 5087
4817 4724
4818 4965
4819 4581
4820 4575
4821 4720
4822 5203
4823 4970
4824 4759
4825 5539
4826 4455
4827 5358
4828 4689
4829 4969
4830 4704
4831 6979
4832 5567
4833 4595
4834 4588
4835 4581
4836 4892
4837 5156
4838 4861
4839 4840
4840 5305
4841 4836
4842 4964
4843 4575
4844 4734
4845 4693
4846 5036
4847 5015
4848 4459
4849 4591
4850 5403
4851 4770
4852 6405
4853 4645
4854 4595
4855 4582
4856 5657
4857 5018
4858 4718
4859 5328
4860 5093
4861 4888
4862 -995337
4863 4703
4864 5341
4865 5085
4866 4998
4867 5052
4868 4898
4869 4779
4870 5842
4871 4958
4872 5839
4873 4713
4874 4963
4875 4708
4876 5602
4877 4694
4878 4590
4879 4584
4880 4720
4881 4456
4882 4718
4883 4955
4884 4963
4885 4711
4886 5225
4887 5060
4888 4880
4889 4826
4890 4594
4891 4830
4892 6085
4893 6091
4894 5087
4895 5461
4896 4599
4897 5524
4898 4768
4899 5269
4900 4902
4901 4827
4902 4591
4903 5079
4904 5208
4905 4709
4906 4522
4907 5905
4908 4941
4909 5986
4910 4821
4911 4708
4912 4922
4913 5574
4914 5989
4915 4881
4916 4962
4917 5005
4918 4755
4919 5458
4920 4768
4921 4778
4922 5067
4923 4756
4924 4654
4925 5216
4926 5085
4927 4681
4928 4709
4929 4719
4930 4816
4931 5444
4932 4569
4933 5958
4934 5116
4935 4579
4936 4780
4937 5424
4938 4792
4939 4711
4940 4956
4941 4711
4942 5075
4943 4583
4944 4583
4945 4925
4946 5407
4947 4577
4948 4588
4949 4588
4950 4590
4951 5335
4952 4834
4953 4839
4954 5463
4955 5209
4956 4714
4957 4588
4958 4587
4959 4956
4960 4716
4961 5084
4962 5405
4963 4766
4964 5091
4965 4712
4966 4597
4967 4825
4968 4464
4969 4590
4970 4965
4971 4700
4972 4590
4973 4963
4974 6313
4975 4984
4976 5256
4977 5295
4978 4827
4979 5205
4980 4966
4981 4712
4982 5089
4983 5351
4984 5446
4985 4459
4986 4785
4987 5120
4988 5632
4989 4705
4990 4836
4991 5582
4992 4965
4993 4843
4994 5710
4995 4704
4996 4972
4997 4764
4998 4778
4999 4709
5000 4729
5001 5255
5002 5032
5003 4993
5004 4549
5005 5723
5006 5059
5007 4949
5008 5152
5009 4593
5010 4938
5011 4683
5012 4942
5013 5020
5014 4675
5015 6190
5016 4722
5017 4743
5018 5293
5019 5272
5020 5403
5021 4607
5022 4564
5023 5087
5024 4715
5025 5243
5026 4685
5027 6270
5028 4771
5029 4969
5030 6136
5031 6154
5032 5277
5033 4778
5034 6057
5035 4740
5036 4788
5037 4753
5038 4713
5039 5209
5040 4588
5041 4590
5042 5551
5043 4924
5044 5403
5045 4594
5046 5079
5047 4587
5048 4714
5049 6093
5050 4960
5051 4704
5052 4839
5053 5090
5054 4833
5055 5966
5056 5352
5057 4941
5058 4964
5059 4960
5060 -994778
5061 4578
5062 5017
5063 4783
5064 4586
5065 5346
5066 5077
5067 5650
5068 5657
5069 5330
5070 4962
5071 4772
5072 5411
5073 4958
5074 4843
5075 6334
5076 5075
5077 5710
5078 4715
5079 4837
5080 4842
5081 5083
5082 4596
5083 4577
5084 4569
5085 4972
5086 5384
5087 4938
5088 4837
5089 4707
5090 4979
5091 4710
5092 4950
5093 5209
5094 4849
5095 6205
5096 4455
5097 4963
5098 4709
5099 5089
5100 4842
5101 5084
5102 5461
5103 4585
5104 5216
5105 4960
5106 4839
5107 4588
5108 5097
5109 4962
5110 5082
5111 4714
5112 5719
5113 5330
5114 5215
5115 6065
5116 4613
5117 5576
5118 5468
5119 5216
5120 4952
5121 4590
5122 4588
5123 4655
5124 4525
5125 5076
5126 5339
5127 5119
5128 6058
5129 4953
5130 5527
5131 4906
5132 5580
5133 5394
5134 4788
5135 6210
5136 5513
5137 4779
5138 5234
5139 5694
5140 4833
5141 4839
5142 4599
5143 5075
5144 5211
5145 5027
5146 5161
5147 4886
5148 5336
5149 5280
5150 4585
5151 4586
5152 5274
5153 5279
5154 5004
5155 5984
5156 5205
5157 5835
5158 5218
5159 4770
5160 5028
5161 4938
5162 4924
5163 4953
5164 4837
5165 5021
5166 5281
5167 4735
5168 4560
5169 5644
5170 4517
5171 4634
5172 4918
5173 5086
5174 4855
5175 6180
5176 4844
5177 4972
5178 5699
5179 6079
5180 5222
5181 4584
5182 4716
5183 4558
5184 4836
5185 4459
5186 4972
5187 4455
5188 4718
5189 5218
5190 4581
5191 5826
5192 4728
5193 4728
5194 4555
5195 6205
5196 5985
5197 4823
5198 4561
5199 5101
5200 4783
5201 4773
5202 4825
5203 4585
5204 6494
5205 4702
5206 4811
5207 4587
5208 4591
5209 5840
5210 4707
5211 4710
5212 4592
5213 4920
5214 4874
5215 5972
5216 5081
5217 4967
5218 4829
5219 4650
5220 4901
5221 5750
5222 4930
5223 5010
5224 4656
5225 4718
5226 4456
5227 4587
5228 4771
5229 5034
5230 4832
5231 5088
5232 5903
5233 6712
5234 4767
5235 6338
5236 4773
5237 5906
5238 4589
5239 4828
5240 5302
5241 4883
5242 5197
5243 4774
5244 5683
5245 4954
5246 5066
5247 4588
5248 5786
5249 4761
5250 4842
5251 4983
5252 4947
5253 5327
5254 5404
5255 6646
5256 -995036
5257 5083
5258 5109
5259 4820
5260 5219
5261 5381
5262 4661
5263 4589
5264 4590
5265 4958
5266 5089
5267 4714
5268 4782
5269 4755
5270 5396
5271 5161
5272 4965
5273 4832
5274 5025
5275 5780
5276 5718
5277 5457
5278 5097
5279 4696
5280 4723
5281 5247
5282 4783
5283 4596
5284 5206
5285 4714
5286 5137
5287 5882
5288 4490
5289 4722
5290 5309
5291 4971
5292 4703
5293 4903
5294 4640
5295 6350
5296 4696
5297 5781
5298 4908
5299 4570
5300 5089
5301 5589
5302 4833
5303 4849
5304 4947
5305 4883
5306 4537
5307 4879
5308 4782
5309 4966
5310 6578
5311 5401
5312 5459
5313 5384
5314 4952
5315 5850
5316 5073
5317 5091
5318 5333
5319 4718
5320 4456
5321 5217
5322 4837
5323 5217
5324 5080
5325 4588
5326 4587
5327 4964
5328 4589
5329 4991
5330 5049
5331 5340
5332 5209
5333 4993
5334 4807
5335 6438
5336 5736
5337 4837
5338 5338
5339 4855
5340 5309
5341 4772
5342 4782
5343 4459
5344 5586
5345 4964
5346 4720
5347 4810
5348 5009
5349 5190
5350 4592
5351 4571
5352 4713
5353 5088
5354 5612
5355 6206
5356 6762
5357 5395
5358 5090
5359 4763
5360 4792
5361 5010
5362 4904
5363 4838
5364 5150
5365 5528
5366 4837
5367 4709
5368 4723
5369 5483
5370 4682
5371 5084
5372 4836
5373 5839
5374 4590
5375 6083
5376 4729
5377 4694
5378 4849
5379 4702
5380 4565
5381 4709
5382 4586
5383 6333
5384 5113
5385 4721
5386 4692
5387 5585
5388 4881
5389 4664
5390 4714
5391 4959
5392 4716
5393 4846
5394 4703
5395 4958
5396 5588
5397 4598
5398 4729
5399 5835
5400 4815
5401 4713
5402 4721
5403 4834
5404 4582
5405 4713
5406 4607
5407 4569
5408 4730
5409 4677
5410 5218
5411 4711
5412 4584
5413 5336
5414 4596
5415 4833
5416 5460
5417 5713
5418 4721
5419 5455
5420 5336
5421 4588
5422 4925
5423 5122
5424 5088
5425 4898
5426 4793
5427 4823
5428 5211
5429 4773
5430 5284
5431 4580
5432 5089
5433 4588
5434 4719
5435 5458
5436 4957
5437 6221
5438 4577
5439 5214
5440 4594
5441 5837
5442 4579
5443 5345
5444 5083
5445 5412
5446 4885
5447 4589
5448 4961
5449 5215
5450 4709
5451 5085
5452 4964
5453 -994653
5454 4577
5455 4839
5456 4779
5457 5905
5458 5205
5459 4772
5460 4908
5461 4718
5462 5201
5463 4850
5464 4701
5465 5017
5466 4906
5467 5226
5468 5071
5469 5352
5470 8433
5471 4712
5472 4972
5473 4952
5474 4961
5475 4714
5476 4848
5477 6144
5478 5021
5479 5078
5480 4850
5481 4946
5482 5224
5483 5478
5484 5204
5485 4705
5486 4968
5487 4960
5488 5327
5489 5459
5490 5216
5491 6138
5492 5981
5493 4636
5494 4832
5495 4985
5496 6235
5497 5291
5498 5219
5499 6210
5500 4583
5501 4706
5502 4965
5503 5082
5504 4851
5505 5213
5506 4958
5507 4822
5508 4709
5509 4837
5510 4964
5511 4595
5512 4703
5513 4964
5514 4967
5515 5245
5516 6400
5517 4719
5518 5586
5519 4785
5520 4798
5521 5682
5522 4462
5523 4713
5524 5587
5525 4839
5526 4954
5527 4768
5528 4785
5529 4583
5530 4960
5531 5092
5532 4707
5533 4962
5534 4713
5535 4721
5536 4706
5537 6079
5538 5214
5539 5215
5540 4959
5541 4588
5542 4962
5543 4445
5544 4605
5545 4594
5546 4710
5547 4709
5548 4831
5549 5086
5550 4719
5551 5281
5552 5390
5553 4902
5554 5271
5555 4721
5556 4894
5557 6146
5558 4961
5559 5839
5560 4588
5561 4709
5562 4842
5563 5087
5564 4883
5565 4924
5566 4846
5567 5628
5568 4777
5569 4957
5570 5215
5571 5085
5572 4964
5573 5209
5574 6130
5575 4922
5576 4947
5577 6452
5578 4590
5579 5372
5580 4669
5581 5214
5582 5344
5583 5242
5584 4584
5585 4572
5586 4582
5587 4705
5588 5462
5589 4850
5590 5460
5591 5204
5592 4863
5593 5187
5594 5900
5595 5649
5596 5714
5597 5654
5598 4899
5599 5078
5600 4963
5601 5170
5602 6115
5603 5977
5604 4630
5605 4595
5606 4576
5607 4714
5608 5237
5609 4697
5610 5145
5611 5021
5612 5212
5613 5228
5614 4822
5615 4588
5616 4840
5617 5466
5618 4704
5619 5119
5620 4933
5621 5469
5622 4455
5623 4785
5624 5017
5625 5208
5626 4580
5627 4713
5628 4841
5629 4481
5630 4565
5631 5095
5632 5350
5633 4841
5634 4820
5635 5236
5636 4676
5637 5720
5638 4955
5639 4590
5640 5215
5641 5070
5642 4601
5643 4839
5644 5711
5645 5220
5646 4578
5647 5213
5648 5090
5649 -995408
5650 5456
5651 4968
5652 4586
5653 4972
5654 5831
5655 5076
5656 4589
5657 6054
5658 5123
5659 5454
5660 4588
5661 4595
5662 5077
5663 4906
5664 4959
5665 4904
5666 5079
5667 4839
5668 4964
5669 5470
5670 4829
5671 5086
5672 5223
5673 5328
5674 4704
5675 4834
5676 4823
5677 4594
5678 5578
5679 4858
5680 4958
5681 4722
5682 4724
5683 5333
5684 4946
5685 4774
5686 5275
5687 5711
5688 4964
5689 4591
5690 4585
5691 5209
5692 6405
5693 5025
5694 5897
5695 5090
5696 4808
5697 6555
5698 4826
5699 4836
5700 4596
5701 5077
5702 4595
5703 4706
5704 5196
5705 4975
5706 5160
5707 5889
5708 4468
5709 4705
5710 4840
5711 5213
5712 4971
5713 4827
5714 5089
5715 4587
5716 4824
5717 4476
5718 6084
5719 4713
5720 5272
5721 5160
5722 5394
5723 4889
5724 4844
5725 4706
5726 4713
5727 5585
5728 4842
5729 4832
5730 4713
5731 4838
5732 5162
5733 4889
5734 5460
5735 4837
5736 4844
5737 5079
5738 5964
5739 4714
5740 4842
5741 4580
5742 5346
5743 4826
5744 4970
5745 5578
5746 4589
5747 4588
5748 5095
5749 4830
5750 4963
5751 4963
5752 4723
5753 4956
5754 4583
5755 4714
5756 5482
5757 5065
5758 6678
5759 5498
5760 4578
5761 4964
5762 4712
5763 5343
5764 6078
5765 4962
5766 4838
5767 5093
5768 5206
5769 4968
5770 4708
5771 4851
5772 5483
5773 5544
5774 4709
5775 5493
5776 4817
5777 4814
5778 6478
5779 4613
5780 4561
5781 4713
5782 4467
5783 4724
5784 4827
5785 4707
5786 5022
5787 4781
5788 4959
5789 4960
5790 4834
5791 5410
5792 5072
5793 4532
5794 5461
5795 4596
5796 4578
5797 4712
5798 4719
5799 5592
5800 4826
5801 4716
5802 5838
5803 5468
5804 4832
5805 4955
5806 4590
5807 4594
5808 4829
5809 5092
5810 4583
5811 4595
5812 5077
5813 4589
5814 4772
5815 4778
5816 5426
5817 4581
5818 4711
5819 4882
5820 5538
5821 4836
5822 5094
5823 4629
5824 4795
5825 5577
5826 5334
5827 4843
5828 4768
5829 4782
5830 4578
5831 5253
5832 5297
5833 4712
5834 4587
5835 5005
5836 4924
5837 4702
5838 4712
5839 4589
5840 6909
5841 5014
5842 4856
5843 4718
5844 5188
5845 4588
5846 6458
5847 -995530
5848 4704
5849 5340
5850 4712
5851 4720
5852 4954
5853 4839
5854 4587
5855 4833
5856 5215
5857 4586
5858 4589
5859 5246
5860 6266
5861 4633
5862 5324
5863 4593
5864 4702
5865 5391
5866 4658
5867 5094
5868 4705
5869 4965
5870 4839
5871 5078
5872 4592
5873 4708
5874 4840
5875 4700
5876 4757
5877 4800
5878 4733
5879 5446
5880 4703
5881 6718
5882 4827
5883 5219
5884 4708
5885 4860
5886 4808
5887 5402
5888 5522
5889 4714
5890 4714
5891 4702
5892 5099
5893 5087
5894 5592
5895 5217
5896 5455
5897 4840
5898 4962
5899 4746
5900 5928
5901 6090
5902 4841
5903 4710
5904 4718
5905 4827
5906 4463
5907 4596
5908 4576
5909 4589
5910 4735
5911 4699
5912 5827
5913 4716
5914 5087
5915 5401
5916 4772
5917 4589
5918 4716
5919 5025
5920 4777
5921 4580
5922 5962
5923 4782
5924 5023
5925 4958
5926 5958
5927 4725
5928 4573
5929 4589
5930 4839
5931 5344
5932 5328
5933 4715
5934 5529
5935 5277
5936 4703
5937 4713
5938 4965
5939 4719
5940 4952
5941 5716
5942 7149
5943 4902
5944 5086
5945 5729
5946 5462
5947 5752
5948 5129
5949 4851
5950 4845
5951 4579
5952 4960
5953 4713
5954 4985
5955 5186
5956 4583
5957 4588
5958 4733
5959 5378
5960 5045
5961 6365
5962 4629
5963 5555
5964 4726
5965 5214
5966 4965
5967 4705
5968 4712
5969 4594
5970 5117
5971 6236
5972 5155
5973 4706
5974 5210
5975 4959
5976 5280
5977 4525
5978 5874
5979 5045
5980 4966
5981 6481
5982 5444
5983 5461
5984 4841
5985 5303
5986 5118
5987 4954
5988 4836
5989 5600
5990 4573
5991 4966
5992 5886
5993 4672
5994 4576
5995 4779
5996 4770
5997 4851
5998 6141
5999 5522
6000 4587
6001 5964
6002 4714
6003 4454
6004 4716
6005 4969
6006 4706
6007 4586
6008 5715
6009 5213
6010 4586
6011 5592
6012 4708
6013 4965
6014 4583
6015 4589
6016 4966
6017 4591
6018 4579
6019 4697
6020 4729
6021 4597
6022 5701
6023 4715
6024 4583
6025 5218
6026 4989
6027 4555
6028 8842
6029 5014
6030 5172
6031 5010
6032 4653
6033 6152
6034 5192
6035 4905
6036 4585
6037 4720
6038 4824
6039 4658
6040 5395
6041 6083
6042 4714
6043 4584
6044 -995285
6045 4962
6046 5087
6047 4710
6048 4843
6049 4707
6050 6089
6051 5653
6052 4901
6053 4584
6054 5338
6055 4714
6056 4966
6057 5458
6058 4963
6059 4588
6060 5091
6061 6733
6062 4937
6063 4775
6064 4648
6065 5587
6066 4842
6067 5428
6068 4899
6069 4576
6070 5290
6071 5001
6072 4858
6073 4601
6074 4603
6075 5178
6076 4910
6077 4589
6078 4770
6079 4834
6080 4663
6081 4703
6082 6347
6083 4599
6084 4940
6085 5203
6086 5041
6087 4646
6088 4825
6089 4828
6090 4588
6091 4716
6092 4599
6093 4823
6094 5572
6095 4855
6096 5592
6097 4956
6098 4724
6099 4957
6100 5112
6101 5059
6102 5971
6103 5212
6104 5577
6105 5089
6106 4588
6107 4720
6108 5328
6109 4967
6110 4596
6111 4718
6112 4945
6113 4586
6114 5092
6115 4846
6116 5830
6117 4958
6118 5846
6119 4584
6120 4703
6121 4722
6122 6709
6123 5464
6124 4953
6125 5089
6126 4718
6127 4790
6128 4779
6129 5935
6130 4865
6131 4737
6132 4658
6133 4588
6134 4838
6135 5089
6136 4586
6137 4714
6138 4837
6139 4970
6140 4578
6141 4698
6142 5350
6143 6145
6144 5028
6145 4965
6146 4775
6147 5161
6148 5324
6149 5149
6150 5303
6151 4808
6152 4588
6153 4590
6154 4829
6155 6113
6156 4810
6157 5089
6158 4852
6159 5204
6160 5456
6161 5093
6162 4955
6163 6782
6164 5017
6165 4591
6166 4610
6167 5006
6168 5013
6169 5213
6170 4673
6171 4863
6172 4770
6173 5248
6174 5063
6175 4569
6176 4643
6177 4783
6178 4834
6179 5237
6180 4810
6181 5100
6182 5392
6183 6281
6184 5134
6185 4770
6186 4768
6187 5284
6188 4583
6189 4588
6190 5143
6191 4661
6192 4711
6193 4960
6194 4596
6195 5204
6196 5352
6197 5514
6198 4778
6199 4579
6200 4720
6201 4583
6202 4978
6203 6563
6204 5327
6205 4964
6206 5032
6207 4892
6208 4463
6209 4590
6210 4616
6211 4807
6212 5213
6213 4713
6214 4854
6215 5070
6216 4851
6217 6201
6218 4593
6219 4702
6220 4590
6221 4837
6222 4876
6223 4923
6224 6339
6225 5022
6226 5323
6227 5290
6228 4712
6229 5337
6230 5281
6231 4644
6232 4963
6233 4963
6234 4847
6235 5223
6236 4820
6237 5087
6238 4597
6239 4699
6240 4965
6241 -994836
6242 4785
6243 4870
6244 6277
6245 4586
6246 5342
6247 4585
6248 5837
6249 5589
6250 5465
6251 4710
6252 5465
6253 4590
6254 4715
6255 5018
6256 4902
6257 6228
6258 5207
6259 4688
6260 5333
6261 4957
6262 4868
6263 5050
6264 5714
6265 5115
6266 4932
6267 4610
6268 5896
6269 5013
6270 4704
6271 4845
6272 5241
6273 6187
6274 5131
6275 5657
6276 4587
6277 4713
6278 4960
6279 4469
6280 5206
6281 4839
6282 4961
6283 4835
6284 5900
6285 5279
6286 4581
6287 4627
6288 4675
6289 4714
6290 4584
6291 5924
6292 4879
6293 4966
6294 4831
6295 4839
6296 5590
6297 4840
6298 5789
6299 5201
6300 5454
6301 5032
6302 4828
6303 4587
6304 5977
6305 4953
6306 4707
6307 5271
6308 5667
6309 4826
6310 4461
6311 5154
6312 4671
6313 4605
6314 4736
6315 4669
6316 4940
6317 4858
6318 5190
6319 4591
6320 5082
6321 5282
6322 5019
6323 4591
6324 6093
6325 5454
6326 4464
6327 4587
6328 4593
6329 4836
6330 4580
6331 4717
6332 4463
6333 4611
6334 5421
6335 4864
6336 4966
6337 5688
6338 4789
6339 4636
6340 4959
6341 5204
6342 4711
6343 5215
6344 4843
6345 6217
6346 4698
6347 4839
6348 4845
6349 4948
6350 5405
6351 4773
6352 4596
6353 4455
6354 4594
6355 5334
6356 5210
6357 5077
6358 5146
6359 4788
6360 5577
6361 4584
6362 4716
6363 6086
6364 4596
6365 6339
6366 4575
6367 5938
6368 4860
6369 4587
6370 4841
6371 4703
6372 7160
6373 4810
6374 4801
6375 5379
6376 4524
6377 5088
6378 4971
6379 5580
6380 4832
6381 5306
6382 4866
6383 4844
6384 5529
6385 5894
6386 4455
6387 5339
6388 4583
6389 4589
6390 4715
6391 4841
6392 5959
6393 4839
6394 5772
6395 5021
6396 4834
6397 4715
6398 4972
6399 4827
6400 4712
6401 4960
6402 4840
6403 4968
6404 4829
6405 6087
6406 4463
6407 5216
6408 4711
6409 5212
6410 4713
6411 4720
6412 4831
6413 4909
6414 4887
6415 5781
6416 4833
6417 4775
6418 5088
6419 5841
6420 4585
6421 4701
6422 4836
6423 5214
6424 5336
6425 5837
6426 4966
6427 5115
6428 4681
6429 5019
6430 5160
6431 4837
6432 4598
6433 4698
6434 5108
6435 5314
6436 5387
6437 4903
6438 -995420
6439 4577
6440 5208
6441 4586
6442 5714
6443 4841
6444 4959
6445 6718
6446 4854
6447 4687
6448 4590
6449 5214
6450 4756
6451 4918
6452 5080
6453 4716
6454 5484
6455 4556
6456 4836
6457 5099
6458 4992
6459 4736
6460 5134
6461 4590
6462 5466
6463 5106
6464 5473
6465 4821
6466 5972
6467 5204
6468 4725
6469 4953
6470 4963
6471 4950
6472 4590
6473 4845
6474 5085
6475 4711
6476 5227
6477 5196
6478 4730
6479 5524
6480 4868
6481 4970
6482 4767
6483 5169
6484 4811
6485 5220
6486 6713
6487 5328
6488 5331
6489 4719
6490 5532
6491 5260
6492 4964
6493 5210
6494 4714
6495 5083
6496 5458
6497 4970
6498 4958
6499 4703
6500 5400
6501 4717
6502 5019
6503 4578
6504 5088
6505 5145
6506 5783
6507 4827
6508 4711
6509 4988
6510 4935
6511 6085
6512 5084
6513 4596
6514 4578
6515 4592
6516 4585
6517 4591
6518 4714
6519 4584
6520 4711
6521 4469
6522 4771
6523 5024
6524 4839
6525 4978
6526 6659
6527 5384
6528 4947
6529 4892
6530 4666
6531 5702
6532 4588
6533 5475
6534 4824
6535 4592
6536 4959
6537 5267
6538 5572
6539 4917
6540 4962
6541 4970
6542 4579
6543 4593
6544 4834
6545 4840
6546 4587
6547 6213
6548 4714
6549 5122
6550 4932
6551 5204
6552 4590
6553 4591
6554 4713
6555 4988
6556 5307
6557 5609
6558 4813
6559 5025
6560 5527
6561 5094
6562 4960
6563 5454
6564 5517
6565 4786
6566 6961
6567 4578
6568 5091
6569 4457
6570 4457
6571 4714
6572 5240
6573 5569
6574 4468
6575 5963
6576 4716
6577 5333
6578 4977
6579 4821
6580 5281
6581 4649
6582 5332
6583 4712
6584 4841
6585 5339
6586 6928
6587 4988
6588 4604
6589 5069
6590 5340
6591 4585
6592 5096
6593 4830
6594 4587
6595 4840
6596 5717
6597 4964
6598 5082
6599 5026
6600 4764
6601 5096
6602 5213
6603 5964
6604 5615
6605 4806
6606 5842
6607 4589
6608 4963
6609 4656
6610 4891
6611 4963
6612 4596
6613 4702
6614 4590
6615 5842
6616 4710
6617 6461
6618 5204
6619 4593
6620 5268
6621 5153
6622 5333
6623 4845
6624 5019
6625 4525
6626 4709
6627 5720
6628 4704
6629 4601
6630 4760
6631 4661
6632 4580
6633 5211
6634 4846
6635 -994910
6636 5202
6637 4712
6638 4718
6639 4618
6640 5051
6641 4588
6642 4588
6643 4715
6644 4715
6645 4835
6646 5087
6647 6233
6648 4689
6649 4716
6650 4712
6651 4858
6652 5195
6653 5333
6654 4847
6655 5053
6656 4612
6657 4708
6658 4962
6659 5854
6660 6455
6661 5072
6662 4604
6663 4558
6664 4702
6665 4966
6666 5372
6667 6773
6668 4753
6669 5701
6670 4860
6671 5445
6672 4598
6673 4696
6674 4838
6675 4967
6676 4834
6677 4712
6678 4833
6679 5474
6680 4832
6681 4712
6682 4962
6683 4963
6684 4588
6685 5084
6686 4713
6687 5538
6688 6011
6689 5464
6690 4854
6691 4824
6692 4777
6693 4768
6694 4838
6695 4751
6696 5604
6697 4647
6698 5088
6699 4965
6700 5108
6701 4690
6702 4586
6703 5093
6704 4705
6705 4775
6706 5400
6707 5097
6708 6088
6709 4950
6710 4594
6711 4839
6712 4832
6713 4964
6714 4586
6715 4595
6716 4769
6717 5966
6718 4896
6719 4964
6720 4834
6721 4839
6722 4711
6723 4720
6724 4896
6725 4649
6726 5779
6727 6044
6728 6335
6729 5192
6730 5469
6731 5458
6732 4835
6733 4589
6734 4847
6735 4951
6736 4588
6737 5838
6738 4845
6739 4579
6740 4965
6741 5087
6742 5468
6743 4835
6744 4833
6745 5588
6746 4970
6747 5077
6748 6842
6749 4712
6750 5486
6751 6083
6752 4816
6753 5093
6754 5205
6755 4590
6756 5713
6757 4824
6758 5492
6759 5265
6760 4638
6761 4847
6762 5700
6763 4605
6764 4819
6765 4583
6766 5332
6767 7160
6768 4657
6769 5068
6770 4709
6771 4963
6772 4588
6773 4844
6774 4580
6775 4964
6776 4587
6777 4720
6778 4593
6779 5448
6780 6211
6781 4847
6782 4950
6783 5274
6784 5651
6785 5283
6786 4890
6787 4838
6788 5717
6789 4712
6790 4834
6791 5745
6792 5198
6793 5864
6794 4780
6795 4764
6796 5415
6797 4587
6798 5076
6799 4608
6800 4832
6801 4694
6802 5463
6803 4840
6804 4844
6805 6077
6806 5592
6807 5919
6808 4878
6809 4838
6810 4710
6811 4915
6812 5140
6813 4830
6814 4580
6815 4960
6816 4744
6817 5092
6818 4679
6819 5392
6820 4787
6821 4823
6822 4964
6823 5585
6824 4842
6825 4837
6826 4837
6827 5154
6828 6023
6829 5156
6830 5202
6831 -995267
6832 4589
6833 4585
6834 4587
6835 4590
6836 4851
6837 5008
6838 4831
6839 5471
6840 4765
6841 4870
6842 5136
6843 5138
6844 4845
6845 5078
6846 5100
6847 4692
6848 6473
6849 4576
6850 4615
6851 4703
6852 4771
6853 4763
6854 5278
6855 5036
6856 6826
6857 4582
6858 4596
6859 4831
6860 5359
6861 4550
6862 5728
6863 5073
6864 4709
6865 4581
6866 5214
6867 4589
6868 6141
6869 4679
6870 4703
6871 4818
6872 5776
6873 5022
6874 4716
6875 4716
6876 4836
6877 5463
6878 5588
6879 4923
6880 5292
6881 5223
6882 4901
6883 4488
6884 4566
6885 4704
6886 4835
6887 4966
6888 4838
6889 6388
6890 5427
6891 5080
6892 5577
6893 5463
6894 4763
6895 4544
6896 4580
6897 4590
6898 4962
6899 4605
6900 6136
6901 5021
6902 6155
6903 4647
6904 4717
6905 5201
6906 4714
6907 5094
6908 6990
6909 4802
6910 5646
6911 4783
6912 4831
6913 4714
6914 4841
6915 4828
6916 4728
6917 4575
6918 5263
6919 5408
6920 4720
6921 5089
6922 4959
6923 4985
6924 5451
6925 4719
6926 5188
6927 5247
6928 6673
6929 6027
6930 4772
6931 5327
6932 4709
6933 4843
6934 4708
6935 5774
6936 4797
6937 4686
6938 4960
6939 5210
6940 5584
6941 4762
6942 4784
6943 4582
6944 5964
6945 5069
6946 4725
6947 4776
6948 5646
6949 4596
6950 5581
6951 4590
6952 4954
6953 4844
6954 5219
6955 4822
6956 4959
6957 5210
6958 4823
6959 4593
6960 4454
6961 4593
6962 4580
6963 4841
6964 4578
6965 4588
6966 4469
6967 4705
6968 5007
6969 6545
6970 5211
6971 4953
6972 4716
6973 4709
6974 4588
6975 4582
6976 4734
6977 5202
6978 4714
6979 4963
6980 5968
6981 5079
6982 5585
6983 4841
6984 5469
6985 5950
6986 4593
6987 6099
6988 4806
6989 5982
6990 4569
6991 4591
6992 4578
6993 4760
6994 4663
6995 5220
6996 5074
6997 4836
6998 4716
6999 4801
7000 4870
7001 5952
7002 4588
7003 4745
7004 4684
7005 6200
7006 5663
7007 5518
7008 4829
7009 5726
7010 5074
7011 6214
7012 5214
7013 6328
7014 4811
7015 5230
7016 4829
7017 4848
7018 4961
7019 4579
7020 5394
7021 5155
7022 4961
7023 4779
7024 5139
7025 4708
7026 5213
7027 4705
7028 -994282
7029 5902
7030 4650
7031 4837
7032 5514
7033 4789
7034 4584
7035 5077
7036 5339
7037 4713
7038 4842
7039 4830
7040 4964
7041 4594
7042 4966
7043 4771
7044 5394
7045 5021
7046 5056
7047 5360
7048 4660
7049 6346
7050 5647
7051 5143
7052 5998
7053 5079
7054 4807
7055 4837
7056 4863
7057 5253
7058 5176
7059 4589
7060 5202
7061 5842
7062 4707
7063 4840
7064 4714
7065 4987
7066 4690
7067 4954
7068 4713
7069 6644
7070 4785
7071 4708
7072 5209
7073 4970
7074 4893
7075 4903
7076 4961
7077 4989
7078 5119
7079 5274
7080 4589
7081 5346
7082 4828
7083 5212
7084 5464
7085 6104
7086 4698
7087 5078
7088 4588
7089 5714
7090 4585
7091 4835
7092 5089
7093 5096
7094 4705
7095 4592
7096 4581
7097 5218
7098 5205
7099 4963
7100 4844
7101 4837
7102 5452
7103 4589
7104 5213
7105 4720
7106 4954
7107 5212
7108 4963
7109 6590
7110 5836
7111 4963
7112 5622
7113 5364
7114 4829
7115 4658
7116 4748
7117 5364
7118 4773
7119 4960
7120 4960
7121 4711
7122 5343
7123 4834
7124 4973
7125 4701
7126 5340
7127 5460
7128 4967
7129 5830
7130 4898
7131 5404
7132 4593
7133 5100
7134 5192
7135 5211
7136 5348
7137 4952
7138 4713
7139 4712
7140 4849
7141 4573
7142 5221
7143 5077
7144 4720
7145 4577
7146 5656
7147 5897
7148 4965
7149 6079
7150 5480
7151 4564
7152 4586
7153 4585
7154 4805
7155 4622
7156 4976
7157 4598
7158 5251
7159 5216
7160 4967
7161 5203
7162 4588
7163 4712
7164 6033
7165 5018
7166 4715
7167 5087
7168 4966
7169 6853
7170 5069
7171 5449
7172 5100
7173 4964
7174 4590
7175 4984
7176 4563
7177 4587
7178 4839
7179 4715
7180 5154
7181 5589
7182 5142
7183 4650
7184 4528
7185 6080
7186 4715
7187 4859
7188 5316
7189 6519
7190 4654
7191 4598
7192 4703
7193 4610
7194 4816
7195 4947
7196 5101
7197 4839
7198 4712
7199 5537
7200 4779
7201 5321
7202 5213
7203 4746
7204 5115
7205 5025
7206 5093
7207 4715
7208 4699
7209 4840
7210 5709
7211 4494
7212 5055
7213 5339
7214 5591
7215 5465
7216 5079
7217 5236
7218 4710
7219 4578
7220 4827
7221 4590
7222 5102
7223 5533
7224 -994059
7225 5551
7226 4810
7227 4964
7228 5013
7229 6417
7230 4973
7231 5327
7232 4871
7233 4651
7234 4651
7235 4873
7236 5292
7237 4902
7238 5232
7239 4691
7240 5213
7241 4715
7242 4984
7243 5366
7244 5032
7245 4944
7246 4982
7247 5190
7248 5486
7249 6440
7250 5591
7251 4957
7252 5781
7253 5017
7254 4836
7255 4605
7256 4693
7257 5593
7258 5398
7259 5093
7260 4839
7261 5337
7262 4844
7263 5080
7264 4978
7265 4573
7266 5213
7267 5587
7268 4716
7269 6091
7270 4833
7271 6016
7272 5594
7273 5149
7274 4836
7275 4604
7276 4742
7277 5170
7278 4765
7279 4652
7280 5822
7281 5476
7282 4963
7283 5214
7284 4774
7285 5592
7286 4895
7287 4897
7288 5287
7289 5952
7290 4463
7291 4589
7292 4788
7293 5011
7294 5467
7295 5342
7296 5203
7297 5086
7298 4962
7299 4590
7300 4962
7301 4588
7302 4585
7303 4587
7304 4849
7305 4824
7306 5464
7307 5653
7308 5406
7309 5579
7310 4962
7311 4836
7312 4720
7313 5206
7314 4587
7315 4839
7316 5216
7317 5080
7318 4589
7319 4712
7320 4844
7321 5329
7322 4593
7323 4957
7324 4720
7325 4837
7326 4829
7327 6027
7328 4650
7329 6962
7330 5225
7331 4575
7332 4845
7333 5017
7334 4900
7335 4847
7336 4830
7337 4960
7338 5211
7339 5468
7340 4777
7341 4644
7342 4718
7343 4765
7344 4532
7345 6278
7346 5148
7347 4711
7348 4712
7349 4730
7350 5834
7351 4688
7352 6214
7353 4733
7354 4560
7355 4881
7356 4671
7357 5143
7358 4775
7359 5258
7360 4672
7361 4837
7362 4706
7363 5346
7364 4452
7365 4585
7366 5719
7367 4704
7368 4840
7369 5214
7370 5709
7371 4885
7372 4670
7373 4577
7374 4713
7375 5150
7376 5408
7377 4583
7378 5087
7379 4835
7380 4589
7381 5468
7382 4715
7383 4826
7384 4715
7385 4835
7386 4837
7387 4744
7388 5301
7389 5105
7390 4698
7391 5729
7392 5141
7393 4517
7394 4759
7395 4909
7396 4585
7397 5270
7398 4651
7399 5214
7400 6093
7401 5479
7402 4815
7403 4607
7404 4929
7405 4957
7406 5094
7407 5083
7408 4716
7409 4710
7410 5099
7411 5985
7412 4936
7413 4952
7414 4711
7415 5152
7416 5276
7417 4829
7418 4836
7419 4923
7420 -994620
7421 5213
7422 5270
7423 4778
7424 4864
7425 4680
7426 4964
7427 4976
7428 4695
7429 4839
7430 4714
7431 6359
7432 4568
7433 5210
7434 4587
7435 4605
7436 4567
7437 5283
7438 4896
7439 5002
7440 4779
7441 5158
7442 4785
7443 4603
7444 4763
7445 5169
7446 4939
7447 4833
7448 4588
7449 4833
7450 4973
7451 5328
7452 6094
7453 4810
7454 5584
7455 5210
7456 5584
7457 4583
7458 4590
7459 5089
7460 5207
7461 5014
7462 4908
7463 5223
7464 4726
7465 5561
7466 4595
7467 5087
7468 4702
7469 4463
7470 4776
7471 4866
7472 6240
7473 5578
7474 4716
7475 5339
7476 4956
7477 4834
7478 5216
7479 5592
7480 4951
7481 5091
7482 4958
7483 5212
7484 4711
7485 4847
7486 5075
7487 4731
7488 4820
7489 4583
7490 5213
7491 5152
7492 6098
7493 4624
7494 5219
7495 5456
7496 4838
7497 4769
7498 4899
7499 4721
7500 4701
7501 4842
7502 4836
7503 5465
7504 5090
7505 5885
7506 5778
7507 5116
7508 5081
7509 5336
7510 5098
7511 4705
7512 7087
7513 5085
7514 4776
7515 4649
7516 4589
7517 4837
7518 4471
7519 4578
7520 4714
7521 4773
7522 4839
7523 4501
7524 5479
7525 4821
7526 4822
7527 4726
7528 4711
7529 4594
7530 4582
7531 5214
7532 6716
7533 4832
7534 4847
7535 5319
7536 5082
7537 4706
7538 4851
7539 5573
7540 5718
7541 4760
7542 4793
7543 5455
7544 4714
7545 5223
7546 4704
7547 6082
7548 4846
7549 4606
7550 5205
7551 5330
7552 6963
7553 5720
7554 6008
7555 5090
7556 5279
7557 4845
7558 4828
7559 5839
7560 4963
7561 4839
7562 4835
7563 4841
7564 4716
7565 4587
7566 4708
7567 4984
7568 4697
7569 4836
7570 4735
7571 5127
7572 5772
7573 4716
7574 5080
7575 5348
7576 4717
7577 4578
7578 5585
7579 4587
7580 5744
7581 4690
7582 4830
7583 5395
7584 5038
7585 4584
7586 4834
7587 4759
7588 5252
7589 5215
7590 5835
7591 4962
7592 5850
7593 4573
7594 4964
7595 5714
7596 5278
7597 5230
7598 5588
7599 4468
7600 4964
7601 5268
7602 4773
7603 5090
7604 5002
7605 5229
7606 5151
7607 4968
7608 4770
7609 5654
7610 5203
7611 5340
7612 6338
7613 4834
7614 4715
7615 4587
7616 4696
7617 -995022
7618 4848
7619 4827
7620 4715
7621 5086
7622 5494
7623 5305
7624 4900
7625 5022
7626 4830
7627 4582
7628 4840
7629 4958
7630 5340
7631 5590
7632 6492
7633 5181
7634 4596
7635 5698
7636 4714
7637 4954
7638 5091
7639 4818
7640 4913
7641 5024
7642 5474
7643 4576
7644 4580
7645 4588
7646 5519
7647 5278
7648 4954
7649 4589
7650 5210
7651 5000
7652 7303
7653 4828
7654 4727
7655 5509
7656 4777
7657 5455
7658 5348
7659 4830
7660 5712
7661 4728
7662 4694
7663 5103
7664 4739
7665 5284
7666 5468
7667 4584
7668 4741
7669 4553
7670 4953
7671 4715
7672 6121
7673 4928
7674 4953
7675 4835
7676 5454
7677 4463
7678 5727
7679 5015
7680 5013
7681 4840
7682 4882
7683 4819
7684 5207
7685 5579
7686 6716
7687 4890
7688 5282
7689 4835
7690 5011
7691 4779
7692 5717
7693 4955
7694 4851
7695 4570
7696 4591
7697 5024
7698 4656
7699 4701
7700 4709
7701 5466
7702 4840
7703 5139
7704 4649
7705 4839
7706 5841
7707 5083
7708 5082
7709 4716
7710 5710
7711 5086
7712 6022
7713 4775
7714 4716
7715 4731
7716 5310
7717 5094
7718 4833
7719 4708
7720 4584
7721 4588
7722 4912
7723 4811
7724 4667
7725 5085
7726 4594
7727 4585
7728 4581
7729 5606
7730 5194
7731 5219
7732 4760
7733 5413
7734 4702
7735 6781
7736 4756
7737 4613
7738 5436
7739 4968
7740 4824
7741 5644
7742 5406
7743 5020
7744 4655
7745 4710
7746 5327
7747 4589
7748 4954
7749 5632
7750 5420
7751 5395
7752 6392
7753 4970
7754 4577
7755 5345
7756 4829
7757 4475
7758 4697
7759 4594
7760 4583
7761 4851
7762 4571
7763 4735
7764 4841
7765 4938
7766 4591
7767 4834
7768 4974
7769 5083
7770 5579
7771 5335
7772 4842
7773 6107
7774 5057
7775 4713
7776 4840
7777 4595
7778 4700
7779 4703
7780 4719
7781 4582
7782 4718
7783 5706
7784 5002
7785 5097
7786 5287
7787 4579
7788 4718
7789 4828
7790 6095
7791 5094
7792 4953
7793 6278
7794 4677
7795 5108
7796 5473
7797 4767
7798 5210
7799 4957
7800 4715
7801 5216
7802 4581
7803 4836
7804 4963
7805 4719
7806 4751
7807 4786
7808 4708
7809 5095
7810 4974
7811 4834
7812 5694
7813 -993339
7814 4518
7815 4959
7816 4742
7817 5432
7818 5580
7819 4581
7820 5223
7821 5327
7822 5089
7823 6354
7824 5944
7825 4834
7826 4589
7827 5082
7828 4841
7829 4956
7830 4721
7831 4950
7832 5845
7833 6204
7834 4590
7835 4959
7836 4842
7837 5204
7838 5782
7839 5059
7840 4547
7841 5082
7842 5106
7843 5839
7844 5695
7845 5328
7846 5212
7847 4465
7848 5465
7849 5086
7850 5520
7851 5418
7852 5946
7853 5087
7854 6011
7855 5695
7856 4555
7857 4902
7858 4894
7859 4746
7860 4701
7861 5154
7862 5779
7863 5581
7864 5088
7865 4715
7866 5787
7867 5261
7868 4965
7869 4588
7870 5345
7871 5015
7872 5777
7873 4839
7874 4970
7875 4707
7876 4965
7877 4586
7878 4908
7879 4637
7880 4715
7881 5758
7882 5320
7883 4932
7884 4583
7885 4965
7886 4964
7887 4579
7888 5463
7889 4839
7890 4968
7891 5212
7892 6396
7893 4839
7894 5658
7895 4950
7896 4588
7897 4589
7898 5150
7899 5154
7900 4891
7901 5092
7902 5109
7903 4586
7904 4774
7905 5532
7906 6588
7907 4707
7908 7214
7909 4599
7910 5698
7911 4712
7912 6217
7913 4715
7914 5647
7915 4770
7916 5900
7917 5840
7918 5147
7919 4960
7920 5344
7921 4701
7922 5783
7923 4895
7924 4843
7925 4706
7926 5523
7927 5220
7928 4844
7929 4761
7930 4715
7931 6212
7932 4616
7933 5184
7934 5212
7935 5097
7936 4950
7937 5333
7938 4846
7939 4553
7940 4608
7941 5662
7942 4929
7943 4610
7944 5155
7945 5954
7946 5272
7947 4925
7948 4693
7949 4840
7950 4703
7951 5962
7952 4841
7953 5458
7954 5214
7955 4636
7956 4535
7957 4834
7958 4588
7959 4718
7960 4835
7961 4586
7962 5530
7963 5522
7964 5465
7965 4771
7966 4809
7967 4681
7968 4840
7969 5334
7970 5464
7971 4587
7972 5713
7973 4776
7974 4652
7975 4710
7976 4839
7977 5209
7978 4762
7979 4663
7980 5488
7981 4688
7982 4985
7983 5197
7984 4833
7985 4711
7986 4836
7987 4839
7988 5216
7989 4709
7990 5375
7991 5743
7992 6276
7993 5197
7994 4586
7995 4574
7996 5726
7997 5962
7998 5407
7999 5840
8000 5516
8001 7465
8002 4591
8003 4627
8004 4540
8005 5089
8006 4841
8007 -994919
8008 5464
8009 5211
8010 4843
8011 6900
8012 4641
8013 5220
8014 4958
8015 5085
8016 4962
8017 5214
8018 4965
8019 5460
8020 4463
8021 4718
8022 4710
8023 4834
8024 5213
8025 4840
8026 4594
8027 4578
8028 4713
8029 5147
8030 4954
8031 6414
8032 4767
8033 4657
8034 4832
8035 4746
8036 4928
8037 5014
8038 4750
8039 5098
8040 5196
8041 5586
8042 4967
8043 4581
8044 4965
8045 5588
8046 4590
8047 4709
8048 4605
8049 4974
8050 5441
8051 5082
8052 5966
8053 4586
8054 4717
8055 4707
8056 5234
8057 5707
8058 5014
8059 5399
8060 4718
8061 4456
8062 5341
8063 4709
8064 4838
8065 4839
8066 4969
8067 5077
8068 4843
8069 4711
8070 5220
8071 4578
8072 5714
8073 4463
8074 4966
8075 4961
8076 5342
8077 4708
8078 5091
8079 5399
8080 4861
8081 4653
8082 4774
8083 4833
8084 5465
8085 5711
8086 4719
8087 5329
8088 4904
8089 4771
8090 4713
8091 4886
8092 6408
8093 4850
8094 4827
8095 4585
8096 4588
8097 4589
8098 4963
8099 4709
8100 4733
8101 4568
8102 4968
8103 5792
8104 5379
8105 5214
8106 5090
8107 5265
8108 4783
8109 4589
8110 4865
8111 5431
8112 6807
8113 5248
8114 4575
8115 4718
8116 4837
8117 5095
8118 4705
8119 4591
8120 4708
8121 5844
8122 5954
8123 5151
8124 5025
8125 5241
8126 5367
8127 4661
8128 5457
8129 5473
8130 5200
8131 4715
8132 6734
8133 4945
8134 4473
8135 4575
8136 4572
8137 4591
8138 4755
8139 4792
8140 5025
8141 5150
8142 5213
8143 4585
8144 4591
8145 4588
8146 5208
8147 5464
8148 5153
8149 4881
8150 4724
8151 5586
8152 5229
8153 6320
8154 4837
8155 4836
8156 4974
8157 5200
8158 4965
8159 4846
8160 5530
8161 4885
8162 4717
8163 4461
8164 4698
8165 5101
8166 5342
8167 4834
8168 4595
8169 4709
8170 4709
8171 4713
8172 5110
8173 6568
8174 5078
8175 4712
8176 4706
8177 5344
8178 4589
8179 4772
8180 5171
8181 5443
8182 4715
8183 4463
8184 4572
8185 4607
8186 5084
8187 4715
8188 7164
8189 4881
8190 4713
8191 5107
8192 5201
8193 5703
8194 5093
8195 5333
8196 4613
8197 4686
8198 5170
8199 5701
8200 5147
8201 4975
8202 5214
8203 5073
8204 -995409
8205 4698
8206 5089
8207 4838
8208 5089
8209 4960
8210 5269
8211 4966
8212 6408
8213 6207
8214 5587
8215 4974
8216 4956
8217 4587
8218 5092
8219 5216
8220 4453
8221 5405
8222 5022
8223 5096
8224 4827
8225 4591
8226 4965
8227 4967
8228 4826
8229 4713
8230 4838
8231 4845
8232 4577
8233 6087
8234 4801
8235 5198
8236 4772
8237 4581
8238 5021
8239 5036
8240 4830
8241 5212
8242 4588
8243 5594
8244 4955
8245 5737
8246 4876
8247 4911
8248 4828
8249 4771
8250 5036
8251 5366
8252 4806
8253 5838
8254 4838
8255 4471
8256 4701
8257 5221
8258 4900
8259 4653
8260 4706
8261 4837
8262 4602
8263 5210
8264 4759
8265 4903
8266 4839
8267 5221
8268 4952
8269 4837
8270 4711
8271 5346
8272 5327
8273 4902
8274 5899
8275 4848
8276 4825
8277 4987
8278 4938
8279 4594
8280 4770
8281 5147
8282 4962
8283 4597
8284 4701
8285 5089
8286 4735
8287 4948
8288 4831
8289 6462
8290 5338
8291 4846
8292 5459
8293 4458
8294 6090
8295 5088
8296 4835
8297 4712
8298 5156
8299 4772
8300 4712
8301 4585
8302 4962
8303 6273
8304 4922
8305 4945
8306 4709
8307 4841
8308 4585
8309 5086
8310 4837
8311 4716
8312 4849
8313 5141
8314 4674
8315 6192
8316 4578
8317 4713
8318 5340
8319 4463
8320 4599
8321 5075
8322 6213
8323 4966
8324 5083
8325 5461
8326 4469
8327 4969
8328 4575
8329 4736
8330 5202
8331 4699
8332 5267
8333 5153
8334 4691
8335 6408
8336 4858
8337 4919
8338 4726
8339 4861
8340 5767
8341 5283
8342 4976
8343 5068
8344 5278
8345 4902
8346 4722
8347 5473
8348 4941
8349 4767
8350 5667
8351 4955
8352 5464
8353 4837
8354 4968
8355 5707
8356 4960
8357 4840
8358 5092
8359 5599
8360 4570
8361 4588
8362 4970
8363 4727
8364 5629
8365 5397
8366 4715
8367 4959
8368 4590
8369 4587
8370 4718
8371 4583
8372 5088
8373 5087
8374 4843
8375 6521
8376 5089
8377 4895
8378 5465
8379 4709
8380 4903
8381 4774
8382 4767
8383 5030
8384 4838
8385 4584
8386 4729
8387 4444
8388 4838
8389 5659
8390 4647
8391 4987
8392 5677
8393 4852
8394 6200
8395 6087
8396 5722
8397 5773
8398 4881
8399 5590
8400 4742
8401 -994758
8402 5021
8403 5090
8404 5274
8405 5191
8406 5418
8407 5212
8408 4833
8409 4840
8410 5460
8411 4590
8412 4831
8413 5716
8414 4584
8415 5907
8416 4515
8417 4717
8418 5084
8419 5654
8420 5543
8421 5406
8422 4825
8423 5341
8424 5229
8425 4947
8426 4704
8427 5083
8428 4661
8429 4756
8430 5470
8431 5071
8432 4981
8433 4939
8434 5144
8435 5652
8436 4842
8437 4832
8438 4581
8439 4591
8440 4646
8441 6724
8442 5261
8443 4964
8444 4966
8445 4580
8446 4710
8447 4964
8448 4836
8449 4963
8450 4582
8451 4969
8452 6007
8453 4906
8454 4962
8455 6384
8456 5417
8457 5080
8458 4582
8459 4632
8460 4540
8461 5085
8462 5458
8463 4958
8464 5466
8465 4588
8466 4959
8467 4742
8468 4810
8469 5091
8470 4576
8471 4721
8472 4583
8473 4740
8474 4931
8475 5963
8476 5576
8477 4714
8478 4702
8479 4980
8480 4695
8481 4832
8482 4838
8483 4589
8484 4720
8485 4704
8486 4466
8487 4585
8488 5164
8489 4775
8490 4824
8491 5338
8492 4469
8493 4580
8494 4726
8495 4696
8496 6094
8497 5516
8498 5409
8499 4577
8500 4597
8501 4577
8502 4779
8503 4649
8504 5218
8505 5084
8506 5275
8507 4648
8508 5216
8509 4970
8510 5318
8511 4715
8512 5215
8513 5204
8514 4960
8515 5464
8516 6091
8517 4705
8518 5115
8519 4683
8520 5091
8521 4957
8522 4837
8523 5340
8524 4839
8525 4957
8526 4588
8527 4721
8528 5204
8529 4833
8530 4630
8531 4920
8532 5329
8533 5207
8534 4714
8535 4960
8536 4594
8537 5587
8538 4576
8539 5345
8540 5025
8541 5340
8542 4635
8543 5469
8544 4956
8545 4964
8546 5753
8547 4672
8548 4580
8549 6354
8550 4689
8551 5325
8552 5349
8553 5193
8554 4729
8555 4846
8556 6703
8557 4965
8558 4583
8559 5256
8560 5791
8561 5215
8562 4709
8563 4595
8564 4708
8565 4959
8566 4835
8567 4593
8568 4584
8569 5528
8570 4647
8571 4844
8572 5204
8573 4712
8574 5214
8575 4720
8576 5205
8577 5712
8578 4965
8579 5715
8580 4458
8581 4964
8582 4715
8583 5090
8584 4736
8585 5505
8586 5042
8587 4574
8588 5827
8589 4838
8590 5090
8591 4590
8592 4832
8593 5465
8594 4482
8595 5073
8596 4708
8597 5712
8598 -995408
8599 5836
8600 4709
8601 4963
8602 4838
8603 5283
8604 5141
8605 6154
8606 4973
8607 5385
8608 4841
8609 4837
8610 4940
8611 4488
8612 4970
8613 4823
8614 5231
8615 5313
8616 5326
8617 6982
8618 4582
8619 5065
8620 5524
8621 5028
8622 4840
8623 5458
8624 5724
8625 4731
8626 4705
8627 4767
8628 4641
8629 4652
8630 4812
8631 4579
8632 4967
8633 4830
8634 4491
8635 4661
8636 5484
8637 5462
8638 4595
8639 4591
8640 4572
8641 4837
8642 4738
8643 4705
8644 4952
8645 5153
8646 5278
8647 5011
8648 4808
8649 5561
8650 4843
8651 5398
8652 5273
8653 5772
8654 4780
8655 4829
8656 4587
8657 6221
8658 4998
8659 4684
8660 4713
8661 5096
8662 4896
8663 5167
8664 4689
8665 5497
8666 5429
8667 4702
8668 5341
8669 4588
8670 4839
8671 4585
8672 4719
8673 4706
8674 5593
8675 4973
8676 4952
8677 4700
8678 6094
8679 5222
8680 5381
8681 6168
8682 4946
8683 5024
8684 4775
8685 4886
8686 5039
8687 5372
8688 4916
8689 4971
8690 6134
8691 5024
8692 5012
8693 5042
8694 5081
8695 4710
8696 4588
8697 5965
8698 5021
8699 4643
8700 4595
8701 4764
8702 4775
8703 5901
8704 5148
8705 4713
8706 4582
8707 4833
8708 4720
8709 4459
8710 4585
8711 5896
8712 5043
8713 5071
8714 4710
8715 4826
8716 5311
8717 7903
8718 6055
8719 5232
8720 5686
8721 4841
8722 4827
8723 4701
8724 4856
8725 4805
8726 4737
8727 4895
8728 5720
8729 5088
8730 5087
8731 4843
8732 5089
8733 5078
8734 4963
8735 5399
8736 4791
8737 6192
8738 4593
8739 4581
8740 4715
8741 4958
8742 4838
8743 4712
8744 4845
8745 5200
8746 5344
8747 5270
8748 5023
8749 5084
8750 5265
8751 5283
8752 5216
8753 5208
8754 4712
8755 4834
8756 4713
8757 6209
8758 4965
8759 4983
8760 5068
8761 4585
8762 4965
8763 4879
8764 4919
8765 4837
8766 4965
8767 5007
8768 4915
8769 4743
8770 4681
8771 4962
8772 4590
8773 4709
8774 5089
8775 5529
8776 5399
8777 4474
8778 6075
8779 4982
8780 4947
8781 5087
8782 4583
8783 5114
8784 5319
8785 4948
8786 5089
8787 4966
8788 5105
8789 5065
8790 5212
8791 5347
8792 5206
8793 4954
8794 -995280
8795 4841
8796 5201
8797 4963
8798 6090
8799 5212
8800 4771
8801 4650
8802 5590
8803 5346
8804 4952
8805 4717
8806 4710
8807 5027
8808 5020
8809 4715
8810 5642
8811 4647
8812 4832
8813 5036
8814 5206
8815 5027
8816 4958
8817 4718
8818 6461
8819 4964
8820 4586
8821 4585
8822 4588
8823 4773
8824 5400
8825 4703
8826 4845
8827 4590
8828 5585
8829 4837
8830 5151
8831 5967
8832 4892
8833 4589
8834 4587
8835 4714
8836 5086
8837 5213
8838 6854
8839 5444
8840 4589
8841 4587
8842 4749
8843 4622
8844 5911
8845 4838
8846 5220
8847 5349
8848 4694
8849 5587
8850 5095
8851 5204
8852 5650
8853 4754
8854 5222
8855 4829
8856 5342
8857 5773
8858 6281
8859 5078
8860 4590
8861 5087
8862 5469
8863 4582
8864 4710
8865 4965
8866 4589
8867 4906
8868 4774
8869 5206
8870 4841
8871 4713
8872 5833
8873 4465
8874 4778
8875 4951
8876 4909
8877 4893
8878 6162
8879 4961
8880 5712
8881 4980
8882 4569
8883 4589
8884 5338
8885 4463
8886 4842
8887 4955
8888 4715
8889 5464
8890 4844
8891 5957
8892 4587
8893 5107
8894 4816
8895 4569
8896 5231
8897 4900
8898 6752
8899 4954
8900 5713
8901 4966
8902 4957
8903 5212
8904 5714
8905 4594
8906 4728
8907 4693
8908 4837
8909 4595
8910 4829
8911 5050
8912 4751
8913 5220
8914 5269
8915 4775
8916 4836
8917 4720
8918 5961
8919 5331
8920 6924
8921 4619
8922 4579
8923 6213
8924 5344
8925 5674
8926 6069
8927 4801
8928 4824
8929 5590
8930 4576
8931 4963
8932 4722
8933 4702
8934 5088
8935 5338
8936 5722
8937 6473
8938 4949
8939 4960
8940 4988
8941 5434
8942 5372
8943 4820
8944 5086
8945 5442
8946 4965
8947 5721
8948 4827
8949 4588
8950 4587
8951 4968
8952 4721
8953 4695
8954 4587
8955 4720
8956 5214
8957 4767
8958 5666
8959 4656
8960 4753
8961 5454
8962 5091
8963 5338
8964 4582
8965 5088
8966 4744
8967 4893
8968 4634
8969 5008
8970 4904
8971 6164
8972 4785
8973 5065
8974 5210
8975 4969
8976 5327
8977 4718
8978 6078
8979 5214
8980 4712
8981 5213
8982 4837
8983 4470
8984 5332
8985 4608
8986 4815
8987 4971
8988 4575
8989 4606
8990 -995285
8991 4829
8992 5704
8993 4714
8994 5584
8995 4847
8996 5076
8997 4778
8998 6145
8999 5247
9000 4551
9001 4716
9002 5022
9003 4660
9004 4575
9005 4843
9006 5091
9007 4962
9008 5137
9009 4761
9010 5089
9011 4845
9012 4578
9013 4605
9014 4571
9015 5094
9016 4579
9017 4714
9018 4716
9019 6214
9020 4702
9021 5231
9022 4687
9023 5150
9024 5835
9025 5008
9026 4462
9027 4966
9028 4592
9029 4839
9030 4572
9031 4851
9032 4697
9033 4962
9034 6819
9035 4733
9036 4899
9037 4923
9038 4995
9039 5665
9040 4582
9041 4730
9042 6386
9043 5272
9044 5209
9045 4586
9046 4589
9047 6467
9048 4834
9049 5214
9050 5409
9051 4639
9052 4587
9053 4587
9054 5216
9055 4710
9056 4587
9057 4841
9058 4775
9059 6721
9060 4643
9061 4836
9062 4810
9063 5491
9064 4916
9065 4761
9066 5211
9067 4953
9068 4926
9069 5129
9070 4596
9071 5073
9072 5088
9073 4588
9074 4748
9075 4829
9076 5202
9077 4872
9078 4680
9079 4844
9080 6203
9081 4469
9082 4644
9083 4774
9084 5081
9085 4725
9086 4711
9087 5581
9088 4827
9089 4603
9090 4694
9091 5247
9092 4805
9093 4578
9094 5639
9095 5196
9096 5055
9097 4703
9098 4719
9099 4584
9100 6082
9101 5722
9102 5073
9103 4739
9104 4560
9105 4957
9106 4733
9107 4919
9108 4834
9109 4458
9110 5557
9111 4741
9112 5211
9113 4458
9114 5093
9115 5207
9116 4841
9117 5624
9118 4942
9119 5064
9120 5835
9121 4952
9122 4719
9123 4895
9124 4656
9125 5343
9126 6086
9127 4577
9128 4840
9129 4838
9130 5475
9131 4699
9132 4975
9133 4553
9134 5245
9135 4828
9136 4595
9137 4951
9138 4726
9139 4822
9140 4837
9141 5712
9142 5719
9143 4864
9144 4681
9145 4451
9146 4965
9147 4996
9148 4931
9149 5083
9150 4477
9151 4823
9152 5851
9153 5093
9154 4713
9155 4757
9156 6595
9157 4773
9158 4595
9159 4832
9160 4838
9161 5709
9162 5910
9163 4773
9164 4640
9165 5401
9166 4468
9167 4955
9168 5461
9169 4714
9170 4603
9171 4822
9172 4711
9173 5093
9174 4585
9175 5642
9176 5219
9177 5535
9178 4827
9179 5206
9180 5091
9181 6830
9182 4592
9183 4589
9184 4838
9185 4712
9186 4838
9187 4832
9188 -993536
9189 4959
9190 5214
9191 5215
9192 4980
9193 5199
9194 5205
9195 5711
9196 4837
9197 5116
9198 4701
9199 5317
9200 4839
9201 5590
9202 5091
9203 4827
9204 4588
9205 5098
9206 5077
9207 4717
9208 4709
9209 4993
9210 4702
9211 4944
9212 5720
9213 5221
9214 5442
9215 4777
9216 4914
9217 4573
9218 5208
9219 5227
9220 5830
9221 6520
9222 4780
9223 4938
9224 5450
9225 4724
9226 4717
9227 4833
9228 4776
9229 5646
9230 4832
9231 4606
9232 4861
9233 4932
9234 4955
9235 5895
9236 4651
9237 4838
9238 4716
9239 4709
9240 4840
9241 6515
9242 5284
9243 4711
9244 6291
9245 4662
9246 4936
9247 5086
9248 4599
9249 4578
9250 4587
9251 4728
9252 4951
9253 4616
9254 4801
9255 5282
9256 4660
9257 4572
9258 4715
9259 4837
9260 4839
9261 6395
9262 4784
9263 5332
9264 4717
9265 5273
9266 4766
9267 5088
9268 4946
9269 5291
9270 4650
9271 4769
9272 5345
9273 4917
9274 5381
9275 4772
9276 4593
9277 5204
9278 4837
9279 4737
9280 5319
9281 4835
9282 5454
9283 4590
9284 4716
9285 5454
9286 4587
9287 4715
9288 4843
9289 4708
9290 4960
9291 5143
9292 4784
9293 4958
9294 5482
9295 5442
9296 4467
9297 4710
9298 5710
9299 4462
9300 4867
9301 5688
9302 6330
9303 4593
9304 4710
9305 4583
9306 4588
9307 4963
9308 4773
9309 4709
9310 5280
9311 5803
9312 4744
9313 5775
9314 4772
9315 4644
9316 4847
9317 4771
9318 4962
9319 4601
9320 4838
9321 4702
9322 6678
9323 4860
9324 4965
9325 4582
9326 5586
9327 4859
9328 5197
9329 5769
9330 4778
9331 4839
9332 4565
9333 4601
9334 4712
9335 4721
9336 4711
9337 4956
9338 4962
9339 4589
9340 4724
9341 5208
9342 4828
9343 5964
9344 5338
9345 4957
9346 5137
9347 5665
9348 4467
9349 4583
9350 4963
9351 4471
9352 4703
9353 4588
9354 4710
9355 5715
9356 5088
9357 4584
9358 5336
9359 4718
9360 5461
9361 5465
9362 5826
9363 6342
9364 4597
9365 5075
9366 5397
9367 4910
9368 4588
9369 4580
9370 4740
9371 5601
9372 4663
9373 4714
9374 4962
9375 5103
9376 4573
9377 4923
9378 4981
9379 4722
9380 5734
9381 5436
9382 4701
9383 6222
9384 4954
9385 5087
9386 -995283
9387 4970
9388 4950
9389 5713
9390 4994
9391 5056
9392 5209
9393 4713
9394 4714
9395 5095
9396 4577
9397 4844
9398 4706
9399 5097
9400 4708
9401 5888
9402 4922
9403 7510
9404 5266
9405 4839
9406 4837
9407 4841
9408 4713
9409 4850
9410 4697
9411 4579
9412 4583
9413 5217
9414 5208
9415 4465
9416 4591
9417 4718
9418 5082
9419 5232
9420 4825
9421 4710
9422 4963
9423 4969
9424 5454
9425 5257
9426 5421
9427 4840
9428 5405
9429 4770
9430 5525
9431 4899
9432 4594
9433 6634
9434 4722
9435 4543
9436 4686
9437 5837
9438 4726
9439 5204
9440 5086
9441 4702
9442 4973
9443 4708
9444 5580
9445 4894
9446 4911
9447 4950
9448 4777
9449 4908
9450 4752
9451 4793
9452 4970
9453 5374
9454 5296
9455 4816
9456 4846
9457 4703
9458 5043
9459 5198
9460 4644
9461 4581
9462 4708
9463 5592
9464 5582
9465 5218
9466 5488
9467 5616
9468 5024
9469 5086
9470 4840
9471 5822
9472 6089
9473 4589
9474 4590
9475 5960
9476 4462
9477 5213
9478 4597
9479 5084
9480 5064
9481 4606
9482 5981
9483 7194
9484 5284
9485 4901
9486 4828
9487 4589
9488 5392
9489 5413
9490 4585
9491 5202
9492 5096
9493 5212
9494 5917
9495 4747
9496 4840
9497 4595
9498 4955
9499 5282
9500 4518
9501 4743
9502 4681
9503 4901
9504 5957
9505 4789
9506 5831
9507 4586
9508 4839
9509 4967
9510 5095
9511 5195
9512 4588
9513 5087
9514 4754
9515 4682
9516 4565
9517 5220
9518 4950
9519 5093
9520 4832
9521 4907
9522 4892
9523 5092
9524 6085
9525 4457
9526 4583
9527 5283
9528 5271
9529 4714
9530 4583
9531 5214
9532 4445
9533 4803
9534 5265
9535 4839
9536 4776
9537 4783
9538 6080
9539 4962
9540 4589
9541 5282
9542 4767
9543 4462
9544 5839
9545 5891
9546 5281
9547 4851
9548 4701
9549 4876
9550 5546
9551 4713
9552 5843
9553 4834
9554 5149
9555 5023
9556 4679
9557 4880
9558 4702
9559 5346
9560 4844
9561 4704
9562 4888
9563 5167
9564 6093
9565 4818
9566 4577
9567 4730
9568 6072
9569 4962
9570 4705
9571 4473
9572 4894
9573 4766
9574 5407
9575 5183
9576 4799
9577 4954
9578 4962
9579 4458
9580 4972
9581 4762
9582 4654
9583 -995101
9584 5534
9585 5950
9586 4898
9587 4904
9588 5906
9589 4637
9590 4839
9591 4709
9592 4591
9593 5151
9594 4896
9595 5335
9596 4715
9597 4959
9598 5093
9599 4708
9600 4714
9601 4580
9602 6035
9603 6136
9604 5464
9605 5584
9606 4848
9607 4877
9608 4916
9609 4954
9610 4586
9611 4566
9612 4608
9613 5364
9614 4909
9615 4781
9616 4813
9617 4703
9618 4646
9619 5028
9620 5467
9621 4456
9622 4587
9623 5467
9624 5349
9625 6257
9626 5418
9627 4943
9628 4628
9629 5916
9630 4844
9631 4603
9632 4819
9633 5200
9634 4842
9635 4980
9636 5193
9637 4950
9638 4853
9639 4710
9640 4944
9641 4834
9642 5971
9643 4961
9644 5458
9645 5701
9646 5022
9647 4909
9648 5834
9649 5084
9650 4990
9651 4677
9652 4590
9653 4581
9654 4845
9655 4713
9656 5455
9657 4588
9658 4793
9659 4940
9660 5277
9661 5089
9662 4961
9663 5162
9664 4762
9665 6347
9666 5461
9667 4960
9668 5018
9669 4923
9670 5322
9671 4589
9672 5202
9673 4965
9674 4837
9675 4765
9676 4790
9677 5330
9678 4589
9679 4853
9680 4570
9681 5464
9682 4836
9683 4590
9684 4835
9685 5212
9686 6215
9687 4985
9688 4936
9689 5213
9690 4943
9691 4788
9692 4657
9693 4589
9694 4609
9695 5376
9696 5403
9697 5330
9698 5346
9699 4959
9700 5468
9701 5388
9702 5464
9703 5206
9704 4712
9705 6290
9706 4836
9707 4702
9708 5840
9709 5087
9710 5588
9711 5349
9712 4824
9713 4837
9714 4826
9715 4724
9716 4578
9717 4590
9718 4971
9719 4827
9720 5027
9721 4957
9722 5042
9723 4577
9724 5783
9725 4767
9726 5467
9727 4596
9728 4950
9729 4712
9730 4597
9731 4730
9732 5686
9733 4819
9734 4613
9735 5340
9736 4826
9737 5219
9738 5090
9739 4896
9740 4878
9741 5340
9742 5088
9743 5737
9744 5416
9745 4961
9746 6757
9747 4811
9748 5212
9749 5222
9750 4827
9751 4840
9752 4712
9753 4727
9754 4946
9755 4598
9756 4575
9757 5409
9758 5143
9759 5352
9760 5065
9761 6593
9762 5579
9763 4787
9764 4639
9765 4591
9766 6389
9767 4719
9768 5146
9769 4867
9770 4933
9771 4964
9772 4463
9773 4910
9774 5519
9775 5453
9776 4586
9777 4604
9778 5071
9779 -995252
9780 4679
9781 4709
9782 5456
9783 6338
9784 5652
9785 6040
9786 5202
9787 5452
9788 5779
9789 4767
9790 4956
9791 5156
9792 5155
9793 4710
9794 5071
9795 4589
9796 4718
9797 4954
9798 5093
9799 4581
9800 4597
9801 4968
9802 4572
9803 4588
9804 4876
9805 4947
9806 6185
9807 4839
9808 5359
9809 5199
9810 4938
9811 5574
9812 4848
9813 4960
9814 4948
9815 4695
9816 4586
9817 5097
9818 4569
9819 4587
9820 4602
9821 4754
9822 5157
9823 5215
9824 4726
9825 4946
9826 6215
9827 4964
9828 5093
9829 5207
9830 5527
9831 5022
9832 4852
9833 4830
9834 4578
9835 4961
9836 5281
9837 5461
9838 4646
9839 5405
9840 4787
9841 4883
9842 4911
9843 4448
9844 4840
9845 4471
9846 6077
9847 4895
9848 5162
9849 4826
9850 4963
9851 5339
9852 5469
9853 4707
9854 5331
9855 4588
9856 5339
9857 4711
9858 4839
9859 4838
9860 4600
9861 4886
9862 4970
9863 5521
9864 4961
9865 5580
9866 6465
9867 4969
9868 4703
9869 4588
9870 4969
9871 5605
9872 4817
9873 4585
9874 4843
9875 4843
9876 4703
9877 4589
9878 5210
9879 4722
9880 5328
9881 4465
9882 5277
9883 4782
9884 5450
9885 5088
9886 4463
9887 5972
9888 4702
9889 4839
9890 5463
9891 4841
9892 5583
9893 4843
9894 4833
9895 4841
9896 4833
9897 4774
9898 4900
9899 4722
9900 4578
9901 4588
9902 5213
9903 4720
9904 4954
9905 4771
9906 5028
9907 6096
9908 5393
9909 5137
9910 4722
9911 4587
9912 4578
9913 5214
9914 4603
9915 5704
9916 4826
9917 5720
9918 5468
9919 4955
9920 4833
9921 4590
9922 5087
9923 4845
9924 4702
9925 4870
9926 4682
9927 4591
9928 5957
9929 4719
9930 5832
9931 4838
9932 5341
9933 5334
9934 4837
9935 4839
9936 4962
9937 4958
9938 4717
9939 4461
9940 4710
9941 4603
9942 4887
9943 4808
9944 4928
9945 4712
9946 4594
9947 4713
9948 6708
9949 4837
9950 4588
9951 5094
9952 4579
9953 4586
9954 4718
9955 4841
9956 5079
9957 4713
9958 5092
9959 4843
9960 5081
9961 5082
9962 4968
9963 5089
9964 4580
9965 5213
9966 4839
9967 5092
9968 5202
9969 5718
9970 4710
9971 4988
9972 5059
9973 4715
9974 4898
9975 4908
9976 4703
9977 -995389
9978 4695
9979 5531
9980 5637
9981 5463
9982 4837
9983 5220
9984 4705
9985 5591
9986 4711
9987 5594
9988 4707
9989 6209
9990 5395
9991 5391
9992 4641
9993 4656
9994 5678
9995 4744
9996 5151
9997 4771
9998 4727
9999 5207
