0 6891
1 5498
2 5672
3 5484
4 6549
5 5681
6 5294
7 5709
8 5556
9 5793
10 5196
11 6069
12 5062
13 5318
14 5692
15 5064
16 5197
17 5562
18 6722
19 5293
20 5062
21 5069
22 5315
23 5316
24 5194
25 6141
26 5497
27 5809
28 5949
29 5436
30 5639
31 4997
32 5065
33 7364
34 7888
35 5250
36 6755
37 5332
38 6112
39 5873
40 5690
41 6316
42 6194
43 5445
44 5936
45 6258
46 -993853
47 5169
48 4941
49 4944
50 5084
51 5421
52 5191
53 5568
54 5961
55 6862
56 5374
57 5818
58 5322
59 6631
60 5762
61 6744
62 5697
63 5368
64 5193
65 5317
66 5067
67 5466
68 5306
69 5061
70 5197
71 4944
72 6436
73 5319
74 5313
75 5330
76 4920
77 4944
78 5328
79 5172
80 5446
81 5439
82 5194
83 5692
84 5457
85 5056
86 5509
87 5248
88 5924
89 6692
90 6090
91 5542
92 5454
93 5211
94 5082
95 5103
96 5490
97 5147
98 5204
99 4957
100 5070
101 5215
102 4916
103 5710
104 5517
105 5965
106 5049
107 5434
108 4968
109 6078
110 5831
111 5086
112 5210
113 5072
114 5212
115 5193
116 5328
117 6402
118 5388
119 7202
120 6485
121 5220
122 5028
123 5817
124 5335
125 5452
126 5144
127 8013
128 5641
129 5262
130 5259
131 5897
132 5582
133 5327
134 5202
135 6224
136 5336
137 5305
138 6768
139 5253
140 5132
141 5475
142 5079
143 5086
144 5413
145 7239
146 5212
147 5692
148 5833
149 5950
150 6650
151 6138
152 5200
153 5329
154 5110
155 5541
156 5082
157 5077
158 5648
159 5261
160 5505
161 5262
162 5090
163 5343
164 7081
165 5972
166 5324
167 5965
168 5338
169 5088
170 5589
171 5089
172 5088
173 5099
174 5197
175 5476
176 5442
177 4958
178 5463
179 6339
180 6033
181 5518
182 6844
183 6083
184 5598
185 5329
186 5402
187 5773
188 5462
189 5457
190 5841
191 5090
192 5330
193 5106
194 5552
195 5214
196 5142
197 6035
198 6212
199 5088
200 6465
201 5463
202 5979
203 5315
204 5468
205 5601
206 5197
207 5969
208 6077
209 4957
210 5590
211 5470
212 5326
213 5086
214 5080
215 5088
216 6151
217 5654
218 4958
219 6094
220 6641
221 5152
222 5271
223 5278
224 4959
225 4964
226 -993900
227 5319
228 4980
229 5444
230 5780
231 5673
232 5094
233 5442
234 5446
235 5456
236 5340
237 6738
238 6262
239 5393
240 5327
241 5869
242 5304
243 5590
244 5086
245 5089
246 5084
247 5220
248 5079
249 5966
250 5617
251 5183
252 5456
253 5084
254 5097
255 5362
256 7111
257 5518
258 5588
259 5588
260 5465
261 5488
262 5686
263 5343
264 5080
265 5263
266 5038
267 5468
268 6150
269 5151
270 5704
271 5096
272 5700
273 5357
274 6323
275 5455
276 6163
277 5259
278 5099
279 6076
280 5596
281 5852
282 5566
283 5847
284 5329
285 5088
286 5328
287 5092
288 5706
289 5593
290 5970
291 5200
292 7004
293 6666
294 5345
295 5953
296 5890
297 5658
298 5216
299 5085
300 5338
301 5344
302 5327
303 5719
304 6206
305 5098
306 5699
307 5712
308 5658
309 5398
310 6988
311 5451
312 5070
313 5841
314 5341
315 5975
316 5071
317 5706
318 5715
319 5726
320 5698
321 5190
322 5600
323 4969
324 6402
325 5261
326 5708
327 5739
328 7830
329 5748
330 5267
331 5683
332 5542
333 5652
334 6489
335 5971
336 4948
337 5728
338 6194
339 5239
340 6672
341 5871
342 4928
343 5727
344 7730
345 6540
346 5342
347 5699
348 5328
349 5357
350 5181
351 7639
352 5211
353 5791
354 6336
355 5843
356 6242
357 5403
358 5350
359 6193
360 5908
361 5681
362 6293
363 6458
364 5965
365 5700
366 5832
367 6349
368 6846
369 5747
370 6035
371 5191
372 5783
373 5175
374 5828
375 6272
376 5389
377 6228
378 5804
379 5846
380 7323
381 6097
382 5323
383 5086
384 6337
385 4959
386 5843
387 5634
388 5019
389 5842
390 5253
391 5794
392 4954
393 6508
394 5292
395 5200
396 5138
397 6045
398 6701
399 6462
400 -994532
401 7138
402 5417
403 5328
404 5356
405 5674
406 6319
407 5107
408 5078
409 6420
410 6013
411 6879
412 5307
413 6611
414 6410
415 6870
416 5505
417 6037
418 5460
419 6711
420 4992
421 5459
422 7224
423 5416
424 5343
425 5833
426 5341
427 5592
428 5089
429 5723
430 5502
431 5735
432 5167
433 5965
434 5371
435 6851
436 5567
437 5399
438 6677
439 6458
440 5599
441 6083
442 5710
443 6500
444 6343
445 5569
446 6479
447 5210
448 5216
449 5714
450 6494
451 6269
452 5348
453 5318
454 5525
455 6078
456 5088
457 5714
458 5601
459 5957
460 5244
461 5328
462 6434
463 5548
464 5616
465 5378
466 5931
467 7836
468 5237
469 6321
470 6141
471 5605
472 5670
473 5331
474 5457
475 7129
476 6748
477 5461
478 5576
479 5540
480 5582
481 6089
482 5094
483 6767
484 6975
485 5117
486 5337
487 5586
488 4969
489 7220
490 6462
491 5123
492 5234
493 4965
494 5438
495 5507
496 5796
497 5109
498 5572
499 6253
500 5202
501 5086
502 7063
503 6271
504 6728
505 6071
506 6590
507 5867
508 5180
509 5205
510 6391
511 5345
512 6433
513 7715
514 5789
515 5624
516 5230
517 5911
518 6099
519 6553
520 5055
521 6131
522 5746
523 5870
524 5427
525 5703
526 5934
527 5832
528 5348
529 5813
530 5988
531 5597
532 5378
533 6199
534 6679
535 5849
536 6102
537 5335
538 8690
539 5947
540 5658
541 6091
542 6865
543 5561
544 5215
545 4965
546 6098
547 5208
548 6005
549 5260
550 5508
551 5087
552 5086
553 5350
554 6206
555 6638
556 5609
557 5441
558 6203
559 6257
560 5678
561 5841
562 5820
563 5603
564 5524
565 6240
566 5690
567 5468
568 5436
569 5701
570 -994522
571 7417
572 5356
573 5370
574 5067
575 5585
576 5356
577 5133
578 5207
579 5580
580 6213
581 6258
582 5905
583 6136
584 5204
585 6800
586 5350
587 5946
588 6343
589 6357
590 5069
591 5378
592 6745
593 5553
594 6363
595 5170
596 5773
597 5854
598 5256
599 5390
600 6667
601 5504
602 5216
603 6326
604 6740
605 5076
606 6518
607 5441
608 5871
609 5051
610 5245
611 5815
612 5967
613 5860
614 5092
615 5332
616 5084
617 6001
618 5614
619 6423
620 5509
621 5316
622 5213
623 5467
624 7216
625 5732
626 5874
627 5697
628 5568
629 5658
630 5459
631 5210
632 6084
633 6237
634 5773
635 7252
636 7242
637 5550
638 5186
639 5829
640 6163
641 6766
642 5783
643 5324
644 5612
645 5200
646 5585
647 5497
648 6352
649 5309
650 6167
651 5574
652 6742
653 6198
654 6000
655 5278
656 5102
657 7561
658 7781
659 6041
660 5398
661 5223
662 5597
663 5546
664 5177
665 7113
666 5613
667 5704
668 6399
669 5490
670 5504
671 6932
672 5209
673 5608
674 5859
675 6586
676 6753
677 5366
678 6192
679 5481
680 6241
681 5401
682 6047
683 5439
684 6844
685 5974
686 4946
687 5077
688 5961
689 6001
690 5697
691 5825
692 6017
693 6570
694 6209
695 5086
696 5096
697 5810
698 5398
699 4959
700 6712
701 5159
702 5710
703 5333
704 5581
705 5876
706 5515
707 5344
708 5423
709 6109
710 5377
711 5998
712 5464
713 5215
714 6076
715 5592
716 4973
717 5338
718 6383
719 5234
720 5709
721 4963
722 5952
723 6351
724 5136
725 5317
726 6300
727 6192
728 5186
729 6960
730 7677
731 5844
732 5089
733 6797
734 6457
735 5540
736 4833
737 5456
738 6133
739 5627
740 -994585
741 5101
742 6959
743 5111
744 5082
745 5440
746 6960
747 5717
748 6045
749 5699
750 5956
751 6497
752 5419
753 4946
754 6215
755 6474
756 5321
757 5855
758 5335
759 6457
760 5859
761 5710
762 5451
763 6756
764 5317
765 6091
766 6314
767 7508
768 5515
769 6586
770 6249
771 5422
772 6365
773 5049
774 5955
775 5905
776 5375
777 5102
778 5553
779 5717
780 6946
781 6671
782 5543
783 5590
784 5420
785 5343
786 5232
787 5314
788 5084
789 6466
790 5859
791 7207
792 5694
793 5656
794 5492
795 7789
796 8354
797 6045
798 5945
799 7219
800 5509
801 6963
802 6195
803 6409
804 5775
805 5469
806 6142
807 6419
808 6251
809 6041
810 5804
811 6695
812 5626
813 9077
814 5600
815 6181
816 5684
817 5912
818 5005
819 5252
820 5286
821 5256
822 5839
823 5306
824 5255
825 5317
826 4947
827 5309
828 6708
829 5829
830 7584
831 6461
832 5439
833 5313
834 6399
835 5604
836 5795
837 5363
838 5319
839 5328
840 5779
841 5190
842 5268
843 6107
844 5456
845 5711
846 6225
847 5289
848 6785
849 5535
850 5027
851 5451
852 5052
853 5507
854 5459
855 6179
856 6545
857 6057
858 5599
859 5115
860 5198
861 6525
862 6264
863 6131
864 5848
865 6263
866 5153
867 6094
868 6507
869 6019
870 5071
871 6209
872 5077
873 5484
874 6006
875 6206
876 6425
877 6314
878 5241
879 5532
880 5801
881 5628
882 5398
883 6380
884 6658
885 5568
886 5685
887 5301
888 5636
889 5320
890 5576
891 6074
892 5783
893 5256
894 5783
895 5272
896 5492
897 6382
898 5673
899 5041
900 6480
901 6818
902 6205
903 6024
904 5286
905 5398
906 5964
907 6397
908 -993907
909 5623
910 5780
911 5498
912 6407
913 5957
914 5648
915 5290
916 5809
917 6842
918 6074
919 5539
920 5187
921 5584
922 6161
923 5304
924 6056
925 5072
926 5724
927 5540
928 5299
929 6235
930 5381
931 5677
932 5088
933 6155
934 5135
935 6749
936 5220
937 5530
938 6117
939 5195
940 5717
941 5174
942 5692
943 4931
944 5072
945 5681
946 5365
947 5883
948 5596
949 5440
950 5146
951 6185
952 6938
953 6505
954 5260
955 5444
956 5685
957 5073
958 5941
959 5318
960 5822
961 5442
962 5758
963 5376
964 6467
965 5545
966 6463
967 5829
968 5408
969 5819
970 5067
971 6691
972 6974
973 6099
974 5248
975 6198
976 5476
977 5031
978 5187
979 5220
980 5666
981 6320
982 5879
983 6785
984 6111
985 5508
986 5512
987 5254
988 6697
989 5471
990 5298
991 5320
992 5071
993 5320
994 6071
995 5073
996 5594
997 6170
998 5448
999 5440
1000 5637
1001 5255
1002 4946
1003 5319
1004 5196
1005 5694
1006 7418
1007 5789
1008 5878
1009 5251
1010 5749
1011 5952
1012 5475
1013 5894
1014 6178
1015 5322
1016 5619
1017 5466
1018 5106
1019 6991
1020 5893
1021 5220
1022 5661
1023 6010
1024 6401
1025 5808
1026 5505
1027 5637
1028 5297
1029 6135
1030 5579
1031 7425
1032 5316
1033 5566
1034 5281
1035 6501
1036 5493
1037 5247
1038 5279
1039 5389
1040 5691
1041 5208
1042 7178
1043 5277
1044 5606
1045 5212
1046 6394
1047 5040
1048 5472
1049 6231
1050 5301
1051 5295
1052 7447
1053 5408
1054 5825
1055 5303
1056 5097
1057 7245
1058 9614
1059 6050
1060 5468
1061 5883
1062 5221
1063 4896
1064 4982
1065 5406
1066 4910
1067 5447
1068 5670
1069 5461
1070 5356
1071 5194
1072 5135
1073 4974
1074 5723
1075 5559
1076 5280
1077 6166
1078 5398
1079 4996
1080 5702
1081 -990374
1082 10453
1083 5591
1084 5163
1085 5130
1086 5717
1087 5434
1088 5738
1089 5284
1090 5421
1091 5014
1092 5524
1093 5959
1094 6057
1095 5203
1096 6465
1097 5165
1098 5217
1099 5912
1100 5076
1101 5245
1102 5458
1103 5312
1104 5427
1105 5062
1106 5998
1107 5635
1108 5078
1109 5054
1110 6231
1111 5618
1112 7927
1113 4982
1114 5259
1115 5567
1116 5181
1117 5247
1118 5227
1119 5638
1120 5956
1121 5663
1122 5677
1123 5695
1124 4822
1125 4966
1126 6111
1127 5431
1128 5827
1129 5078
1130 6587
1131 5564
1132 5467
1133 5068
1134 5090
1135 5445
1136 5093
1137 5444
1138 5333
1139 5320
1140 5338
1141 5695
1142 5333
1143 5085
1144 5446
1145 5633
1146 6464
1147 5960
1148 5449
1149 6958
1150 5766
1151 5096
1152 5306
1153 5352
1154 5722
1155 5292
1156 5945
1157 5707
1158 5098
1159 6192
1160 5206
1161 7084
1162 5461
1163 5334
1164 5196
1165 5220
1166 7281
1167 5237
1168 5580
1169 5333
1170 6088
1171 5444
1172 5217
1173 4944
1174 5407
1175 5759
1176 5316
1177 5087
1178 6072
1179 5204
1180 5454
1181 5085
1182 6603
1183 6100
1184 5388
1185 7280
1186 5260
1187 5451
1188 5442
1189 5258
1190 5568
1191 5752
1192 6410
1193 5235
1194 5833
1195 6107
1196 4962
1197 5087
1198 5792
1199 6107
1200 5176
1201 5682
1202 7167
1203 5674
1204 5157
1205 5036
1206 5500
1207 5967
1208 7257
1209 6203
1210 6385
1211 5745
1212 5259
1213 5206
1214 5245
1215 4942
1216 4999
1217 5458
1218 5338
1219 5726
1220 7278
1221 6196
1222 5009
1223 5957
1224 5291
1225 5262
1226 5310
1227 6069
1228 4961
1229 5673
1230 5374
1231 5044
1232 6408
1233 5311
1234 5341
1235 6043
1236 5962
1237 5712
1238 6953
1239 6494
1240 5863
1241 6971
1242 5615
1243 5419
1244 5671
1245 5704
1246 6243
1247 5263
1248 5600
1249 5309
1250 4928
1251 4816
1252 6121
1253 5315
1254 5692
1255 -995029
1256 7010
1257 6094
1258 5748
1259 5633
1260 6359
1261 5952
1262 5648
1263 6390
1264 4902
1265 5162
1266 5539
1267 6291
1268 5302
1269 5946
1270 5072
1271 5475
1272 5761
1273 7183
1274 5246
1275 6200
1276 6285
1277 5303
1278 6044
1279 5761
1280 5106
1281 5782
1282 5310
1283 5580
1284 5110
1285 5705
1286 5077
1287 5306
1288 6489
1289 6110
1290 6720
1291 7452
1292 6453
1293 6234
1294 5415
1295 5530
1296 6123
1297 6004
1298 5600
1299 6262
1300 5877
1301 5771
1302 5217
1303 5047
1304 5707
1305 5559
1306 5785
1307 5473
1308 6404
1309 6248
1310 6252
1311 5208
1312 5899
1313 4919
1314 5931
1315 5464
1316 5862
1317 5421
1318 5189
1319 5411
1320 5641
1321 5157
1322 5045
1323 6500
1324 7497
1325 6965
1326 5503
1327 5693
1328 5464
1329 5031
1330 5421
1331 5370
1332 5487
1333 5759
1334 5290
1335 5360
1336 5431
1337 5452
1338 4883
1339 5926
1340 5438
1341 5024
1342 6510
1343 6495
1344 6315
1345 5669
1346 5516
1347 5159
1348 6445
1349 6865
1350 5706
1351 5538
1352 5421
1353 5527
1354 5613
1355 5147
1356 6296
1357 5197
1358 5227
1359 4958
1360 5793
1361 6288
1362 5784
1363 5309
1364 5878
1365 4968
1366 6555
1367 5823
1368 5779
1369 6440
1370 5805
1371 5881
1372 5390
1373 6036
1374 5203
1375 5380
1376 5942
1377 6300
1378 7782
1379 6763
1380 5916
1381 4947
1382 5044
1383 5697
1384 5801
1385 6067
1386 5839
1387 5377
1388 6792
1389 5284
1390 5029
1391 5508
1392 4878
1393 5083
1394 4935
1395 5714
1396 5697
1397 5381
1398 6063
1399 5222
1400 5313
1401 6927
1402 5445
1403 5271
1404 5340
1405 5807
1406 5086
1407 6358
1408 5546
1409 5763
1410 5434
1411 5303
1412 4838
1413 5233
1414 6552
1415 5262
1416 5284
1417 5546
1418 5897
1419 5295
1420 5045
1421 5982
1422 5570
1423 5203
1424 5777
1425 5512
1426 5346
1427 5319
1428 -994156
1429 5214
1430 6353
1431 5316
1432 6466
1433 6230
1434 5308
1435 5090
1436 5712
1437 5092
1438 5586
1439 5714
1440 5468
1441 5333
1442 5405
1443 5151
1444 5456
1445 6468
1446 5458
1447 5719
1448 5328
1449 5966
1450 7710
1451 5337
1452 5339
1453 5283
1454 5468
1455 5784
1456 5189
1457 5852
1458 6199
1459 5337
1460 6657
1461 5406
1462 5318
1463 5342
1464 5342
1465 5074
1466 5588
1467 5908
1468 6551
1469 5176
1470 5455
1471 5250
1472 5069
1473 5965
1474 6451
1475 5197
1476 5684
1477 5572
1478 6462
1479 5608
1480 5478
1481 5887
1482 5348
1483 5676
1484 5324
1485 5822
1486 6398
1487 5290
1488 5088
1489 5641
1490 5929
1491 5086
1492 4977
1493 5742
1494 5101
1495 5843
1496 5703
1497 5719
1498 5464
1499 5705
1500 6322
1501 6556
1502 5386
1503 5945
1504 6201
1505 5446
1506 5837
1507 5792
1508 5503
1509 5080
1510 5208
1511 4950
1512 6037
1513 5983
1514 5031
1515 5071
1516 5956
1517 6297
1518 5559
1519 5295
1520 5975
1521 5400
1522 5066
1523 5942
1524 6240
1525 5121
1526 5687
1527 5142
1528 5390
1529 5334
1530 5749
1531 5671
1532 5424
1533 5943
1534 5450
1535 5085
1536 5722
1537 5549
1538 4953
1539 6468
1540 6258
1541 6412
1542 5211
1543 5228
1544 7083
1545 5283
1546 6146
1547 5114
1548 5673
1549 5763
1550 5239
1551 5752
1552 5529
1553 5066
1554 5366
1555 5371
1556 5711
1557 5500
1558 9462
1559 5673
1560 6207
1561 5974
1562 5509
1563 6357
1564 6030
1565 6289
1566 5770
1567 5988
1568 5722
1569 5509
1570 5683
1571 5824
1572 5572
1573 5298
1574 5241
1575 6331
1576 5408
1577 5632
1578 6300
1579 6339
1580 5199
1581 5722
1582 5700
1583 5957
1584 5090
1585 4954
1586 5659
1587 5758
1588 5933
1589 5615
1590 5499
1591 5756
1592 6267
1593 7189
1594 5796
1595 5090
1596 5675
1597 5571
1598 5336
1599 5337
1600 5843
1601 5311
1602 -994212
1603 5493
1604 5888
1605 5798
1606 5024
1607 5029
1608 5667
1609 5468
1610 5087
1611 6085
1612 5174
1613 5390
1614 5697
1615 6201
1616 5332
1617 5395
1618 6040
1619 5186
1620 6074
1621 5019
1622 5721
1623 5324
1624 5064
1625 5202
1626 5342
1627 5571
1628 6081
1629 4958
1630 7091
1631 5317
1632 5602
1633 5312
1634 5228
1635 5330
1636 4951
1637 6199
1638 5603
1639 6852
1640 5176
1641 5206
1642 5568
1643 4973
1644 6211
1645 5083
1646 6004
1647 5409
1648 6640
1649 5780
1650 5589
1651 5089
1652 5367
1653 6563
1654 5460
1655 5145
1656 5661
1657 5580
1658 5092
1659 5179
1660 5016
1661 5772
1662 5727
1663 5729
1664 5001
1665 5978
1666 6291
1667 6312
1668 5313
1669 5482
1670 5303
1671 5343
1672 4845
1673 5817
1674 5344
1675 5326
1676 5151
1677 5548
1678 6508
1679 6300
1680 5422
1681 5581
1682 4984
1683 6092
1684 5933
1685 5200
1686 4963
1687 5086
1688 4972
1689 5453
1690 6834
1691 5096
1692 5709
1693 5577
1694 6219
1695 5582
1696 5078
1697 5464
1698 6090
1699 5225
1700 6709
1701 5962
1702 6068
1703 5346
1704 5367
1705 5540
1706 5328
1707 5341
1708 5583
1709 5347
1710 5305
1711 5489
1712 5551
1713 6518
1714 5420
1715 5709
1716 4969
1717 5704
1718 6264
1719 6036
1720 6506
1721 5588
1722 5407
1723 5403
1724 6051
1725 5538
1726 5852
1727 5799
1728 4843
1729 4997
1730 5218
1731 5722
1732 5037
1733 5104
1734 5681
1735 5088
1736 5076
1737 5111
1738 5185
1739 6450
1740 5843
1741 5447
1742 5594
1743 5080
1744 5081
1745 5835
1746 5187
1747 5254
1748 5051
1749 5070
1750 5985
1751 5203
1752 5202
1753 4966
1754 6404
1755 5323
1756 5280
1757 5209
1758 5816
1759 5346
1760 6275
1761 5392
1762 4967
1763 5702
1764 5414
1765 5646
1766 5376
1767 5268
1768 5383
1769 6160
1770 5831
1771 5094
1772 6510
1773 5265
1774 5214
1775 4948
1776 6778
1777 5561
1778 5559
1779 5767
1780 5148
1781 -994907
1782 6006
1783 5410
1784 4962
1785 6093
1786 5451
1787 5463
1788 5091
1789 6029
1790 5267
1791 6355
1792 5569
1793 6236
1794 7479
1795 5420
1796 5093
1797 5709
1798 5086
1799 5093
1800 5511
1801 5289
1802 6164
1803 5827
1804 5385
1805 5087
1806 5591
1807 5837
1808 5214
1809 5337
1810 5276
1811 5525
1812 6804
1813 5375
1814 5708
1815 6212
1816 6466
1817 5337
1818 6112
1819 5438
1820 5337
1821 4964
1822 5408
1823 5267
1824 5095
1825 5727
1826 4942
1827 5088
1828 5453
1829 5423
1830 5264
1831 5823
1832 5087
1833 4969
1834 5115
1835 5065
1836 5788
1837 6227
1838 5315
1839 5475
1840 5268
1841 5828
1842 5741
1843 5447
1844 5462
1845 5584
1846 6145
1847 5690
1848 5286
1849 7664
1850 5763
1851 5605
1852 5832
1853 5817
1854 6209
1855 5988
1856 5320
1857 6080
1858 5699
1859 5349
1860 4828
1861 5457
1862 5078
1863 5911
1864 5275
1865 5077
1866 5085
1867 6848
1868 6017
1869 5640
1870 5970
1871 5337
1872 5077
1873 5086
1874 5339
1875 4970
1876 6276
1877 5141
1878 6250
1879 5300
1880 5082
1881 5337
1882 5095
1883 5081
1884 5854
1885 7313
1886 5712
1887 5326
1888 5090
1889 5861
1890 5061
1891 5111
1892 5313
1893 5349
1894 5829
1895 5660
1896 5262
1897 5100
1898 5322
1899 5096
1900 5974
1901 5698
1902 4951
1903 5340
1904 6098
1905 5347
1906 5443
1907 6889
1908 5401
1909 5836
1910 5462
1911 5916
1912 5759
1913 5084
1914 5702
1915 5220
1916 5391
1917 5281
1918 5330
1919 5839
1920 5264
1921 5284
1922 6894
1923 6026
1924 4968
1925 5081
1926 6090
1927 5202
1928 5589
1929 5541
1930 5263
1931 5083
1932 5716
1933 5834
1934 5913
1935 5832
1936 5145
1937 5715
1938 4975
1939 5821
1940 6550
1941 5882
1942 5339
1943 5340
1944 5703
1945 5966
1946 5836
1947 5340
1948 5086
1949 5101
1950 5075
1951 5962
1952 5102
1953 5884
1954 6035
1955 5327
1956 5630
1957 5169
1958 5087
1959 -993411
1960 5961
1961 5340
1962 5083
1963 6012
1964 5417
1965 4960
1966 5464
1967 6280
1968 5900
1969 5522
1970 5725
1971 5642
1972 5460
1973 4962
1974 4970
1975 5205
1976 5087
1977 7152
1978 5659
1979 5124
1980 5668
1981 5833
1982 5347
1983 5316
1984 5716
1985 5341
1986 5684
1987 5732
1988 5427
1989 4971
1990 6465
1991 5092
1992 5335
1993 5059
1994 6635
1995 6293
1996 5074
1997 5648
1998 6034
1999 5884
2000 5797
2001 5445
2002 5089
2003 6465
2004 5810
2005 5330
2006 5362
2007 5061
2008 6340
2009 5640
2010 5155
2011 5650
2012 5319
2013 6719
2014 5777
2015 5834
2016 5079
2017 5717
2018 6339
2019 5596
2020 5950
2021 4967
2022 5464
2023 5836
2024 5337
2025 5839
2026 5587
2027 4969
2028 5705
2029 4963
2030 5467
2031 6343
2032 5953
2033 5214
2034 5525
2035 5390
2036 5073
2037 6220
2038 5084
2039 5525
2040 5831
2041 5527
2042 5549
2043 6150
2044 5069
2045 5078
2046 5720
2047 5452
2048 5467
2049 5583
2050 6214
2051 6342
2052 4954
2053 5098
2054 5065
2055 4979
2056 5564
2057 5846
2058 5451
2059 5328
2060 5259
2061 5123
2062 5299
2063 5747
2064 5296
2065 4966
2066 5081
2067 5213
2068 6596
2069 5204
2070 4960
2071 5631
2072 5294
2073 5210
2074 5880
2075 5418
2076 4974
2077 4956
2078 6712
2079 5717
2080 5459
2081 5087
2082 5342
2083 5704
2084 6081
2085 5347
2086 5073
2087 6434
2088 5751
2089 5846
2090 5439
2091 5089
2092 5085
2093 5586
2094 5339
2095 5085
2096 5338
2097 5838
2098 4966
2099 5082
2100 5088
2101 5212
2102 5462
2103 5089
2104 5088
2105 5085
2106 6465
2107 5774
2108 5266
2109 5597
2110 5324
2111 5649
2112 6155
2113 5708
2114 5960
2115 5212
2116 5337
2117 5522
2118 5277
2119 5586
2120 5088
2121 5711
2122 5088
2123 5836
2124 6837
2125 4961
2126 6089
2127 5751
2128 5987
2129 5889
2130 5837
2131 5136
2132 5282
2133 6336
2134 5331
2135 5085
2136 6003
2137 5718
2138 -994973
2139 5201
2140 5823
2141 5088
2142 6726
2143 5352
2144 6996
2145 5179
2146 5798
2147 5324
2148 5713
2149 5722
2150 5708
2151 5073
2152 4962
2153 5128
2154 5057
2155 4944
2156 5635
2157 5675
2158 5329
2159 5207
2160 5092
2161 6515
2162 5774
2163 5715
2164 6157
2165 5378
2166 5712
2167 5091
2168 5088
2169 6127
2170 5669
2171 4961
2172 5080
2173 5085
2174 5079
2175 6139
2176 5142
2177 4847
2178 7147
2179 6409
2180 5203
2181 5251
2182 5672
2183 5222
2184 5825
2185 5452
2186 5097
2187 5081
2188 4958
2189 5339
2190 4964
2191 5087
2192 5154
2193 5524
2194 4971
2195 5325
2196 5463
2197 6024
2198 6592
2199 5276
2200 5840
2201 5916
2202 6443
2203 5285
2204 5083
2205 4966
2206 5337
2207 6087
2208 5360
2209 5693
2210 5837
2211 4963
2212 5735
2213 5067
2214 5212
2215 6237
2216 6815
2217 5714
2218 6088
2219 5906
2220 5646
2221 5714
2222 6714
2223 5339
2224 5589
2225 5962
2226 5343
2227 5334
2228 6030
2229 5146
2230 5089
2231 6339
2232 5837
2233 6441
2234 5384
2235 5184
2236 5585
2237 5088
2238 5087
2239 5099
2240 5584
2241 5197
2242 5091
2243 5963
2244 5211
2245 5338
2246 5215
2247 5462
2248 5088
2249 5089
2250 5587
2251 5214
2252 6464
2253 5340
2254 5336
2255 5089
2256 5089
2257 5337
2258 4964
2259 6041
2260 5887
2261 5709
2262 6089
2263 5396
2264 5765
2265 5708
2266 5357
2267 5066
2268 4959
2269 5464
2270 5333
2271 6208
2272 5586
2273 5087
2274 5962
2275 5965
2276 5587
2277 5840
2278 5213
2279 5964
2280 5337
2281 5841
2282 5207
2283 5967
2284 5960
2285 5841
2286 5084
2287 5712
2288 5150
2289 6524
2290 4962
2291 5652
2292 5529
2293 5328
2294 6110
2295 5315
2296 5997
2297 5455
2298 5061
2299 5107
2300 6183
2301 5219
2302 6531
2303 6014
2304 5326
2305 5340
2306 5376
2307 7082
2308 5935
2309 5036
2310 5661
2311 5413
2312 5464
2313 4987
2314 5253
2315 5920
2316 5557
2317 -994028
2318 5319
2319 4957
2320 5054
2321 6927
2322 5275
2323 5479
2324 5428
2325 6602
2326 5349
2327 5782
2328 4960
2329 4967
2330 5101
2331 6875
2332 5268
2333 5099
2334 5506
2335 5520
2336 5122
2337 5842
2338 6142
2339 5456
2340 5621
2341 5052
2342 6200
2343 6418
2344 5903
2345 5181
2346 5840
2347 5829
2348 5205
2349 5085
2350 5468
2351 5079
2352 6276
2353 5953
2354 5837
2355 5687
2356 5076
2357 5670
2358 5090
2359 5226
2360 6884
2361 6653
2362 4969
2363 5585
2364 5321
2365 5531
2366 5418
2367 5440
2368 6228
2369 5452
2370 5333
2371 5204
2372 5713
2373 4971
2374 5094
2375 5172
2376 5706
2377 5211
2378 6640
2379 5543
2380 7108
2381 5453
2382 5696
2383 6076
2384 6497
2385 5543
2386 4960
2387 5468
2388 5086
2389 5958
2390 4967
2391 6148
2392 5610
2393 5626
2394 6582
2395 6147
2396 5710
2397 6018
2398 5334
2399 6000
2400 5459
2401 5666
2402 5208
2403 5574
2404 5592
2405 5979
2406 5334
2407 5067
2408 6334
2409 6007
2410 5147
2411 5089
2412 5093
2413 6452
2414 5455
2415 6730
2416 5195
2417 5463
2418 5101
2419 5102
2420 5718
2421 5424
2422 5350
2423 5194
2424 5703
2425 5404
2426 5401
2427 5712
2428 5271
2429 5896
2430 5838
2431 6098
2432 10959
2433 6568
2434 5338
2435 5119
2436 5457
2437 5289
2438 6209
2439 6715
2440 5506
2441 5548
2442 6212
2443 5247
2444 5690
2445 5937
2446 5330
2447 6454
2448 5216
2449 5714
2450 4949
2451 6724
2452 5470
2453 5799
2454 5332
2455 5214
2456 5324
2457 5712
2458 4967
2459 5466
2460 5708
2461 4946
2462 5912
2463 5549
2464 5048
2465 5736
2466 6069
2467 4949
2468 6136
2469 6535
2470 5972
2471 5085
2472 5326
2473 5737
2474 5326
2475 5980
2476 5434
2477 5458
2478 5897
2479 5909
2480 5702
2481 5233
2482 5290
2483 5860
2484 5858
2485 5094
2486 5993
2487 7174
2488 5198
2489 5700
2490 5474
2491 5119
2492 6348
2493 -994689
2494 5772
2495 5650
2496 6207
2497 5246
2498 6022
2499 5105
2500 5011
2501 5170
2502 5384
2503 5341
2504 5842
2505 7124
2506 5908
2507 6157
2508 5275
2509 6026
2510 5115
2511 7543
2512 6116
2513 5518
2514 6606
2515 5592
2516 5651
2517 5423
2518 5409
2519 6148
2520 6456
2521 5814
2522 7876
2523 6236
2524 5429
2525 5660
2526 5656
2527 5235
2528 5158
2529 6030
2530 5146
2531 5596
2532 5479
2533 5761
2534 6212
2535 5174
2536 6309
2537 6453
2538 5094
2539 6738
2540 6276
2541 5548
2542 6064
2543 5794
2544 5748
2545 5395
2546 5998
2547 5491
2548 6674
2549 5333
2550 5749
2551 5104
2552 5360
2553 5021
2554 6562
2555 5954
2556 6246
2557 6970
2558 5663
2559 5331
2560 5104
2561 6004
2562 5274
2563 5862
2564 6295
2565 6045
2566 6600
2567 5304
2568 6429
2569 6641
2570 5725
2571 6425
2572 6306
2573 5397
2574 5907
2575 5830
2576 4952
2577 5964
2578 6229
2579 5472
2580 6045
2581 5477
2582 5837
2583 5892
2584 5848
2585 5069
2586 5708
2587 6687
2588 5570
2589 5097
2590 6570
2591 7366
2592 6631
2593 5422
2594 5442
2595 5076
2596 5633
2597 5158
2598 6359
2599 6352
2600 6971
2601 5324
2602 5700
2603 6191
2604 7486
2605 5739
2606 5810
2607 5331
2608 6591
2609 6194
2610 5203
2611 6701
2612 5493
2613 4974
2614 5780
2615 5710
2616 5730
2617 5564
2618 6571
2619 5214
2620 6137
2621 6517
2622 7344
2623 5094
2624 5200
2625 6711
2626 5654
2627 5806
2628 5410
2629 5739
2630 5328
2631 5481
2632 5290
2633 5004
2634 5307
2635 5704
2636 6195
2637 6072
2638 5477
2639 7205
2640 6264
2641 5916
2642 6989
2643 7426
2644 6951
2645 5583
2646 6102
2647 5385
2648 5766
2649 5960
2650 5972
2651 6273
2652 5193
2653 5411
2654 5442
2655 5415
2656 4980
2657 6402
2658 5320
2659 6139
2660 6444
2661 5140
2662 -994145
2663 5686
2664 6853
2665 5840
2666 5793
2667 5932
2668 5235
2669 5577
2670 5819
2671 5368
2672 7279
2673 5239
2674 6370
2675 5516
2676 5805
2677 6497
2678 6135
2679 6230
2680 6911
2681 6416
2682 6788
2683 6348
2684 6669
2685 6338
2686 6911
2687 5429
2688 6296
2689 5244
2690 5354
2691 7977
2692 5870
2693 5842
2694 5701
2695 5656
2696 5164
2697 5194
2698 5301
2699 5049
2700 5754
2701 5380
2702 5381
2703 5041
2704 5089
2705 6210
2706 5790
2707 5331
2708 4938
2709 5888
2710 5604
2711 6318
2712 6547
2713 6643
2714 5534
2715 6814
2716 5578
2717 5960
2718 7065
2719 6412
2720 5357
2721 5616
2722 5242
2723 5007
2724 5772
2725 5094
2726 5756
2727 5091
2728 6568
2729 5691
2730 4956
2731 5125
2732 6314
2733 5565
2734 5737
2735 6768
2736 5749
2737 6427
2738 5591
2739 5687
2740 5865
2741 6049
2742 5279
2743 5203
2744 5964
2745 5485
2746 5867
2747 6282
2748 5580
2749 5846
2750 6210
2751 5312
2752 6005
2753 5303
2754 5833
2755 6228
2756 5696
2757 5305
2758 6217
2759 6136
2760 6547
2761 7974
2762 6296
2763 7605
2764 5605
2765 7411
2766 6469
2767 5495
2768 5712
2769 5293
2770 5755
2771 5544
2772 4942
2773 5212
2774 6377
2775 5703
2776 6790
2777 5640
2778 5423
2779 5461
2780 6479
2781 6050
2782 5477
2783 5329
2784 5456
2785 5187
2786 5348
2787 5731
2788 5313
2789 5082
2790 5764
2791 5654
2792 5723
2793 5445
2794 6376
2795 5299
2796 6122
2797 7062
2798 5096
2799 6922
2800 6565
2801 5327
2802 6693
2803 6962
2804 8118
2805 6385
2806 7425
2807 5292
2808 6449
2809 6738
2810 5519
2811 5285
2812 5157
2813 6086
2814 5894
2815 6471
2816 5910
2817 5325
2818 7031
2819 6384
2820 5491
2821 6171
2822 6170
2823 6066
2824 5312
2825 5187
2826 5330
2827 4947
2828 5572
2829 5234
2830 -994035
2831 5151
2832 7079
2833 4960
2834 6734
2835 8743
2836 7231
2837 6832
2838 5196
2839 5726
2840 4938
2841 5833
2842 5740
2843 7089
2844 6915
2845 5512
2846 5215
2847 5252
2848 6275
2849 6318
2850 5699
2851 5385
2852 5276
2853 6324
2854 6938
2855 5082
2856 5328
2857 5208
2858 5244
2859 5764
2860 5590
2861 5114
2862 5341
2863 5215
2864 5868
2865 5437
2866 5168
2867 7151
2868 5154
2869 4940
2870 5081
2871 6087
2872 4950
2873 5708
2874 5344
2875 5819
2876 6332
2877 5332
2878 5455
2879 5347
2880 5947
2881 5564
2882 5205
2883 5584
2884 5635
2885 6780
2886 5705
2887 5105
2888 5310
2889 5456
2890 5705
2891 5584
2892 6210
2893 5589
2894 6140
2895 5274
2896 5820
2897 6083
2898 5080
2899 5081
2900 5332
2901 5968
2902 5436
2903 9272
2904 5510
2905 6590
2906 6134
2907 5524
2908 5196
2909 4966
2910 5320
2911 5519
2912 5788
2913 5814
2914 5078
2915 5582
2916 5117
2917 5542
2918 5079
2919 5823
2920 5360
2921 6302
2922 5208
2923 5206
2924 5082
2925 5200
2926 4996
2927 5042
2928 5084
2929 5575
2930 5211
2931 5527
2932 5392
2933 6269
2934 5258
2935 5714
2936 5696
2937 6585
2938 4821
2939 7148
2940 5528
2941 5316
2942 6771
2943 19241
2944 12031
2945 5654
2946 6841
2947 6187
2948 5397
2949 5956
2950 5697
2951 6104
2952 5044
2953 6704
2954 5805
2955 5218
2956 5952
2957 6574
2958 6197
2959 5691
2960 6263
2961 5387
2962 5835
2963 5079
2964 5686
2965 5447
2966 6092
2967 5820
2968 6343
2969 5817
2970 8331
2971 5685
2972 5570
2973 6476
2974 6077
2975 6621
2976 5673
2977 6089
2978 5512
2979 5579
2980 5599
2981 5966
2982 6193
2983 5669
2984 5863
2985 6011
2986 5379
2987 7229
2988 5181
2989 6332
2990 6207
2991 5581
2992 5269
2993 5916
2994 6748
2995 5525
2996 6263
2997 5766
2998 -994416
2999 5699
3000 5709
3001 5467
3002 5944
3003 5190
3004 7231
3005 5943
3006 6507
3007 6086
3008 5998
3009 6131
3010 5282
3011 5753
3012 5532
3013 5071
3014 5466
3015 4939
3016 5531
3017 5507
3018 5462
3019 5070
3020 5699
3021 5207
3022 6847
3023 5188
3024 5127
3025 5580
3026 5844
3027 5268
3028 5579
3029 6192
3030 5579
3031 5258
3032 5608
3033 6676
3034 5286
3035 5380
3036 6470
3037 5791
3038 5927
3039 5459
3040 6209
3041 5646
3042 6510
3043 5829
3044 5078
3045 5091
3046 5197
3047 5205
3048 5095
3049 5443
3050 5565
3051 5458
3052 5394
3053 5704
3054 5422
3055 5797
3056 5575
3057 5194
3058 5209
3059 6082
3060 5856
3061 5056
3062 5583
3063 6099
3064 5563
3065 4831
3066 6457
3067 5581
3068 5211
3069 5454
3070 6335
3071 5849
3072 5917
3073 5716
3074 6384
3075 5150
3076 6714
3077 6079
3078 5961
3079 6007
3080 5397
3081 5949
3082 5694
3083 5082
3084 5855
3085 5932
3086 5583
3087 5708
3088 5091
3089 4944
3090 5082
3091 5326
3092 5141
3093 5648
3094 6957
3095 5709
3096 5078
3097 5644
3098 5776
3099 6264
3100 6411
3101 5060
3102 5206
3103 5081
3104 5080
3105 5209
3106 5137
3107 5273
3108 4969
3109 6067
3110 5080
3111 5960
3112 5579
3113 6580
3114 4831
3115 5336
3116 5090
3117 4954
3118 5259
3119 5266
3120 6333
3121 5085
3122 5983
3123 5675
3124 5195
3125 5083
3126 5462
3127 5821
3128 5082
3129 5330
3130 5210
3131 7079
3132 5331
3133 6336
3134 5222
3135 6502
3136 5394
3137 5334
3138 5580
3139 6066
3140 5331
3141 5083
3142 5331
3143 4974
3144 4943
3145 5822
3146 5329
3147 5474
3148 5689
3149 5707
3150 6581
3151 5961
3152 5462
3153 6616
3154 6033
3155 5335
3156 4948
3157 5463
3158 5512
3159 5525
3160 5330
3161 5083
3162 5332
3163 5076
3164 5081
3165 5583
3166 6207
3167 5082
3168 6083
3169 6144
3170 5712
3171 5518
3172 5451
3173 5333
3174 6604
3175 -994441
3176 5959
3177 5236
3178 5048
3179 5526
3180 6443
3181 5149
3182 6399
3183 5515
3184 5205
3185 5331
3186 6833
3187 5692
3188 5349
3189 6522
3190 5252
3191 5334
3192 5580
3193 5332
3194 5957
3195 5583
3196 5578
3197 5583
3198 5327
3199 6333
3200 5748
3201 5923
3202 5666
3203 6850
3204 5530
3205 5255
3206 5585
3207 5976
3208 5216
3209 5297
3210 5270
3211 6036
3212 5318
3213 5082
3214 5084
3215 5708
3216 5703
3217 5081
3218 5957
3219 5083
3220 5082
3221 5583
3222 6214
3223 5196
3224 5358
3225 5635
3226 5382
3227 5693
3228 5900
3229 6139
3230 6780
3231 6036
3232 5189
3233 5574
3234 5079
3235 5331
3236 5900
3237 5266
3238 5462
3239 5452
3240 6345
3241 5315
3242 5339
3243 6073
3244 5588
3245 4946
3246 5717
3247 6071
3248 5083
3249 5326
3250 4976
3251 5971
3252 5297
3253 5457
3254 5944
3255 5839
3256 5696
3257 5587
3258 6220
3259 5311
3260 5367
3261 5420
3262 5580
3263 5846
3264 5439
3265 5197
3266 6459
3267 5076
3268 6090
3269 6077
3270 5075
3271 5086
3272 5573
3273 5089
3274 4948
3275 5964
3276 6571
3277 5210
3278 5079
3279 4959
3280 5643
3281 5145
3282 5988
3283 5044
3284 6081
3285 4944
3286 5344
3287 5715
3288 5635
3289 5504
3290 5462
3291 5328
3292 5706
3293 5761
3294 5899
3295 6958
3296 5604
3297 5779
3298 5360
3299 5461
3300 5093
3301 5316
3302 5983
3303 4932
3304 5532
3305 6949
3306 5137
3307 5645
3308 5434
3309 6557
3310 5422
3311 5462
3312 5079
3313 6208
3314 5832
3315 4950
3316 5259
3317 5144
3318 6327
3319 5845
3320 5066
3321 4942
3322 5211
3323 5077
3324 5455
3325 5148
3326 6268
3327 5263
3328 5777
3329 5081
3330 5709
3331 6455
3332 5456
3333 6582
3334 5082
3335 5084
3336 6398
3337 5156
3338 5067
3339 4956
3340 5870
3341 6168
3342 4954
3343 5900
3344 5268
3345 5833
3346 5331
3347 4959
3348 6023
3349 6787
3350 5189
3351 5456
3352 -994667
3353 5213
3354 5893
3355 6142
3356 4958
3357 5963
3358 6772
3359 5265
3360 6086
3361 5197
3362 5086
3363 5196
3364 6269
3365 6148
3366 5834
3367 5956
3368 5844
3369 5436
3370 5762
3371 6544
3372 5572
3373 5814
3374 5325
3375 4980
3376 5187
3377 5329
3378 6331
3379 5772
3380 5530
3381 5940
3382 5329
3383 6330
3384 4952
3385 6084
3386 5331
3387 5083
3388 5517
3389 5400
3390 5083
3391 5960
3392 6704
3393 5340
3394 4953
3395 5085
3396 5203
3397 5207
3398 4957
3399 6333
3400 5456
3401 4960
3402 6522
3403 5153
3404 6576
3405 5696
3406 5901
3407 5402
3408 7127
3409 5145
3410 4829
3411 5081
3412 6358
3413 6060
3414 5459
3415 5704
3416 5083
3417 5330
3418 5585
3419 5724
3420 5192
3421 5581
3422 6333
3423 5712
3424 5706
3425 6648
3426 5266
3427 5083
3428 5958
3429 5333
3430 5708
3431 5457
3432 5337
3433 5701
3434 5506
3435 5784
3436 6082
3437 5888
3438 5844
3439 7161
3440 5794
3441 6093
3442 5078
3443 5207
3444 4957
3445 4958
3446 5706
3447 5083
3448 6583
3449 5086
3450 5332
3451 4962
3452 5454
3453 5832
3454 5456
3455 5210
3456 5330
3457 4958
3458 6708
3459 5834
3460 5956
3461 5647
3462 5898
3463 5204
3464 5582
3465 4962
3466 6078
3467 5142
3468 5400
3469 5337
3470 5080
3471 5396
3472 6145
3473 5584
3474 5350
3475 5312
3476 6703
3477 5334
3478 5271
3479 5518
3480 5207
3481 5207
3482 5233
3483 5687
3484 5077
3485 5331
3486 5337
3487 5479
3488 5185
3489 6655
3490 5259
3491 4957
3492 5087
3493 5709
3494 5959
3495 6322
3496 6571
3497 5334
3498 5504
3499 5286
3500 6208
3501 5328
3502 5084
3503 5483
3504 5305
3505 5458
3506 6352
3507 5494
3508 5388
3509 5706
3510 5707
3511 6267
3512 5153
3513 5945
3514 5653
3515 5824
3516 5400
3517 5508
3518 5402
3519 5325
3520 4961
3521 6212
3522 6146
3523 6122
3524 5375
3525 5284
3526 6349
3527 5809
3528 5525
3529 -993521
3530 6958
3531 5398
3532 5884
3533 5106
3534 5953
3535 6150
3536 6374
3537 5444
3538 5542
3539 6190
3540 5405
3541 5585
3542 5781
3543 5661
3544 5386
3545 6376
3546 6407
3547 5916
3548 7497
3549 5306
3550 5347
3551 5317
3552 5309
3553 4940
3554 4940
3555 5728
3556 5169
3557 5442
3558 5934
3559 5070
3560 5814
3561 5343
3562 5865
3563 5365
3564 5563
3565 5315
3566 6516
3567 5114
3568 5071
3569 5560
3570 5068
3571 5761
3572 5250
3573 5308
3574 5803
3575 5894
3576 5489
3577 5191
3578 5945
3579 5188
3580 5195
3581 5312
3582 5504
3583 5380
3584 6697
3585 5824
3586 5178
3587 5073
3588 5697
3589 5576
3590 5699
3591 5575
3592 4954
3593 5699
3594 5324
3595 5076
3596 6572
3597 5331
3598 5317
3599 5572
3600 5344
3601 5624
3602 7485
3603 5595
3604 5326
3605 5576
3606 4955
3607 5965
3608 5727
3609 6263
3610 5197
3611 5957
3612 5076
3613 5951
3614 5476
3615 5309
3616 5201
3617 5582
3618 5200
3619 5620
3620 5041
3621 6323
3622 5577
3623 5579
3624 5580
3625 5573
3626 5079
3627 5353
3628 5057
3629 5825
3630 6018
3631 5383
3632 5346
3633 5683
3634 6413
3635 5485
3636 5582
3637 5704
3638 5325
3639 5836
3640 6197
3641 5330
3642 5077
3643 5076
3644 6104
3645 5302
3646 4955
3647 5356
3648 5421
3649 5517
3650 5639
3651 5103
3652 5424
3653 6271
3654 6007
3655 5199
3656 5077
3657 6211
3658 5445
3659 5327
3660 5203
3661 5327
3662 6323
3663 5207
3664 6251
3665 5779
3666 5917
3667 5615
3668 5450
3669 5955
3670 5331
3671 5076
3672 5516
3673 5267
3674 6897
3675 6515
3676 6520
3677 5395
3678 5062
3679 5576
3680 5212
3681 5070
3682 6330
3683 6074
3684 5955
3685 5078
3686 5201
3687 5578
3688 5079
3689 6147
3690 5384
3691 5328
3692 5576
3693 5952
3694 5606
3695 5447
3696 5049
3697 5579
3698 5454
3699 5079
3700 7078
3701 5079
3702 5969
3703 5315
3704 5082
3705 5586
3706 -994551
3707 5090
3708 5317
3709 5340
3710 5779
3711 5686
3712 6282
3713 5653
3714 5481
3715 5577
3716 6689
3717 5523
3718 5642
3719 5903
3720 5454
3721 5815
3722 6202
3723 6818
3724 5769
3725 5448
3726 5457
3727 5294
3728 6488
3729 7274
3730 5341
3731 5405
3732 5236
3733 5505
3734 5308
3735 5443
3736 5311
3737 5449
3738 6175
3739 5440
3740 5067
3741 5569
3742 5071
3743 5996
3744 5497
3745 5696
3746 5077
3747 7589
3748 5669
3749 5628
3750 5256
3751 5819
3752 5334
3753 5676
3754 5066
3755 5441
3756 5693
3757 6207
3758 5418
3759 6204
3760 5057
3761 6591
3762 5882
3763 6296
3764 6690
3765 5367
3766 6604
3767 5222
3768 5578
3769 5672
3770 5620
3771 5503
3772 6262
3773 5113
3774 5998
3775 5115
3776 5061
3777 5445
3778 5066
3779 6069
3780 5062
3781 5184
3782 4815
3783 5940
3784 5317
3785 5064
3786 5197
3787 5943
3788 6400
3789 5236
3790 5197
3791 5310
3792 5069
3793 6073
3794 5099
3795 5523
3796 5308
3797 5197
3798 5855
3799 6207
3800 5381
3801 6672
3802 5415
3803 6090
3804 5317
3805 5066
3806 5518
3807 6250
3808 5303
3809 5437
3810 5316
3811 5853
3812 5316
3813 5149
3814 5682
3815 5199
3816 5435
3817 6685
3818 5319
3819 6080
3820 5421
3821 5056
3822 5573
3823 5058
3824 5201
3825 6056
3826 5069
3827 5728
3828 5029
3829 5436
3830 5065
3831 5073
3832 5674
3833 5718
3834 5162
3835 5319
3836 5559
3837 6072
3838 6478
3839 5030
3840 6065
3841 5056
3842 5574
3843 5432
3844 5567
3845 5344
3846 5546
3847 5945
3848 5305
3849 5564
3850 5465
3851 5862
3852 5946
3853 5741
3854 5190
3855 5479
3856 7059
3857 5289
3858 5891
3859 5637
3860 6447
3861 5796
3862 5305
3863 6569
3864 5316
3865 5195
3866 5439
3867 5066
3868 5571
3869 5571
3870 5809
3871 5567
3872 5396
3873 7221
3874 5468
3875 5880
3876 6197
3877 5111
3878 4942
3879 5684
3880 4945
3881 5312
3882 -994554
3883 4937
3884 5474
3885 5168
3886 5056
3887 5078
3888 5054
3889 5074
3890 5754
3891 5250
3892 7262
3893 5623
3894 5321
3895 5066
3896 4939
3897 6318
3898 4948
3899 5312
3900 5261
3901 5254
3902 5317
3903 4945
3904 5122
3905 5759
3906 4934
3907 5065
3908 6317
3909 6132
3910 5757
3911 5941
3912 5819
3913 5326
3914 4930
3915 6570
3916 5687
3917 6073
3918 5694
3919 5433
3920 5074
3921 5432
3922 5202
3923 4939
3924 5690
3925 6058
3926 5073
3927 5307
3928 5201
3929 6753
3930 5949
3931 5503
3932 5057
3933 5944
3934 5257
3935 5512
3936 5180
3937 5309
3938 5072
3939 5062
3940 4948
3941 5357
3942 5396
3943 5567
3944 5319
3945 5067
3946 6406
3947 6627
3948 5194
3949 5431
3950 5057
3951 4942
3952 5066
3953 4944
3954 5068
3955 5324
3956 5461
3957 5049
3958 5086
3959 5053
3960 6383
3961 5246
3962 4935
3963 5067
3964 5443
3965 5639
3966 7498
3967 5487
3968 5029
3969 5372
3970 5253
3971 5567
3972 5520
3973 5366
3974 5696
3975 5256
3976 6420
3977 5154
3978 6191
3979 5058
3980 4944
3981 5567
3982 5971
3983 4921
3984 4938
3985 7002
3986 5302
3987 5971
3988 5252
3989 5064
3990 5443
3991 6195
3992 5767
3993 5367
3994 5843
3995 5738
3996 5561
3997 6507
3998 5065
3999 5566
4000 5695
4001 5890
4002 7219
4003 5098
4004 5311
4005 5193
4006 5083
4007 4921
4008 5692
4009 5319
4010 4977
4011 5407
4012 5446
4013 5574
4014 5180
4015 5317
4016 5075
4017 4938
4018 5695
4019 5509
4020 5879
4021 7315
4022 5069
4023 5071
4024 4941
4025 5815
4026 5731
4027 5280
4028 4941
4029 5327
4030 5517
4031 5110
4032 4950
4033 5059
4034 5778
4035 5482
4036 5317
4037 5513
4038 5880
4039 5627
4040 6001
4041 5441
4042 5441
4043 4941
4044 4946
4045 5067
4046 5070
4047 5075
4048 5380
4049 5901
4050 5542
4051 5195
4052 5945
4053 5308
4054 5443
4055 5570
4056 5695
4057 6393
4058 6370
4059 6015
4060 5621
4061 5257
4062 -994494
4063 5939
4064 4947
4065 5197
4066 6085
4067 5549
4068 5939
4069 5569
4070 5697
4071 4937
4072 6445
4073 5567
4074 5074
4075 5441
4076 7206
4077 5307
4078 5071
4079 5067
4080 5070
4081 5072
4082 5314
4083 6196
4084 5313
4085 4943
4086 5439
4087 5443
4088 5892
4089 5988
4090 5330
4091 5847
4092 5538
4093 4912
4094 5072
4095 6445
4096 5194
4097 5577
4098 4936
4099 4945
4100 5690
4101 5324
4102 5378
4103 5385
4104 5060
4105 5695
4106 5369
4107 5138
4108 5453
4109 5310
4110 5202
4111 5560
4112 5243
4113 5024
4114 6695
4115 5068
4116 5946
4117 4980
4118 5277
4119 5066
4120 5701
4121 5688
4122 5319
4123 5821
4124 5776
4125 5738
4126 5067
4127 5822
4128 5317
4129 5821
4130 5443
4131 5193
4132 6572
4133 4947
4134 4947
4135 4943
4136 5697
4137 4952
4138 5438
4139 6071
4140 5069
4141 5074
4142 5443
4143 5201
4144 5563
4145 5238
4146 5151
4147 5457
4148 5430
4149 5576
4150 5436
4151 5727
4152 5559
4153 6823
4154 5797
4155 4937
4156 5577
4157 5436
4158 6478
4159 5139
4160 5208
4161 5057
4162 5065
4163 6386
4164 5378
4165 5998
4166 5760
4167 5726
4168 5532
4169 6449
4170 5192
4171 5319
4172 6018
4173 5370
4174 6191
4175 5061
4176 6074
4177 5436
4178 5325
4179 5188
4180 5444
4181 5066
4182 14577
4183 5185
4184 5200
4185 5076
4186 6678
4187 5076
4188 5555
4189 5819
4190 5949
4191 5068
4192 5068
4193 5701
4194 6137
4195 5439
4196 4983
4197 5071
4198 5445
4199 5321
4200 4949
4201 5316
4202 5706
4203 5057
4204 6239
4205 5399
4206 5440
4207 5434
4208 5949
4209 4954
4210 4931
4211 5065
4212 5998
4213 5271
4214 5070
4215 4932
4216 5396
4217 5288
4218 5405
4219 5821
4220 7011
4221 5498
4222 5586
4223 6423
4224 5319
4225 5437
4226 5707
4227 5305
4228 5576
4229 5186
4230 5327
4231 6011
4232 5994
4233 5068
4234 5342
4235 5547
4236 6573
4237 5191
4238 5446
4239 5196
4240 5822
4241 -993426
4242 5325
4243 5434
4244 5771
4245 5121
4246 5069
4247 5449
4248 5444
4249 5070
4250 5440
4251 5072
4252 5945
4253 5693
4254 5319
4255 5201
4256 5190
4257 5070
4258 5071
4259 5073
4260 6445
4261 5053
4262 5341
4263 5446
4264 6058
4265 5448
4266 4982
4267 5287
4268 6434
4269 5445
4270 6069
4271 5437
4272 5324
4273 5581
4274 5561
4275 6061
4276 5697
4277 6623
4278 6134
4279 5831
4280 5319
4281 4932
4282 5180
4283 5453
4284 5063
4285 5488
4286 5027
4287 5320
4288 4940
4289 5451
4290 5066
4291 5569
4292 5457
4293 5550
4294 5582
4295 6257
4296 6618
4297 5308
4298 5200
4299 4939
4300 5320
4301 5950
4302 5303
4303 5455
4304 5057
4305 5076
4306 6063
4307 5078
4308 5442
4309 6060
4310 5518
4311 5915
4312 5344
4313 5527
4314 5256
4315 6679
4316 5763
4317 5204
4318 5714
4319 5322
4320 7083
4321 5840
4322 6780
4323 5543
4324 5813
4325 6422
4326 5492
4327 5138
4328 7526
4329 6401
4330 6506
4331 6477
4332 5496
4333 5297
4334 7963
4335 6273
4336 5844
4337 5504
4338 5152
4339 5748
4340 6396
4341 5818
4342 5091
4343 5374
4344 5085
4345 5200
4346 5470
4347 4966
4348 6076
4349 6713
4350 5340
4351 5079
4352 5962
4353 5332
4354 5468
4355 5647
4356 5389
4357 5722
4358 5583
4359 5912
4360 5503
4361 5281
4362 5275
4363 4946
4364 4960
4365 5474
4366 6116
4367 6060
4368 5364
4369 5264
4370 5682
4371 5717
4372 5340
4373 5297
4374 5328
4375 5682
4376 5361
4377 5226
4378 6233
4379 5762
4380 5546
4381 5802
4382 6111
4383 5599
4384 5632
4385 6870
4386 5619
4387 5622
4388 5741
4389 6223
4390 5413
4391 5283
4392 5700
4393 5660
4394 4948
4395 5338
4396 6430
4397 6870
4398 5679
4399 5400
4400 5417
4401 6318
4402 5089
4403 6323
4404 5294
4405 5055
4406 5231
4407 5546
4408 6564
4409 5453
4410 5160
4411 6247
4412 5569
4413 5331
4414 5326
4415 5079
4416 6281
4417 5251
4418 5709
4419 6519
4420 5303
4421 6469
4422 5640
4423 5666
4424 5615
4425 5280
4426 6719
4427 5100
4428 5264
4429 5324
4430 6102
4431 6183
4432 5226
4433 5809
4434 6562
4435 5465
4436 5214
4437 5446
4438 5266
4439 6646
4440 5702
4441 5829
4442 6077
4443 5233
4444 6459
4445 6359
4446 5384
4447 5891
4448 5266
4449 5456
4450 5519
4451 5536
4452 6052
4453 5322
4454 5083
4455 5366
4456 7217
4457 5986
4458 5393
4459 5004
4460 6421
4461 5226
4462 5660
4463 5444
4464 5334
4465 5083
4466 5080
4467 5334
4468 4960
4469 6203
4470 5331
4471 4834
4472 5763
4473 6099
4474 5704
4475 6390
4476 5475
4477 5468
4478 5377
4479 5589
4480 5661
4481 5766
4482 5965
4483 5209
4484 5087
4485 5344
4486 5461
4487 5395
4488 5405
4489 5840
4490 5476
4491 5448
4492 5215
4493 6712
4494 5711
4495 5101
4496 5451
4497 4837
4498 5466
4499 5084
4500 5841
4501 4966
4502 5836
4503 5210
4504 6465
4505 4969
4506 5204
4507 6459
4508 5592
4509 6209
4510 5503
4511 6352
4512 6228
4513 5769
4514 5091
4515 5586
4516 5587
4517 6391
4518 5420
4519 5105
4520 5316
4521 5336
4522 5086
4523 5080
4524 4944
4525 6016
4526 5116
4527 5450
4528 6061
4529 6718
4530 5652
4531 7291
4532 5804
4533 5839
4534 5476
4535 5691
4536 5684
4537 4961
4538 6218
4539 6907
4540 5399
4541 5002
4542 5813
4543 5626
4544 5372
4545 9237
4546 6441
4547 6123
4548 5287
4549 4929
4550 5727
4551 5229
4552 5008
4553 5815
4554 5648
4555 7505
4556 6025
4557 6255
4558 6084
4559 5789
4560 5393
4561 5305
4562 5553
4563 4944
4564 6716
4565 6124
4566 5208
4567 5105
4568 6076
4569 5566
4570 5082
4571 4941
4572 5442
4573 5224
4574 5610
4575 5385
4576 4963
4577 5858
4578 5068
4579 6272
4580 5835
4581 5646
4582 6970
4583 6336
4584 5508
4585 5391
4586 5204
4587 4951
4588 5344
4589 5876
4590 5710
4591 -994912
4592 5089
4593 5337
4594 5587
4595 5461
4596 4963
4597 5097
4598 5461
4599 5826
4600 4962
4601 6841
4602 5457
4603 5659
4604 5951
4605 6437
4606 5575
4607 6072
4608 6055
4609 5753
4610 5554
4611 5095
4612 5851
4613 5520
4614 6139
4615 5298
4616 5080
4617 5085
4618 7230
4619 6252
4620 5405
4621 5984
4622 5114
4623 6210
4624 5210
4625 5188
4626 5877
4627 5955
4628 5173
4629 4962
4630 5086
4631 5096
4632 5329
4633 5491
4634 5430
4635 5591
4636 5091
4637 6327
4638 5753
4639 5048
4640 5220
4641 5752
4642 5411
4643 5091
4644 4960
4645 5090
4646 5839
4647 5085
4648 5464
4649 5220
4650 5077
4651 6404
4652 5398
4653 5765
4654 5286
4655 6208
4656 5089
4657 7089
4658 5218
4659 5077
4660 5595
4661 5706
4662 5528
4663 5391
4664 6341
4665 6586
4666 5091
4667 5335
4668 5336
4669 5112
4670 5685
4671 5337
4672 5222
4673 6324
4674 5716
4675 4963
4676 5839
4677 5082
4678 5463
4679 4961
4680 4982
4681 5319
4682 5090
4683 5211
4684 5088
4685 5354
4686 5735
4687 5546
4688 5090
4689 5085
4690 5463
4691 5215
4692 6352
4693 5196
4694 5845
4695 5654
4696 6847
4697 5495
4698 6481
4699 5567
4700 5464
4701 5337
4702 5717
4703 6092
4704 5584
4705 5082
4706 5330
4707 5089
4708 5971
4709 5075
4710 7277
4711 5399
4712 5340
4713 5085
4714 5461
4715 5745
4716 6188
4717 6079
4718 5461
4719 5338
4720 5242
4721 5825
4722 5605
4723 5181
4724 5453
4725 5713
4726 5589
4727 5655
4728 6269
4729 5626
4730 5427
4731 5140
4732 6194
4733 5296
4734 5083
4735 5714
4736 6337
4737 5838
4738 4966
4739 4967
4740 4962
4741 6902
4742 5508
4743 5718
4744 5452
4745 6088
4746 6343
4747 5859
4748 5314
4749 5086
4750 5462
4751 5587
4752 4962
4753 5463
4754 5482
4755 5189
4756 4972
4757 5084
4758 6203
4759 5713
4760 5085
4761 5712
4762 4962
4763 5091
4764 5460
4765 6605
4766 6315
4767 6216
4768 5087
4769 6012
4770 -994712
4771 5462
4772 5216
4773 5400
4774 5027
4775 5230
4776 5239
4777 5414
4778 4956
4779 5360
4780 5566
4781 5342
4782 5462
4783 7602
4784 5206
4785 5090
4786 5698
4787 5096
4788 5338
4789 5533
4790 5674
4791 5588
4792 5561
4793 5660
4794 5072
4795 5603
4796 5298
4797 5997
4798 5448
4799 5600
4800 5558
4801 5670
4802 5892
4803 4932
4804 5307
4805 5324
4806 5226
4807 5312
4808 5706
4809 5258
4810 6886
4811 5930
4812 5588
4813 5735
4814 5567
4815 5798
4816 5700
4817 5432
4818 6212
4819 6423
4820 5854
4821 4972
4822 5538
4823 5566
4824 4937
4825 4942
4826 5940
4827 6076
4828 5097
4829 5144
4830 5992
4831 5361
4832 5112
4833 5266
4834 5615
4835 6508
4836 5948
4837 6827
4838 6370
4839 5137
4840 5042
4841 5071
4842 5928
4843 5255
4844 5425
4845 5217
4846 5187
4847 5856
4848 5239
4849 5816
4850 5447
4851 5323
4852 6249
4853 5246
4854 5186
4855 5819
4856 6568
4857 5316
4858 5062
4859 6282
4860 5223
4861 4941
4862 5530
4863 5463
4864 5643
4865 5793
4866 5349
4867 5794
4868 5891
4869 5156
4870 5329
4871 5380
4872 5707
4873 5770
4874 6541
4875 5045
4876 5147
4877 5388
4878 5082
4879 5327
4880 5706
4881 5079
4882 5579
4883 5333
4884 5326
4885 5150
4886 5386
4887 5211
4888 6410
4889 6111
4890 5641
4891 5715
4892 6128
4893 5338
4894 5566
4895 5080
4896 5203
4897 6578
4898 5280
4899 5381
4900 5497
4901 5784
4902 5080
4903 5332
4904 5328
4905 5080
4906 6820
4907 4956
4908 5081
4909 5077
4910 5208
4911 6756
4912 5400
4913 5843
4914 5637
4915 5585
4916 5378
4917 5579
4918 5328
4919 5652
4920 6150
4921 5805
4922 5339
4923 4951
4924 5334
4925 5074
4926 4959
4927 5647
4928 6530
4929 6814
4930 5594
4931 5188
4932 5322
4933 5340
4934 5079
4935 5698
4936 5695
4937 6081
4938 5328
4939 5334
4940 5608
4941 6122
4942 5706
4943 5626
4944 5087
4945 5702
4946 5330
4947 6326
4948 -994543
4949 5075
4950 6660
4951 5382
4952 5136
4953 5400
4954 5642
4955 5393
4956 5193
4957 5090
4958 5071
4959 5709
4960 5579
4961 5437
4962 4971
4963 5333
4964 5836
4965 4944
4966 7086
4967 6196
4968 5709
4969 5701
4970 5837
4971 4953
4972 5321
4973 5338
4974 5820
4975 6108
4976 5453
4977 5693
4978 6473
4979 5597
4980 5317
4981 5032
4982 6415
4983 6373
4984 5787
4985 5996
4986 5867
4987 5529
4988 5490
4989 5154
4990 5169
4991 5719
4992 5623
4993 5778
4994 5799
4995 5156
4996 5428
4997 5168
4998 5563
4999 6188
5000 5930
5001 6699
5002 5518
5003 5150
5004 5011
5005 5674
5006 5519
5007 5664
5008 5050
5009 5201
5010 5283
5011 5322
5012 5997
5013 5599
5014 5453
5015 5895
5016 5434
5017 5351
5018 5537
5019 8459
5020 5743
5021 6361
5022 5557
5023 5692
5024 5524
5025 5744
5026 5481
5027 5543
5028 6163
5029 5413
5030 5653
5031 5644
5032 5400
5033 5403
5034 5642
5035 5427
5036 5485
5037 7274
5038 5312
5039 4981
5040 6282
5041 5188
5042 5316
5043 5569
5044 5882
5045 5272
5046 5540
5047 5692
5048 5338
5049 5046
5050 5427
5051 5203
5052 5302
5053 5371
5054 5950
5055 6753
5056 4938
5057 5077
5058 6313
5059 5797
5060 5252
5061 5629
5062 5320
5063 6429
5064 5816
5065 5066
5066 6637
5067 5239
5068 5763
5069 5897
5070 5156
5071 6249
5072 5570
5073 7500
5074 5700
5075 5311
5076 5559
5077 4936
5078 4946
5079 5936
5080 5441
5081 5067
5082 5882
5083 5961
5084 5113
5085 5183
5086 5316
5087 5883
5088 5252
5089 5449
5090 5939
5091 6086
5092 5556
5093 5064
5094 5056
5095 5693
5096 5439
5097 6196
5098 6445
5099 6565
5100 5322
5101 5069
5102 4930
5103 5585
5104 5449
5105 5044
5106 5697
5107 5814
5108 5567
5109 6198
5110 5082
5111 5296
5112 5572
5113 5951
5114 6265
5115 5957
5116 5757
5117 6080
5118 5324
5119 5330
5120 5446
5121 6075
5122 6026
5123 5758
5124 -994736
5125 5760
5126 6093
5127 7635
5128 5249
5129 5326
5130 5707
5131 5323
5132 5828
5133 5201
5134 4954
5135 5702
5136 5210
5137 5193
5138 5076
5139 5647
5140 5379
5141 5650
5142 5381
5143 5067
5144 5874
5145 6281
5146 4942
5147 5327
5148 5079
5149 6350
5150 5427
5151 6585
5152 5425
5153 5184
5154 5085
5155 5197
5156 4821
5157 6707
5158 4950
5159 5078
5160 5204
5161 5472
5162 5061
5163 5202
5164 6456
5165 5467
5166 5284
5167 5343
5168 5325
5169 4956
5170 6088
5171 5463
5172 5876
5173 5863
5174 5390
5175 5619
5176 5184
5177 5459
5178 5964
5179 6216
5180 5463
5181 6255
5182 6988
5183 5515
5184 5268
5185 5780
5186 5840
5187 6211
5188 5343
5189 5082
5190 5720
5191 4957
5192 5712
5193 5703
5194 5069
5195 6551
5196 5530
5197 5586
5198 5740
5199 5798
5200 6201
5201 5835
5202 5114
5203 5243
5204 6302
5205 5436
5206 5652
5207 5407
5208 5325
5209 5078
5210 5337
5211 5338
5212 5145
5213 5404
5214 5338
5215 4964
5216 5641
5217 6788
5218 7079
5219 5712
5220 5091
5221 5085
5222 5593
5223 5333
5224 5588
5225 5749
5226 5053
5227 6652
5228 5446
5229 5666
5230 6280
5231 5261
5232 5694
5233 5075
5234 6127
5235 6001
5236 7960
5237 6607
5238 6548
5239 5941
5240 5628
5241 5125
5242 5449
5243 5451
5244 5311
5245 6044
5246 5977
5247 5317
5248 6062
5249 5237
5250 5313
5251 6038
5252 5488
5253 6810
5254 5354
5255 5516
5256 5465
5257 5088
5258 5087
5259 5217
5260 6462
5261 5149
5262 5525
5263 5085
5264 5336
5265 5718
5266 5709
5267 4991
5268 5562
5269 5234
5270 5419
5271 5105
5272 5947
5273 5820
5274 6269
5275 6278
5276 6055
5277 4962
5278 5531
5279 5297
5280 5752
5281 5037
5282 5070
5283 5213
5284 5718
5285 6260
5286 5288
5287 5586
5288 4964
5289 5716
5290 6585
5291 5292
5292 5629
5293 9965
5294 5328
5295 5122
5296 5054
5297 5951
5298 5589
5299 5557
5300 -994646
5301 6071
5302 5195
5303 5201
5304 5047
5305 5308
5306 5550
5307 5938
5308 6158
5309 6569
5310 5186
5311 5064
5312 5068
5313 5440
5314 5938
5315 5318
5316 4944
5317 5325
5318 5070
5319 5065
5320 6666
5321 5425
5322 5528
5323 5895
5324 5510
5325 5315
5326 6826
5327 5045
5328 5454
5329 5187
5330 5073
5331 5957
5332 5310
5333 5182
5334 5080
5335 5943
5336 5183
5337 5703
5338 5308
5339 5683
5340 5994
5341 4909
5342 6192
5343 5399
5344 6920
5345 5132
5346 5099
5347 4994
5348 5840
5349 5369
5350 5362
5351 5649
5352 5838
5353 5467
5354 5594
5355 5078
5356 5465
5357 5545
5358 5955
5359 5135
5360 5357
5361 5679
5362 5328
5363 6120
5364 5079
5365 5335
5366 5087
5367 5338
5368 6511
5369 5293
5370 6210
5371 5256
5372 6320
5373 5308
5374 6811
5375 6023
5376 5191
5377 5483
5378 5831
5379 6029
5380 6316
5381 5956
5382 5779
5383 5052
5384 5826
5385 5774
5386 5797
5387 5041
5388 5908
5389 5491
5390 5842
5391 5066
5392 5210
5393 5317
5394 5330
5395 5573
5396 5081
5397 5069
5398 5856
5399 6303
5400 5162
5401 5510
5402 5528
5403 5271
5404 5403
5405 5956
5406 6170
5407 5314
5408 5131
5409 5695
5410 5836
5411 5070
5412 5455
5413 5637
5414 5396
5415 5831
5416 6017
5417 8079
5418 5687
5419 5283
5420 5080
5421 5330
5422 4954
5423 5955
5424 5331
5425 5211
5426 5068
5427 5075
5428 6729
5429 5933
5430 5770
5431 6262
5432 5950
5433 5951
5434 6679
5435 5225
5436 5208
5437 5201
5438 5768
5439 5143
5440 5703
5441 5896
5442 5013
5443 5207
5444 5076
5445 5579
5446 5708
5447 5644
5448 5262
5449 4956
5450 5326
5451 5079
5452 5333
5453 6332
5454 5700
5455 5084
5456 5201
5457 5085
5458 6096
5459 5856
5460 5447
5461 6350
5462 6446
5463 5436
5464 5047
5465 6715
5466 5735
5467 5564
5468 5216
5469 5584
5470 5465
5471 6375
5472 5354
5473 5150
5474 5210
5475 5588
5476 5338
5477 5215
5478 -994912
5479 5464
5480 5712
5481 5839
5482 5734
5483 6068
5484 5335
5485 5985
5486 5438
5487 5216
5488 5462
5489 7586
5490 5964
5491 5591
5492 5213
5493 5529
5494 5145
5495 6334
5496 5214
5497 5466
5498 5209
5499 5465
5500 5463
5501 4962
5502 5089
5503 5463
5504 5508
5505 5178
5506 5836
5507 5323
5508 6348
5509 5076
5510 5712
5511 5090
5512 5085
5513 5091
5514 5234
5515 5315
5516 5262
5517 5551
5518 6342
5519 5345
5520 5335
5521 5455
5522 5463
5523 6007
5524 5802
5525 4984
5526 6330
5527 5687
5528 5227
5529 6486
5530 5144
5531 4850
5532 6247
5533 5265
5534 5780
5535 5102
5536 4978
5537 5446
5538 5506
5539 5544
5540 5693
5541 5302
5542 6122
5543 5597
5544 6799
5545 6278
5546 5487
5547 5674
5548 6080
5549 5976
5550 5181
5551 5705
5552 5453
5553 5759
5554 5724
5555 5629
5556 5434
5557 5590
5558 5009
5559 6030
5560 5612
5561 5056
5562 7325
5563 5328
5564 5333
5565 5952
5566 5078
5567 5902
5568 5009
5569 5097
5570 5909
5571 5630
5572 5890
5573 5824
5574 5757
5575 5580
5576 4954
5577 5829
5578 5988
5579 5275
5580 6368
5581 5050
5582 5084
5583 6071
5584 5080
5585 5079
5586 5080
5587 5641
5588 5399
5589 5521
5590 5258
5591 5067
5592 4958
5593 5770
5594 5843
5595 5397
5596 5566
5597 6476
5598 5561
5599 7274
5600 5764
5601 6210
5602 5700
5603 4962
5604 4952
5605 5081
5606 5090
5607 5471
5608 5562
5609 5573
5610 5332
5611 5319
5612 5097
5613 5497
5614 6685
5615 5422
5616 5450
5617 5717
5618 5329
5619 5610
5620 5539
5621 5960
5622 5577
5623 5084
5624 5878
5625 5981
5626 5812
5627 5269
5628 5090
5629 5260
5630 5622
5631 5326
5632 5087
5633 5079
5634 6075
5635 6460
5636 5642
5637 6546
5638 5055
5639 5882
5640 5520
5641 5633
5642 5419
5643 5502
5644 5530
5645 5066
5646 5210
5647 5075
5648 5458
5649 5081
5650 5088
5651 5078
5652 6332
5653 5703
5654 6197
5655 5834
5656 -994921
5657 5349
5658 5562
5659 5734
5660 5314
5661 5704
5662 5944
5663 5072
5664 5197
5665 5331
5666 5330
5667 5519
5668 5395
5669 5336
5670 5268
5671 5643
5672 6582
5673 5335
5674 5333
5675 5834
5676 6211
5677 6019
5678 5137
5679 5951
5680 5466
5681 5943
5682 5082
5683 5336
5684 5329
5685 5458
5686 5340
5687 5071
5688 4963
5689 5705
5690 4831
5691 6334
5692 5581
5693 5583
5694 5334
5695 6783
5696 5378
5697 4956
5698 5609
5699 5306
5700 5083
5701 5709
5702 4956
5703 5996
5704 5466
5705 5288
5706 5325
5707 5080
5708 5830
5709 5709
5710 5333
5711 5207
5712 6274
5713 5890
5714 5966
5715 5075
5716 4995
5717 5297
5718 5764
5719 5643
5720 5110
5721 5056
5722 7081
5723 5119
5724 5266
5725 6122
5726 5970
5727 6918
5728 5059
5729 5862
5730 6595
5731 6391
5732 5591
5733 5193
5734 5253
5735 6041
5736 6010
5737 6607
5738 5431
5739 5543
5740 6528
5741 5633
5742 5288
5743 5383
5744 6620
5745 5625
5746 5564
5747 5810
5748 5324
5749 5595
5750 5157
5751 5433
5752 5316
5753 5192
5754 5444
5755 4942
5756 5441
5757 6402
5758 5359
5759 5443
5760 4939
5761 5195
5762 7466
5763 5792
5764 7137
5765 5121
5766 5694
5767 5326
5768 5429
5769 5318
5770 6003
5771 5880
5772 5638
5773 5292
5774 6249
5775 5091
5776 5336
5777 5086
5778 4977
5779 6069
5780 7088
5781 5211
5782 5212
5783 5022
5784 5274
5785 5777
5786 5846
5787 5296
5788 5797
5789 5587
5790 6085
5791 5210
5792 5847
5793 5454
5794 5084
5795 5087
5796 5338
5797 5086
5798 6024
5799 6150
5800 5214
5801 5661
5802 5135
5803 5089
5804 5904
5805 5159
5806 5079
5807 5598
5808 5456
5809 5822
5810 5650
5811 5891
5812 5325
5813 5088
5814 5211
5815 5276
5816 5147
5817 6366
5818 6065
5819 5391
5820 5907
5821 6084
5822 5203
5823 5471
5824 6329
5825 5457
5826 5206
5827 5091
5828 5369
5829 5485
5830 5393
5831 5587
5832 4992
5833 -993995
5834 5391
5835 5078
5836 6095
5837 5220
5838 5927
5839 5967
5840 5264
5841 5400
5842 5865
5843 5435
5844 5204
5845 5719
5846 5332
5847 5468
5848 5199
5849 5110
5850 5439
5851 7033
5852 5394
5853 5081
5854 6521
5855 5402
5856 5214
5857 5074
5858 5994
5859 5053
5860 5091
5861 5089
5862 5629
5863 5465
5864 5452
5865 6163
5866 6144
5867 6310
5868 6023
5869 6476
5870 5578
5871 7249
5872 6053
5873 5693
5874 6496
5875 5268
5876 5500
5877 5811
5878 5088
5879 5875
5880 5267
5881 5482
5882 5639
5883 6669
5884 5798
5885 5254
5886 5909
5887 5199
5888 5034
5889 6339
5890 5515
5891 5352
5892 5401
5893 6133
5894 5425
5895 6744
5896 5602
5897 5452
5898 5165
5899 5156
5900 5495
5901 5443
5902 5681
5903 5192
5904 5192
5905 5862
5906 5291
5907 7310
5908 5160
5909 5052
5910 5500
5911 6149
5912 5942
5913 5683
5914 5176
5915 5563
5916 4947
5917 5411
5918 5052
5919 5575
5920 5301
5921 5700
5922 4979
5923 5272
5924 5804
5925 5330
5926 6294
5927 5059
5928 5829
5929 5171
5930 5084
5931 5164
5932 5088
5933 6168
5934 5987
5935 5896
5936 5054
5937 4809
5938 5704
5939 5676
5940 7311
5941 5445
5942 6176
5943 5202
5944 5676
5945 6933
5946 6622
5947 5233
5948 5056
5949 5579
5950 5048
5951 5316
5952 5464
5953 5537
5954 4993
5955 6298
5956 5044
5957 5068
5958 5409
5959 5439
5960 5188
5961 5258
5962 7208
5963 5353
5964 5069
5965 5438
5966 5069
5967 5686
5968 5687
5969 5070
5970 5940
5971 5952
5972 6051
5973 5885
5974 5464
5975 5819
5976 5853
5977 5381
5978 5207
5979 5799
5980 6761
5981 5205
5982 4929
5983 5072
5984 5721
5985 5227
5986 5060
5987 5954
5988 5057
5989 6075
5990 5300
5991 5749
5992 5871
5993 5059
5994 5574
5995 4935
5996 5445
5997 5336
5998 6418
5999 5687
6000 4931
6001 5825
6002 5464
6003 5910
6004 5488
6005 5267
6006 5467
6007 6045
6008 5174
6009 5316
6010 -994922
6011 5427
6012 5323
6013 5303
6014 4972
6015 5418
6016 5431
6017 6057
6018 6510
6019 5627
6020 5310
6021 5321
6022 5062
6023 5317
6024 6196
6025 5307
6026 5062
6027 4942
6028 5564
6029 5321
6030 5630
6031 5756
6032 5116
6033 5626
6034 5082
6035 6366
6036 5557
6037 5346
6038 5322
6039 5961
6040 5088
6041 6259
6042 5665
6043 6206
6044 5325
6045 5720
6046 5085
6047 5585
6048 5447
6049 5463
6050 5768
6051 5274
6052 5510
6053 6710
6054 5162
6055 5585
6056 5577
6057 5084
6058 5211
6059 4965
6060 5332
6061 6031
6062 5264
6063 5143
6064 5657
6065 5459
6066 5328
6067 5968
6068 5090
6069 5960
6070 4952
6071 5700
6072 7405
6073 5418
6074 5934
6075 5584
6076 5769
6077 5444
6078 5671
6079 5083
6080 5089
6081 4958
6082 5337
6083 5839
6084 5214
6085 5708
6086 5275
6087 5589
6088 6142
6089 5408
6090 6643
6091 5098
6092 5399
6093 5010
6094 5104
6095 5326
6096 5583
6097 5954
6098 6210
6099 5092
6100 5958
6101 5089
6102 5086
6103 5213
6104 5339
6105 5203
6106 5463
6107 5336
6108 5339
6109 5842
6110 5077
6111 5214
6112 6336
6113 5100
6114 5577
6115 5958
6116 5604
6117 5065
6118 5727
6119 6254
6120 5902
6121 5588
6122 5593
6123 5639
6124 5644
6125 5587
6126 5088
6127 7712
6128 5338
6129 6024
6130 5274
6131 5090
6132 6208
6133 5208
6134 5154
6135 6272
6136 5987
6137 5303
6138 5272
6139 5402
6140 5092
6141 5773
6142 6255
6143 5982
6144 6322
6145 7203
6146 5338
6147 5095
6148 4964
6149 5216
6150 6075
6151 5642
6152 5279
6153 4962
6154 5341
6155 4963
6156 5216
6157 5120
6158 6303
6159 5081
6160 5270
6161 6152
6162 5215
6163 6718
6164 5332
6165 5264
6166 5300
6167 5320
6168 5467
6169 5082
6170 5214
6171 5711
6172 4963
6173 5090
6174 5216
6175 5711
6176 5340
6177 5084
6178 5097
6179 5325
6180 5711
6181 5219
6182 6644
6183 5401
6184 5337
6185 5088
6186 5340
6187 5078
6188 5089
6189 6711
6190 -994910
6191 4960
6192 5215
6193 5086
6194 5097
6195 6075
6196 5655
6197 5396
6198 6781
6199 5527
6200 5078
6201 6588
6202 5089
6203 5340
6204 5339
6205 5828
6206 6154
6207 5406
6208 5071
6209 5094
6210 5594
6211 5077
6212 5223
6213 6075
6214 5717
6215 5333
6216 4962
6217 5486
6218 5473
6219 6450
6220 5177
6221 5093
6222 5083
6223 5085
6224 5083
6225 5213
6226 5353
6227 4953
6228 5513
6229 5276
6230 5719
6231 6208
6232 5703
6233 5230
6234 5323
6235 5083
6236 4967
6237 5708
6238 5963
6239 5096
6240 4959
6241 6018
6242 5147
6243 4963
6244 5396
6245 5782
6246 210499
6247 7010
6248 5237
6249 5079
6250 5195
6251 5601
6252 5422
6253 5333
6254 5312
6255 5519
6256 5406
6257 6055
6258 5452
6259 5309
6260 5709
6261 5436
6262 5277
6263 6098
6264 5727
6265 5166
6266 5230
6267 9944
6268 5304
6269 5137
6270 5515
6271 5049
6272 5239
6273 17441
6274 5188
6275 5584
6276 5192
6277 5702
6278 5063
6279 5830
6280 5327
6281 5577
6282 5075
6283 6019
6284 6132
6285 6371
6286 5405
6287 5478
6288 5422
6289 5704
6290 5324
6291 6082
6292 5520
6293 5270
6294 5940
6295 5362
6296 5789
6297 5202
6298 5080
6299 5195
6300 5952
6301 6266
6302 5511
6303 7900
6304 5256
6305 5077
6306 5078
6307 5892
6308 5388
6309 5711
6310 6228
6311 5269
6312 5583
6313 5211
6314 5339
6315 6993
6316 5435
6317 4965
6318 6081
6319 5714
6320 5337
6321 6373
6322 5428
6323 5964
6324 5361
6325 5440
6326 5487
6327 5313
6328 5344
6329 4955
6330 -994788
6331 5213
6332 5360
6333 5816
6334 6157
6335 6019
6336 6034
6337 5707
6338 5807
6339 6809
6340 5204
6341 6700
6342 5697
6343 5445
6344 5081
6345 5211
6346 5592
6347 5330
6348 5463
6349 4989
6350 5836
6351 5701
6352 5084
6353 5859
6354 5683
6355 5709
6356 6209
6357 7720
6358 5200
6359 5335
6360 5340
6361 5078
6362 5334
6363 5462
6364 5337
6365 5332
6366 6282
6367 5516
6368 5096
6369 4960
6370 5083
6371 5329
6372 5342
6373 5583
6374 5591
6375 5330
6376 6782
6377 5543
6378 5066
6379 4970
6380 5692
6381 6286
6382 5892
6383 6080
6384 5083
6385 4967
6386 5455
6387 5094
6388 5084
6389 5709
6390 5342
6391 5220
6392 6073
6393 6579
6394 6086
6395 5526
6396 6153
6397 5095
6398 5190
6399 5266
6400 5288
6401 5086
6402 5397
6403 5293
6404 5184
6405 4979
6406 6221
6407 5688
6408 5084
6409 6340
6410 5582
6411 5216
6412 6545
6413 5504
6414 5458
6415 5329
6416 5839
6417 5339
6418 5716
6419 5582
6420 5840
6421 5333
6422 5339
6423 4960
6424 5967
6425 4962
6426 5104
6427 5072
6428 5214
6429 5716
6430 5836
6431 6215
6432 4960
6433 4963
6434 5378
6435 5333
6436 5498
6437 5758
6438 5452
6439 4939
6440 5453
6441 5846
6442 5044
6443 5383
6444 6180
6445 6072
6446 5521
6447 6009
6448 5502
6449 7831
6450 6108
6451 5336
6452 5629
6453 5616
6454 5351
6455 5600
6456 5476
6457 5348
6458 5336
6459 5763
6460 5869
6461 6604
6462 5052
6463 5056
6464 5740
6465 5744
6466 5856
6467 6344
6468 5557
6469 5279
6470 5531
6471 5085
6472 5570
6473 4964
6474 5073
6475 6260
6476 5280
6477 4946
6478 5840
6479 5118
6480 5175
6481 5626
6482 5279
6483 5071
6484 5209
6485 7098
6486 5500
6487 5559
6488 5485
6489 5782
6490 5308
6491 5523
6492 5782
6493 5512
6494 5320
6495 5232
6496 5297
6497 5528
6498 5206
6499 5080
6500 5513
6501 5400
6502 5827
6503 6207
6504 6080
6505 5461
6506 6206
6507 5075
6508 -994360
6509 5899
6510 6229
6511 5181
6512 5334
6513 5085
6514 5831
6515 6034
6516 5891
6517 5383
6518 5633
6519 5779
6520 7242
6521 5863
6522 5706
6523 5758
6524 5412
6525 5770
6526 5055
6527 5085
6528 5103
6529 5313
6530 5199
6531 5587
6532 5326
6533 5581
6534 5831
6535 5587
6536 4959
6537 5701
6538 5334
6539 5708
6540 6091
6541 5066
6542 4958
6543 5366
6544 5421
6545 5332
6546 6209
6547 5456
6548 5456
6549 5084
6550 5328
6551 5335
6552 5385
6553 6050
6554 5559
6555 5461
6556 5327
6557 5580
6558 7582
6559 5080
6560 5333
6561 4953
6562 5706
6563 6083
6564 6209
6565 5711
6566 5071
6567 5264
6568 5400
6569 4952
6570 5326
6571 6071
6572 5651
6573 5390
6574 5081
6575 5726
6576 7794
6577 5266
6578 6496
6579 8484
6580 6123
6581 5939
6582 5019
6583 6346
6584 5651
6585 5334
6586 5527
6587 5769
6588 6047
6589 5931
6590 5303
6591 5297
6592 6614
6593 7061
6594 5066
6595 5528
6596 5810
6597 5664
6598 5363
6599 5619
6600 5784
6601 5855
6602 6044
6603 5638
6604 5338
6605 5340
6606 5980
6607 5566
6608 6397
6609 5679
6610 5712
6611 6369
6612 5039
6613 5079
6614 5336
6615 5094
6616 5084
6617 4835
6618 5091
6619 5096
6620 5198
6621 5086
6622 5780
6623 5464
6624 5524
6625 5779
6626 5924
6627 5305
6628 5225
6629 5890
6630 7446
6631 5162
6632 5082
6633 5082
6634 5089
6635 5533
6636 5265
6637 4952
6638 5089
6639 5088
6640 5584
6641 5218
6642 5328
6643 5485
6644 5314
6645 6036
6646 6114
6647 5465
6648 6715
6649 5619
6650 5547
6651 5230
6652 5207
6653 5585
6654 5712
6655 5418
6656 5681
6657 5984
6658 6172
6659 5132
6660 5241
6661 5778
6662 5545
6663 5790
6664 5992
6665 5617
6666 6069
6667 5717
6668 5064
6669 5590
6670 6109
6671 5264
6672 5977
6673 5114
6674 5052
6675 5550
6676 5976
6677 6348
6678 5636
6679 5629
6680 6602
6681 5711
6682 4785
6683 5613
6684 -993814
6685 6468
6686 5371
6687 5197
6688 5322
6689 5306
6690 5687
6691 5066
6692 5314
6693 5061
6694 5067
6695 5442
6696 5814
6697 4984
6698 5025
6699 5301
6700 5062
6701 5568
6702 5948
6703 6306
6704 5311
6705 4940
6706 5191
6707 5770
6708 5360
6709 5437
6710 5315
6711 5438
6712 5769
6713 5696
6714 5343
6715 5686
6716 5316
6717 5189
6718 5636
6719 6128
6720 5323
6721 7003
6722 5502
6723 7021
6724 4999
6725 5692
6726 5069
6727 5069
6728 5944
6729 5321
6730 5069
6731 5443
6732 5317
6733 4950
6734 4941
6735 5262
6736 6449
6737 5625
6738 5073
6739 6320
6740 5558
6741 5695
6742 5320
6743 5072
6744 7515
6745 5246
6746 5568
6747 5338
6748 4926
6749 4945
6750 5069
6751 5199
6752 5316
6753 5823
6754 5385
6755 5254
6756 5074
6757 6260
6758 7421
6759 5513
6760 5696
6761 5509
6762 5376
6763 5445
6764 4943
6765 5512
6766 6506
6767 5070
6768 5318
6769 5070
6770 5071
6771 5320
6772 5067
6773 5318
6774 5826
6775 5310
6776 6471
6777 5040
6778 5071
6779 5197
6780 5442
6781 5946
6782 5320
6783 5068
6784 5320
6785 6195
6786 5067
6787 5323
6788 5316
6789 5821
6790 5570
6791 4945
6792 5862
6793 5021
6794 5945
6795 6601
6796 6407
6797 5950
6798 5310
6799 5739
6800 6793
6801 5873
6802 5498
6803 5627
6804 5145
6805 5973
6806 5412
6807 5343
6808 5136
6809 5623
6810 6552
6811 5807
6812 7809
6813 5391
6814 5174
6815 5527
6816 5929
6817 5780
6818 5112
6819 5894
6820 6293
6821 5810
6822 6105
6823 5891
6824 6247
6825 5337
6826 5299
6827 6162
6828 5401
6829 5004
6830 6206
6831 5075
6832 5082
6833 5953
6834 5334
6835 5826
6836 6017
6837 5511
6838 5082
6839 4987
6840 4917
6841 6214
6842 5564
6843 5963
6844 5566
6845 5366
6846 5239
6847 5008
6848 6494
6849 5541
6850 5743
6851 5282
6852 5328
6853 5076
6854 4954
6855 5331
6856 5575
6857 6210
6858 5342
6859 6058
6860 5076
6861 5077
6862 -994176
6863 5068
6864 6443
6865 5574
6866 6650
6867 5869
6868 5458
6869 4952
6870 5020
6871 5705
6872 5703
6873 5278
6874 5450
6875 5492
6876 5288
6877 7097
6878 5549
6879 5080
6880 5834
6881 6613
6882 6086
6883 5411
6884 6292
6885 5206
6886 4994
6887 5535
6888 5107
6889 5695
6890 5198
6891 4983
6892 5047
6893 5454
6894 6882
6895 5647
6896 5328
6897 4955
6898 5088
6899 5442
6900 5455
6901 5702
6902 5336
6903 6330
6904 5407
6905 6005
6906 5823
6907 6705
6908 5525
6909 5259
6910 5332
6911 6104
6912 6141
6913 5219
6914 5076
6915 5509
6916 5260
6917 5326
6918 5076
6919 5081
6920 5477
6921 6807
6922 5084
6923 4945
6924 5951
6925 5331
6926 5891
6927 5768
6928 4953
6929 5089
6930 5635
6931 5510
6932 5457
6933 6833
6934 5727
6935 5549
6936 6080
6937 5522
6938 5761
6939 6137
6940 5396
6941 5980
6942 5218
6943 5041
6944 4959
6945 5327
6946 4957
6947 5279
6948 5624
6949 5455
6950 5452
6951 5757
6952 5157
6953 4948
6954 5834
6955 5326
6956 5204
6957 5650
6958 6381
6959 5330
6960 5330
6961 6382
6962 5028
6963 5637
6964 5271
6965 5769
6966 5385
6967 5081
6968 5331
6969 5078
6970 5092
6971 5310
6972 6288
6973 6008
6974 5066
6975 5699
6976 5952
6977 5761
6978 5521
6979 6081
6980 5514
6981 5269
6982 4960
6983 6588
6984 6146
6985 6191
6986 5148
6987 5441
6988 5078
6989 5579
6990 5081
6991 5079
6992 6580
6993 5456
6994 5954
6995 6012
6996 6465
6997 5386
6998 5329
6999 5083
7000 5827
7001 5704
7002 5698
7003 6204
7004 5704
7005 5462
7006 5692
7007 5454
7008 6328
7009 5581
7010 5206
7011 6019
7012 6514
7013 5077
7014 5333
7015 5325
7016 5455
7017 5085
7018 5583
7019 5568
7020 6078
7021 5650
7022 5575
7023 6392
7024 5329
7025 6207
7026 5332
7027 4952
7028 5078
7029 6708
7030 6137
7031 5271
7032 5205
7033 6080
7034 5077
7035 5082
7036 6647
7037 5383
7038 5489
7039 5604
7040 -994604
7041 6078
7042 5203
7043 6330
7044 5328
7045 5083
7046 5828
7047 5329
7048 6279
7049 5628
7050 5832
7051 6827
7052 5204
7053 5088
7054 4945
7055 6452
7056 5580
7057 5335
7058 4958
7059 5318
7060 5088
7061 5865
7062 5788
7063 5311
7064 5389
7065 6025
7066 6573
7067 5652
7068 5011
7069 5444
7070 5830
7071 5088
7072 5953
7073 5443
7074 5081
7075 5954
7076 5205
7077 5079
7078 5516
7079 5393
7080 5579
7081 5081
7082 6768
7083 5392
7084 6589
7085 5199
7086 4956
7087 5581
7088 5331
7089 5461
7090 5574
7091 5320
7092 5330
7093 6772
7094 5264
7095 5456
7096 6638
7097 6467
7098 5136
7099 5125
7100 6156
7101 6074
7102 6077
7103 5362
7104 5421
7105 5080
7106 5367
7107 5921
7108 6371
7109 5406
7110 5329
7111 6083
7112 5574
7113 5460
7114 5328
7115 5454
7116 5582
7117 5581
7118 5077
7119 5709
7120 7335
7121 6449
7122 5200
7123 5079
7124 5336
7125 5316
7126 5707
7127 5576
7128 5456
7129 5081
7130 6151
7131 6008
7132 5082
7133 5078
7134 5579
7135 6332
7136 5454
7137 5475
7138 7069
7139 5443
7140 5531
7141 5257
7142 5513
7143 5392
7144 4953
7145 5773
7146 5513
7147 5214
7148 5063
7149 5920
7150 5124
7151 6002
7152 5890
7153 5457
7154 5957
7155 5584
7156 5707
7157 6087
7158 5080
7159 5710
7160 6334
7161 5704
7162 5833
7163 6082
7164 5075
7165 4833
7166 6280
7167 5261
7168 5578
7169 5706
7170 5339
7171 6078
7172 5957
7173 5457
7174 5205
7175 6360
7176 5302
7177 5712
7178 5325
7179 6771
7180 5515
7181 5776
7182 5303
7183 5294
7184 5455
7185 5338
7186 5828
7187 5870
7188 5544
7189 5650
7190 5264
7191 5208
7192 5039
7193 7126
7194 5080
7195 5838
7196 5322
7197 5332
7198 5082
7199 5269
7200 5669
7201 5186
7202 5459
7203 5078
7204 5925
7205 6194
7206 5779
7207 5433
7208 5081
7209 5141
7210 6350
7211 6130
7212 5331
7213 5466
7214 5704
7215 5574
7216 5081
7217 -994350
7218 5264
7219 5768
7220 6022
7221 7080
7222 5333
7223 5581
7224 5957
7225 5083
7226 5457
7227 5389
7228 5399
7229 6336
7230 6013
7231 5142
7232 5391
7233 5899
7234 5832
7235 5214
7236 5072
7237 4959
7238 5451
7239 4949
7240 5828
7241 5207
7242 5336
7243 5450
7244 5711
7245 6266
7246 6022
7247 6707
7248 5083
7249 5828
7250 5080
7251 5332
7252 5457
7253 5357
7254 5556
7255 5959
7256 5706
7257 5333
7258 4992
7259 5108
7260 5394
7261 5079
7262 5332
7263 4979
7264 5435
7265 5584
7266 6227
7267 5455
7268 6438
7269 5079
7270 5836
7271 6078
7272 5707
7273 6152
7274 5264
7275 5955
7276 6840
7277 5323
7278 5077
7279 5332
7280 5327
7281 4956
7282 6334
7283 5481
7284 6433
7285 4955
7286 6083
7287 5082
7288 5080
7289 5713
7290 5513
7291 5018
7292 4978
7293 5562
7294 5206
7295 5653
7296 5911
7297 6060
7298 5269
7299 6273
7300 5261
7301 5026
7302 5955
7303 5982
7304 5057
7305 6207
7306 5331
7307 5337
7308 5575
7309 5085
7310 6272
7311 5267
7312 5086
7313 5520
7314 5637
7315 5584
7316 5079
7317 4958
7318 5334
7319 5209
7320 5458
7321 6079
7322 6601
7323 6460
7324 5331
7325 5310
7326 5707
7327 6329
7328 6395
7329 6489
7330 5710
7331 5078
7332 5857
7333 5558
7334 6117
7335 5546
7336 5833
7337 5096
7338 6814
7339 5262
7340 5281
7341 5449
7342 4958
7343 5082
7344 5707
7345 5206
7346 5332
7347 5083
7348 5081
7349 5082
7350 5710
7351 5957
7352 5827
7353 5630
7354 5411
7355 6018
7356 5510
7357 6582
7358 5081
7359 5651
7360 5891
7361 5580
7362 5083
7363 4978
7364 5065
7365 5328
7366 5204
7367 5333
7368 5460
7369 5706
7370 5896
7371 5887
7372 5207
7373 5082
7374 5202
7375 6210
7376 5767
7377 6572
7378 5687
7379 5660
7380 5853
7381 7251
7382 5389
7383 5207
7384 5082
7385 4991
7386 5046
7387 5583
7388 5082
7389 5209
7390 5456
7391 5350
7392 5814
7393 6582
7394 5447
7395 -994647
7396 5811
7397 5081
7398 6208
7399 6023
7400 5299
7401 5047
7402 4958
7403 5582
7404 5081
7405 5457
7406 5837
7407 5075
7408 5087
7409 5075
7410 5833
7411 5332
7412 5706
7413 5900
7414 5139
7415 5460
7416 5345
7417 5067
7418 5567
7419 5081
7420 5209
7421 8580
7422 5714
7423 5084
7424 5191
7425 5076
7426 5383
7427 5832
7428 5718
7429 5017
7430 7022
7431 5396
7432 5706
7433 5709
7434 5082
7435 5644
7436 5269
7437 5083
7438 5479
7439 5565
7440 5333
7441 5832
7442 5204
7443 5086
7444 5955
7445 5081
7446 5706
7447 5083
7448 5206
7449 8151
7450 5827
7451 5423
7452 5297
7453 4958
7454 5117
7455 6178
7456 5944
7457 5078
7458 6457
7459 5708
7460 6262
7461 5367
7462 5148
7463 6326
7464 7103
7465 5435
7466 6024
7467 5079
7468 5459
7469 5082
7470 4961
7471 5350
7472 5434
7473 5332
7474 5651
7475 5512
7476 5459
7477 5709
7478 6290
7479 5749
7480 5213
7481 5325
7482 5393
7483 5522
7484 5334
7485 6083
7486 5329
7487 5457
7488 5706
7489 5209
7490 5748
7491 5416
7492 5083
7493 6024
7494 5263
7495 5333
7496 5581
7497 6275
7498 5642
7499 5710
7500 5221
7501 4940
7502 8206
7503 5956
7504 5477
7505 5303
7506 6095
7507 5963
7508 5563
7509 5703
7510 5081
7511 5616
7512 5300
7513 4958
7514 5582
7515 5772
7516 6020
7517 5327
7518 5223
7519 5316
7520 5209
7521 7040
7522 5225
7523 5084
7524 6150
7525 5527
7526 4967
7527 5713
7528 6703
7529 6460
7530 5304
7531 5122
7532 5086
7533 5462
7534 6966
7535 5227
7536 6088
7537 5442
7538 5340
7539 7092
7540 5341
7541 5455
7542 5589
7543 5088
7544 5343
7545 5647
7546 5149
7547 5088
7548 5660
7549 5139
7550 5648
7551 5283
7552 6209
7553 5342
7554 5855
7555 6070
7556 6086
7557 8214
7558 5090
7559 6023
7560 6023
7561 6400
7562 6843
7563 5152
7564 5121
7565 5927
7566 5084
7567 5092
7568 5457
7569 5471
7570 5455
7571 5713
7572 -994790
7573 5091
7574 5090
7575 6208
7576 5708
7577 5331
7578 5722
7579 5453
7580 6091
7581 6021
7582 5280
7583 5454
7584 5089
7585 5085
7586 5091
7587 5616
7588 5343
7589 5672
7590 6503
7591 5540
7592 5838
7593 6458
7594 5753
7595 6039
7596 5217
7597 5079
7598 5342
7599 5210
7600 5092
7601 5077
7602 5219
7603 5828
7604 5837
7605 6336
7606 5337
7607 6405
7608 5273
7609 5090
7610 5583
7611 7423
7612 5379
7613 5964
7614 5214
7615 5901
7616 6274
7617 5463
7618 5086
7619 5271
7620 5791
7621 5070
7622 4969
7623 6148
7624 5654
7625 5501
7626 5765
7627 5323
7628 6973
7629 7469
7630 5242
7631 5294
7632 6984
7633 6802
7634 6930
7635 5864
7636 5847
7637 6635
7638 6643
7639 6093
7640 5631
7641 5278
7642 5405
7643 5613
7644 5489
7645 6293
7646 5288
7647 5561
7648 4802
7649 5071
7650 5053
7651 4946
7652 4928
7653 4950
7654 5427
7655 5198
7656 6359
7657 5779
7658 5216
7659 5403
7660 5060
7661 5447
7662 5242
7663 5951
7664 6498
7665 5429
7666 5325
7667 5115
7668 5908
7669 5280
7670 5821
7671 5312
7672 5315
7673 5063
7674 5450
7675 5809
7676 5683
7677 5310
7678 5315
7679 5070
7680 6084
7681 5418
7682 5065
7683 6755
7684 5252
7685 5073
7686 5954
7687 5567
7688 4921
7689 5889
7690 5367
7691 5337
7692 5562
7693 5637
7694 5627
7695 5316
7696 5579
7697 6386
7698 5229
7699 5658
7700 5333
7701 6192
7702 5237
7703 6046
7704 5125
7705 5941
7706 5169
7707 5437
7708 5182
7709 5803
7710 6464
7711 6607
7712 5355
7713 5634
7714 5167
7715 5374
7716 5193
7717 5179
7718 6936
7719 5494
7720 6226
7721 5100
7722 5468
7723 5039
7724 4939
7725 5513
7726 5647
7727 5182
7728 5077
7729 5814
7730 5082
7731 5936
7732 5578
7733 5087
7734 5305
7735 5569
7736 5455
7737 6202
7738 5062
7739 5081
7740 5067
7741 5079
7742 5438
7743 5470
7744 5427
7745 6090
7746 5068
7747 4943
7748 -994687
7749 6136
7750 5255
7751 6203
7752 5101
7753 5288
7754 5210
7755 7314
7756 5320
7757 5069
7758 5329
7759 6007
7760 6638
7761 5259
7762 5128
7763 5222
7764 5425
7765 5838
7766 5432
7767 5084
7768 5579
7769 5060
7770 6075
7771 5152
7772 5472
7773 5255
7774 6817
7775 5050
7776 5546
7777 4951
7778 6479
7779 5434
7780 5210
7781 5495
7782 5023
7783 6864
7784 5269
7785 6268
7786 5204
7787 5652
7788 6168
7789 5091
7790 5212
7791 5834
7792 6451
7793 5462
7794 4950
7795 5351
7796 5092
7797 5316
7798 5507
7799 5385
7800 5485
7801 5685
7802 5354
7803 6189
7804 5711
7805 5517
7806 5374
7807 4991
7808 5170
7809 5914
7810 6676
7811 6248
7812 5264
7813 5031
7814 5006
7815 5125
7816 5064
7817 6067
7818 5186
7819 5064
7820 5190
7821 5070
7822 5938
7823 5000
7824 6246
7825 5567
7826 6243
7827 5632
7828 6694
7829 6530
7830 5348
7831 4940
7832 4969
7833 5035
7834 5636
7835 5359
7836 5578
7837 6213
7838 5084
7839 5089
7840 6338
7841 5334
7842 6089
7843 5085
7844 5211
7845 5601
7846 5449
7847 6226
7848 5324
7849 5669
7850 5497
7851 6090
7852 5378
7853 5164
7854 5715
7855 5078
7856 5092
7857 5545
7858 5818
7859 6002
7860 5348
7861 6694
7862 5092
7863 5704
7864 5954
7865 6536
7866 5530
7867 5696
7868 5537
7869 5759
7870 5974
7871 5825
7872 5088
7873 5279
7874 5261
7875 5365
7876 5104
7877 5543
7878 5087
7879 5086
7880 6212
7881 5485
7882 5194
7883 7036
7884 5341
7885 5672
7886 5047
7887 5532
7888 5966
7889 5633
7890 5400
7891 5419
7892 5441
7893 5589
7894 5836
7895 5713
7896 5460
7897 5587
7898 5784
7899 5640
7900 5588
7901 6370
7902 5929
7903 5108
7904 5314
7905 4965
7906 5086
7907 5584
7908 5211
7909 5210
7910 5338
7911 6281
7912 6468
7913 6036
7914 5065
7915 5828
7916 5221
7917 5198
7918 5217
7919 5456
7920 5959
7921 6014
7922 5908
7923 5338
7924 5828
7925 5339
7926 -994758
7927 5049
7928 5202
7929 5213
7930 6124
7931 5043
7932 5332
7933 5083
7934 5082
7935 6418
7936 5535
7937 5311
7938 6208
7939 6326
7940 5336
7941 5334
7942 5090
7943 5829
7944 6015
7945 5288
7946 5106
7947 5441
7948 5603
7949 5692
7950 5210
7951 5830
7952 6083
7953 5344
7954 5062
7955 5208
7956 6349
7957 5550
7958 5668
7959 5395
7960 5704
7961 5069
7962 5959
7963 5445
7964 5828
7965 5479
7966 5715
7967 5583
7968 5433
7969 5103
7970 7216
7971 6232
7972 5831
7973 5610
7974 7490
7975 5435
7976 6154
7977 5273
7978 5875
7979 5918
7980 5249
7981 5304
7982 5094
7983 5059
7984 5271
7985 5839
7986 6087
7987 4820
7988 4950
7989 4962
7990 5214
7991 5727
7992 6215
7993 6256
7994 5416
7995 5464
7996 5338
7997 5340
7998 5462
7999 5412
8000 5190
8001 5413
8002 5090
8003 6208
8004 5465
8005 5457
8006 5961
8007 5840
8008 5219
8009 4953
8010 5897
8011 7453
8012 5270
8013 5589
8014 6961
8015 5211
8016 5088
8017 5588
8018 5781
8019 6152
8020 5579
8021 5091
8022 5483
8023 5318
8024 5904
8025 5268
8026 5339
8027 5337
8028 4965
8029 5987
8030 5189
8031 5087
8032 5086
8033 4962
8034 5464
8035 5088
8036 5781
8037 5393
8038 5215
8039 5471
8040 6082
8041 5970
8042 6071
8043 5828
8044 5088
8045 5967
8046 5710
8047 7588
8048 5218
8049 5081
8050 5591
8051 4954
8052 5959
8053 4965
8054 5087
8055 6150
8056 6088
8057 5402
8058 6032
8059 5288
8060 5319
8061 5212
8062 5088
8063 5089
8064 5966
8065 6344
8066 5664
8067 6446
8068 5586
8069 5271
8070 5484
8071 5315
8072 6212
8073 5092
8074 5356
8075 5318
8076 5087
8077 5088
8078 5338
8079 5214
8080 5758
8081 5412
8082 5905
8083 5328
8084 6536
8085 5454
8086 6212
8087 5337
8088 5840
8089 5602
8090 5573
8091 5095
8092 6027
8093 5516
8094 5092
8095 4959
8096 5658
8097 5394
8098 5213
8099 5966
8100 5272
8101 5399
8102 6093
8103 5329
8104 5462
8105 -994622
8106 5422
8107 5839
8108 5089
8109 4971
8110 5477
8111 5564
8112 5588
8113 5636
8114 5396
8115 5093
8116 5957
8117 5593
8118 6329
8119 5339
8120 6839
8121 5578
8122 5093
8123 4955
8124 5092
8125 5522
8126 5428
8127 5180
8128 5289
8129 5389
8130 5459
8131 5248
8132 5430
8133 5452
8134 5519
8135 5188
8136 5093
8137 6137
8138 5786
8139 6957
8140 5462
8141 5158
8142 5137
8143 5090
8144 6149
8145 6217
8146 5616
8147 6364
8148 4961
8149 5079
8150 5092
8151 4955
8152 5470
8153 5082
8154 5338
8155 5212
8156 6310
8157 6489
8158 5328
8159 5846
8160 5704
8161 5752
8162 5667
8163 5715
8164 5717
8165 6103
8166 5170
8167 5289
8168 5411
8169 5453
8170 5220
8171 5767
8172 5381
8173 5457
8174 5219
8175 5479
8176 5937
8177 5476
8178 5410
8179 5953
8180 5257
8181 5702
8182 5338
8183 5444
8184 5360
8185 5066
8186 6082
8187 5089
8188 5448
8189 5127
8190 5210
8191 6077
8192 5423
8193 5341
8194 6361
8195 5812
8196 6127
8197 5632
8198 5885
8199 5365
8200 5237
8201 5127
8202 4899
8203 5302
8204 5912
8205 5173
8206 5870
8207 5682
8208 5677
8209 5434
8210 5143
8211 5464
8212 6542
8213 5314
8214 5564
8215 5070
8216 5104
8217 5452
8218 5134
8219 4939
8220 5601
8221 5928
8222 5306
8223 4812
8224 5683
8225 6384
8226 5873
8227 5942
8228 4941
8229 5439
8230 7205
8231 5674
8232 5884
8233 5123
8234 5316
8235 6136
8236 5365
8237 5569
8238 5191
8239 5321
8240 5807
8241 5196
8242 5307
8243 5443
8244 4960
8245 5542
8246 4941
8247 6065
8248 5065
8249 6318
8250 5186
8251 5691
8252 5692
8253 5188
8254 6189
8255 5193
8256 4942
8257 6069
8258 5820
8259 5815
8260 5067
8261 5884
8262 6126
8263 5818
8264 6144
8265 5744
8266 5188
8267 7336
8268 5314
8269 6077
8270 5827
8271 5576
8272 5454
8273 5075
8274 5578
8275 5328
8276 5452
8277 6271
8278 5135
8279 5201
8280 5329
8281 6017
8282 5386
8283 -994800
8284 5702
8285 7203
8286 5592
8287 5881
8288 5634
8289 5076
8290 5854
8291 5923
8292 5205
8293 5076
8294 5710
8295 5443
8296 5451
8297 5077
8298 5588
8299 5320
8300 5101
8301 5473
8302 5937
8303 6520
8304 6114
8305 5501
8306 5332
8307 5258
8308 6715
8309 6000
8310 5731
8311 5873
8312 5486
8313 5776
8314 5832
8315 5616
8316 5744
8317 5636
8318 5129
8319 5689
8320 6945
8321 5949
8322 6373
8323 5546
8324 5281
8325 5342
8326 5262
8327 7192
8328 5260
8329 5438
8330 5073
8331 5352
8332 5720
8333 5658
8334 5338
8335 5576
8336 5604
8337 6687
8338 6241
8339 5325
8340 5057
8341 5194
8342 5295
8343 5685
8344 5344
8345 5228
8346 5072
8347 5405
8348 5726
8349 5164
8350 5586
8351 5230
8352 5020
8353 5114
8354 5156
8355 5078
8356 4964
8357 6185
8358 5322
8359 6744
8360 5546
8361 6085
8362 5927
8363 5196
8364 4952
8365 4947
8366 5327
8367 5199
8368 5121
8369 5166
8370 5187
8371 5700
8372 5574
8373 4952
8374 5201
8375 6500
8376 5443
8377 5405
8378 5201
8379 5075
8380 5202
8381 5245
8382 5649
8383 5075
8384 6952
8385 5617
8386 5280
8387 4835
8388 5442
8389 5745
8390 5029
8391 5496
8392 5295
8393 6271
8394 7022
8395 5305
8396 5265
8397 5389
8398 5069
8399 5575
8400 5204
8401 5445
8402 6824
8403 4950
8404 6576
8405 5321
8406 5261
8407 5888
8408 6265
8409 5386
8410 5390
8411 5386
8412 6829
8413 5448
8414 5576
8415 5199
8416 5345
8417 5572
8418 5816
8419 5439
8420 5007
8421 5504
8422 5667
8423 5624
8424 5342
8425 5863
8426 5685
8427 5738
8428 5496
8429 5155
8430 6667
8431 5173
8432 5100
8433 6306
8434 6000
8435 6293
8436 6568
8437 5239
8438 5641
8439 5702
8440 5800
8441 5730
8442 5082
8443 5819
8444 5434
8445 6540
8446 5454
8447 6949
8448 6046
8449 5920
8450 4926
8451 5355
8452 6078
8453 5655
8454 8253
8455 5351
8456 5259
8457 5063
8458 5348
8459 -994493
8460 5390
8461 5896
8462 5166
8463 5522
8464 5073
8465 6066
8466 5364
8467 5619
8468 5505
8469 6266
8470 5761
8471 5052
8472 5618
8473 6753
8474 5041
8475 5681
8476 5471
8477 5066
8478 5118
8479 5670
8480 5327
8481 5439
8482 5335
8483 7195
8484 5332
8485 5080
8486 5065
8487 5883
8488 5256
8489 6480
8490 5785
8491 5326
8492 4959
8493 5078
8494 5141
8495 5890
8496 5080
8497 5079
8498 5338
8499 5977
8500 6060
8501 7068
8502 5204
8503 5072
8504 5288
8505 5617
8506 5080
8507 5071
8508 5081
8509 6093
8510 5197
8511 5321
8512 5065
8513 5479
8514 5177
8515 5339
8516 5492
8517 5289
8518 5278
8519 5718
8520 6343
8521 5178
8522 5693
8523 5786
8524 5812
8525 5807
8526 5470
8527 5274
8528 5402
8529 5149
8530 4996
8531 5815
8532 5074
8533 5503
8534 5381
8535 5737
8536 5434
8537 5517
8538 6559
8539 5260
8540 5134
8541 5080
8542 5706
8543 5080
8544 4954
8545 5585
8546 5264
8547 5512
8548 5787
8549 5244
8550 5837
8551 4942
8552 5338
8553 4947
8554 6776
8555 5626
8556 6201
8557 6582
8558 5318
8559 4963
8560 5692
8561 5614
8562 5542
8563 5083
8564 5072
8565 4964
8566 5251
8567 5461
8568 5514
8569 5275
8570 5381
8571 6396
8572 5139
8573 5705
8574 5831
8575 6193
8576 5581
8577 5325
8578 5393
8579 6393
8580 4942
8581 5088
8582 5499
8583 5413
8584 5066
8585 5198
8586 5197
8587 5334
8588 5191
8589 4982
8590 5673
8591 5959
8592 5576
8593 5580
8594 6209
8595 5065
8596 5404
8597 5877
8598 5583
8599 5325
8600 4954
8601 5580
8602 5081
8603 5455
8604 5080
8605 5828
8606 5084
8607 5334
8608 5684
8609 5465
8610 4940
8611 5081
8612 5329
8613 6584
8614 5085
8615 5444
8616 5324
8617 5085
8618 5073
8619 5529
8620 5522
8621 5193
8622 5080
8623 5707
8624 5838
8625 6576
8626 6581
8627 5861
8628 5050
8629 4832
8630 5954
8631 6582
8632 6332
8633 5332
8634 5516
8635 5397
8636 5582
8637 5080
8638 5610
8639 -994720
8640 5337
8641 5337
8642 5216
8643 6588
8644 5086
8645 6465
8646 5215
8647 5207
8648 5089
8649 6092
8650 5394
8651 5366
8652 6532
8653 5751
8654 6226
8655 5175
8656 5463
8657 5344
8658 6208
8659 5469
8660 5579
8661 5461
8662 5591
8663 5465
8664 5640
8665 5574
8666 5546
8667 7153
8668 6148
8669 5714
8670 5898
8671 5153
8672 5092
8673 4960
8674 5464
8675 5150
8676 5409
8677 5457
8678 5462
8679 5337
8680 5588
8681 5091
8682 5837
8683 5486
8684 5563
8685 5089
8686 6213
8687 5607
8688 5869
8689 5270
8690 5339
8691 4965
8692 6212
8693 5214
8694 5337
8695 5839
8696 5096
8697 6334
8698 5368
8699 5042
8700 5597
8701 5446
8702 6667
8703 5504
8704 6651
8705 5682
8706 5056
8707 5591
8708 5338
8709 7072
8710 5079
8711 5530
8712 5474
8713 5634
8714 4959
8715 6462
8716 4978
8717 5316
8718 5720
8719 5453
8720 5467
8721 5472
8722 7266
8723 5264
8724 5088
8725 5086
8726 6901
8727 7059
8728 5677
8729 5211
8730 5341
8731 5087
8732 5627
8733 5906
8734 5088
8735 5832
8736 5338
8737 4961
8738 5464
8739 5714
8740 6588
8741 5089
8742 5339
8743 5468
8744 5082
8745 5604
8746 5070
8747 5087
8748 5214
8749 5404
8750 5463
8751 5556
8752 5311
8753 6144
8754 5398
8755 5086
8756 5406
8757 5607
8758 7134
8759 6023
8760 5273
8761 6609
8762 5942
8763 5209
8764 4964
8765 5370
8766 5428
8767 5712
8768 5712
8769 5090
8770 5591
8771 5461
8772 5099
8773 5333
8774 5384
8775 5910
8776 6502
8777 5792
8778 6004
8779 5666
8780 5388
8781 6656
8782 5990
8783 5818
8784 5292
8785 5256
8786 5031
8787 5077
8788 5742
8789 5551
8790 5759
8791 5219
8792 5281
8793 5415
8794 6449
8795 5350
8796 5621
8797 4925
8798 7129
8799 5827
8800 5670
8801 6233
8802 5026
8803 5175
8804 5209
8805 5697
8806 5133
8807 5117
8808 5884
8809 5208
8810 5185
8811 5820
8812 5950
8813 5546
8814 5449
8815 5430
8816 -994806
8817 5301
8818 5200
8819 5804
8820 5324
8821 5680
8822 5065
8823 5436
8824 5063
8825 5062
8826 5320
8827 5559
8828 5655
8829 5607
8830 5687
8831 6328
8832 6496
8833 5374
8834 5063
8835 5506
8836 5187
8837 5374
8838 5958
8839 6033
8840 5314
8841 5067
8842 5315
8843 5187
8844 5336
8845 5302
8846 5552
8847 5630
8848 5820
8849 6505
8850 5567
8851 6466
8852 5859
8853 5689
8854 5261
8855 5451
8856 5312
8857 5196
8858 5102
8859 5287
8860 5486
8861 5096
8862 5384
8863 5031
8864 5065
8865 5071
8866 5314
8867 5069
8868 6568
8869 5066
8870 4949
8871 5315
8872 5317
8873 5323
8874 5818
8875 5315
8876 5693
8877 5078
8878 5562
8879 5316
8880 4941
8881 4946
8882 4942
8883 5068
8884 5694
8885 5318
8886 5320
8887 6319
8888 5968
8889 5722
8890 6041
8891 5042
8892 5698
8893 5683
8894 6067
8895 5202
8896 5429
8897 6263
8898 5249
8899 5633
8900 5629
8901 5323
8902 5815
8903 6072
8904 7037
8905 5222
8906 5052
8907 6013
8908 5379
8909 5468
8910 5199
8911 5790
8912 7215
8913 5693
8914 5543
8915 5195
8916 5818
8917 6385
8918 5500
8919 5320
8920 5319
8921 5192
8922 6204
8923 5432
8924 5444
8925 4944
8926 5317
8927 5318
8928 6015
8929 5749
8930 6077
8931 5803
8932 5573
8933 5836
8934 6047
8935 6389
8936 5744
8937 5072
8938 6315
8939 5226
8940 6670
8941 5567
8942 5222
8943 5039
8944 5069
8945 5321
8946 4941
8947 5067
8948 5074
8949 5560
8950 5486
8951 5811
8952 5140
8953 6695
8954 5443
8955 5087
8956 5364
8957 5404
8958 8796
8959 5274
8960 5449
8961 5058
8962 5907
8963 5909
8964 5636
8965 5924
8966 6022
8967 5993
8968 6088
8969 5445
8970 5342
8971 5656
8972 5870
8973 5903
8974 5546
8975 5223
8976 7269
8977 5597
8978 5106
8979 5716
8980 4908
8981 5861
8982 5339
8983 5047
8984 5609
8985 5441
8986 5139
8987 6043
8988 5710
8989 5649
8990 5544
8991 5415
8992 5344
8993 5210
8994 -993633
8995 5064
8996 5951
8997 5596
8998 5652
8999 5149
9000 5338
9001 5087
9002 5588
9003 5091
9004 5841
9005 5588
9006 5710
9007 4965
9008 5217
9009 5079
9010 5714
9011 5463
9012 5087
9013 7255
9014 5421
9015 5628
9016 5189
9017 5088
9018 5316
9019 5823
9020 6519
9021 5155
9022 5341
9023 4999
9024 5297
9025 4833
9026 5846
9027 5079
9028 4992
9029 5284
9030 6133
9031 6660
9032 5460
9033 5132
9034 5288
9035 5385
9036 6001
9037 5857
9038 7800
9039 6119
9040 6036
9041 5598
9042 5195
9043 5031
9044 5302
9045 5237
9046 5090
9047 5521
9048 5176
9049 6945
9050 5291
9051 5072
9052 5329
9053 5297
9054 6572
9055 6802
9056 5442
9057 5864
9058 5623
9059 5369
9060 5289
9061 6140
9062 5019
9063 5821
9064 6281
9065 5715
9066 6102
9067 7203
9068 5206
9069 6399
9070 5456
9071 5339
9072 6102
9073 5444
9074 5274
9075 4938
9076 6629
9077 5787
9078 5689
9079 5205
9080 6332
9081 5960
9082 5703
9083 5204
9084 6358
9085 6072
9086 5806
9087 5352
9088 5194
9089 6886
9090 5345
9091 5535
9092 6808
9093 5818
9094 5615
9095 5842
9096 5562
9097 5942
9098 6446
9099 5559
9100 5064
9101 7818
9102 5564
9103 5798
9104 5438
9105 5580
9106 5047
9107 5440
9108 5194
9109 5559
9110 5064
9111 5463
9112 5037
9113 5441
9114 5443
9115 5689
9116 6926
9117 6777
9118 5739
9119 6358
9120 5406
9121 6494
9122 6134
9123 5196
9124 5292
9125 5196
9126 6395
9127 5710
9128 5533
9129 5067
9130 5049
9131 5213
9132 5274
9133 5372
9134 5273
9135 5599
9136 5193
9137 7597
9138 7872
9139 6342
9140 5521
9141 5438
9142 5601
9143 5218
9144 5451
9145 4963
9146 5339
9147 5710
9148 5212
9149 4970
9150 5714
9151 5085
9152 4962
9153 5338
9154 5589
9155 6596
9156 5579
9157 5712
9158 5589
9159 6587
9160 4962
9161 5863
9162 5063
9163 5587
9164 5089
9165 5836
9166 5962
9167 5341
9168 5085
9169 -994914
9170 5096
9171 5523
9172 5390
9173 5601
9174 6450
9175 5336
9176 4974
9177 5453
9178 5338
9179 5337
9180 5214
9181 5216
9182 5526
9183 5520
9184 5090
9185 5611
9186 5190
9187 5085
9188 5423
9189 5982
9190 5365
9191 5453
9192 6695
9193 5672
9194 5266
9195 5587
9196 5213
9197 6224
9198 5317
9199 5078
9200 6084
9201 5484
9202 5591
9203 5440
9204 4966
9205 5463
9206 5595
9207 5884
9208 5035
9209 5835
9210 5336
9211 6965
9212 4963
9213 5339
9214 5221
9215 5459
9216 5839
9217 5088
9218 6110
9219 5445
9220 5210
9221 5588
9222 4969
9223 5206
9224 5278
9225 5314
9226 5675
9227 5336
9228 5338
9229 6464
9230 5093
9231 5087
9232 4966
9233 5081
9234 5087
9235 5965
9236 5084
9237 5090
9238 5083
9239 5089
9240 5338
9241 5085
9242 5089
9243 4963
9244 5088
9245 6089
9246 5127
9247 5618
9248 5270
9249 6714
9250 5087
9251 5714
9252 5839
9253 5338
9254 5088
9255 5715
9256 5339
9257 4961
9258 5837
9259 5714
9260 6340
9261 6459
9262 4966
9263 5373
9264 4927
9265 5525
9266 5978
9267 6386
9268 6095
9269 5076
9270 5089
9271 5085
9272 5213
9273 5836
9274 5463
9275 5848
9276 5074
9277 5716
9278 5331
9279 4975
9280 5948
9281 5531
9282 5393
9283 5527
9284 5524
9285 6591
9286 5348
9287 6318
9288 6463
9289 5586
9290 5342
9291 5334
9292 5086
9293 5247
9294 5926
9295 5839
9296 6822
9297 5917
9298 5758
9299 5092
9300 4842
9301 5580
9302 5335
9303 6198
9304 5222
9305 5338
9306 9093
9307 5457
9308 5829
9309 5469
9310 5254
9311 6169
9312 5077
9313 5590
9314 6334
9315 5466
9316 5118
9317 5049
9318 5000
9319 5303
9320 6238
9321 6672
9322 5092
9323 6211
9324 5584
9325 5215
9326 5831
9327 5732
9328 5318
9329 5086
9330 5480
9331 5573
9332 5713
9333 6089
9334 5612
9335 5568
9336 5336
9337 4712
9338 5479
9339 6219
9340 5838
9341 5320
9342 5459
9343 5838
9344 4964
9345 5089
9346 5212
9347 5713
9348 -994910
9349 5087
9350 5088
9351 5986
9352 5568
9353 5092
9354 5330
9355 5094
9356 5204
9357 5345
9358 6205
9359 5464
9360 5334
9361 5339
9362 5777
9363 5125
9364 5209
9365 5340
9366 5370
9367 5682
9368 5115
9369 5048
9370 5663
9371 5270
9372 6459
9373 6827
9374 5588
9375 5592
9376 6829
9377 5469
9378 5078
9379 5216
9380 5711
9381 5338
9382 5209
9383 5090
9384 5524
9385 5286
9386 5718
9387 5308
9388 5098
9389 5700
9390 5969
9391 5452
9392 5907
9393 6017
9394 6611
9395 5314
9396 5581
9397 5100
9398 5199
9399 5095
9400 5581
9401 5592
9402 5454
9403 5463
9404 5772
9405 5420
9406 5342
9407 5191
9408 5355
9409 6187
9410 5900
9411 5527
9412 5832
9413 6911
9414 5426
9415 5798
9416 5079
9417 5098
9418 4950
9419 5093
9420 5454
9421 5846
9422 5648
9423 5146
9424 5083
9425 6468
9426 5205
9427 5714
9428 5348
9429 5513
9430 5404
9431 6633
9432 5660
9433 5336
9434 5088
9435 5525
9436 5487
9437 5957
9438 5953
9439 6037
9440 5510
9441 5339
9442 7027
9443 5900
9444 6485
9445 6071
9446 5402
9447 5648
9448 5337
9449 6340
9450 5714
9451 5088
9452 5736
9453 5067
9454 5463
9455 5088
9456 5214
9457 5087
9458 5218
9459 5213
9460 5895
9461 5653
9462 4964
9463 5088
9464 5783
9465 5279
9466 5205
9467 5466
9468 5825
9469 5888
9470 6026
9471 5635
9472 5270
9473 6114
9474 6084
9475 6093
9476 5416
9477 5733
9478 6305
9479 5826
9480 5877
9481 5560
9482 5965
9483 4940
9484 5042
9485 6378
9486 6470
9487 6250
9488 5553
9489 5122
9490 5403
9491 7325
9492 6690
9493 5471
9494 5383
9495 5056
9496 5279
9497 5466
9498 5654
9499 6183
9500 5882
9501 5643
9502 6999
9503 6776
9504 5026
9505 5725
9506 5967
9507 5496
9508 5635
9509 6276
9510 5144
9511 4908
9512 5104
9513 6100
9514 5512
9515 5731
9516 6442
9517 5424
9518 5837
9519 5216
9520 7233
9521 6016
9522 6145
9523 5087
9524 5087
9525 -994513
9526 5882
9527 5519
9528 5088
9529 5463
9530 5089
9531 5962
9532 5589
9533 5224
9534 5949
9535 5713
9536 5215
9537 5209
9538 6904
9539 6025
9540 5086
9541 5338
9542 5589
9543 5088
9544 5464
9545 5966
9546 5459
9547 5715
9548 5214
9549 5089
9550 5462
9551 5719
9552 5332
9553 5470
9554 5949
9555 6029
9556 6354
9557 5008
9558 5674
9559 5324
9560 5089
9561 5472
9562 5077
9563 4963
9564 5092
9565 6155
9566 5645
9567 5836
9568 5344
9569 5902
9570 5396
9571 5339
9572 5084
9573 4961
9574 5717
9575 7155
9576 5518
9577 5494
9578 5162
9579 6285
9580 5392
9581 5465
9582 5587
9583 5480
9584 5196
9585 5343
9586 5077
9587 5100
9588 5074
9589 6048
9590 5377
9591 5341
9592 5464
9593 6219
9594 5582
9595 5070
9596 5719
9597 5954
9598 5213
9599 5339
9600 5087
9601 5088
9602 5212
9603 5718
9604 5211
9605 5806
9606 5743
9607 5656
9608 5330
9609 5533
9610 5210
9611 5907
9612 6528
9613 5707
9614 5092
9615 5082
9616 5218
9617 5327
9618 5221
9619 5512
9620 6363
9621 5248
9622 5214
9623 5468
9624 5201
9625 5257
9626 5550
9627 5720
9628 5304
9629 5679
9630 6399
9631 6393
9632 5188
9633 6176
9634 5205
9635 5056
9636 5058
9637 5226
9638 5915
9639 5254
9640 5288
9641 5846
9642 5927
9643 5056
9644 4983
9645 5599
9646 5815
9647 5434
9648 9114
9649 5756
9650 5662
9651 5231
9652 5336
9653 6058
9654 5878
9655 5491
9656 5354
9657 5192
9658 5200
9659 5717
9660 5383
9661 5406
9662 5108
9663 5573
9664 5454
9665 6512
9666 7280
9667 7510
9668 5643
9669 5211
9670 5448
9671 5500
9672 5451
9673 6095
9674 5340
9675 5598
9676 5534
9677 6234
9678 5406
9679 5069
9680 5078
9681 5589
9682 5942
9683 6368
9684 6740
9685 5065
9686 6135
9687 6324
9688 6470
9689 5277
9690 5460
9691 5088
9692 5503
9693 6054
9694 5872
9695 5048
9696 5212
9697 5090
9698 5086
9699 5214
9700 4965
9701 6710
9702 -993282
9703 6706
9704 4967
9705 5210
9706 5962
9707 5963
9708 5212
9709 6012
9710 5290
9711 6963
9712 5748
9713 6340
9714 5287
9715 5840
9716 5570
9717 5331
9718 5638
9719 6286
9720 5473
9721 5584
9722 6221
9723 5326
9724 5966
9725 5644
9726 5270
9727 5844
9728 5585
9729 5719
9730 5574
9731 5089
9732 5711
9733 5587
9734 5506
9735 6037
9736 5536
9737 6147
9738 5830
9739 5336
9740 6088
9741 6086
9742 5355
9743 5946
9744 5520
9745 5176
9746 5729
9747 5414
9748 6177
9749 5201
9750 5413
9751 5416
9752 5063
9753 5321
9754 6387
9755 6142
9756 5210
9757 5898
9758 5522
9759 5087
9760 5453
9761 5684
9762 5732
9763 5439
9764 7068
9765 6040
9766 6617
9767 5584
9768 5678
9769 5687
9770 6391
9771 6003
9772 7228
9773 4965
9774 5679
9775 5565
9776 5441
9777 6369
9778 6020
9779 5367
9780 5145
9781 5605
9782 6389
9783 5209
9784 5542
9785 5566
9786 5185
9787 6082
9788 5047
9789 5326
9790 7612
9791 6383
9792 5565
9793 5076
9794 5303
9795 5561
9796 5959
9797 5638
9798 5144
9799 5424
9800 5059
9801 5656
9802 7298
9803 5198
9804 5902
9805 6074
9806 5559
9807 5282
9808 7605
9809 5199
9810 6038
9811 6240
9812 5818
9813 6516
9814 5792
9815 5035
9816 5827
9817 7091
9818 6842
9819 5202
9820 5960
9821 4964
9822 5970
9823 5202
9824 5589
9825 5956
9826 5158
9827 5306
9828 5724
9829 5685
9830 5297
9831 6268
9832 6130
9833 5802
9834 5479
9835 5904
9836 5847
9837 6189
9838 5487
9839 5064
9840 5465
9841 5490
9842 5431
9843 6024
9844 6177
9845 5438
9846 6580
9847 4966
9848 5260
9849 5053
9850 5061
9851 5343
9852 6840
9853 5210
9854 5202
9855 5839
9856 6337
9857 5086
9858 5070
9859 5108
9860 5460
9861 6086
9862 5846
9863 6017
9864 5772
9865 5210
9866 5764
9867 5137
9868 5537
9869 5283
9870 5344
9871 5455
9872 4951
9873 5463
9874 5465
9875 5604
9876 -994415
9877 5262
9878 5326
9879 5277
9880 5719
9881 5775
9882 5262
9883 4959
9884 5659
9885 5273
9886 5549
9887 5497
9888 5091
9889 5601
9890 5318
9891 5712
9892 5463
9893 5212
9894 6011
9895 5668
9896 5082
9897 5862
9898 7324
9899 5446
9900 5587
9901 5214
9902 5838
9903 5085
9904 5098
9905 6615
9906 5287
9907 6391
9908 5900
9909 6150
9910 5273
9911 5088
9912 5096
9913 6703
9914 6018
9915 5301
9916 5952
9917 5074
9918 5582
9919 5338
9920 5714
9921 6271
9922 5400
9923 6400
9924 5554
9925 5431
9926 5743
9927 5063
9928 6460
9929 5962
9930 6204
9931 5906
9932 5918
9933 5073
9934 7020
9935 5123
9936 5464
9937 5468
9938 5337
9939 6270
9940 5397
9941 4965
9942 6526
9943 5282
9944 5197
9945 5096
9946 5076
9947 5839
9948 5400
9949 5523
9950 5209
9951 5096
9952 6099
9953 5962
9954 5442
9955 6160
9956 5648
9957 5329
9958 5772
9959 5528
9960 5781
9961 5894
9962 5219
9963 5708
9964 5485
9965 5444
9966 4961
9967 5862
9968 6018
9969 5505
9970 5838
9971 4962
9972 5463
9973 5089
9974 5274
9975 5397
9976 5088
9977 5090
9978 5280
9979 5395
9980 5473
9981 5333
9982 5714
9983 5337
9984 6006
9985 5433
9986 5270
9987 5338
9988 5024
9989 7621
9990 6162
9991 6099
9992 5683
9993 5395
9994 5481
9995 5358
9996 5867
9997 5620
9998 5861
9999 5173
