0 87
1 20
2 19
3 17
4 18
5 19
6 18
7 17
8 17
9 18
10 19
11 17
12 17
13 17
14 18
15 17
16 18
17 17
18 18
19 18
20 18
21 18
22 17
23 17
24 17
25 20
26 18
27 18
28 18
29 37
30 20
31 18
32 18
33 17
34 19
35 19
36 18
37 18
38 18
39 19
40 19
41 18
42 18
43 19
44 21
45 18
46 17
47 18
48 18
49 18
50 18
51 18
52 18
53 17
54 17
55 18
56 17
57 18
58 18
59 18
60 17
61 18
62 19
63 17
64 18
65 18
66 18
67 17
68 18
69 17
70 17
71 17
72 17
73 18
74 17
75 17
76 17
77 17
78 18
79 18
80 18
81 19
82 18
83 17
84 18
85 17
86 17
87 18
88 17
89 18
90 19
91 18
92 18
93 17
94 17
95 17
96 17
97 17
98 17
99 17
100 17
101 17
102 17
103 17
104 17
105 17
106 18
107 19
108 18
109 17
110 17
111 17
112 18
113 18
114 18
115 17
116 18
117 18
118 18
119 18
120 17
121 17
122 17
123 17
124 18
125 18
126 18
127 18
128 18
129 18
130 18
131 18
132 18
133 17
134 17
135 18
136 19
137 17
138 19
139 18
140 17
141 17
142 17
143 18
144 18
145 17
146 18
147 39
148 20
149 28
150 18
151 18
152 18
153 18
154 26
155 18
156 17
157 17
158 17
159 18
160 17
161 17
162 18
163 18
164 17
165 17
166 17
167 18
168 18
169 18
170 17
171 18
172 18
173 18
174 18
175 18
176 18
177 17
178 17
179 20
180 18
181 17
182 17
183 17
184 17
185 17
186 17
187 17
188 18
189 17
190 18
191 19
192 18
193 17
194 20
195 19
196 19
197 19
198 21
199 19
200 18
201 19
202 17
203 18
204 18
205 18
206 18
207 18
208 19
209 17
210 18
211 17
212 17
213 17
214 17
215 17
216 19
217 18
218 20
219 18
220 20
221 19
222 20
223 21
224 20
225 18
226 17
227 19
228 20
229 20
230 19
231 18
232 20
233 24
234 20
235 20
236 19
237 18
238 18
239 18
240 19
241 19
242 17
243 18
244 18
245 18
246 18
247 18
248 21
249 18
250 18
251 18
252 19
253 22
254 21
255 18
256 19
257 17
258 17
259 17
260 19
261 17
262 19
263 23
264 20
265 21
266 19
267 18
268 18
269 18
270 19
271 19
272 18
273 18
274 18
275 17
276 17
277 17
278 18
279 21
280 19
281 18
282 19
283 19
284 20
285 21
286 21
287 18
288 20
289 18
290 19
291 18
292 17
293 18
294 20
295 18
296 17
297 18
298 18
299 19
300 22
301 22
302 19
303 19
304 20
305 19
306 19
307 18
308 18
309 18
310 18
311 18
312 19
313 19
314 17
315 19
316 19
317 18
318 381
319 18
320 18
321 17
322 17
323 17
324 17
325 17
326 17
327 30
328 18
329 17
330 18
331 18
332 18
333 19
334 17
335 17
336 17
337 18
338 26
339 18
340 18
341 17
342 17
343 18
344 18
345 17
346 17
347 17
348 18
349 17
350 17
351 18
352 18
353 18
354 17
355 18
356 17
357 18
358 18
359 18
360 18
361 17
362 20
363 17
364 17
365 17
366 18
367 18
368 18
369 18
370 17
371 18
372 19
373 18
374 18
375 18
376 17
377 17
378 17
379 17
380 17
381 17
382 18
383 20
384 18
385 18
386 17
387 24
388 18
389 18
390 18
391 18
392 17
393 19
394 19
395 18
396 18
397 17
398 18
399 18
400 18
401 18
402 17
403 17
404 18
405 17
406 17
407 17
408 18
409 17
410 17
411 18
412 18
413 17
414 17
415 18
416 27
417 19
418 18
419 17
420 17
421 17
422 17
423 17
424 18
425 18
426 18
427 18
428 17
429 18
430 18
431 17
432 18
433 19
434 17
435 18
436 17
437 17
438 18
439 17
440 17
441 17
442 18
443 18
444 18
445 17
446 17
447 18
448 28
449 18
450 18
451 18
452 17
453 17
454 17
455 17
456 18
457 17
458 18
459 18
460 18
461 18
462 19
463 18
464 18
465 18
466 23
467 18
468 18
469 18
470 19
471 19
472 18
473 17
474 17
475 17
476 18
477 17
478 29
479 18
480 18
481 18
482 18
483 18
484 18
485 18
486 18
487 18
488 17
489 17
490 18
491 18
492 18
493 19
494 17
495 18
496 18
497 18
498 18
499 18
500 18
501 18
502 18
503 17
504 18
505 17
506 18
507 18
508 18
509 17
510 18
511 17
512 18
513 17
514 18
515 18
516 18
517 18
518 18
519 17
520 18
521 18
522 18
523 17
524 18
525 18
526 18
527 18
528 18
529 17
530 19
531 18
532 18
533 19
534 17
535 18
536 18
537 17
538 19
539 17
540 17
541 18
542 18
543 18
544 17
545 18
546 18
547 18
548 20
549 17
550 17
551 18
552 18
553 18
554 17
555 18
556 18
557 18
558 17
559 17
560 18
561 17
562 18
563 18
564 17
565 17
566 17
567 18
568 18
569 17
570 18
571 18
572 17
573 17
574 18
575 17
576 18
577 18
578 17
579 18
580 18
581 18
582 17
583 18
584 18
585 17
586 17
587 18
588 17
589 17
590 18
591 18
592 18
593 17
594 17
595 18
596 18
597 18
598 18
599 19
600 18
601 17
602 17
603 18
604 18
605 17
606 18
607 18
608 18
609 17
610 18
611 17
612 18
613 18
614 18
615 18
616 18
617 17
618 17
619 18
620 18
621 17
622 17
623 17
624 17
625 17
626 19
627 19
628 18
629 18
630 18
631 19
632 18
633 19
634 18
635 18
636 18
637 19
638 18
639 17
640 17
641 18
642 17
643 18
644 18
645 17
646 17
647 18
648 17
649 17
650 17
651 17
652 17
653 18
654 30
655 33
656 17
657 18
658 17
659 18
660 18
661 17
662 17
663 17
664 18
665 17
666 20
667 18
668 18
669 18
670 20
671 17
672 18
673 18
674 18
675 17
676 18
677 18
678 18
679 17
680 19
681 18
682 19
683 18
684 18
685 17
686 17
687 18
688 17
689 18
690 18
691 17
692 18
693 18
694 18
695 17
696 18
697 17
698 20
699 17
700 17
701 17
702 18
703 18
704 17
705 17
706 17
707 17
708 18
709 19
710 17
711 17
712 18
713 27
714 19
715 18
716 19
717 18
718 17
719 17
720 18
721 18
722 18
723 18
724 17
725 20
726 17
727 18
728 17
729 18
730 18
731 18
732 18
733 18
734 17
735 18
736 17
737 18
738 17
739 17
740 17
741 18
742 17
743 18
744 17
745 18
746 19
747 19
748 17
749 18
750 18
751 18
752 18
753 18
754 17
755 18
756 17
757 17
758 17
759 17
760 18
761 18
762 26
763 18
764 18
765 17
766 17
767 17
768 17
769 17
770 18
771 19
772 18
773 19
774 18
775 18
776 17
777 17
778 18
779 19
780 18
781 18
782 18
783 27
784 18
785 18
786 17
787 17
788 25
789 19
790 18
791 18
792 18
793 19
794 18
795 18
796 17
797 18
798 18
799 20
800 19
801 18
802 18
803 18
804 18
805 17
806 18
807 17
808 18
809 17
810 18
811 18
812 18
813 17
814 17
815 18
816 18
817 17
818 18
819 18
820 17
821 17
822 17
823 17
824 20
825 18
826 18
827 18
828 17
829 27
830 17
831 17
832 28
833 18
834 19
835 17
836 18
837 19
838 18
839 18
840 18
841 17
842 17
843 17
844 18
845 17
846 18
847 18
848 18
849 17
850 17
851 17
852 18
853 18
854 19
855 17
856 18
857 18
858 18
859 18
860 18
861 18
862 19
863 17
864 17
865 18
866 18
867 19
868 18
869 19
870 17
871 17
872 18
873 18
874 18
875 18
876 19
877 19
878 18
879 18
880 17
881 19
882 19
883 18
884 18
885 17
886 17
887 19
888 17
889 18
890 17
891 18
892 18
893 18
894 18
895 18
896 17
897 18
898 17
899 18
900 18
901 18
902 17
903 21
904 18
905 17
906 18
907 18
908 17
909 17
910 18
911 18
912 19
913 18
914 18
915 18
916 17
917 17
918 18
919 17
920 17
921 18
922 18
923 17
924 18
925 27
926 19
927 17
928 18
929 17
930 17
931 18
932 18
933 17
934 21
935 17
936 18
937 18
938 17
939 17
940 17
941 18
942 19
943 17
944 18
945 18
946 18
947 18
948 18
949 18
950 18
951 17
952 18
953 19
954 17
955 17
956 17
957 17
958 18
959 17
960 17
961 17
962 17
963 18
964 18
965 18
966 18
967 18
968 17
969 18
970 17
971 17
972 18
973 18
974 18
975 19
976 17
977 18
978 18
979 18
980 17
981 17
982 18
983 18
984 17
985 17
986 18
987 17
988 17
989 18
990 17
991 27
992 18
993 17
994 18
995 17
996 18
997 17
998 20
999 19
1000 18
1001 18
1002 18
1003 18
1004 24
1005 18
1006 17
1007 18
1008 17
1009 17
1010 17
1011 17
1012 18
1013 18
1014 18
1015 18
1016 18
1017 18
1018 17
1019 18
1020 18
1021 18
1022 18
1023 17
1024 18
1025 18
1026 19
1027 19
1028 18
1029 17
1030 17
1031 17
1032 17
1033 18
1034 18
1035 17
1036 17
1037 17
1038 18
1039 17
1040 17
1041 17
1042 18
1043 18
1044 19
1045 18
1046 17
1047 18
1048 18
1049 18
1050 18
1051 18
1052 18
1053 19
1054 18
1055 18
1056 20
1057 17
1058 17
1059 18
1060 18
1061 17
1062 18
1063 19
1064 16
1065 18
1066 18
1067 19
1068 18
1069 17
1070 18
1071 17
1072 18
1073 19
1074 19
1075 18
1076 17
1077 18
1078 18
1079 18
1080 20
1081 18
1082 17
1083 18
1084 18
1085 18
1086 18
1087 17
1088 19
1089 17
1090 17
1091 17
1092 18
1093 18
1094 17
1095 18
1096 28
1097 19
1098 18
1099 17
1100 18
1101 17
1102 18
1103 18
1104 17
1105 18
1106 18
1107 18
1108 20
1109 18
1110 18
1111 18
1112 18
1113 19
1114 18
1115 18
1116 18
1117 18
1118 18
1119 18
1120 18
1121 18
1122 18
1123 18
1124 18
1125 18
1126 17
1127 17
1128 19
1129 19
1130 18
1131 18
1132 17
1133 18
1134 17
1135 17
1136 17
1137 17
1138 18
1139 17
1140 18
1141 17
1142 17
1143 17
1144 18
1145 17
1146 20
1147 18
1148 17
1149 17
1150 18
1151 17
1152 17
1153 17
1154 17
1155 17
1156 20
1157 19
1158 18
1159 19
1160 17
1161 17
1162 17
1163 17
1164 17
1165 17
1166 17
1167 18
1168 20
1169 18
1170 18
1171 17
1172 22
1173 17
1174 17
1175 17
1176 18
1177 17
1178 17
1179 17
1180 32
1181 18
1182 17
1183 18
1184 18
1185 17
1186 18
1187 18
1188 17
1189 17
1190 18
1191 17
1192 17
1193 18
1194 17
1195 17
1196 18
1197 17
1198 17
1199 27
1200 19
1201 17
1202 18
1203 17
1204 18
1205 17
1206 18
1207 17
1208 17
1209 17
1210 18
1211 18
1212 17
1213 18
1214 18
1215 18
1216 19
1217 17
1218 18
1219 18
1220 17
1221 17
1222 17
1223 17
1224 17
1225 18
1226 18
1227 18
1228 17
1229 18
1230 17
1231 17
1232 17
1233 18
1234 17
1235 18
1236 19
1237 18
1238 18
1239 17
1240 17
1241 18
1242 18
1243 17
1244 18
1245 17
1246 19
1247 18
1248 17
1249 18
1250 17
1251 18
1252 18
1253 17
1254 17
1255 17
1256 17
1257 17
1258 18
1259 18
1260 17
1261 17
1262 17
1263 17
1264 18
1265 17
1266 18
1267 18
1268 17
1269 17
1270 18
1271 17
1272 30
1273 18
1274 18
1275 17
1276 18
1277 17
1278 18
1279 18
1280 18
1281 17
1282 17
1283 18
1284 17
1285 18
1286 18
1287 17
1288 17
1289 17
1290 18
1291 18
1292 17
1293 18
1294 18
1295 18
1296 17
1297 17
1298 17
1299 18
1300 20
1301 17
1302 18
1303 17
1304 17
1305 17
1306 17
1307 18
1308 17
1309 18
1310 19
1311 18
1312 17
1313 18
1314 17
1315 18
1316 18
1317 18
1318 18
1319 18
1320 28
1321 19
1322 18
1323 18
1324 18
1325 17
1326 16
1327 18
1328 17
1329 17
1330 17
1331 18
1332 18
1333 18
1334 19
1335 18
1336 17
1337 17
1338 17
1339 17
1340 17
1341 17
1342 17
1343 18
1344 19
1345 17
1346 17
1347 18
1348 17
1349 17
1350 17
1351 17
1352 17
1353 17
1354 17
1355 17
1356 25
1357 18
1358 18
1359 17
1360 17
1361 19
1362 17
1363 18
1364 20
1365 17
1366 18
1367 18
1368 18
1369 17
1370 17
1371 18
1372 17
1373 17
1374 18
1375 18
1376 28
1377 19
1378 17
1379 17
1380 17
1381 17
1382 17
1383 17
1384 18
1385 18
1386 17
1387 18
1388 17
1389 18
1390 18
1391 17
1392 18
1393 19
1394 18
1395 17
1396 17
1397 18
1398 18
1399 17
1400 17
1401 17
1402 17
1403 17
1404 17
1405 17
1406 17
1407 17
1408 17
1409 18
1410 18
1411 17
1412 18
1413 18
1414 17
1415 17
1416 18
1417 17
1418 17
1419 17
1420 17
1421 18
1422 17
1423 17
1424 17
1425 17
1426 18
1427 17
1428 19
1429 17
1430 17
1431 17
1432 17
1433 17
1434 17
1435 16
1436 17
1437 26
1438 18
1439 17
1440 18
1441 18
1442 17
1443 17
1444 17
1445 17
1446 17
1447 17
1448 17
1449 17
1450 17
1451 17
1452 17
1453 17
1454 18
1455 19
1456 18
1457 18
1458 18
1459 17
1460 20
1461 18
1462 17
1463 17
1464 17
1465 18
1466 17
1467 17
1468 17
1469 17
1470 17
1471 27
1472 19
1473 18
1474 17
1475 17
1476 18
1477 18
1478 18
1479 17
1480 18
1481 18
1482 17
1483 17
1484 17
1485 17
1486 18
1487 18
1488 19
1489 18
1490 17
1491 17
1492 19
1493 17
1494 17
1495 17
1496 17
1497 18
1498 18
1499 18
1500 18
1501 18
1502 18
1503 18
1504 18
1505 18
1506 18
1507 17
1508 17
1509 16
1510 17
1511 17
1512 17
1513 17
1514 17
1515 18
1516 18
1517 17
1518 17
1519 17
1520 17
1521 18
1522 18
1523 17
1524 17
1525 17
1526 17
1527 18
1528 17
1529 18
1530 18
1531 17
1532 17
1533 17
1534 18
1535 31
1536 17
1537 17
1538 17
1539 17
1540 18
1541 17
1542 18
1543 18
1544 19
1545 18
1546 17
1547 17
1548 17
1549 17
1550 18
1551 17
1552 17
1553 17
1554 17
1555 19
1556 19
1557 18
1558 17
1559 17
1560 18
1561 18
1562 17
1563 17
1564 17
1565 17
1566 18
1567 17
1568 17
1569 17
1570 17
1571 18
1572 18
1573 18
1574 18
1575 18
1576 17
1577 18
1578 18
1579 18
1580 18
1581 17
1582 18
1583 18
1584 18
1585 17
1586 17
1587 17
1588 17
1589 17
1590 17
1591 17
1592 17
1593 17
1594 19
1595 18
1596 18
1597 18
1598 17
1599 18
1600 19
1601 17
1602 17
1603 17
1604 17
1605 19
1606 17
1607 17
1608 17
1609 17
1610 17
1611 17
1612 17
1613 17
1614 17
1615 17
1616 17
1617 17
1618 17
1619 17
1620 20
1621 17
1622 18
1623 17
1624 17
1625 17
1626 17
1627 17
1628 17
1629 17
1630 17
1631 17
1632 17
1633 17
1634 27
1635 18
1636 18
1637 17
1638 19
1639 18
1640 19
1641 17
1642 17
1643 17
1644 17
1645 17
1646 17
1647 17
1648 17
1649 17
1650 19
1651 18
1652 18
1653 17
1654 17
1655 18
1656 19
1657 18
1658 17
1659 17
1660 17
1661 17
1662 17
1663 17
1664 17
1665 17
1666 17
1667 17
1668 17
1669 17
1670 17
1671 17
1672 18
1673 17
1674 17
1675 18
1676 18
1677 17
1678 17
1679 17
1680 17
1681 17
1682 18
1683 17
1684 19
1685 17
1686 17
1687 17
1688 17
1689 17
1690 17
1691 18
1692 18
1693 17
1694 17
1695 17
1696 18
1697 18
1698 18
1699 18
1700 18
1701 17
1702 17
1703 17
1704 17
1705 17
1706 17
1707 17
1708 18
1709 17
1710 17
1711 17
1712 17
1713 17
1714 17
1715 24
1716 17
1717 17
1718 17
1719 17
1720 17
1721 17
1722 18
1723 17
1724 18
1725 18
1726 17
1727 17
1728 18
1729 17
1730 17
1731 17
1732 17
1733 17
1734 17
1735 17
1736 17
1737 17
1738 17
1739 17
1740 17
1741 17
1742 17
1743 17
1744 18
1745 17
1746 17
1747 17
1748 18
1749 17
1750 17
1751 17
1752 18
1753 17
1754 18
1755 18
1756 17
1757 17
1758 18
1759 18
1760 17
1761 17
1762 17
1763 17
1764 17
1765 17
1766 17
1767 17
1768 17
1769 17
1770 17
1771 17
1772 17
1773 17
1774 18
1775 18
1776 18
1777 18
1778 18
1779 18
1780 18
1781 17
1782 18
1783 17
1784 17
1785 17
1786 17
1787 17
1788 17
1789 18
1790 18
1791 17
1792 19
1793 28
1794 19
1795 17
1796 18
1797 17
1798 17
1799 17
1800 17
1801 17
1802 17
1803 18
1804 17
1805 18
1806 17
1807 17
1808 17
1809 17
1810 17
1811 17
1812 17
1813 17
1814 18
1815 17
1816 17
1817 17
1818 17
1819 17
1820 17
1821 17
1822 17
1823 18
1824 17
1825 17
1826 17
1827 26
1828 18
1829 17
1830 18
1831 17
1832 17
1833 17
1834 17
1835 17
1836 17
1837 18
1838 18
1839 18
1840 18
1841 17
1842 19
1843 20
1844 18
1845 18
1846 18
1847 27
1848 19
1849 18
1850 18
1851 17
1852 17
1853 17
1854 18
1855 17
1856 17
1857 18
1858 18
1859 18
1860 17
1861 18
1862 18
1863 17
1864 17
1865 17
1866 18
1867 17
1868 17
1869 18
1870 17
1871 17
1872 17
1873 17
1874 18
1875 17
1876 17
1877 18
1878 18
1879 17
1880 18
1881 18
1882 17
1883 31
1884 18
1885 17
1886 26
1887 18
1888 18
1889 17
1890 18
1891 18
1892 20
1893 17
1894 18
1895 17
1896 17
1897 18
1898 18
1899 17
1900 18
1901 18
1902 17
1903 17
1904 18
1905 18
1906 18
1907 27
1908 19
1909 18
1910 17
1911 18
1912 18
1913 17
1914 17
1915 18
1916 18
1917 17
1918 17
1919 17
1920 17
1921 18
1922 18
1923 17
1924 19
1925 18
1926 18
1927 18
1928 17
1929 17
1930 18
1931 17
1932 17
1933 18
1934 17
1935 17
1936 17
1937 17
1938 18
1939 18
1940 27
1941 19
1942 17
1943 17
1944 17
1945 17
1946 17
1947 17
1948 17
1949 17
1950 17
1951 17
1952 17
1953 17
1954 17
1955 17
1956 17
1957 18
1958 19
1959 18
1960 18
1961 18
1962 17
1963 18
1964 17
1965 17
1966 18
1967 17
1968 19
1969 18
1970 18
1971 17
1972 17
1973 18
1974 17
1975 18
1976 17
1977 17
1978 17
1979 18
1980 18
1981 18
1982 17
1983 18
1984 18
1985 19
1986 17
1987 17
1988 18
1989 17
1990 17
1991 19
1992 17
1993 17
1994 18
1995 18
1996 19
1997 18
1998 18
1999 22
2000 17
2001 18
2002 18
2003 18
2004 17
2005 17
2006 18
2007 17
2008 17
2009 17
2010 17
2011 17
2012 17
2013 17
2014 18
2015 17
2016 17
2017 17
2018 18
2019 19
2020 18
2021 17
2022 18
2023 18
2024 18
2025 17
2026 17
2027 18
2028 17
2029 17
2030 18
2031 18
2032 18
2033 17
2034 17
2035 19
2036 17
2037 18
2038 18
2039 17
2040 18
2041 17
2042 17
2043 17
2044 18
2045 18
2046 17
2047 17
2048 18
2049 17
2050 17
2051 18
2052 18
2053 17
2054 18
2055 17
2056 17
2057 18
2058 18
2059 17
2060 19
2061 18
2062 17
2063 18
2064 28
2065 18
2066 18
2067 18
2068 17
2069 17
2070 17
2071 17
2072 17
2073 17
2074 18
2075 18
2076 17
2077 18
2078 18
2079 18
2080 19
2081 18
2082 18
2083 18
2084 18
2085 19
2086 18
2087 17
2088 17
2089 17
2090 19
2091 18
2092 18
2093 17
2094 17
2095 17
2096 17
2097 17
2098 17
2099 17
2100 17
2101 17
2102 17
2103 17
2104 17
2105 17
2106 18
2107 18
2108 18
2109 18
2110 18
2111 18
2112 17
2113 17
2114 17
2115 17
2116 17
2117 17
2118 18
2119 18
2120 18
2121 17
2122 18
2123 18
2124 18
2125 17
2126 17
2127 17
2128 17
2129 17
2130 17
2131 17
2132 17
2133 17
2134 17
2135 17
2136 17
2137 18
2138 17
2139 17
2140 17
2141 17
2142 17
2143 17
2144 18
2145 17
2146 18
2147 18
2148 17
2149 17
2150 17
2151 17
2152 18
2153 18
2154 17
2155 17
2156 18
2157 18
2158 18
2159 17
2160 17
2161 17
2162 17
2163 26
2164 19
2165 18
2166 17
2167 17
2168 17
2169 17
2170 17
2171 17
2172 17
2173 17
2174 17
2175 17
2176 17
2177 17
2178 17
2179 17
2180 18
2181 18
2182 18
2183 17
2184 17
2185 16
2186 17
2187 17
2188 18
2189 17
2190 17
2191 17
2192 17
2193 17
2194 17
2195 17
2196 18
2197 18
2198 17
2199 18
2200 18
2201 17
2202 17
2203 17
2204 17
2205 17
2206 17
2207 17
2208 17
2209 17
2210 17
2211 17
2212 18
2213 18
2214 18
2215 18
2216 18
2217 18
2218 18
2219 17
2220 17
2221 17
2222 18
2223 18
2224 17
2225 19
2226 18
2227 18
2228 18
2229 18
2230 18
2231 19
2232 19
2233 18
2234 18
2235 18
2236 18
2237 18
2238 37
2239 20
2240 18
2241 17
2242 17
2243 17
2244 17
2245 17
2246 17
2247 17
2248 17
2249 17
2250 17
2251 17
2252 18
2253 18
2254 18
2255 17
2256 18
2257 18
2258 17
2259 17
2260 17
2261 17
2262 17
2263 18
2264 17
2265 17
2266 17
2267 18
2268 18
2269 18
2270 18
2271 17
2272 18
2273 17
2274 17
2275 27
2276 19
2277 18
2278 17
2279 17
2280 17
2281 17
2282 17
2283 17
2284 17
2285 17
2286 17
2287 17
2288 17
2289 17
2290 17
2291 18
2292 18
2293 18
2294 18
2295 18
2296 18
2297 17
2298 17
2299 17
2300 17
2301 17
2302 18
2303 19
2304 17
2305 18
2306 18
2307 18
2308 18
2309 17
2310 17
2311 17
2312 17
2313 18
2314 18
2315 18
2316 18
2317 17
2318 17
2319 17
2320 17
2321 17
2322 17
2323 17
2324 17
2325 17
2326 17
2327 18
2328 17
2329 17
2330 17
2331 18
2332 18
2333 17
2334 17
2335 17
2336 17
2337 17
2338 18
2339 18
2340 18
2341 18
2342 17
2343 17
2344 17
2345 18
2346 18
2347 18
2348 18
2349 19
2350 17
2351 17
2352 27
2353 18
2354 17
2355 17
2356 18
2357 18
2358 18
2359 17
2360 18
2361 18
2362 18
2363 18
2364 17
2365 18
2366 18
2367 18
2368 18
2369 19
2370 18
2371 18
2372 17
2373 17
2374 18
2375 17
2376 18
2377 17
2378 17
2379 17
2380 18
2381 18
2382 18
2383 18
2384 17
2385 27
2386 19
2387 17
2388 17
2389 17
2390 18
2391 17
2392 18
2393 18
2394 17
2395 18
2396 18
2397 17
2398 17
2399 17
2400 17
2401 17
2402 17
2403 17
2404 18
2405 17
2406 18
2407 17
2408 17
2409 17
2410 17
2411 17
2412 18
2413 18
2414 17
2415 19
2416 18
2417 19
2418 18
2419 19
2420 19
2421 19
2422 17
2423 17
2424 18
2425 18
2426 17
2427 17
2428 18
2429 18
2430 18
2431 18
2432 18
2433 18
2434 17
2435 17
2436 18
2437 18
2438 17
2439 17
2440 18
2441 18
2442 18
2443 19
2444 17
2445 17
2446 28
2447 19
2448 18
2449 18
2450 17
2451 25
2452 18
2453 18
2454 17
2455 17
2456 17
2457 17
2458 17
2459 17
2460 17
2461 17
2462 17
2463 17
2464 17
2465 17
2466 17
2467 17
2468 18
2469 18
2470 17
2471 18
2472 18
2473 18
2474 18
2475 18
2476 18
2477 18
2478 18
2479 17
2480 17
2481 17
2482 17
2483 17
2484 17
2485 17
2486 18
2487 17
2488 17
2489 17
2490 17
2491 17
2492 17
2493 17
2494 17
2495 17
2496 22
2497 17
2498 17
2499 18
2500 19
2501 17
2502 17
2503 17
2504 17
2505 17
2506 17
2507 17
2508 17
2509 18
2510 17
2511 17
2512 17
2513 27
2514 18
2515 17
2516 17
2517 17
2518 18
2519 18
2520 18
2521 18
2522 18
2523 27
2524 18
2525 17
2526 18
2527 17
2528 17
2529 19
2530 18
2531 17
2532 18
2533 17
2534 18
2535 17
2536 17
2537 17
2538 17
2539 17
2540 17
2541 17
2542 18
2543 17
2544 18
2545 18
2546 18
2547 17
2548 18
2549 17
2550 17
2551 17
2552 17
2553 17
2554 18
2555 18
2556 18
2557 18
2558 17
2559 17
2560 17
2561 17
2562 27
2563 18
2564 18
2565 17
2566 18
2567 18
2568 19
2569 17
2570 18
2571 17
2572 17
2573 17
2574 17
2575 17
2576 17
2577 17
2578 17
2579 17
2580 17
2581 17
2582 17
2583 17
2584 17
2585 19
2586 17
2587 18
2588 17
2589 17
2590 18
2591 19
2592 18
2593 18
2594 17
2595 17
2596 17
2597 17
2598 17
2599 17
2600 17
2601 17
2602 17
2603 18
2604 20
2605 17
2606 17
2607 19
2608 17
2609 17
2610 17
2611 17
2612 17
2613 17
2614 17
2615 17
2616 17
2617 17
2618 18
2619 17
2620 17
2621 18
2622 18
2623 18
2624 19
2625 18
2626 17
2627 17
2628 17
2629 17
2630 17
2631 17
2632 17
2633 17
2634 17
2635 18
2636 18
2637 18
2638 17
2639 17
2640 18
2641 18
2642 18
2643 17
2644 17
2645 17
2646 18
2647 17
2648 17
2649 18
2650 17
2651 27
2652 19
2653 17
2654 17
2655 17
2656 26
2657 18
2658 17
2659 18
2660 17
2661 17
2662 19
2663 17
2664 17
2665 18
2666 17
2667 18
2668 20
2669 17
2670 18
2671 17
2672 17
2673 18
2674 18
2675 17
2676 17
2677 17
2678 17
2679 17
2680 17
2681 17
2682 17
2683 18
2684 17
2685 18
2686 18
2687 17
2688 17
2689 18
2690 18
2691 17
2692 19
2693 18
2694 17
2695 18
2696 18
2697 17
2698 17
2699 17
2700 18
2701 18
2702 18
2703 18
2704 17
2705 17
2706 17
2707 17
2708 18
2709 18
2710 18
2711 18
2712 17
2713 18
2714 28
2715 19
2716 18
2717 17
2718 18
2719 17
2720 17
2721 17
2722 18
2723 18
2724 18
2725 18
2726 17
2727 17
2728 25
2729 18
2730 17
2731 17
2732 20
2733 18
2734 19
2735 18
2736 17
2737 17
2738 18
2739 18
2740 17
2741 17
2742 17
2743 18
2744 18
2745 18
2746 17
2747 17
2748 17
2749 18
2750 18
2751 19
2752 18
2753 18
2754 17
2755 17
2756 18
2757 17
2758 17
2759 18
2760 17
2761 18
2762 18
2763 18
2764 18
2765 18
2766 17
2767 17
2768 18
2769 28
2770 19
2771 17
2772 17
2773 17
2774 18
2775 18
2776 18
2777 17
2778 17
2779 17
2780 17
2781 17
2782 17
2783 18
2784 18
2785 19
2786 19
2787 17
2788 17
2789 18
2790 17
2791 17
2792 17
2793 18
2794 18
2795 18
2796 19
2797 18
2798 17
2799 18
2800 27
2801 18
2802 17
2803 17
2804 17
2805 18
2806 18
2807 18
2808 18
2809 17
2810 17
2811 17
2812 17
2813 17
2814 17
2815 17
2816 27
2817 18
2818 18
2819 18
2820 18
2821 17
2822 17
2823 18
2824 18
2825 17
2826 17
2827 17
2828 18
2829 18
2830 17
2831 17
2832 17
2833 18
2834 18
2835 18
2836 17
2837 18
2838 17
2839 17
2840 18
2841 17
2842 17
2843 18
2844 18
2845 19
2846 17
2847 17
2848 17
2849 26
2850 18
2851 18
2852 18
2853 17
2854 18
2855 17
2856 17
2857 17
2858 17
2859 17
2860 19
2861 17
2862 17
2863 17
2864 17
2865 17
2866 17
2867 18
2868 18
2869 17
2870 16
2871 17
2872 17
2873 17
2874 17
2875 17
2876 17
2877 17
2878 17
2879 17
2880 17
2881 17
2882 17
2883 18
2884 19
2885 18
2886 17
2887 17
2888 17
2889 17
2890 18
2891 18
2892 17
2893 17
2894 17
2895 17
2896 17
2897 17
2898 17
2899 17
2900 18
2901 19
2902 19
2903 17
2904 17
2905 17
2906 19
2907 18
2908 18
2909 17
2910 18
2911 18
2912 18
2913 17
2914 17
2915 17
2916 17
2917 17
2918 17
2919 17
2920 16
2921 17
2922 27
2923 18
2924 19
2925 17
2926 17
2927 18
2928 19
2929 18
2930 18
2931 17
2932 18
2933 18
2934 18
2935 17
2936 18
2937 17
2938 17
2939 17
2940 17
2941 17
2942 17
2943 17
2944 17
2945 18
2946 18
2947 32
2948 17
2949 18
2950 17
2951 17
2952 17
2953 17
2954 17
2955 17
2956 18
2957 19
2958 18
2959 17
2960 17
2961 17
2962 17
2963 17
2964 17
2965 17
2966 17
2967 18
2968 18
2969 18
2970 17
2971 17
2972 17
2973 19
2974 18
2975 18
2976 18
2977 17
2978 18
2979 17
2980 17
2981 17
2982 17
2983 17
2984 17
2985 18
2986 18
2987 17
2988 20
2989 18
2990 18
2991 18
2992 17
2993 17
2994 17
2995 17
2996 17
2997 17
2998 17
2999 17
3000 17
3001 17
3002 17
3003 17
3004 17
3005 17
3006 17
3007 17
3008 17
3009 18
3010 17
3011 17
3012 17
3013 17
3014 19
3015 18
3016 17
3017 18
3018 18
3019 18
3020 18
3021 18
3022 17
3023 17
3024 17
3025 17
3026 17
3027 17
3028 17
3029 17
3030 17
3031 17
3032 17
3033 17
3034 17
3035 18
3036 17
3037 17
3038 17
3039 17
3040 17
3041 26
3042 18
3043 17
3044 17
3045 17
3046 18
3047 18
3048 17
3049 17
3050 17
3051 17
3052 19
3053 18
3054 17
3055 18
3056 18
3057 17
3058 17
3059 17
3060 17
3061 17
3062 17
3063 17
3064 17
3065 17
3066 17
3067 17
3068 17
3069 18
3070 18
3071 19
3072 17
3073 17
3074 17
3075 18
3076 17
3077 17
3078 17
3079 17
3080 17
3081 17
3082 17
3083 17
3084 17
3085 19
3086 18
3087 18
3088 17
3089 17
3090 17
3091 17
3092 17
3093 17
3094 17
3095 17
3096 17
3097 17
3098 17
3099 17
3100 17
3101 17
3102 18
3103 17
3104 18
3105 18
3106 17
3107 17
3108 17
3109 17
3110 17
3111 17
3112 17
3113 17
3114 17
3115 17
3116 20
3117 17
3118 17
3119 18
3120 17
3121 17
3122 17
3123 17
3124 17
3125 17
3126 17
3127 278
3128 18
3129 18
3130 17
3131 18
3132 17
3133 18
3134 17
3135 18
3136 19
3137 18
3138 18
3139 18
3140 17
3141 18
3142 18
3143 17
3144 17
3145 18
3146 18
3147 17
3148 18
3149 18
3150 17
3151 18
3152 18
3153 18
3154 18
3155 17
3156 18
3157 17
3158 17
3159 17
3160 17
3161 17
3162 17
3163 18
3164 18
3165 17
3166 17
3167 17
3168 29
3169 18
3170 17
3171 17
3172 17
3173 17
3174 17
3175 18
3176 18
3177 18
3178 18
3179 17
3180 18
3181 17
3182 17
3183 18
3184 18
3185 18
3186 18
3187 18
3188 17
3189 18
3190 17
3191 18
3192 18
3193 18
3194 17
3195 17
3196 17
3197 18
3198 18
3199 17
3200 17
3201 18
3202 18
3203 17
3204 17
3205 18
3206 17
3207 18
3208 18
3209 17
3210 18
3211 17
3212 17
3213 18
3214 18
3215 18
3216 18
3217 18
3218 26
3219 18
3220 17
3221 17
3222 17
3223 17
3224 17
3225 17
3226 17
3227 17
3228 18
3229 17
3230 19
3231 17
3232 18
3233 18
3234 18
3235 17
3236 17
3237 17
3238 17
3239 17
3240 26
3241 19
3242 18
3243 17
3244 17
3245 17
3246 17
3247 17
3248 18
3249 17
3250 18
3251 18
3252 19
3253 18
3254 17
3255 17
3256 17
3257 17
3258 17
3259 17
3260 17
3261 18
3262 26
3263 18
3264 17
3265 17
3266 17
3267 17
3268 17
3269 17
3270 17
3271 18
3272 18
3273 24
3274 19
3275 18
3276 17
3277 17
3278 18
3279 18
3280 17
3281 18
3282 18
3283 17
3284 18
3285 19
3286 18
3287 17
3288 17
3289 17
3290 17
3291 17
3292 32
3293 19
3294 17
3295 17
3296 18
3297 18
3298 18
3299 17
3300 17
3301 18
3302 18
3303 18
3304 17
3305 18
3306 17
3307 18
3308 18
3309 17
3310 17
3311 17
3312 17
3313 17
3314 17
3315 17
3316 17
3317 17
3318 18
3319 17
3320 18
3321 18
3322 17
3323 17
3324 17
3325 17
3326 17
3327 17
3328 17
3329 18
3330 18
3331 18
3332 18
3333 17
3334 17
3335 17
3336 17
3337 17
3338 17
3339 17
3340 18
3341 18
3342 18
3343 18
3344 17
3345 17
3346 18
3347 18
3348 18
3349 17
3350 21
3351 17
3352 17
3353 17
3354 17
3355 17
3356 17
3357 17
3358 18
3359 18
3360 18
3361 17
3362 18
3363 19
3364 17
3365 18
3366 18
3367 18
3368 17
3369 19
3370 18
3371 18
3372 18
3373 17
3374 17
3375 17
3376 17
3377 17
3378 17
3379 17
3380 18
3381 17
3382 17
3383 17
3384 18
3385 18
3386 18
3387 18
3388 17
3389 17
3390 17
3391 17
3392 17
3393 17
3394 17
3395 17
3396 18
3397 19
3398 17
3399 18
3400 17
3401 18
3402 18
3403 17
3404 17
3405 17
3406 18
3407 27
3408 19
3409 17
3410 17
3411 17
3412 17
3413 17
3414 17
3415 17
3416 17
3417 17
3418 18
3419 18
3420 18
3421 17
3422 18
3423 18
3424 18
3425 17
3426 17
3427 17
3428 18
3429 18
3430 18
3431 18
3432 17
3433 17
3434 18
3435 19
3436 19
3437 18
3438 18
3439 18
3440 18
3441 17
3442 18
3443 18
3444 18
3445 17
3446 18
3447 18
3448 18
3449 18
3450 18
3451 17
3452 17
3453 17
3454 17
3455 17
3456 17
3457 17
3458 18
3459 18
3460 17
3461 17
3462 18
3463 17
3464 17
3465 18
3466 18
3467 17
3468 27
3469 19
3470 33
3471 18
3472 17
3473 18
3474 18
3475 17
3476 17
3477 18
3478 18
3479 17
3480 18
3481 17
3482 18
3483 18
3484 17
3485 17
3486 18
3487 17
3488 17
3489 17
3490 18
3491 18
3492 19
3493 18
3494 18
3495 17
3496 17
3497 17
3498 17
3499 17
3500 17
3501 18
3502 18
3503 18
3504 18
3505 17
3506 17
3507 18
3508 18
3509 17
3510 18
3511 18
3512 19
3513 17
3514 17
3515 17
3516 18
3517 17
3518 17
3519 17
3520 17
3521 18
3522 17
3523 17
3524 18
3525 18
3526 18
3527 18
3528 18
3529 19
3530 18
3531 18
3532 18
3533 17
3534 18
3535 18
3536 18
3537 17
3538 17
3539 17
3540 18
3541 17
3542 17
3543 17
3544 17
3545 17
3546 28
3547 19
3548 18
3549 17
3550 17
3551 18
3552 18
3553 18
3554 17
3555 18
3556 25
3557 19
3558 18
3559 18
3560 18
3561 18
3562 18
3563 17
3564 18
3565 18
3566 17
3567 18
3568 19
3569 18
3570 17
3571 18
3572 19
3573 18
3574 18
3575 17
3576 18
3577 18
3578 18
3579 19
3580 17
3581 18
3582 17
3583 18
3584 17
3585 18
3586 18
3587 17
3588 18
3589 17
3590 17
3591 17
3592 18
3593 17
3594 17
3595 19
3596 17
3597 18
3598 18
3599 18
3600 18
3601 20
3602 18
3603 17
3604 18
3605 18
3606 18
3607 17
3608 17
3609 17
3610 18
3611 18
3612 17
3613 17
3614 18
3615 18
3616 18
3617 17
3618 19
3619 18
3620 19
3621 17
3622 17
3623 17
3624 17
3625 17
3626 17
3627 17
3628 17
3629 17
3630 17
3631 17
3632 17
3633 17
3634 19
3635 17
3636 18
3637 17
3638 17
3639 27
3640 18
3641 17
3642 17
3643 17
3644 17
3645 17
3646 17
3647 22
3648 17
3649 17
3650 17
3651 17
3652 17
3653 17
3654 17
3655 17
3656 17
3657 17
3658 18
3659 17
3660 17
3661 17
3662 17
3663 17
3664 17
3665 17
3666 17
3667 17
3668 27
3669 19
3670 18
3671 17
3672 17
3673 17
3674 17
3675 17
3676 17
3677 17
3678 17
3679 18
3680 17
3681 17
3682 17
3683 17
3684 18
3685 18
3686 18
3687 19
3688 18
3689 18
3690 19
3691 18
3692 17
3693 17
3694 17
3695 18
3696 17
3697 17
3698 17
3699 17
3700 17
3701 17
3702 18
3703 18
3704 18
3705 18
3706 18
3707 18
3708 18
3709 17
3710 17
3711 17
3712 18
3713 18
3714 18
3715 17
3716 17
3717 17
3718 18
3719 18
3720 17
3721 17
3722 17
3723 18
3724 18
3725 18
3726 18
3727 17
3728 18
3729 17
3730 17
3731 17
3732 17
3733 17
3734 17
3735 17
3736 17
3737 17
3738 17
3739 18
3740 19
3741 19
3742 18
3743 16
3744 18
3745 18
3746 17
3747 17
3748 17
3749 17
3750 17
3751 18
3752 19
3753 18
3754 18
3755 18
3756 18
3757 18
3758 18
3759 17
3760 18
3761 18
3762 18
3763 19
3764 18
3765 18
3766 17
3767 17
3768 17
3769 17
3770 17
3771 18
3772 17
3773 17
3774 18
3775 17
3776 17
3777 17
3778 17
3779 18
3780 18
3781 18
3782 18
3783 18
3784 18
3785 17
3786 17
3787 17
3788 18
3789 17
3790 18
3791 19
3792 18
3793 17
3794 17
3795 17
3796 17
3797 17
3798 18
3799 17
3800 17
3801 17
3802 17
3803 17
3804 17
3805 18
3806 17
3807 17
3808 19
3809 18
3810 18
3811 17
3812 17
3813 17
3814 17
3815 17
3816 17
3817 17
3818 17
3819 18
3820 18
3821 17
3822 17
3823 17
3824 18
3825 18
3826 30
3827 18
3828 17
3829 17
3830 17
3831 17
3832 17
3833 17
3834 18
3835 17
3836 17
3837 17
3838 17
3839 17
3840 28
3841 18
3842 18
3843 17
3844 17
3845 17
3846 19
3847 18
3848 18
3849 18
3850 18
3851 18
3852 17
3853 17
3854 17
3855 18
3856 18
3857 17
3858 18
3859 18
3860 18
3861 17
3862 17
3863 18
3864 18
3865 17
3866 18
3867 19
3868 18
3869 17
3870 18
3871 17
3872 17
3873 21
3874 18
3875 18
3876 19
3877 18
3878 18
3879 18
3880 18
3881 18
3882 18
3883 18
3884 18
3885 18
3886 18
3887 17
3888 18
3889 17
3890 18
3891 18
3892 17
3893 18
3894 18
3895 17
3896 17
3897 18
3898 17
3899 17
3900 17
3901 18
3902 27
3903 19
3904 17
3905 18
3906 18
3907 19
3908 18
3909 18
3910 17
3911 17
3912 18
3913 18
3914 17
3915 17
3916 18
3917 17
3918 17
3919 17
3920 18
3921 17
3922 18
3923 17
3924 18
3925 18
3926 17
3927 18
3928 18
3929 18
3930 18
3931 19
3932 17
3933 18
3934 18
3935 18
3936 18
3937 17
3938 18
3939 25
3940 19
3941 17
3942 18
3943 18
3944 17
3945 18
3946 18
3947 17
3948 17
3949 17
3950 19
3951 18
3952 18
3953 17
3954 17
3955 18
3956 18
3957 18
3958 17
3959 18
3960 18
3961 18
3962 18
3963 18
3964 18
3965 17
3966 18
3967 18
3968 19
3969 18
3970 17
3971 18
3972 18
3973 17
3974 18
3975 18
3976 18
3977 18
3978 17
3979 17
3980 18
3981 18
3982 17
3983 18
3984 17
3985 17
3986 18
3987 17
3988 17
3989 18
3990 18
3991 18
3992 17
3993 17
3994 18
3995 17
3996 26
3997 18
3998 17
3999 18
4000 17
4001 21
4002 22
4003 18
4004 17
4005 17
4006 18
4007 18
4008 18
4009 17
4010 18
4011 18
4012 17
4013 17
4014 18
4015 17
4016 17
4017 17
4018 18
4019 17
4020 18
4021 18
4022 18
4023 17
4024 17
4025 18
4026 18
4027 18
4028 17
4029 26
4030 19
4031 17
4032 17
4033 17
4034 17
4035 17
4036 17
4037 17
4038 18
4039 17
4040 17
4041 17
4042 18
4043 17
4044 17
4045 17
4046 17
4047 17
4048 17
4049 17
4050 17
4051 17
4052 17
4053 17
4054 17
4055 17
4056 18
4057 18
4058 18
4059 17
4060 25
4061 19
4062 18
4063 17
4064 17
4065 19
4066 18
4067 18
4068 18
4069 18
4070 17
4071 17
4072 17
4073 17
4074 17
4075 17
4076 17
4077 17
4078 18
4079 19
4080 18
4081 17
4082 17
4083 17
4084 17
4085 17
4086 17
4087 17
4088 17
4089 17
4090 17
4091 17
4092 17
4093 17
4094 17
4095 17
4096 19
4097 17
4098 17
4099 17
4100 17
4101 16
4102 17
4103 17
4104 17
4105 17
4106 18
4107 17
4108 17
4109 17
4110 17
4111 17
4112 18
4113 19
4114 18
4115 17
4116 18
4117 17
4118 17
4119 17
4120 17
4121 17
4122 17
4123 20
4124 17
4125 17
4126 18
4127 18
4128 18
4129 20
4130 17
4131 18
4132 17
4133 17
4134 17
4135 17
4136 17
4137 17
4138 17
4139 17
4140 17
4141 17
4142 17
4143 17
4144 17
4145 17
4146 19
4147 17
4148 17
4149 17
4150 17
4151 27
4152 19
4153 18
4154 17
4155 17
4156 18
4157 18
4158 18
4159 17
4160 17
4161 17
4162 17
4163 17
4164 18
4165 18
4166 18
4167 17
4168 18
4169 18
4170 18
4171 17
4172 17
4173 27
4174 18
4175 17
4176 17
4177 17
4178 17
4179 17
4180 17
4181 28
4182 17
4183 17
4184 17
4185 17
4186 18
4187 17
4188 17
4189 17
4190 17
4191 17
4192 17
4193 19
4194 17
4195 17
4196 26
4197 18
4198 17
4199 17
4200 17
4201 18
4202 17
4203 17
4204 17
4205 17
4206 17
4207 17
4208 17
4209 17
4210 18
4211 18
4212 18
4213 19
4214 18
4215 17
4216 17
4217 17
4218 18
4219 18
4220 18
4221 18
4222 17
4223 18
4224 19
4225 17
4226 17
4227 17
4228 17
4229 17
4230 17
4231 17
4232 17
4233 17
4234 17
4235 18
4236 17
4237 17
4238 17
4239 18
4240 17
4241 18
4242 18
4243 17
4244 17
4245 17
4246 17
4247 26
4248 18
4249 18
4250 17
4251 17
4252 17
4253 17
4254 17
4255 17
4256 17
4257 19
4258 17
4259 17
4260 17
4261 18
4262 18
4263 18
4264 19
4265 18
4266 17
4267 17
4268 17
4269 17
4270 17
4271 17
4272 17
4273 17
4274 17
4275 17
4276 17
4277 17
4278 17
4279 18
4280 19
4281 18
4282 17
4283 17
4284 17
4285 19
4286 18
4287 18
4288 17
4289 16
4290 18
4291 18
4292 17
4293 18
4294 17
4295 17
4296 18
4297 18
4298 17
4299 17
4300 17
4301 17
4302 17
4303 17
4304 17
4305 17
4306 18
4307 27
4308 18
4309 18
4310 18
4311 18
4312 18
4313 18
4314 18
4315 17
4316 17
4317 18
4318 17
4319 17
4320 17
4321 19
4322 17
4323 17
4324 18
4325 18
4326 18
4327 17
4328 17
4329 27
4330 18
4331 17
4332 17
4333 17
4334 17
4335 18
4336 18
4337 18
4338 18
4339 17
4340 17
4341 17
4342 18
4343 18
4344 17
4345 17
4346 18
4347 18
4348 17
4349 17
4350 17
4351 27
4352 18
4353 17
4354 18
4355 18
4356 18
4357 20
4358 17
4359 35
4360 17
4361 17
4362 17
4363 17
4364 17
4365 18
4366 18
4367 18
4368 19
4369 18
4370 17
4371 17
4372 18
4373 18
4374 17
4375 18
4376 17
4377 17
4378 18
4379 18
4380 17
4381 17
4382 18
4383 18
4384 18
4385 20
4386 18
4387 17
4388 17
4389 17
4390 17
4391 16
4392 17
4393 17
4394 18
4395 17
4396 17
4397 17
4398 17
4399 17
4400 17
4401 17
4402 17
4403 17
4404 17
4405 18
4406 17
4407 17
4408 18
4409 28
4410 19
4411 18
4412 17
4413 18
4414 17
4415 17
4416 17
4417 17
4418 18
4419 18
4420 18
4421 17
4422 17
4423 19
4424 18
4425 18
4426 18
4427 18
4428 18
4429 18
4430 18
4431 18
4432 18
4433 18
4434 18
4435 17
4436 17
4437 17
4438 18
4439 17
4440 17
4441 17
4442 18
4443 18
4444 17
4445 17
4446 18
4447 18
4448 18
4449 22
4450 17
4451 17
4452 17
4453 17
4454 17
4455 17
4456 17
4457 17
4458 17
4459 17
4460 17
4461 17
4462 18
4463 18
4464 20
4465 18
4466 17
4467 17
4468 19
4469 18
4470 18
4471 17
4472 17
4473 17
4474 17
4475 17
4476 17
4477 17
4478 17
4479 17
4480 17
4481 17
4482 17
4483 17
4484 17
4485 18
4486 17
4487 18
4488 17
4489 17
4490 18
4491 19
4492 18
4493 18
4494 17
4495 17
4496 17
4497 18
4498 18
4499 17
4500 17
4501 17
4502 18
4503 19
4504 18
4505 17
4506 17
4507 17
4508 17
4509 17
4510 17
4511 17
4512 18
4513 20
4514 17
4515 18
4516 17
4517 17
4518 18
4519 18
4520 18
4521 17
4522 18
4523 17
4524 17
4525 17
4526 17
4527 17
4528 17
4529 17
4530 19
4531 18
4532 17
4533 17
4534 17
4535 17
4536 17
4537 277
4538 21
4539 19
4540 17
4541 17
4542 18
4543 17
4544 17
4545 17
4546 19
4547 17
4548 18
4549 20
4550 18
4551 18
4552 18
4553 17
4554 17
4555 17
4556 17
4557 17
4558 17
4559 17
4560 17
4561 17
4562 17
4563 17
4564 17
4565 17
4566 17
4567 17
4568 17
4569 18
4570 17
4571 17
4572 17
4573 20
4574 21
4575 19
4576 20
4577 18
4578 17
4579 19
4580 17
4581 17
4582 17
4583 17
4584 18
4585 17
4586 18
4587 18
4588 17
4589 17
4590 18
4591 19
4592 17
4593 17
4594 17
4595 17
4596 17
4597 17
4598 17
4599 17
4600 17
4601 18
4602 17
4603 17
4604 17
4605 17
4606 17
4607 17
4608 17
4609 18
4610 18
4611 17
4612 17
4613 17
4614 18
4615 17
4616 17
4617 17
4618 17
4619 18
4620 17
4621 18
4622 18
4623 17
4624 17
4625 17
4626 17
4627 17
4628 17
4629 30
4630 18
4631 17
4632 18
4633 17
4634 25
4635 18
4636 17
4637 17
4638 19
4639 26
4640 19
4641 18
4642 18
4643 18
4644 18
4645 17
4646 18
4647 18
4648 17
4649 17
4650 18
4651 18
4652 17
4653 17
4654 18
4655 18
4656 18
4657 19
4658 17
4659 18
4660 18
4661 17
4662 17
4663 17
4664 17
4665 17
4666 17
4667 20
4668 18
4669 18
4670 17
4671 17
4672 17
4673 17
4674 18
4675 17
4676 17
4677 17
4678 17
4679 17
4680 17
4681 17
4682 17
4683 17
4684 17
4685 17
4686 17
4687 17
4688 17
4689 17
4690 18
4691 18
4692 19
4693 18
4694 17
4695 17
4696 17
4697 17
4698 18
4699 17
4700 17
4701 17
4702 19
4703 23
4704 17
4705 17
4706 17
4707 17
4708 17
4709 17
4710 17
4711 17
4712 17
4713 17
4714 21
4715 17
4716 17
4717 18
4718 19
4719 18
4720 18
4721 17
4722 17
4723 18
4724 18
4725 18
4726 18
4727 18
4728 18
4729 18
4730 18
4731 18
4732 18
4733 17
4734 17
4735 17
4736 17
4737 17
4738 18
4739 18
4740 19
4741 19
4742 18
4743 17
4744 17
4745 18
4746 19
4747 17
4748 17
4749 18
4750 17
4751 17
4752 18
4753 18
4754 18
4755 17
4756 17
4757 17
4758 17
4759 17
4760 17
4761 18
4762 18
4763 17
4764 17
4765 18
4766 17
4767 17
4768 18
4769 18
4770 19
4771 18
4772 18
4773 19
4774 20
4775 18
4776 18
4777 18
4778 17
4779 18
4780 17
4781 17
4782 18
4783 18
4784 17
4785 18
4786 17
4787 17
4788 19
4789 32
4790 19
4791 18
4792 18
4793 18
4794 19
4795 20
4796 18
4797 17
4798 17
4799 17
4800 17
4801 17
4802 17
4803 18
4804 18
4805 17
4806 18
4807 17
4808 19
4809 18
4810 18
4811 20
4812 18
4813 18
4814 18
4815 18
4816 18
4817 19
4818 18
4819 17
4820 17
4821 17
4822 17
4823 18
4824 17
4825 17
4826 18
4827 28
4828 20
4829 18
4830 18
4831 17
4832 17
4833 18
4834 18
4835 17
4836 17
4837 17
4838 18
4839 19
4840 17
4841 17
4842 17
4843 27
4844 18
4845 18
4846 17
4847 17
4848 17
4849 17
4850 17
4851 17
4852 18
4853 17
4854 18
4855 17
4856 18
4857 17
4858 17
4859 17
4860 17
4861 17
4862 18
4863 18
4864 17
4865 17
4866 17
4867 17
4868 17
4869 17
4870 19
4871 18
4872 18
4873 18
4874 17
4875 17
4876 22
4877 17
4878 18
4879 36
4880 18
4881 18
4882 18
4883 18
4884 17
4885 18
4886 17
4887 18
4888 17
4889 18
4890 17
4891 17
4892 19
4893 20
4894 18
4895 18
4896 18
4897 18
4898 18
4899 17
4900 18
4901 18
4902 18
4903 19
4904 18
4905 18
4906 18
4907 17
4908 18
4909 17
4910 17
4911 17
4912 18
4913 18
4914 18
4915 20
4916 18
4917 18
4918 18
4919 19
4920 18
4921 18
4922 18
4923 17
4924 17
4925 19
4926 19
4927 18
4928 18
4929 17
4930 18
4931 17
4932 18
4933 17
4934 17
4935 17
4936 18
4937 19
4938 17
4939 18
4940 18
4941 28
4942 19
4943 19
4944 18
4945 17
4946 18
4947 18
4948 17
4949 17
4950 18
4951 17
4952 17
4953 18
4954 17
4955 17
4956 18
4957 18
4958 17
4959 17
4960 18
4961 17
4962 18
4963 17
4964 17
4965 18
4966 18
4967 19
4968 17
4969 18
4970 18
4971 17
4972 18
4973 17
4974 18
4975 18
4976 17
4977 19
4978 18
4979 17
4980 19
4981 19
4982 19
4983 17
4984 18
4985 18
4986 19
4987 18
4988 17
4989 18
4990 18
4991 19
4992 17
4993 18
4994 17
4995 18
4996 18
4997 17
4998 17
4999 18
5000 17
5001 17
5002 17
5003 18
5004 17
5005 17
5006 17
5007 28
5008 18
5009 17
5010 18
5011 17
5012 17
5013 17
5014 17
5015 17
5016 17
5017 17
5018 18
5019 17
5020 17
5021 17
5022 18
5023 18
5024 19
5025 17
5026 18
5027 17
5028 18
5029 17
5030 17
5031 17
5032 17
5033 17
5034 18
5035 17
5036 18
5037 18
5038 17
5039 18
5040 18
5041 19
5042 17
5043 18
5044 17
5045 17
5046 18
5047 17
5048 17
5049 17
5050 18
5051 18
5052 17
5053 18
5054 383
5055 35
5056 19
5057 20
5058 23
5059 20
5060 18
5061 20
5062 18
5063 17
5064 17
5065 18
5066 18
5067 18
5068 19
5069 17
5070 18
5071 18
5072 19
5073 23
5074 19
5075 19
5076 20
5077 18
5078 18
5079 19
5080 19
5081 19
5082 19
5083 19
5084 18
5085 18
5086 17
5087 20
5088 19
5089 17
5090 18
5091 17
5092 19
5093 18
5094 18
5095 18
5096 18
5097 19
5098 18
5099 17
5100 20
5101 23
5102 21
5103 18
5104 17
5105 17
5106 18
5107 19
5108 17
5109 19
5110 19
5111 20
5112 18
5113 20
5114 18
5115 20
5116 20
5117 20
5118 18
5119 19
5120 19
5121 20
5122 20
5123 17
5124 18
5125 19
5126 19
5127 19
5128 18
5129 21
5130 17
5131 17
5132 17
5133 17
5134 17
5135 17
5136 18
5137 19
5138 18
5139 17
5140 18
5141 19
5142 20
5143 18
5144 18
5145 19
5146 18
5147 19
5148 18
5149 18
5150 18
5151 17
5152 17
5153 17
5154 17
5155 18
5156 17
5157 17
5158 18
5159 17
5160 17
5161 17
5162 18
5163 18
5164 18
5165 16
5166 17
5167 18
5168 18
5169 17
5170 17
5171 17
5172 17
5173 17
5174 -999983
5175 18
5176 19
5177 19
5178 20
5179 17
5180 17
5181 18
5182 20
5183 19
5184 19
5185 38
5186 22
5187 20
5188 18
5189 17
5190 18
5191 17
5192 18
5193 18
5194 18
5195 18
5196 19
5197 19
5198 19
5199 17
5200 18
5201 20
5202 21
5203 19
5204 19
5205 19
5206 21
5207 18
5208 34
5209 20
5210 19
5211 23
5212 22
5213 19
5214 18
5215 19
5216 19
5217 18
5218 18
5219 18
5220 19
5221 19
5222 18
5223 20
5224 19
5225 20
5226 18
5227 18
5228 19
5229 19
5230 21
5231 19
5232 22
5233 22
5234 21
5235 20
5236 19
5237 18
5238 18
5239 20
5240 19
5241 18
5242 19
5243 19
5244 19
5245 19
5246 20
5247 21
5248 23
5249 18
5250 19
5251 20
5252 19
5253 18
5254 20
5255 18
5256 19
5257 21
5258 23
5259 19
5260 18
5261 19
5262 19
5263 19
5264 18
5265 18
5266 19
5267 18
5268 19
5269 18
5270 17
5271 17
5272 21
5273 18
5274 20
5275 18
5276 17
5277 17
5278 29
5279 18
5280 18
5281 18
5282 18
5283 19
5284 17
5285 17
5286 17
5287 17
5288 17
5289 17
5290 17
5291 17
5292 17
5293 17
5294 25
5295 19
5296 18
5297 17
5298 18
5299 18
5300 17
5301 18
5302 18
5303 17
5304 17
5305 18
5306 19
5307 18
5308 17
5309 18
5310 18
5311 18
5312 18
5313 18
5314 17
5315 18
5316 18
5317 19
5318 17
5319 18
5320 17
5321 18
5322 17
5323 17
5324 17
5325 17
5326 17
5327 18
5328 19
5329 18
5330 17
5331 17
5332 18
5333 17
5334 17
5335 17
5336 17
5337 17
5338 17
5339 17
5340 18
5341 18
5342 17
5343 17
5344 17
5345 17
5346 17
5347 17
5348 17
5349 18
5350 17
5351 19
5352 18
5353 19
5354 17
5355 17
5356 18
5357 18
5358 17
5359 18
5360 17
5361 17
5362 18
5363 17
5364 17
5365 17
5366 18
5367 17
5368 17
5369 18
5370 17
5371 18
5372 17
5373 18
5374 18
5375 18
5376 18
5377 18
5378 17
5379 17
5380 46
5381 18
5382 17
5383 17
5384 18
5385 18
5386 17
5387 17
5388 17
5389 17
5390 17
5391 17
5392 18
5393 17
5394 17
5395 18
5396 17
5397 17
5398 18
5399 18
5400 27
5401 18
5402 18
5403 18
5404 18
5405 17
5406 17
5407 18
5408 17
5409 19
5410 19
5411 19
5412 18
5413 17
5414 18
5415 17
5416 18
5417 18
5418 17
5419 17
5420 31
5421 18
5422 18
5423 17
5424 17
5425 17
5426 17
5427 17
5428 17
5429 17
5430 17
5431 17
5432 17
5433 17
5434 17
5435 17
5436 17
5437 18
5438 18
5439 19
5440 18
5441 17
5442 17
5443 17
5444 17
5445 17
5446 17
5447 17
5448 18
5449 19
5450 19
5451 18
5452 17
5453 17
5454 17
5455 17
5456 17
5457 18
5458 17
5459 17
5460 17
5461 17
5462 17
5463 17
5464 17
5465 18
5466 19
5467 18
5468 17
5469 17
5470 27
5471 18
5472 18
5473 18
5474 18
5475 18
5476 18
5477 17
5478 18
5479 17
5480 17
5481 17
5482 17
5483 17
5484 17
5485 17
5486 17
5487 19
5488 17
5489 17
5490 18
5491 18
5492 17
5493 19
5494 18
5495 17
5496 18
5497 18
5498 18
5499 18
5500 18
5501 18
5502 17
5503 17
5504 17
5505 17
5506 17
5507 17
5508 17
5509 17
5510 17
5511 18
5512 17
5513 17
5514 18
5515 18
5516 27
5517 19
5518 17
5519 17
5520 17
5521 17
5522 17
5523 17
5524 17
5525 17
5526 18
5527 19
5528 18
5529 17
5530 18
5531 26
5532 18
5533 18
5534 18
5535 17
5536 17
5537 17
5538 18
5539 18
5540 17
5541 18
5542 18
5543 19
5544 17
5545 17
5546 18
5547 17
5548 17
5549 17
5550 18
5551 17
5552 18
5553 28
5554 18
5555 34
5556 18
5557 18
5558 17
5559 17
5560 18
5561 18
5562 17
5563 17
5564 19
5565 17
5566 18
5567 17
5568 18
5569 17
5570 18
5571 17
5572 18
5573 17
5574 18
5575 18
5576 18
5577 17
5578 17
5579 17
5580 18
5581 19
5582 18
5583 18
5584 18
5585 17
5586 18
5587 17
5588 17
5589 17
5590 17
5591 17
5592 17
5593 17
5594 17
5595 17
5596 18
5597 17
5598 19
5599 18
5600 17
5601 17
5602 17
5603 18
5604 18
5605 17
5606 17
5607 17
5608 17
5609 19
5610 18
5611 17
5612 17
5613 18
5614 18
5615 18
5616 18
5617 17
5618 17
5619 17
5620 17
5621 17
5622 18
5623 18
5624 17
5625 18
5626 19
5627 17
5628 17
5629 18
5630 17
5631 17
5632 17
5633 17
5634 17
5635 17
5636 17
5637 17
5638 17
5639 17
5640 17
5641 17
5642 18
5643 19
5644 17
5645 18
5646 17
5647 17
5648 18
5649 18
5650 18
5651 17
5652 18
5653 18
5654 18
5655 17
5656 18
5657 17
5658 17
5659 18
5660 18
5661 18
5662 17
5663 16
5664 28
5665 18
5666 18
5667 17
5668 17
5669 17
5670 19
5671 17
5672 18
5673 18
5674 17
5675 17
5676 17
5677 17
5678 18
5679 17
5680 17
5681 18
5682 18
5683 17
5684 18
5685 18
5686 17
5687 17
5688 17
5689 17
5690 17
5691 17
5692 17
5693 26
5694 19
5695 18
5696 17
5697 18
5698 18
5699 17
5700 18
5701 17
5702 17
5703 18
5704 19
5705 17
5706 18
5707 17
5708 18
5709 18
5710 18
5711 17
5712 18
5713 18
5714 18
5715 17
5716 18
5717 17
5718 18
5719 19
5720 20
5721 18
5722 19
5723 18
5724 18
5725 18
5726 18
5727 17
5728 18
5729 18
5730 18
5731 18
5732 18
5733 19
5734 17
5735 18
5736 18
5737 17
5738 17
5739 18
5740 17
5741 19
5742 18
5743 18
5744 17
5745 17
5746 19
5747 19
5748 18
5749 18
5750 18
5751 18
5752 18
5753 17
5754 17
5755 18
5756 18
5757 18
5758 17
5759 17
5760 18
5761 17
5762 17
5763 17
5764 17
5765 18
5766 17
5767 18
5768 27
5769 19
5770 18
5771 17
5772 18
5773 17
5774 18
5775 17
5776 18
5777 18
5778 17
5779 18
5780 17
5781 17
5782 18
5783 18
5784 18
5785 19
5786 17
5787 18
5788 17
5789 18
5790 18
5791 17
5792 17
5793 18
5794 18
5795 18
5796 17
5797 18
5798 17
5799 17
5800 18
5801 18
5802 18
5803 17
5804 17
5805 17
5806 17
5807 18
5808 18
5809 17
5810 17
5811 18
5812 17
5813 18
5814 18
5815 17
5816 17
5817 18
5818 17
5819 18
5820 18
5821 17
5822 18
5823 17
5824 18
5825 18
5826 17
5827 18
5828 17
5829 17
5830 18
5831 18
5832 19
5833 18
5834 18
5835 19
5836 20
5837 18
5838 17
5839 18
5840 17
5841 18
5842 17
5843 17
5844 18
5845 18
5846 18
5847 18
5848 17
5849 18
5850 18
5851 28
5852 18
5853 18
5854 17
5855 18
5856 18
5857 17
5858 18
5859 18
5860 17
5861 17
5862 18
5863 20
5864 18
5865 17
5866 18
5867 17
5868 18
5869 19
5870 18
5871 17
5872 18
5873 17
5874 17
5875 17
5876 17
5877 18
5878 18
5879 17
5880 17
5881 17
5882 17
5883 17
5884 18
5885 18
5886 18
5887 18
5888 18
5889 17
5890 19
5891 17
5892 18
5893 17
5894 17
5895 17
5896 17
5897 17
5898 18
5899 17
5900 18
5901 17
5902 17
5903 17
5904 18
5905 18
5906 18
5907 17
5908 18
5909 36
5910 17
5911 17
5912 18
5913 18
5914 17
5915 17
5916 18
5917 18
5918 18
5919 17
5920 17
5921 17
5922 18
5923 33
5924 19
5925 17
5926 18
5927 18
5928 18
5929 17
5930 18
5931 17
5932 18
5933 18
5934 20
5935 18
5936 17
5937 17
5938 17
5939 17
5940 17
5941 17
5942 18
5943 18
5944 17
5945 18
5946 18
5947 17
5948 17
5949 17
5950 18
5951 27
5952 18
5953 18
5954 17
5955 17
5956 18
5957 18
5958 17
5959 17
5960 18
5961 18
5962 17
5963 17
5964 17
5965 17
5966 18
5967 19
5968 18
5969 18
5970 18
5971 18
5972 18
5973 18
5974 17
5975 17
5976 17
5977 17
5978 17
5979 18
5980 18
5981 17
5982 17
5983 17
5984 19
5985 18
5986 17
5987 17
5988 17
5989 17
5990 17
5991 17
5992 17
5993 17
5994 27
5995 19
5996 17
5997 17
5998 17
5999 18
6000 19
6001 18
6002 18
6003 17
6004 18
6005 18
6006 19
6007 18
6008 17
6009 17
6010 17
6011 17
6012 17
6013 17
6014 17
6015 17
6016 18
6017 18
6018 18
6019 17
6020 17
6021 17
6022 17
6023 17
6024 17
6025 17
6026 17
6027 17
6028 17
6029 17
6030 17
6031 17
6032 17
6033 18
6034 19
6035 18
6036 17
6037 17
6038 17
6039 18
6040 18
6041 17
6042 17
6043 17
6044 17
6045 18
6046 17
6047 17
6048 17
6049 18
6050 17
6051 18
6052 18
6053 17
6054 17
6055 17
6056 17
6057 17
6058 17
6059 17
6060 17
6061 18
6062 18
6063 18
6064 18
6065 18
6066 18
6067 18
6068 17
6069 17
6070 18
6071 18
6072 17
6073 17
6074 18
6075 18
6076 18
6077 18
6078 17
6079 17
6080 17
6081 18
6082 17
6083 17
6084 17
6085 18
6086 130
6087 18
6088 18
6089 18
6090 17
6091 18
6092 18
6093 18
6094 17
6095 18
6096 21
6097 17
6098 18
6099 17
6100 18
6101 17
6102 17
6103 18
6104 18
6105 17
6106 17
6107 17
6108 18
6109 17
6110 17
6111 17
6112 18
6113 17
6114 18
6115 17
6116 18
6117 17
6118 18
6119 17
6120 19
6121 19
6122 18
6123 17
6124 17
6125 17
6126 17
6127 17
6128 18
6129 18
6130 17
6131 17
6132 17
6133 18
6134 18
6135 17
6136 17
6137 17
6138 17
6139 18
6140 18
6141 17
6142 17
6143 17
6144 17
6145 17
6146 17
6147 17
6148 17
6149 18
6150 18
6151 18
6152 18
6153 17
6154 18
6155 18
6156 17
6157 19
6158 19
6159 18
6160 17
6161 17
6162 18
6163 19
6164 18
6165 18
6166 17
6167 18
6168 18
6169 18
6170 17
6171 18
6172 18
6173 17
6174 17
6175 17
6176 18
6177 17
6178 17
6179 18
6180 19
6181 18
6182 18
6183 18
6184 18
6185 17
6186 18
6187 17
6188 17
6189 18
6190 18
6191 17
6192 18
6193 17
6194 17
6195 17
6196 19
6197 17
6198 18
6199 18
6200 18
6201 18
6202 20
6203 18
6204 18
6205 18
6206 18
6207 17
6208 18
6209 18
6210 18
6211 17
6212 17
6213 18
6214 18
6215 17
6216 17
6217 18
6218 19
6219 18
6220 17
6221 18
6222 19
6223 17
6224 17
6225 18
6226 18
6227 17
6228 17
6229 18
6230 19
6231 17
6232 18
6233 17
6234 18
6235 18
6236 18
6237 17
6238 17
6239 17
6240 17
6241 19
6242 18
6243 18
6244 17
6245 17
6246 17
6247 17
6248 17
6249 17
6250 17
6251 17
6252 17
6253 17
6254 17
6255 17
6256 17
6257 17
6258 17
6259 17
6260 19
6261 17
6262 18
6263 17
6264 19
6265 17
6266 18
6267 17
6268 17
6269 17
6270 18
6271 17
6272 17
6273 17
6274 17
6275 17
6276 17
6277 17
6278 17
6279 17
6280 18
6281 17
6282 17
6283 17
6284 17
6285 18
6286 18
6287 19
6288 18
6289 17
6290 17
6291 17
6292 17
6293 17
6294 18
6295 17
6296 18
6297 18
6298 18
6299 17
6300 17
6301 29
6302 18
6303 17
6304 17
6305 17
6306 17
6307 17
6308 18
6309 18
6310 18
6311 18
6312 17
6313 19
6314 18
6315 17
6316 17
6317 17
6318 18
6319 17
6320 17
6321 17
6322 18
6323 18
6324 19
6325 18
6326 17
6327 17
6328 18
6329 18
6330 18
6331 17
6332 17
6333 17
6334 17
6335 17
6336 17
6337 18
6338 17
6339 17
6340 18
6341 18
6342 18
6343 17
6344 18
6345 17
6346 17
6347 17
6348 17
6349 17
6350 17
6351 17
6352 17
6353 17
6354 17
6355 17
6356 17
6357 18
6358 18
6359 18
6360 17
6361 17
6362 17
6363 17
6364 18
6365 18
6366 18
6367 18
6368 18
6369 19
6370 18
6371 17
6372 18
6373 17
6374 18
6375 18
6376 18
6377 17
6378 17
6379 17
6380 17
6381 17
6382 18
6383 17
6384 18
6385 17
6386 17
6387 17
6388 17
6389 17
6390 17
6391 17
6392 17
6393 17
6394 17
6395 17
6396 17
6397 18
6398 18
6399 18
6400 18
6401 17
6402 17
6403 17
6404 17
6405 17
6406 17
6407 17
6408 19
6409 18
6410 18
6411 17
6412 17
6413 17
6414 18
6415 18
6416 17
6417 17
6418 17
6419 19
6420 18
6421 18
6422 17
6423 17
6424 17
6425 17
6426 17
6427 17
6428 17
6429 17
6430 17
6431 17
6432 17
6433 17
6434 17
6435 17
6436 18
6437 18
6438 32
6439 18
6440 18
6441 18
6442 18
6443 17
6444 17
6445 17
6446 18
6447 17
6448 18
6449 17
6450 17
6451 17
6452 17
6453 18
6454 17
6455 17
6456 18
6457 18
6458 18
6459 18
6460 18
6461 18
6462 17
6463 17
6464 19
6465 18
6466 17
6467 18
6468 19
6469 17
6470 18
6471 17
6472 17
6473 17
6474 18
6475 17
6476 18
6477 17
6478 17
6479 17
6480 18
6481 19
6482 18
6483 18
6484 18
6485 18
6486 18
6487 17
6488 17
6489 17
6490 18
6491 17
6492 17
6493 17
6494 18
6495 18
6496 17
6497 18
6498 18
6499 17
6500 18
6501 18
6502 17
6503 18
6504 18
6505 18
6506 17
6507 21
6508 17
6509 27
6510 19
6511 18
6512 17
6513 18
6514 18
6515 17
6516 17
6517 18
6518 18
6519 18
6520 17
6521 18
6522 17
6523 18
6524 18
6525 18
6526 19
6527 17
6528 18
6529 18
6530 19
6531 17
6532 18
6533 18
6534 18
6535 17
6536 18
6537 18
6538 17
6539 18
6540 18
6541 17
6542 18
6543 18
6544 17
6545 18
6546 17
6547 17
6548 18
6549 18
6550 17
6551 17
6552 17
6553 18
6554 17
6555 17
6556 18
6557 17
6558 17
6559 18
6560 18
6561 17
6562 17
6563 18
6564 17
6565 18
6566 19
6567 17
6568 17
6569 17
6570 17
6571 18
6572 17
6573 20
6574 18
6575 19
6576 17
6577 18
6578 18
6579 18
6580 18
6581 17
6582 17
6583 17
6584 18
6585 18
6586 17
6587 18
6588 17
6589 17
6590 18
6591 17
6592 17
6593 18
6594 18
6595 17
6596 17
6597 18
6598 17
6599 17
6600 17
6601 17
6602 18
6603 18
6604 18
6605 17
6606 17
6607 18
6608 17
6609 17
6610 17
6611 17
6612 18
6613 18
6614 17
6615 18
6616 34
6617 17
6618 17
6619 18
6620 17
6621 18
6622 17
6623 18
6624 17
6625 17
6626 18
6627 18
6628 18
6629 18
6630 18
6631 19
6632 18
6633 18
6634 17
6635 18
6636 18
6637 20
6638 17
6639 18
6640 28
6641 19
6642 17
6643 17
6644 18
6645 17
6646 17
6647 17
6648 17
6649 17
6650 17
6651 18
6652 19
6653 17
6654 18
6655 17
6656 18
6657 17
6658 17
6659 17
6660 18
6661 18
6662 17
6663 18
6664 18
6665 18
6666 18
6667 18
6668 19
6669 18
6670 18
6671 18
6672 18
6673 17
6674 18
6675 18
6676 18
6677 18
6678 18
6679 18
6680 18
6681 17
6682 17
6683 18
6684 17
6685 17
6686 18
6687 18
6688 18
6689 18
6690 18
6691 18
6692 17
6693 17
6694 18
6695 18
6696 17
6697 17
6698 18
6699 18
6700 18
6701 20
6702 17
6703 18
6704 19
6705 17
6706 17
6707 17
6708 17
6709 17
6710 17
6711 17
6712 17
6713 17
6714 17
6715 17
6716 17
6717 17
6718 17
6719 17
6720 17
6721 17
6722 17
6723 17
6724 17
6725 17
6726 17
6727 17
6728 17
6729 18
6730 17
6731 17
6732 18
6733 18
6734 18
6735 18
6736 18
6737 18
6738 17
6739 17
6740 17
6741 17
6742 17
6743 17
6744 17
6745 17
6746 17
6747 17
6748 17
6749 17
6750 17
6751 17
6752 17
6753 19
6754 18
6755 18
6756 17
6757 17
6758 17
6759 18
6760 17
6761 17
6762 17
6763 27
6764 18
6765 19
6766 17
6767 17
6768 17
6769 17
6770 18
6771 17
6772 17
6773 17
6774 17
6775 17
6776 17
6777 17
6778 17
6779 17
6780 18
6781 18
6782 17
6783 17
6784 17
6785 26
6786 19
6787 17
6788 17
6789 17
6790 17
6791 17
6792 17
6793 33
6794 17
6795 17
6796 17
6797 17
6798 17
6799 17
6800 17
6801 17
6802 18
6803 17
6804 18
6805 18
6806 18
6807 18
6808 18
6809 18
6810 17
6811 17
6812 17
6813 17
6814 18
6815 18
6816 18
6817 17
6818 17
6819 17
6820 17
6821 17
6822 18
6823 18
6824 18
6825 17
6826 17
6827 17
6828 17
6829 19
6830 17
6831 17
6832 17
6833 17
6834 17
6835 17
6836 17
6837 17
6838 17
6839 17
6840 17
6841 18
6842 17
6843 18
6844 17
6845 18
6846 18
6847 19
6848 17
6849 18
6850 17
6851 17
6852 17
6853 17
6854 17
6855 17
6856 17
6857 17
6858 18
6859 17
6860 18
6861 17
6862 17
6863 17
6864 17
6865 17
6866 17
6867 17
6868 17
6869 19
6870 17
6871 18
6872 17
6873 17
6874 17
6875 17
6876 17
6877 17
6878 17
6879 17
6880 17
6881 17
6882 17
6883 17
6884 17
6885 18
6886 18
6887 17
6888 18
6889 17
6890 17
6891 18
6892 17
6893 19
6894 17
6895 17
6896 17
6897 18
6898 18
6899 18
6900 17
6901 17
6902 18
6903 17
6904 17
6905 17
6906 17
6907 17
6908 18
6909 19
6910 18
6911 18
6912 17
6913 17
6914 18
6915 18
6916 17
6917 18
6918 17
6919 17
6920 17
6921 17
6922 17
6923 17
6924 17
6925 18
6926 18
6927 17
6928 17
6929 17
6930 17
6931 18
6932 27
6933 18
6934 17
6935 17
6936 17
6937 17
6938 17
6939 18
6940 17
6941 17
6942 18
6943 19
6944 17
6945 17
6946 17
6947 17
6948 17
6949 18
6950 18
6951 18
6952 17
6953 18
6954 18
6955 18
6956 17
6957 19
6958 28
6959 18
6960 17
6961 17
6962 18
6963 18
6964 18
6965 17
6966 17
6967 18
6968 18
6969 17
6970 17
6971 17
6972 19
6973 18
6974 18
6975 18
6976 18
6977 18
6978 18
6979 18
6980 18
6981 17
6982 18
6983 17
6984 17
6985 17
6986 17
6987 17
6988 17
6989 17
6990 17
6991 17
6992 17
6993 18
6994 17
6995 17
6996 18
6997 19
6998 17
6999 18
7000 18
7001 17
7002 19
7003 18
7004 17
7005 17
7006 17
7007 17
7008 17
7009 17
7010 17
7011 17
7012 17
7013 18
7014 17
7015 17
7016 17
7017 17
7018 17
7019 17
7020 17
7021 19
7022 17
7023 17
7024 17
7025 17
7026 16
7027 17
7028 17
7029 17
7030 18
7031 18
7032 18
7033 19
7034 18
7035 17
7036 18
7037 18
7038 17
7039 17
7040 18
7041 17
7042 17
7043 17
7044 17
7045 17
7046 17
7047 18
7048 19
7049 17
7050 18
7051 17
7052 17
7053 17
7054 18
7055 18
7056 18
7057 18
7058 17
7059 17
7060 17
7061 18
7062 17
7063 17
7064 19
7065 18
7066 17
7067 17
7068 18
7069 18
7070 17
7071 17
7072 17
7073 18
7074 17
7075 18
7076 18
7077 17
7078 17
7079 17
7080 28
7081 18
7082 18
7083 17
7084 17
7085 27
7086 18
7087 18
7088 18
7089 17
7090 17
7091 17
7092 17
7093 17
7094 17
7095 17
7096 24
7097 18
7098 18
7099 18
7100 18
7101 17
7102 19
7103 18
7104 18
7105 17
7106 17
7107 17
7108 18
7109 19
7110 18
7111 17
7112 17
7113 17
7114 18
7115 17
7116 17
7117 16
7118 17
7119 17
7120 17
7121 17
7122 17
7123 17
7124 18
7125 19
7126 18
7127 17
7128 17
7129 17
7130 17
7131 17
7132 17
7133 17
7134 17
7135 17
7136 17
7137 18
7138 18
7139 18
7140 17
7141 18
7142 19
7143 18
7144 17
7145 17
7146 17
7147 17
7148 17
7149 29
7150 17
7151 17
7152 17
7153 17
7154 17
7155 17
7156 17
7157 17
7158 18
7159 19
7160 17
7161 17
7162 17
7163 18
7164 18
7165 18
7166 17
7167 17
7168 17
7169 17
7170 17
7171 18
7172 17
7173 17
7174 17
7175 18
7176 17
7177 17
7178 17
7179 17
7180 17
7181 19
7182 18
7183 18
7184 17
7185 17
7186 17
7187 17
7188 18
7189 18
7190 17
7191 17
7192 17
7193 17
7194 17
7195 17
7196 17
7197 18
7198 19
7199 18
7200 17
7201 17
7202 18
7203 18
7204 17
7205 17
7206 17
7207 17
7208 17
7209 17
7210 17
7211 17
7212 17
7213 19
7214 17
7215 18
7216 17
7217 17
7218 17
7219 17
7220 17
7221 17
7222 17
7223 17
7224 17
7225 17
7226 17
7227 17
7228 16
7229 17
7230 17
7231 17
7232 17
7233 17
7234 17
7235 18
7236 20
7237 17
7238 27
7239 18
7240 17
7241 17
7242 17
7243 17
7244 17
7245 17
7246 16
7247 18
7248 18
7249 17
7250 17
7251 17
7252 17
7253 25
7254 18
7255 17
7256 17
7257 17
7258 17
7259 17
7260 17
7261 17
7262 17
7263 17
7264 24
7265 18
7266 16
7267 17
7268 17
7269 17
7270 18
7271 19
7272 18
7273 18
7274 17
7275 18
7276 17
7277 19
7278 17
7279 17
7280 17
7281 17
7282 18
7283 18
7284 17
7285 17
7286 26
7287 18
7288 18
7289 17
7290 17
7291 17
7292 17
7293 17
7294 17
7295 17
7296 17
7297 16
7298 17
7299 17
7300 17
7301 18
7302 17
7303 17
7304 19
7305 17
7306 17
7307 17
7308 18
7309 17
7310 18
7311 18
7312 17
7313 17
7314 17
7315 18
7316 18
7317 17
7318 17
7319 17
7320 17
7321 18
7322 18
7323 18
7324 17
7325 17
7326 17
7327 19
7328 28
7329 19
7330 17
7331 18
7332 17
7333 18
7334 18
7335 18
7336 17
7337 17
7338 18
7339 17
7340 17
7341 19
7342 18
7343 18
7344 18
7345 17
7346 17
7347 17
7348 17
7349 17
7350 18
7351 18
7352 18
7353 19
7354 19
7355 17
7356 18
7357 17
7358 18
7359 17
7360 18
7361 17
7362 17
7363 18
7364 17
7365 17
7366 17
7367 20
7368 18
7369 17
7370 18
7371 17
7372 17
7373 17
7374 18
7375 18
7376 17
7377 18
7378 20
7379 17
7380 17
7381 17
7382 17
7383 18
7384 18
7385 17
7386 17
7387 17
7388 18
7389 18
7390 17
7391 17
7392 18
7393 19
7394 17
7395 18
7396 18
7397 17
7398 18
7399 17
7400 17
7401 17
7402 17
7403 17
7404 17
7405 19
7406 18
7407 18
7408 17
7409 19
7410 18
7411 18
7412 17
7413 18
7414 18
7415 17
7416 17
7417 17
7418 18
7419 18
7420 19
7421 17
7422 17
7423 17
7424 17
7425 18
7426 17
7427 17
7428 18
7429 17
7430 17
7431 18
7432 18
7433 17
7434 17
7435 17
7436 18
7437 19
7438 17
7439 17
7440 17
7441 18
7442 18
7443 17
7444 17
7445 18
7446 17
7447 17
7448 18
7449 18
7450 18
7451 18
7452 18
7453 17
7454 17
7455 17
7456 17
7457 18
7458 18
7459 17
7460 26
7461 19
7462 17
7463 18
7464 17
7465 17
7466 18
7467 18
7468 17
7469 19
7470 17
7471 18
7472 18
7473 17
7474 18
7475 18
7476 17
7477 17
7478 17
7479 17
7480 18
7481 17
7482 26
7483 18
7484 17
7485 18
7486 18
7487 18
7488 18
7489 18
7490 17
7491 18
7492 18
7493 17
7494 17
7495 18
7496 18
7497 17
7498 18
7499 18
7500 17
7501 17
7502 17
7503 18
7504 18
7505 226
7506 21
7507 18
7508 18
7509 17
7510 18
7511 18
7512 17
7513 17
7514 17
7515 17
7516 18
7517 18
7518 18
7519 17
7520 18
7521 18
7522 17
7523 18
7524 17
7525 18
7526 17
7527 17
7528 18
7529 18
7530 17
7531 18
7532 28
7533 18
7534 18
7535 18
7536 18
7537 17
7538 18
7539 18
7540 18
7541 18
7542 18
7543 17
7544 18
7545 18
7546 18
7547 18
7548 17
7549 19
7550 18
7551 18
7552 17
7553 18
7554 17
7555 17
7556 18
7557 17
7558 18
7559 18
7560 19
7561 17
7562 18
7563 17
7564 18
7565 18
7566 18
7567 17
7568 18
7569 17
7570 18
7571 18
7572 17
7573 18
7574 17
7575 18
7576 18
7577 17
7578 18
7579 18
7580 18
7581 18
7582 17
7583 18
7584 18
7585 18
7586 17
7587 18
7588 17
7589 17
7590 18
7591 17
7592 18
7593 17
7594 17
7595 18
7596 17
7597 17
7598 18
7599 18
7600 18
7601 17
7602 17
7603 18
7604 18
7605 17
7606 18
7607 18
7608 18
7609 17
7610 18
7611 26
7612 19
7613 18
7614 18
7615 17
7616 18
7617 17
7618 17
7619 18
7620 18
7621 17
7622 18
7623 18
7624 18
7625 17
7626 18
7627 17
7628 18
7629 18
7630 18
7631 17
7632 17
7633 18
7634 18
7635 17
7636 18
7637 19
7638 19
7639 19
7640 19
7641 18
7642 17
7643 18
7644 17
7645 17
7646 17
7647 17
7648 17
7649 18
7650 18
7651 17
7652 18
7653 18
7654 18
7655 19
7656 18
7657 18
7658 17
7659 17
7660 17
7661 17
7662 17
7663 17
7664 17
7665 17
7666 17
7667 18
7668 17
7669 18
7670 18
7671 17
7672 18
7673 28
7674 18
7675 17
7676 28
7677 18
7678 18
7679 18
7680 17
7681 18
7682 17
7683 17
7684 18
7685 18
7686 18
7687 18
7688 18
7689 17
7690 18
7691 17
7692 18
7693 17
7694 18
7695 18
7696 18
7697 18
7698 18
7699 18
7700 17
7701 18
7702 17
7703 18
7704 18
7705 19
7706 19
7707 17
7708 18
7709 19
7710 18
7711 18
7712 18
7713 17
7714 17
7715 17
7716 17
7717 17
7718 17
7719 17
7720 17
7721 17
7722 17
7723 17
7724 17
7725 17
7726 18
7727 18
7728 17
7729 17
7730 17
7731 17
7732 17
7733 17
7734 17
7735 17
7736 17
7737 17
7738 17
7739 17
7740 18
7741 18
7742 17
7743 17
7744 18
7745 17
7746 17
7747 17
7748 17
7749 27
7750 18
7751 17
7752 17
7753 17
7754 18
7755 18
7756 17
7757 17
7758 17
7759 18
7760 17
7761 18
7762 18
7763 18
7764 17
7765 18
7766 18
7767 18
7768 17
7769 17
7770 17
7771 17
7772 17
7773 17
7774 17
7775 17
7776 18
7777 18
7778 18
7779 17
7780 18
7781 18
7782 17
7783 17
7784 17
7785 17
7786 17
7787 18
7788 19
7789 18
7790 17
7791 17
7792 27
7793 18
7794 18
7795 18
7796 17
7797 17
7798 17
7799 17
7800 17
7801 17
7802 18
7803 17
7804 18
7805 18
7806 17
7807 18
7808 18
7809 17
7810 18
7811 17
7812 17
7813 17
7814 17
7815 17
7816 18
7817 18
7818 18
7819 17
7820 19
7821 17
7822 18
7823 17
7824 18
7825 17
7826 19
7827 17
7828 17
7829 17
7830 17
7831 17
7832 17
7833 17
7834 17
7835 17
7836 17
7837 18
7838 17
7839 17
7840 18
7841 18
7842 17
7843 18
7844 17
7845 18
7846 17
7847 17
7848 17
7849 17
7850 17
7851 28
7852 17
7853 17
7854 17
7855 18
7856 17
7857 17
7858 17
7859 18
7860 19
7861 18
7862 17
7863 17
7864 17
7865 19
7866 17
7867 17
7868 17
7869 17
7870 17
7871 18
7872 18
7873 18
7874 18
7875 17
7876 17
7877 17
7878 17
7879 18
7880 18
7881 17
7882 19
7883 18
7884 18
7885 17
7886 18
7887 18
7888 20
7889 17
7890 18
7891 17
7892 18
7893 17
7894 18
7895 17
7896 17
7897 18
7898 18
7899 20
7900 17
7901 17
7902 17
7903 17
7904 17
7905 17
7906 17
7907 17
7908 17
7909 17
7910 17
7911 17
7912 17
7913 17
7914 17
7915 18
7916 19
7917 18
7918 17
7919 18
7920 17
7921 19
7922 18
7923 18
7924 17
7925 18
7926 18
7927 18
7928 18
7929 18
7930 17
7931 18
7932 19
7933 18
7934 17
7935 18
7936 18
7937 18
7938 18
7939 17
7940 17
7941 17
7942 18
7943 17
7944 17
7945 18
7946 18
7947 18
7948 17
7949 17
7950 17
7951 18
7952 18
7953 17
7954 18
7955 18
7956 19
7957 19
7958 18
7959 17
7960 17
7961 17
7962 17
7963 17
7964 17
7965 18
7966 19
7967 18
7968 17
7969 18
7970 18
7971 18
7972 18
7973 17
7974 17
7975 18
7976 17
7977 17
7978 18
7979 17
7980 17
7981 18
7982 17
7983 17
7984 17
7985 18
7986 18
7987 17
7988 18
7989 18
7990 18
7991 18
7992 18
7993 17
7994 17
7995 17
7996 17
7997 17
7998 17
7999 17
8000 17
8001 17
8002 17
8003 17
8004 28
8005 19
8006 17
8007 17
8008 17
8009 17
8010 18
8011 18
8012 18
8013 17
8014 17
8015 17
8016 18
8017 18
8018 18
8019 18
8020 18
8021 18
8022 18
8023 18
8024 17
8025 17
8026 18
8027 17
8028 17
8029 19
8030 17
8031 28
8032 18
8033 18
8034 17
8035 18
8036 17
8037 18
8038 18
8039 18
8040 17
8041 17
8042 18
8043 18
8044 18
8045 18
8046 17
8047 17
8048 17
8049 17
8050 17
8051 17
8052 17
8053 18
8054 19
8055 18
8056 17
8057 17
8058 18
8059 18
8060 17
8061 17
8062 17
8063 17
8064 17
8065 18
8066 18
8067 18
8068 17
8069 17
8070 17
8071 17
8072 18
8073 18
8074 18
8075 17
8076 17
8077 18
8078 17
8079 17
8080 17
8081 17
8082 17
8083 18
8084 18
8085 18
8086 17
8087 18
8088 18
8089 17
8090 17
8091 17
8092 17
8093 17
8094 17
8095 18
8096 18
8097 17
8098 26
8099 18
8100 18
8101 18
8102 18
8103 18
8104 18
8105 18
8106 18
8107 17
8108 17
8109 18
8110 19
8111 18
8112 17
8113 18
8114 17
8115 19
8116 17
8117 18
8118 17
8119 17
8120 18
8121 17
8122 17
8123 17
8124 17
8125 17
8126 17
8127 17
8128 17
8129 18
8130 17
8131 17
8132 17
8133 17
8134 17
8135 17
8136 17
8137 18
8138 18
8139 18
8140 18
8141 17
8142 17
8143 17
8144 17
8145 18
8146 18
8147 18
8148 17
8149 17
8150 17
8151 17
8152 17
8153 17
8154 18
8155 18
8156 18
8157 17
8158 18
8159 17
8160 18
8161 18
8162 18
8163 17
8164 17
8165 17
8166 18
8167 18
8168 18
8169 17
8170 18
8171 18
8172 18
8173 18
8174 18
8175 17
8176 17
8177 18
8178 19
8179 17
8180 17
8181 17
8182 17
8183 17
8184 17
8185 17
8186 17
8187 17
8188 18
8189 18
8190 17
8191 18
8192 17
8193 17
8194 18
8195 17
8196 18
8197 17
8198 17
8199 17
8200 17
8201 17
8202 17
8203 17
8204 17
8205 17
8206 19
8207 23
8208 18
8209 17
8210 17
8211 17
8212 17
8213 17
8214 17
8215 17
8216 18
8217 19
8218 18
8219 18
8220 18
8221 28
8222 18
8223 18
8224 18
8225 17
8226 18
8227 17
8228 17
8229 18
8230 17
8231 18
8232 18
8233 18
8234 17
8235 17
8236 17
8237 18
8238 19
8239 18
8240 17
8241 17
8242 18
8243 18
8244 19
8245 17
8246 17
8247 17
8248 18
8249 20
8250 17
8251 18
8252 17
8253 17
8254 18
8255 17
8256 17
8257 18
8258 17
8259 18
8260 17
8261 17
8262 17
8263 18
8264 17
8265 27
8266 19
8267 18
8268 17
8269 17
8270 17
8271 20
8272 17
8273 18
8274 17
8275 18
8276 18
8277 18
8278 17
8279 18
8280 18
8281 17
8282 19
8283 17
8284 18
8285 18
8286 18
8287 18
8288 19
8289 17
8290 18
8291 18
8292 17
8293 18
8294 17
8295 17
8296 18
8297 17
8298 17
8299 18
8300 17
8301 17
8302 17
8303 17
8304 18
8305 18
8306 17
8307 17
8308 18
8309 18
8310 17
8311 18
8312 18
8313 18
8314 17
8315 17
8316 18
8317 17
8318 18
8319 17
8320 17
8321 18
8322 17
8323 17
8324 17
8325 18
8326 18
8327 20
8328 17
8329 17
8330 18
8331 18
8332 17
8333 17
8334 18
8335 17
8336 18
8337 17
8338 18
8339 18
8340 18
8341 17
8342 17
8343 17
8344 18
8345 18
8346 17
8347 17
8348 17
8349 18
8350 17
8351 17
8352 17
8353 18
8354 18
8355 17
8356 18
8357 19
8358 17
8359 17
8360 17
8361 17
8362 17
8363 17
8364 18
8365 27
8366 18
8367 18
8368 17
8369 17
8370 18
8371 18
8372 17
8373 17
8374 17
8375 17
8376 17
8377 18
8378 17
8379 18
8380 18
8381 18
8382 18
8383 17
8384 29
8385 17
8386 17
8387 17
8388 18
8389 17
8390 18
8391 17
8392 18
8393 19
8394 17
8395 18
8396 17
8397 18
8398 17
8399 17
8400 17
8401 17
8402 17
8403 17
8404 18
8405 17
8406 18
8407 17
8408 17
8409 17
8410 17
8411 17
8412 17
8413 17
8414 17
8415 18
8416 18
8417 18
8418 17
8419 18
8420 17
8421 18
8422 17
8423 18
8424 17
8425 17
8426 17
8427 17
8428 17
8429 17
8430 17
8431 17
8432 17
8433 17
8434 17
8435 17
8436 17
8437 17
8438 18
8439 17
8440 18
8441 18
8442 17
8443 17
8444 17
8445 17
8446 18
8447 17
8448 17
8449 17
8450 17
8451 17
8452 17
8453 17
8454 17
8455 18
8456 17
8457 18
8458 17
8459 17
8460 17
8461 17
8462 17
8463 17
8464 17
8465 17
8466 17
8467 17
8468 17
8469 17
8470 17
8471 17
8472 19
8473 17
8474 18
8475 17
8476 17
8477 17
8478 17
8479 17
8480 17
8481 17
8482 17
8483 18
8484 18
8485 18
8486 17
8487 17
8488 17
8489 17
8490 17
8491 17
8492 17
8493 17
8494 17
8495 18
8496 18
8497 17
8498 17
8499 17
8500 17
8501 17
8502 17
8503 18
8504 18
8505 18
8506 19
8507 18
8508 18
8509 18
8510 18
8511 18
8512 17
8513 17
8514 17
8515 17
8516 17
8517 17
8518 17
8519 18
8520 18
8521 17
8522 18
8523 19
8524 18
8525 17
8526 17
8527 18
8528 19
8529 18
8530 18
8531 17
8532 18
8533 17
8534 17
8535 18
8536 17
8537 17
8538 18
8539 18
8540 18
8541 17
8542 17
8543 18
8544 17
8545 17
8546 17
8547 18
8548 18
8549 17
8550 17
8551 17
8552 18
8553 18
8554 17
8555 18
8556 17
8557 19
8558 18
8559 18
8560 18
8561 18
8562 17
8563 33
8564 22
8565 18
8566 17
8567 18
8568 18
8569 17
8570 17
8571 18
8572 17
8573 17
8574 17
8575 18
8576 17
8577 19
8578 19
8579 18
8580 17
8581 17
8582 18
8583 17
8584 18
8585 17
8586 17
8587 17
8588 18
8589 18
8590 18
8591 18
8592 18
8593 17
8594 19
8595 18
8596 18
8597 17
8598 17
8599 17
8600 17
8601 17
8602 17
8603 17
8604 17
8605 17
8606 18
8607 18
8608 17
8609 17
8610 17
8611 17
8612 17
8613 17
8614 17
8615 18
8616 17
8617 19
8618 17
8619 17
8620 16
8621 18
8622 17
8623 17
8624 17
8625 17
8626 17
8627 17
8628 19
8629 17
8630 17
8631 17
8632 17
8633 18
8634 18
8635 17
8636 18
8637 17
8638 18
8639 18
8640 18
8641 17
8642 17
8643 18
8644 17
8645 17
8646 17
8647 18
8648 18
8649 17
8650 18
8651 18
8652 18
8653 18
8654 19
8655 18
8656 18
8657 18
8658 17
8659 17
8660 17
8661 18
8662 18
8663 18
8664 17
8665 17
8666 17
8667 19
8668 17
8669 18
8670 17
8671 17
8672 18
8673 17
8674 17
8675 18
8676 18
8677 17
8678 17
8679 17
8680 17
8681 17
8682 17
8683 17
8684 18
8685 17
8686 18
8687 17
8688 18
8689 17
8690 17
8691 17
8692 19
8693 17
8694 17
8695 18
8696 18
8697 18
8698 18
8699 18
8700 17
8701 17
8702 17
8703 18
8704 18
8705 17
8706 17
8707 17
8708 17
8709 17
8710 17
8711 18
8712 19
8713 18
8714 17
8715 18
8716 17
8717 17
8718 19
8719 17
8720 17
8721 17
8722 17
8723 17
8724 17
8725 17
8726 17
8727 18
8728 17
8729 17
8730 17
8731 17
8732 17
8733 17
8734 17
8735 19
8736 17
8737 17
8738 17
8739 18
8740 17
8741 18
8742 23
8743 17
8744 17
8745 17
8746 17
8747 17
8748 17
8749 18
8750 18
8751 18
8752 18
8753 18
8754 17
8755 18
8756 20
8757 20
8758 17
8759 18
8760 18
8761 18
8762 17
8763 17
8764 17
8765 17
8766 18
8767 30
8768 19
8769 17
8770 17
8771 17
8772 17
8773 18
8774 18
8775 18
8776 18
8777 18
8778 17
8779 17
8780 18
8781 17
8782 17
8783 17
8784 19
8785 18
8786 17
8787 17
8788 17
8789 18
8790 18
8791 18
8792 18
8793 18
8794 17
8795 17
8796 18
8797 18
8798 18
8799 18
8800 17
8801 17
8802 18
8803 18
8804 18
8805 18
8806 18
8807 18
8808 18
8809 17
8810 17
8811 18
8812 17
8813 18
8814 17
8815 17
8816 17
8817 18
8818 19
8819 17
8820 20
8821 17
8822 18
8823 17
8824 17
8825 17
8826 18
8827 18
8828 17
8829 17
8830 17
8831 17
8832 17
8833 18
8834 18
8835 19
8836 18
8837 17
8838 17
8839 17
8840 17
8841 17
8842 17
8843 17
8844 17
8845 18
8846 19
8847 19
8848 17
8849 17
8850 17
8851 17
8852 17
8853 17
8854 17
8855 17
8856 17
8857 18
8858 17
8859 17
8860 17
8861 17
8862 17
8863 18
8864 18
8865 17
8866 17
8867 17
8868 18
8869 17
8870 18
8871 17
8872 18
8873 18
8874 19
8875 18
8876 17
8877 18
8878 18
8879 18
8880 18
8881 17
8882 17
8883 17
8884 19
8885 17
8886 17
8887 17
8888 17
8889 17
8890 18
8891 17
8892 17
8893 17
8894 17
8895 17
8896 17
8897 17
8898 18
8899 19
8900 17
8901 17
8902 17
8903 17
8904 17
8905 16
8906 18
8907 18
8908 17
8909 17
8910 17
8911 17
8912 17
8913 18
8914 17
8915 18
8916 17
8917 18
8918 17
8919 17
8920 17
8921 245
8922 18
8923 18
8924 17
8925 17
8926 19
8927 18
8928 17
8929 17
8930 18
8931 17
8932 17
8933 17
8934 17
8935 17
8936 18
8937 18
8938 18
8939 17
8940 17
8941 17
8942 17
8943 17
8944 17
8945 18
8946 18
8947 29
8948 19
8949 18
8950 17
8951 18
8952 17
8953 17
8954 17
8955 18
8956 17
8957 17
8958 18
8959 18
8960 17
8961 17
8962 17
8963 17
8964 18
8965 19
8966 18
8967 18
8968 17
8969 18
8970 18
8971 18
8972 17
8973 17
8974 17
8975 17
8976 17
8977 17
8978 17
8979 17
8980 21
8981 17
8982 19
8983 18
8984 19
8985 17
8986 17
8987 17
8988 18
8989 18
8990 17
8991 17
8992 17
8993 17
8994 17
8995 17
8996 17
8997 17
8998 18
8999 18
9000 17
9001 17
9002 17
9003 17
9004 18
9005 17
9006 17
9007 17
9008 17
9009 19
9010 17
9011 18
9012 17
9013 17
9014 17
9015 17
9016 18
9017 17
9018 17
9019 17
9020 18
9021 17
9022 18
9023 17
9024 17
9025 17
9026 18
9027 18
9028 17
9029 17
9030 17
9031 17
9032 17
9033 17
9034 17
9035 18
9036 17
9037 18
9038 19
9039 18
9040 18
9041 18
9042 18
9043 17
9044 17
9045 18
9046 17
9047 17
9048 18
9049 19
9050 17
9051 18
9052 17
9053 17
9054 18
9055 17
9056 18
9057 17
9058 18
9059 17
9060 18
9061 18
9062 18
9063 18
9064 17
9065 19
9066 18
9067 17
9068 17
9069 18
9070 18
9071 17
9072 18
9073 18
9074 17
9075 17
9076 17
9077 17
9078 18
9079 17
9080 18
9081 19
9082 20
9083 18
9084 18
9085 18
9086 18
9087 20
9088 17
9089 35
9090 19
9091 18
9092 17
9093 17
9094 17
9095 17
9096 17
9097 19
9098 18
9099 18
9100 18
9101 18
9102 18
9103 17
9104 18
9105 17
9106 17
9107 18
9108 18
9109 19
9110 18
9111 17
9112 17
9113 18
9114 18
9115 18
9116 17
9117 17
9118 18
9119 18
9120 17
9121 17
9122 17
9123 18
9124 17
9125 17
9126 17
9127 17
9128 18
9129 18
9130 18
9131 18
9132 19
9133 19
9134 18
9135 17
9136 17
9137 17
9138 18
9139 17
9140 17
9141 28
9142 18
9143 18
9144 18
9145 17
9146 18
9147 18
9148 17
9149 17
9150 17
9151 17
9152 17
9153 18
9154 18
9155 18
9156 17
9157 17
9158 17
9159 17
9160 17
9161 17
9162 17
9163 17
9164 17
9165 18
9166 18
9167 19
9168 17
9169 18
9170 18
9171 18
9172 17
9173 17
9174 17
9175 19
9176 18
9177 17
9178 18
9179 18
9180 18
9181 17
9182 17
9183 17
9184 17
9185 17
9186 18
9187 17
9188 17
9189 17
9190 17
9191 17
9192 17
9193 17
9194 17
9195 17
9196 17
9197 17
9198 17
9199 17
9200 17
9201 17
9202 19
9203 18
9204 27
9205 19
9206 19
9207 18
9208 18
9209 18
9210 17
9211 17
9212 17
9213 17
9214 17
9215 17
9216 17
9217 17
9218 17
9219 17
9220 17
9221 17
9222 17
9223 17
9224 17
9225 17
9226 17
9227 18
9228 17
9229 17
9230 17
9231 17
9232 25
9233 18
9234 17
9235 17
9236 17
9237 17
9238 17
9239 17
9240 17
9241 18
9242 18
9243 19
9244 18
9245 17
9246 17
9247 17
9248 18
9249 17
9250 18
9251 17
9252 17
9253 17
9254 18
9255 18
9256 18
9257 18
9258 17
9259 17
9260 17
9261 17
9262 17
9263 17
9264 18
9265 18
9266 17
9267 18
9268 17
9269 17
9270 17
9271 17
9272 17
9273 18
9274 17
9275 17
9276 17
9277 17
9278 17
9279 17
9280 17
9281 17
9282 17
9283 17
9284 18
9285 17
9286 17
9287 17
9288 18
9289 18
9290 19
9291 18
9292 18
9293 18
9294 17
9295 17
9296 17
9297 17
9298 17
9299 17
9300 17
9301 18
9302 17
9303 17
9304 17
9305 17
9306 17
9307 17
9308 17
9309 18
9310 18
9311 18
9312 18
9313 17
9314 27
9315 18
9316 17
9317 17
9318 17
9319 17
9320 17
9321 17
9322 17
9323 17
9324 17
9325 17
9326 17
9327 17
9328 17
9329 17
9330 16
9331 18
9332 18
9333 18
9334 17
9335 18
9336 27
9337 19
9338 17
9339 17
9340 17
9341 17
9342 17
9343 17
9344 17
9345 17
9346 17
9347 18
9348 17
9349 18
9350 18
9351 18
9352 18
9353 18
9354 18
9355 17
9356 17
9357 17
9358 18
9359 18
9360 17
9361 17
9362 18
9363 18
9364 17
9365 17
9366 17
9367 17
9368 17
9369 17
9370 18
9371 17
9372 17
9373 18
9374 17
9375 17
9376 17
9377 18
9378 18
9379 18
9380 18
9381 18
9382 17
9383 17
9384 17
9385 17
9386 18
9387 17
9388 27
9389 18
9390 18
9391 18
9392 17
9393 18
9394 18
9395 17
9396 18
9397 18
9398 18
9399 18
9400 17
9401 18
9402 18
9403 17
9404 17
9405 18
9406 17
9407 17
9408 18
9409 17
9410 25
9411 18
9412 17
9413 17
9414 18
9415 17
9416 18
9417 17
9418 17
9419 17
9420 17
9421 18
9422 17
9423 17
9424 17
9425 25
9426 18
9427 17
9428 18
9429 18
9430 17
9431 17
9432 17
9433 17
9434 17
9435 17
9436 17
9437 17
9438 18
9439 18
9440 18
9441 18
9442 17
9443 19
9444 23
9445 17
9446 17
9447 17
9448 17
9449 17
9450 17
9451 17
9452 18
9453 18
9454 18
9455 18
9456 17
9457 18
9458 18
9459 17
9460 17
9461 17
9462 17
9463 17
9464 18
9465 19
9466 18
9467 18
9468 18
9469 19
9470 18
9471 20
9472 17
9473 18
9474 17
9475 18
9476 19
9477 18
9478 17
9479 17
9480 18
9481 17
9482 18
9483 18
9484 17
9485 18
9486 18
9487 18
9488 17
9489 17
9490 18
9491 18
9492 18
9493 18
9494 17
9495 17
9496 18
9497 18
9498 17
9499 18
9500 17
9501 18
9502 18
9503 17
9504 18
9505 18
9506 17
9507 17
9508 17
9509 17
9510 17
9511 17
9512 17
9513 18
9514 18
9515 17
9516 17
9517 17
9518 17
9519 17
9520 17
9521 19
9522 18
9523 17
9524 17
9525 17
9526 17
9527 17
9528 17
9529 17
9530 17
9531 18
9532 17
9533 17
9534 17
9535 19
9536 17
9537 17
9538 19
9539 18
9540 17
9541 18
9542 18
9543 17
9544 17
9545 17
9546 18
9547 17
9548 18
9549 19
9550 18
9551 18
9552 17
9553 18
9554 17
9555 17
9556 17
9557 18
9558 18
9559 18
9560 19
9561 18
9562 17
9563 18
9564 17
9565 17
9566 17
9567 17
9568 17
9569 17
9570 17
9571 17
9572 18
9573 18
9574 17
9575 17
9576 18
9577 19
9578 17
9579 18
9580 18
9581 18
9582 18
9583 17
9584 18
9585 17
9586 17
9587 17
9588 17
9589 17
9590 17
9591 18
9592 17
9593 17
9594 18
9595 18
9596 17
9597 18
9598 18
9599 19
9600 18
9601 20
9602 17
9603 17
9604 17
9605 18
9606 17
9607 17
9608 18
9609 18
9610 17
9611 17
9612 18
9613 18
9614 18
9615 18
9616 18
9617 18
9618 17
9619 18
9620 18
9621 17
9622 18
9623 29
9624 18
9625 17
9626 19
9627 19
9628 18
9629 18
9630 19
9631 18
9632 19
9633 17
9634 18
9635 17
9636 17
9637 19
9638 17
9639 17
9640 17
9641 18
9642 18
9643 18
9644 17
9645 17
9646 17
9647 18
9648 18
9649 17
9650 17
9651 17
9652 17
9653 17
9654 17
9655 17
9656 17
9657 18
9658 18
9659 17
9660 18
9661 18
9662 17
9663 20
9664 17
9665 17
9666 17
9667 17
9668 17
9669 18
9670 18
9671 18
9672 17
9673 17
9674 18
9675 17
9676 17
9677 17
9678 18
9679 18
9680 18
9681 17
9682 18
9683 18
9684 19
9685 18
9686 17
9687 17
9688 17
9689 17
9690 17
9691 17
9692 17
9693 17
9694 17
9695 17
9696 17
9697 17
9698 19
9699 19
9700 18
9701 17
9702 17
9703 17
9704 17
9705 17
9706 17
9707 17
9708 17
9709 17
9710 17
9711 17
9712 17
9713 17
9714 16
9715 18
9716 19
9717 18
9718 17
9719 17
9720 17
9721 18
9722 18
9723 17
9724 17
9725 17
9726 17
9727 19
9728 17
9729 17
9730 17
9731 17
9732 18
9733 18
9734 18
9735 17
9736 17
9737 17
9738 17
9739 17
9740 17
9741 17
9742 17
9743 18
9744 17
9745 17
9746 17
9747 17
9748 17
9749 18
9750 17
9751 18
9752 17
9753 17
9754 17
9755 18
9756 18
9757 18
9758 18
9759 17
9760 17
9761 17
9762 17
9763 18
9764 17
9765 17
9766 17
9767 17
9768 17
9769 17
9770 18
9771 17
9772 19
9773 17
9774 18
9775 17
9776 17
9777 17
9778 17
9779 17
9780 17
9781 17
9782 17
9783 17
9784 18
9785 18
9786 17
9787 17
9788 17
9789 17
9790 17
9791 19
9792 17
9793 17
9794 18
9795 18
9796 18
9797 17
9798 18
9799 17
9800 17
9801 17
9802 28
9803 18
9804 17
9805 17
9806 17
9807 17
9808 17
9809 17
9810 17
9811 17
9812 17
9813 17
9814 17
9815 17
9816 17
9817 17
9818 17
9819 17
9820 17
9821 17
9822 18
9823 17
9824 17
9825 17
9826 17
9827 17
9828 17
9829 17
9830 17
9831 18
9832 18
9833 17
9834 18
9835 18
9836 17
9837 17
9838 17
9839 17
9840 17
9841 17
9842 17
9843 17
9844 17
9845 18
9846 17
9847 18
9848 17
9849 17
9850 17
9851 17
9852 17
9853 18
9854 17
9855 22
9856 17
9857 18
9858 18
9859 17
9860 17
9861 17
9862 17
9863 17
9864 18
9865 17
9866 17
9867 17
9868 18
9869 17
9870 18
9871 18
9872 17
9873 17
9874 17
9875 17
9876 18
9877 17
9878 17
9879 18
9880 18
9881 18
9882 17
9883 17
9884 17
9885 17
9886 17
9887 17
9888 17
9889 17
9890 18
9891 19
9892 18
9893 18
9894 18
9895 18
9896 17
9897 17
9898 17
9899 17
9900 17
9901 17
9902 17
9903 18
9904 17
9905 17
9906 17
9907 17
9908 17
9909 17
9910 17
9911 17
9912 18
9913 18
9914 17
9915 19
9916 17
9917 17
9918 17
9919 21
9920 17
9921 18
9922 18
9923 29
9924 19
9925 17
9926 18
9927 17
9928 18
9929 17
9930 17
9931 18
9932 18
9933 18
9934 17
9935 17
9936 18
9937 17
9938 17
9939 17
9940 20
9941 18
9942 17
9943 17
9944 18
9945 17
9946 17
9947 18
9948 17
9949 17
9950 17
9951 18
9952 18
9953 17
9954 17
9955 17
9956 17
9957 18
9958 17
9959 17
9960 17
9961 17
9962 17
9963 18
9964 18
9965 17
9966 17
9967 17
9968 18
9969 17
9970 17
9971 17
9972 18
9973 18
9974 18
9975 17
9976 17
9977 17
9978 17
9979 17
9980 17
9981 17
9982 19
9983 19
9984 17
9985 18
9986 17
9987 17
9988 17
9989 17
9990 17
9991 17
9992 18
9993 18
9994 17
9995 17
9996 17
9997 17
9998 18
9999 18
