0 72
1 19
2 18
3 18
4 18
5 18
6 17
7 17
8 17
9 18
10 17
11 17
12 18
13 17
14 18
15 17
16 18
17 17
18 18
19 18
20 268
21 21
22 18
23 17
24 17
25 18
26 18
27 17
28 17
29 17
30 17
31 17
32 17
33 18
34 17
35 17
36 17
37 17
38 17
39 17
40 17
41 17
42 17
43 17
44 17
45 17
46 17
47 17
48 17
49 18
50 18
51 17
52 17
53 17
54 17
55 17
56 18
57 17
58 17
59 17
60 17
61 17
62 17
63 17
64 17
65 18
66 17
67 18
68 17
69 17
70 17
71 18
72 17
73 17
74 17
75 18
76 17
77 17
78 17
79 17
80 17
81 17
82 18
83 17
84 17
85 17
86 18
87 18
88 18
89 17
90 17
91 17
92 16
93 17
94 18
95 18
96 18
97 18
98 17
99 17
100 19
101 18
102 19
103 18
104 17
105 18
106 18
107 18
108 17
109 17
110 18
111 16
112 17
113 17
114 17
115 17
116 17
117 17
118 18
119 17
120 17
121 18
122 17
123 18
124 17
125 17
126 17
127 18
128 18
129 17
130 18
131 17
132 17
133 17
134 18
135 17
136 17
137 17
138 17
139 17
140 18
141 17
142 17
143 17
144 18
145 17
146 17
147 17
148 17
149 17
150 17
151 17
152 17
153 16
154 17
155 17
156 17
157 17
158 18
159 18
160 18
161 17
162 17
163 17
164 17
165 18
166 17
167 17
168 17
169 17
170 17
171 17
172 17
173 17
174 17
175 17
176 17
177 17
178 17
179 17
180 17
181 17
182 17
183 17
184 17
185 17
186 17
187 17
188 18
189 17
190 17
191 37
192 17
193 17
194 17
195 17
196 17
197 17
198 17
199 17
200 17
201 16
202 17
203 17
204 17
205 18
206 18
207 17
208 17
209 17
210 18
211 17
212 17
213 17
214 17
215 17
216 17
217 17
218 17
219 18
220 18
221 18
222 18
223 17
224 17
225 17
226 17
227 18
228 17
229 17
230 17
231 17
232 17
233 18
234 18
235 17
236 17
237 17
238 17
239 17
240 17
241 17
242 17
243 17
244 17
245 17
246 17
247 17
248 17
249 18
250 18
251 18
252 17
253 17
254 17
255 17
256 17
257 18
258 18
259 17
260 18
261 18
262 18
263 17
264 17
265 17
266 18
267 17
268 18
269 18
270 17
271 17
272 18
273 18
274 17
275 17
276 17
277 17
278 17
279 17
280 17
281 18
282 17
283 17
284 17
285 16
286 17
287 17
288 17
289 17
290 17
291 17
292 17
293 17
294 17
295 17
296 17
297 18
298 18
299 18
300 18
301 17
302 18
303 17
304 17
305 17
306 18
307 18
308 17
309 17
310 17
311 17
312 17
313 17
314 17
315 17
316 17
317 17
318 17
319 17
320 17
321 17
322 17
323 17
324 17
325 17
326 17
327 17
328 17
329 17
330 17
331 17
332 16
333 17
334 17
335 17
336 17
337 17
338 17
339 17
340 17
341 17
342 17
343 17
344 17
345 17
346 18
347 17
348 17
349 16
350 17
351 17
352 17
353 17
354 17
355 17
356 17
357 17
358 17
359 17
360 17
361 16
362 17
363 17
364 18
365 17
366 18
367 18
368 18
369 17
370 17
371 17
372 17
373 23
374 17
375 17
376 17
377 17
378 17
379 17
380 17
381 17
382 18
383 18
384 17
385 18
386 17
387 17
388 17
389 17
390 17
391 17
392 17
393 17
394 18
395 17
396 17
397 17
398 17
399 17
400 17
401 17
402 17
403 17
404 17
405 17
406 17
407 17
408 17
409 17
410 17
411 17
412 17
413 17
414 17
415 17
416 17
417 17
418 17
419 17
420 17
421 17
422 17
423 17
424 17
425 17
426 17
427 18
428 17
429 17
430 17
431 17
432 17
433 17
434 17
435 17
436 17
437 18
438 17
439 18
440 17
441 17
442 17
443 17
444 17
445 17
446 17
447 17
448 17
449 18
450 18
451 18
452 18
453 18
454 17
455 17
456 17
457 17
458 17
459 17
460 17
461 17
462 17
463 17
464 17
465 17
466 17
467 18
468 17
469 17
470 17
471 17
472 17
473 18
474 18
475 18
476 17
477 17
478 17
479 17
480 18
481 17
482 18
483 17
484 17
485 17
486 17
487 17
488 17
489 17
490 17
491 17
492 17
493 17
494 17
495 17
496 18
497 18
498 18
499 17
500 17
501 17
502 17
503 16
504 19
505 17
506 17
507 16
508 17
509 17
510 17
511 17
512 18
513 17
514 17
515 17
516 17
517 17
518 17
519 17
520 17
521 17
522 17
523 17
524 17
525 18
526 18
527 18
528 17
529 17
530 18
531 18
532 17
533 17
534 17
535 17
536 17
537 17
538 17
539 17
540 17
541 17
542 17
543 17
544 18
545 17
546 17
547 17
548 17
549 18
550 18
551 18
552 18
553 17
554 17
555 17
556 26
557 17
558 17
559 17
560 17
561 17
562 17
563 17
564 17
565 18
566 17
567 17
568 17
569 17
570 17
571 17
572 17
573 17
574 18
575 17
576 17
577 17
578 18
579 17
580 17
581 17
582 17
583 17
584 17
585 17
586 18
587 18
588 18
589 18
590 18
591 18
592 17
593 17
594 18
595 18
596 17
597 17
598 17
599 17
600 17
601 17
602 17
603 17
604 17
605 17
606 17
607 17
608 17
609 17
610 17
611 17
612 17
613 17
614 17
615 18
616 17
617 17
618 17
619 17
620 17
621 17
622 18
623 17
624 17
625 17
626 17
627 17
628 17
629 17
630 17
631 17
632 17
633 17
634 17
635 17
636 17
637 17
638 17
639 17
640 17
641 17
642 17
643 17
644 17
645 17
646 17
647 17
648 17
649 17
650 17
651 17
652 17
653 17
654 17
655 17
656 17
657 17
658 17
659 17
660 17
661 17
662 17
663 17
664 17
665 17
666 17
667 17
668 17
669 17
670 17
671 18
672 17
673 17
674 18
675 17
676 17
677 17
678 17
679 17
680 17
681 17
682 18
683 18
684 17
685 17
686 17
687 17
688 17
689 17
690 17
691 17
692 17
693 17
694 17
695 17
696 17
697 17
698 17
699 18
700 18
701 18
702 17
703 17
704 17
705 17
706 17
707 18
708 17
709 17
710 17
711 17
712 17
713 17
714 17
715 17
716 17
717 17
718 17
719 17
720 18
721 17
722 17
723 17
724 17
725 17
726 17
727 17
728 17
729 17
730 17
731 17
732 17
733 17
734 17
735 17
736 17
737 17
738 17
739 32
740 18
741 17
742 17
743 17
744 18
745 17
746 17
747 17
748 17
749 17
750 17
751 17
752 17
753 17
754 17
755 17
756 17
757 17
758 17
759 17
760 17
761 17
762 17
763 17
764 17
765 17
766 17
767 17
768 17
769 17
770 17
771 17
772 17
773 17
774 17
775 17
776 17
777 17
778 17
779 17
780 17
781 17
782 17
783 17
784 17
785 17
786 17
787 17
788 17
789 18
790 18
791 17
792 17
793 17
794 17
795 17
796 16
797 17
798 17
799 17
800 17
801 17
802 18
803 17
804 17
805 17
806 18
807 17
808 18
809 18
810 18
811 18
812 17
813 18
814 17
815 17
816 17
817 17
818 17
819 17
820 17
821 17
822 17
823 17
824 17
825 17
826 17
827 16
828 17
829 17
830 17
831 17
832 17
833 17
834 17
835 20
836 17
837 17
838 17
839 17
840 17
841 17
842 17
843 17
844 17
845 17
846 17
847 17
848 16
849 18
850 18
851 17
852 17
853 17
854 18
855 17
856 17
857 17
858 17
859 17
860 17
861 17
862 16
863 17
864 16
865 17
866 17
867 18
868 18
869 17
870 17
871 17
872 17
873 17
874 17
875 17
876 17
877 17
878 17
879 17
880 17
881 17
882 18
883 17
884 17
885 17
886 17
887 18
888 18
889 17
890 18
891 18
892 17
893 17
894 17
895 17
896 16
897 17
898 17
899 19
900 17
901 17
902 17
903 17
904 17
905 17
906 17
907 17
908 21
909 17
910 17
911 17
912 17
913 17
914 17
915 17
916 18
917 17
918 18
919 18
920 17
921 17
922 20
923 17
924 17
925 17
926 17
927 17
928 18
929 17
930 17
931 18
932 17
933 17
934 17
935 18
936 17
937 18
938 18
939 18
940 17
941 17
942 18
943 18
944 18
945 18
946 17
947 17
948 17
949 18
950 18
951 17
952 17
953 17
954 18
955 18
956 17
957 17
958 17
959 17
960 18
961 18
962 18
963 19
964 17
965 17
966 18
967 18
968 17
969 17
970 17
971 17
972 17
973 17
974 18
975 18
976 17
977 17
978 17
979 17
980 17
981 17
982 17
983 17
984 18
985 17
986 17
987 17
988 17
989 17
990 18
991 17
992 17
993 17
994 17
995 18
996 17
997 17
998 17
999 17
1000 17
1001 17
1002 17
1003 17
1004 17
1005 17
1006 17
1007 17
1008 16
1009 17
1010 17
1011 17
1012 17
1013 17
1014 17
1015 17
1016 18
1017 18
1018 17
1019 17
1020 17
1021 17
1022 17
1023 17
1024 18
1025 17
1026 17
1027 19
1028 18
1029 18
1030 18
1031 17
1032 17
1033 17
1034 17
1035 17
1036 17
1037 17
1038 18
1039 17
1040 17
1041 17
1042 17
1043 17
1044 17
1045 17
1046 17
1047 17
1048 17
1049 17
1050 17
1051 17
1052 17
1053 17
1054 17
1055 18
1056 17
1057 17
1058 17
1059 17
1060 17
1061 18
1062 17
1063 17
1064 17
1065 17
1066 17
1067 17
1068 17
1069 17
1070 17
1071 17
1072 17
1073 17
1074 17
1075 17
1076 17
1077 17
1078 17
1079 17
1080 17
1081 17
1082 18
1083 18
1084 18
1085 17
1086 18
1087 17
1088 17
1089 17
1090 17
1091 19
1092 17
1093 17
1094 17
1095 17
1096 17
1097 17
1098 17
1099 17
1100 17
1101 17
1102 17
1103 33
1104 18
1105 17
1106 17
1107 17
1108 17
1109 17
1110 17
1111 17
1112 17
1113 17
1114 17
1115 17
1116 18
1117 17
1118 17
1119 17
1120 17
1121 18
1122 18
1123 17
1124 18
1125 17
1126 18
1127 17
1128 17
1129 17
1130 17
1131 17
1132 18
1133 17
1134 17
1135 17
1136 17
1137 17
1138 17
1139 17
1140 17
1141 17
1142 18
1143 18
1144 18
1145 18
1146 17
1147 17
1148 17
1149 17
1150 17
1151 17
1152 17
1153 17
1154 17
1155 19
1156 17
1157 17
1158 17
1159 17
1160 17
1161 17
1162 18
1163 17
1164 17
1165 17
1166 17
1167 17
1168 17
1169 18
1170 18
1171 18
1172 18
1173 17
1174 17
1175 17
1176 17
1177 17
1178 17
1179 17
1180 17
1181 17
1182 18
1183 18
1184 18
1185 18
1186 18
1187 18
1188 17
1189 17
1190 17
1191 17
1192 17
1193 17
1194 17
1195 17
1196 17
1197 17
1198 17
1199 17
1200 17
1201 17
1202 17
1203 17
1204 18
1205 18
1206 18
1207 17
1208 18
1209 17
1210 18
1211 18
1212 17
1213 17
1214 17
1215 17
1216 17
1217 17
1218 18
1219 19
1220 17
1221 17
1222 17
1223 17
1224 17
1225 17
1226 17
1227 17
1228 17
1229 17
1230 18
1231 17
1232 18
1233 18
1234 18
1235 18
1236 18
1237 17
1238 17
1239 17
1240 17
1241 17
1242 17
1243 17
1244 17
1245 18
1246 17
1247 17
1248 17
1249 17
1250 17
1251 17
1252 17
1253 17
1254 17
1255 17
1256 17
1257 17
1258 17
1259 17
1260 17
1261 16
1262 17
1263 17
1264 17
1265 17
1266 18
1267 17
1268 18
1269 17
1270 17
1271 17
1272 17
1273 17
1274 17
1275 17
1276 17
1277 17
1278 17
1279 17
1280 17
1281 17
1282 17
1283 19
1284 18
1285 30
1286 18
1287 18
1288 17
1289 17
1290 17
1291 17
1292 17
1293 17
1294 17
1295 17
1296 17
1297 17
1298 17
1299 16
1300 17
1301 17
1302 17
1303 17
1304 17
1305 17
1306 17
1307 17
1308 17
1309 17
1310 17
1311 17
1312 17
1313 17
1314 17
1315 16
1316 17
1317 16
1318 17
1319 16
1320 17
1321 16
1322 17
1323 17
1324 17
1325 17
1326 17
1327 17
1328 17
1329 18
1330 18
1331 17
1332 17
1333 16
1334 17
1335 16
1336 17
1337 16
1338 17
1339 17
1340 17
1341 17
1342 17
1343 17
1344 17
1345 17
1346 17
1347 19
1348 17
1349 18
1350 19
1351 17
1352 17
1353 17
1354 17
1355 17
1356 17
1357 17
1358 17
1359 17
1360 17
1361 17
1362 17
1363 17
1364 17
1365 17
1366 17
1367 17
1368 17
1369 17
1370 17
1371 19
1372 18
1373 17
1374 17
1375 17
1376 17
1377 16
1378 17
1379 16
1380 17
1381 17
1382 17
1383 16
1384 17
1385 17
1386 17
1387 16
1388 17
1389 17
1390 17
1391 17
1392 18
1393 17
1394 17
1395 17
1396 16
1397 17
1398 16
1399 17
1400 16
1401 17
1402 17
1403 17
1404 17
1405 17
1406 17
1407 17
1408 17
1409 17
1410 17
1411 19
1412 17
1413 19
1414 17
1415 17
1416 17
1417 17
1418 17
1419 16
1420 17
1421 17
1422 17
1423 17
1424 17
1425 17
1426 17
1427 17
1428 17
1429 17
1430 17
1431 17
1432 17
1433 17
1434 18
1435 17
1436 17
1437 17
1438 17
1439 17
1440 17
1441 17
1442 17
1443 17
1444 17
1445 17
1446 16
1447 17
1448 17
1449 17
1450 17
1451 17
1452 17
1453 17
1454 17
1455 18
1456 17
1457 17
1458 17
1459 17
1460 17
1461 17
1462 17
1463 17
1464 17
1465 17
1466 17
1467 16
1468 17
1469 184
1470 18
1471 17
1472 17
1473 17
1474 17
1475 18
1476 18
1477 18
1478 17
1479 17
1480 18
1481 17
1482 17
1483 17
1484 18
1485 18
1486 18
1487 17
1488 18
1489 18
1490 18
1491 18
1492 18
1493 18
1494 18
1495 18
1496 18
1497 18
1498 18
1499 17
1500 17
1501 17
1502 17
1503 17
1504 18
1505 18
1506 17
1507 17
1508 17
1509 17
1510 17
1511 17
1512 17
1513 17
1514 17
1515 17
1516 17
1517 17
1518 17
1519 17
1520 17
1521 18
1522 18
1523 17
1524 17
1525 17
1526 17
1527 17
1528 18
1529 18
1530 18
1531 17
1532 17
1533 17
1534 17
1535 17
1536 17
1537 17
1538 17
1539 17
1540 17
1541 17
1542 17
1543 17
1544 17
1545 17
1546 17
1547 17
1548 17
1549 18
1550 18
1551 17
1552 17
1553 17
1554 17
1555 17
1556 17
1557 17
1558 17
1559 17
1560 17
1561 17
1562 17
1563 17
1564 17
1565 17
1566 18
1567 17
1568 17
1569 17
1570 17
1571 17
1572 17
1573 17
1574 17
1575 17
1576 17
1577 17
1578 17
1579 17
1580 17
1581 18
1582 17
1583 17
1584 17
1585 17
1586 17
1587 17
1588 17
1589 17
1590 17
1591 17
1592 17
1593 16
1594 17
1595 17
1596 16
1597 17
1598 17
1599 18
1600 18
1601 17
1602 17
1603 17
1604 17
1605 17
1606 17
1607 17
1608 17
1609 18
1610 17
1611 17
1612 17
1613 17
1614 17
1615 17
1616 18
1617 17
1618 17
1619 17
1620 17
1621 17
1622 17
1623 18
1624 17
1625 18
1626 17
1627 17
1628 17
1629 17
1630 17
1631 17
1632 17
1633 17
1634 17
1635 17
1636 17
1637 17
1638 17
1639 17
1640 17
1641 17
1642 17
1643 17
1644 20
1645 18
1646 18
1647 17
1648 17
1649 17
1650 17
1651 17
1652 17
1653 17
1654 17
1655 17
1656 17
1657 17
1658 16
1659 17
1660 17
1661 17
1662 18
1663 18
1664 18
1665 18
1666 17
1667 17
1668 18
1669 17
1670 17
1671 17
1672 17
1673 17
1674 17
1675 17
1676 18
1677 17
1678 17
1679 17
1680 17
1681 17
1682 17
1683 17
1684 17
1685 17
1686 17
1687 17
1688 17
1689 17
1690 17
1691 17
1692 17
1693 17
1694 17
1695 17
1696 17
1697 17
1698 17
1699 17
1700 17
1701 17
1702 17
1703 17
1704 17
1705 17
1706 18
1707 17
1708 17
1709 17
1710 17
1711 18
1712 18
1713 18
1714 17
1715 18
1716 18
1717 18
1718 18
1719 17
1720 17
1721 17
1722 18
1723 17
1724 17
1725 17
1726 17
1727 18
1728 17
1729 17
1730 17
1731 18
1732 18
1733 17
1734 17
1735 17
1736 18
1737 18
1738 18
1739 17
1740 17
1741 17
1742 18
1743 18
1744 18
1745 17
1746 17
1747 17
1748 18
1749 18
1750 18
1751 18
1752 18
1753 18
1754 18
1755 18
1756 17
1757 17
1758 18
1759 18
1760 17
1761 17
1762 17
1763 18
1764 17
1765 17
1766 17
1767 18
1768 18
1769 18
1770 18
1771 17
1772 17
1773 17
1774 18
1775 17
1776 17
1777 17
1778 18
1779 17
1780 17
1781 16
1782 17
1783 17
1784 18
1785 18
1786 18
1787 18
1788 18
1789 18
1790 17
1791 17
1792 17
1793 17
1794 17
1795 17
1796 18
1797 17
1798 17
1799 17
1800 17
1801 17
1802 17
1803 17
1804 17
1805 17
1806 17
1807 18
1808 17
1809 17
1810 17
1811 17
1812 18
1813 18
1814 18
1815 18
1816 17
1817 17
1818 18
1819 17
1820 17
1821 17
1822 17
1823 17
1824 17
1825 17
1826 17
1827 19
1828 17
1829 17
1830 17
1831 17
1832 17
1833 17
1834 17
1835 17
1836 17
1837 17
1838 17
1839 17
1840 17
1841 17
1842 17
1843 17
1844 18
1845 18
1846 17
1847 17
1848 17
1849 17
1850 17
1851 17
1852 17
1853 17
1854 18
1855 18
1856 17
1857 18
1858 17
1859 17
1860 17
1861 17
1862 17
1863 17
1864 16
1865 17
1866 17
1867 17
1868 17
1869 17
1870 17
1871 17
1872 18
1873 18
1874 17
1875 17
1876 17
1877 17
1878 17
1879 17
1880 17
1881 17
1882 17
1883 17
1884 18
1885 17
1886 17
1887 17
1888 17
1889 17
1890 18
1891 17
1892 18
1893 18
1894 18
1895 22
1896 18
1897 18
1898 18
1899 17
1900 17
1901 16
1902 17
1903 17
1904 17
1905 17
1906 17
1907 17
1908 17
1909 17
1910 18
1911 17
1912 18
1913 18
1914 17
1915 17
1916 17
1917 17
1918 17
1919 17
1920 17
1921 17
1922 17
1923 17
1924 17
1925 17
1926 17
1927 17
1928 17
1929 17
1930 18
1931 17
1932 17
1933 17
1934 17
1935 18
1936 17
1937 17
1938 17
1939 17
1940 17
1941 17
1942 18
1943 17
1944 17
1945 17
1946 17
1947 17
1948 17
1949 18
1950 17
1951 17
1952 17
1953 17
1954 17
1955 18
1956 18
1957 17
1958 17
1959 17
1960 17
1961 17
1962 18
1963 17
1964 17
1965 16
1966 17
1967 17
1968 17
1969 17
1970 17
1971 18
1972 17
1973 17
1974 17
1975 17
1976 17
1977 17
1978 17
1979 17
1980 17
1981 17
1982 17
1983 17
1984 17
1985 17
1986 17
1987 17
1988 17
1989 17
1990 17
1991 17
1992 17
1993 17
1994 17
1995 17
1996 17
1997 17
1998 18
1999 17
2000 18
2001 18
2002 17
2003 18
2004 17
2005 17
2006 17
2007 17
2008 17
2009 25
2010 17
2011 17
2012 17
2013 17
2014 17
2015 18
2016 17
2017 17
2018 17
2019 17
2020 17
2021 17
2022 17
2023 17
2024 17
2025 17
2026 17
2027 17
2028 17
2029 18
2030 17
2031 17
2032 17
2033 17
2034 17
2035 17
2036 18
2037 18
2038 18
2039 18
2040 17
2041 18
2042 18
2043 18
2044 18
2045 18
2046 18
2047 17
2048 17
2049 17
2050 17
2051 17
2052 17
2053 17
2054 17
2055 17
2056 18
2057 17
2058 17
2059 17
2060 17
2061 17
2062 17
2063 17
2064 17
2065 17
2066 17
2067 17
2068 17
2069 17
2070 17
2071 17
2072 17
2073 17
2074 18
2075 18
2076 18
2077 17
2078 17
2079 17
2080 18
2081 17
2082 18
2083 17
2084 17
2085 17
2086 17
2087 17
2088 18
2089 18
2090 18
2091 17
2092 17
2093 18
2094 18
2095 18
2096 18
2097 18
2098 17
2099 18
2100 17
2101 17
2102 17
2103 17
2104 17
2105 17
2106 18
2107 17
2108 17
2109 18
2110 18
2111 17
2112 18
2113 18
2114 17
2115 17
2116 18
2117 17
2118 18
2119 17
2120 17
2121 17
2122 18
2123 17
2124 17
2125 17
2126 17
2127 17
2128 17
2129 17
2130 18
2131 17
2132 17
2133 17
2134 17
2135 17
2136 18
2137 18
2138 17
2139 17
2140 17
2141 18
2142 17
2143 17
2144 17
2145 18
2146 17
2147 18
2148 18
2149 18
2150 18
2151 17
2152 17
2153 18
2154 18
2155 18
2156 18
2157 18
2158 17
2159 18
2160 18
2161 17
2162 18
2163 17
2164 17
2165 17
2166 17
2167 17
2168 17
2169 17
2170 17
2171 17
2172 17
2173 17
2174 17
2175 17
2176 17
2177 17
2178 17
2179 17
2180 17
2181 17
2182 17
2183 17
2184 18
2185 17
2186 18
2187 18
2188 18
2189 17
2190 17
2191 18
2192 17
2193 17
2194 17
2195 17
2196 17
2197 17
2198 17
2199 17
2200 18
2201 18
2202 18
2203 17
2204 17
2205 17
2206 17
2207 17
2208 17
2209 17
2210 17
2211 18
2212 18
2213 17
2214 17
2215 17
2216 17
2217 17
2218 17
2219 18
2220 18
2221 17
2222 18
2223 18
2224 17
2225 18
2226 18
2227 18
2228 17
2229 17
2230 17
2231 18
2232 18
2233 17
2234 18
2235 17
2236 17
2237 17
2238 17
2239 17
2240 17
2241 17
2242 17
2243 17
2244 17
2245 17
2246 17
2247 17
2248 18
2249 17
2250 17
2251 17
2252 17
2253 17
2254 18
2255 18
2256 18
2257 17
2258 18
2259 17
2260 17
2261 17
2262 17
2263 17
2264 18
2265 18
2266 18
2267 17
2268 17
2269 17
2270 17
2271 17
2272 17
2273 17
2274 17
2275 17
2276 17
2277 17
2278 18
2279 18
2280 17
2281 17
2282 17
2283 17
2284 18
2285 17
2286 17
2287 18
2288 17
2289 17
2290 17
2291 17
2292 17
2293 17
2294 17
2295 17
2296 17
2297 17
2298 17
2299 18
2300 18
2301 18
2302 18
2303 17
2304 17
2305 17
2306 17
2307 17
2308 17
2309 17
2310 17
2311 18
2312 18
2313 18
2314 18
2315 17
2316 17
2317 17
2318 17
2319 18
2320 18
2321 18
2322 18
2323 17
2324 17
2325 17
2326 17
2327 17
2328 17
2329 17
2330 17
2331 17
2332 17
2333 17
2334 17
2335 17
2336 17
2337 17
2338 17
2339 17
2340 18
2341 18
2342 18
2343 18
2344 18
2345 18
2346 18
2347 17
2348 17
2349 17
2350 18
2351 18
2352 18
2353 17
2354 17
2355 18
2356 18
2357 18
2358 18
2359 17
2360 17
2361 17
2362 17
2363 17
2364 17
2365 17
2366 17
2367 20
2368 18
2369 19
2370 17
2371 17
2372 28
2373 17
2374 17
2375 16
2376 17
2377 16
2378 17
2379 17
2380 17
2381 17
2382 17
2383 17
2384 16
2385 17
2386 16
2387 17
2388 17
2389 17
2390 18
2391 18
2392 17
2393 17
2394 17
2395 17
2396 17
2397 17
2398 17
2399 17
2400 17
2401 17
2402 17
2403 17
2404 17
2405 17
2406 17
2407 17
2408 17
2409 17
2410 17
2411 18
2412 17
2413 18
2414 17
2415 17
2416 17
2417 17
2418 17
2419 17
2420 17
2421 17
2422 17
2423 17
2424 17
2425 16
2426 17
2427 16
2428 17
2429 17
2430 17
2431 19
2432 18
2433 17
2434 17
2435 17
2436 17
2437 17
2438 17
2439 17
2440 17
2441 17
2442 17
2443 16
2444 17
2445 16
2446 17
2447 16
2448 17
2449 16
2450 17
2451 17
2452 16
2453 18
2454 17
2455 17
2456 17
2457 17
2458 17
2459 16
2460 17
2461 17
2462 17
2463 16
2464 17
2465 16
2466 17
2467 17
2468 17
2469 17
2470 16
2471 17
2472 17
2473 17
2474 18
2475 17
2476 17
2477 17
2478 17
2479 17
2480 17
2481 17
2482 17
2483 17
2484 17
2485 17
2486 16
2487 17
2488 16
2489 17
2490 16
2491 17
2492 17
2493 17
2494 17
2495 19
2496 17
2497 17
2498 16
2499 17
2500 16
2501 17
2502 16
2503 17
2504 16
2505 17
2506 17
2507 17
2508 16
2509 17
2510 16
2511 17
2512 17
2513 17
2514 17
2515 17
2516 18
2517 17
2518 18
2519 17
2520 17
2521 17
2522 17
2523 17
2524 16
2525 17
2526 16
2527 17
2528 17
2529 17
2530 17
2531 17
2532 17
2533 17
2534 17
2535 18
2536 17
2537 18
2538 17
2539 17
2540 17
2541 17
2542 17
2543 17
2544 17
2545 17
2546 16
2547 17
2548 17
2549 17
2550 17
2551 17
2552 17
2553 17
2554 17
2555 18
2556 21
2557 17
2558 19
2559 19
2560 17
2561 17
2562 17
2563 17
2564 17
2565 17
2566 17
2567 17
2568 17
2569 17
2570 17
2571 17
2572 17
2573 17
2574 17
2575 16
2576 17
2577 17
2578 17
2579 18
2580 17
2581 17
2582 17
2583 17
2584 17
2585 17
2586 17
2587 16
2588 17
2589 16
2590 17
2591 16
2592 17
2593 16
2594 17
2595 17
2596 17
2597 17
2598 17
2599 17
2600 18
2601 17
2602 17
2603 17
2604 17
2605 17
2606 17
2607 16
2608 17
2609 16
2610 17
2611 17
2612 17
2613 17
2614 17
2615 17
2616 17
2617 17
2618 17
2619 17
2620 17
2621 18
2622 17
2623 18
2624 17
2625 17
2626 16
2627 17
2628 16
2629 17
2630 16
2631 17
2632 17
2633 17
2634 17
2635 17
2636 17
2637 17
2638 17
2639 17
2640 17
2641 17
2642 18
2643 17
2644 18
2645 17
2646 17
2647 17
2648 17
2649 17
2650 17
2651 17
2652 17
2653 17
2654 17
2655 17
2656 17
2657 17
2658 17
2659 17
2660 17
2661 18
2662 17
2663 18
2664 17
2665 17
2666 17
2667 17
2668 17
2669 16
2670 17
2671 17
2672 17
2673 17
2674 17
2675 17
2676 17
2677 17
2678 17
2679 17
2680 17
2681 17
2682 17
2683 17
2684 18
2685 17
2686 17
2687 18
2688 17
2689 17
2690 17
2691 16
2692 17
2693 17
2694 17
2695 17
2696 17
2697 17
2698 17
2699 17
2700 17
2701 17
2702 17
2703 17
2704 17
2705 19
2706 18
2707 16
2708 17
2709 16
2710 17
2711 17
2712 17
2713 17
2714 17
2715 17
2716 16
2717 17
2718 17
2719 17
2720 17
2721 17
2722 17
2723 17
2724 17
2725 17
2726 18
2727 17
2728 17
2729 17
2730 16
2731 17
2732 17
2733 17
2734 17
2735 17
2736 17
2737 17
2738 17
2739 17
2740 29
2741 17
2742 17
2743 17
2744 17
2745 17
2746 17
2747 18
2748 17
2749 17
2750 17
2751 19
2752 17
2753 17
2754 17
2755 17
2756 17
2757 17
2758 17
2759 17
2760 17
2761 17
2762 17
2763 18
2764 17
2765 17
2766 18
2767 17
2768 18
2769 17
2770 17
2771 17
2772 17
2773 17
2774 17
2775 17
2776 17
2777 17
2778 17
2779 17
2780 17
2781 17
2782 16
2783 17
2784 16
2785 17
2786 17
2787 18
2788 17
2789 18
2790 17
2791 17
2792 17
2793 17
2794 17
2795 17
2796 17
2797 17
2798 17
2799 17
2800 16
2801 17
2802 17
2803 17
2804 17
2805 17
2806 17
2807 17
2808 17
2809 17
2810 18
2811 18
2812 17
2813 17
2814 17
2815 19
2816 16
2817 17
2818 16
2819 17
2820 17
2821 17
2822 17
2823 17
2824 17
2825 17
2826 17
2827 17
2828 16
2829 17
2830 17
2831 17
2832 18
2833 17
2834 17
2835 18
2836 17
2837 17
2838 17
2839 17
2840 17
2841 17
2842 17
2843 17
2844 17
2845 17
2846 17
2847 17
2848 16
2849 17
2850 17
2851 18
2852 17
2853 18
2854 17
2855 17
2856 17
2857 17
2858 17
2859 17
2860 17
2861 17
2862 17
2863 17
2864 17
2865 17
2866 17
2867 16
2868 17
2869 17
2870 17
2871 17
2872 17
2873 17
2874 18
2875 17
2876 17
2877 17
2878 17
2879 18
2880 17
2881 17
2882 17
2883 17
2884 17
2885 17
2886 17
2887 17
2888 17
2889 16
2890 17
2891 17
2892 17
2893 17
2894 17
2895 18
2896 17
2897 17
2898 17
2899 17
2900 17
2901 16
2902 17
2903 16
2904 17
2905 17
2906 17
2907 16
2908 17
2909 17
2910 17
2911 16
2912 17
2913 17
2914 18
2915 17
2916 18
2917 17
2918 17
2919 17
2920 17
2921 16
2922 17
2923 17
2924 270
2925 21
2926 18
2927 17
2928 17
2929 17
2930 17
2931 17
2932 17
2933 17
2934 18
2935 18
2936 17
2937 17
2938 18
2939 17
2940 17
2941 17
2942 17
2943 17
2944 17
2945 17
2946 17
2947 17
2948 16
2949 17
2950 18
2951 17
2952 17
2953 17
2954 17
2955 17
2956 17
2957 17
2958 17
2959 17
2960 17
2961 17
2962 17
2963 18
2964 17
2965 17
2966 17
2967 17
2968 17
2969 17
2970 17
2971 17
2972 17
2973 18
2974 18
2975 17
2976 17
2977 17
2978 18
2979 17
2980 17
2981 17
2982 17
2983 17
2984 18
2985 17
2986 17
2987 17
2988 17
2989 17
2990 17
2991 17
2992 17
2993 17
2994 17
2995 17
2996 17
2997 17
2998 17
2999 17
3000 16
3001 17
3002 17
3003 17
3004 17
3005 17
3006 17
3007 17
3008 17
3009 17
3010 17
3011 18
3012 18
3013 17
3014 17
3015 17
3016 17
3017 17
3018 17
3019 17
3020 17
3021 17
3022 17
3023 17
3024 17
3025 17
3026 17
3027 17
3028 17
3029 17
3030 17
3031 17
3032 17
3033 17
3034 17
3035 17
3036 17
3037 17
3038 17
3039 17
3040 17
3041 17
3042 17
3043 17
3044 17
3045 17
3046 17
3047 17
3048 17
3049 17
3050 17
3051 17
3052 17
3053 17
3054 16
3055 17
3056 17
3057 17
3058 17
3059 17
3060 17
3061 17
3062 17
3063 17
3064 17
3065 17
3066 17
3067 17
3068 17
3069 17
3070 17
3071 16
3072 17
3073 17
3074 17
3075 17
3076 17
3077 17
3078 17
3079 18
3080 17
3081 17
3082 17
3083 17
3084 17
3085 18
3086 17
3087 17
3088 17
3089 17
3090 17
3091 17
3092 17
3093 17
3094 17
3095 17
3096 26
3097 17
3098 17
3099 17
3100 17
3101 17
3102 17
3103 18
3104 17
3105 17
3106 17
3107 17
3108 17
3109 17
3110 17
3111 17
3112 18
3113 17
3114 17
3115 17
3116 18
3117 17
3118 17
3119 17
3120 17
3121 17
3122 18
3123 17
3124 18
3125 17
3126 17
3127 17
3128 17
3129 17
3130 17
3131 17
3132 17
3133 17
3134 17
3135 18
3136 18
3137 18
3138 18
3139 17
3140 17
3141 17
3142 17
3143 17
3144 17
3145 17
3146 17
3147 17
3148 17
3149 18
3150 18
3151 18
3152 18
3153 17
3154 17
3155 17
3156 17
3157 18
3158 17
3159 17
3160 17
3161 17
3162 18
3163 18
3164 18
3165 18
3166 18
3167 17
3168 18
3169 18
3170 18
3171 18
3172 17
3173 17
3174 17
3175 17
3176 17
3177 17
3178 17
3179 17
3180 17
3181 17
3182 17
3183 17
3184 18
3185 18
3186 17
3187 17
3188 17
3189 17
3190 18
3191 17
3192 17
3193 17
3194 17
3195 17
3196 17
3197 17
3198 17
3199 17
3200 17
3201 17
3202 17
3203 17
3204 17
3205 17
3206 17
3207 18
3208 18
3209 18
3210 18
3211 18
3212 18
3213 17
3214 17
3215 17
3216 17
3217 18
3218 18
3219 18
3220 17
3221 17
3222 17
3223 17
3224 17
3225 17
3226 18
3227 17
3228 18
3229 17
3230 17
3231 17
3232 17
3233 17
3234 17
3235 17
3236 17
3237 17
3238 17
3239 17
3240 17
3241 17
3242 17
3243 17
3244 17
3245 17
3246 17
3247 16
3248 17
3249 17
3250 17
3251 17
3252 17
3253 17
3254 17
3255 17
3256 17
3257 16
3258 17
3259 17
3260 18
3261 17
3262 17
3263 17
3264 17
3265 17
3266 17
3267 18
3268 17
3269 17
3270 17
3271 17
3272 17
3273 17
3274 17
3275 17
3276 18
3277 18
3278 24
3279 18
3280 17
3281 17
3282 17
3283 17
3284 17
3285 17
3286 17
3287 17
3288 17
3289 17
3290 18
3291 18
3292 17
3293 17
3294 17
3295 17
3296 18
3297 17
3298 17
3299 17
3300 17
3301 18
3302 17
3303 17
3304 17
3305 17
3306 17
3307 17
3308 17
3309 17
3310 18
3311 18
3312 17
3313 17
3314 17
3315 17
3316 17
3317 17
3318 17
3319 17
3320 17
3321 18
3322 17
3323 17
3324 17
3325 17
3326 17
3327 18
3328 17
3329 17
3330 17
3331 17
3332 18
3333 17
3334 17
3335 17
3336 17
3337 17
3338 17
3339 17
3340 18
3341 18
3342 17
3343 17
3344 17
3345 17
3346 17
3347 17
3348 17
3349 16
3350 17
3351 17
3352 18
3353 18
3354 17
3355 17
3356 17
3357 17
3358 17
3359 17
3360 17
3361 17
3362 17
3363 17
3364 17
3365 17
3366 17
3367 17
3368 17
3369 17
3370 17
3371 17
3372 17
3373 17
3374 17
3375 16
3376 17
3377 17
3378 18
3379 18
3380 18
3381 18
3382 17
3383 17
3384 17
3385 17
3386 17
3387 18
3388 18
3389 17
3390 17
3391 17
3392 17
3393 18
3394 18
3395 17
3396 17
3397 17
3398 17
3399 17
3400 17
3401 17
3402 17
3403 17
3404 17
3405 17
3406 17
3407 17
3408 17
3409 17
3410 17
3411 17
3412 17
3413 17
3414 17
3415 17
3416 18
3417 17
3418 18
3419 17
3420 17
3421 17
3422 17
3423 17
3424 17
3425 17
3426 17
3427 17
3428 17
3429 18
3430 18
3431 18
3432 17
3433 17
3434 17
3435 17
3436 17
3437 17
3438 17
3439 17
3440 17
3441 17
3442 17
3443 17
3444 17
3445 17
3446 18
3447 17
3448 18
3449 18
3450 18
3451 18
3452 17
3453 17
3454 17
3455 17
3456 17
3457 17
3458 18
3459 18
3460 17
3461 31
3462 17
3463 17
3464 17
3465 17
3466 17
3467 17
3468 17
3469 17
3470 17
3471 17
3472 17
3473 17
3474 17
3475 17
3476 17
3477 17
3478 17
3479 17
3480 17
3481 17
3482 17
3483 17
3484 18
3485 17
3486 17
3487 17
3488 17
3489 17
3490 17
3491 17
3492 17
3493 17
3494 17
3495 17
3496 17
3497 18
3498 18
3499 18
3500 18
3501 18
3502 17
3503 17
3504 17
3505 17
3506 17
3507 17
3508 17
3509 17
3510 16
3511 18
3512 18
3513 17
3514 18
3515 18
3516 17
3517 17
3518 17
3519 17
3520 17
3521 17
3522 17
3523 17
3524 17
3525 17
3526 17
3527 18
3528 18
3529 18
3530 17
3531 17
3532 17
3533 16
3534 17
3535 17
3536 17
3537 17
3538 17
3539 17
3540 17
3541 17
3542 18
3543 17
3544 17
3545 17
3546 17
3547 17
3548 17
3549 17
3550 17
3551 17
3552 17
3553 17
3554 16
3555 17
3556 17
3557 17
3558 17
3559 18
3560 17
3561 17
3562 17
3563 17
3564 17
3565 17
3566 17
3567 16
3568 17
3569 17
3570 17
3571 16
3572 17
3573 17
3574 17
3575 17
3576 17
3577 17
3578 18
3579 17
3580 17
3581 17
3582 17
3583 16
3584 17
3585 17
3586 17
3587 17
3588 17
3589 17
3590 18
3591 17
3592 17
3593 17
3594 17
3595 17
3596 17
3597 17
3598 17
3599 17
3600 17
3601 17
3602 17
3603 17
3604 18
3605 18
3606 18
3607 18
3608 18
3609 17
3610 17
3611 17
3612 17
3613 17
3614 17
3615 16
3616 17
3617 17
3618 18
3619 17
3620 17
3621 17
3622 17
3623 17
3624 17
3625 17
3626 17
3627 17
3628 16
3629 17
3630 17
3631 17
3632 17
3633 16
3634 17
3635 17
3636 17
3637 18
3638 18
3639 18
3640 17
3641 17
3642 17
3643 17
3644 22
3645 17
3646 18
3647 17
3648 17
3649 16
3650 17
3651 17
3652 18
3653 18
3654 17
3655 17
3656 17
3657 17
3658 18
3659 17
3660 17
3661 17
3662 17
3663 17
3664 17
3665 17
3666 17
3667 18
3668 17
3669 18
3670 17
3671 17
3672 17
3673 17
3674 17
3675 17
3676 17
3677 17
3678 17
3679 17
3680 17
3681 17
3682 17
3683 17
3684 17
3685 17
3686 17
3687 17
3688 17
3689 17
3690 17
3691 17
3692 18
3693 17
3694 17
3695 17
3696 17
3697 17
3698 17
3699 17
3700 17
3701 17
3702 17
3703 17
3704 17
3705 17
3706 17
3707 17
3708 18
3709 17
3710 17
3711 17
3712 17
3713 18
3714 18
3715 18
3716 17
3717 17
3718 18
3719 17
3720 17
3721 17
3722 17
3723 17
3724 17
3725 17
3726 17
3727 17
3728 16
3729 17
3730 17
3731 17
3732 17
3733 16
3734 17
3735 17
3736 17
3737 17
3738 17
3739 17
3740 17
3741 17
3742 17
3743 17
3744 17
3745 17
3746 18
3747 17
3748 17
3749 17
3750 17
3751 17
3752 17
3753 17
3754 17
3755 17
3756 17
3757 18
3758 18
3759 16
3760 17
3761 17
3762 17
3763 17
3764 17
3765 18
3766 18
3767 17
3768 17
3769 17
3770 17
3771 17
3772 18
3773 18
3774 18
3775 17
3776 17
3777 17
3778 17
3779 17
3780 17
3781 17
3782 17
3783 17
3784 17
3785 17
3786 17
3787 17
3788 17
3789 18
3790 18
3791 17
3792 18
3793 18
3794 17
3795 17
3796 16
3797 17
3798 17
3799 17
3800 17
3801 18
3802 17
3803 17
3804 17
3805 17
3806 17
3807 17
3808 18
3809 18
3810 17
3811 18
3812 18
3813 17
3814 18
3815 20
3816 17
3817 18
3818 17
3819 18
3820 18
3821 17
3822 18
3823 18
3824 18
3825 17
3826 17
3827 25
3828 17
3829 17
3830 17
3831 17
3832 17
3833 17
3834 17
3835 17
3836 17
3837 17
3838 17
3839 17
3840 17
3841 17
3842 17
3843 17
3844 17
3845 17
3846 17
3847 17
3848 17
3849 17
3850 17
3851 17
3852 17
3853 16
3854 17
3855 16
3856 17
3857 17
3858 17
3859 17
3860 17
3861 17
3862 17
3863 17
3864 17
3865 17
3866 17
3867 17
3868 17
3869 17
3870 17
3871 17
3872 17
3873 17
3874 17
3875 17
3876 17
3877 17
3878 18
3879 19
3880 17
3881 18
3882 18
3883 17
3884 17
3885 17
3886 17
3887 18
3888 17
3889 17
3890 17
3891 17
3892 18
3893 18
3894 18
3895 18
3896 17
3897 17
3898 17
3899 17
3900 17
3901 17
3902 17
3903 17
3904 17
3905 17
3906 17
3907 17
3908 18
3909 18
3910 18
3911 18
3912 18
3913 18
3914 17
3915 17
3916 17
3917 18
3918 17
3919 17
3920 17
3921 17
3922 17
3923 17
3924 17
3925 17
3926 17
3927 17
3928 17
3929 17
3930 17
3931 17
3932 17
3933 17
3934 17
3935 17
3936 17
3937 17
3938 17
3939 18
3940 17
3941 17
3942 17
3943 19
3944 17
3945 17
3946 17
3947 17
3948 18
3949 17
3950 17
3951 17
3952 17
3953 17
3954 18
3955 17
3956 17
3957 17
3958 17
3959 17
3960 17
3961 17
3962 17
3963 17
3964 17
3965 17
3966 17
3967 18
3968 18
3969 17
3970 17
3971 17
3972 17
3973 16
3974 17
3975 17
3976 17
3977 17
3978 17
3979 17
3980 17
3981 17
3982 17
3983 18
3984 17
3985 17
3986 17
3987 17
3988 17
3989 18
3990 17
3991 17
3992 17
3993 17
3994 18
3995 17
3996 17
3997 17
3998 17
3999 17
4000 17
4001 17
4002 17
4003 17
4004 17
4005 17
4006 17
4007 19
4008 17
4009 17
4010 19
4011 17
4012 17
4013 17
4014 17
4015 17
4016 18
4017 18
4018 18
4019 18
4020 17
4021 17
4022 17
4023 17
4024 17
4025 17
4026 18
4027 18
4028 17
4029 17
4030 17
4031 17
4032 17
4033 17
4034 17
4035 17
4036 17
4037 17
4038 17
4039 17
4040 17
4041 17
4042 17
4043 17
4044 17
4045 18
4046 18
4047 17
4048 17
4049 17
4050 17
4051 17
4052 17
4053 17
4054 17
4055 17
4056 17
4057 18
4058 18
4059 18
4060 17
4061 17
4062 17
4063 17
4064 17
4065 17
4066 18
4067 18
4068 17
4069 17
4070 17
4071 19
4072 17
4073 17
4074 17
4075 17
4076 17
4077 18
4078 18
4079 18
4080 17
4081 17
4082 17
4083 17
4084 17
4085 17
4086 17
4087 17
4088 17
4089 17
4090 17
4091 18
4092 17
4093 17
4094 17
4095 17
4096 18
4097 18
4098 17
4099 17
4100 17
4101 17
4102 17
4103 17
4104 17
4105 17
4106 17
4107 17
4108 17
4109 17
4110 17
4111 18
4112 17
4113 18
4114 17
4115 17
4116 17
4117 17
4118 17
4119 17
4120 17
4121 17
4122 17
4123 17
4124 17
4125 17
4126 17
4127 17
4128 17
4129 17
4130 17
4131 18
4132 17
4133 17
4134 17
4135 19
4136 17
4137 17
4138 17
4139 17
4140 17
4141 17
4142 17
4143 17
4144 17
4145 17
4146 17
4147 17
4148 17
4149 17
4150 17
4151 17
4152 18
4153 18
4154 18
4155 17
4156 17
4157 17
4158 17
4159 17
4160 17
4161 17
4162 17
4163 17
4164 18
4165 18
4166 17
4167 17
4168 17
4169 17
4170 17
4171 17
4172 17
4173 17
4174 17
4175 17
4176 18
4177 17
4178 17
4179 17
4180 17
4181 17
4182 17
4183 18
4184 18
4185 18
4186 18
4187 18
4188 17
4189 17
4190 17
4191 20
4192 18
4193 17
4194 17
4195 18
4196 18
4197 17
4198 17
4199 19
4200 17
4201 17
4202 18
4203 18
4204 17
4205 17
4206 17
4207 17
4208 17
4209 17
4210 18
4211 18
4212 17
4213 17
4214 17
4215 17
4216 17
4217 18
4218 17
4219 17
4220 17
4221 17
4222 17
4223 17
4224 17
4225 16
4226 17
4227 16
4228 17
4229 16
4230 17
4231 17
4232 17
4233 17
4234 17
4235 17
4236 17
4237 17
4238 18
4239 17
4240 17
4241 17
4242 17
4243 17
4244 17
4245 17
4246 17
4247 17
4248 17
4249 17
4250 17
4251 17
4252 16
4253 17
4254 16
4255 17
4256 17
4257 17
4258 18
4259 18
4260 17
4261 17
4262 17
4263 18
4264 17
4265 16
4266 17
4267 17
4268 17
4269 16
4270 17
4271 17
4272 17
4273 16
4274 17
4275 16
4276 17
4277 17
4278 18
4279 17
4280 18
4281 17
4282 17
4283 17
4284 17
4285 17
4286 17
4287 17
4288 17
4289 17
4290 17
4291 17
4292 17
4293 17
4294 17
4295 16
4296 17
4297 16
4298 17
4299 17
4300 17
4301 18
4302 17
4303 17
4304 17
4305 17
4306 17
4307 17
4308 17
4309 16
4310 17
4311 17
4312 17
4313 17
4314 17
4315 17
4316 17
4317 17
4318 17
4319 17
4320 17
4321 17
4322 18
4323 17
4324 17
4325 16
4326 17
4327 18
4328 17
4329 17
4330 17
4331 16
4332 17
4333 17
4334 17
4335 17
4336 17
4337 17
4338 17
4339 17
4340 17
4341 17
4342 17
4343 18
4344 17
4345 17
4346 17
4347 17
4348 17
4349 17
4350 17
4351 17
4352 17
4353 17
4354 17
4355 17
4356 17
4357 17
4358 17
4359 17
4360 17
4361 17
4362 17
4363 17
4364 18
4365 17
4366 17
4367 17
4368 16
4369 17
4370 17
4371 17
4372 17
4373 16
4374 17
4375 17
4376 27
4377 18
4378 17
4379 17
4380 16
4381 17
4382 17
4383 17
4384 17
4385 18
4386 18
4387 18
4388 17
4389 17
4390 17
4391 18
4392 17
4393 17
4394 17
4395 17
4396 17
4397 17
4398 17
4399 18
4400 17
4401 18
4402 18
4403 17
4404 17
4405 18
4406 17
4407 17
4408 17
4409 17
4410 17
4411 17
4412 17
4413 17
4414 17
4415 17
4416 17
4417 17
4418 17
4419 17
4420 17
4421 18
4422 18
4423 17
4424 17
4425 17
4426 17
4427 17
4428 17
4429 17
4430 17
4431 17
4432 17
4433 17
4434 17
4435 17
4436 17
4437 18
4438 17
4439 17
4440 17
4441 18
4442 17
4443 17
4444 17
4445 17
4446 17
4447 17
4448 17
4449 17
4450 17
4451 17
4452 17
4453 17
4454 17
4455 17
4456 17
4457 17
4458 17
4459 18
4460 17
4461 17
4462 17
4463 17
4464 17
4465 17
4466 17
4467 17
4468 17
4469 17
4470 17
4471 17
4472 17
4473 17
4474 18
4475 17
4476 17
4477 17
4478 18
4479 17
4480 17
4481 17
4482 18
4483 18
4484 17
4485 17
4486 17
4487 17
4488 17
4489 17
4490 17
4491 17
4492 17
4493 17
4494 17
4495 17
4496 17
4497 17
4498 17
4499 18
4500 17
4501 17
4502 17
4503 17
4504 17
4505 17
4506 17
4507 17
4508 17
4509 17
4510 17
4511 17
4512 17
4513 17
4514 17
4515 17
4516 17
4517 18
4518 17
4519 17
4520 17
4521 18
4522 17
4523 17
4524 17
4525 17
4526 17
4527 17
4528 17
4529 17
4530 17
4531 17
4532 17
4533 17
4534 17
4535 17
4536 17
4537 17
4538 17
4539 18
4540 17
4541 17
4542 17
4543 18
4544 18
4545 17
4546 17
4547 28
4548 22
4549 17
4550 17
4551 17
4552 18
4553 18
4554 18
4555 18
4556 17
4557 17
4558 17
4559 17
4560 17
4561 17
4562 17
4563 17
4564 17
4565 17
4566 17
4567 17
4568 17
4569 17
4570 17
4571 17
4572 17
4573 17
4574 17
4575 17
4576 17
4577 17
4578 17
4579 17
4580 17
4581 17
4582 17
4583 17
4584 17
4585 17
4586 17
4587 16
4588 17
4589 17
4590 17
4591 17
4592 17
4593 17
4594 17
4595 17
4596 17
4597 17
4598 18
4599 17
4600 17
4601 17
4602 17
4603 17
4604 17
4605 17
4606 17
4607 17
4608 17
4609 17
4610 17
4611 17
4612 17
4613 17
4614 17
4615 17
4616 17
4617 17
4618 17
4619 17
4620 17
4621 17
4622 17
4623 17
4624 17
4625 17
4626 17
4627 18
4628 18
4629 17
4630 17
4631 17
4632 18
4633 18
4634 17
4635 17
4636 17
4637 18
4638 18
4639 18
4640 18
4641 17
4642 17
4643 17
4644 17
4645 18
4646 18
4647 17
4648 17
4649 17
4650 18
4651 18
4652 17
4653 17
4654 18
4655 18
4656 18
4657 18
4658 17
4659 17
4660 18
4661 18
4662 18
4663 17
4664 18
4665 18
4666 17
4667 17
4668 17
4669 17
4670 18
4671 17
4672 17
4673 17
4674 18
4675 17
4676 17
4677 17
4678 17
4679 17
4680 17
4681 17
4682 17
4683 18
4684 17
4685 17
4686 18
4687 17
4688 17
4689 17
4690 18
4691 17
4692 17
4693 17
4694 17
4695 17
4696 17
4697 17
4698 17
4699 17
4700 17
4701 17
4702 18
4703 18
4704 18
4705 17
4706 18
4707 18
4708 18
4709 17
4710 17
4711 17
4712 17
4713 17
4714 17
4715 17
4716 17
4717 17
4718 17
4719 17
4720 17
4721 17
4722 17
4723 17
4724 17
4725 18
4726 18
4727 17
4728 17
4729 30
4730 18
4731 18
4732 18
4733 17
4734 17
4735 17
4736 17
4737 17
4738 17
4739 17
4740 17
4741 17
4742 17
4743 17
4744 17
4745 17
4746 17
4747 17
4748 17
4749 17
4750 17
4751 17
4752 18
4753 18
4754 18
4755 18
4756 18
4757 18
4758 18
4759 17
4760 17
4761 18
4762 18
4763 17
4764 17
4765 17
4766 17
4767 17
4768 18
4769 18
4770 17
4771 16
4772 17
4773 17
4774 17
4775 17
4776 17
4777 17
4778 17
4779 18
4780 17
4781 17
4782 17
4783 17
4784 17
4785 17
4786 18
4787 18
4788 18
4789 17
4790 17
4791 17
4792 18
4793 17
4794 17
4795 17
4796 17
4797 17
4798 17
4799 17
4800 17
4801 17
4802 17
4803 17
4804 17
4805 17
4806 18
4807 18
4808 18
4809 18
4810 17
4811 17
4812 18
4813 17
4814 17
4815 17
4816 17
4817 17
4818 17
4819 17
4820 17
4821 18
4822 17
4823 17
4824 17
4825 17
4826 17
4827 17
4828 17
4829 17
4830 18
4831 17
4832 17
4833 17
4834 17
4835 17
4836 17
4837 18
4838 18
4839 18
4840 18
4841 18
4842 17
4843 17
4844 17
4845 17
4846 17
4847 17
4848 17
4849 17
4850 17
4851 17
4852 17
4853 17
4854 18
4855 17
4856 17
4857 17
4858 17
4859 17
4860 17
4861 17
4862 17
4863 17
4864 17
4865 17
4866 17
4867 17
4868 17
4869 17
4870 18
4871 17
4872 17
4873 17
4874 17
4875 17
4876 16
4877 17
4878 17
4879 18
4880 18
4881 18
4882 18
4883 18
4884 17
4885 17
4886 17
4887 18
4888 17
4889 17
4890 17
4891 17
4892 17
4893 17
4894 18
4895 18
4896 17
4897 18
4898 17
4899 17
4900 17
4901 17
4902 17
4903 17
4904 17
4905 17
4906 17
4907 18
4908 18
4909 18
4910 18
4911 21
4912 18
4913 17
4914 17
4915 17
4916 17
4917 17
4918 18
4919 17
4920 17
4921 18
4922 17
4923 17
4924 17
4925 17
4926 17
4927 17
4928 17
4929 17
4930 17
4931 17
4932 17
4933 18
4934 17
4935 17
4936 17
4937 17
4938 17
4939 17
4940 18
4941 18
4942 17
4943 18
4944 18
4945 18
4946 17
4947 18
4948 17
4949 17
4950 17
4951 17
4952 17
4953 17
4954 18
4955 18
4956 17
4957 17
4958 18
4959 17
4960 17
4961 17
4962 17
4963 17
4964 17
4965 17
4966 17
4967 17
4968 17
4969 17
4970 17
4971 17
4972 17
4973 17
4974 17
4975 17
4976 17
4977 18
4978 18
4979 17
4980 17
4981 17
4982 17
4983 17
4984 17
4985 17
4986 17
4987 18
4988 18
4989 17
4990 18
4991 18
4992 17
4993 17
4994 18
4995 17
4996 18
4997 18
4998 17
4999 18
5000 18
5001 17
5002 18
5003 18
5004 18
5005 18
5006 18
5007 18
5008 17
5009 17
5010 17
5011 17
5012 17
5013 18
5014 17
5015 17
5016 17
5017 17
5018 17
5019 17
5020 18
5021 17
5022 17
5023 17
5024 17
5025 17
5026 17
5027 17
5028 17
5029 17
5030 17
5031 18
5032 17
5033 17
5034 17
5035 17
5036 17
5037 17
5038 17
5039 16
5040 17
5041 17
5042 17
5043 17
5044 17
5045 17
5046 17
5047 17
5048 17
5049 17
5050 17
5051 17
5052 17
5053 17
5054 17
5055 16
5056 17
5057 16
5058 18
5059 18
5060 18
5061 17
5062 17
5063 17
5064 18
5065 17
5066 17
5067 17
5068 17
5069 17
5070 17
5071 17
5072 17
5073 17
5074 18
5075 17
5076 17
5077 17
5078 17
5079 17
5080 18
5081 17
5082 17
5083 17
5084 18
5085 18
5086 18
5087 17
5088 17
5089 17
5090 17
5091 18
5092 17
5093 17
5094 31
5095 18
5096 18
5097 17
5098 18
5099 18
5100 17
5101 19
5102 18
5103 17
5104 17
5105 17
5106 17
5107 18
5108 18
5109 18
5110 18
5111 18
5112 17
5113 17
5114 17
5115 17
5116 17
5117 17
5118 18
5119 18
5120 18
5121 18
5122 18
5123 17
5124 18
5125 18
5126 18
5127 17
5128 17
5129 17
5130 17
5131 17
5132 17
5133 17
5134 17
5135 17
5136 17
5137 17
5138 18
5139 18
5140 18
5141 17
5142 17
5143 17
5144 17
5145 18
5146 18
5147 17
5148 17
5149 17
5150 17
5151 17
5152 17
5153 18
5154 18
5155 17
5156 18
5157 17
5158 17
5159 18
5160 17
5161 17
5162 17
5163 18
5164 18
5165 17
5166 17
5167 17
5168 17
5169 17
5170 17
5171 17
5172 17
5173 17
5174 18
5175 18
5176 17
5177 17
5178 17
5179 17
5180 17
5181 17
5182 18
5183 18
5184 17
5185 17
5186 17
5187 17
5188 18
5189 17
5190 17
5191 17
5192 17
5193 16
5194 17
5195 17
5196 17
5197 17
5198 17
5199 17
5200 17
5201 17
5202 18
5203 17
5204 17
5205 17
5206 17
5207 17
5208 17
5209 17
5210 17
5211 17
5212 17
5213 18
5214 17
5215 17
5216 17
5217 17
5218 17
5219 18
5220 18
5221 18
5222 18
5223 17
5224 17
5225 17
5226 17
5227 17
5228 18
5229 17
5230 18
5231 18
5232 17
5233 17
5234 17
5235 17
5236 17
5237 17
5238 17
5239 17
5240 17
5241 17
5242 17
5243 17
5244 17
5245 17
5246 17
5247 17
5248 17
5249 17
5250 17
5251 17
5252 17
5253 17
5254 17
5255 17
5256 17
5257 17
5258 18
5259 18
5260 18
5261 18
5262 17
5263 17
5264 17
5265 17
5266 17
5267 17
5268 18
5269 18
5270 18
5271 17
5272 17
5273 17
5274 17
5275 26
5276 17
5277 17
5278 17
5279 17
5280 17
5281 17
5282 17
5283 17
5284 17
5285 17
5286 17
5287 17
5288 17
5289 17
5290 17
5291 17
5292 17
5293 17
5294 17
5295 17
5296 17
5297 17
5298 17
5299 17
5300 18
5301 17
5302 17
5303 17
5304 17
5305 17
5306 17
5307 17
5308 17
5309 17
5310 17
5311 17
5312 17
5313 17
5314 17
5315 18
5316 17
5317 17
5318 17
5319 17
5320 17
5321 17
5322 17
5323 17
5324 17
5325 17
5326 17
5327 17
5328 17
5329 17
5330 18
5331 18
5332 18
5333 17
5334 17
5335 19
5336 18
5337 17
5338 17
5339 17
5340 17
5341 17
5342 17
5343 17
5344 18
5345 17
5346 17
5347 17
5348 17
5349 17
5350 18
5351 17
5352 17
5353 17
5354 17
5355 17
5356 17
5357 17
5358 18
5359 17
5360 17
5361 17
5362 17
5363 17
5364 17
5365 17
5366 16
5367 17
5368 16
5369 17
5370 17
5371 17
5372 17
5373 17
5374 17
5375 17
5376 17
5377 17
5378 17
5379 18
5380 18
5381 17
5382 17
5383 16
5384 17
5385 16
5386 17
5387 16
5388 17
5389 16
5390 17
5391 16
5392 17
5393 16
5394 17
5395 17
5396 17
5397 17
5398 17
5399 18
5400 18
5401 17
5402 17
5403 17
5404 16
5405 17
5406 16
5407 17
5408 17
5409 17
5410 17
5411 17
5412 17
5413 17
5414 16
5415 17
5416 17
5417 17
5418 17
5419 17
5420 17
5421 18
5422 17
5423 17
5424 17
5425 17
5426 17
5427 17
5428 17
5429 17
5430 16
5431 17
5432 17
5433 17
5434 17
5435 17
5436 17
5437 16
5438 17
5439 17
5440 17
5441 17
5442 18
5443 17
5444 17
5445 17
5446 17
5447 16
5448 17
5449 16
5450 17
5451 16
5452 17
5453 16
5454 17
5455 17
5456 17
5457 17
5458 17
5459 18
5460 18
5461 17
5462 17
5463 20
5464 17
5465 17
5466 17
5467 17
5468 17
5469 17
5470 17
5471 17
5472 17
5473 17
5474 16
5475 17
5476 17
5477 17
5478 17
5479 17
5480 17
5481 17
5482 18
5483 17
5484 18
5485 17
5486 17
5487 17
5488 17
5489 17
5490 17
5491 17
5492 17
5493 17
5494 17
5495 17
5496 16
5497 17
5498 17
5499 17
5500 17
5501 17
5502 17
5503 17
5504 17
5505 17
5506 17
5507 17
5508 17
5509 17
5510 17
5511 17
5512 17
5513 16
5514 17
5515 17
5516 17
5517 17
5518 17
5519 17
5520 17
5521 16
5522 17
5523 16
5524 17
5525 17
5526 18
5527 19
5528 17
5529 17
5530 17
5531 17
5532 17
5533 17
5534 17
5535 17
5536 17
5537 17
5538 17
5539 17
5540 17
5541 17
5542 17
5543 16
5544 17
5545 17
5546 17
5547 18
5548 17
5549 17
5550 17
5551 17
5552 17
5553 17
5554 16
5555 17
5556 17
5557 17
5558 17
5559 17
5560 16
5561 17
5562 17
5563 17
5564 16
5565 17
5566 17
5567 17
5568 18
5569 18
5570 17
5571 17
5572 16
5573 17
5574 16
5575 17
5576 16
5577 17
5578 17
5579 17
5580 17
5581 17
5582 17
5583 17
5584 17
5585 16
5586 17
5587 17
5588 17
5589 18
5590 17
5591 19
5592 16
5593 17
5594 16
5595 17
5596 16
5597 17
5598 17
5599 17
5600 17
5601 16
5602 17
5603 17
5604 17
5605 16
5606 17
5607 17
5608 17
5609 17
5610 17
5611 17
5612 17
5613 17
5614 17
5615 16
5616 17
5617 17
5618 17
5619 17
5620 17
5621 17
5622 16
5623 17
5624 16
5625 17
5626 17
5627 17
5628 18
5629 17
5630 17
5631 18
5632 17
5633 17
5634 17
5635 16
5636 17
5637 16
5638 17
5639 16
5640 17
5641 17
5642 17
5643 29
5644 18
5645 17
5646 17
5647 17
5648 17
5649 17
5650 17
5651 17
5652 18
5653 17
5654 17
5655 18
5656 16
5657 17
5658 16
5659 17
5660 16
5661 17
5662 17
5663 17
5664 16
5665 17
5666 17
5667 17
5668 17
5669 17
5670 17
5671 17
5672 17
5673 18
5674 17
5675 16
5676 17
5677 17
5678 17
5679 17
5680 17
5681 17
5682 17
5683 16
5684 17
5685 17
5686 17
5687 16
5688 17
5689 16
5690 17
5691 17
5692 17
5693 17
5694 18
5695 17
5696 17
5697 17
5698 16
5699 17
5700 17
5701 17
5702 17
5703 16
5704 17
5705 16
5706 17
5707 17
5708 17
5709 17
5710 16
5711 17
5712 17
5713 17
5714 17
5715 18
5716 17
5717 17
5718 17
5719 19
5720 17
5721 17
5722 17
5723 17
5724 16
5725 17
5726 16
5727 17
5728 17
5729 17
5730 17
5731 17
5732 17
5733 17
5734 17
5735 17
5736 18
5737 17
5738 18
5739 17
5740 17
5741 17
5742 17
5743 17
5744 17
5745 17
5746 17
5747 17
5748 17
5749 17
5750 17
5751 17
5752 16
5753 17
5754 17
5755 18
5756 17
5757 18
5758 17
5759 17
5760 17
5761 17
5762 17
5763 17
5764 17
5765 17
5766 16
5767 17
5768 16
5769 17
5770 17
5771 17
5772 17
5773 17
5774 16
5775 17
5776 17
5777 17
5778 18
5779 17
5780 17
5781 17
5782 16
5783 19
5784 17
5785 17
5786 17
5787 17
5788 16
5789 17
5790 16
5791 17
5792 17
5793 17
5794 17
5795 17
5796 17
5797 17
5798 16
5799 18
5800 17
5801 16
5802 17
5803 17
5804 17
5805 17
5806 17
5807 17
5808 17
5809 17
5810 16
5811 17
5812 16
5813 17
5814 17
5815 17
5816 17
5817 17
5818 17
5819 17
5820 18
5821 17
5822 17
5823 17
5824 17
5825 17
5826 17
5827 260
5828 22
5829 18
5830 17
5831 17
5832 17
5833 17
5834 17
5835 17
5836 17
5837 16
5838 17
5839 18
5840 18
5841 18
5842 18
5843 18
5844 17
5845 17
5846 17
5847 18
5848 17
5849 17
5850 17
5851 17
5852 17
5853 17
5854 17
5855 17
5856 17
5857 18
5858 17
5859 17
5860 17
5861 17
5862 17
5863 16
5864 17
5865 17
5866 18
5867 17
5868 18
5869 18
5870 17
5871 17
5872 16
5873 17
5874 17
5875 17
5876 17
5877 17
5878 17
5879 17
5880 17
5881 17
5882 17
5883 17
5884 17
5885 17
5886 17
5887 17
5888 18
5889 17
5890 17
5891 17
5892 17
5893 17
5894 17
5895 17
5896 17
5897 17
5898 17
5899 17
5900 17
5901 17
5902 17
5903 17
5904 17
5905 17
5906 17
5907 17
5908 17
5909 18
5910 17
5911 17
5912 17
5913 17
5914 17
5915 17
5916 17
5917 17
5918 17
5919 17
5920 17
5921 16
5922 17
5923 17
5924 17
5925 17
5926 17
5927 18
5928 18
5929 16
5930 17
5931 17
5932 17
5933 18
5934 17
5935 17
5936 17
5937 17
5938 17
5939 17
5940 17
5941 17
5942 17
5943 17
5944 17
5945 17
5946 17
5947 17
5948 17
5949 17
5950 17
5951 18
5952 17
5953 17
5954 18
5955 18
5956 17
5957 17
5958 17
5959 17
5960 17
5961 17
5962 17
5963 17
5964 17
5965 17
5966 17
5967 17
5968 17
5969 17
5970 17
5971 17
5972 17
5973 17
5974 17
5975 17
5976 17
5977 17
5978 17
5979 17
5980 17
5981 17
5982 17
5983 17
5984 17
5985 17
5986 17
5987 17
5988 17
5989 17
5990 17
5991 18
5992 17
5993 17
5994 17
5995 17
5996 17
5997 17
5998 18
5999 21
6000 17
6001 16
6002 17
6003 17
6004 17
6005 17
6006 17
6007 17
6008 17
6009 18
6010 18
6011 17
6012 17
6013 17
6014 17
6015 17
6016 17
6017 16
6018 17
6019 17
6020 18
6021 18
6022 17
6023 17
6024 18
6025 17
6026 17
6027 16
6028 17
6029 17
6030 17
6031 17
6032 17
6033 17
6034 17
6035 17
6036 18
6037 17
6038 17
6039 17
6040 17
6041 17
6042 17
6043 17
6044 17
6045 17
6046 17
6047 17
6048 17
6049 17
6050 17
6051 17
6052 18
6053 17
6054 17
6055 17
6056 16
6057 17
6058 17
6059 19
6060 18
6061 18
6062 18
6063 17
6064 17
6065 18
6066 17
6067 17
6068 17
6069 17
6070 17
6071 17
6072 17
6073 17
6074 17
6075 18
6076 18
6077 18
6078 17
6079 17
6080 17
6081 17
6082 17
6083 17
6084 17
6085 18
6086 18
6087 18
6088 18
6089 18
6090 17
6091 17
6092 17
6093 17
6094 17
6095 18
6096 18
6097 18
6098 18
6099 17
6100 17
6101 17
6102 17
6103 17
6104 17
6105 17
6106 18
6107 17
6108 17
6109 16
6110 17
6111 17
6112 17
6113 17
6114 18
6115 17
6116 17
6117 17
6118 17
6119 18
6120 17
6121 17
6122 17
6123 17
6124 17
6125 17
6126 17
6127 18
6128 18
6129 18
6130 17
6131 17
6132 17
6133 17
6134 17
6135 17
6136 17
6137 17
6138 18
6139 17
6140 18
6141 18
6142 17
6143 17
6144 17
6145 17
6146 17
6147 18
6148 17
6149 17
6150 17
6151 17
6152 16
6153 17
6154 17
6155 17
6156 17
6157 17
6158 17
6159 17
6160 17
6161 17
6162 17
6163 17
6164 17
6165 17
6166 17
6167 17
6168 18
6169 17
6170 18
6171 17
6172 17
6173 17
6174 17
6175 17
6176 17
6177 17
6178 17
6179 17
6180 17
6181 17
6182 31
6183 17
6184 18
6185 18
6186 18
6187 18
6188 18
6189 17
6190 18
6191 17
6192 17
6193 17
6194 18
6195 17
6196 17
6197 17
6198 17
6199 17
6200 17
6201 17
6202 17
6203 17
6204 17
6205 17
6206 17
6207 17
6208 17
6209 17
6210 17
6211 17
6212 17
6213 17
6214 17
6215 17
6216 17
6217 17
6218 17
6219 18
6220 17
6221 17
6222 17
6223 17
6224 17
6225 17
6226 17
6227 18
6228 17
6229 18
6230 18
6231 17
6232 17
6233 18
6234 17
6235 17
6236 17
6237 18
6238 18
6239 17
6240 17
6241 17
6242 17
6243 17
6244 17
6245 17
6246 17
6247 16
6248 17
6249 17
6250 17
6251 18
6252 18
6253 17
6254 17
6255 17
6256 18
6257 17
6258 17
6259 17
6260 16
6261 17
6262 17
6263 17
6264 17
6265 17
6266 17
6267 17
6268 18
6269 17
6270 17
6271 17
6272 17
6273 17
6274 16
6275 17
6276 17
6277 17
6278 17
6279 17
6280 17
6281 17
6282 17
6283 17
6284 17
6285 17
6286 17
6287 17
6288 16
6289 17
6290 17
6291 17
6292 18
6293 17
6294 17
6295 17
6296 17
6297 17
6298 17
6299 17
6300 18
6301 17
6302 17
6303 17
6304 17
6305 17
6306 17
6307 16
6308 17
6309 17
6310 17
6311 17
6312 17
6313 17
6314 17
6315 17
6316 17
6317 17
6318 17
6319 17
6320 17
6321 17
6322 17
6323 17
6324 17
6325 17
6326 16
6327 18
6328 18
6329 17
6330 17
6331 17
6332 17
6333 17
6334 17
6335 17
6336 17
6337 17
6338 17
6339 17
6340 17
6341 18
6342 18
6343 18
6344 17
6345 17
6346 17
6347 17
6348 17
6349 17
6350 17
6351 17
6352 17
6353 16
6354 17
6355 17
6356 18
6357 17
6358 17
6359 18
6360 18
6361 18
6362 18
6363 17
6364 17
6365 18
6366 17
6367 17
6368 17
6369 17
6370 17
6371 17
6372 17
6373 17
6374 17
6375 17
6376 17
6377 17
6378 17
6379 17
6380 18
6381 18
6382 18
6383 18
6384 18
6385 18
6386 18
6387 17
6388 18
6389 18
6390 18
6391 18
6392 17
6393 17
6394 18
6395 17
6396 17
6397 17
6398 17
6399 17
6400 17
6401 18
6402 17
6403 17
6404 17
6405 17
6406 17
6407 17
6408 17
6409 17
6410 17
6411 17
6412 17
6413 17
6414 17
6415 17
6416 17
6417 17
6418 17
6419 16
6420 17
6421 17
6422 17
6423 17
6424 17
6425 17
6426 17
6427 17
6428 17
6429 18
6430 17
6431 17
6432 18
6433 17
6434 17
6435 17
6436 17
6437 17
6438 17
6439 17
6440 17
6441 17
6442 17
6443 17
6444 17
6445 17
6446 17
6447 17
6448 17
6449 17
6450 17
6451 17
6452 16
6453 17
6454 17
6455 17
6456 17
6457 17
6458 18
6459 17
6460 17
6461 17
6462 18
6463 17
6464 17
6465 18
6466 17
6467 17
6468 18
6469 18
6470 17
6471 17
6472 17
6473 16
6474 17
6475 17
6476 17
6477 17
6478 17
6479 17
6480 17
6481 17
6482 18
6483 18
6484 17
6485 17
6486 18
6487 17
6488 17
6489 17
6490 17
6491 17
6492 17
6493 17
6494 17
6495 17
6496 17
6497 17
6498 17
6499 17
6500 17
6501 18
6502 18
6503 16
6504 17
6505 17
6506 17
6507 17
6508 17
6509 17
6510 17
6511 17
6512 17
6513 17
6514 17
6515 18
6516 17
6517 18
6518 18
6519 17
6520 17
6521 17
6522 17
6523 17
6524 17
6525 17
6526 16
6527 17
6528 17
6529 17
6530 18
6531 17
6532 17
6533 18
6534 17
6535 17
6536 17
6537 17
6538 17
6539 18
6540 17
6541 17
6542 17
6543 17
6544 18
6545 17
6546 17
6547 16
6548 22
6549 18
6550 18
6551 18
6552 17
6553 17
6554 17
6555 17
6556 17
6557 17
6558 17
6559 17
6560 17
6561 17
6562 17
6563 17
6564 17
6565 17
6566 17
6567 17
6568 18
6569 17
6570 17
6571 17
6572 17
6573 17
6574 17
6575 17
6576 17
6577 17
6578 17
6579 17
6580 17
6581 17
6582 17
6583 17
6584 17
6585 17
6586 17
6587 17
6588 17
6589 16
6590 17
6591 17
6592 17
6593 17
6594 18
6595 17
6596 17
6597 17
6598 17
6599 17
6600 17
6601 17
6602 17
6603 18
6604 18
6605 18
6606 17
6607 17
6608 17
6609 17
6610 17
6611 17
6612 17
6613 17
6614 17
6615 17
6616 17
6617 17
6618 17
6619 17
6620 17
6621 18
6622 18
6623 17
6624 17
6625 17
6626 17
6627 18
6628 18
6629 17
6630 18
6631 17
6632 17
6633 17
6634 18
6635 18
6636 17
6637 17
6638 18
6639 17
6640 17
6641 17
6642 17
6643 17
6644 17
6645 17
6646 17
6647 17
6648 17
6649 17
6650 18
6651 17
6652 18
6653 17
6654 17
6655 17
6656 17
6657 17
6658 17
6659 17
6660 17
6661 17
6662 17
6663 17
6664 17
6665 17
6666 17
6667 17
6668 17
6669 17
6670 17
6671 17
6672 17
6673 17
6674 17
6675 17
6676 17
6677 17
6678 17
6679 17
6680 17
6681 18
6682 18
6683 18
6684 17
6685 18
6686 17
6687 17
6688 18
6689 17
6690 17
6691 16
6692 17
6693 17
6694 17
6695 17
6696 17
6697 16
6698 17
6699 17
6700 17
6701 17
6702 17
6703 17
6704 17
6705 17
6706 17
6707 17
6708 17
6709 17
6710 17
6711 17
6712 16
6713 17
6714 17
6715 17
6716 17
6717 17
6718 18
6719 18
6720 18
6721 18
6722 18
6723 17
6724 18
6725 17
6726 17
6727 17
6728 17
6729 17
6730 17
6731 25
6732 18
6733 17
6734 17
6735 17
6736 17
6737 17
6738 18
6739 18
6740 17
6741 17
6742 17
6743 17
6744 17
6745 17
6746 17
6747 16
6748 17
6749 17
6750 17
6751 18
6752 17
6753 17
6754 17
6755 16
6756 17
6757 16
6758 18
6759 18
6760 17
6761 17
6762 17
6763 17
6764 16
6765 17
6766 17
6767 17
6768 18
6769 18
6770 18
6771 18
6772 18
6773 18
6774 18
6775 18
6776 17
6777 18
6778 18
6779 18
6780 18
6781 17
6782 17
6783 17
6784 17
6785 17
6786 19
6787 17
6788 17
6789 16
6790 17
6791 17
6792 17
6793 17
6794 16
6795 17
6796 16
6797 17
6798 17
6799 17
6800 17
6801 17
6802 17
6803 17
6804 17
6805 17
6806 17
6807 17
6808 17
6809 17
6810 17
6811 17
6812 17
6813 17
6814 17
6815 17
6816 17
6817 17
6818 17
6819 16
6820 17
6821 17
6822 17
6823 17
6824 18
6825 18
6826 17
6827 17
6828 17
6829 17
6830 17
6831 17
6832 18
6833 17
6834 17
6835 17
6836 17
6837 17
6838 18
6839 18
6840 17
6841 17
6842 17
6843 17
6844 17
6845 17
6846 17
6847 18
6848 17
6849 17
6850 19
6851 17
6852 17
6853 17
6854 17
6855 17
6856 17
6857 17
6858 17
6859 17
6860 17
6861 17
6862 18
6863 17
6864 18
6865 18
6866 18
6867 17
6868 18
6869 18
6870 17
6871 17
6872 17
6873 17
6874 17
6875 17
6876 18
6877 17
6878 17
6879 17
6880 17
6881 17
6882 17
6883 17
6884 17
6885 17
6886 17
6887 17
6888 17
6889 17
6890 17
6891 17
6892 17
6893 17
6894 18
6895 17
6896 17
6897 17
6898 17
6899 17
6900 17
6901 17
6902 17
6903 17
6904 17
6905 16
6906 17
6907 17
6908 17
6909 17
6910 17
6911 17
6912 17
6913 17
6914 24
6915 17
6916 17
6917 16
6918 17
6919 17
6920 17
6921 17
6922 17
6923 17
6924 17
6925 17
6926 17
6927 17
6928 17
6929 17
6930 17
6931 17
6932 16
6933 17
6934 17
6935 17
6936 17
6937 18
6938 18
6939 17
6940 17
6941 17
6942 17
6943 17
6944 17
6945 16
6946 17
6947 17
6948 17
6949 17
6950 17
6951 17
6952 17
6953 17
6954 17
6955 17
6956 17
6957 17
6958 17
6959 17
6960 17
6961 17
6962 17
6963 17
6964 18
6965 17
6966 17
6967 17
6968 17
6969 17
6970 17
6971 17
6972 17
6973 17
6974 18
6975 17
6976 18
6977 16
6978 19
6979 17
6980 17
6981 17
6982 17
6983 17
6984 17
6985 17
6986 17
6987 17
6988 18
6989 18
6990 18
6991 17
6992 17
6993 18
6994 17
6995 17
6996 17
6997 17
6998 17
6999 17
7000 17
7001 17
7002 18
7003 17
7004 17
7005 17
7006 17
7007 17
7008 17
7009 17
7010 17
7011 17
7012 17
7013 17
7014 17
7015 17
7016 17
7017 18
7018 17
7019 17
7020 17
7021 17
7022 17
7023 17
7024 17
7025 17
7026 17
7027 17
7028 18
7029 18
7030 17
7031 17
7032 17
7033 17
7034 17
7035 18
7036 18
7037 18
7038 18
7039 18
7040 17
7041 17
7042 19
7043 17
7044 17
7045 18
7046 18
7047 18
7048 18
7049 17
7050 17
7051 17
7052 17
7053 17
7054 18
7055 17
7056 17
7057 17
7058 17
7059 17
7060 17
7061 17
7062 17
7063 17
7064 17
7065 17
7066 17
7067 17
7068 17
7069 17
7070 18
7071 17
7072 17
7073 17
7074 17
7075 17
7076 18
7077 17
7078 17
7079 17
7080 17
7081 17
7082 18
7083 17
7084 18
7085 18
7086 17
7087 17
7088 17
7089 17
7090 17
7091 17
7092 17
7093 18
7094 17
7095 17
7096 25
7097 18
7098 17
7099 17
7100 17
7101 17
7102 17
7103 17
7104 17
7105 17
7106 19
7107 18
7108 17
7109 17
7110 17
7111 17
7112 17
7113 17
7114 17
7115 17
7116 17
7117 17
7118 17
7119 17
7120 17
7121 17
7122 18
7123 18
7124 17
7125 17
7126 17
7127 17
7128 17
7129 17
7130 17
7131 17
7132 18
7133 18
7134 17
7135 17
7136 17
7137 17
7138 17
7139 17
7140 17
7141 17
7142 18
7143 18
7144 18
7145 18
7146 18
7147 18
7148 18
7149 17
7150 17
7151 17
7152 17
7153 17
7154 17
7155 17
7156 17
7157 17
7158 17
7159 17
7160 18
7161 17
7162 17
7163 17
7164 17
7165 17
7166 17
7167 17
7168 17
7169 18
7170 20
7171 18
7172 18
7173 18
7174 18
7175 17
7176 17
7177 17
7178 17
7179 17
7180 17
7181 17
7182 18
7183 18
7184 17
7185 17
7186 17
7187 18
7188 18
7189 17
7190 17
7191 17
7192 17
7193 17
7194 17
7195 17
7196 17
7197 17
7198 17
7199 17
7200 16
7201 17
7202 16
7203 17
7204 17
7205 17
7206 17
7207 17
7208 18
7209 17
7210 18
7211 17
7212 16
7213 17
7214 17
7215 17
7216 17
7217 17
7218 16
7219 17
7220 16
7221 17
7222 16
7223 17
7224 16
7225 17
7226 17
7227 17
7228 17
7229 18
7230 17
7231 17
7232 17
7233 16
7234 19
7235 17
7236 17
7237 16
7238 17
7239 16
7240 17
7241 16
7242 17
7243 17
7244 17
7245 16
7246 17
7247 17
7248 17
7249 17
7250 18
7251 17
7252 17
7253 16
7254 17
7255 17
7256 17
7257 17
7258 17
7259 17
7260 17
7261 17
7262 17
7263 17
7264 16
7265 17
7266 16
7267 17
7268 17
7269 17
7270 17
7271 18
7272 17
7273 17
7274 17
7275 17
7276 17
7277 17
7278 17
7279 17
7280 26
7281 17
7282 17
7283 17
7284 17
7285 17
7286 17
7287 17
7288 17
7289 17
7290 17
7291 17
7292 17
7293 18
7294 18
7295 17
7296 17
7297 17
7298 18
7299 18
7300 17
7301 17
7302 18
7303 17
7304 17
7305 17
7306 17
7307 17
7308 17
7309 17
7310 18
7311 17
7312 17
7313 17
7314 18
7315 18
7316 17
7317 17
7318 18
7319 17
7320 17
7321 17
7322 17
7323 17
7324 17
7325 17
7326 17
7327 17
7328 18
7329 17
7330 18
7331 18
7332 17
7333 17
7334 17
7335 17
7336 17
7337 17
7338 18
7339 17
7340 17
7341 16
7342 17
7343 17
7344 17
7345 17
7346 17
7347 16
7348 17
7349 17
7350 17
7351 17
7352 17
7353 17
7354 17
7355 17
7356 17
7357 17
7358 17
7359 17
7360 17
7361 17
7362 17
7363 17
7364 17
7365 17
7366 17
7367 17
7368 17
7369 17
7370 17
7371 18
7372 17
7373 17
7374 17
7375 17
7376 17
7377 17
7378 17
7379 17
7380 17
7381 17
7382 17
7383 17
7384 17
7385 17
7386 17
7387 17
7388 17
7389 18
7390 18
7391 18
7392 17
7393 17
7394 17
7395 17
7396 17
7397 18
7398 18
7399 17
7400 17
7401 17
7402 18
7403 17
7404 17
7405 17
7406 18
7407 17
7408 17
7409 17
7410 17
7411 17
7412 17
7413 19
7414 17
7415 17
7416 18
7417 17
7418 17
7419 17
7420 17
7421 17
7422 17
7423 17
7424 17
7425 17
7426 17
7427 17
7428 17
7429 17
7430 17
7431 17
7432 17
7433 17
7434 18
7435 17
7436 17
7437 17
7438 17
7439 17
7440 17
7441 17
7442 17
7443 17
7444 18
7445 18
7446 17
7447 17
7448 16
7449 17
7450 17
7451 23
7452 18
7453 17
7454 17
7455 17
7456 17
7457 17
7458 17
7459 17
7460 17
7461 17
7462 17
7463 17
7464 17
7465 17
7466 17
7467 17
7468 17
7469 17
7470 17
7471 17
7472 17
7473 17
7474 17
7475 17
7476 17
7477 18
7478 17
7479 17
7480 18
7481 17
7482 18
7483 18
7484 17
7485 17
7486 17
7487 17
7488 17
7489 18
7490 17
7491 17
7492 17
7493 18
7494 18
7495 18
7496 18
7497 17
7498 17
7499 17
7500 17
7501 18
7502 18
7503 17
7504 17
7505 17
7506 17
7507 17
7508 17
7509 17
7510 17
7511 17
7512 17
7513 17
7514 17
7515 17
7516 17
7517 17
7518 17
7519 17
7520 17
7521 17
7522 17
7523 17
7524 17
7525 17
7526 17
7527 17
7528 18
7529 17
7530 17
7531 17
7532 17
7533 17
7534 17
7535 17
7536 17
7537 17
7538 18
7539 18
7540 18
7541 18
7542 18
7543 18
7544 17
7545 17
7546 17
7547 17
7548 17
7549 17
7550 17
7551 17
7552 17
7553 17
7554 17
7555 18
7556 18
7557 17
7558 17
7559 17
7560 17
7561 18
7562 18
7563 17
7564 17
7565 17
7566 17
7567 17
7568 18
7569 18
7570 18
7571 17
7572 17
7573 17
7574 17
7575 17
7576 18
7577 18
7578 18
7579 18
7580 17
7581 18
7582 17
7583 17
7584 18
7585 17
7586 18
7587 17
7588 17
7589 17
7590 17
7591 17
7592 17
7593 18
7594 18
7595 18
7596 18
7597 17
7598 18
7599 17
7600 18
7601 17
7602 17
7603 17
7604 18
7605 17
7606 17
7607 17
7608 17
7609 17
7610 17
7611 17
7612 18
7613 18
7614 17
7615 18
7616 18
7617 17
7618 18
7619 18
7620 18
7621 18
7622 18
7623 17
7624 17
7625 16
7626 17
7627 17
7628 17
7629 17
7630 17
7631 17
7632 17
7633 30
7634 18
7635 17
7636 18
7637 18
7638 18
7639 18
7640 18
7641 17
7642 17
7643 17
7644 17
7645 17
7646 17
7647 17
7648 17
7649 18
7650 18
7651 17
7652 17
7653 18
7654 18
7655 17
7656 17
7657 17
7658 17
7659 17
7660 17
7661 17
7662 17
7663 16
7664 17
7665 18
7666 18
7667 17
7668 17
7669 17
7670 17
7671 17
7672 18
7673 17
7674 18
7675 17
7676 17
7677 17
7678 18
7679 18
7680 17
7681 17
7682 17
7683 17
7684 17
7685 17
7686 18
7687 17
7688 17
7689 17
7690 17
7691 17
7692 17
7693 17
7694 17
7695 17
7696 17
7697 17
7698 18
7699 18
7700 18
7701 18
7702 18
7703 18
7704 17
7705 17
7706 17
7707 17
7708 17
7709 16
7710 17
7711 17
7712 17
7713 17
7714 17
7715 17
7716 17
7717 17
7718 17
7719 17
7720 17
7721 18
7722 18
7723 17
7724 17
7725 17
7726 18
7727 17
7728 17
7729 17
7730 17
7731 18
7732 18
7733 18
7734 18
7735 17
7736 18
7737 18
7738 17
7739 17
7740 17
7741 17
7742 17
7743 17
7744 17
7745 17
7746 17
7747 16
7748 17
7749 17
7750 17
7751 17
7752 17
7753 17
7754 16
7755 17
7756 17
7757 17
7758 17
7759 17
7760 17
7761 17
7762 18
7763 18
7764 17
7765 17
7766 17
7767 17
7768 17
7769 17
7770 17
7771 17
7772 16
7773 17
7774 17
7775 16
7776 17
7777 18
7778 18
7779 18
7780 18
7781 17
7782 17
7783 17
7784 18
7785 17
7786 17
7787 17
7788 17
7789 17
7790 17
7791 17
7792 17
7793 17
7794 17
7795 17
7796 17
7797 16
7798 17
7799 17
7800 17
7801 17
7802 17
7803 17
7804 18
7805 17
7806 17
7807 17
7808 17
7809 17
7810 17
7811 17
7812 16
7813 17
7814 16
7815 17
7816 29
7817 17
7818 21
7819 17
7820 17
7821 17
7822 17
7823 17
7824 17
7825 17
7826 17
7827 17
7828 17
7829 17
7830 17
7831 17
7832 17
7833 17
7834 17
7835 17
7836 17
7837 17
7838 17
7839 17
7840 17
7841 17
7842 17
7843 17
7844 17
7845 17
7846 18
7847 18
7848 18
7849 18
7850 18
7851 18
7852 18
7853 17
7854 18
7855 16
7856 17
7857 17
7858 17
7859 17
7860 17
7861 17
7862 17
7863 17
7864 17
7865 17
7866 18
7867 18
7868 17
7869 17
7870 18
7871 17
7872 17
7873 17
7874 17
7875 17
7876 17
7877 17
7878 17
7879 17
7880 17
7881 17
7882 17
7883 17
7884 18
7885 17
7886 17
7887 17
7888 17
7889 17
7890 17
7891 17
7892 18
7893 17
7894 17
7895 18
7896 17
7897 17
7898 18
7899 18
7900 18
7901 18
7902 17
7903 18
7904 18
7905 17
7906 17
7907 17
7908 17
7909 17
7910 17
7911 17
7912 16
7913 19
7914 17
7915 17
7916 17
7917 17
7918 17
7919 17
7920 18
7921 17
7922 18
7923 18
7924 17
7925 17
7926 18
7927 16
7928 17
7929 16
7930 17
7931 17
7932 18
7933 17
7934 17
7935 17
7936 17
7937 18
7938 17
7939 17
7940 17
7941 17
7942 18
7943 18
7944 18
7945 18
7946 17
7947 18
7948 18
7949 17
7950 18
7951 18
7952 18
7953 18
7954 17
7955 18
7956 17
7957 18
7958 18
7959 18
7960 18
7961 17
7962 17
7963 18
7964 17
7965 17
7966 17
7967 17
7968 17
7969 17
7970 17
7971 17
7972 17
7973 17
7974 17
7975 17
7976 17
7977 17
7978 17
7979 17
7980 17
7981 17
7982 17
7983 18
7984 17
7985 17
7986 17
7987 18
7988 17
7989 17
7990 17
7991 17
7992 17
7993 17
7994 17
7995 17
7996 17
7997 18
7998 18
7999 17
8000 17
8001 18
8002 17
8003 17
8004 17
8005 17
8006 17
8007 17
8008 17
8009 17
8010 17
8011 17
8012 17
8013 18
8014 18
8015 17
8016 17
8017 17
8018 18
8019 17
8020 17
8021 17
8022 17
8023 17
8024 17
8025 17
8026 18
8027 18
8028 17
8029 17
8030 17
8031 17
8032 17
8033 17
8034 17
8035 17
8036 17
8037 17
8038 17
8039 17
8040 17
8041 17
8042 17
8043 17
8044 17
8045 17
8046 17
8047 17
8048 17
8049 18
8050 18
8051 18
8052 17
8053 17
8054 18
8055 18
8056 18
8057 18
8058 18
8059 17
8060 17
8061 17
8062 18
8063 17
8064 17
8065 17
8066 17
8067 18
8068 18
8069 18
8070 18
8071 17
8072 17
8073 18
8074 18
8075 18
8076 18
8077 18
8078 18
8079 18
8080 17
8081 17
8082 17
8083 17
8084 17
8085 17
8086 17
8087 17
8088 18
8089 18
8090 17
8091 18
8092 18
8093 17
8094 18
8095 18
8096 17
8097 17
8098 17
8099 17
8100 17
8101 17
8102 17
8103 17
8104 17
8105 17
8106 18
8107 17
8108 17
8109 17
8110 17
8111 17
8112 17
8113 17
8114 17
8115 17
8116 17
8117 17
8118 17
8119 17
8120 18
8121 17
8122 17
8123 18
8124 18
8125 18
8126 18
8127 16
8128 18
8129 18
8130 18
8131 18
8132 17
8133 17
8134 17
8135 17
8136 17
8137 17
8138 18
8139 18
8140 18
8141 17
8142 17
8143 17
8144 17
8145 17
8146 18
8147 18
8148 18
8149 18
8150 17
8151 17
8152 17
8153 17
8154 17
8155 17
8156 17
8157 17
8158 18
8159 17
8160 18
8161 18
8162 18
8163 18
8164 18
8165 17
8166 17
8167 17
8168 17
8169 17
8170 17
8171 17
8172 17
8173 17
8174 17
8175 17
8176 17
8177 17
8178 17
8179 21
8180 17
8181 17
8182 17
8183 17
8184 18
8185 18
8186 18
8187 18
8188 18
8189 17
8190 18
8191 18
8192 17
8193 17
8194 17
8195 17
8196 17
8197 17
8198 18
8199 18
8200 18
8201 18
8202 18
8203 18
8204 18
8205 18
8206 18
8207 17
8208 17
8209 17
8210 17
8211 17
8212 17
8213 18
8214 17
8215 17
8216 17
8217 17
8218 18
8219 18
8220 18
8221 17
8222 18
8223 18
8224 18
8225 18
8226 18
8227 18
8228 18
8229 18
8230 18
8231 18
8232 17
8233 17
8234 17
8235 17
8236 17
8237 17
8238 17
8239 17
8240 18
8241 17
8242 17
8243 17
8244 17
8245 17
8246 17
8247 17
8248 17
8249 17
8250 17
8251 17
8252 17
8253 18
8254 18
8255 18
8256 18
8257 18
8258 17
8259 17
8260 17
8261 17
8262 17
8263 17
8264 17
8265 17
8266 17
8267 17
8268 17
8269 17
8270 17
8271 17
8272 17
8273 17
8274 17
8275 17
8276 18
8277 18
8278 18
8279 18
8280 18
8281 18
8282 18
8283 17
8284 17
8285 17
8286 17
8287 17
8288 17
8289 17
8290 17
8291 17
8292 17
8293 17
8294 17
8295 17
8296 17
8297 17
8298 17
8299 17
8300 17
8301 17
8302 19
8303 17
8304 18
8305 17
8306 18
8307 17
8308 16
8309 17
8310 17
8311 17
8312 16
8313 17
8314 16
8315 17
8316 16
8317 17
8318 17
8319 16
8320 17
8321 16
8322 17
8323 17
8324 17
8325 18
8326 17
8327 17
8328 17
8329 16
8330 17
8331 17
8332 17
8333 17
8334 17
8335 16
8336 17
8337 16
8338 17
8339 17
8340 16
8341 17
8342 16
8343 17
8344 17
8345 17
8346 18
8347 17
8348 17
8349 17
8350 17
8351 17
8352 17
8353 17
8354 17
8355 16
8356 17
8357 17
8358 17
8359 17
8360 16
8361 25
8362 18
8363 17
8364 17
8365 17
8366 19
8367 18
8368 17
8369 17
8370 17
8371 17
8372 17
8373 16
8374 17
8375 16
8376 17
8377 17
8378 17
8379 17
8380 17
8381 17
8382 17
8383 17
8384 17
8385 17
8386 18
8387 17
8388 18
8389 17
8390 17
8391 17
8392 17
8393 17
8394 17
8395 17
8396 16
8397 17
8398 17
8399 17
8400 16
8401 17
8402 16
8403 17
8404 16
8405 17
8406 17
8407 18
8408 17
8409 18
8410 17
8411 17
8412 17
8413 17
8414 17
8415 17
8416 16
8417 17
8418 17
8419 17
8420 17
8421 16
8422 17
8423 16
8424 17
8425 17
8426 17
8427 17
8428 18
8429 17
8430 20
8431 17
8432 17
8433 17
8434 17
8435 17
8436 17
8437 17
8438 17
8439 17
8440 17
8441 17
8442 17
8443 16
8444 17
8445 16
8446 17
8447 17
8448 17
8449 17
8450 17
8451 18
8452 17
8453 18
8454 17
8455 17
8456 17
8457 16
8458 17
8459 16
8460 17
8461 16
8462 17
8463 17
8464 17
8465 17
8466 17
8467 16
8468 17
8469 16
8470 17
8471 17
8472 18
8473 18
8474 17
8475 17
8476 17
8477 17
8478 17
8479 17
8480 17
8481 17
8482 17
8483 16
8484 17
8485 16
8486 17
8487 16
8488 17
8489 17
8490 17
8491 18
8492 17
8493 18
8494 18
8495 17
8496 16
8497 17
8498 17
8499 17
8500 16
8501 17
8502 17
8503 17
8504 17
8505 17
8506 17
8507 16
8508 17
8509 16
8510 17
8511 17
8512 17
8513 17
8514 18
8515 17
8516 17
8517 17
8518 16
8519 17
8520 17
8521 17
8522 17
8523 16
8524 17
8525 17
8526 17
8527 17
8528 17
8529 17
8530 17
8531 17
8532 17
8533 18
8534 17
8535 18
8536 17
8537 17
8538 17
8539 17
8540 16
8541 17
8542 17
8543 17
8544 17
8545 17
8546 18
8547 17
8548 17
8549 17
8550 17
8551 17
8552 16
8553 17
8554 17
8555 17
8556 18
8557 17
8558 18
8559 17
8560 17
8561 17
8562 17
8563 17
8564 16
8565 17
8566 16
8567 17
8568 17
8569 17
8570 17
8571 17
8572 17
8573 17
8574 17
8575 17
8576 17
8577 18
8578 17
8579 17
8580 17
8581 17
8582 17
8583 17
8584 17
8585 17
8586 17
8587 17
8588 17
8589 16
8590 17
8591 17
8592 17
8593 16
8594 17
8595 17
8596 17
8597 17
8598 18
8599 17
8600 17
8601 17
8602 17
8603 17
8604 17
8605 17
8606 17
8607 16
8608 17
8609 17
8610 17
8611 17
8612 17
8613 17
8614 16
8615 17
8616 17
8617 17
8618 17
8619 18
8620 17
8621 17
8622 19
8623 16
8624 17
8625 17
8626 17
8627 17
8628 17
8629 16
8630 17
8631 16
8632 17
8633 17
8634 17
8635 17
8636 17
8637 17
8638 18
8639 17
8640 18
8641 17
8642 17
8643 17
8644 17
8645 16
8646 17
8647 16
8648 17
8649 17
8650 16
8651 17
8652 16
8653 17
8654 17
8655 17
8656 16
8657 17
8658 18
8659 18
8660 17
8661 18
8662 16
8663 17
8664 17
8665 17
8666 17
8667 17
8668 17
8669 17
8670 17
8671 17
8672 17
8673 17
8674 17
8675 17
8676 16
8677 17
8678 17
8679 17
8680 17
8681 17
8682 18
8683 17
8684 17
8685 17
8686 19
8687 16
8688 17
8689 16
8690 17
8691 17
8692 17
8693 17
8694 17
8695 17
8696 17
8697 16
8698 17
8699 16
8700 17
8701 17
8702 17
8703 18
8704 17
8705 17
8706 17
8707 17
8708 17
8709 17
8710 16
8711 17
8712 17
8713 17
8714 17
8715 17
8716 17
8717 17
8718 17
8719 17
8720 17
8721 17
8722 17
8723 17
8724 18
8725 17
8726 17
8727 16
8728 17
8729 17
8730 263
8731 18
8732 17
8733 17
8734 17
8735 17
8736 16
8737 17
8738 17
8739 17
8740 17
8741 16
8742 17
8743 17
8744 17
8745 17
8746 17
8747 17
8748 17
8749 17
8750 17
8751 17
8752 17
8753 17
8754 17
8755 17
8756 17
8757 17
8758 18
8759 18
8760 17
8761 18
8762 18
8763 17
8764 17
8765 17
8766 17
8767 17
8768 17
8769 17
8770 17
8771 18
8772 18
8773 17
8774 18
8775 17
8776 17
8777 17
8778 17
8779 18
8780 17
8781 17
8782 17
8783 17
8784 17
8785 17
8786 18
8787 17
8788 18
8789 17
8790 17
8791 18
8792 17
8793 17
8794 17
8795 17
8796 17
8797 17
8798 17
8799 17
8800 16
8801 17
8802 17
8803 17
8804 17
8805 17
8806 17
8807 18
8808 17
8809 17
8810 17
8811 17
8812 18
8813 17
8814 17
8815 17
8816 17
8817 16
8818 18
8819 17
8820 17
8821 17
8822 17
8823 17
8824 17
8825 17
8826 17
8827 17
8828 17
8829 17
8830 18
8831 17
8832 17
8833 18
8834 17
8835 17
8836 18
8837 17
8838 17
8839 17
8840 17
8841 17
8842 17
8843 18
8844 17
8845 17
8846 17
8847 17
8848 17
8849 17
8850 17
8851 17
8852 18
8853 18
8854 17
8855 17
8856 17
8857 17
8858 18
8859 18
8860 17
8861 17
8862 17
8863 17
8864 17
8865 17
8866 17
8867 17
8868 17
8869 17
8870 17
8871 17
8872 17
8873 17
8874 17
8875 17
8876 17
8877 17
8878 17
8879 18
8880 18
8881 17
8882 17
8883 17
8884 17
8885 17
8886 17
8887 17
8888 17
8889 17
8890 17
8891 17
8892 17
8893 17
8894 17
8895 17
8896 17
8897 17
8898 17
8899 17
8900 17
8901 17
8902 33
8903 17
8904 17
8905 17
8906 17
8907 17
8908 17
8909 17
8910 17
8911 17
8912 17
8913 17
8914 17
8915 17
8916 18
8917 18
8918 17
8919 17
8920 17
8921 18
8922 17
8923 17
8924 17
8925 17
8926 17
8927 17
8928 17
8929 17
8930 17
8931 17
8932 17
8933 17
8934 17
8935 18
8936 17
8937 17
8938 17
8939 17
8940 17
8941 17
8942 17
8943 17
8944 17
8945 17
8946 17
8947 17
8948 17
8949 18
8950 17
8951 17
8952 17
8953 17
8954 17
8955 17
8956 17
8957 18
8958 18
8959 17
8960 17
8961 17
8962 18
8963 18
8964 17
8965 17
8966 17
8967 17
8968 17
8969 17
8970 17
8971 17
8972 18
8973 17
8974 17
8975 17
8976 17
8977 17
8978 18
8979 17
8980 17
8981 18
8982 17
8983 18
8984 17
8985 18
8986 18
8987 17
8988 17
8989 17
8990 18
8991 18
8992 18
8993 18
8994 17
8995 17
8996 17
8997 18
8998 17
8999 17
9000 17
9001 17
9002 17
9003 18
9004 18
9005 18
9006 18
9007 17
9008 17
9009 17
9010 17
9011 17
9012 17
9013 17
9014 18
9015 18
9016 18
9017 17
9018 17
9019 17
9020 17
9021 17
9022 17
9023 17
9024 17
9025 17
9026 18
9027 17
9028 17
9029 17
9030 17
9031 17
9032 18
9033 18
9034 18
9035 18
9036 17
9037 17
9038 18
9039 17
9040 17
9041 17
9042 17
9043 17
9044 17
9045 17
9046 18
9047 18
9048 18
9049 17
9050 17
9051 18
9052 18
9053 17
9054 17
9055 17
9056 18
9057 17
9058 17
9059 18
9060 17
9061 17
9062 17
9063 17
9064 17
9065 17
9066 17
9067 18
9068 17
9069 17
9070 17
9071 17
9072 17
9073 17
9074 18
9075 17
9076 17
9077 17
9078 17
9079 17
9080 17
9081 17
9082 17
9083 18
9084 26
9085 21
9086 17
9087 17
9088 17
9089 17
9090 17
9091 18
9092 18
9093 18
9094 18
9095 17
9096 17
9097 17
9098 18
9099 17
9100 17
9101 17
9102 17
9103 17
9104 17
9105 17
9106 17
9107 17
9108 17
9109 17
9110 17
9111 17
9112 17
9113 16
9114 17
9115 17
9116 18
9117 17
9118 17
9119 17
9120 17
9121 17
9122 17
9123 17
9124 17
9125 17
9126 17
9127 18
9128 18
9129 17
9130 17
9131 17
9132 17
9133 18
9134 17
9135 17
9136 17
9137 18
9138 18
9139 17
9140 18
9141 18
9142 17
9143 18
9144 17
9145 18
9146 17
9147 17
9148 17
9149 17
9150 17
9151 17
9152 17
9153 17
9154 18
9155 18
9156 18
9157 17
9158 17
9159 17
9160 17
9161 17
9162 18
9163 17
9164 17
9165 17
9166 17
9167 17
9168 17
9169 17
9170 17
9171 17
9172 17
9173 18
9174 17
9175 17
9176 17
9177 17
9178 17
9179 17
9180 17
9181 17
9182 17
9183 17
9184 17
9185 17
9186 18
9187 17
9188 17
9189 17
9190 17
9191 17
9192 17
9193 17
9194 17
9195 17
9196 18
9197 18
9198 17
9199 17
9200 17
9201 17
9202 17
9203 17
9204 17
9205 17
9206 17
9207 17
9208 17
9209 17
9210 17
9211 17
9212 17
9213 17
9214 17
9215 17
9216 17
9217 18
9218 17
9219 17
9220 17
9221 17
9222 17
9223 17
9224 17
9225 17
9226 17
9227 17
9228 17
9229 16
9230 17
9231 17
9232 17
9233 17
9234 17
9235 17
9236 17
9237 17
9238 17
9239 17
9240 16
9241 17
9242 17
9243 17
9244 17
9245 17
9246 17
9247 18
9248 17
9249 17
9250 18
9251 17
9252 17
9253 17
9254 18
9255 17
9256 18
9257 18
9258 17
9259 17
9260 17
9261 17
9262 17
9263 17
9264 17
9265 17
9266 17
9267 18
9268 17
9269 17
9270 17
9271 18
9272 17
9273 17
9274 17
9275 17
9276 17
9277 17
9278 17
9279 17
9280 17
9281 17
9282 17
9283 18
9284 18
9285 17
9286 18
9287 17
9288 17
9289 17
9290 17
9291 17
9292 17
9293 17
9294 17
9295 17
9296 18
9297 17
9298 17
9299 17
9300 17
9301 19
9302 17
9303 17
9304 17
9305 17
9306 18
9307 18
9308 17
9309 18
9310 17
9311 17
9312 17
9313 17
9314 17
9315 17
9316 17
9317 17
9318 17
9319 17
9320 18
9321 18
9322 17
9323 18
9324 17
9325 17
9326 17
9327 17
9328 18
9329 17
9330 18
9331 17
9332 17
9333 17
9334 17
9335 17
9336 17
9337 17
9338 18
9339 17
9340 17
9341 17
9342 17
9343 18
9344 17
9345 17
9346 17
9347 17
9348 17
9349 17
9350 17
9351 17
9352 17
9353 17
9354 17
9355 17
9356 18
9357 17
9358 17
9359 17
9360 17
9361 17
9362 17
9363 17
9364 17
9365 16
9366 17
9367 17
9368 17
9369 17
9370 17
9371 17
9372 17
9373 16
9374 17
9375 17
9376 17
9377 17
9378 17
9379 16
9380 17
9381 17
9382 17
9383 17
9384 18
9385 17
9386 17
9387 17
9388 17
9389 16
9390 17
9391 17
9392 17
9393 17
9394 17
9395 17
9396 18
9397 17
9398 17
9399 18
9400 18
9401 18
9402 18
9403 17
9404 17
9405 18
9406 18
9407 18
9408 17
9409 17
9410 18
9411 17
9412 17
9413 17
9414 17
9415 17
9416 17
9417 17
9418 17
9419 17
9420 17
9421 18
9422 17
9423 17
9424 17
9425 17
9426 17
9427 17
9428 16
9429 17
9430 17
9431 18
9432 18
9433 18
9434 18
9435 17
9436 18
9437 17
9438 17
9439 17
9440 17
9441 17
9442 17
9443 17
9444 17
9445 17
9446 18
9447 17
9448 17
9449 33
9450 17
9451 17
9452 17
9453 17
9454 17
9455 17
9456 17
9457 17
9458 17
9459 17
9460 17
9461 17
9462 17
9463 17
9464 17
9465 18
9466 18
9467 17
9468 17
9469 17
9470 17
9471 17
9472 17
9473 17
9474 17
9475 17
9476 17
9477 18
9478 18
9479 18
9480 18
9481 18
9482 18
9483 18
9484 17
9485 17
9486 17
9487 17
9488 17
9489 17
9490 17
9491 17
9492 17
9493 17
9494 17
9495 17
9496 17
9497 17
9498 17
9499 17
9500 18
9501 17
9502 17
9503 17
9504 18
9505 17
9506 17
9507 18
9508 18
9509 18
9510 18
9511 17
9512 17
9513 17
9514 17
9515 17
9516 18
9517 17
9518 18
9519 18
9520 17
9521 17
9522 17
9523 18
9524 18
9525 17
9526 17
9527 17
9528 17
9529 17
9530 17
9531 17
9532 16
9533 17
9534 17
9535 18
9536 17
9537 17
9538 18
9539 18
9540 18
9541 17
9542 17
9543 17
9544 17
9545 17
9546 18
9547 17
9548 17
9549 18
9550 17
9551 18
9552 17
9553 18
9554 18
9555 17
9556 17
9557 17
9558 17
9559 17
9560 18
9561 18
9562 17
9563 17
9564 17
9565 17
9566 17
9567 17
9568 17
9569 17
9570 17
9571 17
9572 17
9573 17
9574 17
9575 17
9576 16
9577 17
9578 17
9579 17
9580 17
9581 17
9582 17
9583 17
9584 17
9585 17
9586 17
9587 17
9588 17
9589 17
9590 17
9591 18
9592 17
9593 17
9594 18
9595 17
9596 17
9597 17
9598 17
9599 17
9600 17
9601 17
9602 17
9603 17
9604 18
9605 17
9606 17
9607 17
9608 17
9609 18
9610 18
9611 17
9612 17
9613 17
9614 17
9615 17
9616 17
9617 18
9618 18
9619 17
9620 17
9621 17
9622 17
9623 17
9624 17
9625 18
9626 17
9627 17
9628 17
9629 17
9630 17
9631 17
9632 24
9633 18
9634 18
9635 19
9636 18
9637 17
9638 17
9639 17
9640 17
9641 17
9642 17
9643 17
9644 17
9645 17
9646 17
9647 16
9648 17
9649 17
9650 17
9651 17
9652 17
9653 17
9654 17
9655 17
9656 16
9657 17
9658 18
9659 17
9660 17
9661 17
9662 17
9663 17
9664 17
9665 17
9666 17
9667 18
9668 17
9669 17
9670 18
9671 17
9672 17
9673 17
9674 17
9675 17
9676 17
9677 17
9678 17
9679 17
9680 18
9681 18
9682 18
9683 18
9684 18
9685 18
9686 17
9687 20
9688 17
9689 17
9690 17
9691 18
9692 17
9693 17
9694 16
9695 17
9696 17
9697 17
9698 18
9699 17
9700 17
9701 17
9702 17
9703 17
9704 17
9705 17
9706 17
9707 17
9708 17
9709 18
9710 17
9711 17
9712 17
9713 17
9714 17
9715 17
9716 17
9717 17
9718 17
9719 18
9720 18
9721 18
9722 17
9723 17
9724 17
9725 17
9726 18
9727 18
9728 17
9729 18
9730 18
9731 18
9732 18
9733 18
9734 18
9735 18
9736 18
9737 18
9738 18
9739 17
9740 18
9741 17
9742 17
9743 17
9744 17
9745 17
9746 17
9747 17
9748 17
9749 17
9750 17
9751 17
9752 17
9753 17
9754 19
9755 17
9756 17
9757 18
9758 18
9759 18
9760 18
9761 17
9762 17
9763 17
9764 17
9765 17
9766 21
9767 17
9768 17
9769 17
9770 17
9771 17
9772 17
9773 17
9774 18
9775 18
9776 17
9777 17
9778 17
9779 17
9780 17
9781 17
9782 17
9783 17
9784 17
9785 17
9786 18
9787 17
9788 17
9789 17
9790 17
9791 17
9792 17
9793 18
9794 17
9795 17
9796 17
9797 17
9798 17
9799 17
9800 17
9801 18
9802 18
9803 17
9804 17
9805 17
9806 17
9807 17
9808 17
9809 17
9810 17
9811 18
9812 18
9813 17
9814 30
9815 18
9816 17
9817 17
9818 19
9819 17
9820 17
9821 17
9822 17
9823 17
9824 18
9825 17
9826 18
9827 18
9828 18
9829 18
9830 18
9831 18
9832 18
9833 18
9834 18
9835 18
9836 17
9837 17
9838 17
9839 17
9840 17
9841 18
9842 18
9843 17
9844 17
9845 17
9846 17
9847 17
9848 17
9849 17
9850 17
9851 17
9852 18
9853 17
9854 18
9855 17
9856 17
9857 17
9858 18
9859 18
9860 18
9861 17
9862 17
9863 17
9864 17
9865 17
9866 17
9867 17
9868 17
9869 17
9870 17
9871 17
9872 17
9873 17
9874 17
9875 17
9876 17
9877 17
9878 17
9879 17
9880 18
9881 17
9882 19
9883 18
9884 18
9885 18
9886 17
9887 17
9888 17
9889 17
9890 17
9891 17
9892 17
9893 17
9894 17
9895 17
9896 17
9897 18
9898 17
9899 17
9900 17
9901 17
9902 17
9903 17
9904 18
9905 17
9906 17
9907 17
9908 17
9909 17
9910 18
9911 17
9912 17
9913 17
9914 18
9915 17
9916 17
9917 17
9918 17
9919 18
9920 18
9921 17
9922 17
9923 17
9924 16
9925 18
9926 18
9927 18
9928 17
9929 17
9930 17
9931 17
9932 17
9933 17
9934 18
9935 17
9936 17
9937 18
9938 17
9939 17
9940 17
9941 17
9942 17
9943 17
9944 17
9945 17
9946 19
9947 17
9948 17
9949 18
9950 17
9951 17
9952 17
9953 17
9954 18
9955 17
9956 17
9957 17
9958 17
9959 17
9960 18
9961 18
9962 18
9963 18
9964 17
9965 17
9966 17
9967 17
9968 18
9969 18
9970 18
9971 17
9972 17
9973 17
9974 17
9975 17
9976 17
9977 17
9978 17
9979 17
9980 18
9981 18
9982 17
9983 18
9984 18
9985 18
9986 18
9987 18
9988 18
9989 17
9990 18
9991 17
9992 17
9993 17
9994 17
9995 35
9996 19
9997 18
9998 18
9999 18
