0 73
1 20
2 20
3 18
4 18
5 18
6 18
7 17
8 17
9 18
10 18
11 18
12 17
13 17
14 18
15 17
16 17
17 17
18 17
19 17
20 18
21 18
22 20
23 18
24 18
25 18
26 17
27 17
28 16
29 17
30 16
31 17
32 16
33 17
34 17
35 17
36 21
37 17
38 19
39 18
40 18
41 18
42 17
43 17
44 17
45 20
46 33
47 19
48 17
49 17
50 18
51 18
52 18
53 18
54 18
55 18
56 17
57 17
58 17
59 17
60 18
61 26
62 19
63 18
64 18
65 17
66 26
67 18
68 17
69 18
70 18
71 17
72 18
73 19
74 17
75 18
76 17
77 17
78 17
79 17
80 17
81 18
82 17
83 17
84 17
85 17
86 17
87 18
88 18
89 17
90 17
91 18
92 18
93 19
94 17
95 31
96 19
97 17
98 17
99 18
100 17
101 46
102 20
103 27
104 20
105 23
106 19
107 17
108 17
109 18
110 18
111 17
112 17
113 17
114 17
115 17
116 18
117 17
118 18
119 17
120 17
121 18
122 18
123 17
124 17
125 17
126 17
127 17
128 17
129 21
130 26
131 19
132 18
133 17
134 18
135 17
136 17
137 17
138 17
139 18
140 17
141 17
142 17
143 17
144 17
145 17
146 18
147 17
148 17
149 17
150 17
151 17
152 17
153 18
154 17
155 17
156 17
157 17
158 17
159 18
160 17
161 17
162 17
163 17
164 17
165 17
166 17
167 18
168 17
169 17
170 17
171 17
172 17
173 17
174 17
175 17
176 17
177 17
178 17
179 17
180 17
181 17
182 17
183 17
184 17
185 18
186 17
187 18
188 17
189 17
190 17
191 17
192 18
193 17
194 18
195 18
196 17
197 17
198 17
199 17
200 18
201 19
202 17
203 17
204 17
205 17
206 17
207 17
208 16
209 27
210 18
211 17
212 17
213 17
214 18
215 19
216 18
217 18
218 17
219 18
220 17
221 18
222 20
223 17
224 17
225 17
226 17
227 17
228 17
229 17
230 17
231 18
232 18
233 18
234 17
235 18
236 18
237 17
238 17
239 17
240 17
241 17
242 18
243 19
244 17
245 17
246 17
247 17
248 17
249 17
250 17
251 17
252 17
253 17
254 17
255 17
256 17
257 17
258 17
259 17
260 17
261 17
262 17
263 17
264 17
265 17
266 17
267 17
268 17
269 17
270 17
271 17
272 26
273 18
274 17
275 17
276 17
277 17
278 17
279 32
280 18
281 25
282 18
283 18
284 18
285 18
286 27
287 19
288 17
289 17
290 18
291 18
292 18
293 18
294 17
295 17
296 18
297 18
298 17
299 17
300 17
301 18
302 18
303 18
304 18
305 18
306 17
307 17
308 18
309 17
310 17
311 17
312 18
313 18
314 18
315 19
316 17
317 17
318 18
319 17
320 17
321 17
322 17
323 17
324 17
325 17
326 17
327 17
328 18
329 18
330 17
331 17
332 17
333 17
334 18
335 17
336 17
337 17
338 17
339 17
340 17
341 17
342 18
343 17
344 18
345 18
346 19
347 18
348 17
349 18
350 20
351 18
352 17
353 17
354 18
355 18
356 18
357 17
358 17
359 26
360 18
361 18
362 17
363 18
364 17
365 17
366 17
367 17
368 17
369 18
370 17
371 17
372 17
373 18
374 17
375 17
376 18
377 19
378 17
379 18
380 17
381 17
382 18
383 17
384 17
385 17
386 17
387 18
388 17
389 17
390 17
391 17
392 17
393 17
394 17
395 17
396 18
397 17
398 17
399 19
400 17
401 18
402 17
403 17
404 17
405 17
406 17
407 18
408 18
409 18
410 17
411 17
412 17
413 18
414 20
415 18
416 17
417 17
418 17
419 17
420 17
421 17
422 17
423 18
424 18
425 18
426 17
427 17
428 17
429 17
430 17
431 18
432 18
433 19
434 18
435 18
436 17
437 17
438 17
439 17
440 17
441 17
442 17
443 17
444 19
445 18
446 17
447 17
448 17
449 17
450 17
451 17
452 17
453 17
454 17
455 18
456 18
457 18
458 18
459 17
460 17
461 17
462 17
463 17
464 18
465 17
466 17
467 17
468 17
469 17
470 17
471 17
472 18
473 18
474 18
475 17
476 17
477 26
478 20
479 17
480 18
481 17
482 17
483 17
484 17
485 17
486 17
487 17
488 17
489 17
490 17
491 17
492 17
493 18
494 18
495 17
496 18
497 18
498 17
499 18
500 17
501 18
502 18
503 18
504 17
505 17
506 17
507 17
508 18
509 17
510 17
511 17
512 17
513 18
514 18
515 18
516 17
517 18
518 17
519 18
520 18
521 18
522 17
523 17
524 17
525 17
526 17
527 17
528 19
529 17
530 18
531 18
532 17
533 17
534 17
535 17
536 17
537 17
538 17
539 17
540 18
541 18
542 20
543 18
544 17
545 17
546 17
547 17
548 17
549 17
550 17
551 18
552 18
553 18
554 17
555 17
556 17
557 17
558 17
559 17
560 17
561 17
562 18
563 18
564 17
565 18
566 17
567 18
568 19
569 17
570 17
571 17
572 17
573 17
574 16
575 17
576 17
577 17
578 17
579 18
580 18
581 17
582 17
583 17
584 17
585 18
586 18
587 18
588 17
589 18
590 19
591 17
592 18
593 17
594 17
595 18
596 17
597 18
598 17
599 18
600 17
601 17
602 18
603 17
604 17
605 17
606 20
607 18
608 17
609 18
610 17
611 17
612 18
613 17
614 18
615 18
616 17
617 17
618 19
619 18
620 17
621 18
622 18
623 17
624 17
625 17
626 17
627 17
628 18
629 18
630 19
631 18
632 18
633 18
634 17
635 17
636 17
637 29
638 18
639 18
640 19
641 17
642 18
643 18
644 17
645 18
646 19
647 18
648 18
649 17
650 17
651 18
652 17
653 18
654 17
655 17
656 27
657 19
658 17
659 18
660 18
661 18
662 18
663 18
664 18
665 17
666 17
667 17
668 17
669 17
670 19
671 17
672 17
673 19
674 18
675 17
676 17
677 17
678 17
679 17
680 17
681 17
682 17
683 17
684 18
685 18
686 17
687 18
688 17
689 18
690 17
691 17
692 18
693 18
694 17
695 17
696 17
697 17
698 17
699 17
700 17
701 18
702 19
703 17
704 18
705 18
706 18
707 19
708 18
709 18
710 17
711 17
712 17
713 17
714 17
715 17
716 18
717 18
718 17
719 17
720 17
721 17
722 18
723 18
724 17
725 18
726 17
727 17
728 17
729 17
730 17
731 18
732 19
733 17
734 19
735 17
736 17
737 17
738 17
739 18
740 18
741 19
742 17
743 18
744 17
745 17
746 17
747 18
748 17
749 17
750 17
751 17
752 18
753 19
754 17
755 17
756 17
757 27
758 18
759 17
760 17
761 17
762 17
763 19
764 18
765 17
766 17
767 17
768 18
769 17
770 18
771 17
772 17
773 18
774 18
775 18
776 18
777 18
778 17
779 18
780 17
781 17
782 17
783 17
784 17
785 17
786 17
787 17
788 18
789 18
790 17
791 18
792 19
793 17
794 17
795 17
796 17
797 17
798 19
799 17
800 17
801 17
802 17
803 17
804 17
805 18
806 17
807 17
808 17
809 18
810 18
811 17
812 17
813 18
814 18
815 17
816 31
817 17
818 17
819 17
820 17
821 17
822 18
823 17
824 17
825 17
826 17
827 18
828 17
829 17
830 17
831 17
832 17
833 18
834 17
835 17
836 17
837 17
838 17
839 16
840 17
841 17
842 17
843 18
844 18
845 19
846 17
847 18
848 17
849 17
850 17
851 18
852 17
853 18
854 18
855 18
856 17
857 18
858 17
859 17
860 18
861 18
862 19
863 17
864 17
865 19
866 18
867 17
868 17
869 17
870 17
871 17
872 17
873 17
874 17
875 18
876 19
877 18
878 17
879 17
880 17
881 17
882 17
883 17
884 17
885 17
886 17
887 17
888 17
889 17
890 17
891 17
892 17
893 17
894 17
895 17
896 17
897 17
898 17
899 17
900 17
901 17
902 17
903 17
904 17
905 26
906 18
907 17
908 17
909 17
910 17
911 18
912 17
913 17
914 17
915 18
916 18
917 19
918 17
919 17
920 18
921 18
922 17
923 18
924 18
925 17
926 20
927 19
928 17
929 17
930 17
931 17
932 18
933 18
934 18
935 18
936 17
937 17
938 18
939 18
940 17
941 17
942 17
943 18
944 19
945 17
946 17
947 17
948 18
949 17
950 17
951 17
952 17
953 16
954 17
955 19
956 17
957 18
958 17
959 17
960 17
961 17
962 17
963 17
964 17
965 18
966 17
967 17
968 17
969 18
970 17
971 17
972 17
973 17
974 17
975 17
976 17
977 17
978 17
979 18
980 19
981 17
982 17
983 17
984 18
985 17
986 18
987 17
988 18
989 18
990 20
991 17
992 17
993 17
994 17
995 17
996 17
997 18
998 17
999 17
1000 17
1001 18
1002 17
1003 17
1004 17
1005 17
1006 17
1007 17
1008 27
1009 18
1010 17
1011 17
1012 17
1013 18
1014 17
1015 17
1016 17
1017 18
1018 18
1019 18
1020 17
1021 17
1022 17
1023 18
1024 18
1025 18
1026 18
1027 18
1028 18
1029 17
1030 19
1031 17
1032 17
1033 17
1034 17
1035 17
1036 17
1037 17
1038 17
1039 18
1040 17
1041 17
1042 17
1043 17
1044 17
1045 19
1046 18
1047 17
1048 17
1049 17
1050 17
1051 18
1052 18
1053 18
1054 20
1055 28
1056 18
1057 17
1058 17
1059 17
1060 17
1061 18
1062 17
1063 17
1064 17
1065 17
1066 18
1067 18
1068 18
1069 17
1070 17
1071 17
1072 17
1073 17
1074 17
1075 18
1076 18
1077 17
1078 17
1079 17
1080 17
1081 17
1082 17
1083 18
1084 18
1085 17
1086 17
1087 17
1088 19
1089 17
1090 25
1091 18
1092 17
1093 17
1094 17
1095 17
1096 18
1097 17
1098 17
1099 17
1100 17
1101 17
1102 17
1103 17
1104 17
1105 17
1106 17
1107 17
1108 17
1109 17
1110 17
1111 17
1112 17
1113 17
1114 19
1115 18
1116 18
1117 18
1118 21
1119 18
1120 18
1121 17
1122 17
1123 17
1124 17
1125 18
1126 17
1127 17
1128 17
1129 17
1130 18
1131 18
1132 18
1133 17
1134 17
1135 18
1136 18
1137 18
1138 18
1139 17
1140 17
1141 17
1142 17
1143 17
1144 18
1145 19
1146 19
1147 17
1148 18
1149 18
1150 18
1151 17
1152 18
1153 17
1154 17
1155 17
1156 17
1157 18
1158 16
1159 17
1160 17
1161 17
1162 18
1163 17
1164 17
1165 17
1166 17
1167 17
1168 17
1169 18
1170 17
1171 17
1172 17
1173 17
1174 17
1175 17
1176 32
1177 17
1178 17
1179 17
1180 17
1181 17
1182 19
1183 17
1184 17
1185 17
1186 17
1187 17
1188 17
1189 17
1190 26
1191 18
1192 17
1193 17
1194 17
1195 17
1196 17
1197 17
1198 17
1199 17
1200 18
1201 18
1202 17
1203 17
1204 17
1205 17
1206 24
1207 18
1208 17
1209 17
1210 17
1211 17
1212 19
1213 18
1214 17
1215 18
1216 18
1217 18
1218 19
1219 18
1220 17
1221 17
1222 17
1223 17
1224 17
1225 17
1226 17
1227 17
1228 17
1229 18
1230 18
1231 18
1232 17
1233 17
1234 18
1235 17
1236 17
1237 17
1238 17
1239 17
1240 18
1241 19
1242 18
1243 17
1244 17
1245 17
1246 19
1247 17
1248 17
1249 17
1250 17
1251 17
1252 18
1253 17
1254 17
1255 17
1256 17
1257 19
1258 17
1259 17
1260 17
1261 17
1262 17
1263 17
1264 17
1265 17
1266 17
1267 17
1268 17
1269 17
1270 17
1271 17
1272 17
1273 17
1274 18
1275 19
1276 17
1277 17
1278 17
1279 27
1280 18
1281 17
1282 17
1283 17
1284 17
1285 17
1286 17
1287 17
1288 16
1289 17
1290 24
1291 18
1292 17
1293 17
1294 17
1295 17
1296 17
1297 17
1298 17
1299 17
1300 17
1301 17
1302 17
1303 17
1304 17
1305 17
1306 17
1307 17
1308 19
1309 17
1310 19
1311 17
1312 17
1313 18
1314 18
1315 18
1316 17
1317 17
1318 18
1319 18
1320 18
1321 17
1322 17
1323 17
1324 16
1325 17
1326 17
1327 17
1328 17
1329 17
1330 17
1331 18
1332 17
1333 17
1334 17
1335 17
1336 19
1337 18
1338 17
1339 17
1340 17
1341 17
1342 17
1343 17
1344 17
1345 17
1346 17
1347 18
1348 17
1349 18
1350 17
1351 17
1352 16
1353 17
1354 17
1355 210
1356 18
1357 17
1358 17
1359 17
1360 17
1361 17
1362 17
1363 17
1364 17
1365 17
1366 17
1367 17
1368 17
1369 17
1370 18
1371 17
1372 18
1373 18
1374 18
1375 17
1376 17
1377 17
1378 17
1379 17
1380 18
1381 18
1382 18
1383 18
1384 19
1385 18
1386 17
1387 17
1388 17
1389 17
1390 18
1391 17
1392 18
1393 17
1394 27
1395 18
1396 17
1397 17
1398 18
1399 18
1400 18
1401 17
1402 18
1403 17
1404 17
1405 18
1406 18
1407 17
1408 17
1409 17
1410 17
1411 17
1412 17
1413 17
1414 17
1415 17
1416 17
1417 17
1418 18
1419 18
1420 18
1421 17
1422 17
1423 27
1424 18
1425 17
1426 17
1427 17
1428 17
1429 17
1430 17
1431 17
1432 17
1433 18
1434 18
1435 19
1436 18
1437 18
1438 18
1439 17
1440 18
1441 18
1442 17
1443 18
1444 19
1445 19
1446 18
1447 18
1448 17
1449 18
1450 18
1451 18
1452 18
1453 18
1454 18
1455 17
1456 18
1457 18
1458 17
1459 17
1460 17
1461 19
1462 17
1463 18
1464 18
1465 17
1466 27
1467 19
1468 18
1469 17
1470 18
1471 18
1472 18
1473 17
1474 17
1475 17
1476 18
1477 18
1478 18
1479 17
1480 17
1481 18
1482 18
1483 19
1484 17
1485 18
1486 18
1487 18
1488 18
1489 18
1490 17
1491 18
1492 18
1493 18
1494 17
1495 17
1496 17
1497 18
1498 17
1499 27
1500 19
1501 18
1502 18
1503 18
1504 17
1505 19
1506 18
1507 17
1508 17
1509 18
1510 18
1511 18
1512 17
1513 18
1514 18
1515 17
1516 18
1517 18
1518 18
1519 17
1520 17
1521 17
1522 18
1523 18
1524 28
1525 17
1526 17
1527 18
1528 18
1529 18
1530 18
1531 18
1532 17
1533 18
1534 17
1535 17
1536 17
1537 18
1538 18
1539 17
1540 17
1541 18
1542 17
1543 17
1544 18
1545 20
1546 17
1547 18
1548 18
1549 17
1550 18
1551 18
1552 18
1553 18
1554 27
1555 18
1556 18
1557 17
1558 18
1559 18
1560 17
1561 18
1562 18
1563 17
1564 17
1565 18
1566 18
1567 17
1568 17
1569 18
1570 18
1571 18
1572 18
1573 18
1574 18
1575 17
1576 18
1577 18
1578 17
1579 17
1580 17
1581 18
1582 18
1583 19
1584 18
1585 17
1586 17
1587 17
1588 17
1589 18
1590 18
1591 18
1592 17
1593 18
1594 19
1595 17
1596 17
1597 18
1598 27
1599 18
1600 18
1601 18
1602 17
1603 17
1604 17
1605 18
1606 18
1607 18
1608 17
1609 17
1610 18
1611 18
1612 17
1613 18
1614 18
1615 18
1616 18
1617 18
1618 17
1619 17
1620 27
1621 19
1622 18
1623 17
1624 18
1625 17
1626 18
1627 18
1628 17
1629 18
1630 18
1631 18
1632 17
1633 17
1634 18
1635 18
1636 18
1637 19
1638 18
1639 18
1640 18
1641 17
1642 18
1643 19
1644 18
1645 17
1646 18
1647 17
1648 18
1649 18
1650 18
1651 17
1652 17
1653 17
1654 18
1655 18
1656 18
1657 17
1658 18
1659 18
1660 19
1661 18
1662 17
1663 17
1664 17
1665 17
1666 18
1667 18
1668 17
1669 17
1670 18
1671 19
1672 18
1673 18
1674 18
1675 18
1676 17
1677 17
1678 17
1679 17
1680 17
1681 17
1682 17
1683 17
1684 17
1685 17
1686 17
1687 18
1688 17
1689 18
1690 17
1691 17
1692 17
1693 17
1694 17
1695 18
1696 18
1697 17
1698 17
1699 17
1700 17
1701 32
1702 17
1703 17
1704 17
1705 17
1706 17
1707 17
1708 18
1709 18
1710 18
1711 18
1712 17
1713 17
1714 17
1715 17
1716 17
1717 17
1718 17
1719 17
1720 17
1721 18
1722 17
1723 18
1724 17
1725 17
1726 17
1727 17
1728 17
1729 17
1730 18
1731 18
1732 17
1733 18
1734 18
1735 17
1736 17
1737 27
1738 18
1739 17
1740 17
1741 17
1742 17
1743 19
1744 17
1745 18
1746 18
1747 18
1748 17
1749 17
1750 17
1751 17
1752 17
1753 17
1754 17
1755 19
1756 17
1757 17
1758 17
1759 17
1760 17
1761 17
1762 17
1763 17
1764 18
1765 18
1766 19
1767 17
1768 17
1769 17
1770 17
1771 18
1772 18
1773 17
1774 17
1775 17
1776 17
1777 17
1778 17
1779 17
1780 17
1781 17
1782 17
1783 18
1784 18
1785 17
1786 17
1787 17
1788 17
1789 26
1790 18
1791 18
1792 17
1793 17
1794 17
1795 18
1796 18
1797 18
1798 18
1799 18
1800 17
1801 17
1802 17
1803 17
1804 24
1805 18
1806 18
1807 18
1808 18
1809 17
1810 18
1811 19
1812 18
1813 17
1814 17
1815 17
1816 17
1817 17
1818 17
1819 17
1820 17
1821 17
1822 19
1823 18
1824 18
1825 17
1826 17
1827 17
1828 17
1829 17
1830 17
1831 17
1832 18
1833 18
1834 18
1835 17
1836 17
1837 17
1838 17
1839 17
1840 17
1841 17
1842 18
1843 17
1844 17
1845 18
1846 17
1847 17
1848 17
1849 17
1850 19
1851 18
1852 18
1853 18
1854 18
1855 19
1856 17
1857 18
1858 17
1859 17
1860 17
1861 17
1862 17
1863 17
1864 17
1865 17
1866 17
1867 18
1868 18
1869 18
1870 17
1871 17
1872 18
1873 18
1874 18
1875 17
1876 17
1877 18
1878 17
1879 17
1880 21
1881 17
1882 17
1883 17
1884 17
1885 17
1886 17
1887 17
1888 17
1889 18
1890 18
1891 18
1892 17
1893 17
1894 17
1895 17
1896 17
1897 17
1898 17
1899 17
1900 17
1901 18
1902 18
1903 18
1904 18
1905 17
1906 17
1907 17
1908 18
1909 18
1910 18
1911 17
1912 17
1913 17
1914 17
1915 17
1916 17
1917 17
1918 17
1919 17
1920 17
1921 17
1922 21
1923 18
1924 17
1925 18
1926 18
1927 17
1928 18
1929 17
1930 17
1931 17
1932 17
1933 27
1934 19
1935 18
1936 18
1937 17
1938 17
1939 17
1940 18
1941 17
1942 18
1943 17
1944 17
1945 17
1946 17
1947 17
1948 17
1949 17
1950 17
1951 17
1952 17
1953 17
1954 17
1955 17
1956 18
1957 18
1958 18
1959 19
1960 18
1961 17
1962 18
1963 18
1964 18
1965 17
1966 18
1967 18
1968 17
1969 18
1970 18
1971 17
1972 28
1973 18
1974 17
1975 17
1976 17
1977 18
1978 17
1979 18
1980 18
1981 17
1982 17
1983 18
1984 18
1985 18
1986 17
1987 17
1988 18
1989 17
1990 17
1991 18
1992 18
1993 17
1994 17
1995 17
1996 18
1997 17
1998 18
1999 17
2000 17
2001 18
2002 18
2003 17
2004 18
2005 18
2006 17
2007 17
2008 18
2009 18
2010 17
2011 18
2012 19
2013 19
2014 18
2015 18
2016 17
2017 17
2018 18
2019 17
2020 17
2021 17
2022 27
2023 18
2024 18
2025 17
2026 18
2027 18
2028 17
2029 17
2030 17
2031 17
2032 17
2033 17
2034 17
2035 17
2036 17
2037 17
2038 17
2039 18
2040 18
2041 18
2042 18
2043 18
2044 17
2045 17
2046 17
2047 17
2048 17
2049 17
2050 17
2051 17
2052 17
2053 17
2054 17
2055 17
2056 17
2057 17
2058 18
2059 19
2060 17
2061 17
2062 17
2063 18
2064 17
2065 17
2066 17
2067 17
2068 17
2069 17
2070 17
2071 17
2072 17
2073 17
2074 18
2075 18
2076 17
2077 17
2078 17
2079 17
2080 17
2081 17
2082 17
2083 17
2084 17
2085 25
2086 18
2087 17
2088 17
2089 17
2090 18
2091 18
2092 17
2093 18
2094 18
2095 18
2096 19
2097 18
2098 18
2099 17
2100 26
2101 19
2102 18
2103 21
2104 18
2105 17
2106 18
2107 17
2108 17
2109 17
2110 17
2111 17
2112 17
2113 18
2114 18
2115 18
2116 17
2117 18
2118 19
2119 18
2120 17
2121 17
2122 17
2123 17
2124 17
2125 18
2126 17
2127 17
2128 17
2129 17
2130 17
2131 17
2132 18
2133 18
2134 19
2135 17
2136 18
2137 17
2138 17
2139 17
2140 18
2141 17
2142 17
2143 18
2144 17
2145 17
2146 18
2147 17
2148 17
2149 17
2150 17
2151 17
2152 17
2153 17
2154 17
2155 17
2156 17
2157 18
2158 18
2159 18
2160 17
2161 17
2162 17
2163 17
2164 17
2165 17
2166 17
2167 17
2168 17
2169 18
2170 18
2171 18
2172 18
2173 18
2174 18
2175 18
2176 17
2177 17
2178 17
2179 17
2180 17
2181 17
2182 17
2183 17
2184 26
2185 18
2186 18
2187 18
2188 18
2189 18
2190 18
2191 17
2192 18
2193 17
2194 17
2195 18
2196 18
2197 17
2198 17
2199 17
2200 17
2201 17
2202 18
2203 18
2204 18
2205 18
2206 17
2207 18
2208 17
2209 18
2210 17
2211 18
2212 18
2213 18
2214 17
2215 17
2216 17
2217 17
2218 17
2219 17
2220 18
2221 17
2222 17
2223 17
2224 17
2225 18
2226 17
2227 17
2228 17
2229 17
2230 17
2231 17
2232 17
2233 17
2234 17
2235 17
2236 27
2237 33
2238 18
2239 18
2240 19
2241 18
2242 18
2243 17
2244 17
2245 17
2246 18
2247 18
2248 18
2249 17
2250 17
2251 19
2252 17
2253 18
2254 18
2255 18
2256 18
2257 18
2258 18
2259 18
2260 18
2261 18
2262 17
2263 18
2264 18
2265 17
2266 17
2267 17
2268 17
2269 17
2270 17
2271 18
2272 18
2273 18
2274 22
2275 18
2276 18
2277 17
2278 17
2279 17
2280 17
2281 17
2282 18
2283 17
2284 17
2285 17
2286 17
2287 17
2288 17
2289 17
2290 16
2291 17
2292 17
2293 17
2294 17
2295 17
2296 17
2297 17
2298 17
2299 17
2300 17
2301 17
2302 17
2303 17
2304 17
2305 17
2306 17
2307 17
2308 17
2309 18
2310 19
2311 17
2312 17
2313 17
2314 17
2315 17
2316 17
2317 17
2318 17
2319 17
2320 17
2321 17
2322 17
2323 17
2324 17
2325 17
2326 17
2327 17
2328 18
2329 17
2330 17
2331 17
2332 19
2333 18
2334 17
2335 17
2336 17
2337 17
2338 19
2339 18
2340 17
2341 18
2342 20
2343 17
2344 17
2345 17
2346 17
2347 17
2348 17
2349 17
2350 17
2351 17
2352 17
2353 18
2354 17
2355 18
2356 18
2357 17
2358 18
2359 18
2360 18
2361 17
2362 17
2363 18
2364 17
2365 17
2366 18
2367 17
2368 17
2369 27
2370 18
2371 17
2372 17
2373 17
2374 17
2375 17
2376 17
2377 17
2378 17
2379 16
2380 17
2381 17
2382 17
2383 18
2384 17
2385 17
2386 18
2387 18
2388 18
2389 17
2390 18
2391 18
2392 18
2393 18
2394 17
2395 18
2396 17
2397 17
2398 17
2399 17
2400 17
2401 17
2402 20
2403 18
2404 17
2405 18
2406 17
2407 17
2408 17
2409 17
2410 17
2411 17
2412 17
2413 17
2414 17
2415 17
2416 18
2417 18
2418 17
2419 17
2420 18
2421 17
2422 17
2423 17
2424 17
2425 17
2426 17
2427 17
2428 18
2429 17
2430 17
2431 18
2432 19
2433 17
2434 17
2435 18
2436 17
2437 18
2438 18
2439 18
2440 18
2441 18
2442 18
2443 18
2444 18
2445 18
2446 17
2447 17
2448 17
2449 18
2450 18
2451 18
2452 17
2453 18
2454 18
2455 17
2456 18
2457 18
2458 17
2459 18
2460 18
2461 17
2462 18
2463 17
2464 18
2465 18
2466 19
2467 17
2468 17
2469 17
2470 18
2471 18
2472 18
2473 17
2474 17
2475 17
2476 18
2477 17
2478 17
2479 17
2480 17
2481 17
2482 17
2483 18
2484 18
2485 17
2486 20
2487 18
2488 27
2489 18
2490 17
2491 17
2492 17
2493 18
2494 18
2495 17
2496 17
2497 17
2498 18
2499 19
2500 19
2501 17
2502 17
2503 17
2504 17
2505 17
2506 17
2507 17
2508 17
2509 17
2510 18
2511 17
2512 17
2513 17
2514 17
2515 17
2516 18
2517 17
2518 17
2519 17
2520 17
2521 19
2522 18
2523 17
2524 17
2525 16
2526 18
2527 18
2528 18
2529 17
2530 20
2531 18
2532 18
2533 18
2534 18
2535 17
2536 17
2537 17
2538 17
2539 17
2540 17
2541 17
2542 16
2543 17
2544 17
2545 17
2546 17
2547 17
2548 27
2549 18
2550 17
2551 17
2552 17
2553 17
2554 17
2555 17
2556 17
2557 17
2558 17
2559 17
2560 17
2561 17
2562 17
2563 18
2564 17
2565 17
2566 19
2567 18
2568 17
2569 17
2570 17
2571 17
2572 17
2573 17
2574 17
2575 16
2576 27
2577 18
2578 18
2579 17
2580 17
2581 17
2582 17
2583 17
2584 17
2585 18
2586 17
2587 17
2588 17
2589 17
2590 18
2591 17
2592 17
2593 17
2594 19
2595 17
2596 18
2597 17
2598 17
2599 19
2600 18
2601 19
2602 17
2603 17
2604 17
2605 17
2606 17
2607 17
2608 17
2609 18
2610 19
2611 18
2612 18
2613 17
2614 18
2615 17
2616 17
2617 17
2618 17
2619 17
2620 17
2621 17
2622 17
2623 17
2624 17
2625 17
2626 17
2627 18
2628 18
2629 18
2630 17
2631 17
2632 17
2633 17
2634 18
2635 17
2636 17
2637 17
2638 17
2639 17
2640 17
2641 17
2642 17
2643 17
2644 18
2645 18
2646 18
2647 17
2648 17
2649 16
2650 17
2651 17
2652 17
2653 17
2654 17
2655 17
2656 18
2657 18
2658 19
2659 17
2660 17
2661 17
2662 17
2663 17
2664 17
2665 17
2666 17
2667 18
2668 18
2669 17
2670 18
2671 17
2672 18
2673 17
2674 18
2675 17
2676 17
2677 27
2678 18
2679 18
2680 18
2681 18
2682 17
2683 17
2684 17
2685 17
2686 17
2687 16
2688 17
2689 17
2690 17
2691 17
2692 17
2693 17
2694 17
2695 18
2696 17
2697 17
2698 17
2699 16
2700 17
2701 25
2702 18
2703 17
2704 18
2705 18
2706 17
2707 17
2708 18
2709 17
2710 17
2711 18
2712 18
2713 18
2714 17
2715 17
2716 27
2717 18
2718 18
2719 17
2720 17
2721 18
2722 19
2723 17
2724 17
2725 18
2726 17
2727 17
2728 17
2729 17
2730 17
2731 17
2732 17
2733 17
2734 17
2735 17
2736 17
2737 18
2738 18
2739 18
2740 18
2741 17
2742 19
2743 18
2744 17
2745 17
2746 17
2747 16
2748 17
2749 17
2750 17
2751 17
2752 17
2753 17
2754 17
2755 17
2756 18
2757 18
2758 18
2759 17
2760 17
2761 26
2762 18
2763 17
2764 17
2765 17
2766 18
2767 18
2768 18
2769 18
2770 18
2771 17
2772 17
2773 17
2774 18
2775 29
2776 18
2777 17
2778 18
2779 18
2780 18
2781 17
2782 18
2783 18
2784 17
2785 17
2786 18
2787 18
2788 18
2789 17
2790 18
2791 18
2792 18
2793 18
2794 17
2795 17
2796 18
2797 17
2798 17
2799 17
2800 18
2801 18
2802 17
2803 17
2804 18
2805 18
2806 21
2807 18
2808 26
2809 19
2810 18
2811 18
2812 18
2813 18
2814 18
2815 17
2816 18
2817 18
2818 17
2819 17
2820 18
2821 17
2822 17
2823 18
2824 19
2825 19
2826 17
2827 17
2828 17
2829 18
2830 18
2831 17
2832 17
2833 17
2834 17
2835 17
2836 17
2837 17
2838 17
2839 17
2840 17
2841 19
2842 18
2843 18
2844 17
2845 17
2846 17
2847 18
2848 18
2849 18
2850 18
2851 17
2852 17
2853 17
2854 17
2855 17
2856 17
2857 18
2858 18
2859 18
2860 17
2861 17
2862 18
2863 17
2864 17
2865 17
2866 17
2867 18
2868 19
2869 19
2870 18
2871 17
2872 17
2873 17
2874 18
2875 18
2876 18
2877 18
2878 18
2879 18
2880 18
2881 18
2882 18
2883 17
2884 18
2885 17
2886 18
2887 18
2888 17
2889 18
2890 18
2891 17
2892 17
2893 17
2894 18
2895 17
2896 17
2897 17
2898 18
2899 18
2900 18
2901 18
2902 18
2903 18
2904 19
2905 18
2906 18
2907 17
2908 17
2909 17
2910 17
2911 17
2912 17
2913 18
2914 19
2915 19
2916 17
2917 17
2918 18
2919 17
2920 18
2921 18
2922 17
2923 17
2924 18
2925 18
2926 17
2927 17
2928 18
2929 17
2930 19
2931 17
2932 18
2933 18
2934 18
2935 19
2936 18
2937 18
2938 17
2939 18
2940 18
2941 18
2942 17
2943 22
2944 18
2945 17
2946 18
2947 19
2948 19
2949 18
2950 18
2951 17
2952 17
2953 17
2954 18
2955 17
2956 17
2957 17
2958 17
2959 18
2960 18
2961 17
2962 17
2963 17
2964 17
2965 17
2966 17
2967 17
2968 17
2969 17
2970 17
2971 17
2972 17
2973 18
2974 18
2975 17
2976 17
2977 17
2978 17
2979 17
2980 17
2981 17
2982 17
2983 18
2984 18
2985 17
2986 18
2987 18
2988 18
2989 18
2990 18
2991 18
2992 17
2993 17
2994 17
2995 17
2996 19
2997 18
2998 18
2999 18
3000 17
3001 17
3002 18
3003 17
3004 17
3005 17
3006 17
3007 17
3008 26
3009 19
3010 17
3011 17
3012 17
3013 18
3014 18
3015 19
3016 17
3017 18
3018 18
3019 18
3020 18
3021 18
3022 18
3023 18
3024 18
3025 18
3026 18
3027 17
3028 18
3029 18
3030 18
3031 18
3032 18
3033 17
3034 18
3035 27
3036 18
3037 18
3038 18
3039 18
3040 18
3041 18
3042 18
3043 18
3044 17
3045 17
3046 18
3047 18
3048 17
3049 17
3050 18
3051 17
3052 18
3053 20
3054 18
3055 17
3056 18
3057 18
3058 17
3059 18
3060 18
3061 17
3062 17
3063 17
3064 18
3065 18
3066 17
3067 17
3068 18
3069 18
3070 17
3071 17
3072 17
3073 17
3074 18
3075 17
3076 17
3077 17
3078 18
3079 18
3080 17
3081 18
3082 18
3083 19
3084 18
3085 17
3086 18
3087 17
3088 17
3089 17
3090 18
3091 17
3092 17
3093 17
3094 17
3095 17
3096 17
3097 17
3098 17
3099 17
3100 17
3101 17
3102 17
3103 17
3104 17
3105 17
3106 17
3107 20
3108 18
3109 26
3110 18
3111 17
3112 17
3113 18
3114 18
3115 18
3116 17
3117 19
3118 17
3119 17
3120 17
3121 26
3122 18
3123 18
3124 18
3125 18
3126 19
3127 18
3128 17
3129 18
3130 17
3131 17
3132 18
3133 18
3134 17
3135 17
3136 17
3137 17
3138 18
3139 18
3140 27
3141 19
3142 18
3143 19
3144 17
3145 17
3146 18
3147 18
3148 18
3149 18
3150 17
3151 17
3152 17
3153 17
3154 17
3155 17
3156 17
3157 18
3158 19
3159 18
3160 17
3161 18
3162 17
3163 17
3164 17
3165 17
3166 17
3167 17
3168 17
3169 18
3170 18
3171 18
3172 18
3173 17
3174 19
3175 17
3176 18
3177 17
3178 17
3179 17
3180 17
3181 19
3182 18
3183 18
3184 17
3185 17
3186 17
3187 18
3188 17
3189 17
3190 18
3191 18
3192 18
3193 18
3194 17
3195 17
3196 17
3197 17
3198 18
3199 18
3200 18
3201 17
3202 17
3203 17
3204 17
3205 17
3206 18
3207 27
3208 18
3209 17
3210 17
3211 17
3212 17
3213 17
3214 17
3215 17
3216 17
3217 17
3218 24
3219 18
3220 17
3221 17
3222 17
3223 17
3224 18
3225 18
3226 17
3227 17
3228 17
3229 17
3230 17
3231 17
3232 18
3233 17
3234 18
3235 17
3236 19
3237 18
3238 17
3239 17
3240 17
3241 18
3242 18
3243 18
3244 17
3245 19
3246 17
3247 17
3248 17
3249 17
3250 17
3251 17
3252 17
3253 17
3254 17
3255 17
3256 17
3257 17
3258 18
3259 17
3260 18
3261 17
3262 17
3263 18
3264 18
3265 18
3266 17
3267 17
3268 17
3269 17
3270 17
3271 17
3272 17
3273 17
3274 18
3275 17
3276 18
3277 17
3278 17
3279 18
3280 17
3281 17
3282 17
3283 17
3284 18
3285 17
3286 17
3287 26
3288 18
3289 18
3290 17
3291 17
3292 18
3293 19
3294 17
3295 17
3296 17
3297 18
3298 17
3299 28
3300 18
3301 18
3302 17
3303 17
3304 17
3305 17
3306 18
3307 17
3308 17
3309 19
3310 17
3311 17
3312 17
3313 17
3314 17
3315 17
3316 17
3317 17
3318 17
3319 18
3320 18
3321 18
3322 17
3323 17
3324 27
3325 18
3326 17
3327 18
3328 18
3329 17
3330 17
3331 17
3332 17
3333 17
3334 17
3335 24
3336 18
3337 18
3338 17
3339 17
3340 17
3341 17
3342 17
3343 17
3344 17
3345 17
3346 24
3347 19
3348 17
3349 17
3350 17
3351 17
3352 19
3353 17
3354 18
3355 17
3356 17
3357 17
3358 17
3359 18
3360 18
3361 17
3362 17
3363 17
3364 19
3365 18
3366 17
3367 17
3368 17
3369 17
3370 17
3371 17
3372 17
3373 20
3374 17
3375 18
3376 18
3377 17
3378 17
3379 17
3380 19
3381 17
3382 17
3383 17
3384 17
3385 27
3386 17
3387 17
3388 18
3389 17
3390 17
3391 17
3392 17
3393 17
3394 17
3395 17
3396 17
3397 17
3398 17
3399 17
3400 17
3401 17
3402 18
3403 17
3404 17
3405 17
3406 17
3407 17
3408 18
3409 18
3410 18
3411 18
3412 17
3413 17
3414 17
3415 17
3416 17
3417 17
3418 17
3419 18
3420 17
3421 19
3422 18
3423 18
3424 18
3425 17
3426 18
3427 18
3428 18
3429 18
3430 18
3431 19
3432 18
3433 17
3434 17
3435 17
3436 18
3437 19
3438 18
3439 17
3440 18
3441 18
3442 17
3443 17
3444 18
3445 18
3446 17
3447 17
3448 18
3449 18
3450 18
3451 18
3452 17
3453 17
3454 17
3455 17
3456 18
3457 18
3458 18
3459 27
3460 18
3461 18
3462 17
3463 17
3464 17
3465 17
3466 17
3467 17
3468 17
3469 17
3470 18
3471 18
3472 17
3473 17
3474 17
3475 17
3476 18
3477 24
3478 17
3479 18
3480 18
3481 17
3482 17
3483 17
3484 17
3485 17
3486 18
3487 17
3488 18
3489 18
3490 17
3491 17
3492 17
3493 17
3494 18
3495 17
3496 17
3497 17
3498 17
3499 17
3500 17
3501 19
3502 17
3503 17
3504 17
3505 17
3506 17
3507 17
3508 26
3509 18
3510 18
3511 17
3512 17
3513 18
3514 17
3515 17
3516 17
3517 18
3518 17
3519 18
3520 19
3521 18
3522 18
3523 18
3524 18
3525 18
3526 17
3527 17
3528 17
3529 17
3530 17
3531 18
3532 18
3533 18
3534 17
3535 18
3536 18
3537 17
3538 17
3539 18
3540 18
3541 17
3542 19
3543 18
3544 18
3545 17
3546 17
3547 17
3548 17
3549 17
3550 17
3551 17
3552 18
3553 18
3554 19
3555 18
3556 17
3557 17
3558 17
3559 17
3560 17
3561 17
3562 17
3563 17
3564 27
3565 20
3566 18
3567 18
3568 18
3569 17
3570 17
3571 17
3572 17
3573 18
3574 17
3575 18
3576 19
3577 18
3578 17
3579 17
3580 17
3581 17
3582 17
3583 17
3584 17
3585 17
3586 26
3587 18
3588 17
3589 17
3590 17
3591 17
3592 17
3593 17
3594 18
3595 17
3596 17
3597 17
3598 17
3599 17
3600 18
3601 18
3602 18
3603 19
3604 19
3605 18
3606 17
3607 18
3608 17
3609 18
3610 18
3611 18
3612 18
3613 17
3614 17
3615 17
3616 17
3617 17
3618 17
3619 17
3620 17
3621 21
3622 18
3623 17
3624 17
3625 17
3626 17
3627 17
3628 17
3629 19
3630 17
3631 17
3632 17
3633 17
3634 17
3635 17
3636 17
3637 18
3638 18
3639 18
3640 17
3641 17
3642 17
3643 17
3644 17
3645 17
3646 17
3647 17
3648 18
3649 18
3650 18
3651 17
3652 17
3653 17
3654 18
3655 18
3656 23
3657 17
3658 18
3659 18
3660 18
3661 18
3662 18
3663 17
3664 17
3665 18
3666 17
3667 17
3668 17
3669 17
3670 18
3671 18
3672 18
3673 18
3674 17
3675 17
3676 17
3677 17
3678 17
3679 17
3680 17
3681 17
3682 17
3683 17
3684 17
3685 17
3686 17
3687 18
3688 19
3689 18
3690 17
3691 17
3692 18
3693 22
3694 17
3695 18
3696 18
3697 17
3698 18
3699 18
3700 17
3701 17
3702 17
3703 17
3704 18
3705 18
3706 17
3707 18
3708 17
3709 18
3710 19
3711 18
3712 18
3713 18
3714 17
3715 19
3716 18
3717 18
3718 17
3719 17
3720 18
3721 17
3722 17
3723 17
3724 17
3725 17
3726 18
3727 18
3728 18
3729 17
3730 17
3731 18
3732 17
3733 18
3734 18
3735 17
3736 17
3737 18
3738 18
3739 17
3740 17
3741 17
3742 18
3743 17
3744 17
3745 18
3746 18
3747 17
3748 17
3749 18
3750 18
3751 19
3752 18
3753 17
3754 17
3755 17
3756 17
3757 19
3758 17
3759 17
3760 17
3761 17
3762 17
3763 17
3764 17
3765 17
3766 19
3767 18
3768 17
3769 18
3770 18
3771 17
3772 17
3773 18
3774 17
3775 17
3776 17
3777 17
3778 17
3779 17
3780 17
3781 17
3782 18
3783 19
3784 17
3785 17
3786 18
3787 18
3788 19
3789 17
3790 18
3791 17
3792 17
3793 18
3794 18
3795 18
3796 17
3797 17
3798 17
3799 19
3800 19
3801 18
3802 17
3803 17
3804 18
3805 18
3806 18
3807 18
3808 17
3809 18
3810 17
3811 18
3812 18
3813 17
3814 18
3815 17
3816 18
3817 17
3818 17
3819 17
3820 17
3821 19
3822 17
3823 17
3824 18
3825 18
3826 18
3827 18
3828 18
3829 18
3830 18
3831 18
3832 18
3833 17
3834 18
3835 33
3836 18
3837 29
3838 18
3839 17
3840 17
3841 17
3842 17
3843 17
3844 17
3845 17
3846 17
3847 17
3848 18
3849 17
3850 18
3851 17
3852 17
3853 17
3854 18
3855 25
3856 18
3857 18
3858 17
3859 17
3860 17
3861 17
3862 17
3863 17
3864 17
3865 18
3866 19
3867 17
3868 17
3869 18
3870 17
3871 17
3872 17
3873 17
3874 17
3875 17
3876 18
3877 17
3878 18
3879 17
3880 17
3881 26
3882 18
3883 18
3884 18
3885 19
3886 17
3887 17
3888 17
3889 17
3890 17
3891 18
3892 17
3893 17
3894 17
3895 17
3896 17
3897 17
3898 18
3899 18
3900 18
3901 17
3902 17
3903 17
3904 17
3905 18
3906 18
3907 17
3908 17
3909 18
3910 18
3911 18
3912 17
3913 17
3914 17
3915 17
3916 17
3917 17
3918 17
3919 17
3920 17
3921 17
3922 17
3923 17
3924 17
3925 17
3926 18
3927 20
3928 18
3929 17
3930 17
3931 17
3932 18
3933 18
3934 18
3935 17
3936 17
3937 17
3938 17
3939 17
3940 18
3941 18
3942 18
3943 18
3944 18
3945 18
3946 17
3947 17
3948 17
3949 21
3950 18
3951 18
3952 17
3953 17
3954 17
3955 17
3956 17
3957 18
3958 17
3959 17
3960 17
3961 17
3962 17
3963 17
3964 17
3965 17
3966 18
3967 17
3968 18
3969 17
3970 17
3971 17
3972 17
3973 17
3974 17
3975 17
3976 17
3977 17
3978 17
3979 17
3980 17
3981 17
3982 17
3983 18
3984 17
3985 18
3986 18
3987 17
3988 17
3989 17
3990 17
3991 17
3992 17
3993 17
3994 17
3995 17
3996 18
3997 17
3998 17
3999 17
4000 18
4001 18
4002 18
4003 16
4004 18
4005 27
4006 18
4007 18
4008 18
4009 17
4010 17
4011 17
4012 17
4013 33
4014 17
4015 17
4016 17
4017 17
4018 17
4019 17
4020 17
4021 18
4022 19
4023 18
4024 18
4025 17
4026 18
4027 17
4028 18
4029 18
4030 17
4031 17
4032 18
4033 19
4034 18
4035 18
4036 18
4037 17
4038 19
4039 17
4040 18
4041 18
4042 18
4043 17
4044 18
4045 18
4046 17
4047 17
4048 18
4049 18
4050 19
4051 17
4052 18
4053 18
4054 27
4055 18
4056 18
4057 17
4058 18
4059 17
4060 18
4061 17
4062 18
4063 18
4064 17
4065 19
4066 19
4067 18
4068 17
4069 17
4070 18
4071 18
4072 18
4073 17
4074 17
4075 18
4076 17
4077 20
4078 17
4079 18
4080 18
4081 17
4082 18
4083 17
4084 18
4085 18
4086 17
4087 18
4088 17
4089 18
4090 18
4091 17
4092 18
4093 17
4094 17
4095 18
4096 18
4097 17
4098 18
4099 17
4100 18
4101 17
4102 17
4103 18
4104 17
4105 18
4106 17
4107 17
4108 18
4109 18
4110 17
4111 17
4112 18
4113 18
4114 17
4115 17
4116 27
4117 19
4118 17
4119 18
4120 17
4121 19
4122 18
4123 18
4124 18
4125 17
4126 18
4127 18
4128 17
4129 18
4130 17
4131 18
4132 18
4133 18
4134 17
4135 18
4136 17
4137 18
4138 17
4139 17
4140 18
4141 20
4142 18
4143 18
4144 18
4145 17
4146 18
4147 18
4148 18
4149 26
4150 19
4151 17
4152 17
4153 18
4154 18
4155 19
4156 18
4157 17
4158 18
4159 17
4160 17
4161 17
4162 17
4163 17
4164 17
4165 19
4166 18
4167 18
4168 17
4169 17
4170 17
4171 17
4172 17
4173 17
4174 17
4175 17
4176 17
4177 17
4178 17
4179 17
4180 17
4181 17
4182 17
4183 17
4184 17
4185 18
4186 18
4187 17
4188 18
4189 244
4190 24
4191 18
4192 18
4193 18
4194 19
4195 17
4196 17
4197 17
4198 18
4199 17
4200 18
4201 18
4202 18
4203 18
4204 18
4205 19
4206 18
4207 17
4208 17
4209 17
4210 17
4211 17
4212 17
4213 18
4214 18
4215 30
4216 18
4217 17
4218 17
4219 17
4220 17
4221 17
4222 17
4223 17
4224 17
4225 18
4226 24
4227 18
4228 17
4229 17
4230 17
4231 16
4232 17
4233 17
4234 17
4235 17
4236 17
4237 18
4238 17
4239 17
4240 17
4241 17
4242 17
4243 17
4244 17
4245 17
4246 17
4247 17
4248 17
4249 17
4250 17
4251 18
4252 19
4253 18
4254 17
4255 18
4256 18
4257 17
4258 17
4259 17
4260 17
4261 17
4262 17
4263 17
4264 17
4265 17
4266 17
4267 17
4268 17
4269 17
4270 17
4271 17
4272 17
4273 17
4274 17
4275 17
4276 17
4277 17
4278 25
4279 18
4280 17
4281 17
4282 18
4283 17
4284 18
4285 18
4286 18
4287 17
4288 17
4289 19
4290 17
4291 17
4292 17
4293 17
4294 17
4295 17
4296 17
4297 17
4298 17
4299 18
4300 19
4301 17
4302 18
4303 18
4304 18
4305 17
4306 17
4307 17
4308 17
4309 17
4310 17
4311 19
4312 18
4313 18
4314 18
4315 17
4316 17
4317 17
4318 17
4319 17
4320 17
4321 17
4322 18
4323 18
4324 17
4325 17
4326 17
4327 17
4328 17
4329 17
4330 17
4331 17
4332 17
4333 18
4334 18
4335 18
4336 18
4337 17
4338 17
4339 17
4340 17
4341 17
4342 17
4343 16
4344 17
4345 18
4346 18
4347 18
4348 18
4349 17
4350 19
4351 17
4352 18
4353 18
4354 18
4355 17
4356 17
4357 17
4358 32
4359 18
4360 27
4361 18
4362 18
4363 18
4364 17
4365 17
4366 17
4367 17
4368 17
4369 17
4370 17
4371 17
4372 17
4373 18
4374 18
4375 17
4376 18
4377 18
4378 18
4379 18
4380 18
4381 18
4382 17
4383 18
4384 18
4385 18
4386 19
4387 18
4388 17
4389 18
4390 18
4391 17
4392 18
4393 18
4394 18
4395 17
4396 17
4397 17
4398 17
4399 17
4400 17
4401 17
4402 17
4403 17
4404 17
4405 18
4406 18
4407 18
4408 18
4409 18
4410 17
4411 19
4412 18
4413 18
4414 17
4415 17
4416 17
4417 18
4418 18
4419 18
4420 18
4421 18
4422 17
4423 17
4424 17
4425 17
4426 17
4427 27
4428 18
4429 17
4430 17
4431 17
4432 17
4433 17
4434 20
4435 18
4436 18
4437 18
4438 17
4439 19
4440 18
4441 18
4442 17
4443 17
4444 19
4445 17
4446 18
4447 18
4448 17
4449 18
4450 19
4451 18
4452 17
4453 17
4454 18
4455 17
4456 18
4457 18
4458 17
4459 18
4460 17
4461 18
4462 18
4463 17
4464 18
4465 18
4466 17
4467 18
4468 17
4469 17
4470 18
4471 17
4472 17
4473 17
4474 17
4475 18
4476 17
4477 17
4478 17
4479 17
4480 18
4481 17
4482 17
4483 18
4484 18
4485 18
4486 18
4487 18
4488 18
4489 17
4490 17
4491 17
4492 18
4493 18
4494 18
4495 17
4496 18
4497 17
4498 17
4499 18
4500 19
4501 17
4502 18
4503 18
4504 17
4505 18
4506 17
4507 18
4508 18
4509 18
4510 18
4511 17
4512 17
4513 17
4514 18
4515 17
4516 18
4517 19
4518 18
4519 17
4520 17
4521 17
4522 18
4523 18
4524 18
4525 17
4526 17
4527 17
4528 17
4529 17
4530 17
4531 17
4532 17
4533 17
4534 17
4535 17
4536 18
4537 17
4538 17
4539 17
4540 20
4541 18
4542 18
4543 18
4544 19
4545 18
4546 17
4547 18
4548 18
4549 17
4550 17
4551 18
4552 18
4553 17
4554 18
4555 18
4556 17
4557 17
4558 18
4559 17
4560 18
4561 18
4562 17
4563 18
4564 19
4565 17
4566 18
4567 19
4568 18
4569 17
4570 17
4571 17
4572 17
4573 17
4574 18
4575 18
4576 17
4577 17
4578 17
4579 17
4580 17
4581 17
4582 17
4583 18
4584 18
4585 18
4586 17
4587 17
4588 17
4589 18
4590 17
4591 17
4592 18
4593 17
4594 18
4595 18
4596 18
4597 18
4598 17
4599 17
4600 17
4601 17
4602 17
4603 17
4604 17
4605 17
4606 19
4607 18
4608 18
4609 18
4610 17
4611 18
4612 17
4613 17
4614 18
4615 18
4616 18
4617 18
4618 18
4619 18
4620 17
4621 18
4622 18
4623 17
4624 18
4625 17
4626 17
4627 17
4628 17
4629 17
4630 18
4631 18
4632 17
4633 17
4634 17
4635 17
4636 18
4637 18
4638 17
4639 18
4640 17
4641 18
4642 27
4643 19
4644 18
4645 17
4646 18
4647 17
4648 17
4649 17
4650 17
4651 17
4652 18
4653 17
4654 18
4655 17
4656 18
4657 18
4658 18
4659 18
4660 18
4661 18
4662 18
4663 17
4664 18
4665 18
4666 18
4667 17
4668 17
4669 17
4670 17
4671 17
4672 17
4673 18
4674 18
4675 18
4676 17
4677 17
4678 17
4679 17
4680 17
4681 17
4682 18
4683 17
4684 17
4685 17
4686 17
4687 17
4688 17
4689 17
4690 19
4691 18
4692 18
4693 17
4694 18
4695 27
4696 18
4697 17
4698 17
4699 17
4700 17
4701 19
4702 18
4703 18
4704 17
4705 17
4706 18
4707 18
4708 17
4709 18
4710 17
4711 17
4712 17
4713 17
4714 22
4715 17
4716 17
4717 17
4718 17
4719 18
4720 18
4721 18
4722 17
4723 18
4724 19
4725 18
4726 18
4727 18
4728 18
4729 18
4730 17
4731 17
4732 18
4733 18
4734 18
4735 18
4736 17
4737 18
4738 17
4739 17
4740 18
4741 18
4742 18
4743 17
4744 17
4745 26
4746 19
4747 18
4748 18
4749 17
4750 18
4751 17
4752 17
4753 17
4754 17
4755 17
4756 18
4757 18
4758 18
4759 17
4760 17
4761 17
4762 18
4763 17
4764 17
4765 18
4766 18
4767 26
4768 18
4769 17
4770 18
4771 18
4772 18
4773 18
4774 18
4775 18
4776 17
4777 18
4778 18
4779 18
4780 17
4781 17
4782 17
4783 17
4784 18
4785 19
4786 18
4787 18
4788 17
4789 18
4790 18
4791 17
4792 18
4793 17
4794 17
4795 17
4796 17
4797 17
4798 17
4799 17
4800 17
4801 18
4802 18
4803 18
4804 17
4805 17
4806 18
4807 18
4808 17
4809 17
4810 17
4811 18
4812 17
4813 18
4814 18
4815 17
4816 17
4817 17
4818 17
4819 18
4820 17
4821 17
4822 17
4823 17
4824 17
4825 17
4826 17
4827 17
4828 17
4829 18
4830 18
4831 19
4832 18
4833 17
4834 17
4835 17
4836 17
4837 17
4838 17
4839 17
4840 17
4841 17
4842 17
4843 17
4844 17
4845 17
4846 17
4847 19
4848 18
4849 18
4850 18
4851 18
4852 18
4853 18
4854 17
4855 17
4856 17
4857 18
4858 19
4859 18
4860 17
4861 17
4862 18
4863 18
4864 18
4865 18
4866 18
4867 18
4868 18
4869 19
4870 18
4871 17
4872 18
4873 18
4874 18
4875 17
4876 17
4877 18
4878 17
4879 17
4880 18
4881 17
4882 18
4883 17
4884 18
4885 19
4886 17
4887 18
4888 17
4889 18
4890 18
4891 17
4892 17
4893 34
4894 18
4895 17
4896 17
4897 17
4898 17
4899 17
4900 18
4901 18
4902 18
4903 18
4904 18
4905 18
4906 18
4907 18
4908 18
4909 17
4910 17
4911 18
4912 18
4913 17
4914 18
4915 17
4916 17
4917 18
4918 19
4919 17
4920 18
4921 18
4922 18
4923 19
4924 19
4925 18
4926 18
4927 18
4928 17
4929 17
4930 18
4931 17
4932 17
4933 17
4934 18
4935 19
4936 18
4937 18
4938 18
4939 17
4940 17
4941 17
4942 18
4943 18
4944 17
4945 17
4946 17
4947 17
4948 18
4949 17
4950 17
4951 18
4952 19
4953 18
4954 18
4955 18
4956 18
4957 17
4958 17
4959 17
4960 17
4961 17
4962 18
4963 18
4964 17
4965 17
4966 17
4967 17
4968 17
4969 18
4970 18
4971 28
4972 18
4973 18
4974 19
4975 18
4976 17
4977 18
4978 18
4979 17
4980 18
4981 18
4982 17
4983 17
4984 17
4985 17
4986 17
4987 17
4988 18
4989 17
4990 18
4991 17
4992 17
4993 18
4994 18
4995 18
4996 17
4997 17
4998 18
4999 18
5000 18
5001 18
5002 18
5003 17
5004 17
5005 17
5006 17
5007 17
5008 18
5009 18
5010 18
5011 18
5012 18
5013 27
5014 18
5015 17
5016 17
5017 17
5018 17
5019 17
5020 17
5021 17
5022 18
5023 18
5024 18
5025 18
5026 18
5027 18
5028 17
5029 18
5030 18
5031 18
5032 17
5033 17
5034 17
5035 17
5036 18
5037 17
5038 17
5039 17
5040 18
5041 19
5042 17
5043 17
5044 17
5045 18
5046 17
5047 17
5048 17
5049 17
5050 18
5051 17
5052 18
5053 17
5054 17
5055 17
5056 17
5057 18
5058 18
5059 18
5060 17
5061 18
5062 18
5063 17
5064 18
5065 17
5066 18
5067 18
5068 18
5069 19
5070 18
5071 23
5072 18
5073 18
5074 18
5075 17
5076 18
5077 18
5078 18
5079 27
5080 18
5081 17
5082 18
5083 18
5084 17
5085 17
5086 17
5087 17
5088 17
5089 17
5090 18
5091 17
5092 18
5093 18
5094 18
5095 17
5096 18
5097 18
5098 18
5099 17
5100 17
5101 17
5102 17
5103 17
5104 17
5105 17
5106 17
5107 18
5108 19
5109 18
5110 18
5111 17
5112 17
5113 17
5114 17
5115 17
5116 17
5117 17
5118 18
5119 17
5120 17
5121 17
5122 18
5123 18
5124 18
5125 18
5126 18
5127 18
5128 18
5129 17
5130 17
5131 17
5132 17
5133 18
5134 17
5135 17
5136 17
5137 17
5138 17
5139 17
5140 17
5141 18
5142 19
5143 17
5144 17
5145 17
5146 17
5147 19
5148 18
5149 18
5150 18
5151 17
5152 17
5153 17
5154 17
5155 17
5156 18
5157 18
5158 18
5159 18
5160 18
5161 17
5162 17
5163 17
5164 18
5165 17
5166 17
5167 17
5168 17
5169 17
5170 19
5171 18
5172 17
5173 17
5174 17
5175 17
5176 18
5177 20
5178 17
5179 17
5180 27
5181 18
5182 19
5183 17
5184 18
5185 17
5186 17
5187 17
5188 17
5189 18
5190 18
5191 18
5192 17
5193 17
5194 17
5195 17
5196 17
5197 17
5198 17
5199 17
5200 17
5201 17
5202 17
5203 17
5204 17
5205 17
5206 17
5207 17
5208 17
5209 17
5210 18
5211 18
5212 18
5213 17
5214 18
5215 18
5216 17
5217 17
5218 17
5219 17
5220 18
5221 18
5222 18
5223 17
5224 17
5225 17
5226 18
5227 18
5228 18
5229 17
5230 18
5231 18
5232 17
5233 17
5234 18
5235 17
5236 17
5237 18
5238 18
5239 18
5240 17
5241 19
5242 18
5243 18
5244 17
5245 17
5246 17
5247 17
5248 18
5249 17
5250 22
5251 17
5252 17
5253 17
5254 18
5255 18
5256 18
5257 17
5258 17
5259 17
5260 27
5261 18
5262 18
5263 18
5264 18
5265 17
5266 17
5267 17
5268 17
5269 17
5270 17
5271 17
5272 18
5273 17
5274 18
5275 18
5276 18
5277 17
5278 18
5279 17
5280 17
5281 17
5282 17
5283 17
5284 17
5285 17
5286 18
5287 18
5288 17
5289 18
5290 17
5291 17
5292 19
5293 19
5294 18
5295 18
5296 18
5297 17
5298 17
5299 17
5300 17
5301 17
5302 18
5303 27
5304 19
5305 19
5306 18
5307 17
5308 17
5309 18
5310 18
5311 18
5312 18
5313 18
5314 18
5315 18
5316 18
5317 17
5318 17
5319 17
5320 18
5321 18
5322 19
5323 17
5324 17
5325 17
5326 17
5327 17
5328 18
5329 18
5330 18
5331 18
5332 18
5333 17
5334 17
5335 17
5336 17
5337 19
5338 18
5339 18
5340 18
5341 17
5342 18
5343 19
5344 18
5345 17
5346 17
5347 18
5348 18
5349 17
5350 18
5351 17
5352 17
5353 18
5354 18
5355 17
5356 17
5357 18
5358 17
5359 17
5360 17
5361 18
5362 18
5363 17
5364 17
5365 17
5366 18
5367 17
5368 17
5369 20
5370 18
5371 26
5372 19
5373 17
5374 18
5375 18
5376 17
5377 18
5378 17
5379 17
5380 18
5381 18
5382 17
5383 17
5384 17
5385 17
5386 17
5387 18
5388 18
5389 17
5390 17
5391 17
5392 17
5393 17
5394 17
5395 17
5396 17
5397 17
5398 17
5399 18
5400 18
5401 18
5402 17
5403 17
5404 18
5405 17
5406 18
5407 17
5408 17
5409 17
5410 17
5411 17
5412 17
5413 17
5414 17
5415 17
5416 17
5417 17
5418 17
5419 17
5420 17
5421 18
5422 18
5423 18
5424 17
5425 17
5426 17
5427 17
5428 18
5429 19
5430 18
5431 18
5432 17
5433 19
5434 18
5435 18
5436 18
5437 19
5438 17
5439 18
5440 17
5441 17
5442 17
5443 17
5444 17
5445 17
5446 17
5447 17
5448 17
5449 17
5450 17
5451 17
5452 17
5453 18
5454 19
5455 18
5456 18
5457 17
5458 17
5459 18
5460 18
5461 18
5462 17
5463 17
5464 17
5465 17
5466 17
5467 18
5468 17
5469 17
5470 27
5471 19
5472 18
5473 17
5474 17
5475 17
5476 17
5477 18
5478 17
5479 17
5480 18
5481 17
5482 17
5483 17
5484 18
5485 17
5486 17
5487 18
5488 19
5489 18
5490 17
5491 17
5492 17
5493 17
5494 17
5495 17
5496 17
5497 19
5498 17
5499 17
5500 17
5501 17
5502 17
5503 18
5504 19
5505 17
5506 17
5507 17
5508 17
5509 17
5510 18
5511 18
5512 18
5513 17
5514 17
5515 17
5516 17
5517 17
5518 17
5519 17
5520 27
5521 18
5522 18
5523 17
5524 18
5525 17
5526 18
5527 18
5528 17
5529 17
5530 18
5531 18
5532 18
5533 18
5534 17
5535 17
5536 18
5537 18
5538 18
5539 18
5540 17
5541 17
5542 17
5543 19
5544 17
5545 18
5546 17
5547 17
5548 17
5549 17
5550 17
5551 17
5552 17
5553 17
5554 17
5555 17
5556 17
5557 16
5558 17
5559 18
5560 18
5561 19
5562 17
5563 17
5564 17
5565 17
5566 17
5567 17
5568 17
5569 17
5570 17
5571 17
5572 18
5573 17
5574 19
5575 17
5576 17
5577 17
5578 17
5579 17
5580 17
5581 17
5582 17
5583 19
5584 19
5585 18
5586 17
5587 17
5588 17
5589 17
5590 17
5591 17
5592 17
5593 18
5594 18
5595 18
5596 17
5597 17
5598 17
5599 17
5600 17
5601 17
5602 17
5603 17
5604 27
5605 18
5606 17
5607 25
5608 18
5609 18
5610 17
5611 18
5612 18
5613 17
5614 18
5615 17
5616 17
5617 17
5618 17
5619 17
5620 17
5621 17
5622 17
5623 17
5624 17
5625 18
5626 17
5627 17
5628 17
5629 17
5630 17
5631 18
5632 19
5633 17
5634 27
5635 18
5636 18
5637 17
5638 18
5639 18
5640 18
5641 18
5642 18
5643 17
5644 18
5645 19
5646 18
5647 17
5648 17
5649 17
5650 17
5651 17
5652 17
5653 17
5654 17
5655 19
5656 18
5657 18
5658 18
5659 17
5660 17
5661 17
5662 17
5663 17
5664 17
5665 17
5666 17
5667 19
5668 18
5669 18
5670 17
5671 18
5672 18
5673 17
5674 18
5675 17
5676 17
5677 17
5678 18
5679 17
5680 18
5681 17
5682 17
5683 18
5684 18
5685 18
5686 18
5687 17
5688 18
5689 18
5690 18
5691 17
5692 18
5693 18
5694 18
5695 18
5696 18
5697 18
5698 17
5699 28
5700 18
5701 18
5702 17
5703 17
5704 18
5705 17
5706 18
5707 17
5708 17
5709 17
5710 17
5711 18
5712 17
5713 18
5714 18
5715 17
5716 19
5717 19
5718 18
5719 17
5720 18
5721 18
5722 17
5723 17
5724 17
5725 17
5726 17
5727 17
5728 17
5729 17
5730 17
5731 18
5732 17
5733 17
5734 17
5735 18
5736 18
5737 17
5738 17
5739 18
5740 17
5741 17
5742 17
5743 17
5744 18
5745 17
5746 19
5747 20
5748 18
5749 18
5750 18
5751 17
5752 18
5753 18
5754 17
5755 17
5756 18
5757 17
5758 18
5759 18
5760 17
5761 17
5762 18
5763 17
5764 17
5765 17
5766 18
5767 18
5768 20
5769 18
5770 18
5771 17
5772 17
5773 17
5774 27
5775 17
5776 17
5777 17
5778 17
5779 17
5780 17
5781 17
5782 27
5783 18
5784 17
5785 17
5786 17
5787 17
5788 17
5789 17
5790 17
5791 17
5792 17
5793 17
5794 17
5795 17
5796 17
5797 17
5798 17
5799 18
5800 18
5801 17
5802 18
5803 18
5804 18
5805 18
5806 18
5807 18
5808 18
5809 17
5810 19
5811 19
5812 18
5813 18
5814 18
5815 18
5816 19
5817 17
5818 18
5819 18
5820 18
5821 19
5822 19
5823 17
5824 18
5825 17
5826 17
5827 17
5828 17
5829 18
5830 17
5831 17
5832 17
5833 17
5834 18
5835 17
5836 18
5837 17
5838 18
5839 18
5840 18
5841 17
5842 17
5843 17
5844 17
5845 17
5846 17
5847 17
5848 17
5849 17
5850 17
5851 18
5852 18
5853 17
5854 17
5855 18
5856 18
5857 18
5858 18
5859 17
5860 17
5861 18
5862 18
5863 17
5864 18
5865 17
5866 17
5867 17
5868 17
5869 17
5870 17
5871 18
5872 18
5873 18
5874 18
5875 18
5876 18
5877 17
5878 18
5879 17
5880 17
5881 17
5882 17
5883 17
5884 26
5885 18
5886 17
5887 18
5888 17
5889 17
5890 17
5891 17
5892 17
5893 17
5894 17
5895 17
5896 18
5897 18
5898 18
5899 17
5900 17
5901 18
5902 17
5903 17
5904 17
5905 17
5906 17
5907 17
5908 18
5909 18
5910 18
5911 18
5912 17
5913 17
5914 17
5915 17
5916 17
5917 18
5918 18
5919 18
5920 19
5921 17
5922 17
5923 17
5924 18
5925 18
5926 18
5927 18
5928 17
5929 17
5930 17
5931 17
5932 18
5933 18
5934 18
5935 17
5936 18
5937 18
5938 17
5939 17
5940 17
5941 17
5942 17
5943 17
5944 17
5945 17
5946 18
5947 18
5948 18
5949 18
5950 17
5951 17
5952 20
5953 33
5954 17
5955 17
5956 17
5957 17
5958 17
5959 17
5960 17
5961 27
5962 18
5963 17
5964 17
5965 17
5966 17
5967 18
5968 18
5969 17
5970 17
5971 17
5972 18
5973 18
5974 18
5975 17
5976 17
5977 26
5978 18
5979 17
5980 17
5981 17
5982 17
5983 17
5984 17
5985 17
5986 18
5987 17
5988 18
5989 18
5990 18
5991 17
5992 17
5993 17
5994 17
5995 17
5996 17
5997 17
5998 17
5999 18
6000 19
6001 17
6002 18
6003 17
6004 17
6005 17
6006 17
6007 17
6008 17
6009 17
6010 17
6011 19
6012 17
6013 18
6014 18
6015 17
6016 29
6017 18
6018 18
6019 18
6020 17
6021 17
6022 17
6023 17
6024 17
6025 17
6026 17
6027 17
6028 17
6029 17
6030 17
6031 17
6032 17
6033 17
6034 17
6035 17
6036 17
6037 17
6038 17
6039 18
6040 17
6041 17
6042 17
6043 17
6044 17
6045 17
6046 17
6047 17
6048 17
6049 17
6050 17
6051 17
6052 18
6053 18
6054 17
6055 17
6056 18
6057 19
6058 18
6059 18
6060 17
6061 18
6062 18
6063 18
6064 18
6065 18
6066 18
6067 18
6068 17
6069 18
6070 17
6071 17
6072 17
6073 17
6074 18
6075 18
6076 18
6077 17
6078 18
6079 18
6080 19
6081 17
6082 17
6083 17
6084 18
6085 17
6086 18
6087 17
6088 17
6089 18
6090 18
6091 17
6092 17
6093 17
6094 17
6095 18
6096 18
6097 18
6098 17
6099 17
6100 17
6101 17
6102 17
6103 17
6104 17
6105 18
6106 18
6107 17
6108 17
6109 17
6110 17
6111 17
6112 17
6113 17
6114 18
6115 18
6116 18
6117 18
6118 18
6119 18
6120 18
6121 19
6122 17
6123 17
6124 17
6125 17
6126 17
6127 17
6128 18
6129 18
6130 18
6131 21
6132 17
6133 17
6134 26
6135 18
6136 18
6137 18
6138 18
6139 17
6140 18
6141 18
6142 17
6143 17
6144 20
6145 18
6146 19
6147 17
6148 17
6149 17
6150 18
6151 17
6152 17
6153 17
6154 18
6155 18
6156 17
6157 19
6158 18
6159 18
6160 18
6161 17
6162 17
6163 17
6164 17
6165 17
6166 17
6167 27
6168 19
6169 18
6170 18
6171 18
6172 17
6173 17
6174 18
6175 18
6176 18
6177 17
6178 17
6179 18
6180 18
6181 17
6182 17
6183 18
6184 18
6185 17
6186 17
6187 18
6188 18
6189 17
6190 18
6191 18
6192 17
6193 17
6194 18
6195 18
6196 17
6197 17
6198 17
6199 18
6200 18
6201 17
6202 17
6203 17
6204 17
6205 17
6206 17
6207 17
6208 20
6209 19
6210 18
6211 17
6212 17
6213 18
6214 18
6215 18
6216 17
6217 17
6218 18
6219 17
6220 17
6221 17
6222 18
6223 18
6224 17
6225 17
6226 18
6227 18
6228 17
6229 18
6230 17
6231 17
6232 18
6233 17
6234 17
6235 18
6236 17
6237 17
6238 17
6239 17
6240 17
6241 26
6242 19
6243 17
6244 18
6245 18
6246 19
6247 19
6248 18
6249 17
6250 17
6251 18
6252 17
6253 17
6254 18
6255 17
6256 17
6257 18
6258 17
6259 17
6260 18
6261 18
6262 17
6263 18
6264 17
6265 17
6266 18
6267 18
6268 26
6269 18
6270 18
6271 18
6272 20
6273 17
6274 17
6275 17
6276 17
6277 17
6278 17
6279 17
6280 17
6281 17
6282 17
6283 17
6284 18
6285 18
6286 18
6287 18
6288 17
6289 17
6290 17
6291 17
6292 18
6293 17
6294 18
6295 18
6296 18
6297 18
6298 18
6299 18
6300 17
6301 18
6302 18
6303 18
6304 18
6305 18
6306 17
6307 17
6308 17
6309 28
6310 17
6311 27
6312 19
6313 17
6314 17
6315 17
6316 17
6317 18
6318 17
6319 17
6320 18
6321 18
6322 18
6323 17
6324 17
6325 17
6326 17
6327 17
6328 18
6329 18
6330 18
6331 17
6332 17
6333 26
6334 18
6335 17
6336 19
6337 17
6338 18
6339 18
6340 17
6341 17
6342 17
6343 17
6344 18
6345 18
6346 18
6347 17
6348 17
6349 17
6350 17
6351 17
6352 17
6353 17
6354 17
6355 18
6356 17
6357 17
6358 17
6359 17
6360 17
6361 18
6362 18
6363 18
6364 17
6365 17
6366 17
6367 17
6368 17
6369 17
6370 17
6371 17
6372 27
6373 18
6374 18
6375 18
6376 17
6377 17
6378 18
6379 17
6380 17
6381 17
6382 17
6383 18
6384 19
6385 18
6386 17
6387 17
6388 17
6389 18
6390 17
6391 17
6392 17
6393 17
6394 17
6395 17
6396 17
6397 18
6398 17
6399 17
6400 19
6401 17
6402 17
6403 17
6404 17
6405 17
6406 17
6407 17
6408 18
6409 19
6410 17
6411 17
6412 17
6413 17
6414 17
6415 17
6416 17
6417 17
6418 17
6419 17
6420 17
6421 18
6422 18
6423 18
6424 18
6425 18
6426 17
6427 17
6428 17
6429 17
6430 17
6431 18
6432 18
6433 17
6434 18
6435 19
6436 18
6437 17
6438 17
6439 17
6440 18
6441 17
6442 18
6443 18
6444 17
6445 27
6446 18
6447 17
6448 17
6449 17
6450 17
6451 17
6452 18
6453 18
6454 18
6455 18
6456 17
6457 17
6458 17
6459 18
6460 17
6461 17
6462 18
6463 17
6464 19
6465 17
6466 18
6467 17
6468 18
6469 17
6470 17
6471 17
6472 17
6473 17
6474 17
6475 18
6476 17
6477 18
6478 18
6479 18
6480 18
6481 17
6482 17
6483 17
6484 17
6485 17
6486 17
6487 31
6488 18
6489 17
6490 26
6491 18
6492 18
6493 17
6494 17
6495 17
6496 19
6497 18
6498 17
6499 17
6500 17
6501 17
6502 17
6503 17
6504 17
6505 17
6506 17
6507 17
6508 17
6509 17
6510 18
6511 17
6512 17
6513 17
6514 17
6515 17
6516 17
6517 17
6518 17
6519 17
6520 17
6521 17
6522 17
6523 18
6524 17
6525 17
6526 17
6527 18
6528 19
6529 17
6530 18
6531 17
6532 17
6533 17
6534 17
6535 17
6536 17
6537 18
6538 19
6539 17
6540 17
6541 17
6542 17
6543 17
6544 18
6545 18
6546 18
6547 17
6548 17
6549 17
6550 18
6551 18
6552 18
6553 17
6554 18
6555 17
6556 17
6557 17
6558 18
6559 18
6560 18
6561 17
6562 17
6563 17
6564 17
6565 17
6566 18
6567 17
6568 17
6569 17
6570 17
6571 18
6572 17
6573 17
6574 17
6575 17
6576 18
6577 17
6578 17
6579 17
6580 17
6581 26
6582 18
6583 17
6584 18
6585 18
6586 18
6587 17
6588 17
6589 17
6590 17
6591 18
6592 21
6593 18
6594 17
6595 17
6596 26
6597 18
6598 18
6599 17
6600 17
6601 18
6602 17
6603 18
6604 18
6605 17
6606 17
6607 17
6608 17
6609 18
6610 17
6611 17
6612 18
6613 18
6614 17
6615 17
6616 17
6617 17
6618 18
6619 18
6620 17
6621 17
6622 17
6623 17
6624 17
6625 17
6626 17
6627 17
6628 17
6629 17
6630 17
6631 25
6632 18
6633 17
6634 18
6635 18
6636 17
6637 17
6638 17
6639 17
6640 17
6641 17
6642 17
6643 18
6644 17
6645 17
6646 18
6647 18
6648 17
6649 17
6650 17
6651 17
6652 17
6653 18
6654 18
6655 19
6656 19
6657 17
6658 17
6659 18
6660 18
6661 18
6662 18
6663 18
6664 19
6665 17
6666 19
6667 17
6668 18
6669 17
6670 18
6671 17
6672 17
6673 17
6674 17
6675 17
6676 17
6677 17
6678 18
6679 17
6680 17
6681 17
6682 17
6683 17
6684 17
6685 18
6686 28
6687 18
6688 18
6689 17
6690 17
6691 18
6692 18
6693 18
6694 18
6695 17
6696 17
6697 17
6698 17
6699 17
6700 17
6701 17
6702 17
6703 18
6704 18
6705 17
6706 18
6707 18
6708 19
6709 17
6710 18
6711 17
6712 18
6713 17
6714 17
6715 18
6716 18
6717 17
6718 17
6719 19
6720 19
6721 17
6722 18
6723 17
6724 18
6725 19
6726 18
6727 17
6728 17
6729 18
6730 19
6731 18
6732 17
6733 17
6734 18
6735 18
6736 17
6737 17
6738 17
6739 18
6740 18
6741 18
6742 17
6743 17
6744 17
6745 17
6746 18
6747 17
6748 17
6749 17
6750 18
6751 18
6752 17
6753 26
6754 19
6755 18
6756 18
6757 17
6758 17
6759 17
6760 17
6761 18
6762 17
6763 17
6764 17
6765 17
6766 17
6767 17
6768 17
6769 18
6770 19
6771 18
6772 17
6773 18
6774 17
6775 18
6776 18
6777 17
6778 17
6779 18
6780 18
6781 17
6782 17
6783 17
6784 19
6785 17
6786 17
6787 17
6788 17
6789 17
6790 17
6791 18
6792 18
6793 18
6794 17
6795 17
6796 17
6797 17
6798 18
6799 18
6800 17
6801 17
6802 17
6803 17
6804 17
6805 17
6806 17
6807 17
6808 17
6809 17
6810 17
6811 17
6812 17
6813 17
6814 18
6815 17
6816 17
6817 18
6818 18
6819 17
6820 18
6821 18
6822 18
6823 18
6824 17
6825 17
6826 17
6827 17
6828 17
6829 17
6830 17
6831 16
6832 18
6833 18
6834 17
6835 17
6836 18
6837 18
6838 18
6839 17
6840 18
6841 17
6842 17
6843 17
6844 21
6845 18
6846 18
6847 17
6848 19
6849 17
6850 18
6851 17
6852 17
6853 18
6854 18
6855 18
6856 17
6857 17
6858 17
6859 19
6860 18
6861 18
6862 17
6863 17
6864 18
6865 19
6866 18
6867 17
6868 17
6869 17
6870 18
6871 17
6872 18
6873 17
6874 18
6875 27
6876 18
6877 18
6878 18
6879 18
6880 17
6881 17
6882 17
6883 17
6884 17
6885 17
6886 18
6887 18
6888 18
6889 18
6890 18
6891 17
6892 18
6893 18
6894 17
6895 17
6896 17
6897 18
6898 17
6899 18
6900 18
6901 18
6902 17
6903 17
6904 17
6905 17
6906 17
6907 17
6908 18
6909 18
6910 18
6911 17
6912 19
6913 18
6914 17
6915 18
6916 18
6917 17
6918 17
6919 17
6920 19
6921 18
6922 17
6923 17
6924 17
6925 17
6926 18
6927 17
6928 18
6929 17
6930 17
6931 17
6932 17
6933 17
6934 17
6935 17
6936 18
6937 18
6938 18
6939 17
6940 17
6941 17
6942 17
6943 19
6944 17
6945 18
6946 17
6947 17
6948 17
6949 17
6950 17
6951 17
6952 17
6953 17
6954 17
6955 17
6956 17
6957 17
6958 17
6959 17
6960 17
6961 18
6962 17
6963 17
6964 17
6965 17
6966 18
6967 17
6968 19
6969 17
6970 27
6971 18
6972 17
6973 17
6974 17
6975 17
6976 19
6977 17
6978 17
6979 17
6980 17
6981 18
6982 17
6983 17
6984 18
6985 18
6986 18
6987 17
6988 18
6989 18
6990 17
6991 17
6992 16
6993 17
6994 17
6995 17
6996 17
6997 17
6998 18
6999 19
7000 18
7001 18
7002 18
7003 17
7004 19
7005 18
7006 18
7007 17
7008 17
7009 18
7010 18
7011 18
7012 17
7013 17
7014 17
7015 18
7016 19
7017 18
7018 17
7019 18
7020 18
7021 17
7022 18
7023 261
7024 20
7025 18
7026 18
7027 17
7028 17
7029 17
7030 17
7031 17
7032 17
7033 17
7034 17
7035 18
7036 18
7037 18
7038 18
7039 17
7040 18
7041 17
7042 18
7043 17
7044 19
7045 18
7046 17
7047 17
7048 17
7049 17
7050 17
7051 17
7052 18
7053 18
7054 18
7055 17
7056 17
7057 17
7058 17
7059 17
7060 17
7061 17
7062 17
7063 17
7064 17
7065 17
7066 17
7067 23
7068 18
7069 19
7070 18
7071 18
7072 19
7073 18
7074 17
7075 18
7076 17
7077 17
7078 17
7079 17
7080 18
7081 17
7082 18
7083 18
7084 18
7085 17
7086 17
7087 17
7088 18
7089 18
7090 18
7091 18
7092 18
7093 18
7094 18
7095 17
7096 18
7097 18
7098 17
7099 17
7100 17
7101 17
7102 17
7103 17
7104 17
7105 19
7106 17
7107 17
7108 17
7109 17
7110 17
7111 17
7112 17
7113 17
7114 17
7115 17
7116 18
7117 19
7118 18
7119 17
7120 17
7121 17
7122 17
7123 17
7124 17
7125 17
7126 17
7127 18
7128 18
7129 17
7130 17
7131 17
7132 17
7133 18
7134 18
7135 18
7136 17
7137 17
7138 17
7139 17
7140 17
7141 17
7142 17
7143 17
7144 18
7145 19
7146 18
7147 18
7148 18
7149 18
7150 17
7151 17
7152 17
7153 17
7154 17
7155 17
7156 17
7157 17
7158 17
7159 17
7160 18
7161 18
7162 18
7163 18
7164 17
7165 17
7166 17
7167 17
7168 17
7169 17
7170 17
7171 17
7172 18
7173 19
7174 18
7175 17
7176 17
7177 17
7178 17
7179 17
7180 17
7181 17
7182 17
7183 17
7184 19
7185 18
7186 18
7187 17
7188 17
7189 17
7190 17
7191 17
7192 18
7193 17
7194 17
7195 17
7196 17
7197 17
7198 17
7199 17
7200 18
7201 19
7202 19
7203 17
7204 17
7205 30
7206 18
7207 18
7208 18
7209 18
7210 18
7211 17
7212 18
7213 18
7214 18
7215 17
7216 18
7217 19
7218 19
7219 17
7220 17
7221 18
7222 18
7223 18
7224 17
7225 18
7226 18
7227 17
7228 17
7229 18
7230 17
7231 18
7232 17
7233 17
7234 18
7235 17
7236 18
7237 18
7238 17
7239 27
7240 18
7241 18
7242 17
7243 17
7244 17
7245 17
7246 17
7247 18
7248 18
7249 17
7250 17
7251 17
7252 18
7253 18
7254 18
7255 18
7256 19
7257 18
7258 18
7259 18
7260 17
7261 18
7262 17
7263 17
7264 18
7265 18
7266 17
7267 18
7268 17
7269 17
7270 18
7271 26
7272 18
7273 18
7274 17
7275 17
7276 18
7277 18
7278 17
7279 17
7280 17
7281 17
7282 17
7283 17
7284 17
7285 17
7286 17
7287 17
7288 17
7289 19
7290 18
7291 18
7292 18
7293 26
7294 19
7295 18
7296 17
7297 17
7298 17
7299 17
7300 17
7301 17
7302 17
7303 17
7304 17
7305 19
7306 18
7307 17
7308 17
7309 17
7310 19
7311 17
7312 18
7313 18
7314 17
7315 17
7316 17
7317 17
7318 17
7319 17
7320 17
7321 17
7322 18
7323 18
7324 17
7325 17
7326 17
7327 17
7328 17
7329 17
7330 18
7331 18
7332 18
7333 18
7334 18
7335 19
7336 18
7337 17
7338 17
7339 17
7340 17
7341 17
7342 17
7343 18
7344 18
7345 17
7346 18
7347 17
7348 17
7349 18
7350 18
7351 18
7352 17
7353 17
7354 17
7355 19
7356 18
7357 18
7358 17
7359 17
7360 17
7361 17
7362 17
7363 17
7364 17
7365 17
7366 18
7367 19
7368 22
7369 18
7370 17
7371 17
7372 17
7373 18
7374 18
7375 18
7376 18
7377 18
7378 17
7379 17
7380 17
7381 17
7382 17
7383 18
7384 18
7385 18
7386 17
7387 17
7388 18
7389 17
7390 17
7391 18
7392 18
7393 17
7394 17
7395 17
7396 18
7397 17
7398 17
7399 27
7400 18
7401 18
7402 17
7403 18
7404 18
7405 19
7406 17
7407 18
7408 18
7409 18
7410 18
7411 17
7412 17
7413 18
7414 17
7415 17
7416 17
7417 17
7418 17
7419 17
7420 18
7421 18
7422 17
7423 17
7424 17
7425 17
7426 17
7427 17
7428 17
7429 17
7430 17
7431 17
7432 18
7433 17
7434 18
7435 18
7436 18
7437 18
7438 19
7439 17
7440 18
7441 19
7442 19
7443 17
7444 17
7445 17
7446 17
7447 17
7448 17
7449 17
7450 17
7451 17
7452 17
7453 17
7454 17
7455 18
7456 19
7457 18
7458 17
7459 17
7460 17
7461 17
7462 17
7463 18
7464 18
7465 18
7466 27
7467 18
7468 17
7469 17
7470 17
7471 17
7472 17
7473 17
7474 18
7475 18
7476 17
7477 25
7478 18
7479 17
7480 17
7481 17
7482 18
7483 17
7484 17
7485 17
7486 17
7487 17
7488 17
7489 17
7490 17
7491 17
7492 18
7493 18
7494 17
7495 18
7496 17
7497 17
7498 17
7499 17
7500 17
7501 17
7502 17
7503 17
7504 17
7505 17
7506 17
7507 17
7508 17
7509 17
7510 17
7511 17
7512 17
7513 17
7514 17
7515 17
7516 17
7517 17
7518 17
7519 17
7520 17
7521 17
7522 17
7523 18
7524 18
7525 17
7526 18
7527 17
7528 18
7529 17
7530 17
7531 17
7532 18
7533 18
7534 18
7535 18
7536 18
7537 18
7538 17
7539 17
7540 17
7541 17
7542 17
7543 17
7544 17
7545 17
7546 17
7547 17
7548 18
7549 18
7550 17
7551 18
7552 18
7553 17
7554 17
7555 17
7556 26
7557 18
7558 17
7559 17
7560 17
7561 17
7562 18
7563 17
7564 17
7565 17
7566 17
7567 17
7568 17
7569 17
7570 17
7571 17
7572 24
7573 18
7574 18
7575 18
7576 18
7577 17
7578 18
7579 17
7580 18
7581 17
7582 17
7583 18
7584 18
7585 17
7586 17
7587 18
7588 17
7589 18
7590 19
7591 18
7592 17
7593 18
7594 17
7595 18
7596 18
7597 18
7598 18
7599 18
7600 18
7601 17
7602 18
7603 17
7604 18
7605 18
7606 18
7607 19
7608 17
7609 17
7610 17
7611 27
7612 19
7613 18
7614 17
7615 17
7616 17
7617 17
7618 17
7619 17
7620 17
7621 17
7622 17
7623 17
7624 18
7625 18
7626 18
7627 18
7628 18
7629 18
7630 19
7631 18
7632 18
7633 18
7634 17
7635 18
7636 17
7637 18
7638 18
7639 19
7640 18
7641 18
7642 19
7643 18
7644 18
7645 17
7646 17
7647 17
7648 18
7649 18
7650 17
7651 17
7652 17
7653 17
7654 17
7655 18
7656 18
7657 17
7658 17
7659 17
7660 17
7661 17
7662 18
7663 17
7664 17
7665 17
7666 17
7667 17
7668 26
7669 18
7670 17
7671 18
7672 18
7673 19
7674 19
7675 18
7676 18
7677 17
7678 18
7679 17
7680 17
7681 17
7682 17
7683 18
7684 19
7685 18
7686 17
7687 18
7688 19
7689 17
7690 18
7691 18
7692 17
7693 17
7694 19
7695 19
7696 18
7697 18
7698 18
7699 19
7700 18
7701 17
7702 18
7703 18
7704 17
7705 17
7706 18
7707 17
7708 18
7709 18
7710 17
7711 18
7712 17
7713 17
7714 18
7715 17
7716 18
7717 18
7718 18
7719 18
7720 17
7721 17
7722 18
7723 17
7724 17
7725 18
7726 18
7727 17
7728 26
7729 18
7730 18
7731 18
7732 25
7733 18
7734 18
7735 18
7736 17
7737 17
7738 19
7739 18
7740 18
7741 18
7742 18
7743 18
7744 17
7745 17
7746 18
7747 17
7748 18
7749 18
7750 17
7751 18
7752 18
7753 17
7754 26
7755 18
7756 18
7757 18
7758 17
7759 17
7760 17
7761 17
7762 18
7763 18
7764 18
7765 18
7766 18
7767 17
7768 18
7769 17
7770 17
7771 17
7772 17
7773 17
7774 18
7775 18
7776 17
7777 17
7778 19
7779 18
7780 19
7781 17
7782 18
7783 18
7784 17
7785 17
7786 17
7787 17
7788 18
7789 17
7790 18
7791 17
7792 17
7793 18
7794 18
7795 18
7796 17
7797 17
7798 17
7799 18
7800 17
7801 18
7802 17
7803 17
7804 17
7805 17
7806 17
7807 17
7808 18
7809 17
7810 18
7811 18
7812 18
7813 18
7814 18
7815 18
7816 17
7817 18
7818 17
7819 17
7820 17
7821 17
7822 18
7823 18
7824 18
7825 18
7826 17
7827 18
7828 18
7829 18
7830 17
7831 17
7832 17
7833 17
7834 17
7835 17
7836 17
7837 18
7838 18
7839 18
7840 18
7841 17
7842 17
7843 17
7844 17
7845 17
7846 18
7847 17
7848 17
7849 27
7850 18
7851 17
7852 17
7853 17
7854 17
7855 17
7856 17
7857 17
7858 17
7859 17
7860 18
7861 17
7862 17
7863 17
7864 17
7865 17
7866 18
7867 18
7868 18
7869 17
7870 17
7871 17
7872 17
7873 17
7874 18
7875 18
7876 17
7877 18
7878 18
7879 18
7880 17
7881 17
7882 17
7883 17
7884 17
7885 18
7886 18
7887 18
7888 18
7889 18
7890 18
7891 17
7892 18
7893 17
7894 18
7895 18
7896 17
7897 17
7898 17
7899 17
7900 17
7901 17
7902 26
7903 18
7904 18
7905 18
7906 17
7907 18
7908 18
7909 17
7910 17
7911 18
7912 18
7913 19
7914 18
7915 17
7916 17
7917 17
7918 17
7919 17
7920 17
7921 17
7922 18
7923 18
7924 17
7925 17
7926 17
7927 17
7928 17
7929 17
7930 18
7931 18
7932 17
7933 17
7934 18
7935 17
7936 18
7937 18
7938 17
7939 17
7940 17
7941 17
7942 17
7943 17
7944 17
7945 17
7946 17
7947 17
7948 17
7949 18
7950 18
7951 18
7952 18
7953 17
7954 17
7955 17
7956 17
7957 17
7958 17
7959 17
7960 17
7961 17
7962 17
7963 17
7964 17
7965 18
7966 17
7967 18
7968 18
7969 18
7970 17
7971 17
7972 17
7973 17
7974 17
7975 17
7976 18
7977 17
7978 18
7979 18
7980 18
7981 17
7982 17
7983 17
7984 17
7985 18
7986 18
7987 17
7988 17
7989 17
7990 17
7991 17
7992 17
7993 17
7994 17
7995 18
7996 19
7997 18
7998 17
7999 17
8000 17
8001 17
8002 17
8003 17
8004 17
8005 17
8006 17
8007 19
8008 18
8009 18
8010 17
8011 17
8012 18
8013 18
8014 17
8015 17
8016 17
8017 26
8018 19
8019 17
8020 17
8021 17
8022 17
8023 18
8024 17
8025 18
8026 17
8027 17
8028 18
8029 18
8030 18
8031 17
8032 17
8033 17
8034 19
8035 18
8036 18
8037 17
8038 18
8039 19
8040 17
8041 18
8042 17
8043 17
8044 18
8045 21
8046 18
8047 17
8048 17
8049 18
8050 18
8051 17
8052 17
8053 17
8054 18
8055 18
8056 17
8057 17
8058 18
8059 18
8060 18
8061 17
8062 17
8063 17
8064 17
8065 18
8066 18
8067 18
8068 18
8069 18
8070 19
8071 19
8072 17
8073 22
8074 18
8075 18
8076 17
8077 17
8078 17
8079 17
8080 17
8081 19
8082 17
8083 17
8084 17
8085 17
8086 17
8087 17
8088 17
8089 18
8090 18
8091 17
8092 18
8093 18
8094 18
8095 17
8096 17
8097 17
8098 18
8099 18
8100 17
8101 18
8102 18
8103 17
8104 17
8105 28
8106 18
8107 18
8108 17
8109 17
8110 17
8111 18
8112 18
8113 17
8114 18
8115 18
8116 18
8117 19
8118 17
8119 18
8120 18
8121 18
8122 18
8123 17
8124 18
8125 18
8126 17
8127 18
8128 19
8129 17
8130 18
8131 18
8132 17
8133 18
8134 17
8135 18
8136 17
8137 20
8138 17
8139 18
8140 18
8141 17
8142 17
8143 18
8144 17
8145 17
8146 18
8147 18
8148 17
8149 27
8150 18
8151 17
8152 18
8153 18
8154 25
8155 18
8156 18
8157 17
8158 17
8159 17
8160 17
8161 17
8162 18
8163 17
8164 17
8165 17
8166 17
8167 17
8168 17
8169 17
8170 17
8171 17
8172 17
8173 17
8174 17
8175 17
8176 18
8177 17
8178 17
8179 17
8180 17
8181 17
8182 17
8183 17
8184 17
8185 17
8186 17
8187 17
8188 18
8189 18
8190 17
8191 17
8192 17
8193 17
8194 17
8195 17
8196 17
8197 17
8198 17
8199 17
8200 17
8201 19
8202 18
8203 19
8204 17
8205 17
8206 17
8207 17
8208 17
8209 17
8210 17
8211 17
8212 17
8213 17
8214 17
8215 17
8216 18
8217 18
8218 17
8219 18
8220 17
8221 17
8222 17
8223 17
8224 18
8225 17
8226 17
8227 17
8228 17
8229 17
8230 17
8231 17
8232 17
8233 17
8234 17
8235 17
8236 18
8237 18
8238 18
8239 18
8240 17
8241 18
8242 18
8243 17
8244 17
8245 17
8246 17
8247 17
8248 17
8249 17
8250 26
8251 18
8252 18
8253 17
8254 17
8255 17
8256 17
8257 17
8258 28
8259 17
8260 17
8261 17
8262 17
8263 17
8264 17
8265 19
8266 24
8267 18
8268 18
8269 17
8270 17
8271 17
8272 17
8273 17
8274 17
8275 17
8276 17
8277 18
8278 18
8279 17
8280 17
8281 17
8282 17
8283 18
8284 19
8285 17
8286 17
8287 17
8288 17
8289 16
8290 18
8291 17
8292 17
8293 17
8294 26
8295 18
8296 17
8297 17
8298 17
8299 17
8300 18
8301 18
8302 17
8303 17
8304 17
8305 17
8306 17
8307 17
8308 17
8309 17
8310 17
8311 17
8312 17
8313 17
8314 17
8315 17
8316 26
8317 18
8318 18
8319 17
8320 18
8321 18
8322 19
8323 17
8324 18
8325 17
8326 17
8327 17
8328 17
8329 19
8330 18
8331 18
8332 17
8333 17
8334 18
8335 17
8336 17
8337 17
8338 17
8339 18
8340 17
8341 18
8342 17
8343 17
8344 18
8345 19
8346 17
8347 17
8348 17
8349 17
8350 18
8351 17
8352 17
8353 17
8354 17
8355 26
8356 19
8357 17
8358 17
8359 18
8360 18
8361 17
8362 17
8363 17
8364 17
8365 18
8366 25
8367 18
8368 17
8369 18
8370 18
8371 18
8372 17
8373 17
8374 18
8375 17
8376 17
8377 25
8378 18
8379 17
8380 17
8381 17
8382 17
8383 17
8384 17
8385 17
8386 17
8387 17
8388 17
8389 17
8390 17
8391 17
8392 18
8393 20
8394 18
8395 18
8396 18
8397 17
8398 17
8399 17
8400 17
8401 18
8402 19
8403 19
8404 17
8405 17
8406 18
8407 17
8408 17
8409 17
8410 16
8411 18
8412 17
8413 18
8414 17
8415 17
8416 17
8417 17
8418 17
8419 17
8420 17
8421 17
8422 26
8423 18
8424 18
8425 17
8426 17
8427 21
8428 17
8429 17
8430 17
8431 17
8432 17
8433 17
8434 17
8435 17
8436 32
8437 17
8438 18
8439 18
8440 18
8441 17
8442 17
8443 17
8444 17
8445 17
8446 17
8447 17
8448 17
8449 17
8450 17
8451 17
8452 17
8453 17
8454 17
8455 17
8456 18
8457 17
8458 17
8459 17
8460 18
8461 17
8462 18
8463 18
8464 18
8465 18
8466 18
8467 18
8468 18
8469 17
8470 17
8471 17
8472 17
8473 18
8474 18
8475 17
8476 18
8477 18
8478 18
8479 17
8480 17
8481 17
8482 17
8483 17
8484 17
8485 17
8486 17
8487 17
8488 18
8489 18
8490 18
8491 18
8492 17
8493 17
8494 17
8495 17
8496 17
8497 17
8498 17
8499 17
8500 17
8501 17
8502 17
8503 17
8504 17
8505 17
8506 17
8507 18
8508 18
8509 17
8510 17
8511 17
8512 17
8513 17
8514 17
8515 17
8516 17
8517 17
8518 17
8519 17
8520 17
8521 17
8522 17
8523 17
8524 17
8525 17
8526 17
8527 17
8528 17
8529 18
8530 18
8531 17
8532 17
8533 17
8534 17
8535 17
8536 18
8537 17
8538 18
8539 17
8540 18
8541 17
8542 17
8543 17
8544 17
8545 17
8546 18
8547 17
8548 17
8549 17
8550 17
8551 17
8552 18
8553 17
8554 17
8555 17
8556 17
8557 17
8558 17
8559 18
8560 17
8561 18
8562 17
8563 17
8564 17
8565 17
8566 18
8567 18
8568 18
8569 17
8570 18
8571 18
8572 17
8573 17
8574 17
8575 17
8576 17
8577 18
8578 17
8579 17
8580 17
8581 17
8582 17
8583 17
8584 18
8585 17
8586 18
8587 18
8588 17
8589 17
8590 17
8591 17
8592 17
8593 17
8594 18
8595 18
8596 17
8597 17
8598 17
8599 17
8600 17
8601 17
8602 17
8603 17
8604 17
8605 17
8606 17
8607 18
8608 18
8609 18
8610 18
8611 18
8612 17
8613 18
8614 18
8615 18
8616 17
8617 17
8618 18
8619 17
8620 17
8621 17
8622 18
8623 18
8624 17
8625 17
8626 17
8627 17
8628 17
8629 17
8630 17
8631 18
8632 17
8633 17
8634 17
8635 17
8636 17
8637 17
8638 17
8639 17
8640 18
8641 18
8642 17
8643 17
8644 17
8645 17
8646 17
8647 17
8648 17
8649 17
8650 17
8651 17
8652 17
8653 17
8654 17
8655 18
8656 17
8657 17
8658 17
8659 17
8660 18
8661 17
8662 17
8663 17
8664 17
8665 17
8666 17
8667 17
8668 17
8669 17
8670 17
8671 17
8672 17
8673 17
8674 17
8675 17
8676 17
8677 17
8678 17
8679 17
8680 17
8681 18
8682 18
8683 17
8684 18
8685 17
8686 18
8687 18
8688 17
8689 18
8690 18
8691 18
8692 18
8693 18
8694 17
8695 18
8696 18
8697 18
8698 18
8699 18
8700 18
8701 17
8702 17
8703 18
8704 18
8705 18
8706 17
8707 17
8708 17
8709 18
8710 18
8711 17
8712 17
8713 17
8714 17
8715 17
8716 18
8717 17
8718 17
8719 17
8720 17
8721 17
8722 17
8723 18
8724 18
8725 18
8726 18
8727 18
8728 17
8729 17
8730 17
8731 17
8732 17
8733 17
8734 18
8735 18
8736 18
8737 18
8738 17
8739 17
8740 18
8741 17
8742 17
8743 17
8744 17
8745 17
8746 17
8747 17
8748 17
8749 17
8750 17
8751 17
8752 17
8753 17
8754 17
8755 17
8756 17
8757 17
8758 17
8759 17
8760 17
8761 17
8762 18
8763 17
8764 17
8765 17
8766 17
8767 17
8768 17
8769 17
8770 17
8771 17
8772 17
8773 17
8774 17
8775 17
8776 17
8777 17
8778 20
8779 18
8780 18
8781 17
8782 18
8783 18
8784 18
8785 17
8786 17
8787 22
8788 17
8789 17
8790 17
8791 17
8792 17
8793 17
8794 18
8795 17
8796 17
8797 17
8798 18
8799 18
8800 18
8801 18
8802 17
8803 17
8804 17
8805 17
8806 17
8807 17
8808 17
8809 17
8810 17
8811 17
8812 18
8813 17
8814 17
8815 17
8816 17
8817 17
8818 17
8819 17
8820 17
8821 17
8822 17
8823 17
8824 18
8825 17
8826 17
8827 17
8828 17
8829 18
8830 18
8831 17
8832 18
8833 17
8834 17
8835 18
8836 17
8837 17
8838 17
8839 17
8840 17
8841 17
8842 17
8843 17
8844 17
8845 17
8846 17
8847 17
8848 17
8849 19
8850 17
8851 17
8852 17
8853 17
8854 17
8855 17
8856 17
8857 18
8858 18
8859 17
8860 17
8861 17
8862 17
8863 17
8864 18
8865 18
8866 18
8867 17
8868 18
8869 17
8870 18
8871 17
8872 17
8873 17
8874 17
8875 17
8876 17
8877 18
8878 18
8879 17
8880 17
8881 18
8882 18
8883 18
8884 18
8885 17
8886 17
8887 17
8888 18
8889 17
8890 17
8891 17
8892 17
8893 17
8894 17
8895 17
8896 17
8897 17
8898 17
8899 17
8900 18
8901 17
8902 18
8903 17
8904 17
8905 17
8906 17
8907 17
8908 17
8909 17
8910 18
8911 17
8912 17
8913 19
8914 17
8915 17
8916 17
8917 17
8918 17
8919 17
8920 17
8921 18
8922 17
8923 17
8924 17
8925 17
8926 17
8927 17
8928 17
8929 17
8930 17
8931 17
8932 17
8933 17
8934 17
8935 18
8936 17
8937 17
8938 17
8939 17
8940 17
8941 17
8942 17
8943 17
8944 17
8945 17
8946 17
8947 17
8948 17
8949 17
8950 17
8951 17
8952 17
8953 18
8954 18
8955 18
8956 18
8957 18
8958 17
8959 17
8960 17
8961 17
8962 17
8963 17
8964 18
8965 18
8966 18
8967 18
8968 17
8969 18
8970 18
8971 17
8972 17
8973 17
8974 17
8975 17
8976 17
8977 20
8978 17
8979 17
8980 17
8981 17
8982 17
8983 17
8984 17
8985 17
8986 17
8987 17
8988 17
8989 17
8990 17
8991 17
8992 17
8993 17
8994 17
8995 17
8996 17
8997 17
8998 18
8999 17
9000 17
9001 17
9002 17
9003 17
9004 17
9005 17
9006 17
9007 17
9008 18
9009 18
9010 17
9011 17
9012 17
9013 17
9014 17
9015 17
9016 17
9017 17
9018 17
9019 17
9020 17
9021 17
9022 18
9023 17
9024 18
9025 18
9026 18
9027 17
9028 18
9029 18
9030 18
9031 17
9032 17
9033 17
9034 17
9035 17
9036 17
9037 17
9038 17
9039 18
9040 17
9041 19
9042 17
9043 17
9044 17
9045 17
9046 17
9047 17
9048 17
9049 17
9050 17
9051 17
9052 17
9053 17
9054 18
9055 18
9056 18
9057 17
9058 17
9059 17
9060 17
9061 17
9062 17
9063 17
9064 17
9065 18
9066 17
9067 17
9068 18
9069 18
9070 18
9071 18
9072 18
9073 17
9074 17
9075 17
9076 17
9077 17
9078 17
9079 18
9080 18
9081 17
9082 17
9083 17
9084 18
9085 18
9086 17
9087 17
9088 18
9089 18
9090 17
9091 17
9092 18
9093 18
9094 18
9095 17
9096 17
9097 17
9098 17
9099 18
9100 18
9101 18
9102 18
9103 18
9104 18
9105 19
9106 18
9107 17
9108 17
9109 17
9110 17
9111 17
9112 17
9113 17
9114 17
9115 18
9116 18
9117 17
9118 17
9119 17
9120 17
9121 17
9122 17
9123 18
9124 17
9125 18
9126 17
9127 18
9128 17
9129 18
9130 17
9131 18
9132 18
9133 17
9134 18
9135 17
9136 17
9137 17
9138 17
9139 17
9140 17
9141 17
9142 18
9143 18
9144 17
9145 17
9146 17
9147 17
9148 17
9149 17
9150 32
9151 17
9152 17
9153 17
9154 17
9155 17
9156 17
9157 17
9158 17
9159 18
9160 18
9161 17
9162 18
9163 18
9164 17
9165 17
9166 18
9167 17
9168 17
9169 19
9170 17
9171 17
9172 17
9173 17
9174 17
9175 17
9176 17
9177 17
9178 17
9179 17
9180 17
9181 17
9182 17
9183 17
9184 18
9185 18
9186 17
9187 17
9188 17
9189 18
9190 18
9191 17
9192 17
9193 17
9194 17
9195 17
9196 17
9197 17
9198 18
9199 18
9200 17
9201 17
9202 17
9203 17
9204 17
9205 17
9206 17
9207 17
9208 17
9209 17
9210 17
9211 17
9212 17
9213 17
9214 17
9215 17
9216 17
9217 17
9218 17
9219 17
9220 17
9221 17
9222 17
9223 17
9224 17
9225 17
9226 17
9227 17
9228 17
9229 17
9230 17
9231 17
9232 18
9233 20
9234 17
9235 17
9236 17
9237 17
9238 17
9239 17
9240 17
9241 17
9242 17
9243 18
9244 17
9245 17
9246 17
9247 17
9248 17
9249 17
9250 18
9251 17
9252 17
9253 17
9254 17
9255 17
9256 17
9257 17
9258 17
9259 17
9260 18
9261 17
9262 17
9263 17
9264 17
9265 17
9266 17
9267 17
9268 17
9269 17
9270 17
9271 17
9272 17
9273 17
9274 17
9275 17
9276 17
9277 17
9278 17
9279 17
9280 17
9281 17
9282 17
9283 17
9284 17
9285 17
9286 17
9287 17
9288 17
9289 17
9290 17
9291 17
9292 17
9293 17
9294 17
9295 17
9296 17
9297 19
9298 17
9299 17
9300 17
9301 17
9302 17
9303 17
9304 17
9305 17
9306 17
9307 17
9308 17
9309 17
9310 17
9311 17
9312 17
9313 17
9314 17
9315 17
9316 17
9317 17
9318 18
9319 17
9320 17
9321 17
9322 17
9323 17
9324 17
9325 17
9326 17
9327 18
9328 17
9329 17
9330 17
9331 22
9332 17
9333 17
9334 17
9335 17
9336 17
9337 17
9338 17
9339 17
9340 21
9341 18
9342 17
9343 17
9344 17
9345 17
9346 17
9347 16
9348 17
9349 17
9350 17
9351 17
9352 17
9353 17
9354 17
9355 17
9356 17
9357 17
9358 17
9359 17
9360 17
9361 19
9362 17
9363 17
9364 17
9365 17
9366 17
9367 17
9368 17
9369 16
9370 18
9371 18
9372 17
9373 17
9374 17
9375 17
9376 17
9377 17
9378 17
9379 17
9380 17
9381 17
9382 17
9383 18
9384 18
9385 17
9386 17
9387 17
9388 17
9389 17
9390 17
9391 17
9392 17
9393 17
9394 18
9395 18
9396 17
9397 17
9398 17
9399 17
9400 17
9401 18
9402 17
9403 17
9404 17
9405 17
9406 17
9407 17
9408 17
9409 17
9410 17
9411 17
9412 17
9413 17
9414 17
9415 17
9416 17
9417 17
9418 17
9419 17
9420 17
9421 17
9422 17
9423 18
9424 18
9425 19
9426 17
9427 17
9428 17
9429 17
9430 17
9431 18
9432 18
9433 18
9434 17
9435 17
9436 17
9437 17
9438 17
9439 17
9440 17
9441 17
9442 17
9443 17
9444 17
9445 17
9446 17
9447 17
9448 18
9449 17
9450 17
9451 17
9452 17
9453 17
9454 17
9455 17
9456 17
9457 17
9458 17
9459 17
9460 17
9461 17
9462 17
9463 17
9464 18
9465 18
9466 17
9467 17
9468 17
9469 17
9470 17
9471 18
9472 18
9473 17
9474 17
9475 17
9476 17
9477 17
9478 17
9479 17
9480 17
9481 17
9482 17
9483 17
9484 17
9485 18
9486 18
9487 17
9488 18
9489 19
9490 18
9491 18
9492 18
9493 18
9494 17
9495 17
9496 17
9497 18
9498 17
9499 17
9500 18
9501 17
9502 17
9503 17
9504 17
9505 17
9506 17
9507 18
9508 17
9509 18
9510 17
9511 17
9512 29
9513 18
9514 18
9515 17
9516 17
9517 18
9518 17
9519 17
9520 17
9521 17
9522 17
9523 17
9524 17
9525 18
9526 18
9527 17
9528 17
9529 17
9530 17
9531 17
9532 17
9533 17
9534 17
9535 17
9536 17
9537 17
9538 17
9539 17
9540 17
9541 17
9542 17
9543 17
9544 18
9545 17
9546 17
9547 17
9548 17
9549 17
9550 18
9551 18
9552 18
9553 19
9554 17
9555 17
9556 17
9557 17
9558 17
9559 17
9560 17
9561 17
9562 17
9563 17
9564 17
9565 17
9566 17
9567 17
9568 17
9569 17
9570 17
9571 18
9572 18
9573 17
9574 17
9575 17
9576 17
9577 17
9578 17
9579 18
9580 17
9581 18
9582 17
9583 17
9584 17
9585 17
9586 17
9587 17
9588 17
9589 17
9590 17
9591 17
9592 17
9593 17
9594 17
9595 17
9596 17
9597 17
9598 17
9599 17
9600 17
9601 17
9602 17
9603 18
9604 17
9605 17
9606 17
9607 17
9608 17
9609 17
9610 17
9611 17
9612 18
9613 17
9614 18
9615 18
9616 18
9617 19
9618 17
9619 17
9620 17
9621 17
9622 18
9623 18
9624 18
9625 18
9626 17
9627 17
9628 17
9629 17
9630 17
9631 17
9632 17
9633 17
9634 18
9635 18
9636 17
9637 17
9638 17
9639 17
9640 17
9641 17
9642 17
9643 17
9644 17
9645 17
9646 17
9647 17
9648 17
9649 17
9650 17
9651 17
9652 17
9653 17
9654 17
9655 18
9656 17
9657 17
9658 17
9659 17
9660 18
9661 17
9662 18
9663 17
9664 17
9665 17
9666 17
9667 17
9668 18
9669 18
9670 17
9671 18
9672 18
9673 18
9674 17
9675 18
9676 17
9677 16
9678 17
9679 17
9680 17
9681 18
9682 18
9683 17
9684 17
9685 17
9686 18
9687 18
9688 18
9689 18
9690 18
9691 18
9692 17
9693 26
9694 17
9695 17
9696 18
9697 18
9698 18
9699 18
9700 17
9701 17
9702 17
9703 17
9704 17
9705 17
9706 17
9707 17
9708 17
9709 17
9710 17
9711 17
9712 17
9713 17
9714 17
9715 17
9716 17
9717 17
9718 17
9719 17
9720 17
9721 17
9722 17
9723 17
9724 17
9725 17
9726 17
9727 17
9728 17
9729 17
9730 17
9731 17
9732 18
9733 18
9734 18
9735 17
9736 17
9737 18
9738 18
9739 18
9740 18
9741 18
9742 18
9743 17
9744 17
9745 19
9746 17
9747 17
9748 17
9749 17
9750 17
9751 17
9752 17
9753 17
9754 17
9755 17
9756 17
9757 17
9758 17
9759 17
9760 17
9761 17
9762 17
9763 17
9764 18
9765 17
9766 17
9767 18
9768 17
9769 17
9770 17
9771 17
9772 17
9773 17
9774 17
9775 17
9776 17
9777 17
9778 17
9779 18
9780 17
9781 17
9782 17
9783 16
9784 18
9785 17
9786 17
9787 17
9788 17
9789 17
9790 18
9791 17
9792 17
9793 17
9794 18
9795 17
9796 17
9797 17
9798 17
9799 17
9800 17
9801 17
9802 17
9803 21
9804 18
9805 18
9806 18
9807 18
9808 17
9809 19
9810 17
9811 17
9812 17
9813 18
9814 17
9815 18
9816 17
9817 17
9818 18
9819 18
9820 17
9821 17
9822 17
9823 17
9824 17
9825 16
9826 17
9827 17
9828 17
9829 17
9830 17
9831 17
9832 17
9833 17
9834 17
9835 17
9836 17
9837 17
9838 17
9839 17
9840 17
9841 17
9842 17
9843 18
9844 18
9845 17
9846 17
9847 17
9848 17
9849 17
9850 17
9851 17
9852 17
9853 17
9854 17
9855 17
9856 17
9857 17
9858 17
9859 17
9860 17
9861 17
9862 17
9863 17
9864 17
9865 17
9866 17
9867 17
9868 18
9869 17
9870 17
9871 17
9872 17
9873 18
9874 241
9875 24
9876 18
9877 17
9878 18
9879 17
9880 18
9881 17
9882 17
9883 17
9884 17
9885 18
9886 18
9887 18
9888 18
9889 18
9890 18
9891 17
9892 17
9893 18
9894 18
9895 17
9896 17
9897 17
9898 17
9899 17
9900 17
9901 17
9902 17
9903 17
9904 17
9905 17
9906 17
9907 17
9908 17
9909 17
9910 17
9911 17
9912 17
9913 17
9914 17
9915 17
9916 17
9917 18
9918 18
9919 18
9920 18
9921 18
9922 17
9923 18
9924 17
9925 18
9926 17
9927 17
9928 17
9929 17
9930 17
9931 17
9932 17
9933 17
9934 17
9935 17
9936 17
9937 17
9938 17
9939 17
9940 17
9941 18
9942 18
9943 18
9944 18
9945 17
9946 17
9947 17
9948 17
9949 17
9950 17
9951 17
9952 17
9953 17
9954 17
9955 17
9956 17
9957 17
9958 17
9959 17
9960 18
9961 18
9962 18
9963 17
9964 18
9965 17
9966 18
9967 17
9968 18
9969 17
9970 17
9971 18
9972 18
9973 17
9974 17
9975 17
9976 17
9977 18
9978 18
9979 17
9980 17
9981 18
9982 17
9983 17
9984 17
9985 17
9986 17
9987 17
9988 17
9989 17
9990 17
9991 17
9992 18
9993 18
9994 18
9995 17
9996 18
9997 18
9998 18
9999 18
