0 292
1 26
2 22
3 26
4 21
5 21
6 25
7 23
8 22
9 50
10 23
11 23
12 20
13 23
14 23
15 23
16 22
17 21
18 24
19 21
20 19
21 19
22 20
23 21
24 19
25 18
26 22
27 23
28 22
29 21
30 21
31 21
32 22
33 22
34 22
35 23
36 24
37 23
38 42
39 24
40 22
41 21
42 25
43 23
44 23
45 18
46 19
47 19
48 18
49 18
50 18
51 18
52 18
53 19
54 18
55 18
56 19
57 20
58 19
59 19
60 18
61 18
62 22
63 19
64 19
65 18
66 18
67 19
68 18
69 18
70 18
71 18
72 20
73 21
74 18
75 20
76 19
77 21
78 18
79 19
80 19
81 19
82 18
83 18
84 20
85 18
86 19
87 20
88 19
89 24
90 19
91 17
92 17
93 18
94 18
95 17
96 17
97 17
98 28
99 19
100 18
101 17
102 18
103 18
104 17
105 17
106 18
107 17
108 17
109 18
110 17
111 17
112 18
113 18
114 17
115 19
116 19
117 19
118 19
119 18
120 18
121 18
122 17
123 18
124 18
125 18
126 17
127 18
128 17
129 18
130 18
131 18
132 21
133 18
134 18
135 18
136 18
137 18
138 18
139 17
140 18
141 17
142 19
143 20
144 18
145 18
146 18
147 18
148 18
149 17
150 18
151 18
152 17
153 19
154 18
155 17
156 18
157 18
158 18
159 18
160 18
161 18
162 17
163 18
164 17
165 18
166 18
167 19
168 17
169 29
170 19
171 18
172 18
173 18
174 18
175 18
176 18
177 17
178 17
179 19
180 18
181 17
182 18
183 18
184 18
185 17
186 18
187 17
188 19
189 21
190 19
191 22
192 21
193 19
194 18
195 18
196 18
197 19
198 19
199 19
200 18
201 17
202 19
203 19
204 18
205 18
206 19
207 17
208 18
209 54
210 23
211 20
212 20
213 19
214 20
215 18
216 19
217 20
218 19
219 20
220 18
221 17
222 18
223 17
224 18
225 19
226 23
227 24
228 21
229 17
230 18
231 19
232 18
233 17
234 20
235 18
236 18
237 18
238 19
239 20
240 19
241 20
242 19
243 27
244 21
245 19
246 20
247 21
248 21
249 23
250 21
251 20
252 20
253 19
254 20
255 19
256 19
257 19
258 20
259 19
260 19
261 18
262 21
263 19
264 19
265 19
266 19
267 20
268 19
269 23
270 24
271 19
272 19
273 19
274 18
275 18
276 22
277 20
278 19
279 19
280 20
281 19
282 18
283 41
284 23
285 20
286 20
287 19
288 19
289 18
290 18
291 18
292 20
293 20
294 22
295 25
296 19
297 19
298 18
299 19
300 18
301 19
302 18
303 17
304 18
305 17
306 19
307 19
308 20
309 22
310 20
311 17
312 19
313 18
314 19
315 19
316 18
317 17
318 18
319 18
320 20
321 18
322 19
323 36
324 20
325 21
326 19
327 19
328 19
329 17
330 18
331 18
332 18
333 33
334 22
335 21
336 21
337 19
338 18
339 19
340 18
341 19
342 19
343 20
344 22
345 19
346 20
347 17
348 18
349 17
350 21
351 18
352 20
353 19
354 19
355 19
356 20
357 19
358 19
359 21
360 25
361 18
362 19
363 35
364 20
365 21
366 19
367 19
368 21
369 33
370 22
371 18
372 38
373 21
374 19
375 19
376 20
377 20
378 19
379 19
380 19
381 18
382 18
383 25
384 20
385 19
386 18
387 19
388 18
389 18
390 19
391 19
392 19
393 19
394 19
395 18
396 19
397 19
398 22
399 20
400 20
401 18
402 19
403 19
404 19
405 19
406 20
407 18
408 18
409 18
410 19
411 19
412 18
413 39
414 21
415 20
416 18
417 18
418 19
419 19
420 19
421 19
422 18
423 18
424 19
425 18
426 18
427 19
428 31
429 22
430 21
431 19
432 20
433 21
434 23
435 20
436 18
437 18
438 20
439 19
440 20
441 19
442 17
443 18
444 20
445 17
446 18
447 20
448 38
449 20
450 21
451 18
452 19
453 18
454 18
455 17
456 19
457 18
458 17
459 18
460 19
461 19
462 20
463 18
464 22
465 25
466 20
467 18
468 18
469 20
470 19
471 20
472 18
473 17
474 19
475 18
476 18
477 19
478 18
479 19
480 25
481 21
482 19
483 20
484 18
485 20
486 20
487 19
488 18
489 18
490 24
491 21
492 19
493 18
494 19
495 18
496 18
497 19
498 19
499 19
500 20
501 17
502 18
503 19
504 18
505 19
506 23
507 19
508 17
509 18
510 20
511 19
512 20
513 17
514 21
515 18
516 19
517 19
518 19
519 17
520 18
521 20
522 23
523 19
524 18
525 17
526 18
527 18
528 18
529 18
530 18
531 19
532 20
533 357
534 28
535 21
536 19
537 34
538 20
539 20
540 19
541 17
542 20
543 19
544 19
545 19
546 18
547 19
548 21
549 19
550 18
551 18
552 19
553 20
554 18
555 18
556 18
557 18
558 20
559 20
560 19
561 19
562 19
563 18
564 22
565 18
566 18
567 18
568 19
569 18
570 18
571 19
572 19
573 19
574 19
575 18
576 19
577 18
578 18
579 18
580 18
581 19
582 20
583 18
584 18
585 18
586 18
587 20
588 17
589 18
590 17
591 18
592 18
593 18
594 18
595 29
596 19
597 18
598 18
599 17
600 18
601 17
602 18
603 18
604 18
605 18
606 19
607 19
608 18
609 17
610 19
611 18
612 18
613 20
614 17
615 18
616 18
617 28
618 18
619 17
620 18
621 18
622 17
623 18
624 17
625 18
626 18
627 17
628 18
629 18
630 18
631 18
632 18
633 18
634 20
635 17
636 18
637 17
638 19
639 18
640 18
641 17
642 18
643 18
644 19
645 17
646 18
647 19
648 18
649 17
650 17
651 17
652 18
653 17
654 17
655 17
656 17
657 17
658 17
659 18
660 27
661 18
662 19
663 17
664 18
665 18
666 18
667 18
668 17
669 18
670 18
671 18
672 19
673 18
674 17
675 18
676 28
677 19
678 18
679 17
680 18
681 18
682 17
683 19
684 17
685 17
686 18
687 17
688 18
689 34
690 18
691 18
692 18
693 19
694 18
695 18
696 18
697 20
698 19
699 18
700 18
701 18
702 19
703 18
704 18
705 18
706 19
707 22
708 17
709 18
710 17
711 18
712 18
713 19
714 21
715 18
716 18
717 17
718 30
719 18
720 19
721 18
722 18
723 17
724 18
725 18
726 18
727 18
728 18
729 18
730 17
731 18
732 19
733 18
734 17
735 18
736 18
737 19
738 17
739 18
740 17
741 18
742 18
743 18
744 18
745 18
746 17
747 27
748 18
749 17
750 19
751 18
752 17
753 17
754 17
755 17
756 18
757 19
758 19
759 17
760 17
761 17
762 18
763 18
764 17
765 17
766 17
767 18
768 17
769 18
770 17
771 20
772 17
773 17
774 20
775 20
776 17
777 17
778 19
779 18
780 17
781 17
782 18
783 18
784 18
785 17
786 17
787 17
788 17
789 17
790 19
791 17
792 18
793 17
794 17
795 18
796 19
797 18
798 18
799 18
800 17
801 18
802 18
803 17
804 17
805 17
806 18
807 17
808 17
809 18
810 17
811 17
812 18
813 19
814 18
815 19
816 19
817 18
818 18
819 17
820 18
821 18
822 17
823 18
824 17
825 18
826 18
827 17
828 18
829 21
830 17
831 17
832 18
833 19
834 18
835 23
836 18
837 17
838 18
839 18
840 18
841 18
842 17
843 18
844 18
845 19
846 19
847 19
848 18
849 17
850 18
851 17
852 18
853 18
854 18
855 17
856 18
857 17
858 17
859 17
860 17
861 27
862 19
863 23
864 18
865 18
866 18
867 17
868 18
869 17
870 18
871 18
872 19
873 19
874 18
875 17
876 17
877 18
878 17
879 18
880 18
881 18
882 18
883 18
884 18
885 17
886 18
887 18
888 18
889 18
890 17
891 17
892 18
893 17
894 17
895 18
896 18
897 18
898 18
899 20
900 19
901 18
902 18
903 18
904 18
905 17
906 17
907 17
908 17
909 17
910 17
911 18
912 17
913 18
914 18
915 17
916 28
917 18
918 18
919 17
920 18
921 26
922 19
923 18
924 17
925 18
926 18
927 18
928 17
929 17
930 18
931 17
932 18
933 18
934 18
935 18
936 17
937 17
938 19
939 18
940 18
941 17
942 18
943 17
944 17
945 18
946 17
947 17
948 18
949 17
950 18
951 18
952 17
953 17
954 28
955 18
956 18
957 18
958 17
959 18
960 18
961 18
962 18
963 19
964 18
965 18
966 18
967 17
968 17
969 17
970 18
971 19
972 17
973 18
974 18
975 18
976 18
977 18
978 17
979 17
980 17
981 17
982 17
983 17
984 17
985 17
986 18
987 18
988 19
989 18
990 17
991 18
992 18
993 17
994 17
995 17
996 19
997 18
998 18
999 19
1000 18
1001 18
1002 17
1003 17
1004 17
1005 17
1006 17
1007 17
1008 17
1009 17
1010 17
1011 17
1012 18
1013 17
1014 17
1015 28
1016 18
1017 18
1018 17
1019 17
1020 17
1021 17
1022 17
1023 17
1024 17
1025 17
1026 17
1027 20
1028 17
1029 17
1030 17
1031 17
1032 17
1033 17
1034 18
1035 20
1036 18
1037 27
1038 19
1039 22
1040 18
1041 17
1042 18
1043 17
1044 17
1045 17
1046 17
1047 18
1048 18
1049 18
1050 18
1051 17
1052 18
1053 19
1054 18
1055 18
1056 17
1057 18
1058 18
1059 18
1060 18
1061 17
1062 17
1063 17
1064 27
1065 19
1066 17
1067 17
1068 18
1069 18
1070 18
1071 18
1072 18
1073 17
1074 18
1075 18
1076 20
1077 18
1078 17
1079 17
1080 18
1081 18
1082 18
1083 18
1084 18
1085 17
1086 18
1087 19
1088 17
1089 18
1090 17
1091 20
1092 17
1093 18
1094 17
1095 17
1096 18
1097 17
1098 17
1099 18
1100 17
1101 18
1102 17
1103 18
1104 18
1105 18
1106 18
1107 17
1108 18
1109 18
1110 17
1111 18
1112 18
1113 18
1114 17
1115 27
1116 19
1117 17
1118 17
1119 18
1120 17
1121 19
1122 17
1123 17
1124 20
1125 17
1126 18
1127 17
1128 17
1129 17
1130 17
1131 17
1132 19
1133 17
1134 17
1135 18
1136 21
1137 18
1138 18
1139 18
1140 17
1141 19
1142 19
1143 19
1144 17
1145 17
1146 17
1147 17
1148 17
1149 17
1150 17
1151 17
1152 17
1153 17
1154 17
1155 19
1156 17
1157 17
1158 17
1159 17
1160 17
1161 17
1162 18
1163 18
1164 18
1165 17
1166 17
1167 17
1168 17
1169 18
1170 17
1171 17
1172 17
1173 18
1174 18
1175 18
1176 18
1177 17
1178 17
1179 17
1180 17
1181 17
1182 19
1183 19
1184 18
1185 18
1186 18
1187 19
1188 18
1189 18
1190 17
1191 18
1192 18
1193 18
1194 18
1195 17
1196 17
1197 20
1198 18
1199 18
1200 17
1201 18
1202 17
1203 18
1204 18
1205 18
1206 18
1207 18
1208 17
1209 17
1210 18
1211 17
1212 17
1213 17
1214 18
1215 18
1216 21
1217 18
1218 17
1219 20
1220 19
1221 18
1222 17
1223 19
1224 20
1225 18
1226 18
1227 18
1228 18
1229 17
1230 18
1231 17
1232 18
1233 17
1234 17
1235 18
1236 18
1237 17
1238 18
1239 18
1240 18
1241 21
1242 18
1243 18
1244 18
1245 18
1246 17
1247 17
1248 18
1249 17
1250 18
1251 18
1252 18
1253 17
1254 17
1255 18
1256 18
1257 17
1258 18
1259 17
1260 18
1261 18
1262 18
1263 28
1264 19
1265 18
1266 17
1267 19
1268 18
1269 18
1270 18
1271 17
1272 26
1273 18
1274 17
1275 18
1276 17
1277 17
1278 18
1279 17
1280 17
1281 18
1282 18
1283 22
1284 19
1285 19
1286 17
1287 18
1288 18
1289 17
1290 17
1291 17
1292 17
1293 17
1294 18
1295 19
1296 18
1297 18
1298 17
1299 18
1300 18
1301 18
1302 18
1303 17
1304 18
1305 18
1306 17
1307 17
1308 18
1309 17
1310 18
1311 18
1312 18
1313 18
1314 18
1315 18
1316 18
1317 18
1318 18
1319 22
1320 18
1321 18
1322 18
1323 18
1324 17
1325 18
1326 18
1327 18
1328 19
1329 17
1330 18
1331 18
1332 18
1333 21
1334 19
1335 18
1336 18
1337 17
1338 18
1339 17
1340 17
1341 17
1342 18
1343 29
1344 18
1345 18
1346 18
1347 21
1348 29
1349 18
1350 18
1351 18
1352 18
1353 26
1354 18
1355 18
1356 18
1357 18
1358 18
1359 18
1360 18
1361 17
1362 17
1363 18
1364 19
1365 19
1366 18
1367 17
1368 17
1369 18
1370 17
1371 17
1372 17
1373 17
1374 18
1375 17
1376 20
1377 17
1378 18
1379 17
1380 17
1381 18
1382 18
1383 17
1384 17
1385 17
1386 17
1387 17
1388 17
1389 22
1390 18
1391 18
1392 19
1393 18
1394 19
1395 18
1396 18
1397 18
1398 17
1399 17
1400 17
1401 17
1402 18
1403 17
1404 17
1405 17
1406 17
1407 17
1408 18
1409 18
1410 18
1411 21
1412 17
1413 18
1414 17
1415 17
1416 17
1417 17
1418 18
1419 17
1420 21
1421 17
1422 18
1423 18
1424 18
1425 18
1426 18
1427 19
1428 18
1429 18
1430 18
1431 17
1432 18
1433 18
1434 19
1435 17
1436 17
1437 17
1438 18
1439 18
1440 17
1441 18
1442 18
1443 17
1444 18
1445 18
1446 17
1447 18
1448 18
1449 19
1450 20
1451 20
1452 17
1453 18
1454 17
1455 18
1456 18
1457 19
1458 18
1459 17
1460 18
1461 18
1462 17
1463 17
1464 17
1465 17
1466 17
1467 17
1468 18
1469 38
1470 19
1471 19
1472 17
1473 19
1474 19
1475 28
1476 18
1477 18
1478 17
1479 18
1480 17
1481 16
1482 17
1483 17
1484 17
1485 18
1486 18
1487 17
1488 19
1489 17
1490 20
1491 21
1492 18
1493 18
1494 17
1495 35
1496 21
1497 20
1498 18
1499 18
1500 17
1501 19
1502 19
1503 18
1504 19
1505 18
1506 18
1507 17
1508 17
1509 19
1510 18
1511 19
1512 17
1513 19
1514 19
1515 19
1516 19
1517 18
1518 18
1519 18
1520 18
1521 18
1522 18
1523 18
1524 18
1525 17
1526 18
1527 18
1528 18
1529 18
1530 17
1531 17
1532 18
1533 18
1534 18
1535 19
1536 22
1537 17
1538 19
1539 22
1540 18
1541 18
1542 17
1543 17
1544 17
1545 17
1546 17
1547 17
1548 17
1549 19
1550 20
1551 18
1552 18
1553 19
1554 17
1555 18
1556 18
1557 17
1558 17
1559 17
1560 17
1561 17
1562 29
1563 18
1564 17
1565 18
1566 18
1567 18
1568 17
1569 17
1570 17
1571 17
1572 17
1573 18
1574 18
1575 17
1576 17
1577 29
1578 19
1579 18
1580 18
1581 18
1582 18
1583 17
1584 17
1585 17
1586 19
1587 27
1588 18
1589 17
1590 18
1591 17
1592 17
1593 18
1594 18
1595 18
1596 18
1597 18
1598 18
1599 17
1600 18
1601 17
1602 18
1603 28
1604 19
1605 18
1606 18
1607 17
1608 18
1609 17
1610 17
1611 17
1612 17
1613 17
1614 18
1615 17
1616 17
1617 17
1618 17
1619 17
1620 18
1621 17
1622 17
1623 18
1624 17
1625 17
1626 17
1627 17
1628 18
1629 17
1630 17
1631 17
1632 18
1633 17
1634 18
1635 18
1636 18
1637 17
1638 19
1639 18
1640 18
1641 17
1642 17
1643 17
1644 17
1645 17
1646 18
1647 17
1648 17
1649 18
1650 17
1651 18
1652 18
1653 18
1654 18
1655 17
1656 17
1657 18
1658 17
1659 18
1660 19
1661 16
1662 20
1663 17
1664 18
1665 19
1666 19
1667 27
1668 19
1669 19
1670 19
1671 18
1672 19
1673 19
1674 17
1675 17
1676 17
1677 17
1678 19
1679 19
1680 18
1681 19
1682 19
1683 19
1684 17
1685 17
1686 17
1687 18
1688 18
1689 17
1690 17
1691 19
1692 18
1693 19
1694 17
1695 19
1696 18
1697 19
1698 19
1699 19
1700 19
1701 18
1702 19
1703 17
1704 17
1705 17
1706 18
1707 18
1708 17
1709 19
1710 19
1711 19
1712 18
1713 18
1714 18
1715 17
1716 17
1717 18
1718 18
1719 18
1720 18
1721 19
1722 20
1723 19
1724 19
1725 19
1726 18
1727 19
1728 19
1729 21
1730 37
1731 29
1732 21
1733 22
1734 25
1735 23
1736 19
1737 18
1738 24
1739 19
1740 19
1741 20
1742 22
1743 26
1744 19
1745 17
1746 18
1747 22
1748 22
1749 19
1750 19
1751 18
1752 20
1753 19
1754 17
1755 19
1756 18
1757 19
1758 19
1759 19
1760 17
1761 19
1762 18
1763 19
1764 19
1765 18
1766 19
1767 18
1768 19
1769 18
1770 18
1771 17
1772 19
1773 18
1774 34
1775 21
1776 19
1777 20
1778 20
1779 19
1780 19
1781 19
1782 19
1783 20
1784 23
1785 18
1786 17
1787 18
1788 19
1789 17
1790 19
1791 18
1792 19
1793 18
1794 22
1795 27
1796 19
1797 18
1798 19
1799 18
1800 19
1801 18
1802 17
1803 18
1804 19
1805 18
1806 19
1807 19
1808 17
1809 18
1810 18
1811 17
1812 19
1813 19
1814 17
1815 19
1816 18
1817 19
1818 17
1819 19
1820 19
1821 20
1822 24
1823 18
1824 19
1825 20
1826 23
1827 19
1828 17
1829 18
1830 19
1831 18
1832 19
1833 18
1834 17
1835 19
1836 18
1837 19
1838 17
1839 17
1840 19
1841 18
1842 19
1843 19
1844 19
1845 20
1846 18
1847 19
1848 18
1849 19
1850 17
1851 17
1852 18
1853 20
1854 21
1855 20
1856 19
1857 19
1858 19
1859 25
1860 17
1861 18
1862 19
1863 19
1864 18
1865 19
1866 17
1867 18
1868 17
1869 18
1870 17
1871 17
1872 19
1873 19
1874 18
1875 18
1876 18
1877 19
1878 19
1879 17
1880 18
1881 18
1882 17
1883 19
1884 35
1885 19
1886 17
1887 19
1888 20
1889 19
1890 19
1891 19
1892 18
1893 19
1894 20
1895 21
1896 19
1897 18
1898 18
1899 22
1900 19
1901 55
1902 21
1903 19
1904 22
1905 20
1906 19
1907 18
1908 18
1909 18
1910 19
1911 18
1912 18
1913 19
1914 18
1915 18
1916 18
1917 17
1918 19
1919 19
1920 18
1921 18
1922 18
1923 21
1924 24
1925 20
1926 20
1927 19
1928 18
1929 18
1930 18
1931 19
1932 18
1933 18
1934 19
1935 19
1936 18
1937 18
1938 23
1939 21
1940 20
1941 19
1942 18
1943 19
1944 19
1945 19
1946 17
1947 18
1948 17
1949 18
1950 19
1951 18
1952 19
1953 21
1954 22
1955 20
1956 19
1957 17
1958 19
1959 17
1960 18
1961 18
1962 18
1963 17
1964 19
1965 21
1966 20
1967 19
1968 18
1969 18
1970 17
1971 17
1972 18
1973 18
1974 18
1975 17
1976 18
1977 17
1978 17
1979 17
1980 22
1981 22
1982 19
1983 19
1984 19
1985 18
1986 18
1987 18
1988 18
1989 19
1990 19
1991 19
1992 18
1993 17
1994 17
1995 18
1996 19
1997 19
1998 19
1999 20
2000 18
2001 22
2002 19
2003 19
2004 18
2005 18
2006 18
2007 18
2008 17
2009 17
2010 17
2011 17
2012 17
2013 19
2014 18
2015 18
2016 18
2017 17
2018 18
2019 18
2020 18
2021 17
2022 17
2023 19
2024 18
2025 18
2026 17
2027 17
2028 18
2029 18
2030 17
2031 20
2032 18
2033 18
2034 17
2035 18
2036 17
2037 18
2038 17
2039 18
2040 18
2041 18
2042 18
2043 18
2044 17
2045 17
2046 18
2047 18
2048 23
2049 18
2050 17
2051 19
2052 18
2053 18
2054 18
2055 17
2056 17
2057 17
2058 18
2059 17
2060 18
2061 17
2062 19
2063 18
2064 18
2065 18
2066 18
2067 17
2068 18
2069 18
2070 18
2071 17
2072 17
2073 17
2074 17
2075 17
2076 18
2077 18
2078 17
2079 18
2080 17
2081 18
2082 18
2083 18
2084 18
2085 17
2086 19
2087 18
2088 18
2089 17
2090 19
2091 17
2092 17
2093 17
2094 18
2095 17
2096 18
2097 17
2098 18
2099 18
2100 18
2101 18
2102 17
2103 18
2104 18
2105 17
2106 18
2107 17
2108 18
2109 17
2110 18
2111 17
2112 18
2113 19
2114 17
2115 18
2116 18
2117 17
2118 19
2119 18
2120 17
2121 18
2122 18
2123 18
2124 18
2125 18
2126 18
2127 18
2128 18
2129 17
2130 18
2131 18
2132 19
2133 19
2134 19
2135 19
2136 18
2137 18
2138 19
2139 19
2140 21
2141 18
2142 17
2143 19
2144 18
2145 17
2146 17
2147 17
2148 17
2149 17
2150 18
2151 17
2152 18
2153 18
2154 18
2155 18
2156 17
2157 18
2158 17
2159 18
2160 17
2161 17
2162 19
2163 18
2164 19
2165 17
2166 18
2167 18
2168 18
2169 17
2170 18
2171 18
2172 17
2173 17
2174 18
2175 18
2176 17
2177 17
2178 18
2179 18
2180 19
2181 19
2182 18
2183 18
2184 18
2185 18
2186 18
2187 18
2188 17
2189 20
2190 17
2191 18
2192 17
2193 17
2194 18
2195 19
2196 18
2197 18
2198 18
2199 18
2200 19
2201 19
2202 17
2203 18
2204 18
2205 17
2206 17
2207 17
2208 17
2209 18
2210 18
2211 19
2212 17
2213 18
2214 18
2215 18
2216 19
2217 18
2218 18
2219 18
2220 18
2221 18
2222 19
2223 20
2224 35
2225 20
2226 18
2227 18
2228 19
2229 19
2230 18
2231 18
2232 20
2233 20
2234 18
2235 18
2236 18
2237 21
2238 18
2239 18
2240 18
2241 18
2242 18
2243 20
2244 17
2245 18
2246 18
2247 18
2248 18
2249 18
2250 17
2251 17
2252 18
2253 18
2254 20
2255 19
2256 17
2257 17
2258 17
2259 17
2260 18
2261 17
2262 18
2263 17
2264 18
2265 18
2266 17
2267 18
2268 17
2269 17
2270 18
2271 17
2272 17
2273 18
2274 18
2275 17
2276 18
2277 18
2278 17
2279 18
2280 17
2281 18
2282 18
2283 18
2284 18
2285 17
2286 18
2287 18
2288 17
2289 17
2290 18
2291 18
2292 17
2293 18
2294 18
2295 17
2296 18
2297 17
2298 18
2299 19
2300 19
2301 19
2302 18
2303 17
2304 18
2305 17
2306 18
2307 17
2308 18
2309 19
2310 18
2311 17
2312 17
2313 18
2314 17
2315 17
2316 17
2317 17
2318 18
2319 17
2320 17
2321 17
2322 18
2323 17
2324 17
2325 17
2326 17
2327 17
2328 17
2329 18
2330 17
2331 18
2332 17
2333 17
2334 17
2335 17
2336 17
2337 31
2338 19
2339 17
2340 18
2341 17
2342 18
2343 19
2344 17
2345 18
2346 17
2347 18
2348 18
2349 17
2350 17
2351 18
2352 18
2353 20
2354 18
2355 17
2356 18
2357 18
2358 17
2359 18
2360 17
2361 18
2362 18
2363 18
2364 18
2365 17
2366 18
2367 17
2368 18
2369 17
2370 17
2371 18
2372 18
2373 17
2374 18
2375 17
2376 17
2377 17
2378 17
2379 17
2380 27
2381 18
2382 18
2383 18
2384 17
2385 18
2386 18
2387 18
2388 18
2389 17
2390 18
2391 18
2392 17
2393 18
2394 18
2395 17
2396 18
2397 19
2398 17
2399 22
2400 17
2401 18
2402 19
2403 18
2404 18
2405 17
2406 19
2407 18
2408 18
2409 18
2410 17
2411 18
2412 18
2413 18
2414 18
2415 18
2416 18
2417 17
2418 18
2419 19
2420 18
2421 17
2422 18
2423 18
2424 18
2425 18
2426 18
2427 17
2428 17
2429 18
2430 18
2431 18
2432 18
2433 17
2434 17
2435 19
2436 17
2437 18
2438 17
2439 17
2440 17
2441 17
2442 17
2443 17
2444 18
2445 17
2446 17
2447 18
2448 18
2449 18
2450 17
2451 17
2452 19
2453 17
2454 18
2455 18
2456 18
2457 17
2458 17
2459 18
2460 18
2461 17
2462 17
2463 18
2464 17
2465 17
2466 18
2467 18
2468 18
2469 17
2470 17
2471 17
2472 17
2473 18
2474 18
2475 17
2476 17
2477 17
2478 17
2479 17
2480 19
2481 18
2482 18
2483 17
2484 17
2485 17
2486 17
2487 17
2488 17
2489 17
2490 18
2491 17
2492 18
2493 17
2494 17
2495 17
2496 17
2497 19
2498 18
2499 17
2500 17
2501 17
2502 17
2503 17
2504 17
2505 18
2506 18
2507 17
2508 17
2509 17
2510 17
2511 17
2512 17
2513 17
2514 18
2515 17
2516 18
2517 18
2518 17
2519 17
2520 19
2521 18
2522 18
2523 18
2524 18
2525 18
2526 17
2527 18
2528 18
2529 18
2530 18
2531 19
2532 18
2533 17
2534 19
2535 18
2536 18
2537 18
2538 17
2539 18
2540 18
2541 18
2542 19
2543 18
2544 18
2545 17
2546 18
2547 17
2548 17
2549 18
2550 18
2551 17
2552 18
2553 18
2554 18
2555 17
2556 18
2557 17
2558 19
2559 17
2560 18
2561 18
2562 17
2563 18
2564 18
2565 18
2566 18
2567 17
2568 17
2569 19
2570 18
2571 17
2572 18
2573 18
2574 17
2575 18
2576 17
2577 27
2578 18
2579 18
2580 19
2581 19
2582 17
2583 18
2584 18
2585 18
2586 20
2587 18
2588 18
2589 18
2590 18
2591 17
2592 18
2593 18
2594 18
2595 17
2596 17
2597 18
2598 18
2599 18
2600 19
2601 28
2602 19
2603 17
2604 19
2605 18
2606 18
2607 18
2608 18
2609 18
2610 17
2611 18
2612 18
2613 19
2614 18
2615 18
2616 18
2617 17
2618 17
2619 18
2620 18
2621 17
2622 17
2623 18
2624 18
2625 17
2626 17
2627 17
2628 17
2629 19
2630 18
2631 17
2632 18
2633 17
2634 18
2635 18
2636 18
2637 18
2638 18
2639 18
2640 17
2641 18
2642 17
2643 18
2644 17
2645 18
2646 19
2647 17
2648 18
2649 18
2650 18
2651 19
2652 18
2653 18
2654 19
2655 18
2656 19
2657 18
2658 17
2659 17
2660 17
2661 18
2662 17
2663 17
2664 18
2665 17
2666 18
2667 18
2668 18
2669 18
2670 18
2671 17
2672 17
2673 17
2674 18
2675 18
2676 17
2677 18
2678 21
2679 18
2680 19
2681 17
2682 18
2683 17
2684 17
2685 18
2686 19
2687 19
2688 18
2689 18
2690 17
2691 17
2692 18
2693 17
2694 18
2695 21
2696 17
2697 22
2698 17
2699 17
2700 19
2701 19
2702 18
2703 18
2704 18
2705 18
2706 18
2707 17
2708 18
2709 18
2710 18
2711 18
2712 18
2713 18
2714 18
2715 17
2716 17
2717 19
2718 20
2719 19
2720 18
2721 18
2722 17
2723 18
2724 18
2725 17
2726 17
2727 18
2728 20
2729 17
2730 18
2731 18
2732 18
2733 18
2734 18
2735 18
2736 18
2737 17
2738 17
2739 18
2740 18
2741 17
2742 18
2743 18
2744 18
2745 18
2746 18
2747 18
2748 17
2749 19
2750 19
2751 19
2752 28
2753 19
2754 18
2755 17
2756 17
2757 18
2758 17
2759 17
2760 17
2761 21
2762 17
2763 17
2764 17
2765 17
2766 19
2767 17
2768 18
2769 18
2770 17
2771 17
2772 18
2773 17
2774 18
2775 17
2776 17
2777 19
2778 17
2779 18
2780 17
2781 17
2782 17
2783 18
2784 18
2785 18
2786 17
2787 17
2788 17
2789 17
2790 17
2791 17
2792 17
2793 17
2794 17
2795 17
2796 17
2797 17
2798 17
2799 17
2800 17
2801 18
2802 18
2803 17
2804 18
2805 17
2806 18
2807 17
2808 17
2809 17
2810 17
2811 17
2812 17
2813 17
2814 17
2815 17
2816 17
2817 18
2818 18
2819 17
2820 18
2821 17
2822 18
2823 18
2824 18
2825 21
2826 17
2827 18
2828 18
2829 18
2830 18
2831 18
2832 17
2833 17
2834 17
2835 17
2836 17
2837 18
2838 18
2839 18
2840 18
2841 17
2842 17
2843 17
2844 17
2845 17
2846 18
2847 18
2848 17
2849 17
2850 18
2851 17
2852 18
2853 17
2854 18
2855 27
2856 19
2857 19
2858 17
2859 17
2860 18
2861 19
2862 18
2863 18
2864 18
2865 18
2866 18
2867 17
2868 18
2869 18
2870 17
2871 17
2872 19
2873 18
2874 18
2875 19
2876 17
2877 17
2878 17
2879 17
2880 17
2881 18
2882 17
2883 17
2884 18
2885 18
2886 18
2887 18
2888 19
2889 22
2890 18
2891 17
2892 18
2893 18
2894 19
2895 17
2896 19
2897 17
2898 18
2899 18
2900 17
2901 17
2902 18
2903 18
2904 19
2905 20
2906 20
2907 18
2908 18
2909 18
2910 17
2911 19
2912 18
2913 17
2914 17
2915 21
2916 21
2917 18
2918 18
2919 18
2920 18
2921 18
2922 18
2923 17
2924 18
2925 19
2926 20
2927 20
2928 29
2929 20
2930 18
2931 21
2932 20
2933 17
2934 17
2935 17
2936 19
2937 17
2938 17
2939 17
2940 18
2941 19
2942 18
2943 19
2944 19
2945 17
2946 19
2947 20
2948 20
2949 18
2950 19
2951 21
2952 19
2953 25
2954 20
2955 19
2956 20
2957 20
2958 18
2959 19
2960 17
2961 19
2962 21
2963 22
2964 20
2965 20
2966 20
2967 19
2968 18
2969 19
2970 19
2971 18
2972 17
2973 17
2974 17
2975 17
2976 18
2977 18
2978 17
2979 18
2980 18
2981 17
2982 17
2983 26
2984 18
2985 18
2986 18
2987 18
2988 17
2989 19
2990 18
2991 18
2992 17
2993 18
2994 18
2995 17
2996 18
2997 18
2998 18
2999 18
3000 20
3001 21
3002 18
3003 18
3004 17
3005 18
3006 17
3007 18
3008 17
3009 17
3010 17
3011 18
3012 17
3013 18
3014 18
3015 17
3016 18
3017 32
3018 20
3019 19
3020 19
3021 17
3022 18
3023 17
3024 18
3025 18
3026 18
3027 20
3028 18
3029 17
3030 18
3031 18
3032 18
3033 18
3034 17
3035 17
3036 19
3037 19
3038 17
3039 17
3040 19
3041 17
3042 20
3043 17
3044 19
3045 20
3046 20
3047 17
3048 50
3049 21
3050 21
3051 22
3052 19
3053 19
3054 18
3055 19
3056 19
3057 35
3058 22
3059 21
3060 19
3061 19
3062 17
3063 17
3064 18
3065 18
3066 19
3067 19
3068 18
3069 19
3070 17
3071 19
3072 17
3073 18
3074 19
3075 28
3076 20
3077 18
3078 19
3079 18
3080 19
3081 25
3082 21
3083 24
3084 20
3085 18
3086 18
3087 19
3088 18
3089 17
3090 17
3091 18
3092 18
3093 19
3094 19
3095 21
3096 19
3097 18
3098 17
3099 17
3100 18
3101 17
3102 21
3103 22
3104 18
3105 19
3106 20
3107 18
3108 18
3109 19
3110 19
3111 19
3112 18
3113 19
3114 18
3115 18
3116 17
3117 17
3118 17
3119 21
3120 18
3121 22
3122 17
3123 19
3124 19
3125 18
3126 18
3127 18
3128 17
3129 18
3130 19
3131 17
3132 17
3133 20
3134 20
3135 19
3136 19
3137 18
3138 19
3139 17
3140 22
3141 19
3142 18
3143 17
3144 18
3145 24
3146 17
3147 18
3148 18
3149 17
3150 17
3151 19
3152 38
3153 21
3154 19
3155 17
3156 18
3157 17
3158 18
3159 17
3160 30
3161 19
3162 18
3163 18
3164 17
3165 19
3166 18
3167 18
3168 19
3169 19
3170 32
3171 19
3172 19
3173 19
3174 20
3175 19
3176 18
3177 18
3178 19
3179 17
3180 18
3181 25
3182 19
3183 18
3184 18
3185 17
3186 18
3187 19
3188 18
3189 18
3190 18
3191 21
3192 21
3193 18
3194 17
3195 18
3196 20
3197 21
3198 19
3199 19
3200 18
3201 20
3202 19
3203 19
3204 19
3205 18
3206 17
3207 19
3208 19
3209 29
3210 19
3211 17
3212 18
3213 19
3214 20
3215 19
3216 19
3217 20
3218 20
3219 19
3220 18
3221 19
3222 19
3223 18
3224 18
3225 18
3226 18
3227 18
3228 19
3229 17
3230 19
3231 20
3232 18
3233 20
3234 18
3235 19
3236 18
3237 18
3238 19
3239 24
3240 18
3241 18
3242 17
3243 18
3244 19
3245 19
3246 19
3247 18
3248 17
3249 21
3250 18
3251 19
3252 19
3253 18
3254 17
3255 18
3256 18
3257 18
3258 18
3259 18
3260 18
3261 18
3262 776
3263 30
3264 24
3265 21
3266 19
3267 17
3268 17
3269 17
3270 19
3271 17
3272 19
3273 19
3274 18
3275 25
3276 22
3277 18
3278 18
3279 18
3280 18
3281 18
3282 18
3283 18
3284 18
3285 19
3286 18
3287 17
3288 18
3289 18
3290 23
3291 20
3292 19
3293 18
3294 19
3295 19
3296 20
3297 21
3298 18
3299 17
3300 18
3301 21
3302 21
3303 18
3304 17
3305 19
3306 19
3307 19
3308 19
3309 19
3310 19
3311 22
3312 20
3313 21
3314 19
3315 18
3316 18
3317 19
3318 18
3319 18
3320 20
3321 19
3322 25
3323 20
3324 19
3325 19
3326 19
3327 20
3328 18
3329 19
3330 20
3331 19
3332 22
3333 19
3334 18
3335 18
3336 20
3337 19
3338 18
3339 19
3340 19
3341 20
3342 22
3343 21
3344 21
3345 19
3346 18
3347 18
3348 18
3349 17
3350 18
3351 19
3352 21
3353 19
3354 19
3355 18
3356 19
3357 20
3358 19
3359 18
3360 18
3361 19
3362 18
3363 18
3364 18
3365 19
3366 18
3367 19
3368 19
3369 18
3370 18
3371 19
3372 18
3373 18
3374 18
3375 18
3376 18
3377 18
3378 17
3379 17
3380 18
3381 18
3382 18
3383 18
3384 18
3385 18
3386 17
3387 18
3388 18
3389 18
3390 17
3391 18
3392 17
3393 18
3394 18
3395 17
3396 17
3397 18
3398 33
3399 19
3400 18
3401 19
3402 18
3403 18
3404 17
3405 18
3406 18
3407 17
3408 18
3409 17
3410 18
3411 18
3412 18
3413 18
3414 17
3415 18
3416 17
3417 19
3418 17
3419 18
3420 18
3421 17
3422 17
3423 18
3424 17
3425 18
3426 18
3427 17
3428 17
3429 17
3430 17
3431 17
3432 17
3433 17
3434 19
3435 18
3436 17
3437 17
3438 17
3439 17
3440 17
3441 17
3442 17
3443 17
3444 17
3445 17
3446 17
3447 17
3448 18
3449 17
3450 17
3451 17
3452 17
3453 17
3454 17
3455 17
3456 17
3457 17
3458 17
3459 17
3460 17
3461 17
3462 17
3463 19
3464 17
3465 17
3466 17
3467 18
3468 17
3469 18
3470 17
3471 18
3472 18
3473 17
3474 17
3475 17
3476 18
3477 18
3478 18
3479 18
3480 18
3481 18
3482 17
3483 17
3484 17
3485 17
3486 18
3487 17
3488 17
3489 20
3490 17
3491 18
3492 17
3493 17
3494 17
3495 17
3496 18
3497 19
3498 17
3499 18
3500 17
3501 17
3502 17
3503 17
3504 18
3505 18
3506 17
3507 17
3508 17
3509 17
3510 17
3511 17
3512 17
3513 19
3514 18
3515 18
3516 17
3517 17
3518 17
3519 17
3520 17
3521 18
3522 17
3523 17
3524 18
3525 18
3526 18
3527 17
3528 17
3529 17
3530 18
3531 17
3532 18
3533 17
3534 17
3535 17
3536 17
3537 19
3538 18
3539 17
3540 18
3541 17
3542 17
3543 17
3544 17
3545 17
3546 29
3547 20
3548 18
3549 17
3550 17
3551 17
3552 17
3553 21
3554 17
3555 17
3556 17
3557 19
3558 17
3559 17
3560 17
3561 17
3562 17
3563 19
3564 19
3565 18
3566 17
3567 17
3568 17
3569 17
3570 17
3571 17
3572 17
3573 18
3574 18
3575 18
3576 28
3577 18
3578 18
3579 17
3580 17
3581 18
3582 17
3583 17
3584 17
3585 17
3586 17
3587 17
3588 17
3589 18
3590 18
3591 18
3592 17
3593 17
3594 17
3595 17
3596 19
3597 19
3598 18
3599 18
3600 17
3601 17
3602 18
3603 17
3604 17
3605 17
3606 17
3607 18
3608 17
3609 17
3610 18
3611 18
3612 19
3613 17
3614 17
3615 18
3616 18
3617 22
3618 18
3619 18
3620 17
3621 18
3622 17
3623 17
3624 19
3625 18
3626 18
3627 18
3628 17
3629 17
3630 18
3631 18
3632 18
3633 18
3634 18
3635 18
3636 17
3637 18
3638 18
3639 17
3640 18
3641 19
3642 18
3643 17
3644 17
3645 17
3646 17
3647 17
3648 18
3649 17
3650 17
3651 18
3652 19
3653 18
3654 18
3655 17
3656 16
3657 17
3658 17
3659 17
3660 17
3661 17
3662 17
3663 17
3664 18
3665 17
3666 18
3667 17
3668 17
3669 18
3670 17
3671 18
3672 17
3673 18
3674 17
3675 17
3676 18
3677 17
3678 17
3679 18
3680 18
3681 20
3682 17
3683 17
3684 17
3685 18
3686 19
3687 18
3688 19
3689 18
3690 19
3691 20
3692 18
3693 18
3694 17
3695 17
3696 17
3697 17
3698 17
3699 17
3700 17
3701 17
3702 17
3703 17
3704 17
3705 17
3706 17
3707 17
3708 17
3709 17
3710 17
3711 17
3712 17
3713 17
3714 17
3715 17
3716 17
3717 17
3718 17
3719 18
3720 17
3721 18
3722 17
3723 18
3724 18
3725 17
3726 17
3727 17
3728 17
3729 17
3730 18
3731 17
3732 18
3733 17
3734 17
3735 18
3736 18
3737 18
3738 18
3739 18
3740 17
3741 17
3742 17
3743 18
3744 18
3745 19
3746 17
3747 18
3748 18
3749 17
3750 18
3751 18
3752 18
3753 19
3754 17
3755 20
3756 18
3757 19
3758 17
3759 18
3760 18
3761 18
3762 17
3763 18
3764 18
3765 17
3766 17
3767 17
3768 17
3769 18
3770 17
3771 18
3772 18
3773 17
3774 19
3775 18
3776 17
3777 18
3778 18
3779 18
3780 17
3781 18
3782 17
3783 17
3784 17
3785 18
3786 17
3787 18
3788 17
3789 17
3790 18
3791 19
3792 18
3793 18
3794 17
3795 18
3796 18
3797 18
3798 17
3799 18
3800 18
3801 17
3802 17
3803 17
3804 17
3805 17
3806 18
3807 18
3808 17
3809 20
3810 18
3811 18
3812 26
3813 19
3814 17
3815 18
3816 17
3817 17
3818 17
3819 18
3820 18
3821 18
3822 18
3823 17
3824 18
3825 17
3826 18
3827 18
3828 17
3829 18
3830 17
3831 18
3832 18
3833 18
3834 17
3835 17
3836 18
3837 18
3838 17
3839 17
3840 18
3841 18
3842 17
3843 18
3844 18
3845 17
3846 19
3847 18
3848 18
3849 17
3850 18
3851 17
3852 17
3853 18
3854 18
3855 17
3856 17
3857 18
3858 17
3859 17
3860 17
3861 17
3862 18
3863 19
3864 18
3865 18
3866 17
3867 18
3868 17
3869 17
3870 18
3871 18
3872 17
3873 19
3874 19
3875 17
3876 18
3877 18
3878 17
3879 18
3880 17
3881 17
3882 18
3883 18
3884 17
3885 18
3886 17
3887 18
3888 17
3889 18
3890 18
3891 18
3892 17
3893 17
3894 17
3895 17
3896 17
3897 17
3898 18
3899 16
3900 17
3901 17
3902 17
3903 17
3904 17
3905 17
3906 17
3907 17
3908 18
3909 18
3910 18
3911 18
3912 17
3913 18
3914 17
3915 18
3916 18
3917 18
3918 18
3919 20
3920 17
3921 18
3922 17
3923 18
3924 18
3925 17
3926 18
3927 18
3928 17
3929 17
3930 19
3931 17
3932 27
3933 19
3934 18
3935 18
3936 18
3937 20
3938 17
3939 18
3940 17
3941 18
3942 18
3943 18
3944 17
3945 17
3946 19
3947 18
3948 18
3949 17
3950 17
3951 18
3952 18
3953 17
3954 18
3955 18
3956 18
3957 18
3958 18
3959 18
3960 17
3961 18
3962 17
3963 18
3964 18
3965 17
3966 18
3967 17
3968 19
3969 17
3970 18
3971 17
3972 18
3973 18
3974 21
3975 19
3976 17
3977 17
3978 18
3979 18
3980 17
3981 18
3982 18
3983 18
3984 18
3985 19
3986 17
3987 17
3988 17
3989 17
3990 17
3991 17
3992 17
3993 18
3994 17
3995 17
3996 17
3997 17
3998 17
3999 17
4000 17
4001 21
4002 18
4003 18
4004 18
4005 18
4006 18
4007 19
4008 18
4009 17
4010 17
4011 17
4012 17
4013 17
4014 17
4015 17
4016 17
4017 17
4018 18
4019 18
4020 18
4021 18
4022 17
4023 18
4024 17
4025 18
4026 17
4027 18
4028 17
4029 18
4030 18
4031 17
4032 17
4033 18
4034 17
4035 18
4036 18
4037 17
4038 18
4039 17
4040 18
4041 18
4042 19
4043 18
4044 18
4045 17
4046 18
4047 17
4048 18
4049 18
4050 18
4051 18
4052 17
4053 17
4054 18
4055 18
4056 17
4057 18
4058 17
4059 18
4060 17
4061 18
4062 18
4063 17
4064 20
4065 20
4066 19
4067 17
4068 17
4069 17
4070 17
4071 17
4072 17
4073 18
4074 17
4075 18
4076 18
4077 17
4078 17
4079 18
4080 17
4081 18
4082 18
4083 17
4084 17
4085 17
4086 17
4087 17
4088 18
4089 17
4090 19
4091 18
4092 17
4093 17
4094 18
4095 19
4096 18
4097 17
4098 18
4099 18
4100 17
4101 17
4102 17
4103 17
4104 18
4105 17
4106 17
4107 18
4108 18
4109 18
4110 18
4111 17
4112 18
4113 18
4114 17
4115 18
4116 18
4117 18
4118 19
4119 17
4120 18
4121 18
4122 17
4123 18
4124 18
4125 17
4126 17
4127 18
4128 17
4129 20
4130 17
4131 18
4132 17
4133 18
4134 17
4135 18
4136 17
4137 18
4138 17
4139 17
4140 18
4141 19
4142 17
4143 18
4144 18
4145 17
4146 17
4147 16
4148 17
4149 17
4150 17
4151 17
4152 19
4153 17
4154 17
4155 18
4156 18
4157 18
4158 17
4159 18
4160 18
4161 19
4162 18
4163 18
4164 18
4165 18
4166 18
4167 18
4168 17
4169 18
4170 18
4171 17
4172 17
4173 17
4174 17
4175 17
4176 17
4177 18
4178 17
4179 18
4180 18
4181 19
4182 17
4183 18
4184 17
4185 18
4186 18
4187 17
4188 17
4189 17
4190 17
4191 18
4192 17
4193 20
4194 17
4195 18
4196 20
4197 18
4198 17
4199 18
4200 18
4201 17
4202 18
4203 17
4204 17
4205 17
4206 17
4207 18
4208 19
4209 17
4210 17
4211 18
4212 17
4213 17
4214 17
4215 17
4216 17
4217 17
4218 17
4219 17
4220 17
4221 16
4222 17
4223 17
4224 18
4225 19
4226 18
4227 17
4228 17
4229 17
4230 17
4231 17
4232 17
4233 17
4234 18
4235 18
4236 18
4237 18
4238 18
4239 18
4240 18
4241 19
4242 17
4243 17
4244 18
4245 18
4246 17
4247 17
4248 17
4249 17
4250 18
4251 18
4252 17
4253 18
4254 18
4255 17
4256 17
4257 33
4258 18
4259 17
4260 17
4261 18
4262 17
4263 17
4264 18
4265 18
4266 18
4267 17
4268 18
4269 18
4270 18
4271 17
4272 18
4273 17
4274 18
4275 17
4276 17
4277 17
4278 17
4279 17
4280 17
4281 17
4282 17
4283 17
4284 17
4285 18
4286 17
4287 19
4288 19
4289 17
4290 17
4291 17
4292 17
4293 17
4294 18
4295 18
4296 18
4297 19
4298 17
4299 17
4300 19
4301 18
4302 19
4303 18
4304 17
4305 19
4306 18
4307 19
4308 20
4309 18
4310 17
4311 18
4312 21
4313 18
4314 17
4315 19
4316 20
4317 21
4318 21
4319 19
4320 18
4321 22
4322 18
4323 19
4324 18
4325 18
4326 18
4327 19
4328 17
4329 18
4330 18
4331 18
4332 19
4333 17
4334 18
4335 18
4336 19
4337 18
4338 19
4339 18
4340 18
4341 18
4342 18
4343 18
4344 19
4345 19
4346 19
4347 21
4348 19
4349 20
4350 21
4351 19
4352 17
4353 17
4354 18
4355 18
4356 18
4357 18
4358 18
4359 17
4360 19
4361 21
4362 19
4363 18
4364 17
4365 18
4366 19
4367 17
4368 19
4369 19
4370 18
4371 18
4372 18
4373 19
4374 19
4375 18
4376 18
4377 18
4378 18
4379 18
4380 17
4381 18
4382 34
4383 21
4384 17
4385 24
4386 19
4387 20
4388 18
4389 18
4390 19
4391 19
4392 19
4393 19
4394 17
4395 18
4396 18
4397 17
4398 17
4399 19
4400 18
4401 17
4402 19
4403 18
4404 19
4405 19
4406 19
4407 19
4408 18
4409 17
4410 17
4411 18
4412 17
4413 18
4414 17
4415 17
4416 17
4417 17
4418 18
4419 17
4420 18
4421 18
4422 17
4423 17
4424 18
4425 18
4426 18
4427 18
4428 18
4429 18
4430 18
4431 19
4432 17
4433 17
4434 17
4435 17
4436 17
4437 17
4438 17
4439 17
4440 17
4441 18
4442 17
4443 18
4444 17
4445 17
4446 18
4447 17
4448 17
4449 20
4450 17
4451 17
4452 18
4453 18
4454 18
4455 17
4456 17
4457 17
4458 19
4459 17
4460 30
4461 18
4462 18
4463 18
4464 18
4465 17
4466 17
4467 18
4468 18
4469 18
4470 17
4471 17
4472 17
4473 18
4474 19
4475 17
4476 17
4477 18
4478 18
4479 18
4480 18
4481 17
4482 17
4483 17
4484 17
4485 19
4486 18
4487 17
4488 17
4489 18
4490 25
4491 18
4492 17
4493 18
4494 17
4495 18
4496 17
4497 18
4498 18
4499 18
4500 18
4501 17
4502 19
4503 18
4504 18
4505 17
4506 18
4507 17
4508 17
4509 17
4510 17
4511 18
4512 17
4513 21
4514 18
4515 17
4516 17
4517 17
4518 19
4519 18
4520 17
4521 18
4522 17
4523 17
4524 17
4525 18
4526 17
4527 17
4528 18
4529 17
4530 17
4531 18
4532 17
4533 17
4534 17
4535 18
4536 18
4537 17
4538 18
4539 17
4540 17
4541 18
4542 19
4543 17
4544 18
4545 17
4546 17
4547 18
4548 18
4549 17
4550 17
4551 18
4552 17
4553 17
4554 17
4555 17
4556 18
4557 19
4558 17
4559 17
4560 18
4561 17
4562 17
4563 18
4564 18
4565 17
4566 17
4567 17
4568 18
4569 18
4570 18
4571 18
4572 17
4573 17
4574 19
4575 18
4576 18
4577 20
4578 18
4579 18
4580 17
4581 18
4582 17
4583 17
4584 17
4585 17
4586 17
4587 17
4588 17
4589 17
4590 17
4591 18
4592 17
4593 18
4594 17
4595 17
4596 17
4597 19
4598 17
4599 18
4600 18
4601 18
4602 19
4603 17
4604 17
4605 17
4606 17
4607 17
4608 17
4609 18
4610 18
4611 17
4612 17
4613 17
4614 18
4615 18
4616 18
4617 18
4618 17
4619 18
4620 17
4621 17
4622 18
4623 17
4624 17
4625 18
4626 18
4627 17
4628 17
4629 17
4630 17
4631 18
4632 18
4633 17
4634 17
4635 17
4636 17
4637 18
4638 269
4639 24
4640 18
4641 18
4642 18
4643 18
4644 18
4645 18
4646 18
4647 17
4648 18
4649 18
4650 17
4651 18
4652 18
4653 18
4654 18
4655 18
4656 18
4657 19
4658 17
4659 18
4660 18
4661 17
4662 18
4663 18
4664 18
4665 17
4666 17
4667 17
4668 18
4669 18
4670 18
4671 18
4672 18
4673 17
4674 17
4675 17
4676 17
4677 17
4678 17
4679 17
4680 18
4681 18
4682 17
4683 18
4684 18
4685 19
4686 18
4687 18
4688 17
4689 18
4690 18
4691 18
4692 17
4693 17
4694 17
4695 17
4696 17
4697 17
4698 17
4699 17
4700 17
4701 18
4702 18
4703 17
4704 17
4705 17
4706 17
4707 17
4708 17
4709 17
4710 17
4711 18
4712 17
4713 18
4714 17
4715 17
4716 17
4717 17
4718 17
4719 18
4720 17
4721 18
4722 17
4723 17
4724 18
4725 17
4726 18
4727 18
4728 18
4729 18
4730 18
4731 18
4732 17
4733 17
4734 18
4735 18
4736 19
4737 17
4738 18
4739 18
4740 18
4741 18
4742 17
4743 17
4744 17
4745 17
4746 17
4747 18
4748 19
4749 17
4750 18
4751 18
4752 17
4753 19
4754 17
4755 17
4756 18
4757 17
4758 17
4759 17
4760 17
4761 17
4762 17
4763 17
4764 17
4765 17
4766 17
4767 16
4768 17
4769 17
4770 18
4771 17
4772 17
4773 18
4774 17
4775 17
4776 27
4777 18
4778 17
4779 18
4780 18
4781 18
4782 18
4783 17
4784 18
4785 18
4786 18
4787 18
4788 17
4789 17
4790 17
4791 17
4792 17
4793 17
4794 17
4795 18
4796 18
4797 17
4798 18
4799 18
4800 17
4801 18
4802 17
4803 18
4804 18
4805 18
4806 29
4807 18
4808 17
4809 17
4810 17
4811 18
4812 18
4813 17
4814 19
4815 18
4816 18
4817 17
4818 17
4819 26
4820 18
4821 17
4822 17
4823 17
4824 17
4825 17
4826 17
4827 17
4828 17
4829 17
4830 18
4831 18
4832 17
4833 17
4834 17
4835 17
4836 17
4837 17
4838 17
4839 17
4840 17
4841 17
4842 18
4843 18
4844 17
4845 17
4846 17
4847 17
4848 17
4849 18
4850 18
4851 18
4852 17
4853 18
4854 17
4855 18
4856 17
4857 17
4858 18
4859 18
4860 17
4861 17
4862 18
4863 17
4864 18
4865 18
4866 18
4867 18
4868 17
4869 18
4870 18
4871 18
4872 17
4873 18
4874 17
4875 18
4876 18
4877 17
4878 17
4879 18
4880 18
4881 18
4882 18
4883 17
4884 17
4885 17
4886 17
4887 19
4888 18
4889 17
4890 18
4891 18
4892 17
4893 18
4894 17
4895 17
4896 17
4897 18
4898 17
4899 17
4900 18
4901 18
4902 18
4903 18
4904 18
4905 18
4906 17
4907 17
4908 18
4909 18
4910 17
4911 17
4912 17
4913 18
4914 17
4915 17
4916 18
4917 18
4918 17
4919 18
4920 18
4921 17
4922 17
4923 18
4924 18
4925 17
4926 17
4927 17
4928 18
4929 18
4930 17
4931 17
4932 18
4933 18
4934 18
4935 17
4936 18
4937 25
4938 18
4939 18
4940 18
4941 17
4942 18
4943 18
4944 17
4945 18
4946 17
4947 17
4948 19
4949 17
4950 18
4951 18
4952 17
4953 18
4954 17
4955 17
4956 18
4957 18
4958 17
4959 19
4960 18
4961 17
4962 18
4963 18
4964 17
4965 18
4966 18
4967 17
4968 17
4969 18
4970 18
4971 17
4972 17
4973 18
4974 18
4975 25
4976 18
4977 18
4978 17
4979 18
4980 17
4981 18
4982 18
4983 21
4984 18
4985 18
4986 18
4987 17
4988 18
4989 18
4990 17
4991 17
4992 17
4993 17
4994 17
4995 17
4996 17
4997 17
4998 18
4999 17
5000 18
5001 18
5002 18
5003 18
5004 17
5005 17
5006 17
5007 18
5008 17
5009 19
5010 17
5011 17
5012 17
5013 18
5014 18
5015 17
5016 18
5017 18
5018 17
5019 18
5020 17
5021 17
5022 18
5023 18
5024 17
5025 18
5026 18
5027 17
5028 17
5029 18
5030 18
5031 18
5032 18
5033 17
5034 17
5035 17
5036 17
5037 17
5038 18
5039 18
5040 17
5041 17
5042 17
5043 18
5044 17
5045 17
5046 17
5047 18
5048 17
5049 17
5050 17
5051 17
5052 17
5053 17
5054 18
5055 18
5056 17
5057 18
5058 17
5059 17
5060 17
5061 17
5062 17
5063 17
5064 17
5065 17
5066 18
5067 18
5068 18
5069 17
5070 26
5071 18
5072 17
5073 18
5074 17
5075 17
5076 18
5077 17
5078 18
5079 17
5080 18
5081 19
5082 17
5083 18
5084 18
5085 18
5086 18
5087 19
5088 18
5089 17
5090 18
5091 18
5092 18
5093 17
5094 18
5095 18
5096 18
5097 18
5098 18
5099 18
5100 18
5101 18
5102 18
5103 18
5104 18
5105 18
5106 17
5107 17
5108 17
5109 17
5110 18
5111 17
5112 17
5113 17
5114 17
5115 17
5116 18
5117 18
5118 17
5119 17
5120 18
5121 19
5122 18
5123 17
5124 18
5125 18
5126 19
5127 17
5128 18
5129 17
5130 18
5131 18
5132 19
5133 18
5134 17
5135 18
5136 18
5137 17
5138 18
5139 17
5140 18
5141 18
5142 18
5143 18
5144 18
5145 17
5146 17
5147 17
5148 19
5149 18
5150 18
5151 17
5152 17
5153 17
5154 17
5155 17
5156 17
5157 17
5158 17
5159 17
5160 17
5161 17
5162 21
5163 18
5164 18
5165 18
5166 17
5167 18
5168 17
5169 18
5170 18
5171 17
5172 18
5173 17
5174 17
5175 18
5176 18
5177 18
5178 17
5179 18
5180 17
5181 18
5182 18
5183 17
5184 18
5185 18
5186 17
5187 18
5188 18
5189 18
5190 17
5191 17
5192 18
5193 18
5194 17
5195 17
5196 17
5197 17
5198 18
5199 17
5200 18
5201 17
5202 17
5203 17
5204 18
5205 18
5206 17
5207 17
5208 17
5209 18
5210 18
5211 17
5212 17
5213 18
5214 18
5215 20
5216 19
5217 18
5218 17
5219 18
5220 26
5221 19
5222 17
5223 17
5224 17
5225 17
5226 18
5227 18
5228 18
5229 18
5230 18
5231 18
5232 18
5233 18
5234 18
5235 18
5236 18
5237 18
5238 17
5239 17
5240 17
5241 17
5242 17
5243 17
5244 17
5245 18
5246 18
5247 18
5248 18
5249 19
5250 17
5251 18
5252 18
5253 18
5254 19
5255 18
5256 17
5257 18
5258 18
5259 18
5260 18
5261 17
5262 17
5263 18
5264 17
5265 17
5266 18
5267 17
5268 18
5269 18
5270 17
5271 19
5272 18
5273 17
5274 18
5275 18
5276 17
5277 18
5278 17
5279 18
5280 18
5281 18
5282 19
5283 18
5284 17
5285 17
5286 18
5287 17
5288 17
5289 18
5290 18
5291 17
5292 18
5293 17
5294 17
5295 18
5296 18
5297 17
5298 18
5299 18
5300 17
5301 18
5302 17
5303 17
5304 17
5305 17
5306 18
5307 17
5308 17
5309 17
5310 17
5311 18
5312 17
5313 18
5314 18
5315 19
5316 18
5317 18
5318 18
5319 17
5320 26
5321 18
5322 18
5323 17
5324 17
5325 17
5326 18
5327 17
5328 18
5329 17
5330 17
5331 18
5332 18
5333 17
5334 17
5335 18
5336 17
5337 19
5338 17
5339 17
5340 19
5341 18
5342 17
5343 17
5344 18
5345 18
5346 17
5347 17
5348 17
5349 18
5350 18
5351 17
5352 17
5353 19
5354 18
5355 18
5356 17
5357 17
5358 26
5359 19
5360 18
5361 17
5362 18
5363 18
5364 17
5365 18
5366 18
5367 17
5368 17
5369 18
5370 18
5371 17
5372 17
5373 18
5374 18
5375 18
5376 17
5377 18
5378 18
5379 18
5380 17
5381 18
5382 18
5383 17
5384 17
5385 18
5386 17
5387 17
5388 17
5389 18
5390 17
5391 18
5392 18
5393 17
5394 18
5395 18
5396 17
5397 17
5398 17
5399 18
5400 18
5401 17
5402 17
5403 18
5404 17
5405 17
5406 17
5407 17
5408 17
5409 17
5410 17
5411 17
5412 17
5413 17
5414 17
5415 17
5416 17
5417 17
5418 17
5419 17
5420 17
5421 17
5422 17
5423 18
5424 17
5425 19
5426 17
5427 19
5428 18
5429 17
5430 17
5431 17
5432 18
5433 18
5434 17
5435 18
5436 18
5437 19
5438 17
5439 18
5440 17
5441 17
5442 17
5443 18
5444 17
5445 17
5446 18
5447 18
5448 17
5449 18
5450 18
5451 18
5452 18
5453 17
5454 18
5455 17
5456 17
5457 18
5458 18
5459 18
5460 18
5461 17
5462 18
5463 18
5464 17
5465 17
5466 18
5467 17
5468 17
5469 17
5470 26
5471 18
5472 18
5473 18
5474 17
5475 18
5476 19
5477 18
5478 17
5479 17
5480 18
5481 18
5482 17
5483 18
5484 18
5485 18
5486 17
5487 17
5488 17
5489 18
5490 21
5491 17
5492 18
5493 19
5494 17
5495 18
5496 18
5497 17
5498 17
5499 17
5500 17
5501 18
5502 18
5503 18
5504 18
5505 18
5506 18
5507 18
5508 17
5509 19
5510 18
5511 17
5512 17
5513 18
5514 18
5515 18
5516 17
5517 21
5518 18
5519 17
5520 19
5521 18
5522 18
5523 17
5524 18
5525 17
5526 18
5527 17
5528 18
5529 18
5530 17
5531 17
5532 18
5533 18
5534 17
5535 17
5536 18
5537 17
5538 17
5539 18
5540 18
5541 17
5542 17
5543 17
5544 17
5545 17
5546 18
5547 18
5548 18
5549 18
5550 18
5551 17
5552 17
5553 18
5554 19
5555 17
5556 17
5557 17
5558 17
5559 18
5560 18
5561 17
5562 18
5563 17
5564 18
5565 18
5566 18
5567 18
5568 18
5569 18
5570 17
5571 17
5572 17
5573 17
5574 17
5575 17
5576 18
5577 17
5578 18
5579 17
5580 17
5581 18
5582 17
5583 17
5584 17
5585 18
5586 17
5587 17
5588 17
5589 18
5590 17
5591 17
5592 17
5593 17
5594 18
5595 17
5596 17
5597 17
5598 17
5599 25
5600 19
5601 17
5602 17
5603 17
5604 17
5605 18
5606 18
5607 17
5608 17
5609 17
5610 19
5611 18
5612 18
5613 17
5614 17
5615 18
5616 18
5617 17
5618 19
5619 18
5620 17
5621 17
5622 18
5623 17
5624 17
5625 17
5626 18
5627 18
5628 17
5629 17
5630 18
5631 18
5632 17
5633 17
5634 17
5635 18
5636 18
5637 17
5638 18
5639 18
5640 17
5641 18
5642 17
5643 17
5644 17
5645 17
5646 17
5647 17
5648 17
5649 17
5650 17
5651 18
5652 17
5653 17
5654 25
5655 18
5656 18
5657 18
5658 17
5659 18
5660 18
5661 17
5662 17
5663 17
5664 17
5665 18
5666 17
5667 17
5668 17
5669 17
5670 17
5671 19
5672 18
5673 18
5674 17
5675 17
5676 17
5677 19
5678 17
5679 18
5680 17
5681 18
5682 20
5683 18
5684 18
5685 17
5686 18
5687 18
5688 19
5689 18
5690 17
5691 18
5692 17
5693 17
5694 18
5695 18
5696 18
5697 17
5698 17
5699 17
5700 17
5701 17
5702 17
5703 18
5704 19
5705 18
5706 18
5707 17
5708 18
5709 25
5710 19
5711 17
5712 17
5713 18
5714 18
5715 18
5716 17
5717 18
5718 17
5719 17
5720 18
5721 18
5722 17
5723 18
5724 18
5725 17
5726 18
5727 18
5728 18
5729 17
5730 17
5731 18
5732 19
5733 17
5734 17
5735 17
5736 17
5737 17
5738 18
5739 17
5740 17
5741 17
5742 17
5743 17
5744 17
5745 17
5746 19
5747 17
5748 17
5749 18
5750 17
5751 18
5752 17
5753 17
5754 17
5755 19
5756 17
5757 18
5758 17
5759 18
5760 18
5761 18
5762 18
5763 17
5764 18
5765 18
5766 17
5767 17
5768 17
5769 18
5770 17
5771 17
5772 18
5773 18
5774 17
5775 17
5776 18
5777 18
5778 17
5779 18
5780 17
5781 18
5782 18
5783 19
5784 18
5785 18
5786 17
5787 17
5788 18
5789 18
5790 17
5791 17
5792 17
5793 18
5794 17
5795 18
5796 18
5797 18
5798 18
5799 18
5800 17
5801 18
5802 17
5803 18
5804 19
5805 17
5806 17
5807 17
5808 18
5809 18
5810 21
5811 17
5812 17
5813 18
5814 18
5815 17
5816 17
5817 18
5818 17
5819 17
5820 18
5821 19
5822 17
5823 17
5824 17
5825 17
5826 18
5827 18
5828 18
5829 18
5830 18
5831 18
5832 18
5833 17
5834 17
5835 17
5836 17
5837 18
5838 18
5839 18
5840 17
5841 17
5842 18
5843 18
5844 18
5845 18
5846 18
5847 17
5848 17
5849 18
5850 18
5851 18
5852 17
5853 17
5854 17
5855 17
5856 17
5857 17
5858 17
5859 17
5860 18
5861 17
5862 17
5863 17
5864 18
5865 17
5866 17
5867 17
5868 17
5869 17
5870 17
5871 20
5872 17
5873 19
5874 31
5875 17
5876 17
5877 17
5878 17
5879 17
5880 17
5881 16
5882 18
5883 17
5884 17
5885 17
5886 17
5887 17
5888 17
5889 17
5890 17
5891 17
5892 17
5893 27
5894 18
5895 17
5896 17
5897 17
5898 17
5899 17
5900 17
5901 17
5902 17
5903 17
5904 17
5905 17
5906 17
5907 17
5908 17
5909 17
5910 17
5911 17
5912 17
5913 17
5914 17
5915 17
5916 17
5917 18
5918 17
5919 17
5920 18
5921 18
5922 17
5923 17
5924 17
5925 17
5926 18
5927 17
5928 17
5929 17
5930 17
5931 17
5932 17
5933 18
5934 17
5935 17
5936 17
5937 17
5938 19
5939 17
5940 17
5941 17
5942 17
5943 17
5944 17
5945 17
5946 17
5947 17
5948 18
5949 17
5950 17
5951 17
5952 17
5953 18
5954 17
5955 17
5956 17
5957 17
5958 18
5959 17
5960 17
5961 17
5962 17
5963 17
5964 18
5965 17
5966 18
5967 17
5968 17
5969 17
5970 17
5971 17
5972 17
5973 25
5974 18
5975 17
5976 17
5977 17
5978 17
5979 18
5980 17
5981 17
5982 17
5983 17
5984 17
5985 17
5986 17
5987 17
5988 17
5989 17
5990 18
5991 16
5992 18
5993 17
5994 18
5995 17
5996 17
5997 17
5998 17
5999 17
6000 17
6001 17
6002 19
6003 17
6004 17
6005 17
6006 16
6007 18
6008 17
6009 17
6010 17
6011 17
6012 17
6013 17
6014 17
6015 17
6016 17
6017 17
6018 17
6019 17
6020 18
6021 17
6022 17
6023 17
6024 17
6025 17
6026 17
6027 17
6028 17
6029 17
6030 17
6031 17
6032 18
6033 17
6034 17
6035 17
6036 17
6037 18
6038 18
6039 17
6040 17
6041 17
6042 17
6043 17
6044 17
6045 17
6046 17
6047 18
6048 17
6049 17
6050 17
6051 17
6052 17
6053 18
6054 18
6055 248
6056 18
6057 17
6058 17
6059 19
6060 17
6061 18
6062 17
6063 17
6064 17
6065 17
6066 18
6067 17
6068 18
6069 18
6070 18
6071 18
6072 18
6073 17
6074 17
6075 17
6076 18
6077 18
6078 17
6079 17
6080 17
6081 17
6082 17
6083 18
6084 17
6085 17
6086 17
6087 18
6088 17
6089 18
6090 18
6091 17
6092 18
6093 18
6094 17
6095 18
6096 17
6097 18
6098 19
6099 17
6100 17
6101 18
6102 17
6103 18
6104 18
6105 18
6106 18
6107 17
6108 17
6109 18
6110 17
6111 18
6112 17
6113 18
6114 18
6115 18
6116 17
6117 18
6118 17
6119 18
6120 18
6121 17
6122 18
6123 18
6124 17
6125 18
6126 18
6127 18
6128 17
6129 18
6130 18
6131 19
6132 18
6133 17
6134 17
6135 18
6136 18
6137 18
6138 18
6139 17
6140 18
6141 18
6142 17
6143 18
6144 18
6145 17
6146 18
6147 18
6148 19
6149 17
6150 17
6151 18
6152 18
6153 18
6154 18
6155 17
6156 17
6157 17
6158 18
6159 17
6160 17
6161 17
6162 17
6163 17
6164 17
6165 17
6166 18
6167 18
6168 17
6169 17
6170 17
6171 17
6172 17
6173 17
6174 17
6175 17
6176 17
6177 17
6178 17
6179 17
6180 17
6181 17
6182 17
6183 17
6184 17
6185 17
6186 17
6187 21
6188 19
6189 17
6190 17
6191 17
6192 17
6193 17
6194 17
6195 18
6196 17
6197 17
6198 17
6199 18
6200 18
6201 18
6202 18
6203 18
6204 18
6205 17
6206 17
6207 17
6208 17
6209 17
6210 18
6211 17
6212 18
6213 18
6214 18
6215 17
6216 17
6217 17
6218 17
6219 17
6220 17
6221 17
6222 17
6223 17
6224 18
6225 17
6226 17
6227 18
6228 17
6229 17
6230 17
6231 17
6232 17
6233 17
6234 17
6235 17
6236 18
6237 18
6238 18
6239 17
6240 17
6241 18
6242 17
6243 17
6244 17
6245 17
6246 17
6247 17
6248 18
6249 18
6250 17
6251 17
6252 17
6253 17
6254 17
6255 17
6256 18
6257 17
6258 18
6259 18
6260 17
6261 18
6262 18
6263 17
6264 17
6265 18
6266 17
6267 17
6268 17
6269 17
6270 18
6271 18
6272 18
6273 18
6274 17
6275 17
6276 17
6277 17
6278 17
6279 18
6280 18
6281 18
6282 17
6283 18
6284 17
6285 17
6286 17
6287 17
6288 18
6289 17
6290 17
6291 17
6292 17
6293 18
6294 19
6295 17
6296 18
6297 17
6298 18
6299 18
6300 18
6301 18
6302 18
6303 17
6304 17
6305 17
6306 19
6307 18
6308 17
6309 18
6310 17
6311 17
6312 17
6313 17
6314 17
6315 17
6316 17
6317 17
6318 17
6319 17
6320 17
6321 18
6322 18
6323 18
6324 17
6325 18
6326 17
6327 18
6328 19
6329 18
6330 17
6331 18
6332 17
6333 17
6334 17
6335 17
6336 17
6337 17
6338 17
6339 18
6340 17
6341 18
6342 17
6343 18
6344 17
6345 18
6346 18
6347 18
6348 17
6349 17
6350 17
6351 18
6352 17
6353 18
6354 18
6355 20
6356 18
6357 17
6358 17
6359 18
6360 18
6361 18
6362 18
6363 17
6364 17
6365 17
6366 18
6367 19
6368 17
6369 17
6370 17
6371 18
6372 18
6373 18
6374 17
6375 17
6376 17
6377 18
6378 17
6379 17
6380 18
6381 18
6382 17
6383 17
6384 19
6385 17
6386 17
6387 18
6388 18
6389 29
6390 19
6391 17
6392 17
6393 18
6394 17
6395 17
6396 18
6397 17
6398 17
6399 18
6400 18
6401 17
6402 17
6403 19
6404 17
6405 17
6406 17
6407 17
6408 18
6409 18
6410 17
6411 19
6412 18
6413 17
6414 17
6415 18
6416 17
6417 17
6418 17
6419 20
6420 18
6421 17
6422 17
6423 18
6424 18
6425 17
6426 18
6427 18
6428 18
6429 18
6430 17
6431 18
6432 18
6433 18
6434 17
6435 18
6436 18
6437 17
6438 18
6439 19
6440 18
6441 17
6442 18
6443 17
6444 18
6445 17
6446 17
6447 18
6448 17
6449 18
6450 18
6451 17
6452 17
6453 18
6454 17
6455 18
6456 18
6457 17
6458 17
6459 18
6460 17
6461 18
6462 18
6463 17
6464 18
6465 17
6466 17
6467 17
6468 18
6469 17
6470 17
6471 17
6472 17
6473 18
6474 18
6475 18
6476 17
6477 17
6478 18
6479 18
6480 17
6481 18
6482 18
6483 20
6484 17
6485 18
6486 17
6487 18
6488 17
6489 18
6490 18
6491 17
6492 17
6493 18
6494 18
6495 17
6496 18
6497 17
6498 17
6499 17
6500 17
6501 17
6502 18
6503 18
6504 17
6505 17
6506 17
6507 17
6508 17
6509 18
6510 18
6511 18
6512 19
6513 18
6514 17
6515 17
6516 17
6517 18
6518 18
6519 18
6520 17
6521 17
6522 17
6523 17
6524 17
6525 17
6526 17
6527 17
6528 17
6529 18
6530 17
6531 17
6532 17
6533 17
6534 18
6535 18
6536 17
6537 17
6538 18
6539 18
6540 17
6541 17
6542 17
6543 18
6544 17
6545 18
6546 18
6547 20
6548 18
6549 17
6550 18
6551 17
6552 17
6553 18
6554 17
6555 17
6556 18
6557 18
6558 18
6559 17
6560 16
6561 17
6562 17
6563 17
6564 17
6565 17
6566 17
6567 17
6568 16
6569 18
6570 18
6571 17
6572 17
6573 17
6574 18
6575 17
6576 17
6577 17
6578 17
6579 18
6580 18
6581 17
6582 21
6583 17
6584 17
6585 18
6586 18
6587 17
6588 17
6589 17
6590 17
6591 17
6592 17
6593 17
6594 17
6595 17
6596 18
6597 17
6598 17
6599 17
6600 17
6601 17
6602 17
6603 17
6604 17
6605 17
6606 17
6607 17
6608 17
6609 17
6610 17
6611 19
6612 17
6613 17
6614 17
6615 17
6616 17
6617 17
6618 19
6619 17
6620 18
6621 18
6622 17
6623 17
6624 17
6625 17
6626 17
6627 18
6628 17
6629 17
6630 18
6631 16
6632 18
6633 18
6634 17
6635 18
6636 17
6637 17
6638 17
6639 17
6640 17
6641 17
6642 17
6643 17
6644 17
6645 17
6646 17
6647 18
6648 18
6649 17
6650 17
6651 17
6652 21
6653 18
6654 18
6655 18
6656 18
6657 18
6658 19
6659 17
6660 18
6661 17
6662 17
6663 18
6664 18
6665 17
6666 18
6667 17
6668 17
6669 17
6670 17
6671 18
6672 18
6673 18
6674 18
6675 21
6676 17
6677 17
6678 18
6679 17
6680 17
6681 18
6682 18
6683 18
6684 17
6685 17
6686 18
6687 17
6688 17
6689 17
6690 17
6691 17
6692 17
6693 18
6694 17
6695 17
6696 17
6697 18
6698 19
6699 17
6700 17
6701 18
6702 18
6703 19
6704 18
6705 17
6706 17
6707 18
6708 17
6709 17
6710 17
6711 18
6712 18
6713 17
6714 17
6715 18
6716 18
6717 17
6718 18
6719 18
6720 18
6721 18
6722 18
6723 18
6724 17
6725 18
6726 18
6727 18
6728 17
6729 17
6730 17
6731 18
6732 18
6733 18
6734 17
6735 17
6736 17
6737 18
6738 17
6739 20
6740 18
6741 17
6742 18
6743 17
6744 18
6745 18
6746 17
6747 18
6748 19
6749 17
6750 18
6751 18
6752 18
6753 18
6754 18
6755 17
6756 17
6757 17
6758 17
6759 18
6760 18
6761 18
6762 18
6763 17
6764 18
6765 18
6766 17
6767 18
6768 18
6769 18
6770 17
6771 18
6772 18
6773 18
6774 17
6775 18
6776 17
6777 17
6778 18
6779 18
6780 17
6781 17
6782 17
6783 17
6784 17
6785 18
6786 17
6787 18
6788 18
6789 17
6790 17
6791 17
6792 18
6793 17
6794 18
6795 18
6796 17
6797 18
6798 17
6799 18
6800 18
6801 18
6802 18
6803 19
6804 18
6805 18
6806 17
6807 17
6808 17
6809 18
6810 17
6811 18
6812 18
6813 17
6814 18
6815 17
6816 17
6817 17
6818 17
6819 17
6820 17
6821 17
6822 17
6823 17
6824 17
6825 17
6826 18
6827 17
6828 17
6829 18
6830 18
6831 17
6832 17
6833 17
6834 18
6835 17
6836 18
6837 18
6838 17
6839 18
6840 18
6841 17
6842 17
6843 19
6844 17
6845 18
6846 18
6847 19
6848 18
6849 17
6850 17
6851 18
6852 18
6853 17
6854 19
6855 18
6856 18
6857 17
6858 17
6859 17
6860 17
6861 17
6862 18
6863 17
6864 17
6865 18
6866 18
6867 20
6868 17
6869 17
6870 17
6871 17
6872 17
6873 17
6874 17
6875 17
6876 28
6877 18
6878 18
6879 17
6880 17
6881 17
6882 17
6883 17
6884 17
6885 18
6886 17
6887 17
6888 17
6889 17
6890 18
6891 18
6892 17
6893 18
6894 17
6895 18
6896 17
6897 17
6898 17
6899 17
6900 17
6901 17
6902 17
6903 17
6904 17
6905 17
6906 17
6907 17
6908 17
6909 17
6910 18
6911 17
6912 18
6913 17
6914 17
6915 18
6916 17
6917 17
6918 17
6919 17
6920 17
6921 17
6922 18
6923 17
6924 18
6925 18
6926 17
6927 18
6928 17
6929 17
6930 17
6931 19
6932 17
6933 18
6934 17
6935 18
6936 18
6937 18
6938 18
6939 18
6940 18
6941 29
6942 18
6943 18
6944 17
6945 17
6946 17
6947 17
6948 17
6949 17
6950 17
6951 17
6952 18
6953 17
6954 17
6955 19
6956 18
6957 18
6958 18
6959 17
6960 17
6961 17
6962 17
6963 17
6964 17
6965 17
6966 17
6967 18
6968 18
6969 17
6970 17
6971 17
6972 17
6973 17
6974 17
6975 17
6976 17
6977 17
6978 17
6979 18
6980 17
6981 17
6982 17
6983 17
6984 17
6985 17
6986 17
6987 18
6988 18
6989 18
6990 18
6991 18
6992 17
6993 17
6994 17
6995 19
6996 17
6997 18
6998 17
6999 17
7000 17
7001 18
7002 17
7003 18
7004 17
7005 17
7006 17
7007 17
7008 17
7009 17
7010 17
7011 17
7012 18
7013 18
7014 18
7015 17
7016 17
7017 17
7018 17
7019 17
7020 17
7021 17
7022 17
7023 25
7024 18
7025 18
7026 18
7027 17
7028 17
7029 17
7030 17
7031 17
7032 17
7033 17
7034 17
7035 18
7036 17
7037 17
7038 17
7039 17
7040 18
7041 17
7042 18
7043 17
7044 18
7045 18
7046 17
7047 17
7048 18
7049 18
7050 18
7051 19
7052 18
7053 18
7054 18
7055 17
7056 17
7057 17
7058 17
7059 20
7060 17
7061 18
7062 18
7063 18
7064 17
7065 18
7066 18
7067 17
7068 17
7069 17
7070 17
7071 17
7072 17
7073 17
7074 17
7075 17
7076 17
7077 17
7078 17
7079 17
7080 18
7081 17
7082 18
7083 18
7084 17
7085 18
7086 17
7087 17
7088 18
7089 18
7090 17
7091 17
7092 17
7093 18
7094 17
7095 18
7096 19
7097 18
7098 18
7099 17
7100 18
7101 17
7102 18
7103 18
7104 17
7105 17
7106 18
7107 18
7108 18
7109 18
7110 17
7111 17
7112 18
7113 17
7114 18
7115 17
7116 17
7117 18
7118 18
7119 17
7120 18
7121 18
7122 17
7123 20
7124 18
7125 17
7126 18
7127 18
7128 17
7129 18
7130 18
7131 17
7132 17
7133 17
7134 18
7135 18
7136 17
7137 18
7138 18
7139 18
7140 18
7141 19
7142 17
7143 18
7144 18
7145 26
7146 19
7147 17
7148 18
7149 17
7150 18
7151 18
7152 17
7153 17
7154 18
7155 18
7156 17
7157 18
7158 18
7159 17
7160 17
7161 17
7162 19
7163 17
7164 18
7165 17
7166 18
7167 18
7168 17
7169 18
7170 17
7171 17
7172 18
7173 19
7174 17
7175 17
7176 18
7177 18
7178 18
7179 18
7180 17
7181 17
7182 18
7183 17
7184 18
7185 17
7186 17
7187 19
7188 18
7189 18
7190 17
7191 18
7192 18
7193 17
7194 18
7195 18
7196 18
7197 18
7198 17
7199 17
7200 17
7201 17
7202 18
7203 18
7204 17
7205 17
7206 18
7207 18
7208 18
7209 18
7210 17
7211 17
7212 20
7213 17
7214 17
7215 18
7216 18
7217 18
7218 17
7219 18
7220 17
7221 18
7222 18
7223 18
7224 18
7225 18
7226 17
7227 17
7228 17
7229 18
7230 18
7231 18
7232 18
7233 18
7234 17
7235 17
7236 17
7237 17
7238 18
7239 18
7240 17
7241 17
7242 18
7243 18
7244 17
7245 17
7246 17
7247 17
7248 17
7249 17
7250 17
7251 20
7252 17
7253 18
7254 17
7255 18
7256 17
7257 18
7258 17
7259 17
7260 18
7261 18
7262 17
7263 17
7264 17
7265 17
7266 17
7267 18
7268 18
7269 17
7270 17
7271 17
7272 17
7273 17
7274 17
7275 17
7276 17
7277 17
7278 17
7279 17
7280 17
7281 18
7282 18
7283 17
7284 18
7285 17
7286 17
7287 17
7288 17
7289 17
7290 17
7291 17
7292 17
7293 17
7294 18
7295 18
7296 17
7297 17
7298 17
7299 21
7300 18
7301 17
7302 17
7303 17
7304 17
7305 17
7306 18
7307 18
7308 18
7309 17
7310 18
7311 17
7312 17
7313 19
7314 19
7315 20
7316 17
7317 18
7318 18
7319 18
7320 17
7321 18
7322 18
7323 17
7324 17
7325 17
7326 17
7327 18
7328 18
7329 17
7330 18
7331 18
7332 18
7333 17
7334 18
7335 17
7336 17
7337 17
7338 18
7339 18
7340 17
7341 17
7342 17
7343 18
7344 17
7345 17
7346 18
7347 18
7348 17
7349 17
7350 18
7351 18
7352 17
7353 19
7354 19
7355 17
7356 17
7357 17
7358 17
7359 17
7360 17
7361 17
7362 18
7363 17
7364 17
7365 17
7366 17
7367 17
7368 17
7369 17
7370 17
7371 17
7372 17
7373 17
7374 17
7375 17
7376 18
7377 17
7378 18
7379 19
7380 17
7381 17
7382 18
7383 18
7384 18
7385 18
7386 18
7387 17
7388 18
7389 17
7390 18
7391 18
7392 18
7393 18
7394 17
7395 17
7396 17
7397 17
7398 17
7399 17
7400 17
7401 17
7402 17
7403 18
7404 17
7405 17
7406 17
7407 17
7408 17
7409 17
7410 17
7411 17
7412 17
7413 17
7414 17
7415 17
7416 17
7417 17
7418 17
7419 17
7420 18
7421 18
7422 17
7423 17
7424 17
7425 17
7426 18
7427 17
7428 18
7429 18
7430 17
7431 17
7432 17
7433 17
7434 17
7435 17
7436 17
7437 17
7438 18
7439 18
7440 17
7441 18
7442 17
7443 19
7444 17
7445 18
7446 18
7447 18
7448 18
7449 18
7450 17
7451 17
7452 17
7453 17
7454 17
7455 17
7456 17
7457 18
7458 17
7459 17
7460 18
7461 18
7462 18
7463 17
7464 17
7465 17
7466 17
7467 17
7468 17
7469 17
7470 17
7471 17
7472 17
7473 18
7474 18
7475 17
7476 18
7477 19
7478 17
7479 34
7480 27
7481 18
7482 17
7483 18
7484 18
7485 17
7486 18
7487 17
7488 18
7489 18
7490 17
7491 17
7492 18
7493 17
7494 17
7495 18
7496 18
7497 18
7498 17
7499 19
7500 17
7501 17
7502 17
7503 18
7504 17
7505 18
7506 17
7507 17
7508 17
7509 17
7510 19
7511 18
7512 18
7513 17
7514 18
7515 18
7516 17
7517 18
7518 17
7519 18
7520 18
7521 19
7522 19
7523 18
7524 18
7525 17
7526 18
7527 17
7528 17
7529 18
7530 17
7531 18
7532 18
7533 18
7534 18
7535 17
7536 17
7537 18
7538 18
7539 18
7540 18
7541 17
7542 18
7543 17
7544 18
7545 18
7546 17
7547 18
7548 18
7549 17
7550 18
7551 18
7552 17
7553 18
7554 17
7555 19
7556 17
7557 18
7558 18
7559 18
7560 18
7561 17
7562 18
7563 18
7564 17
7565 17
7566 19
7567 18
7568 18
7569 18
7570 17
7571 18
7572 19
7573 17
7574 17
7575 17
7576 17
7577 17
7578 18
7579 18
7580 18
7581 17
7582 17
7583 17
7584 17
7585 17
7586 17
7587 17
7588 17
7589 18
7590 18
7591 17
7592 17
7593 18
7594 19
7595 18
7596 18
7597 17
7598 18
7599 18
7600 17
7601 17
7602 18
7603 17
7604 17
7605 19
7606 17
7607 18
7608 18
7609 17
7610 30
7611 19
7612 17
7613 18
7614 17
7615 18
7616 18
7617 17
7618 18
7619 17
7620 17
7621 18
7622 17
7623 18
7624 17
7625 17
7626 17
7627 19
7628 18
7629 18
7630 18
7631 18
7632 18
7633 17
7634 18
7635 18
7636 17
7637 17
7638 19
7639 18
7640 17
7641 17
7642 18
7643 17
7644 18
7645 18
7646 22
7647 18
7648 18
7649 18
7650 17
7651 18
7652 18
7653 17
7654 18
7655 18
7656 18
7657 17
7658 17
7659 17
7660 17
7661 18
7662 17
7663 17
7664 17
7665 17
7666 17
7667 17
7668 17
7669 17
7670 17
7671 18
7672 17
7673 18
7674 17
7675 17
7676 17
7677 18
7678 18
7679 17
7680 17
7681 17
7682 17
7683 18
7684 17
7685 18
7686 17
7687 18
7688 19
7689 18
7690 18
7691 17
7692 17
7693 17
7694 18
7695 18
7696 17
7697 17
7698 17
7699 17
7700 17
7701 17
7702 17
7703 17
7704 18
7705 19
7706 17
7707 17
7708 17
7709 17
7710 17
7711 18
7712 17
7713 18
7714 17
7715 17
7716 17
7717 18
7718 18
7719 17
7720 17
7721 18
7722 17
7723 17
7724 17
7725 17
7726 17
7727 17
7728 26
7729 18
7730 18
7731 17
7732 18
7733 17
7734 17
7735 17
7736 17
7737 17
7738 18
7739 18
7740 17
7741 17
7742 18
7743 17
7744 19
7745 18
7746 17
7747 18
7748 17
7749 17
7750 17
7751 17
7752 17
7753 17
7754 17
7755 25
7756 18
7757 18
7758 17
7759 17
7760 17
7761 19
7762 18
7763 18
7764 17
7765 17
7766 18
7767 18
7768 18
7769 17
7770 17
7771 18
7772 17
7773 18
7774 18
7775 17
7776 18
7777 18
7778 19
7779 18
7780 17
7781 18
7782 18
7783 17
7784 17
7785 18
7786 18
7787 17
7788 18
7789 19
7790 17
7791 18
7792 17
7793 18
7794 17
7795 17
7796 18
7797 18
7798 18
7799 17
7800 18
7801 18
7802 17
7803 17
7804 17
7805 19
7806 17
7807 18
7808 17
7809 18
7810 18
7811 18
7812 17
7813 18
7814 17
7815 18
7816 18
7817 17
7818 17
7819 17
7820 18
7821 18
7822 19
7823 18
7824 17
7825 18
7826 18
7827 18
7828 17
7829 18
7830 17
7831 18
7832 18
7833 18
7834 17
7835 17
7836 18
7837 17
7838 19
7839 18
7840 18
7841 18
7842 17
7843 18
7844 17
7845 17
7846 17
7847 17
7848 18
7849 18
7850 17
7851 17
7852 17
7853 18
7854 17
7855 18
7856 17
7857 18
7858 17
7859 18
7860 17
7861 18
7862 18
7863 17
7864 18
7865 18
7866 19
7867 18
7868 17
7869 18
7870 18
7871 18
7872 19
7873 17
7874 18
7875 17
7876 18
7877 17
7878 18
7879 18
7880 18
7881 18
7882 17
7883 17
7884 18
7885 17
7886 17
7887 18
7888 18
7889 18
7890 17
7891 18
7892 17
7893 17
7894 17
7895 17
7896 17
7897 17
7898 17
7899 17
7900 18
7901 17
7902 17
7903 18
7904 18
7905 18
7906 17
7907 17
7908 17
7909 17
7910 17
7911 17
7912 17
7913 17
7914 17
7915 17
7916 17
7917 18
7918 17
7919 18
7920 17
7921 17
7922 17
7923 17
7924 16
7925 17
7926 17
7927 17
7928 18
7929 17
7930 18
7931 18
7932 18
7933 18
7934 17
7935 18
7936 18
7937 17
7938 18
7939 19
7940 18
7941 17
7942 17
7943 18
7944 18
7945 17
7946 18
7947 17
7948 17
7949 18
7950 18
7951 18
7952 17
7953 18
7954 18
7955 17
7956 17
7957 18
7958 18
7959 18
7960 18
7961 17
7962 18
7963 18
7964 18
7965 18
7966 18
7967 18
7968 18
7969 17
7970 17
7971 17
7972 18
7973 18
7974 19
7975 17
7976 18
7977 17
7978 18
7979 17
7980 18
7981 18
7982 17
7983 18
7984 18
7985 18
7986 17
7987 18
7988 18
7989 19
7990 18
7991 18
7992 17
7993 18
7994 18
7995 18
7996 17
7997 17
7998 17
7999 20
8000 17
8001 18
8002 18
8003 29
8004 17
8005 17
8006 18
8007 29
8008 18
8009 18
8010 18
8011 17
8012 17
8013 18
8014 18
8015 18
8016 18
8017 17
8018 18
8019 18
8020 18
8021 18
8022 18
8023 19
8024 18
8025 18
8026 17
8027 17
8028 17
8029 17
8030 17
8031 17
8032 17
8033 17
8034 17
8035 18
8036 17
8037 18
8038 18
8039 19
8040 17
8041 18
8042 17
8043 17
8044 17
8045 17
8046 17
8047 17
8048 17
8049 17
8050 18
8051 17
8052 18
8053 18
8054 17
8055 17
8056 18
8057 17
8058 17
8059 17
8060 17
8061 17
8062 17
8063 17
8064 17
8065 17
8066 20
8067 17
8068 26
8069 18
8070 18
8071 17
8072 18
8073 19
8074 17
8075 17
8076 17
8077 17
8078 17
8079 17
8080 17
8081 17
8082 18
8083 17
8084 17
8085 18
8086 18
8087 18
8088 17
8089 18
8090 18
8091 18
8092 18
8093 18
8094 28
8095 18
8096 18
8097 18
8098 17
8099 18
8100 17
8101 17
8102 18
8103 17
8104 18
8105 17
8106 17
8107 18
8108 17
8109 17
8110 18
8111 17
8112 17
8113 18
8114 17
8115 17
8116 18
8117 18
8118 18
8119 18
8120 17
8121 18
8122 18
8123 17
8124 18
8125 17
8126 18
8127 18
8128 18
8129 18
8130 18
8131 17
8132 18
8133 18
8134 17
8135 18
8136 17
8137 17
8138 22
8139 18
8140 18
8141 18
8142 17
8143 18
8144 17
8145 18
8146 18
8147 17
8148 17
8149 18
8150 18
8151 18
8152 17
8153 17
8154 18
8155 18
8156 17
8157 18
8158 18
8159 17
8160 17
8161 17
8162 18
8163 17
8164 17
8165 18
8166 18
8167 18
8168 17
8169 17
8170 18
8171 17
8172 17
8173 17
8174 18
8175 18
8176 18
8177 17
8178 18
8179 19
8180 19
8181 18
8182 17
8183 17
8184 18
8185 17
8186 18
8187 18
8188 18
8189 18
8190 17
8191 17
8192 17
8193 17
8194 17
8195 18
8196 18
8197 18
8198 18
8199 18
8200 18
8201 17
8202 18
8203 18
8204 18
8205 17
8206 17
8207 17
8208 17
8209 17
8210 17
8211 18
8212 18
8213 18
8214 18
8215 17
8216 18
8217 17
8218 18
8219 17
8220 17
8221 17
8222 18
8223 18
8224 17
8225 17
8226 18
8227 17
8228 17
8229 18
8230 17
8231 17
8232 18
8233 18
8234 19
8235 19
8236 18
8237 19
8238 18
8239 18
8240 18
8241 18
8242 18
8243 18
8244 18
8245 18
8246 18
8247 18
8248 18
8249 17
8250 18
8251 18
8252 17
8253 17
8254 17
8255 17
8256 17
8257 17
8258 18
8259 17
8260 18
8261 17
8262 18
8263 18
8264 18
8265 18
8266 17
8267 18
8268 18
8269 17
8270 17
8271 17
8272 18
8273 19
8274 17
8275 18
8276 18
8277 18
8278 17
8279 17
8280 17
8281 17
8282 17
8283 27
8284 18
8285 17
8286 18
8287 18
8288 18
8289 17
8290 17
8291 17
8292 17
8293 17
8294 18
8295 17
8296 17
8297 17
8298 17
8299 17
8300 18
8301 18
8302 18
8303 17
8304 18
8305 17
8306 18
8307 18
8308 17
8309 17
8310 17
8311 17
8312 17
8313 17
8314 17
8315 17
8316 17
8317 18
8318 18
8319 18
8320 17
8321 17
8322 17
8323 17
8324 17
8325 18
8326 17
8327 18
8328 18
8329 18
8330 18
8331 17
8332 17
8333 18
8334 18
8335 18
8336 17
8337 17
8338 16
8339 17
8340 17
8341 17
8342 17
8343 17
8344 17
8345 18
8346 18
8347 18
8348 17
8349 17
8350 18
8351 17
8352 18
8353 18
8354 18
8355 18
8356 17
8357 17
8358 17
8359 18
8360 19
8361 18
8362 27
8363 18
8364 17
8365 17
8366 17
8367 17
8368 17
8369 17
8370 17
8371 17
8372 17
8373 17
8374 17
8375 17
8376 17
8377 17
8378 18
8379 19
8380 18
8381 18
8382 17
8383 17
8384 17
8385 17
8386 17
8387 17
8388 18
8389 18
8390 17
8391 18
8392 18
8393 18
8394 17
8395 18
8396 18
8397 18
8398 17
8399 17
8400 17
8401 17
8402 17
8403 17
8404 17
8405 18
8406 18
8407 18
8408 18
8409 17
8410 17
8411 30
8412 18
8413 17
8414 18
8415 17
8416 17
8417 18
8418 18
8419 18
8420 18
8421 17
8422 18
8423 17
8424 18
8425 17
8426 17
8427 18
8428 18
8429 17
8430 17
8431 18
8432 17
8433 27
8434 18
8435 18
8436 18
8437 18
8438 25
8439 18
8440 17
8441 18
8442 18
8443 17
8444 17
8445 18
8446 18
8447 17
8448 17
8449 18
8450 20
8451 17
8452 18
8453 17
8454 18
8455 17
8456 17
8457 18
8458 17
8459 18
8460 17
8461 17
8462 17
8463 18
8464 17
8465 17
8466 17
8467 18
8468 17
8469 18
8470 18
8471 18
8472 17
8473 18
8474 18
8475 19
8476 21
8477 18
8478 27
8479 18
8480 17
8481 17
8482 17
8483 17
8484 18
8485 17
8486 17
8487 18
8488 18
8489 18
8490 18
8491 18
8492 18
8493 18
8494 18
8495 19
8496 17
8497 17
8498 18
8499 18
8500 17
8501 18
8502 18
8503 17
8504 18
8505 18
8506 17
8507 17
8508 18
8509 18
8510 18
8511 19
8512 17
8513 17
8514 17
8515 18
8516 17
8517 18
8518 18
8519 17
8520 17
8521 18
8522 18
8523 18
8524 17
8525 17
8526 17
8527 17
8528 17
8529 17
8530 17
8531 17
8532 27
8533 18
8534 39
8535 18
8536 18
8537 19
8538 18
8539 19
8540 17
8541 18
8542 18
8543 17
8544 17
8545 18
8546 18
8547 17
8548 18
8549 17
8550 17
8551 17
8552 17
8553 19
8554 19
8555 17
8556 18
8557 18
8558 18
8559 18
8560 17
8561 17
8562 18
8563 18
8564 17
8565 17
8566 17
8567 17
8568 18
8569 17
8570 19
8571 19
8572 17
8573 17
8574 18
8575 18
8576 18
8577 17
8578 17
8579 18
8580 17
8581 18
8582 18
8583 17
8584 17
8585 17
8586 18
8587 18
8588 17
8589 18
8590 18
8591 17
8592 18
8593 17
8594 17
8595 17
8596 17
8597 18
8598 18
8599 17
8600 17
8601 17
8602 17
8603 20
8604 20
8605 17
8606 18
8607 17
8608 18
8609 18
8610 17
8611 18
8612 18
8613 17
8614 17
8615 18
8616 17
8617 17
8618 17
8619 17
8620 18
8621 19
8622 17
8623 18
8624 18
8625 28
8626 18
8627 17
8628 17
8629 17
8630 18
8631 17
8632 17
8633 17
8634 18
8635 18
8636 26
8637 18
8638 18
8639 17
8640 17
8641 25
8642 18
8643 18
8644 17
8645 17
8646 17
8647 17
8648 17
8649 18
8650 18
8651 18
8652 17
8653 17
8654 18
8655 18
8656 17
8657 17
8658 18
8659 19
8660 18
8661 17
8662 18
8663 17
8664 17
8665 18
8666 17
8667 19
8668 17
8669 18
8670 19
8671 17
8672 18
8673 18
8674 17
8675 17
8676 18
8677 18
8678 17
8679 17
8680 17
8681 17
8682 17
8683 17
8684 17
8685 17
8686 17
8687 17
8688 17
8689 17
8690 17
8691 18
8692 18
8693 17
8694 18
8695 17
8696 17
8697 17
8698 17
8699 18
8700 17
8701 17
8702 17
8703 17
8704 17
8705 17
8706 18
8707 18
8708 18
8709 18
8710 17
8711 22
8712 17
8713 17
8714 17
8715 17
8716 17
8717 18
8718 18
8719 18
8720 18
8721 18
8722 18
8723 17
8724 17
8725 17
8726 17
8727 17
8728 17
8729 17
8730 17
8731 20
8732 17
8733 17
8734 17
8735 17
8736 17
8737 18
8738 18
8739 18
8740 17
8741 18
8742 19
8743 20
8744 18
8745 18
8746 18
8747 18
8748 18
8749 18
8750 17
8751 17
8752 18
8753 18
8754 17
8755 19
8756 18
8757 18
8758 30
8759 20
8760 18
8761 17
8762 18
8763 26
8764 20
8765 17
8766 17
8767 18
8768 17
8769 17
8770 17
8771 18
8772 17
8773 18
8774 17
8775 17
8776 17
8777 18
8778 17
8779 18
8780 20
8781 19
8782 18
8783 17
8784 17
8785 17
8786 17
8787 17
8788 18
8789 18
8790 17
8791 17
8792 17
8793 17
8794 17
8795 19
8796 27
8797 18
8798 17
8799 17
8800 17
8801 17
8802 19
8803 17
8804 18
8805 17
8806 17
8807 17
8808 17
8809 17
8810 17
8811 17
8812 17
8813 18
8814 17
8815 18
8816 17
8817 17
8818 18
8819 18
8820 18
8821 17
8822 18
8823 18
8824 17
8825 17
8826 17
8827 17
8828 18
8829 18
8830 17
8831 17
8832 17
8833 17
8834 17
8835 17
8836 17
8837 17
8838 17
8839 17
8840 17
8841 17
8842 18
8843 17
8844 18
8845 18
8846 17
8847 18
8848 17
8849 17
8850 17
8851 18
8852 27
8853 18
8854 17
8855 17
8856 18
8857 18
8858 17
8859 19
8860 17
8861 17
8862 18
8863 18
8864 18
8865 17
8866 17
8867 17
8868 18
8869 18
8870 18
8871 18
8872 18
8873 17
8874 17
8875 18
8876 17
8877 17
8878 17
8879 18
8880 18
8881 17
8882 18
8883 18
8884 18
8885 17
8886 19
8887 18
8888 252
8889 19
8890 19
8891 18
8892 18
8893 17
8894 17
8895 17
8896 18
8897 18
8898 17
8899 17
8900 18
8901 18
8902 18
8903 17
8904 17
8905 17
8906 18
8907 17
8908 17
8909 18
8910 18
8911 17
8912 18
8913 18
8914 17
8915 18
8916 18
8917 18
8918 18
8919 17
8920 17
8921 18
8922 18
8923 18
8924 17
8925 17
8926 18
8927 18
8928 17
8929 18
8930 17
8931 18
8932 18
8933 17
8934 18
8935 19
8936 18
8937 17
8938 18
8939 18
8940 17
8941 17
8942 18
8943 18
8944 17
8945 18
8946 17
8947 18
8948 17
8949 18
8950 18
8951 17
8952 17
8953 18
8954 18
8955 19
8956 17
8957 17
8958 17
8959 17
8960 17
8961 17
8962 17
8963 17
8964 17
8965 17
8966 17
8967 17
8968 18
8969 18
8970 19
8971 17
8972 18
8973 17
8974 18
8975 19
8976 20
8977 17
8978 18
8979 18
8980 18
8981 17
8982 17
8983 18
8984 18
8985 17
8986 19
8987 18
8988 17
8989 18
8990 18
8991 18
8992 19
8993 18
8994 18
8995 17
8996 18
8997 18
8998 17
8999 17
9000 18
9001 18
9002 17
9003 17
9004 18
9005 18
9006 18
9007 18
9008 18
9009 19
9010 17
9011 18
9012 17
9013 17
9014 18
9015 17
9016 18
9017 17
9018 17
9019 18
9020 19
9021 19
9022 18
9023 17
9024 18
9025 18
9026 18
9027 17
9028 18
9029 18
9030 17
9031 19
9032 18
9033 18
9034 18
9035 18
9036 18
9037 18
9038 17
9039 17
9040 18
9041 18
9042 18
9043 17
9044 17
9045 17
9046 17
9047 18
9048 18
9049 18
9050 19
9051 18
9052 17
9053 18
9054 18
9055 29
9056 19
9057 18
9058 18
9059 30
9060 19
9061 18
9062 17
9063 17
9064 18
9065 18
9066 17
9067 17
9068 18
9069 18
9070 19
9071 17
9072 18
9073 18
9074 18
9075 17
9076 17
9077 17
9078 18
9079 18
9080 19
9081 18
9082 18
9083 17
9084 18
9085 19
9086 17
9087 17
9088 17
9089 17
9090 17
9091 19
9092 17
9093 17
9094 18
9095 17
9096 17
9097 17
9098 17
9099 17
9100 17
9101 17
9102 18
9103 18
9104 18
9105 17
9106 17
9107 17
9108 18
9109 17
9110 18
9111 17
9112 17
9113 18
9114 18
9115 18
9116 17
9117 18
9118 17
9119 18
9120 18
9121 18
9122 17
9123 18
9124 18
9125 18
9126 18
9127 17
9128 17
9129 17
9130 17
9131 18
9132 18
9133 18
9134 18
9135 17
9136 22
9137 18
9138 18
9139 17
9140 18
9141 18
9142 17
9143 18
9144 17
9145 18
9146 17
9147 17
9148 17
9149 18
9150 17
9151 18
9152 18
9153 20
9154 18
9155 17
9156 17
9157 18
9158 17
9159 17
9160 18
9161 17
9162 18
9163 17
9164 18
9165 18
9166 17
9167 17
9168 18
9169 18
9170 19
9171 18
9172 17
9173 17
9174 27
9175 20
9176 18
9177 17
9178 17
9179 28
9180 19
9181 18
9182 17
9183 18
9184 17
9185 18
9186 17
9187 18
9188 17
9189 18
9190 18
9191 19
9192 18
9193 18
9194 18
9195 19
9196 18
9197 17
9198 18
9199 18
9200 17
9201 21
9202 18
9203 19
9204 18
9205 18
9206 18
9207 18
9208 18
9209 17
9210 18
9211 23
9212 18
9213 17
9214 17
9215 18
9216 18
9217 17
9218 19
9219 17
9220 18
9221 18
9222 17
9223 17
9224 17
9225 18
9226 17
9227 17
9228 17
9229 31
9230 24
9231 20
9232 17
9233 18
9234 17
9235 17
9236 17
9237 17
9238 17
9239 17
9240 17
9241 17
9242 17
9243 17
9244 17
9245 17
9246 17
9247 17
9248 17
9249 17
9250 17
9251 17
9252 17
9253 19
9254 18
9255 17
9256 17
9257 17
9258 18
9259 17
9260 20
9261 17
9262 16
9263 17
9264 17
9265 17
9266 17
9267 17
9268 17
9269 17
9270 17
9271 18
9272 18
9273 18
9274 18
9275 19
9276 18
9277 17
9278 30
9279 18
9280 18
9281 17
9282 18
9283 17
9284 17
9285 17
9286 17
9287 17
9288 17
9289 17
9290 18
9291 18
9292 18
9293 17
9294 18
9295 17
9296 17
9297 17
9298 17
9299 17
9300 18
9301 19
9302 18
9303 18
9304 17
9305 17
9306 18
9307 16
9308 17
9309 18
9310 18
9311 20
9312 19
9313 19
9314 17
9315 17
9316 17
9317 17
9318 17
9319 17
9320 18
9321 17
9322 18
9323 18
9324 21
9325 17
9326 17
9327 18
9328 19
9329 19
9330 18
9331 19
9332 18
9333 17
9334 17
9335 17
9336 17
9337 18
9338 18
9339 20
9340 19
9341 19
9342 18
9343 19
9344 19
9345 19
9346 18
9347 17
9348 18
9349 18
9350 17
9351 19
9352 17
9353 17
9354 17
9355 18
9356 20
9357 22
9358 23
9359 18
9360 17
9361 17
9362 19
9363 17
9364 19
9365 18
9366 20
9367 23
9368 20
9369 -999981
9370 17
9371 18
9372 19
9373 18
9374 19
9375 20
9376 20
9377 19
9378 20
9379 20
9380 19
9381 17
9382 39
9383 20
9384 19
9385 17
9386 19
9387 17
9388 25
9389 19
9390 18
9391 21
9392 23
9393 20
9394 18
9395 23
9396 25
9397 19
9398 18
9399 18
9400 17
9401 18
9402 21
9403 19
9404 18
9405 18
9406 19
9407 18
9408 18
9409 17
9410 18
9411 19
9412 18
9413 18
9414 18
9415 18
9416 18
9417 19
9418 23
9419 23
9420 18
9421 19
9422 19
9423 18
9424 19
9425 19
9426 18
9427 18
9428 17
9429 18
9430 17
9431 20
9432 23
9433 18
9434 18
9435 19
9436 18
9437 18
9438 19
9439 18
9440 17
9441 19
9442 18
9443 17
9444 17
9445 18
9446 17
9447 20
9448 23
9449 18
9450 18
9451 17
9452 27
9453 24
9454 18
9455 18
9456 17
9457 19
9458 20
9459 19
9460 20
9461 17
9462 20
9463 23
9464 18
9465 19
9466 19
9467 18
9468 18
9469 18
9470 19
9471 19
9472 18
9473 19
9474 20
9475 19
9476 18
9477 19
9478 20
9479 23
9480 18
9481 19
9482 18
9483 20
9484 18
9485 18
9486 17
9487 17
9488 18
9489 18
9490 18
9491 18
9492 18
9493 18
9494 17
9495 17
9496 19
9497 20
9498 18
9499 18
9500 19
9501 20
9502 23
9503 17
9504 18
9505 19
9506 18
9507 19
9508 18
9509 18
9510 20
9511 22
9512 18
9513 19
9514 19
9515 20
9516 25
9517 19
9518 18
9519 19
9520 18
9521 18
9522 17
9523 19
9524 18
9525 20
9526 22
9527 19
9528 18
9529 17
9530 19
9531 18
9532 18
9533 17
9534 17
9535 18
9536 19
9537 18
9538 18
9539 19
9540 19
9541 37
9542 20
9543 19
9544 18
9545 19
9546 19
9547 19
9548 17
9549 17
9550 18
9551 18
9552 17
9553 18
9554 17
9555 19
9556 18
9557 18
9558 19
9559 18
9560 18
9561 17
9562 19
9563 31
9564 20
9565 19
9566 18
9567 20
9568 23
9569 23
9570 19
9571 18
9572 18
9573 20
9574 18
9575 17
9576 19
9577 17
9578 18
9579 18
9580 25
9581 19
9582 17
9583 17
9584 19
9585 17
9586 20
9587 21
9588 21
9589 22
9590 18
9591 18
9592 18
9593 18
9594 17
9595 18
9596 18
9597 17
9598 18
9599 18
9600 17
9601 17
9602 18
9603 19
9604 24
9605 20
9606 18
9607 17
9608 21
9609 18
9610 17
9611 19
9612 17
9613 38
9614 21
9615 18
9616 17
9617 17
9618 17
9619 18
9620 19
9621 17
9622 18
9623 31
9624 20
9625 20
9626 18
9627 18
9628 19
9629 18
9630 18
9631 17
9632 18
9633 30
9634 20
9635 19
9636 18
9637 18
9638 17
9639 18
9640 18
9641 18
9642 18
9643 18
9644 23
9645 19
9646 18
9647 18
9648 19
9649 20
9650 19
9651 17
9652 18
9653 17
9654 18
9655 18
9656 17
9657 17
9658 18
9659 17
9660 18
9661 17
9662 17
9663 18
9664 18
9665 18
9666 18
9667 18
9668 18
9669 18
9670 18
9671 17
9672 18
9673 21
9674 20
9675 18
9676 19
9677 18
9678 17
9679 18
9680 18
9681 17
9682 17
9683 18
9684 18
9685 17
9686 18
9687 18
9688 17
9689 18
9690 17
9691 18
9692 18
9693 19
9694 20
9695 21
9696 18
9697 17
9698 18
9699 18
9700 18
9701 17
9702 18
9703 17
9704 18
9705 18
9706 17
9707 18
9708 20
9709 21
9710 20
9711 18
9712 18
9713 17
9714 19
9715 19
9716 18
9717 18
9718 17
9719 18
9720 17
9721 17
9722 18
9723 18
9724 18
9725 18
9726 19
9727 18
9728 17
9729 18
9730 18
9731 17
9732 17
9733 17
9734 17
9735 17
9736 16
9737 17
9738 21
9739 18
9740 18
9741 17
9742 18
9743 17
9744 17
9745 17
9746 16
9747 33
9748 18
9749 17
9750 17
9751 17
9752 17
9753 17
9754 17
9755 18
9756 18
9757 17
9758 18
9759 18
9760 18
9761 18
9762 17
9763 26
9764 19
9765 17
9766 18
9767 18
9768 17
9769 18
9770 17
9771 17
9772 21
9773 18
9774 18
9775 17
9776 18
9777 18
9778 17
9779 26
9780 19
9781 17
9782 17
9783 18
9784 17
9785 17
9786 17
9787 17
9788 17
9789 17
9790 18
9791 17
9792 17
9793 17
9794 17
9795 17
9796 17
9797 17
9798 17
9799 17
9800 17
9801 17
9802 18
9803 18
9804 18
9805 18
9806 18
9807 17
9808 18
9809 18
9810 18
9811 17
9812 17
9813 19
9814 17
9815 17
9816 18
9817 18
9818 18
9819 20
9820 18
9821 18
9822 18
9823 17
9824 18
9825 17
9826 18
9827 17
9828 17
9829 17
9830 18
9831 18
9832 18
9833 19
9834 17
9835 18
9836 22
9837 17
9838 19
9839 17
9840 19
9841 19
9842 18
9843 17
9844 17
9845 18
9846 19
9847 17
9848 19
9849 18
9850 17
9851 17
9852 17
9853 18
9854 17
9855 17
9856 17
9857 17
9858 18
9859 18
9860 17
9861 17
9862 18
9863 18
9864 18
9865 17
9866 17
9867 18
9868 18
9869 27
9870 19
9871 17
9872 18
9873 19
9874 20
9875 20
9876 18
9877 17
9878 17
9879 17
9880 17
9881 17
9882 17
9883 17
9884 17
9885 17
9886 18
9887 19
9888 19
9889 17
9890 19
9891 18
9892 17
9893 18
9894 18
9895 19
9896 18
9897 17
9898 18
9899 18
9900 21
9901 18
9902 18
9903 18
9904 18
9905 18
9906 18
9907 21
9908 18
9909 17
9910 17
9911 18
9912 20
9913 22
9914 18
9915 18
9916 37
9917 19
9918 19
9919 17
9920 17
9921 18
9922 18
9923 18
9924 18
9925 17
9926 17
9927 19
9928 17
9929 18
9930 17
9931 17
9932 17
9933 18
9934 18
9935 18
9936 18
9937 17
9938 18
9939 19
9940 18
9941 18
9942 18
9943 18
9944 18
9945 17
9946 18
9947 18
9948 17
9949 18
9950 19
9951 18
9952 17
9953 17
9954 18
9955 18
9956 17
9957 17
9958 17
9959 17
9960 18
9961 18
9962 17
9963 18
9964 20
9965 18
9966 20
9967 19
9968 18
9969 18
9970 19
9971 18
9972 17
9973 18
9974 18
9975 17
9976 18
9977 18
9978 18
9979 17
9980 18
9981 17
9982 19
9983 19
9984 18
9985 17
9986 17
9987 18
9988 20
9989 18
9990 17
9991 18
9992 18
9993 17
9994 18
9995 17
9996 18
9997 18
9998 18
9999 17
