0 92
1 20
2 18
3 18
4 17
5 17
6 17
7 18
8 18
9 18
10 17
11 18
12 18
13 17
14 17
15 17
16 17
17 18
18 17
19 18
20 17
21 17
22 18
23 18
24 18
25 19
26 18
27 18
28 19
29 18
30 18
31 17
32 17
33 17
34 18
35 18
36 19
37 18
38 17
39 17
40 17
41 17
42 21
43 18
44 18
45 17
46 17
47 17
48 17
49 18
50 18
51 18
52 19
53 17
54 18
55 18
56 17
57 34
58 18
59 17
60 17
61 17
62 17
63 19
64 18
65 17
66 17
67 17
68 17
69 17
70 17
71 17
72 17
73 18
74 17
75 17
76 17
77 17
78 17
79 18
80 18
81 18
82 18
83 18
84 18
85 19
86 17
87 17
88 17
89 17
90 17
91 17
92 17
93 18
94 18
95 18
96 20
97 22
98 19
99 18
100 17
101 17
102 19
103 18
104 17
105 17
106 19
107 17
108 18
109 19
110 19
111 17
112 18
113 19
114 18
115 18
116 18
117 18
118 19
119 18
120 17
121 17
122 17
123 17
124 17
125 18
126 17
127 18
128 17
129 17
130 17
131 17
132 17
133 17
134 17
135 18
136 18
137 18
138 17
139 17
140 17
141 18
142 17
143 17
144 17
145 17
146 17
147 17
148 17
149 17
150 18
151 18
152 19
153 18
154 17
155 17
156 17
157 18
158 19
159 18
160 17
161 17
162 17
163 17
164 17
165 17
166 17
167 17
168 17
169 17
170 17
171 18
172 18
173 18
174 18
175 19
176 18
177 19
178 18
179 18
180 18
181 17
182 18
183 18
184 17
185 17
186 17
187 17
188 17
189 17
190 17
191 17
192 17
193 17
194 17
195 17
196 17
197 18
198 18
199 17
200 17
201 17
202 28
203 18
204 18
205 18
206 18
207 17
208 17
209 17
210 18
211 17
212 17
213 17
214 17
215 17
216 17
217 17
218 18
219 18
220 18
221 18
222 18
223 17
224 19
225 18
226 17
227 17
228 17
229 17
230 17
231 18
232 17
233 17
234 17
235 17
236 17
237 17
238 17
239 17
240 18
241 18
242 18
243 18
244 17
245 17
246 18
247 17
248 17
249 18
250 17
251 17
252 18
253 18
254 17
255 17
256 17
257 18
258 19
259 18
260 18
261 17
262 18
263 17
264 17
265 17
266 17
267 17
268 18
269 21
270 18
271 17
272 17
273 17
274 17
275 17
276 17
277 17
278 17
279 17
280 17
281 17
282 17
283 18
284 17
285 18
286 18
287 17
288 17
289 17
290 17
291 18
292 17
293 17
294 17
295 17
296 17
297 18
298 18
299 17
300 17
301 17
302 18
303 18
304 18
305 17
306 17
307 17
308 17
309 18
310 17
311 17
312 17
313 27
314 18
315 17
316 17
317 17
318 17
319 17
320 18
321 17
322 17
323 17
324 17
325 17
326 17
327 18
328 17
329 17
330 18
331 17
332 18
333 20
334 19
335 27
336 19
337 17
338 17
339 17
340 17
341 17
342 17
343 17
344 17
345 17
346 18
347 18
348 18
349 18
350 17
351 17
352 17
353 17
354 28
355 17
356 17
357 18
358 18
359 18
360 17
361 17
362 17
363 17
364 17
365 17
366 17
367 17
368 17
369 17
370 17
371 17
372 17
373 17
374 17
375 17
376 17
377 17
378 17
379 17
380 17
381 17
382 17
383 17
384 17
385 17
386 18
387 18
388 18
389 18
390 17
391 17
392 17
393 17
394 17
395 17
396 17
397 19
398 18
399 18
400 17
401 17
402 18
403 18
404 18
405 18
406 17
407 17
408 17
409 17
410 17
411 17
412 18
413 18
414 18
415 18
416 18
417 17
418 18
419 17
420 18
421 17
422 18
423 17
424 18
425 18
426 17
427 17
428 18
429 18
430 17
431 17
432 18
433 18
434 18
435 17
436 18
437 18
438 19
439 17
440 17
441 17
442 17
443 18
444 18
445 18
446 17
447 17
448 17
449 18
450 17
451 17
452 18
453 18
454 18
455 18
456 18
457 17
458 17
459 17
460 17
461 19
462 18
463 18
464 18
465 18
466 17
467 17
468 17
469 19
470 18
471 18
472 17
473 17
474 27
475 18
476 17
477 17
478 17
479 18
480 17
481 17
482 17
483 17
484 17
485 17
486 17
487 17
488 17
489 17
490 17
491 17
492 17
493 17
494 17
495 17
496 17
497 17
498 18
499 18
500 19
501 17
502 17
503 18
504 18
505 17
506 18
507 17
508 17
509 17
510 17
511 17
512 17
513 17
514 17
515 17
516 18
517 18
518 18
519 18
520 18
521 18
522 18
523 18
524 18
525 19
526 27
527 18
528 17
529 17
530 17
531 17
532 251
533 26
534 18
535 17
536 17
537 28
538 19
539 17
540 17
541 17
542 17
543 22
544 18
545 17
546 17
547 18
548 19
549 17
550 17
551 17
552 17
553 17
554 17
555 17
556 17
557 17
558 18
559 18
560 18
561 17
562 18
563 18
564 18
565 17
566 17
567 17
568 17
569 17
570 18
571 18
572 18
573 18
574 17
575 19
576 17
577 18
578 17
579 17
580 18
581 19
582 17
583 17
584 17
585 17
586 17
587 17
588 18
589 17
590 17
591 26
592 19
593 19
594 17
595 17
596 17
597 17
598 18
599 17
600 18
601 18
602 17
603 18
604 17
605 17
606 17
607 17
608 26
609 26
610 18
611 17
612 17
613 17
614 17
615 17
616 17
617 18
618 25
619 19
620 17
621 18
622 17
623 17
624 18
625 17
626 18
627 18
628 18
629 19
630 19
631 18
632 19
633 18
634 18
635 17
636 17
637 17
638 17
639 17
640 18
641 18
642 17
643 18
644 17
645 17
646 17
647 17
648 17
649 18
650 17
651 17
652 18
653 17
654 17
655 17
656 17
657 17
658 18
659 17
660 17
661 17
662 17
663 17
664 17
665 17
666 17
667 17
668 17
669 17
670 18
671 19
672 17
673 17
674 17
675 17
676 17
677 17
678 17
679 17
680 18
681 17
682 17
683 19
684 17
685 17
686 17
687 17
688 18
689 18
690 18
691 18
692 17
693 17
694 18
695 18
696 18
697 18
698 20
699 29
700 17
701 17
702 18
703 18
704 18
705 17
706 17
707 17
708 17
709 17
710 17
711 17
712 18
713 18
714 18
715 18
716 17
717 17
718 17
719 17
720 17
721 17
722 18
723 18
724 17
725 17
726 18
727 17
728 17
729 17
730 19
731 19
732 19
733 19
734 17
735 18
736 18
737 18
738 17
739 23
740 17
741 17
742 17
743 17
744 18
745 18
746 18
747 19
748 18
749 20
750 18
751 19
752 20
753 18
754 18
755 18
756 18
757 18
758 18
759 18
760 18
761 17
762 18
763 20
764 18
765 18
766 18
767 20
768 19
769 18
770 18
771 18
772 19
773 18
774 18
775 18
776 18
777 17
778 18
779 17
780 18
781 18
782 18
783 18
784 18
785 18
786 18
787 18
788 18
789 18
790 19
791 19
792 19
793 18
794 18
795 18
796 18
797 20
798 18
799 17
800 19
801 19
802 18
803 18
804 17
805 28
806 18
807 18
808 17
809 18
810 18
811 18
812 17
813 18
814 18
815 17
816 19
817 20
818 17
819 19
820 18
821 27
822 18
823 19
824 17
825 17
826 18
827 17
828 17
829 17
830 18
831 17
832 17
833 18
834 17
835 17
836 17
837 17
838 19
839 18
840 18
841 18
842 17
843 17
844 17
845 18
846 17
847 17
848 17
849 18
850 17
851 17
852 17
853 17
854 27
855 18
856 18
857 18
858 18
859 18
860 17
861 17
862 17
863 19
864 17
865 18
866 19
867 18
868 17
869 17
870 17
871 20
872 19
873 27
874 18
875 18
876 19
877 18
878 18
879 18
880 18
881 17
882 18
883 17
884 17
885 17
886 18
887 19
888 18
889 18
890 17
891 18
892 17
893 17
894 17
895 19
896 18
897 18
898 18
899 17
900 18
901 18
902 17
903 28
904 19
905 18
906 17
907 17
908 18
909 17
910 19
911 17
912 17
913 18
914 19
915 19
916 18
917 18
918 17
919 17
920 17
921 17
922 17
923 17
924 17
925 18
926 17
927 17
928 17
929 18
930 17
931 18
932 18
933 17
934 18
935 18
936 17
937 18
938 18
939 18
940 18
941 18
942 18
943 18
944 18
945 18
946 17
947 18
948 18
949 20
950 17
951 18
952 17
953 18
954 19
955 18
956 17
957 17
958 17
959 17
960 17
961 17
962 17
963 19
964 17
965 17
966 17
967 17
968 17
969 18
970 19
971 18
972 18
973 17
974 18
975 17
976 18
977 18
978 17
979 21
980 18
981 18
982 19
983 19
984 18
985 17
986 17
987 18
988 17
989 17
990 17
991 18
992 19
993 17
994 20
995 17
996 18
997 18
998 19
999 18
1000 21
1001 17
1002 27
1003 18
1004 17
1005 18
1006 17
1007 17
1008 17
1009 17
1010 17
1011 17
1012 18
1013 18
1014 17
1015 17
1016 18
1017 17
1018 17
1019 17
1020 21
1021 18
1022 17
1023 18
1024 17
1025 17
1026 17
1027 17
1028 17
1029 17
1030 18
1031 19
1032 18
1033 18
1034 18
1035 17
1036 18
1037 18
1038 17
1039 17
1040 17
1041 18
1042 17
1043 17
1044 17
1045 18
1046 18
1047 19
1048 18
1049 23
1050 17
1051 19
1052 18
1053 18
1054 17
1055 18
1056 17
1057 17
1058 27
1059 18
1060 18
1061 18
1062 18
1063 18
1064 17
1065 18
1066 17
1067 18
1068 17
1069 17
1070 18
1071 17
1072 17
1073 18
1074 18
1075 19
1076 18
1077 18
1078 17
1079 18
1080 18
1081 18
1082 18
1083 18
1084 18
1085 19
1086 18
1087 18
1088 18
1089 21
1090 17
1091 18
1092 17
1093 18
1094 17
1095 18
1096 18
1097 18
1098 18
1099 17
1100 18
1101 18
1102 17
1103 17
1104 17
1105 17
1106 17
1107 18
1108 18
1109 18
1110 18
1111 17
1112 18
1113 18
1114 17
1115 18
1116 18
1117 18
1118 18
1119 18
1120 18
1121 22
1122 18
1123 17
1124 19
1125 18
1126 17
1127 17
1128 17
1129 18
1130 17
1131 17
1132 17
1133 17
1134 17
1135 17
1136 17
1137 17
1138 18
1139 18
1140 18
1141 18
1142 18
1143 17
1144 18
1145 18
1146 18
1147 18
1148 18
1149 18
1150 18
1151 18
1152 18
1153 18
1154 17
1155 17
1156 17
1157 17
1158 18
1159 17
1160 17
1161 17
1162 17
1163 18
1164 18
1165 18
1166 17
1167 17
1168 18
1169 18
1170 17
1171 18
1172 17
1173 19
1174 20
1175 19
1176 18
1177 18
1178 18
1179 17
1180 18
1181 18
1182 17
1183 18
1184 18
1185 18
1186 17
1187 18
1188 17
1189 17
1190 19
1191 18
1192 18
1193 17
1194 18
1195 18
1196 17
1197 18
1198 18
1199 17
1200 17
1201 18
1202 27
1203 20
1204 18
1205 18
1206 17
1207 17
1208 18
1209 17
1210 17
1211 18
1212 17
1213 17
1214 17
1215 17
1216 17
1217 17
1218 18
1219 18
1220 17
1221 17
1222 17
1223 17
1224 18
1225 31
1226 23
1227 27
1228 18
1229 18
1230 17
1231 18
1232 18
1233 17
1234 18
1235 18
1236 18
1237 17
1238 18
1239 17
1240 18
1241 18
1242 17
1243 18
1244 18
1245 17
1246 17
1247 18
1248 17
1249 17
1250 19
1251 18
1252 19
1253 18
1254 18
1255 17
1256 18
1257 17
1258 17
1259 17
1260 18
1261 17
1262 17
1263 17
1264 17
1265 18
1266 19
1267 17
1268 18
1269 18
1270 18
1271 17
1272 17
1273 18
1274 17
1275 17
1276 17
1277 17
1278 18
1279 17
1280 18
1281 17
1282 17
1283 18
1284 17
1285 17
1286 18
1287 17
1288 18
1289 17
1290 17
1291 18
1292 17
1293 19
1294 26
1295 18
1296 18
1297 18
1298 19
1299 19
1300 18
1301 18
1302 17
1303 18
1304 18
1305 18
1306 17
1307 17
1308 18
1309 21
1310 17
1311 17
1312 17
1313 17
1314 17
1315 17
1316 17
1317 18
1318 18
1319 18
1320 18
1321 17
1322 17
1323 17
1324 17
1325 18
1326 17
1327 17
1328 17
1329 17
1330 18
1331 18
1332 19
1333 18
1334 17
1335 17
1336 17
1337 17
1338 18
1339 18
1340 18
1341 18
1342 18
1343 19
1344 17
1345 18
1346 18
1347 17
1348 17
1349 17
1350 17
1351 17
1352 17
1353 18
1354 17
1355 17
1356 18
1357 17
1358 18
1359 18
1360 18
1361 18
1362 17
1363 18
1364 18
1365 17
1366 22
1367 17
1368 17
1369 17
1370 17
1371 18
1372 17
1373 17
1374 17
1375 17
1376 17
1377 17
1378 17
1379 17
1380 17
1381 17
1382 18
1383 17
1384 18
1385 17
1386 18
1387 18
1388 19
1389 17
1390 18
1391 18
1392 18
1393 17
1394 18
1395 17
1396 18
1397 17
1398 17
1399 17
1400 17
1401 18
1402 26
1403 18
1404 17
1405 17
1406 17
1407 17
1408 17
1409 17
1410 18
1411 17
1412 18
1413 17
1414 17
1415 17
1416 17
1417 17
1418 17
1419 17
1420 17
1421 17
1422 17
1423 17
1424 17
1425 17
1426 17
1427 18
1428 17
1429 17
1430 18
1431 18
1432 17
1433 18
1434 17
1435 18
1436 18
1437 17
1438 18
1439 18
1440 18
1441 17
1442 17
1443 17
1444 18
1445 17
1446 18
1447 17
1448 17
1449 17
1450 18
1451 18
1452 18
1453 18
1454 17
1455 17
1456 17
1457 17
1458 17
1459 17
1460 17
1461 18
1462 17
1463 18
1464 18
1465 18
1466 17
1467 17
1468 17
1469 17
1470 17
1471 18
1472 18
1473 18
1474 18
1475 18
1476 17
1477 17
1478 17
1479 17
1480 17
1481 18
1482 17
1483 17
1484 17
1485 17
1486 17
1487 17
1488 21
1489 18
1490 18
1491 19
1492 19
1493 20
1494 17
1495 17
1496 18
1497 18
1498 17
1499 17
1500 17
1501 18
1502 18
1503 17
1504 17
1505 17
1506 17
1507 17
1508 17
1509 17
1510 18
1511 17
1512 17
1513 17
1514 17
1515 17
1516 17
1517 17
1518 17
1519 18
1520 18
1521 17
1522 17
1523 18
1524 18
1525 18
1526 17
1527 17
1528 17
1529 18
1530 17
1531 17
1532 17
1533 17
1534 17
1535 17
1536 17
1537 17
1538 18
1539 17
1540 18
1541 17
1542 18
1543 18
1544 18
1545 17
1546 17
1547 17
1548 17
1549 18
1550 18
1551 18
1552 18
1553 18
1554 18
1555 18
1556 27
1557 18
1558 18
1559 17
1560 17
1561 17
1562 17
1563 17
1564 17
1565 17
1566 17
1567 17
1568 18
1569 18
1570 18
1571 18
1572 18
1573 17
1574 17
1575 18
1576 17
1577 17
1578 17
1579 17
1580 17
1581 175
1582 22
1583 18
1584 17
1585 17
1586 18
1587 17
1588 19
1589 18
1590 18
1591 17
1592 18
1593 28
1594 19
1595 18
1596 18
1597 17
1598 18
1599 17
1600 17
1601 18
1602 18
1603 17
1604 19
1605 19
1606 18
1607 17
1608 18
1609 17
1610 19
1611 17
1612 17
1613 18
1614 18
1615 17
1616 17
1617 18
1618 18
1619 18
1620 17
1621 18
1622 17
1623 17
1624 18
1625 17
1626 18
1627 18
1628 17
1629 18
1630 17
1631 17
1632 18
1633 18
1634 17
1635 18
1636 18
1637 17
1638 18
1639 18
1640 18
1641 18
1642 17
1643 18
1644 18
1645 17
1646 21
1647 17
1648 18
1649 18
1650 17
1651 17
1652 18
1653 18
1654 17
1655 17
1656 18
1657 17
1658 18
1659 17
1660 17
1661 18
1662 17
1663 18
1664 17
1665 17
1666 19
1667 19
1668 17
1669 18
1670 17
1671 18
1672 18
1673 17
1674 17
1675 18
1676 17
1677 19
1678 17
1679 17
1680 17
1681 17
1682 18
1683 17
1684 17
1685 18
1686 18
1687 18
1688 18
1689 18
1690 18
1691 18
1692 18
1693 17
1694 17
1695 18
1696 17
1697 17
1698 18
1699 18
1700 17
1701 17
1702 17
1703 17
1704 17
1705 17
1706 17
1707 17
1708 17
1709 17
1710 18
1711 17
1712 18
1713 17
1714 18
1715 18
1716 18
1717 18
1718 17
1719 17
1720 17
1721 17
1722 18
1723 18
1724 18
1725 17
1726 17
1727 18
1728 18
1729 18
1730 17
1731 17
1732 17
1733 18
1734 18
1735 18
1736 18
1737 17
1738 17
1739 17
1740 17
1741 17
1742 18
1743 18
1744 19
1745 18
1746 18
1747 18
1748 18
1749 18
1750 18
1751 17
1752 35
1753 19
1754 18
1755 18
1756 17
1757 18
1758 18
1759 18
1760 17
1761 19
1762 18
1763 18
1764 18
1765 18
1766 17
1767 17
1768 17
1769 17
1770 18
1771 18
1772 18
1773 18
1774 17
1775 18
1776 17
1777 17
1778 17
1779 17
1780 17
1781 17
1782 18
1783 18
1784 26
1785 19
1786 18
1787 18
1788 17
1789 18
1790 19
1791 17
1792 18
1793 18
1794 17
1795 17
1796 17
1797 17
1798 17
1799 17
1800 17
1801 17
1802 17
1803 17
1804 17
1805 18
1806 19
1807 18
1808 18
1809 17
1810 17
1811 17
1812 17
1813 17
1814 18
1815 18
1816 18
1817 17
1818 17
1819 17
1820 17
1821 17
1822 18
1823 17
1824 19
1825 18
1826 17
1827 27
1828 19
1829 18
1830 17
1831 17
1832 17
1833 19
1834 18
1835 17
1836 17
1837 17
1838 18
1839 17
1840 17
1841 17
1842 17
1843 17
1844 18
1845 18
1846 17
1847 18
1848 18
1849 18
1850 19
1851 17
1852 17
1853 17
1854 17
1855 18
1856 18
1857 18
1858 18
1859 17
1860 26
1861 19
1862 18
1863 17
1864 17
1865 17
1866 19
1867 18
1868 18
1869 18
1870 17
1871 17
1872 18
1873 18
1874 17
1875 17
1876 17
1877 17
1878 17
1879 17
1880 17
1881 17
1882 17
1883 17
1884 17
1885 17
1886 17
1887 18
1888 18
1889 17
1890 19
1891 18
1892 20
1893 18
1894 18
1895 18
1896 18
1897 18
1898 17
1899 17
1900 17
1901 17
1902 17
1903 17
1904 17
1905 18
1906 18
1907 18
1908 17
1909 18
1910 28
1911 18
1912 17
1913 18
1914 17
1915 18
1916 18
1917 17
1918 18
1919 18
1920 18
1921 17
1922 17
1923 17
1924 17
1925 17
1926 17
1927 18
1928 18
1929 26
1930 19
1931 17
1932 17
1933 19
1934 18
1935 18
1936 17
1937 17
1938 18
1939 18
1940 18
1941 17
1942 17
1943 18
1944 19
1945 18
1946 17
1947 17
1948 17
1949 17
1950 17
1951 17
1952 17
1953 17
1954 17
1955 18
1956 17
1957 17
1958 18
1959 18
1960 17
1961 17
1962 17
1963 18
1964 18
1965 18
1966 18
1967 17
1968 18
1969 18
1970 18
1971 17
1972 18
1973 18
1974 17
1975 18
1976 17
1977 19
1978 17
1979 18
1980 17
1981 17
1982 18
1983 18
1984 18
1985 18
1986 18
1987 17
1988 18
1989 18
1990 17
1991 18
1992 18
1993 18
1994 17
1995 17
1996 17
1997 17
1998 17
1999 18
2000 19
2001 18
2002 17
2003 18
2004 18
2005 19
2006 18
2007 17
2008 18
2009 17
2010 18
2011 18
2012 18
2013 17
2014 17
2015 18
2016 19
2017 18
2018 18
2019 17
2020 18
2021 18
2022 17
2023 17
2024 17
2025 17
2026 17
2027 17
2028 17
2029 17
2030 17
2031 17
2032 17
2033 19
2034 18
2035 17
2036 17
2037 17
2038 17
2039 17
2040 17
2041 17
2042 17
2043 17
2044 17
2045 17
2046 17
2047 21
2048 18
2049 28
2050 18
2051 17
2052 17
2053 17
2054 17
2055 17
2056 17
2057 17
2058 17
2059 17
2060 16
2061 17
2062 17
2063 17
2064 17
2065 17
2066 17
2067 17
2068 17
2069 17
2070 17
2071 17
2072 17
2073 18
2074 17
2075 19
2076 17
2077 17
2078 17
2079 17
2080 17
2081 17
2082 17
2083 18
2084 18
2085 17
2086 17
2087 17
2088 17
2089 17
2090 17
2091 17
2092 17
2093 17
2094 18
2095 17
2096 17
2097 18
2098 18
2099 17
2100 18
2101 18
2102 17
2103 18
2104 18
2105 17
2106 17
2107 17
2108 22
2109 17
2110 17
2111 19
2112 17
2113 17
2114 17
2115 17
2116 17
2117 19
2118 18
2119 18
2120 17
2121 17
2122 17
2123 17
2124 17
2125 17
2126 18
2127 17
2128 18
2129 18
2130 17
2131 17
2132 17
2133 17
2134 18
2135 18
2136 18
2137 17
2138 17
2139 17
2140 17
2141 17
2142 17
2143 17
2144 17
2145 17
2146 17
2147 17
2148 17
2149 17
2150 17
2151 18
2152 18
2153 17
2154 17
2155 17
2156 17
2157 17
2158 18
2159 18
2160 18
2161 18
2162 17
2163 17
2164 17
2165 17
2166 18
2167 28
2168 18
2169 17
2170 17
2171 17
2172 17
2173 18
2174 18
2175 19
2176 17
2177 18
2178 18
2179 18
2180 18
2181 17
2182 17
2183 17
2184 18
2185 17
2186 17
2187 17
2188 17
2189 17
2190 17
2191 17
2192 17
2193 17
2194 17
2195 17
2196 18
2197 18
2198 17
2199 17
2200 17
2201 18
2202 18
2203 18
2204 17
2205 17
2206 17
2207 17
2208 17
2209 17
2210 18
2211 18
2212 18
2213 19
2214 18
2215 17
2216 17
2217 17
2218 18
2219 18
2220 18
2221 18
2222 18
2223 17
2224 17
2225 17
2226 17
2227 17
2228 17
2229 18
2230 17
2231 17
2232 17
2233 17
2234 17
2235 17
2236 17
2237 17
2238 17
2239 19
2240 17
2241 17
2242 17
2243 17
2244 17
2245 17
2246 17
2247 17
2248 17
2249 17
2250 17
2251 17
2252 17
2253 18
2254 17
2255 19
2256 18
2257 17
2258 17
2259 18
2260 17
2261 17
2262 17
2263 17
2264 17
2265 18
2266 17
2267 17
2268 17
2269 18
2270 17
2271 18
2272 17
2273 17
2274 17
2275 18
2276 17
2277 17
2278 17
2279 17
2280 17
2281 17
2282 17
2283 17
2284 17
2285 17
2286 17
2287 17
2288 32
2289 17
2290 17
2291 18
2292 17
2293 18
2294 17
2295 18
2296 18
2297 17
2298 17
2299 17
2300 17
2301 17
2302 18
2303 19
2304 17
2305 17
2306 17
2307 17
2308 17
2309 17
2310 17
2311 17
2312 18
2313 17
2314 26
2315 18
2316 17
2317 17
2318 25
2319 18
2320 17
2321 17
2322 17
2323 17
2324 17
2325 18
2326 17
2327 17
2328 17
2329 25
2330 18
2331 17
2332 17
2333 17
2334 17
2335 18
2336 18
2337 17
2338 18
2339 17
2340 17
2341 17
2342 17
2343 17
2344 17
2345 17
2346 17
2347 18
2348 17
2349 17
2350 17
2351 17
2352 19
2353 18
2354 17
2355 18
2356 18
2357 18
2358 18
2359 17
2360 17
2361 17
2362 17
2363 18
2364 19
2365 18
2366 17
2367 19
2368 17
2369 17
2370 17
2371 17
2372 17
2373 17
2374 17
2375 17
2376 17
2377 17
2378 17
2379 17
2380 18
2381 17
2382 17
2383 18
2384 18
2385 17
2386 17
2387 17
2388 18
2389 17
2390 17
2391 17
2392 17
2393 17
2394 17
2395 17
2396 17
2397 18
2398 18
2399 18
2400 17
2401 17
2402 18
2403 18
2404 18
2405 17
2406 17
2407 18
2408 17
2409 17
2410 18
2411 17
2412 17
2413 27
2414 19
2415 18
2416 17
2417 17
2418 17
2419 18
2420 18
2421 17
2422 17
2423 17
2424 17
2425 18
2426 17
2427 17
2428 18
2429 18
2430 18
2431 20
2432 18
2433 18
2434 18
2435 17
2436 18
2437 18
2438 17
2439 17
2440 17
2441 17
2442 17
2443 17
2444 17
2445 17
2446 17
2447 17
2448 18
2449 18
2450 18
2451 18
2452 18
2453 18
2454 18
2455 17
2456 18
2457 18
2458 18
2459 17
2460 18
2461 17
2462 17
2463 17
2464 17
2465 17
2466 26
2467 17
2468 17
2469 17
2470 17
2471 17
2472 17
2473 17
2474 18
2475 18
2476 18
2477 18
2478 18
2479 18
2480 18
2481 19
2482 17
2483 18
2484 18
2485 17
2486 17
2487 17
2488 17
2489 17
2490 17
2491 17
2492 18
2493 18
2494 18
2495 19
2496 17
2497 18
2498 18
2499 18
2500 18
2501 18
2502 18
2503 17
2504 17
2505 17
2506 17
2507 17
2508 18
2509 19
2510 18
2511 17
2512 18
2513 18
2514 18
2515 17
2516 17
2517 18
2518 18
2519 27
2520 19
2521 18
2522 18
2523 17
2524 25
2525 18
2526 18
2527 17
2528 17
2529 17
2530 17
2531 17
2532 18
2533 17
2534 17
2535 17
2536 17
2537 17
2538 17
2539 17
2540 17
2541 17
2542 17
2543 19
2544 18
2545 17
2546 17
2547 17
2548 17
2549 17
2550 17
2551 17
2552 17
2553 17
2554 17
2555 17
2556 18
2557 18
2558 18
2559 20
2560 18
2561 17
2562 17
2563 17
2564 17
2565 17
2566 17
2567 17
2568 17
2569 17
2570 17
2571 18
2572 18
2573 18
2574 18
2575 17
2576 17
2577 17
2578 17
2579 17
2580 17
2581 17
2582 17
2583 17
2584 17
2585 17
2586 17
2587 18
2588 17
2589 17
2590 17
2591 21
2592 17
2593 26
2594 18
2595 17
2596 17
2597 17
2598 18
2599 19
2600 18
2601 18
2602 18
2603 17
2604 17
2605 17
2606 18
2607 18
2608 18
2609 18
2610 17
2611 17
2612 18
2613 18
2614 18
2615 18
2616 18
2617 17
2618 17
2619 18
2620 18
2621 17
2622 17
2623 20
2624 17
2625 17
2626 17
2627 17
2628 17
2629 17
2630 17
2631 18
2632 18
2633 18
2634 17
2635 17
2636 17
2637 17
2638 17
2639 17
2640 17
2641 17
2642 17
2643 17
2644 25
2645 18
2646 18
2647 17
2648 19
2649 18
2650 18
2651 17
2652 17
2653 17
2654 17
2655 17
2656 17
2657 17
2658 27
2659 18
2660 17
2661 18
2662 18
2663 17
2664 17
2665 17
2666 17
2667 17
2668 17
2669 17
2670 17
2671 17
2672 17
2673 17
2674 17
2675 17
2676 17
2677 17
2678 17
2679 17
2680 17
2681 17
2682 18
2683 18
2684 19
2685 17
2686 17
2687 19
2688 17
2689 17
2690 17
2691 17
2692 19
2693 18
2694 18
2695 17
2696 17
2697 27
2698 18
2699 17
2700 17
2701 17
2702 17
2703 17
2704 17
2705 17
2706 17
2707 17
2708 17
2709 17
2710 17
2711 17
2712 17
2713 17
2714 17
2715 18
2716 18
2717 18
2718 18
2719 17
2720 17
2721 17
2722 17
2723 17
2724 17
2725 17
2726 18
2727 17
2728 17
2729 17
2730 17
2731 18
2732 17
2733 18
2734 17
2735 17
2736 17
2737 17
2738 17
2739 17
2740 17
2741 17
2742 17
2743 17
2744 17
2745 18
2746 17
2747 17
2748 18
2749 18
2750 18
2751 20
2752 17
2753 18
2754 19
2755 18
2756 18
2757 18
2758 18
2759 17
2760 18
2761 18
2762 17
2763 17
2764 18
2765 19
2766 18
2767 18
2768 18
2769 18
2770 18
2771 17
2772 17
2773 17
2774 18
2775 18
2776 18
2777 17
2778 17
2779 17
2780 17
2781 17
2782 17
2783 17
2784 17
2785 17
2786 17
2787 17
2788 17
2789 17
2790 17
2791 17
2792 17
2793 17
2794 17
2795 17
2796 17
2797 17
2798 17
2799 17
2800 18
2801 18
2802 18
2803 18
2804 19
2805 19
2806 18
2807 18
2808 18
2809 18
2810 18
2811 17
2812 18
2813 18
2814 17
2815 20
2816 18
2817 17
2818 18
2819 18
2820 17
2821 18
2822 18
2823 35
2824 18
2825 17
2826 17
2827 18
2828 18
2829 17
2830 17
2831 29
2832 19
2833 17
2834 17
2835 17
2836 17
2837 17
2838 17
2839 17
2840 17
2841 17
2842 18
2843 18
2844 18
2845 17
2846 17
2847 17
2848 17
2849 17
2850 17
2851 17
2852 17
2853 18
2854 17
2855 18
2856 18
2857 17
2858 17
2859 19
2860 18
2861 18
2862 18
2863 18
2864 17
2865 18
2866 18
2867 18
2868 17
2869 17
2870 17
2871 17
2872 17
2873 17
2874 17
2875 28
2876 18
2877 18
2878 17
2879 19
2880 18
2881 17
2882 18
2883 17
2884 17
2885 17
2886 19
2887 20
2888 17
2889 17
2890 17
2891 17
2892 17
2893 18
2894 17
2895 17
2896 17
2897 17
2898 17
2899 17
2900 17
2901 17
2902 17
2903 18
2904 18
2905 18
2906 17
2907 17
2908 17
2909 17
2910 17
2911 17
2912 17
2913 17
2914 16
2915 17
2916 17
2917 17
2918 17
2919 17
2920 17
2921 17
2922 17
2923 17
2924 17
2925 17
2926 17
2927 17
2928 17
2929 17
2930 17
2931 17
2932 17
2933 18
2934 18
2935 18
2936 17
2937 18
2938 18
2939 18
2940 17
2941 17
2942 17
2943 19
2944 17
2945 18
2946 17
2947 17
2948 17
2949 17
2950 17
2951 17
2952 17
2953 17
2954 17
2955 17
2956 18
2957 17
2958 17
2959 18
2960 18
2961 18
2962 18
2963 19
2964 17
2965 17
2966 17
2967 17
2968 17
2969 18
2970 18
2971 17
2972 17
2973 17
2974 17
2975 17
2976 17
2977 17
2978 17
2979 17
2980 17
2981 17
2982 17
2983 17
2984 17
2985 17
2986 17
2987 22
2988 17
2989 26
2990 18
2991 17
2992 17
2993 17
2994 18
2995 17
2996 18
2997 17
2998 17
2999 17
3000 17
3001 27
3002 18
3003 18
3004 18
3005 18
3006 18
3007 20
3008 18
3009 19
3010 18
3011 17
3012 17
3013 17
3014 17
3015 17
3016 19
3017 18
3018 17
3019 17
3020 17
3021 17
3022 17
3023 17
3024 17
3025 17
3026 18
3027 19
3028 18
3029 18
3030 18
3031 18
3032 17
3033 17
3034 17
3035 17
3036 18
3037 17
3038 17
3039 18
3040 17
3041 17
3042 17
3043 18
3044 19
3045 17
3046 17
3047 17
3048 17
3049 17
3050 17
3051 17
3052 17
3053 18
3054 18
3055 17
3056 17
3057 18
3058 18
3059 18
3060 18
3061 19
3062 18
3063 18
3064 17
3065 17
3066 19
3067 17
3068 18
3069 17
3070 17
3071 20
3072 18
3073 18
3074 18
3075 18
3076 17
3077 17
3078 17
3079 17
3080 17
3081 17
3082 18
3083 18
3084 18
3085 17
3086 17
3087 17
3088 18
3089 18
3090 18
3091 18
3092 17
3093 17
3094 17
3095 17
3096 17
3097 17
3098 17
3099 17
3100 19
3101 18
3102 18
3103 18
3104 17
3105 18
3106 18
3107 18
3108 17
3109 17
3110 17
3111 17
3112 18
3113 18
3114 17
3115 17
3116 17
3117 17
3118 17
3119 17
3120 17
3121 17
3122 18
3123 17
3124 18
3125 18
3126 17
3127 27
3128 18
3129 18
3130 17
3131 17
3132 17
3133 19
3134 17
3135 20
3136 17
3137 17
3138 17
3139 17
3140 17
3141 17
3142 17
3143 17
3144 17
3145 17
3146 17
3147 17
3148 17
3149 26
3150 19
3151 17
3152 17
3153 17
3154 17
3155 17
3156 17
3157 17
3158 17
3159 17
3160 25
3161 18
3162 18
3163 18
3164 18
3165 18
3166 17
3167 17
3168 17
3169 17
3170 17
3171 25
3172 18
3173 17
3174 17
3175 17
3176 17
3177 17
3178 17
3179 28
3180 18
3181 18
3182 17
3183 18
3184 17
3185 17
3186 17
3187 17
3188 17
3189 17
3190 17
3191 17
3192 17
3193 25
3194 18
3195 17
3196 17
3197 17
3198 17
3199 20
3200 18
3201 17
3202 17
3203 17
3204 17
3205 17
3206 17
3207 17
3208 17
3209 18
3210 17
3211 18
3212 18
3213 17
3214 18
3215 18
3216 20
3217 18
3218 17
3219 18
3220 18
3221 17
3222 17
3223 17
3224 17
3225 17
3226 26
3227 18
3228 17
3229 17
3230 17
3231 18
3232 18
3233 18
3234 18
3235 18
3236 17
3237 17
3238 17
3239 18
3240 17
3241 17
3242 17
3243 17
3244 18
3245 18
3246 17
3247 17
3248 17
3249 17
3250 19
3251 18
3252 18
3253 18
3254 18
3255 18
3256 18
3257 18
3258 19
3259 18
3260 17
3261 18
3262 18
3263 19
3264 17
3265 17
3266 18
3267 18
3268 17
3269 18
3270 18
3271 18
3272 18
3273 17
3274 17
3275 17
3276 17
3277 19
3278 18
3279 17
3280 18
3281 18
3282 17
3283 17
3284 17
3285 18
3286 18
3287 17
3288 18
3289 18
3290 17
3291 17
3292 18
3293 17
3294 17
3295 18
3296 18
3297 17
3298 17
3299 17
3300 18
3301 18
3302 17
3303 19
3304 17
3305 19
3306 18
3307 18
3308 17
3309 18
3310 19
3311 17
3312 17
3313 17
3314 17
3315 18
3316 17
3317 18
3318 17
3319 17
3320 17
3321 17
3322 17
3323 18
3324 17
3325 18
3326 18
3327 20
3328 18
3329 17
3330 17
3331 17
3332 17
3333 17
3334 17
3335 17
3336 17
3337 17
3338 17
3339 17
3340 17
3341 17
3342 17
3343 28
3344 18
3345 18
3346 18
3347 17
3348 17
3349 19
3350 17
3351 18
3352 17
3353 17
3354 17
3355 17
3356 17
3357 19
3358 17
3359 18
3360 19
3361 17
3362 17
3363 18
3364 18
3365 17
3366 17
3367 17
3368 18
3369 18
3370 17
3371 17
3372 18
3373 17
3374 18
3375 18
3376 18
3377 19
3378 18
3379 17
3380 17
3381 18
3382 18
3383 17
3384 18
3385 17
3386 17
3387 19
3388 17
3389 18
3390 17
3391 19
3392 18
3393 17
3394 17
3395 17
3396 18
3397 17
3398 18
3399 18
3400 18
3401 18
3402 18
3403 18
3404 18
3405 17
3406 18
3407 17
3408 17
3409 18
3410 18
3411 18
3412 17
3413 18
3414 17
3415 19
3416 18
3417 18
3418 17
3419 19
3420 18
3421 18
3422 18
3423 17
3424 17
3425 17
3426 18
3427 18
3428 17
3429 17
3430 17
3431 27
3432 18
3433 17
3434 18
3435 17
3436 17
3437 17
3438 17
3439 17
3440 18
3441 17
3442 18
3443 19
3444 18
3445 17
3446 17
3447 17
3448 17
3449 17
3450 17
3451 17
3452 17
3453 17
3454 17
3455 19
3456 17
3457 17
3458 17
3459 17
3460 19
3461 19
3462 17
3463 17
3464 17
3465 17
3466 17
3467 17
3468 17
3469 17
3470 17
3471 17
3472 17
3473 17
3474 17
3475 18
3476 18
3477 19
3478 18
3479 17
3480 17
3481 18
3482 18
3483 17
3484 17
3485 17
3486 17
3487 17
3488 17
3489 17
3490 17
3491 17
3492 17
3493 17
3494 17
3495 17
3496 17
3497 17
3498 17
3499 17
3500 26
3501 18
3502 18
3503 18
3504 17
3505 17
3506 17
3507 17
3508 17
3509 17
3510 18
3511 18
3512 18
3513 17
3514 17
3515 27
3516 18
3517 18
3518 17
3519 19
3520 17
3521 17
3522 17
3523 18
3524 17
3525 17
3526 17
3527 18
3528 17
3529 17
3530 17
3531 17
3532 17
3533 18
3534 30
3535 17
3536 17
3537 17
3538 17
3539 17
3540 17
3541 17
3542 17
3543 18
3544 17
3545 17
3546 17
3547 17
3548 17
3549 17
3550 17
3551 17
3552 17
3553 17
3554 18
3555 19
3556 17
3557 17
3558 17
3559 17
3560 17
3561 17
3562 17
3563 21
3564 17
3565 17
3566 18
3567 18
3568 18
3569 17
3570 17
3571 17
3572 18
3573 17
3574 17
3575 17
3576 17
3577 18
3578 17
3579 18
3580 18
3581 18
3582 17
3583 19
3584 17
3585 17
3586 17
3587 17
3588 18
3589 19
3590 17
3591 18
3592 17
3593 17
3594 17
3595 17
3596 17
3597 17
3598 17
3599 18
3600 20
3601 18
3602 17
3603 17
3604 17
3605 18
3606 17
3607 17
3608 17
3609 17
3610 17
3611 17
3612 17
3613 17
3614 17
3615 17
3616 18
3617 17
3618 18
3619 17
3620 17
3621 18
3622 27
3623 17
3624 18
3625 17
3626 17
3627 17
3628 18
3629 17
3630 17
3631 17
3632 18
3633 18
3634 17
3635 17
3636 18
3637 18
3638 18
3639 19
3640 18
3641 18
3642 18
3643 17
3644 18
3645 18
3646 17
3647 19
3648 18
3649 17
3650 17
3651 17
3652 17
3653 18
3654 18
3655 18
3656 17
3657 17
3658 18
3659 18
3660 17
3661 18
3662 19
3663 19
3664 18
3665 27
3666 18
3667 17
3668 17
3669 17
3670 17
3671 17
3672 17
3673 17
3674 17
3675 18
3676 17
3677 17
3678 17
3679 17
3680 17
3681 17
3682 18
3683 19
3684 19
3685 17
3686 17
3687 17
3688 18
3689 17
3690 18
3691 18
3692 17
3693 17
3694 17
3695 17
3696 17
3697 18
3698 17
3699 17
3700 17
3701 17
3702 18
3703 17
3704 18
3705 18
3706 17
3707 17
3708 17
3709 17
3710 17
3711 28
3712 28
3713 18
3714 18
3715 17
3716 17
3717 17
3718 18
3719 17
3720 17
3721 17
3722 17
3723 17
3724 18
3725 18
3726 26
3727 18
3728 17
3729 17
3730 17
3731 17
3732 17
3733 17
3734 17
3735 17
3736 17
3737 24
3738 18
3739 17
3740 17
3741 17
3742 17
3743 17
3744 17
3745 17
3746 18
3747 19
3748 24
3749 18
3750 17
3751 17
3752 17
3753 17
3754 18
3755 18
3756 18
3757 18
3758 17
3759 17
3760 17
3761 17
3762 17
3763 17
3764 18
3765 17
3766 19
3767 19
3768 19
3769 17
3770 17
3771 17
3772 17
3773 17
3774 17
3775 19
3776 17
3777 18
3778 18
3779 17
3780 17
3781 17
3782 17
3783 17
3784 17
3785 17
3786 17
3787 17
3788 18
3789 19
3790 17
3791 17
3792 17
3793 17
3794 19
3795 17
3796 17
3797 24
3798 24
3799 19
3800 18
3801 17
3802 17
3803 17
3804 18
3805 17
3806 17
3807 17
3808 18
3809 17
3810 18
3811 17
3812 17
3813 17
3814 17
3815 17
3816 17
3817 17
3818 17
3819 17
3820 17
3821 18
3822 18
3823 17
3824 17
3825 17
3826 17
3827 17
3828 17
3829 18
3830 17
3831 18
3832 17
3833 17
3834 17
3835 17
3836 17
3837 17
3838 17
3839 20
3840 17
3841 17
3842 17
3843 17
3844 27
3845 18
3846 17
3847 17
3848 17
3849 17
3850 17
3851 18
3852 19
3853 17
3854 17
3855 17
3856 17
3857 17
3858 18
3859 17
3860 18
3861 17
3862 17
3863 17
3864 17
3865 17
3866 26
3867 18
3868 17
3869 17
3870 17
3871 18
3872 18
3873 19
3874 18
3875 17
3876 18
3877 17
3878 17
3879 17
3880 17
3881 17
3882 17
3883 17
3884 18
3885 17
3886 17
3887 17
3888 18
3889 18
3890 29
3891 19
3892 17
3893 18
3894 19
3895 17
3896 18
3897 17
3898 27
3899 18
3900 17
3901 17
3902 17
3903 19
3904 17
3905 17
3906 17
3907 17
3908 17
3909 17
3910 18
3911 18
3912 17
3913 18
3914 18
3915 19
3916 20
3917 22
3918 17
3919 17
3920 17
3921 17
3922 17
3923 18
3924 18
3925 17
3926 19
3927 17
3928 18
3929 17
3930 17
3931 17
3932 17
3933 17
3934 17
3935 17
3936 27
3937 18
3938 17
3939 17
3940 17
3941 17
3942 18
3943 17
3944 18
3945 17
3946 17
3947 18
3948 29
3949 18
3950 18
3951 19
3952 18
3953 18
3954 18
3955 18
3956 17
3957 19
3958 18
3959 17
3960 17
3961 17
3962 17
3963 17
3964 17
3965 17
3966 18
3967 19
3968 17
3969 18
3970 17
3971 18
3972 17
3973 17
3974 18
3975 17
3976 17
3977 18
3978 18
3979 18
3980 17
3981 19
3982 17
3983 17
3984 18
3985 18
3986 17
3987 17
3988 18
3989 18
3990 17
3991 17
3992 17
3993 17
3994 18
3995 18
3996 18
3997 17
3998 18
3999 18
4000 17
4001 17
4002 18
4003 18
4004 18
4005 17
4006 17
4007 17
4008 18
4009 18
4010 17
4011 18
4012 17
4013 17
4014 17
4015 26
4016 19
4017 17
4018 17
4019 18
4020 18
4021 18
4022 18
4023 17
4024 18
4025 18
4026 17
4027 17
4028 17
4029 18
4030 18
4031 19
4032 17
4033 17
4034 18
4035 18
4036 17
4037 25
4038 18
4039 17
4040 18
4041 25
4042 21
4043 18
4044 18
4045 18
4046 18
4047 17
4048 17
4049 18
4050 17
4051 17
4052 18
4053 17
4054 17
4055 18
4056 18
4057 18
4058 17
4059 18
4060 18
4061 17
4062 18
4063 18
4064 18
4065 18
4066 20
4067 18
4068 17
4069 17
4070 17
4071 17
4072 18
4073 18
4074 18
4075 18
4076 18
4077 18
4078 17
4079 27
4080 18
4081 18
4082 18
4083 18
4084 18
4085 18
4086 17
4087 17
4088 17
4089 17
4090 17
4091 17
4092 17
4093 17
4094 18
4095 19
4096 17
4097 17
4098 17
4099 17
4100 17
4101 17
4102 17
4103 18
4104 20
4105 18
4106 18
4107 18
4108 18
4109 18
4110 17
4111 17
4112 18
4113 18
4114 17
4115 17
4116 17
4117 17
4118 17
4119 17
4120 17
4121 17
4122 17
4123 17
4124 18
4125 18
4126 17
4127 17
4128 17
4129 17
4130 17
4131 17
4132 17
4133 18
4134 17
4135 18
4136 18
4137 18
4138 17
4139 17
4140 17
4141 17
4142 26
4143 18
4144 17
4145 18
4146 19
4147 18
4148 17
4149 18
4150 17
4151 17
4152 18
4153 19
4154 18
4155 17
4156 17
4157 17
4158 17
4159 19
4160 17
4161 17
4162 18
4163 19
4164 18
4165 19
4166 17
4167 18
4168 27
4169 18
4170 17
4171 17
4172 17
4173 17
4174 17
4175 18
4176 18
4177 17
4178 17
4179 25
4180 18
4181 17
4182 17
4183 17
4184 17
4185 19
4186 18
4187 17
4188 19
4189 17
4190 17
4191 17
4192 17
4193 17
4194 17
4195 17
4196 17
4197 17
4198 17
4199 17
4200 17
4201 17
4202 17
4203 18
4204 17
4205 17
4206 17
4207 17
4208 17
4209 18
4210 17
4211 17
4212 18
4213 17
4214 17
4215 17
4216 18
4217 17
4218 17
4219 17
4220 17
4221 17
4222 17
4223 19
4224 17
4225 18
4226 18
4227 17
4228 17
4229 17
4230 17
4231 20
4232 17
4233 18
4234 18
4235 18
4236 17
4237 18
4238 17
4239 17
4240 17
4241 18
4242 17
4243 542
4244 52
4245 19
4246 17
4247 18
4248 17
4249 17
4250 18
4251 17
4252 17
4253 18
4254 18
4255 19
4256 19
4257 17
4258 18
4259 17
4260 17
4261 18
4262 18
4263 17
4264 18
4265 18
4266 17
4267 17
4268 17
4269 17
4270 17
4271 17
4272 18
4273 17
4274 18
4275 17
4276 17
4277 17
4278 17
4279 18
4280 18
4281 17
4282 17
4283 18
4284 17
4285 17
4286 18
4287 18
4288 17
4289 18
4290 17
4291 18
4292 18
4293 17
4294 18
4295 18
4296 18
4297 18
4298 17
4299 17
4300 17
4301 17
4302 17
4303 19
4304 17
4305 18
4306 17
4307 17
4308 17
4309 17
4310 17
4311 18
4312 18
4313 18
4314 17
4315 17
4316 17
4317 18
4318 19
4319 18
4320 17
4321 18
4322 18
4323 17
4324 18
4325 18
4326 17
4327 17
4328 17
4329 18
4330 19
4331 18
4332 17
4333 17
4334 17
4335 17
4336 18
4337 18
4338 17
4339 17
4340 17
4341 18
4342 18
4343 18
4344 19
4345 17
4346 18
4347 17
4348 18
4349 17
4350 17
4351 17
4352 18
4353 17
4354 18
4355 18
4356 17
4357 17
4358 18
4359 18
4360 18
4361 19
4362 29
4363 18
4364 18
4365 17
4366 18
4367 18
4368 18
4369 18
4370 18
4371 17
4372 17
4373 17
4374 17
4375 17
4376 17
4377 17
4378 18
4379 19
4380 18
4381 17
4382 18
4383 17
4384 17
4385 17
4386 17
4387 19
4388 18
4389 18
4390 18
4391 18
4392 19
4393 18
4394 19
4395 22
4396 30
4397 19
4398 18
4399 18
4400 18
4401 17
4402 18
4403 18
4404 18
4405 18
4406 18
4407 18
4408 18
4409 19
4410 19
4411 20
4412 20
4413 18
4414 19
4415 20
4416 20
4417 19
4418 18
4419 19
4420 18
4421 19
4422 18
4423 17
4424 19
4425 18
4426 18
4427 17
4428 19
4429 17
4430 18
4431 20
4432 19
4433 19
4434 17
4435 17
4436 18
4437 19
4438 18
4439 18
4440 18
4441 18
4442 18
4443 18
4444 19
4445 18
4446 18
4447 20
4448 20
4449 18
4450 18
4451 19
4452 18
4453 18
4454 18
4455 19
4456 18
4457 18
4458 19
4459 18
4460 19
4461 18
4462 18
4463 18
4464 18
4465 20
4466 20
4467 20
4468 20
4469 18
4470 18
4471 18
4472 19
4473 18
4474 19
4475 23
4476 20
4477 18
4478 18
4479 18
4480 17
4481 19
4482 18
4483 18
4484 20
4485 18
4486 18
4487 18
4488 18
4489 17
4490 19
4491 18
4492 26
4493 18
4494 18
4495 18
4496 17
4497 18
4498 18
4499 18
4500 19
4501 19
4502 18
4503 17
4504 18
4505 18
4506 17
4507 18
4508 18
4509 17
4510 18
4511 18
4512 17
4513 18
4514 18
4515 18
4516 18
4517 19
4518 17
4519 18
4520 18
4521 17
4522 17
4523 17
4524 17
4525 17
4526 18
4527 17
4528 18
4529 17
4530 18
4531 17
4532 18
4533 18
4534 18
4535 18
4536 17
4537 17
4538 18
4539 18
4540 17
4541 18
4542 17
4543 18
4544 18
4545 18
4546 18
4547 17
4548 17
4549 18
4550 17
4551 17
4552 17
4553 18
4554 18
4555 17
4556 17
4557 18
4558 17
4559 17
4560 18
4561 17
4562 18
4563 21
4564 20
4565 19
4566 18
4567 18
4568 18
4569 29
4570 18
4571 18
4572 19
4573 20
4574 18
4575 18
4576 20
4577 21
4578 24
4579 20
4580 20
4581 18
4582 19
4583 24
4584 19
4585 18
4586 18
4587 17
4588 18
4589 18
4590 18
4591 18
4592 18
4593 17
4594 17
4595 17
4596 18
4597 18
4598 19
4599 23
4600 19
4601 18
4602 18
4603 20
4604 23
4605 20
4606 18
4607 18
4608 19
4609 19
4610 17
4611 18
4612 18
4613 18
4614 18
4615 17
4616 18
4617 17
4618 17
4619 32
4620 20
4621 19
4622 18
4623 18
4624 17
4625 18
4626 18
4627 18
4628 18
4629 18
4630 19
4631 18
4632 17
4633 18
4634 18
4635 19
4636 23
4637 20
4638 19
4639 18
4640 19
4641 17
4642 18
4643 19
4644 19
4645 18
4646 17
4647 18
4648 19
4649 18
4650 19
4651 19
4652 23
4653 20
4654 17
4655 18
4656 18
4657 18
4658 18
4659 17
4660 19
4661 19
4662 22
4663 21
4664 20
4665 18
4666 18
4667 19
4668 22
4669 20
4670 19
4671 20
4672 20
4673 18
4674 20
4675 19
4676 19
4677 20
4678 24
4679 21
4680 18
4681 20
4682 18
4683 19
4684 20
4685 17
4686 18
4687 19
4688 18
4689 18
4690 18
4691 18
4692 22
4693 19
4694 18
4695 18
4696 18
4697 18
4698 18
4699 19
4700 17
4701 17
4702 17
4703 19
4704 18
4705 17
4706 17
4707 17
4708 17
4709 17
4710 17
4711 17
4712 17
4713 18
4714 17
4715 17
4716 17
4717 17
4718 17
4719 17
4720 17
4721 17
4722 19
4723 18
4724 18
4725 17
4726 17
4727 18
4728 18
4729 18
4730 17
4731 17
4732 17
4733 17
4734 17
4735 17
4736 17
4737 17
4738 17
4739 17
4740 19
4741 17
4742 18
4743 17
4744 18
4745 17
4746 17
4747 17
4748 18
4749 17
4750 18
4751 18
4752 17
4753 17
4754 17
4755 18
4756 17
4757 17
4758 17
4759 18
4760 17
4761 18
4762 18
4763 18
4764 17
4765 18
4766 17
4767 17
4768 17
4769 17
4770 17
4771 17
4772 17
4773 18
4774 18
4775 17
4776 18
4777 18
4778 17
4779 17
4780 17
4781 26
4782 18
4783 18
4784 17
4785 17
4786 17
4787 17
4788 17
4789 17
4790 17
4791 18
4792 17
4793 18
4794 18
4795 18
4796 18
4797 17
4798 17
4799 17
4800 17
4801 17
4802 17
4803 17
4804 18
4805 18
4806 18
4807 18
4808 17
4809 18
4810 19
4811 17
4812 17
4813 17
4814 17
4815 18
4816 18
4817 17
4818 18
4819 17
4820 17
4821 17
4822 17
4823 17
4824 17
4825 17
4826 18
4827 17
4828 18
4829 17
4830 17
4831 17
4832 17
4833 17
4834 17
4835 17
4836 17
4837 18
4838 18
4839 17
4840 17
4841 17
4842 17
4843 18
4844 17
4845 17
4846 17
4847 17
4848 17
4849 17
4850 17
4851 18
4852 18
4853 17
4854 17
4855 18
4856 18
4857 18
4858 18
4859 17
4860 17
4861 17
4862 17
4863 17
4864 17
4865 18
4866 17
4867 17
4868 17
4869 17
4870 17
4871 18
4872 19
4873 18
4874 18
4875 18
4876 18
4877 17
4878 18
4879 17
4880 18
4881 18
4882 17
4883 18
4884 18
4885 18
4886 18
4887 17
4888 18
4889 18
4890 18
4891 17
4892 18
4893 18
4894 19
4895 18
4896 17
4897 18
4898 18
4899 18
4900 19
4901 17
4902 18
4903 18
4904 17
4905 18
4906 17
4907 18
4908 18
4909 17
4910 18
4911 18
4912 17
4913 18
4914 17
4915 17
4916 18
4917 18
4918 18
4919 41
4920 18
4921 17
4922 18
4923 18
4924 17
4925 18
4926 17
4927 18
4928 18
4929 18
4930 18
4931 18
4932 19
4933 17
4934 17
4935 17
4936 17
4937 17
4938 17
4939 17
4940 17
4941 17
4942 17
4943 17
4944 18
4945 17
4946 17
4947 17
4948 17
4949 17
4950 17
4951 17
4952 17
4953 17
4954 17
4955 25
4956 19
4957 18
4958 17
4959 17
4960 17
4961 17
4962 17
4963 17
4964 17
4965 17
4966 17
4967 17
4968 17
4969 17
4970 18
4971 18
4972 18
4973 18
4974 17
4975 17
4976 17
4977 20
4978 17
4979 17
4980 17
4981 17
4982 17
4983 17
4984 17
4985 17
4986 17
4987 17
4988 19
4989 17
4990 17
4991 17
4992 17
4993 17
4994 19
4995 17
4996 17
4997 17
4998 17
4999 18
5000 18
5001 17
5002 17
5003 17
5004 17
5005 18
5006 18
5007 18
5008 17
5009 17
5010 18
5011 18
5012 18
5013 17
5014 18
5015 18
5016 18
5017 17
5018 17
5019 17
5020 17
5021 17
5022 17
5023 17
5024 17
5025 17
5026 17
5027 17
5028 25
5029 19
5030 17
5031 17
5032 17
5033 18
5034 18
5035 18
5036 18
5037 17
5038 17
5039 18
5040 18
5041 20
5042 17
5043 17
5044 17
5045 17
5046 17
5047 17
5048 17
5049 26
5050 18
5051 17
5052 17
5053 17
5054 17
5055 17
5056 17
5057 17
5058 17
5059 17
5060 24
5061 18
5062 17
5063 18
5064 17
5065 18
5066 17
5067 17
5068 18
5069 17
5070 17
5071 18
5072 18
5073 17
5074 17
5075 17
5076 17
5077 18
5078 18
5079 18
5080 17
5081 17
5082 17
5083 17
5084 17
5085 17
5086 17
5087 17
5088 18
5089 19
5090 18
5091 17
5092 17
5093 18
5094 17
5095 17
5096 17
5097 26
5098 17
5099 17
5100 17
5101 17
5102 17
5103 18
5104 18
5105 21
5106 18
5107 17
5108 18
5109 18
5110 18
5111 17
5112 17
5113 17
5114 17
5115 17
5116 17
5117 18
5118 17
5119 17
5120 17
5121 17
5122 17
5123 17
5124 17
5125 17
5126 17
5127 18
5128 18
5129 18
5130 18
5131 17
5132 17
5133 17
5134 17
5135 18
5136 18
5137 17
5138 17
5139 18
5140 18
5141 17
5142 17
5143 17
5144 17
5145 18
5146 18
5147 18
5148 18
5149 17
5150 18
5151 18
5152 18
5153 17
5154 17
5155 18
5156 18
5157 17
5158 17
5159 17
5160 17
5161 17
5162 17
5163 17
5164 17
5165 17
5166 17
5167 18
5168 17
5169 20
5170 17
5171 17
5172 17
5173 18
5174 17
5175 17
5176 17
5177 17
5178 17
5179 17
5180 17
5181 17
5182 17
5183 17
5184 17
5185 17
5186 17
5187 18
5188 18
5189 18
5190 17
5191 17
5192 18
5193 18
5194 18
5195 17
5196 17
5197 17
5198 17
5199 17
5200 17
5201 17
5202 18
5203 18
5204 18
5205 17
5206 17
5207 17
5208 17
5209 17
5210 17
5211 17
5212 18
5213 18
5214 18
5215 17
5216 17
5217 18
5218 17
5219 18
5220 18
5221 17
5222 18
5223 17
5224 17
5225 17
5226 17
5227 17
5228 17
5229 18
5230 18
5231 18
5232 18
5233 20
5234 18
5235 17
5236 17
5237 17
5238 17
5239 17
5240 17
5241 19
5242 18
5243 22
5244 17
5245 17
5246 17
5247 17
5248 17
5249 17
5250 17
5251 18
5252 18
5253 18
5254 17
5255 18
5256 18
5257 19
5258 18
5259 17
5260 18
5261 17
5262 18
5263 18
5264 18
5265 18
5266 17
5267 17
5268 17
5269 18
5270 18
5271 18
5272 17
5273 18
5274 18
5275 17
5276 17
5277 19
5278 18
5279 18
5280 17
5281 18
5282 18
5283 17
5284 18
5285 18
5286 18
5287 18
5288 17
5289 17
5290 18
5291 17
5292 17
5293 17
5294 17
5295 18
5296 17
5297 20
5298 18
5299 18
5300 17
5301 18
5302 18
5303 18
5304 17
5305 17
5306 18
5307 17
5308 17
5309 18
5310 17
5311 17
5312 18
5313 18
5314 18
5315 18
5316 18
5317 18
5318 18
5319 19
5320 18
5321 17
5322 17
5323 17
5324 17
5325 17
5326 17
5327 17
5328 18
5329 17
5330 17
5331 17
5332 17
5333 17
5334 17
5335 18
5336 19
5337 17
5338 17
5339 17
5340 17
5341 18
5342 18
5343 17
5344 17
5345 17
5346 18
5347 18
5348 18
5349 17
5350 18
5351 18
5352 19
5353 17
5354 18
5355 17
5356 17
5357 17
5358 18
5359 18
5360 17
5361 19
5362 17
5363 17
5364 17
5365 17
5366 17
5367 17
5368 26
5369 18
5370 17
5371 17
5372 17
5373 17
5374 18
5375 18
5376 18
5377 18
5378 18
5379 18
5380 17
5381 17
5382 17
5383 17
5384 17
5385 17
5386 18
5387 18
5388 17
5389 17
5390 17
5391 18
5392 18
5393 18
5394 17
5395 17
5396 17
5397 18
5398 17
5399 17
5400 17
5401 17
5402 18
5403 17
5404 18
5405 17
5406 17
5407 17
5408 17
5409 17
5410 17
5411 17
5412 17
5413 17
5414 17
5415 17
5416 17
5417 17
5418 17
5419 18
5420 17
5421 18
5422 17
5423 17
5424 17
5425 20
5426 17
5427 17
5428 17
5429 17
5430 17
5431 17
5432 17
5433 17
5434 17
5435 17
5436 18
5437 17
5438 18
5439 17
5440 17
5441 17
5442 17
5443 17
5444 17
5445 17
5446 18
5447 17
5448 18
5449 18
5450 18
5451 18
5452 17
5453 18
5454 17
5455 17
5456 18
5457 17
5458 17
5459 17
5460 18
5461 17
5462 17
5463 17
5464 17
5465 17
5466 17
5467 17
5468 17
5469 17
5470 18
5471 18
5472 18
5473 17
5474 17
5475 17
5476 17
5477 17
5478 17
5479 17
5480 17
5481 17
5482 17
5483 18
5484 18
5485 19
5486 17
5487 17
5488 17
5489 19
5490 17
5491 17
5492 17
5493 17
5494 17
5495 18
5496 18
5497 27
5498 19
5499 17
5500 17
5501 17
5502 17
5503 18
5504 17
5505 18
5506 17
5507 18
5508 18
5509 17
5510 17
5511 17
5512 17
5513 17
5514 18
5515 18
5516 18
5517 18
5518 17
5519 18
5520 17
5521 17
5522 17
5523 17
5524 18
5525 18
5526 17
5527 17
5528 17
5529 17
5530 17
5531 18
5532 17
5533 18
5534 17
5535 18
5536 26
5537 18
5538 18
5539 18
5540 17
5541 17
5542 17
5543 17
5544 18
5545 18
5546 17
5547 18
5548 19
5549 18
5550 17
5551 18
5552 18
5553 20
5554 18
5555 17
5556 17
5557 17
5558 18
5559 18
5560 18
5561 17
5562 17
5563 17
5564 17
5565 17
5566 17
5567 17
5568 17
5569 18
5570 18
5571 17
5572 17
5573 18
5574 18
5575 17
5576 17
5577 18
5578 18
5579 18
5580 17
5581 17
5582 17
5583 18
5584 17
5585 17
5586 17
5587 17
5588 17
5589 17
5590 17
5591 17
5592 17
5593 18
5594 17
5595 17
5596 17
5597 17
5598 17
5599 27
5600 18
5601 17
5602 17
5603 18
5604 17
5605 17
5606 17
5607 17
5608 17
5609 18
5610 17
5611 17
5612 17
5613 17
5614 17
5615 18
5616 18
5617 20
5618 18
5619 18
5620 17
5621 18
5622 18
5623 17
5624 17
5625 18
5626 19
5627 18
5628 18
5629 17
5630 18
5631 18
5632 17
5633 17
5634 293
5635 19
5636 18
5637 17
5638 18
5639 18
5640 18
5641 18
5642 17
5643 18
5644 17
5645 18
5646 18
5647 18
5648 19
5649 18
5650 20
5651 18
5652 18
5653 17
5654 18
5655 17
5656 18
5657 18
5658 17
5659 18
5660 17
5661 18
5662 18
5663 28
5664 19
5665 17
5666 17
5667 17
5668 17
5669 17
5670 18
5671 18
5672 17
5673 17
5674 18
5675 17
5676 18
5677 17
5678 17
5679 17
5680 18
5681 18
5682 18
5683 18
5684 17
5685 17
5686 17
5687 17
5688 17
5689 17
5690 17
5691 17
5692 17
5693 17
5694 17
5695 17
5696 17
5697 18
5698 18
5699 18
5700 17
5701 17
5702 17
5703 17
5704 17
5705 17
5706 17
5707 17
5708 17
5709 17
5710 17
5711 17
5712 18
5713 18
5714 19
5715 18
5716 18
5717 18
5718 18
5719 17
5720 18
5721 18
5722 17
5723 17
5724 17
5725 17
5726 17
5727 18
5728 18
5729 17
5730 17
5731 17
5732 17
5733 17
5734 17
5735 17
5736 17
5737 17
5738 18
5739 18
5740 18
5741 18
5742 18
5743 18
5744 18
5745 18
5746 18
5747 18
5748 18
5749 18
5750 17
5751 18
5752 18
5753 18
5754 17
5755 17
5756 17
5757 17
5758 19
5759 17
5760 17
5761 18
5762 17
5763 17
5764 18
5765 23
5766 18
5767 18
5768 18
5769 18
5770 18
5771 18
5772 18
5773 18
5774 17
5775 17
5776 17
5777 17
5778 17
5779 17
5780 17
5781 17
5782 17
5783 17
5784 17
5785 17
5786 17
5787 17
5788 18
5789 18
5790 18
5791 17
5792 17
5793 17
5794 17
5795 18
5796 17
5797 18
5798 18
5799 18
5800 27
5801 17
5802 17
5803 17
5804 17
5805 17
5806 18
5807 17
5808 18
5809 17
5810 19
5811 17
5812 18
5813 18
5814 17
5815 17
5816 17
5817 17
5818 17
5819 17
5820 18
5821 18
5822 19
5823 17
5824 17
5825 17
5826 17
5827 17
5828 17
5829 17
5830 18
5831 17
5832 18
5833 17
5834 17
5835 17
5836 17
5837 18
5838 18
5839 18
5840 17
5841 17
5842 27
5843 18
5844 18
5845 17
5846 18
5847 17
5848 18
5849 17
5850 18
5851 17
5852 17
5853 25
5854 19
5855 18
5856 17
5857 17
5858 18
5859 18
5860 18
5861 18
5862 18
5863 18
5864 18
5865 19
5866 18
5867 17
5868 17
5869 18
5870 17
5871 17
5872 18
5873 18
5874 17
5875 17
5876 17
5877 17
5878 17
5879 17
5880 17
5881 17
5882 20
5883 18
5884 17
5885 17
5886 19
5887 18
5888 17
5889 17
5890 17
5891 17
5892 27
5893 18
5894 17
5895 17
5896 18
5897 17
5898 17
5899 18
5900 18
5901 17
5902 17
5903 17
5904 17
5905 17
5906 17
5907 17
5908 17
5909 17
5910 17
5911 17
5912 17
5913 17
5914 17
5915 18
5916 18
5917 17
5918 17
5919 17
5920 17
5921 17
5922 17
5923 17
5924 17
5925 17
5926 17
5927 17
5928 17
5929 17
5930 17
5931 17
5932 18
5933 17
5934 18
5935 18
5936 17
5937 17
5938 17
5939 17
5940 17
5941 17
5942 17
5943 17
5944 17
5945 17
5946 17
5947 18
5948 17
5949 17
5950 19
5951 17
5952 18
5953 17
5954 17
5955 17
5956 17
5957 17
5958 17
5959 17
5960 17
5961 17
5962 17
5963 17
5964 17
5965 17
5966 17
5967 18
5968 18
5969 19
5970 17
5971 17
5972 17
5973 17
5974 17
5975 17
5976 17
5977 18
5978 17
5979 37
5980 18
5981 18
5982 17
5983 17
5984 17
5985 17
5986 17
5987 17
5988 17
5989 18
5990 18
5991 17
5992 18
5993 17
5994 17
5995 17
5996 17
5997 17
5998 17
5999 18
6000 18
6001 18
6002 17
6003 17
6004 17
6005 17
6006 17
6007 17
6008 17
6009 17
6010 18
6011 17
6012 18
6013 17
6014 20
6015 17
6016 17
6017 17
6018 17
6019 17
6020 17
6021 17
6022 17
6023 18
6024 18
6025 18
6026 17
6027 17
6028 17
6029 17
6030 18
6031 18
6032 18
6033 18
6034 18
6035 18
6036 19
6037 18
6038 17
6039 17
6040 17
6041 17
6042 17
6043 17
6044 17
6045 17
6046 17
6047 18
6048 17
6049 27
6050 18
6051 17
6052 17
6053 18
6054 17
6055 17
6056 17
6057 18
6058 17
6059 17
6060 18
6061 17
6062 18
6063 17
6064 17
6065 18
6066 19
6067 18
6068 18
6069 17
6070 17
6071 18
6072 17
6073 17
6074 18
6075 18
6076 17
6077 17
6078 20
6079 18
6080 17
6081 17
6082 28
6083 18
6084 17
6085 17
6086 18
6087 18
6088 17
6089 17
6090 17
6091 17
6092 18
6093 18
6094 19
6095 17
6096 18
6097 18
6098 17
6099 18
6100 17
6101 18
6102 17
6103 17
6104 18
6105 17
6106 18
6107 18
6108 18
6109 18
6110 18
6111 19
6112 17
6113 17
6114 18
6115 18
6116 18
6117 18
6118 18
6119 17
6120 17
6121 18
6122 18
6123 18
6124 17
6125 17
6126 18
6127 17
6128 17
6129 18
6130 18
6131 17
6132 17
6133 18
6134 17
6135 18
6136 18
6137 17
6138 18
6139 18
6140 17
6141 17
6142 19
6143 17
6144 18
6145 18
6146 18
6147 18
6148 18
6149 18
6150 17
6151 17
6152 17
6153 17
6154 18
6155 17
6156 18
6157 26
6158 18
6159 18
6160 17
6161 17
6162 18
6163 18
6164 17
6165 17
6166 17
6167 17
6168 17
6169 18
6170 18
6171 18
6172 18
6173 17
6174 18
6175 18
6176 17
6177 17
6178 17
6179 17
6180 18
6181 18
6182 18
6183 17
6184 17
6185 17
6186 18
6187 23
6188 18
6189 29
6190 18
6191 17
6192 17
6193 17
6194 17
6195 17
6196 17
6197 18
6198 17
6199 18
6200 17
6201 17
6202 17
6203 17
6204 24
6205 18
6206 20
6207 17
6208 18
6209 17
6210 18
6211 17
6212 17
6213 17
6214 18
6215 17
6216 17
6217 17
6218 24
6219 19
6220 18
6221 17
6222 17
6223 17
6224 17
6225 17
6226 17
6227 17
6228 17
6229 17
6230 17
6231 17
6232 18
6233 19
6234 17
6235 18
6236 18
6237 17
6238 17
6239 18
6240 18
6241 17
6242 17
6243 17
6244 17
6245 17
6246 17
6247 17
6248 17
6249 17
6250 18
6251 18
6252 17
6253 17
6254 17
6255 17
6256 18
6257 17
6258 17
6259 18
6260 18
6261 18
6262 18
6263 18
6264 18
6265 17
6266 18
6267 17
6268 17
6269 17
6270 19
6271 27
6272 18
6273 17
6274 17
6275 17
6276 17
6277 17
6278 17
6279 17
6280 18
6281 18
6282 18
6283 18
6284 17
6285 18
6286 18
6287 17
6288 18
6289 18
6290 17
6291 17
6292 17
6293 17
6294 17
6295 17
6296 17
6297 17
6298 17
6299 17
6300 17
6301 18
6302 18
6303 17
6304 17
6305 18
6306 18
6307 18
6308 17
6309 17
6310 18
6311 17
6312 17
6313 17
6314 17
6315 18
6316 17
6317 18
6318 18
6319 18
6320 17
6321 17
6322 19
6323 17
6324 18
6325 18
6326 18
6327 27
6328 18
6329 17
6330 17
6331 17
6332 17
6333 17
6334 18
6335 27
6336 17
6337 17
6338 18
6339 18
6340 18
6341 17
6342 17
6343 17
6344 17
6345 18
6346 17
6347 17
6348 17
6349 17
6350 17
6351 17
6352 18
6353 17
6354 17
6355 17
6356 17
6357 17
6358 17
6359 17
6360 18
6361 17
6362 17
6363 17
6364 17
6365 17
6366 17
6367 17
6368 18
6369 18
6370 18
6371 17
6372 18
6373 18
6374 18
6375 17
6376 17
6377 26
6378 18
6379 18
6380 17
6381 17
6382 17
6383 17
6384 17
6385 17
6386 17
6387 17
6388 25
6389 18
6390 18
6391 17
6392 17
6393 18
6394 17
6395 18
6396 17
6397 17
6398 19
6399 18
6400 18
6401 17
6402 17
6403 17
6404 18
6405 18
6406 17
6407 17
6408 17
6409 17
6410 17
6411 17
6412 17
6413 17
6414 17
6415 17
6416 17
6417 17
6418 17
6419 17
6420 17
6421 17
6422 17
6423 17
6424 17
6425 17
6426 17
6427 17
6428 17
6429 17
6430 17
6431 17
6432 17
6433 17
6434 17
6435 18
6436 27
6437 19
6438 17
6439 17
6440 17
6441 17
6442 17
6443 17
6444 17
6445 18
6446 18
6447 18
6448 17
6449 17
6450 17
6451 19
6452 18
6453 18
6454 17
6455 17
6456 17
6457 17
6458 17
6459 17
6460 17
6461 17
6462 20
6463 17
6464 17
6465 17
6466 17
6467 18
6468 17
6469 17
6470 17
6471 17
6472 17
6473 17
6474 17
6475 17
6476 17
6477 18
6478 17
6479 17
6480 17
6481 17
6482 17
6483 17
6484 19
6485 18
6486 18
6487 17
6488 17
6489 17
6490 18
6491 18
6492 18
6493 18
6494 18
6495 18
6496 18
6497 18
6498 18
6499 17
6500 17
6501 17
6502 17
6503 17
6504 17
6505 17
6506 18
6507 19
6508 17
6509 18
6510 17
6511 17
6512 19
6513 17
6514 32
6515 18
6516 18
6517 17
6518 18
6519 18
6520 18
6521 18
6522 27
6523 18
6524 17
6525 18
6526 19
6527 18
6528 18
6529 17
6530 17
6531 18
6532 18
6533 18
6534 19
6535 18
6536 18
6537 17
6538 17
6539 17
6540 17
6541 17
6542 17
6543 17
6544 17
6545 19
6546 17
6547 17
6548 18
6549 18
6550 18
6551 17
6552 17
6553 18
6554 18
6555 18
6556 19
6557 17
6558 18
6559 18
6560 17
6561 18
6562 18
6563 18
6564 17
6565 17
6566 18
6567 18
6568 17
6569 17
6570 17
6571 17
6572 17
6573 17
6574 18
6575 17
6576 17
6577 17
6578 19
6579 18
6580 17
6581 18
6582 18
6583 18
6584 18
6585 17
6586 17
6587 18
6588 18
6589 18
6590 20
6591 17
6592 17
6593 18
6594 17
6595 18
6596 18
6597 18
6598 17
6599 18
6600 18
6601 18
6602 17
6603 17
6604 18
6605 18
6606 19
6607 18
6608 17
6609 18
6610 17
6611 17
6612 18
6613 18
6614 18
6615 18
6616 18
6617 18
6618 18
6619 18
6620 17
6621 17
6622 18
6623 17
6624 17
6625 18
6626 18
6627 17
6628 18
6629 18
6630 17
6631 17
6632 17
6633 18
6634 17
6635 17
6636 17
6637 17
6638 18
6639 18
6640 17
6641 17
6642 17
6643 17
6644 17
6645 18
6646 19
6647 18
6648 17
6649 17
6650 17
6651 17
6652 17
6653 17
6654 19
6655 18
6656 18
6657 17
6658 17
6659 17
6660 17
6661 17
6662 19
6663 17
6664 18
6665 17
6666 17
6667 17
6668 17
6669 17
6670 17
6671 17
6672 17
6673 17
6674 17
6675 17
6676 17
6677 17
6678 17
6679 18
6680 18
6681 18
6682 17
6683 17
6684 17
6685 17
6686 17
6687 17
6688 17
6689 17
6690 18
6691 18
6692 26
6693 17
6694 17
6695 18
6696 18
6697 18
6698 17
6699 17
6700 17
6701 17
6702 17
6703 17
6704 17
6705 17
6706 18
6707 18
6708 18
6709 18
6710 18
6711 17
6712 18
6713 18
6714 18
6715 17
6716 17
6717 17
6718 19
6719 17
6720 17
6721 18
6722 18
6723 18
6724 20
6725 18
6726 17
6727 17
6728 17
6729 17
6730 17
6731 17
6732 17
6733 17
6734 17
6735 17
6736 17
6737 17
6738 17
6739 17
6740 17
6741 19
6742 17
6743 17
6744 17
6745 17
6746 18
6747 18
6748 18
6749 18
6750 18
6751 18
6752 17
6753 18
6754 18
6755 18
6756 18
6757 17
6758 17
6759 17
6760 17
6761 17
6762 17
6763 17
6764 17
6765 17
6766 17
6767 17
6768 17
6769 17
6770 18
6771 17
6772 19
6773 17
6774 17
6775 17
6776 17
6777 18
6778 18
6779 17
6780 18
6781 18
6782 20
6783 17
6784 17
6785 19
6786 19
6787 18
6788 17
6789 17
6790 17
6791 18
6792 17
6793 17
6794 17
6795 17
6796 17
6797 17
6798 17
6799 17
6800 17
6801 17
6802 18
6803 19
6804 18
6805 18
6806 17
6807 17
6808 18
6809 17
6810 18
6811 17
6812 18
6813 18
6814 17
6815 17
6816 18
6817 18
6818 17
6819 17
6820 17
6821 17
6822 17
6823 18
6824 18
6825 18
6826 18
6827 18
6828 17
6829 17
6830 17
6831 19
6832 18
6833 17
6834 17
6835 17
6836 17
6837 17
6838 17
6839 17
6840 17
6841 17
6842 17
6843 17
6844 17
6845 17
6846 20
6847 17
6848 17
6849 17
6850 17
6851 17
6852 17
6853 17
6854 18
6855 17
6856 19
6857 17
6858 17
6859 17
6860 17
6861 17
6862 17
6863 17
6864 18
6865 18
6866 18
6867 17
6868 17
6869 17
6870 19
6871 18
6872 25
6873 18
6874 17
6875 17
6876 17
6877 17
6878 18
6879 18
6880 17
6881 17
6882 17
6883 17
6884 17
6885 17
6886 18
6887 19
6888 18
6889 17
6890 17
6891 17
6892 17
6893 17
6894 17
6895 17
6896 17
6897 18
6898 19
6899 17
6900 17
6901 17
6902 17
6903 17
6904 17
6905 17
6906 17
6907 17
6908 17
6909 18
6910 19
6911 17
6912 17
6913 17
6914 17
6915 18
6916 18
6917 18
6918 18
6919 17
6920 17
6921 17
6922 17
6923 17
6924 17
6925 17
6926 18
6927 17
6928 18
6929 17
6930 17
6931 17
6932 17
6933 17
6934 18
6935 19
6936 17
6937 17
6938 18
6939 17
6940 17
6941 17
6942 17
6943 19
6944 17
6945 18
6946 18
6947 18
6948 18
6949 18
6950 17
6951 17
6952 17
6953 17
6954 17
6955 17
6956 17
6957 17
6958 17
6959 17
6960 17
6961 17
6962 17
6963 17
6964 18
6965 17
6966 17
6967 17
6968 17
6969 27
6970 19
6971 18
6972 17
6973 17
6974 20
6975 17
6976 17
6977 17
6978 17
6979 17
6980 17
6981 18
6982 18
6983 19
6984 19
6985 17
6986 17
6987 17
6988 18
6989 17
6990 17
6991 17
6992 17
6993 17
6994 17
6995 17
6996 17
6997 17
6998 17
6999 17
7000 17
7001 17
7002 17
7003 17
7004 17
7005 18
7006 17
7007 17
7008 17
7009 17
7010 17
7011 17
7012 17
7013 19
7014 17
7015 18
7016 18
7017 18
7018 17
7019 17
7020 17
7021 18
7022 18
7023 17
7024 17
7025 18
7026 17
7027 18
7028 19
7029 18
7030 18
7031 17
7032 18
7033 17
7034 18
7035 17
7036 17
7037 17
7038 20
7039 17
7040 17
7041 17
7042 17
7043 18
7044 18
7045 17
7046 17
7047 18
7048 18
7049 18
7050 18
7051 18
7052 268
7053 19
7054 18
7055 18
7056 17
7057 18
7058 17
7059 17
7060 18
7061 18
7062 17
7063 17
7064 17
7065 18
7066 18
7067 17
7068 17
7069 18
7070 18
7071 18
7072 17
7073 18
7074 18
7075 18
7076 17
7077 17
7078 17
7079 17
7080 17
7081 18
7082 17
7083 17
7084 17
7085 18
7086 17
7087 17
7088 18
7089 17
7090 17
7091 17
7092 17
7093 17
7094 18
7095 17
7096 17
7097 18
7098 18
7099 18
7100 18
7101 29
7102 19
7103 17
7104 18
7105 18
7106 17
7107 18
7108 17
7109 18
7110 26
7111 19
7112 17
7113 18
7114 18
7115 17
7116 19
7117 18
7118 18
7119 17
7120 18
7121 18
7122 17
7123 17
7124 17
7125 17
7126 17
7127 17
7128 17
7129 17
7130 17
7131 17
7132 26
7133 19
7134 18
7135 17
7136 17
7137 17
7138 19
7139 18
7140 18
7141 17
7142 17
7143 17
7144 17
7145 17
7146 18
7147 18
7148 18
7149 18
7150 18
7151 18
7152 18
7153 17
7154 17
7155 18
7156 18
7157 17
7158 17
7159 17
7160 17
7161 18
7162 18
7163 18
7164 18
7165 18
7166 19
7167 18
7168 18
7169 17
7170 17
7171 17
7172 17
7173 17
7174 17
7175 17
7176 17
7177 17
7178 17
7179 17
7180 17
7181 17
7182 18
7183 19
7184 18
7185 17
7186 18
7187 18
7188 18
7189 19
7190 18
7191 17
7192 18
7193 18
7194 19
7195 17
7196 18
7197 17
7198 17
7199 17
7200 17
7201 17
7202 18
7203 18
7204 18
7205 18
7206 18
7207 18
7208 17
7209 17
7210 17
7211 17
7212 17
7213 18
7214 18
7215 17
7216 17
7217 18
7218 18
7219 19
7220 18
7221 18
7222 18
7223 18
7224 17
7225 17
7226 17
7227 17
7228 18
7229 17
7230 19
7231 18
7232 17
7233 17
7234 18
7235 17
7236 18
7237 18
7238 17
7239 17
7240 18
7241 18
7242 17
7243 17
7244 19
7245 17
7246 18
7247 18
7248 17
7249 17
7250 19
7251 18
7252 17
7253 17
7254 17
7255 19
7256 18
7257 18
7258 17
7259 17
7260 17
7261 17
7262 18
7263 17
7264 17
7265 17
7266 17
7267 17
7268 18
7269 17
7270 18
7271 17
7272 17
7273 17
7274 18
7275 18
7276 17
7277 17
7278 18
7279 18
7280 19
7281 18
7282 18
7283 19
7284 18
7285 18
7286 17
7287 18
7288 18
7289 18
7290 18
7291 18
7292 18
7293 18
7294 18
7295 18
7296 18
7297 17
7298 17
7299 27
7300 18
7301 17
7302 17
7303 17
7304 17
7305 17
7306 18
7307 18
7308 17
7309 17
7310 17
7311 17
7312 18
7313 18
7314 17
7315 18
7316 18
7317 18
7318 18
7319 17
7320 17
7321 17
7322 17
7323 17
7324 18
7325 18
7326 18
7327 18
7328 17
7329 18
7330 19
7331 18
7332 18
7333 17
7334 17
7335 17
7336 17
7337 17
7338 26
7339 18
7340 17
7341 17
7342 17
7343 18
7344 17
7345 17
7346 17
7347 18
7348 18
7349 18
7350 19
7351 18
7352 17
7353 17
7354 17
7355 17
7356 17
7357 18
7358 18
7359 17
7360 26
7361 19
7362 18
7363 17
7364 18
7365 17
7366 18
7367 18
7368 18
7369 18
7370 18
7371 18
7372 17
7373 17
7374 18
7375 18
7376 17
7377 18
7378 18
7379 18
7380 18
7381 17
7382 17
7383 18
7384 19
7385 19
7386 19
7387 17
7388 17
7389 17
7390 17
7391 18
7392 17
7393 18
7394 19
7395 17
7396 22
7397 17
7398 18
7399 17
7400 17
7401 17
7402 18
7403 18
7404 17
7405 17
7406 17
7407 17
7408 17
7409 17
7410 17
7411 18
7412 17
7413 18
7414 17
7415 17
7416 17
7417 17
7418 17
7419 17
7420 17
7421 18
7422 19
7423 17
7424 18
7425 18
7426 18
7427 18
7428 19
7429 18
7430 18
7431 18
7432 17
7433 17
7434 18
7435 17
7436 18
7437 18
7438 28
7439 18
7440 17
7441 18
7442 18
7443 25
7444 18
7445 17
7446 17
7447 18
7448 18
7449 18
7450 18
7451 18
7452 18
7453 18
7454 17
7455 18
7456 18
7457 18
7458 18
7459 17
7460 17
7461 18
7462 18
7463 18
7464 17
7465 18
7466 18
7467 17
7468 18
7469 18
7470 18
7471 18
7472 18
7473 19
7474 20
7475 18
7476 18
7477 17
7478 18
7479 17
7480 18
7481 17
7482 18
7483 19
7484 18
7485 18
7486 18
7487 18
7488 17
7489 17
7490 18
7491 18
7492 18
7493 18
7494 19
7495 17
7496 18
7497 18
7498 18
7499 19
7500 17
7501 18
7502 17
7503 17
7504 17
7505 17
7506 17
7507 18
7508 18
7509 18
7510 18
7511 19
7512 18
7513 17
7514 17
7515 27
7516 19
7517 18
7518 18
7519 17
7520 18
7521 18
7522 18
7523 18
7524 18
7525 18
7526 17
7527 18
7528 18
7529 18
7530 17
7531 18
7532 18
7533 18
7534 18
7535 18
7536 18
7537 18
7538 18
7539 18
7540 18
7541 18
7542 17
7543 17
7544 17
7545 18
7546 19
7547 18
7548 17
7549 18
7550 18
7551 18
7552 17
7553 18
7554 18
7555 19
7556 18
7557 17
7558 17
7559 18
7560 19
7561 18
7562 18
7563 17
7564 17
7565 17
7566 17
7567 17
7568 17
7569 17
7570 17
7571 17
7572 17
7573 18
7574 19
7575 18
7576 17
7577 17
7578 17
7579 17
7580 17
7581 17
7582 17
7583 17
7584 18
7585 18
7586 18
7587 27
7588 18
7589 18
7590 17
7591 17
7592 25
7593 18
7594 17
7595 17
7596 17
7597 18
7598 17
7599 18
7600 18
7601 17
7602 17
7603 17
7604 17
7605 17
7606 17
7607 18
7608 18
7609 18
7610 18
7611 17
7612 17
7613 17
7614 17
7615 17
7616 17
7617 17
7618 17
7619 17
7620 17
7621 17
7622 17
7623 17
7624 17
7625 17
7626 17
7627 17
7628 17
7629 17
7630 17
7631 17
7632 17
7633 18
7634 18
7635 18
7636 17
7637 18
7638 18
7639 18
7640 18
7641 18
7642 18
7643 17
7644 17
7645 17
7646 17
7647 17
7648 17
7649 17
7650 17
7651 17
7652 17
7653 17
7654 17
7655 17
7656 17
7657 17
7658 17
7659 17
7660 17
7661 17
7662 17
7663 17
7664 17
7665 18
7666 17
7667 26
7668 18
7669 18
7670 17
7671 17
7672 18
7673 17
7674 17
7675 17
7676 17
7677 17
7678 17
7679 17
7680 17
7681 17
7682 18
7683 18
7684 17
7685 17
7686 18
7687 18
7688 17
7689 18
7690 18
7691 18
7692 18
7693 18
7694 18
7695 26
7696 18
7697 17
7698 17
7699 17
7700 17
7701 17
7702 17
7703 17
7704 17
7705 17
7706 17
7707 17
7708 17
7709 17
7710 25
7711 18
7712 17
7713 17
7714 17
7715 17
7716 17
7717 17
7718 17
7719 17
7720 17
7721 18
7722 18
7723 19
7724 17
7725 17
7726 17
7727 17
7728 17
7729 17
7730 17
7731 17
7732 17
7733 18
7734 18
7735 18
7736 17
7737 18
7738 18
7739 19
7740 17
7741 17
7742 17
7743 17
7744 18
7745 18
7746 17
7747 17
7748 17
7749 27
7750 18
7751 23
7752 18
7753 18
7754 18
7755 17
7756 18
7757 18
7758 18
7759 18
7760 18
7761 19
7762 19
7763 18
7764 18
7765 27
7766 19
7767 18
7768 17
7769 17
7770 17
7771 19
7772 17
7773 18
7774 17
7775 17
7776 17
7777 17
7778 17
7779 18
7780 18
7781 18
7782 18
7783 18
7784 17
7785 17
7786 17
7787 17
7788 17
7789 17
7790 17
7791 18
7792 18
7793 18
7794 18
7795 17
7796 18
7797 17
7798 17
7799 17
7800 25
7801 18
7802 17
7803 17
7804 17
7805 18
7806 19
7807 17
7808 17
7809 17
7810 17
7811 17
7812 18
7813 18
7814 18
7815 18
7816 17
7817 17
7818 17
7819 17
7820 17
7821 17
7822 17
7823 17
7824 17
7825 17
7826 18
7827 18
7828 17
7829 18
7830 18
7831 18
7832 18
7833 17
7834 17
7835 17
7836 17
7837 17
7838 18
7839 18
7840 17
7841 17
7842 17
7843 18
7844 17
7845 18
7846 18
7847 18
7848 18
7849 18
7850 27
7851 19
7852 20
7853 18
7854 18
7855 18
7856 18
7857 18
7858 17
7859 18
7860 18
7861 18
7862 18
7863 18
7864 17
7865 17
7866 18
7867 17
7868 17
7869 17
7870 18
7871 18
7872 17
7873 17
7874 17
7875 17
7876 17
7877 18
7878 18
7879 19
7880 18
7881 17
7882 17
7883 17
7884 17
7885 18
7886 17
7887 17
7888 17
7889 17
7890 17
7891 17
7892 17
7893 18
7894 19
7895 18
7896 17
7897 17
7898 17
7899 18
7900 18
7901 18
7902 17
7903 17
7904 17
7905 17
7906 17
7907 17
7908 18
7909 18
7910 17
7911 17
7912 17
7913 18
7914 17
7915 18
7916 20
7917 26
7918 19
7919 18
7920 18
7921 17
7922 18
7923 19
7924 17
7925 17
7926 17
7927 19
7928 17
7929 25
7930 18
7931 17
7932 18
7933 19
7934 18
7935 17
7936 17
7937 18
7938 17
7939 17
7940 18
7941 18
7942 18
7943 17
7944 17
7945 18
7946 18
7947 17
7948 17
7949 19
7950 21
7951 18
7952 17
7953 17
7954 17
7955 17
7956 18
7957 18
7958 17
7959 17
7960 18
7961 18
7962 17
7963 18
7964 17
7965 18
7966 18
7967 17
7968 17
7969 18
7970 17
7971 17
7972 18
7973 17
7974 18
7975 18
7976 17
7977 18
7978 18
7979 19
7980 20
7981 17
7982 18
7983 18
7984 19
7985 17
7986 18
7987 17
7988 17
7989 17
7990 17
7991 17
7992 17
7993 17
7994 17
7995 17
7996 17
7997 17
7998 17
7999 17
8000 18
8001 17
8002 17
8003 17
8004 17
8005 17
8006 17
8007 18
8008 19
8009 17
8010 17
8011 17
8012 17
8013 17
8014 17
8015 18
8016 18
8017 18
8018 18
8019 17
8020 17
8021 17
8022 17
8023 17
8024 17
8025 17
8026 17
8027 17
8028 17
8029 17
8030 17
8031 17
8032 17
8033 17
8034 17
8035 18
8036 17
8037 18
8038 18
8039 18
8040 19
8041 18
8042 19
8043 17
8044 19
8045 18
8046 17
8047 18
8048 18
8049 18
8050 19
8051 17
8052 18
8053 17
8054 17
8055 17
8056 17
8057 17
8058 18
8059 18
8060 17
8061 18
8062 19
8063 18
8064 17
8065 17
8066 27
8067 18
8068 17
8069 17
8070 17
8071 17
8072 18
8073 18
8074 17
8075 17
8076 17
8077 18
8078 19
8079 18
8080 17
8081 17
8082 17
8083 17
8084 17
8085 17
8086 18
8087 18
8088 17
8089 17
8090 17
8091 17
8092 17
8093 17
8094 17
8095 19
8096 17
8097 17
8098 17
8099 17
8100 17
8101 18
8102 18
8103 17
8104 17
8105 17
8106 17
8107 17
8108 41
8109 18
8110 17
8111 17
8112 17
8113 17
8114 17
8115 17
8116 18
8117 18
8118 18
8119 17
8120 17
8121 17
8122 18
8123 18
8124 18
8125 17
8126 17
8127 17
8128 17
8129 17
8130 17
8131 17
8132 17
8133 18
8134 18
8135 18
8136 17
8137 17
8138 17
8139 19
8140 18
8141 18
8142 18
8143 18
8144 18
8145 17
8146 17
8147 17
8148 17
8149 17
8150 17
8151 18
8152 18
8153 17
8154 17
8155 18
8156 19
8157 18
8158 17
8159 17
8160 17
8161 19
8162 17
8163 18
8164 17
8165 17
8166 17
8167 17
8168 17
8169 18
8170 17
8171 17
8172 21
8173 19
8174 18
8175 18
8176 18
8177 18
8178 17
8179 17
8180 17
8181 17
8182 17
8183 18
8184 18
8185 18
8186 17
8187 18
8188 18
8189 18
8190 18
8191 18
8192 18
8193 18
8194 18
8195 17
8196 19
8197 18
8198 18
8199 17
8200 18
8201 19
8202 18
8203 17
8204 17
8205 17
8206 17
8207 17
8208 17
8209 17
8210 17
8211 17
8212 17
8213 17
8214 17
8215 18
8216 18
8217 17
8218 18
8219 17
8220 17
8221 18
8222 18
8223 18
8224 26
8225 19
8226 17
8227 17
8228 17
8229 17
8230 17
8231 17
8232 18
8233 17
8234 18
8235 17
8236 19
8237 17
8238 17
8239 18
8240 18
8241 19
8242 18
8243 17
8244 17
8245 17
8246 17
8247 17
8248 17
8249 17
8250 26
8251 18
8252 17
8253 17
8254 17
8255 17
8256 18
8257 18
8258 18
8259 18
8260 18
8261 18
8262 19
8263 18
8264 17
8265 17
8266 17
8267 17
8268 17
8269 18
8270 18
8271 17
8272 18
8273 19
8274 18
8275 17
8276 17
8277 17
8278 17
8279 17
8280 17
8281 17
8282 17
8283 17
8284 18
8285 18
8286 22
8287 18
8288 17
8289 17
8290 17
8291 17
8292 17
8293 17
8294 17
8295 18
8296 18
8297 18
8298 17
8299 18
8300 19
8301 17
8302 17
8303 17
8304 17
8305 17
8306 17
8307 18
8308 18
8309 18
8310 17
8311 17
8312 19
8313 18
8314 17
8315 17
8316 18
8317 17
8318 17
8319 17
8320 17
8321 17
8322 17
8323 17
8324 17
8325 17
8326 18
8327 17
8328 18
8329 17
8330 17
8331 17
8332 17
8333 18
8334 17
8335 17
8336 17
8337 17
8338 17
8339 17
8340 17
8341 17
8342 18
8343 18
8344 17
8345 18
8346 17
8347 26
8348 19
8349 17
8350 17
8351 18
8352 18
8353 18
8354 18
8355 18
8356 19
8357 19
8358 17
8359 18
8360 18
8361 18
8362 18
8363 18
8364 19
8365 17
8366 18
8367 17
8368 17
8369 18
8370 18
8371 18
8372 17
8373 18
8374 18
8375 17
8376 17
8377 18
8378 17
8379 18
8380 18
8381 17
8382 17
8383 17
8384 18
8385 18
8386 18
8387 19
8388 19
8389 17
8390 17
8391 18
8392 18
8393 17
8394 17
8395 27
8396 18
8397 17
8398 17
8399 17
8400 18
8401 18
8402 17
8403 18
8404 18
8405 17
8406 26
8407 18
8408 17
8409 18
8410 18
8411 17
8412 18
8413 18
8414 17
8415 17
8416 18
8417 18
8418 18
8419 18
8420 18
8421 17
8422 17
8423 20
8424 18
8425 18
8426 17
8427 18
8428 20
8429 19
8430 17
8431 17
8432 18
8433 18
8434 18
8435 18
8436 17
8437 17
8438 17
8439 17
8440 17
8441 17
8442 17
8443 17
8444 17
8445 17
8446 18
8447 19
8448 18
8449 17
8450 17
8451 18
8452 18
8453 18
8454 18
8455 18
8456 17
8457 18
8458 18
8459 17
8460 17
8461 17
8462 19
8463 18
8464 256
8465 19
8466 17
8467 18
8468 29
8469 19
8470 18
8471 18
8472 17
8473 19
8474 18
8475 17
8476 17
8477 18
8478 18
8479 17
8480 17
8481 17
8482 17
8483 17
8484 17
8485 18
8486 18
8487 17
8488 18
8489 18
8490 18
8491 17
8492 18
8493 18
8494 17
8495 17
8496 26
8497 18
8498 18
8499 18
8500 17
8501 17
8502 17
8503 17
8504 18
8505 18
8506 17
8507 17
8508 18
8509 18
8510 17
8511 17
8512 18
8513 18
8514 18
8515 17
8516 17
8517 17
8518 18
8519 18
8520 18
8521 18
8522 17
8523 19
8524 19
8525 18
8526 17
8527 17
8528 17
8529 17
8530 18
8531 17
8532 17
8533 17
8534 17
8535 17
8536 17
8537 17
8538 17
8539 27
8540 19
8541 18
8542 17
8543 17
8544 17
8545 17
8546 18
8547 18
8548 18
8549 18
8550 17
8551 17
8552 17
8553 17
8554 17
8555 17
8556 17
8557 17
8558 17
8559 17
8560 18
8561 18
8562 18
8563 18
8564 18
8565 17
8566 17
8567 18
8568 18
8569 18
8570 17
8571 17
8572 17
8573 17
8574 17
8575 17
8576 17
8577 17
8578 17
8579 17
8580 17
8581 17
8582 17
8583 17
8584 18
8585 19
8586 18
8587 17
8588 17
8589 18
8590 19
8591 17
8592 18
8593 17
8594 18
8595 18
8596 19
8597 18
8598 18
8599 17
8600 17
8601 17
8602 18
8603 18
8604 18
8605 18
8606 18
8607 18
8608 18
8609 17
8610 17
8611 17
8612 18
8613 18
8614 18
8615 18
8616 17
8617 18
8618 19
8619 17
8620 18
8621 17
8622 18
8623 17
8624 17
8625 17
8626 17
8627 17
8628 17
8629 18
8630 19
8631 34
8632 18
8633 17
8634 17
8635 17
8636 17
8637 17
8638 18
8639 17
8640 18
8641 18
8642 18
8643 18
8644 17
8645 18
8646 18
8647 18
8648 17
8649 17
8650 17
8651 17
8652 18
8653 18
8654 17
8655 18
8656 17
8657 18
8658 18
8659 17
8660 17
8661 17
8662 18
8663 18
8664 18
8665 17
8666 18
8667 18
8668 17
8669 17
8670 17
8671 17
8672 18
8673 17
8674 18
8675 18
8676 17
8677 18
8678 18
8679 18
8680 18
8681 17
8682 18
8683 18
8684 17
8685 17
8686 18
8687 17
8688 17
8689 18
8690 18
8691 17
8692 18
8693 18
8694 20
8695 17
8696 18
8697 18
8698 17
8699 17
8700 18
8701 18
8702 18
8703 18
8704 17
8705 17
8706 17
8707 17
8708 17
8709 18
8710 17
8711 17
8712 18
8713 18
8714 17
8715 18
8716 18
8717 17
8718 17
8719 18
8720 17
8721 18
8722 17
8723 18
8724 18
8725 18
8726 17
8727 17
8728 18
8729 19
8730 19
8731 18
8732 18
8733 17
8734 17
8735 17
8736 17
8737 18
8738 17
8739 17
8740 18
8741 18
8742 18
8743 18
8744 17
8745 17
8746 19
8747 18
8748 17
8749 17
8750 17
8751 17
8752 17
8753 17
8754 17
8755 17
8756 17
8757 17
8758 19
8759 17
8760 18
8761 17
8762 17
8763 17
8764 17
8765 17
8766 17
8767 17
8768 17
8769 17
8770 18
8771 17
8772 19
8773 18
8774 18
8775 18
8776 18
8777 18
8778 17
8779 18
8780 17
8781 17
8782 17
8783 17
8784 18
8785 17
8786 17
8787 17
8788 18
8789 17
8790 17
8791 18
8792 18
8793 17
8794 18
8795 17
8796 17
8797 18
8798 18
8799 17
8800 17
8801 18
8802 17
8803 27
8804 19
8805 17
8806 18
8807 18
8808 18
8809 27
8810 17
8811 18
8812 18
8813 17
8814 17
8815 17
8816 17
8817 17
8818 17
8819 17
8820 17
8821 17
8822 19
8823 17
8824 17
8825 17
8826 17
8827 17
8828 18
8829 17
8830 17
8831 17
8832 17
8833 17
8834 17
8835 17
8836 17
8837 17
8838 17
8839 17
8840 17
8841 18
8842 17
8843 18
8844 18
8845 18
8846 18
8847 17
8848 17
8849 18
8850 17
8851 17
8852 17
8853 26
8854 18
8855 17
8856 17
8857 18
8858 17
8859 17
8860 18
8861 17
8862 17
8863 17
8864 17
8865 17
8866 18
8867 18
8868 17
8869 17
8870 17
8871 17
8872 17
8873 17
8874 17
8875 17
8876 17
8877 17
8878 17
8879 17
8880 17
8881 25
8882 18
8883 17
8884 17
8885 17
8886 20
8887 17
8888 18
8889 17
8890 17
8891 17
8892 18
8893 18
8894 18
8895 18
8896 18
8897 17
8898 19
8899 17
8900 17
8901 18
8902 18
8903 17
8904 17
8905 17
8906 18
8907 18
8908 17
8909 18
8910 18
8911 18
8912 17
8913 18
8914 18
8915 18
8916 18
8917 18
8918 17
8919 18
8920 17
8921 18
8922 18
8923 18
8924 18
8925 19
8926 18
8927 17
8928 17
8929 17
8930 18
8931 18
8932 18
8933 18
8934 17
8935 17
8936 17
8937 17
8938 17
8939 17
8940 17
8941 18
8942 18
8943 18
8944 17
8945 17
8946 17
8947 17
8948 17
8949 17
8950 19
8951 17
8952 27
8953 18
8954 17
8955 17
8956 17
8957 17
8958 19
8959 18
8960 17
8961 17
8962 17
8963 17
8964 17
8965 17
8966 18
8967 18
8968 17
8969 17
8970 17
8971 17
8972 17
8973 18
8974 18
8975 19
8976 18
8977 17
8978 17
8979 17
8980 17
8981 17
8982 17
8983 17
8984 17
8985 17
8986 17
8987 17
8988 27
8989 18
8990 17
8991 18
8992 19
8993 18
8994 17
8995 17
8996 17
8997 18
8998 18
8999 18
9000 18
9001 18
9002 18
9003 19
9004 18
9005 17
9006 17
9007 17
9008 19
9009 17
9010 18
9011 17
9012 18
9013 18
9014 19
9015 17
9016 17
9017 18
9018 18
9019 18
9020 17
9021 17
9022 17
9023 17
9024 17
9025 19
9026 18
9027 18
9028 17
9029 17
9030 17
9031 17
9032 17
9033 17
9034 18
9035 17
9036 17
9037 17
9038 17
9039 17
9040 17
9041 18
9042 19
9043 18
9044 17
9045 17
9046 17
9047 17
9048 17
9049 17
9050 18
9051 17
9052 18
9053 18
9054 17
9055 18
9056 18
9057 18
9058 27
9059 18
9060 17
9061 17
9062 17
9063 17
9064 17
9065 17
9066 17
9067 17
9068 17
9069 25
9070 18
9071 18
9072 18
9073 18
9074 18
9075 19
9076 17
9077 17
9078 19
9079 17
9080 17
9081 17
9082 17
9083 17
9084 17
9085 18
9086 17
9087 17
9088 17
9089 17
9090 17
9091 17
9092 17
9093 17
9094 17
9095 17
9096 18
9097 18
9098 17
9099 18
9100 27
9101 18
9102 17
9103 18
9104 18
9105 17
9106 18
9107 18
9108 17
9109 18
9110 18
9111 18
9112 17
9113 17
9114 17
9115 17
9116 17
9117 17
9118 17
9119 18
9120 18
9121 18
9122 17
9123 17
9124 17
9125 18
9126 17
9127 17
9128 18
9129 17
9130 27
9131 18
9132 17
9133 17
9134 17
9135 17
9136 17
9137 17
9138 17
9139 17
9140 17
9141 18
9142 19
9143 17
9144 17
9145 17
9146 17
9147 18
9148 19
9149 17
9150 18
9151 17
9152 18
9153 17
9154 17
9155 18
9156 18
9157 17
9158 17
9159 18
9160 18
9161 17
9162 18
9163 18
9164 17
9165 18
9166 29
9167 18
9168 18
9169 18
9170 17
9171 18
9172 18
9173 17
9174 17
9175 18
9176 18
9177 18
9178 18
9179 18
9180 17
9181 17
9182 18
9183 18
9184 17
9185 17
9186 17
9187 17
9188 17
9189 17
9190 17
9191 26
9192 18
9193 17
9194 17
9195 17
9196 17
9197 17
9198 17
9199 18
9200 17
9201 17
9202 18
9203 19
9204 18
9205 17
9206 19
9207 17
9208 17
9209 17
9210 17
9211 17
9212 17
9213 18
9214 17
9215 17
9216 17
9217 17
9218 17
9219 17
9220 17
9221 18
9222 17
9223 17
9224 17
9225 17
9226 17
9227 17
9228 17
9229 17
9230 17
9231 18
9232 18
9233 20
9234 19
9235 18
9236 18
9237 18
9238 17
9239 17
9240 17
9241 17
9242 17
9243 17
9244 18
9245 18
9246 17
9247 27
9248 18
9249 18
9250 17
9251 17
9252 17
9253 17
9254 17
9255 17
9256 17
9257 17
9258 17
9259 17
9260 17
9261 17
9262 17
9263 18
9264 18
9265 17
9266 18
9267 17
9268 17
9269 17
9270 20
9271 17
9272 17
9273 17
9274 17
9275 17
9276 18
9277 17
9278 19
9279 18
9280 17
9281 18
9282 18
9283 17
9284 18
9285 18
9286 17
9287 19
9288 18
9289 18
9290 18
9291 17
9292 18
9293 17
9294 18
9295 17
9296 17
9297 27
9298 18
9299 18
9300 18
9301 18
9302 17
9303 17
9304 17
9305 18
9306 17
9307 17
9308 17
9309 18
9310 17
9311 17
9312 17
9313 17
9314 17
9315 17
9316 17
9317 17
9318 17
9319 17
9320 17
9321 25
9322 18
9323 17
9324 18
9325 17
9326 17
9327 17
9328 17
9329 18
9330 17
9331 18
9332 18
9333 18
9334 19
9335 17
9336 18
9337 18
9338 18
9339 17
9340 17
9341 17
9342 17
9343 17
9344 28
9345 18
9346 18
9347 18
9348 18
9349 18
9350 18
9351 18
9352 17
9353 19
9354 17
9355 17
9356 18
9357 17
9358 17
9359 19
9360 18
9361 18
9362 17
9363 17
9364 17
9365 17
9366 17
9367 17
9368 17
9369 17
9370 17
9371 17
9372 17
9373 17
9374 17
9375 17
9376 17
9377 17
9378 17
9379 17
9380 17
9381 17
9382 26
9383 18
9384 18
9385 18
9386 18
9387 18
9388 18
9389 17
9390 17
9391 17
9392 18
9393 17
9394 17
9395 17
9396 17
9397 17
9398 21
9399 18
9400 18
9401 17
9402 17
9403 17
9404 17
9405 17
9406 17
9407 17
9408 17
9409 18
9410 18
9411 17
9412 17
9413 17
9414 26
9415 19
9416 18
9417 18
9418 18
9419 17
9420 17
9421 17
9422 17
9423 18
9424 17
9425 17
9426 17
9427 18
9428 17
9429 17
9430 18
9431 18
9432 18
9433 18
9434 18
9435 17
9436 18
9437 18
9438 17
9439 17
9440 17
9441 17
9442 17
9443 19
9444 18
9445 18
9446 17
9447 17
9448 17
9449 17
9450 17
9451 17
9452 17
9453 28
9454 18
9455 18
9456 17
9457 18
9458 18
9459 17
9460 18
9461 17
9462 20
9463 18
9464 18
9465 19
9466 17
9467 17
9468 18
9469 18
9470 18
9471 18
9472 18
9473 18
9474 18
9475 27
9476 18
9477 17
9478 17
9479 17
9480 17
9481 17
9482 17
9483 17
9484 18
9485 18
9486 17
9487 17
9488 17
9489 17
9490 17
9491 18
9492 19
9493 18
9494 18
9495 17
9496 17
9497 17
9498 17
9499 17
9500 17
9501 17
9502 17
9503 17
9504 17
9505 17
9506 17
9507 18
9508 18
9509 18
9510 19
9511 18
9512 18
9513 18
9514 27
9515 19
9516 18
9517 18
9518 17
9519 17
9520 17
9521 17
9522 22
9523 18
9524 17
9525 17
9526 19
9527 18
9528 18
9529 17
9530 17
9531 18
9532 18
9533 18
9534 17
9535 17
9536 18
9537 17
9538 17
9539 17
9540 17
9541 17
9542 17
9543 18
9544 18
9545 19
9546 18
9547 17
9548 18
9549 17
9550 18
9551 17
9552 17
9553 17
9554 17
9555 17
9556 17
9557 17
9558 17
9559 17
9560 17
9561 17
9562 17
9563 17
9564 17
9565 19
9566 17
9567 18
9568 18
9569 17
9570 17
9571 18
9572 17
9573 17
9574 18
9575 17
9576 17
9577 17
9578 18
9579 17
9580 17
9581 17
9582 18
9583 17
9584 17
9585 17
9586 17
9587 18
9588 18
9589 17
9590 19
9591 17
9592 17
9593 17
9594 17
9595 17
9596 17
9597 17
9598 27
9599 18
9600 17
9601 17
9602 18
9603 17
9604 17
9605 17
9606 18
9607 18
9608 18
9609 25
9610 18
9611 18
9612 18
9613 17
9614 17
9615 18
9616 18
9617 17
9618 18
9619 18
9620 17
9621 17
9622 18
9623 18
9624 18
9625 18
9626 18
9627 18
9628 17
9629 17
9630 17
9631 17
9632 17
9633 18
9634 18
9635 18
9636 18
9637 18
9638 18
9639 19
9640 19
9641 18
9642 18
9643 18
9644 18
9645 18
9646 18
9647 18
9648 18
9649 18
9650 18
9651 17
9652 17
9653 17
9654 20
9655 18
9656 18
9657 17
9658 18
9659 27
9660 18
9661 17
9662 18
9663 17
9664 17
9665 19
9666 18
9667 18
9668 17
9669 17
9670 17
9671 18
9672 17
9673 17
9674 17
9675 18
9676 18
9677 18
9678 17
9679 17
9680 17
9681 27
9682 19
9683 17
9684 17
9685 17
9686 17
9687 17
9688 17
9689 17
9690 17
9691 17
9692 17
9693 17
9694 17
9695 17
9696 17
9697 17
9698 18
9699 18
9700 28
9701 18
9702 18
9703 17
9704 19
9705 18
9706 18
9707 18
9708 17
9709 17
9710 17
9711 17
9712 17
9713 17
9714 17
9715 17
9716 17
9717 17
9718 19
9719 17
9720 18
9721 18
9722 18
9723 17
9724 17
9725 17
9726 17
9727 18
9728 18
9729 17
9730 17
9731 17
9732 17
9733 17
9734 17
9735 18
9736 18
9737 18
9738 18
9739 18
9740 17
9741 17
9742 17
9743 17
9744 17
9745 17
9746 17
9747 17
9748 17
9749 17
9750 17
9751 17
9752 17
9753 17
9754 18
9755 18
9756 18
9757 18
9758 18
9759 18
9760 17
9761 17
9762 17
9763 18
9764 17
9765 18
9766 18
9767 18
9768 17
9769 17
9770 17
9771 18
9772 18
9773 17
9774 17
9775 17
9776 17
9777 19
9778 18
9779 17
9780 17
9781 17
9782 20
9783 18
9784 17
9785 17
9786 17
9787 17
9788 17
9789 18
9790 17
9791 17
9792 17
9793 18
9794 18
9795 17
9796 17
9797 17
9798 17
9799 18
9800 18
9801 18
9802 17
9803 18
9804 27
9805 18
9806 18
9807 17
9808 17
9809 18
9810 17
9811 17
9812 17
9813 17
9814 17
9815 17
9816 17
9817 17
9818 17
9819 18
9820 18
9821 18
9822 18
9823 17
9824 17
9825 17
9826 17
9827 19
9828 18
9829 17
9830 17
9831 17
9832 17
9833 17
9834 18
9835 17
9836 17
9837 17
9838 17
9839 17
9840 17
9841 17
9842 18
9843 17
9844 19
9845 18
9846 20
9847 17
9848 17
9849 18
9850 18
9851 18
9852 17
9853 18
9854 18
9855 17
9856 17
9857 17
9858 17
9859 17
9860 17
9861 17
9862 17
9863 17
9864 17
9865 17
9866 17
9867 18
9868 17
9869 17
9870 17
9871 17
9872 17
9873 18
9874 18
9875 19
9876 17
9877 17
9878 17
9879 17
9880 265
9881 18
9882 18
9883 18
9884 18
9885 17
9886 17
9887 17
9888 18
9889 18
9890 17
9891 18
9892 17
9893 17
9894 17
9895 17
9896 17
9897 18
9898 17
9899 17
9900 17
9901 17
9902 17
9903 17
9904 17
9905 17
9906 18
9907 18
9908 18
9909 17
9910 18
9911 18
9912 18
9913 17
9914 17
9915 17
9916 18
9917 18
9918 18
9919 18
9920 18
9921 18
9922 17
9923 17
9924 17
9925 17
9926 17
9927 18
9928 18
9929 19
9930 18
9931 18
9932 18
9933 17
9934 17
9935 17
9936 17
9937 17
9938 17
9939 17
9940 17
9941 17
9942 17
9943 17
9944 17
9945 18
9946 18
9947 18
9948 17
9949 17
9950 18
9951 18
9952 18
9953 18
9954 17
9955 17
9956 18
9957 18
9958 18
9959 18
9960 18
9961 18
9962 17
9963 17
9964 18
9965 18
9966 18
9967 18
9968 17
9969 18
9970 18
9971 18
9972 18
9973 17
9974 18
9975 18
9976 18
9977 18
9978 18
9979 18
9980 17
9981 18
9982 18
9983 18
9984 18
9985 17
9986 18
9987 18
9988 17
9989 18
9990 19
9991 18
9992 18
9993 18
9994 18
9995 18
9996 18
9997 17
9998 18
9999 18
