0 98
1 21
2 19
3 19
4 18
5 18
6 17
7 18
8 19
9 19
10 17
11 18
12 17
13 18
14 18
15 18
16 17
17 18
18 35
19 18
20 17
21 18
22 17
23 18
24 17
25 17
26 17
27 18
28 18
29 17
30 17
31 18
32 18
33 20
34 18
35 29
36 19
37 19
38 19
39 19
40 19
41 20
42 20
43 18
44 17
45 17
46 18
47 18
48 18
49 17
50 17
51 19
52 20
53 18
54 18
55 18
56 19
57 20
58 18
59 18
60 18
61 18
62 18
63 17
64 17
65 17
66 18
67 18
68 17
69 18
70 18
71 17
72 18
73 18
74 17
75 17
76 18
77 18
78 18
79 18
80 18
81 18
82 18
83 17
84 17
85 18
86 17
87 17
88 17
89 19
90 27
91 19
92 17
93 18
94 18
95 19
96 20
97 18
98 18
99 19
100 20
101 21
102 18
103 17
104 18
105 20
106 18
107 18
108 19
109 18
110 18
111 19
112 19
113 20
114 18
115 22
116 23
117 18
118 18
119 19
120 18
121 20
122 20
123 21
124 19
125 19
126 18
127 19
128 19
129 19
130 18
131 18
132 20
133 19
134 19
135 22
136 17
137 18
138 18
139 19
140 20
141 20
142 18
143 18
144 21
145 19
146 37
147 19
148 19
149 18
150 19
151 20
152 22
153 20
154 19
155 40
156 24
157 21
158 20
159 19
160 19
161 20
162 19
163 18
164 18
165 18
166 18
167 19
168 18
169 18
170 18
171 17
172 17
173 18
174 17
175 17
176 18
177 17
178 17
179 17
180 17
181 17
182 18
183 18
184 18
185 18
186 17
187 18
188 19
189 17
190 18
191 18
192 17
193 18
194 17
195 18
196 17
197 18
198 18
199 22
200 17
201 18
202 17
203 17
204 17
205 17
206 17
207 17
208 17
209 17
210 17
211 18
212 17
213 17
214 17
215 18
216 17
217 18
218 18
219 18
220 18
221 18
222 18
223 18
224 17
225 18
226 18
227 17
228 19
229 18
230 18
231 17
232 18
233 18
234 17
235 18
236 17
237 18
238 17
239 17
240 18
241 18
242 18
243 18
244 27
245 20
246 17
247 25
248 18
249 17
250 17
251 17
252 18
253 17
254 17
255 18
256 18
257 18
258 18
259 18
260 18
261 17
262 18
263 18
264 18
265 18
266 19
267 18
268 18
269 18
270 19
271 19
272 18
273 17
274 17
275 18
276 18
277 18
278 17
279 18
280 18
281 17
282 18
283 18
284 18
285 17
286 18
287 17
288 18
289 18
290 17
291 18
292 18
293 18
294 18
295 17
296 17
297 20
298 18
299 19
300 19
301 18
302 18
303 17
304 19
305 18
306 18
307 18
308 18
309 17
310 17
311 18
312 18
313 18
314 17
315 17
316 38
317 19
318 17
319 18
320 19
321 17
322 18
323 19
324 18
325 17
326 17
327 18
328 18
329 17
330 18
331 17
332 18
333 17
334 18
335 17
336 17
337 18
338 17
339 18
340 18
341 18
342 17
343 17
344 18
345 18
346 18
347 17
348 18
349 21
350 18
351 17
352 18
353 18
354 17
355 17
356 18
357 17
358 17
359 17
360 20
361 18
362 20
363 19
364 18
365 18
366 17
367 17
368 18
369 18
370 17
371 17
372 17
373 17
374 17
375 17
376 18
377 18
378 18
379 17
380 18
381 18
382 17
383 17
384 17
385 18
386 17
387 17
388 17
389 17
390 17
391 17
392 18
393 17
394 17
395 17
396 18
397 17
398 17
399 17
400 18
401 17
402 17
403 17
404 18
405 17
406 18
407 20
408 18
409 18
410 18
411 18
412 18
413 20
414 17
415 18
416 18
417 17
418 21
419 18
420 17
421 18
422 18
423 18
424 17
425 17
426 18
427 17
428 17
429 18
430 18
431 18
432 17
433 18
434 18
435 18
436 18
437 18
438 18
439 17
440 18
441 18
442 18
443 18
444 17
445 19
446 19
447 19
448 18
449 18
450 22
451 18
452 18
453 17
454 18
455 18
456 17
457 17
458 18
459 18
460 18
461 18
462 17
463 18
464 18
465 17
466 20
467 18
468 18
469 18
470 18
471 17
472 17
473 17
474 17
475 17
476 17
477 20
478 16
479 18
480 18
481 17
482 17
483 17
484 17
485 17
486 17
487 17
488 17
489 17
490 17
491 18
492 386
493 25
494 19
495 18
496 19
497 17
498 17
499 17
500 30
501 19
502 18
503 18
504 17
505 18
506 19
507 18
508 17
509 18
510 20
511 17
512 17
513 18
514 17
515 17
516 24
517 18
518 18
519 17
520 18
521 17
522 17
523 17
524 18
525 17
526 17
527 24
528 18
529 17
530 17
531 18
532 18
533 18
534 17
535 17
536 17
537 17
538 17
539 18
540 17
541 17
542 17
543 18
544 19
545 18
546 18
547 17
548 17
549 17
550 17
551 17
552 17
553 18
554 17
555 18
556 17
557 17
558 18
559 18
560 18
561 18
562 20
563 18
564 17
565 18
566 19
567 18
568 18
569 17
570 18
571 17
572 18
573 18
574 18
575 18
576 18
577 18
578 18
579 17
580 17
581 18
582 18
583 19
584 17
585 18
586 17
587 18
588 20
589 17
590 19
591 18
592 18
593 17
594 18
595 17
596 18
597 17
598 19
599 17
600 18
601 18
602 17
603 18
604 26
605 19
606 18
607 18
608 18
609 18
610 18
611 18
612 18
613 18
614 17
615 17
616 18
617 17
618 18
619 19
620 17
621 18
622 17
623 17
624 18
625 19
626 18
627 18
628 18
629 17
630 18
631 21
632 25
633 18
634 21
635 18
636 18
637 17
638 18
639 18
640 18
641 17
642 18
643 18
644 18
645 17
646 18
647 18
648 17
649 18
650 22
651 18
652 18
653 25
654 19
655 18
656 18
657 18
658 18
659 18
660 17
661 18
662 18
663 18
664 17
665 17
666 17
667 18
668 17
669 18
670 19
671 17
672 18
673 19
674 17
675 19
676 18
677 18
678 18
679 18
680 18
681 18
682 18
683 18
684 18
685 18
686 18
687 18
688 17
689 18
690 18
691 19
692 19
693 18
694 19
695 18
696 18
697 17
698 18
699 18
700 18
701 18
702 22
703 18
704 18
705 21
706 18
707 18
708 17
709 17
710 18
711 18
712 18
713 19
714 18
715 18
716 17
717 17
718 19
719 18
720 18
721 18
722 17
723 17
724 18
725 17
726 17
727 17
728 19
729 19
730 17
731 18
732 18
733 17
734 18
735 18
736 18
737 18
738 19
739 18
740 18
741 17
742 19
743 17
744 18
745 18
746 19
747 18
748 17
749 17
750 18
751 17
752 17
753 18
754 18
755 17
756 17
757 18
758 17
759 17
760 18
761 18
762 18
763 17
764 18
765 18
766 17
767 18
768 18
769 18
770 17
771 18
772 17
773 18
774 17
775 18
776 17
777 18
778 18
779 18
780 18
781 18
782 18
783 17
784 18
785 17
786 18
787 18
788 17
789 18
790 18
791 17
792 18
793 17
794 18
795 17
796 18
797 18
798 18
799 18
800 18
801 18
802 18
803 18
804 18
805 18
806 17
807 19
808 18
809 18
810 18
811 18
812 18
813 18
814 17
815 18
816 17
817 20
818 19
819 19
820 19
821 18
822 18
823 17
824 18
825 31
826 17
827 18
828 17
829 18
830 17
831 17
832 18
833 18
834 17
835 17
836 18
837 18
838 18
839 18
840 17
841 18
842 17
843 18
844 18
845 17
846 18
847 17
848 18
849 17
850 17
851 17
852 17
853 17
854 18
855 18
856 17
857 18
858 17
859 18
860 18
861 17
862 18
863 17
864 17
865 18
866 18
867 17
868 17
869 17
870 18
871 18
872 17
873 18
874 17
875 18
876 17
877 18
878 17
879 18
880 17
881 18
882 18
883 17
884 17
885 18
886 17
887 17
888 17
889 17
890 17
891 18
892 17
893 17
894 18
895 18
896 17
897 18
898 17
899 17
900 18
901 18
902 17
903 18
904 18
905 18
906 17
907 18
908 17
909 18
910 17
911 18
912 18
913 18
914 17
915 18
916 17
917 18
918 17
919 17
920 18
921 19
922 18
923 17
924 17
925 17
926 17
927 17
928 18
929 17
930 18
931 18
932 17
933 17
934 17
935 18
936 17
937 17
938 17
939 17
940 28
941 19
942 17
943 18
944 18
945 18
946 17
947 19
948 19
949 27
950 19
951 17
952 17
953 17
954 18
955 18
956 17
957 17
958 17
959 18
960 17
961 17
962 17
963 18
964 17
965 17
966 19
967 18
968 18
969 17
970 18
971 19
972 18
973 18
974 18
975 18
976 18
977 17
978 17
979 18
980 18
981 18
982 17
983 18
984 18
985 17
986 17
987 27
988 19
989 17
990 18
991 17
992 25
993 18
994 18
995 18
996 17
997 17
998 17
999 17
1000 22
1001 17
1002 18
1003 17
1004 17
1005 18
1006 17
1007 17
1008 18
1009 17
1010 17
1011 18
1012 18
1013 17
1014 18
1015 19
1016 18
1017 18
1018 18
1019 18
1020 17
1021 19
1022 18
1023 18
1024 18
1025 18
1026 19
1027 18
1028 18
1029 18
1030 17
1031 18
1032 17
1033 17
1034 17
1035 18
1036 18
1037 18
1038 18
1039 17
1040 18
1041 17
1042 18
1043 18
1044 18
1045 18
1046 18
1047 18
1048 18
1049 18
1050 18
1051 17
1052 18
1053 19
1054 17
1055 19
1056 18
1057 17
1058 17
1059 17
1060 18
1061 17
1062 18
1063 17
1064 17
1065 18
1066 17
1067 18
1068 18
1069 18
1070 19
1071 18
1072 17
1073 18
1074 19
1075 18
1076 17
1077 17
1078 17
1079 17
1080 18
1081 17
1082 17
1083 17
1084 18
1085 17
1086 20
1087 18
1088 18
1089 17
1090 17
1091 18
1092 19
1093 18
1094 17
1095 18
1096 17
1097 17
1098 18
1099 17
1100 18
1101 18
1102 18
1103 20
1104 18
1105 17
1106 16
1107 18
1108 21
1109 19
1110 18
1111 18
1112 18
1113 17
1114 17
1115 17
1116 17
1117 17
1118 18
1119 18
1120 18
1121 18
1122 18
1123 18
1124 17
1125 18
1126 17
1127 17
1128 17
1129 18
1130 17
1131 18
1132 17
1133 18
1134 18
1135 17
1136 17
1137 17
1138 18
1139 18
1140 17
1141 17
1142 19
1143 18
1144 17
1145 18
1146 18
1147 17
1148 17
1149 18
1150 17
1151 17
1152 26
1153 19
1154 18
1155 18
1156 18
1157 17
1158 18
1159 18
1160 18
1161 17
1162 17
1163 18
1164 19
1165 17
1166 17
1167 17
1168 17
1169 17
1170 17
1171 17
1172 17
1173 17
1174 17
1175 17
1176 17
1177 18
1178 17
1179 17
1180 17
1181 17
1182 17
1183 17
1184 17
1185 18
1186 18
1187 18
1188 17
1189 17
1190 18
1191 17
1192 17
1193 18
1194 18
1195 18
1196 18
1197 19
1198 17
1199 18
1200 18
1201 17
1202 17
1203 17
1204 17
1205 18
1206 18
1207 18
1208 18
1209 18
1210 18
1211 17
1212 18
1213 17
1214 17
1215 18
1216 18
1217 18
1218 18
1219 19
1220 18
1221 18
1222 17
1223 18
1224 19
1225 17
1226 18
1227 18
1228 18
1229 17
1230 18
1231 17
1232 17
1233 18
1234 18
1235 17
1236 17
1237 17
1238 18
1239 18
1240 17
1241 18
1242 18
1243 18
1244 17
1245 17
1246 18
1247 27
1248 19
1249 17
1250 18
1251 18
1252 19
1253 19
1254 17
1255 17
1256 17
1257 17
1258 17
1259 18
1260 17
1261 17
1262 18
1263 18
1264 17
1265 17
1266 17
1267 17
1268 18
1269 18
1270 18
1271 17
1272 17
1273 18
1274 18
1275 18
1276 18
1277 18
1278 17
1279 17
1280 17
1281 18
1282 18
1283 17
1284 18
1285 18
1286 17
1287 17
1288 18
1289 18
1290 17
1291 18
1292 17
1293 21
1294 17
1295 18
1296 18
1297 17
1298 18
1299 18
1300 17
1301 17
1302 18
1303 17
1304 18
1305 18
1306 18
1307 17
1308 18
1309 18
1310 18
1311 17
1312 17
1313 17
1314 18
1315 18
1316 17
1317 17
1318 18
1319 18
1320 18
1321 18
1322 17
1323 17
1324 17
1325 18
1326 17
1327 17
1328 17
1329 18
1330 18
1331 17
1332 17
1333 17
1334 18
1335 18
1336 27
1337 18
1338 18
1339 18
1340 17
1341 17
1342 17
1343 17
1344 17
1345 17
1346 18
1347 19
1348 18
1349 18
1350 17
1351 17
1352 17
1353 17
1354 41
1355 17
1356 18
1357 20
1358 18
1359 17
1360 17
1361 18
1362 18
1363 17
1364 17
1365 17
1366 17
1367 18
1368 20
1369 18
1370 17
1371 17
1372 18
1373 17
1374 18
1375 18
1376 18
1377 17
1378 18
1379 19
1380 17
1381 17
1382 18
1383 17
1384 17
1385 17
1386 17
1387 17
1388 17
1389 17
1390 17
1391 17
1392 17
1393 17
1394 17
1395 17
1396 16
1397 17
1398 17
1399 17
1400 17
1401 17
1402 17
1403 17
1404 17
1405 18
1406 17
1407 17
1408 25
1409 18
1410 17
1411 17
1412 17
1413 17
1414 17
1415 17
1416 17
1417 17
1418 17
1419 17
1420 18
1421 19
1422 17
1423 17
1424 17
1425 17
1426 17
1427 17
1428 18
1429 17
1430 25
1431 18
1432 17
1433 17
1434 17
1435 17
1436 16
1437 17
1438 17
1439 18
1440 17
1441 17
1442 17
1443 17
1444 17
1445 18
1446 18
1447 19
1448 17
1449 17
1450 17
1451 17
1452 17
1453 17
1454 17
1455 17
1456 18
1457 17
1458 18
1459 18
1460 17
1461 17
1462 18
1463 17
1464 18
1465 18
1466 17
1467 17
1468 27
1469 18
1470 17
1471 17
1472 17
1473 17
1474 17
1475 17
1476 17
1477 18
1478 17
1479 18
1480 18
1481 17
1482 17
1483 17
1484 17
1485 20
1486 19
1487 18
1488 18
1489 18
1490 18
1491 18
1492 17
1493 18
1494 17
1495 17
1496 18
1497 18
1498 18
1499 17
1500 18
1501 17
1502 19
1503 17
1504 18
1505 18
1506 17
1507 27
1508 18
1509 17
1510 17
1511 17
1512 18
1513 17
1514 17
1515 17
1516 18
1517 18
1518 18
1519 17
1520 17
1521 17
1522 17
1523 17
1524 17
1525 17
1526 17
1527 17
1528 17
1529 17
1530 18
1531 18
1532 26
1533 19
1534 18
1535 17
1536 18
1537 17
1538 18
1539 17
1540 18
1541 18
1542 18
1543 17
1544 18
1545 18
1546 17
1547 18
1548 18
1549 19
1550 18
1551 17
1552 18
1553 18
1554 17
1555 17
1556 17
1557 17
1558 17
1559 17
1560 17
1561 17
1562 18
1563 17
1564 18
1565 18
1566 17
1567 17
1568 18
1569 17
1570 18
1571 17
1572 17
1573 17
1574 17
1575 17
1576 17
1577 17
1578 18
1579 18
1580 18
1581 17
1582 17
1583 18
1584 18
1585 18
1586 17
1587 17
1588 17
1589 17
1590 17
1591 17
1592 18
1593 18
1594 18
1595 18
1596 18
1597 18
1598 19
1599 17
1600 17
1601 18
1602 17
1603 17
1604 17
1605 17
1606 17
1607 17
1608 18
1609 18
1610 18
1611 17
1612 18
1613 21
1614 19
1615 18
1616 17
1617 18
1618 18
1619 17
1620 18
1621 18
1622 17
1623 17
1624 17
1625 17
1626 17
1627 17
1628 18
1629 17
1630 17
1631 17
1632 18
1633 18
1634 17
1635 18
1636 17
1637 17
1638 18
1639 18
1640 17
1641 17
1642 18
1643 18
1644 17
1645 17
1646 17
1647 17
1648 27
1649 19
1650 18
1651 17
1652 17
1653 17
1654 18
1655 18
1656 17
1657 17
1658 18
1659 18
1660 18
1661 17
1662 17
1663 17
1664 19
1665 18
1666 18
1667 17
1668 18
1669 17
1670 17
1671 18
1672 17
1673 17
1674 18
1675 19
1676 17
1677 20
1678 18
1679 18
1680 20
1681 18
1682 17
1683 18
1684 17
1685 17
1686 17
1687 17
1688 17
1689 17
1690 17
1691 17
1692 17
1693 17
1694 17
1695 17
1696 17
1697 17
1698 18
1699 18
1700 18
1701 17
1702 18
1703 18
1704 17
1705 17
1706 18
1707 18
1708 17
1709 17
1710 26
1711 18
1712 17
1713 18
1714 19
1715 18
1716 17
1717 17
1718 18
1719 19
1720 17
1721 17
1722 18
1723 18
1724 17
1725 17
1726 18
1727 18
1728 17
1729 18
1730 18
1731 17
1732 17
1733 18
1734 17
1735 27
1736 19
1737 18
1738 17
1739 17
1740 17
1741 19
1742 18
1743 18
1744 17
1745 18
1746 17
1747 17
1748 17
1749 17
1750 18
1751 17
1752 19
1753 18
1754 17
1755 17
1756 18
1757 18
1758 17
1759 17
1760 17
1761 18
1762 17
1763 17
1764 17
1765 18
1766 18
1767 17
1768 27
1769 19
1770 17
1771 18
1772 17
1773 17
1774 17
1775 17
1776 18
1777 17
1778 17
1779 18
1780 18
1781 18
1782 18
1783 17
1784 18
1785 19
1786 18
1787 17
1788 17
1789 18
1790 26
1791 18
1792 18
1793 18
1794 18
1795 17
1796 17
1797 18
1798 18
1799 17
1800 17
1801 18
1802 19
1803 17
1804 17
1805 20
1806 18
1807 19
1808 19
1809 17
1810 18
1811 18
1812 17
1813 17
1814 17
1815 17
1816 18
1817 18
1818 19
1819 18
1820 18
1821 17
1822 17
1823 18
1824 17
1825 17
1826 17
1827 18
1828 18
1829 18
1830 17
1831 17
1832 17
1833 17
1834 17
1835 19
1836 18
1837 18
1838 17
1839 17
1840 17
1841 18
1842 17
1843 17
1844 17
1845 17
1846 17
1847 18
1848 18
1849 17
1850 17
1851 17
1852 17
1853 17
1854 17
1855 17
1856 17
1857 17
1858 18
1859 19
1860 19
1861 18
1862 17
1863 18
1864 18
1865 17
1866 18
1867 18
1868 18
1869 20
1870 18
1871 18
1872 18
1873 18
1874 18
1875 17
1876 18
1877 17
1878 18
1879 18
1880 19
1881 17
1882 18
1883 18
1884 18
1885 19
1886 18
1887 199
1888 24
1889 18
1890 19
1891 18
1892 18
1893 18
1894 18
1895 17
1896 17
1897 17
1898 16
1899 17
1900 17
1901 17
1902 17
1903 17
1904 17
1905 19
1906 18
1907 18
1908 17
1909 17
1910 18
1911 19
1912 18
1913 18
1914 17
1915 17
1916 18
1917 18
1918 18
1919 17
1920 17
1921 17
1922 17
1923 17
1924 18
1925 17
1926 18
1927 18
1928 17
1929 17
1930 17
1931 17
1932 17
1933 18
1934 17
1935 17
1936 17
1937 17
1938 17
1939 17
1940 17
1941 17
1942 17
1943 17
1944 17
1945 18
1946 18
1947 19
1948 17
1949 17
1950 19
1951 17
1952 18
1953 18
1954 17
1955 29
1956 18
1957 17
1958 17
1959 17
1960 24
1961 18
1962 17
1963 17
1964 17
1965 17
1966 17
1967 17
1968 17
1969 18
1970 18
1971 17
1972 17
1973 17
1974 17
1975 18
1976 18
1977 18
1978 17
1979 17
1980 17
1981 17
1982 17
1983 17
1984 25
1985 18
1986 17
1987 18
1988 18
1989 17
1990 17
1991 17
1992 17
1993 17
1994 18
1995 18
1996 18
1997 17
1998 17
1999 18
2000 18
2001 17
2002 17
2003 17
2004 18
2005 17
2006 17
2007 17
2008 17
2009 17
2010 17
2011 17
2012 17
2013 17
2014 17
2015 18
2016 17
2017 18
2018 17
2019 19
2020 17
2021 18
2022 18
2023 18
2024 18
2025 17
2026 17
2027 27
2028 19
2029 19
2030 18
2031 18
2032 17
2033 17
2034 17
2035 18
2036 18
2037 17
2038 25
2039 18
2040 18
2041 18
2042 18
2043 17
2044 17
2045 18
2046 17
2047 17
2048 17
2049 18
2050 19
2051 18
2052 18
2053 18
2054 17
2055 18
2056 17
2057 27
2058 18
2059 17
2060 19
2061 18
2062 18
2063 17
2064 18
2065 18
2066 17
2067 18
2068 17
2069 17
2070 18
2071 17
2072 17
2073 17
2074 18
2075 17
2076 27
2077 18
2078 17
2079 18
2080 18
2081 18
2082 18
2083 18
2084 17
2085 18
2086 18
2087 17
2088 17
2089 18
2090 18
2091 17
2092 18
2093 21
2094 18
2095 18
2096 18
2097 18
2098 18
2099 19
2100 18
2101 18
2102 17
2103 18
2104 18
2105 17
2106 18
2107 17
2108 17
2109 18
2110 17
2111 18
2112 17
2113 17
2114 18
2115 18
2116 17
2117 17
2118 17
2119 18
2120 18
2121 17
2122 18
2123 18
2124 18
2125 18
2126 18
2127 19
2128 19
2129 19
2130 18
2131 18
2132 17
2133 18
2134 18
2135 17
2136 17
2137 17
2138 19
2139 18
2140 18
2141 17
2142 18
2143 19
2144 17
2145 18
2146 18
2147 17
2148 18
2149 18
2150 17
2151 17
2152 17
2153 17
2154 18
2155 18
2156 18
2157 18
2158 18
2159 18
2160 17
2161 17
2162 18
2163 18
2164 18
2165 17
2166 17
2167 17
2168 18
2169 18
2170 17
2171 19
2172 18
2173 18
2174 17
2175 18
2176 18
2177 19
2178 17
2179 18
2180 17
2181 17
2182 17
2183 18
2184 17
2185 17
2186 18
2187 19
2188 20
2189 17
2190 17
2191 18
2192 18
2193 17
2194 18
2195 18
2196 18
2197 17
2198 17
2199 18
2200 18
2201 17
2202 17
2203 17
2204 17
2205 18
2206 17
2207 17
2208 18
2209 18
2210 18
2211 18
2212 18
2213 18
2214 18
2215 18
2216 17
2217 17
2218 17
2219 17
2220 17
2221 18
2222 19
2223 18
2224 17
2225 17
2226 17
2227 18
2228 18
2229 17
2230 17
2231 17
2232 17
2233 17
2234 17
2235 18
2236 17
2237 17
2238 19
2239 18
2240 18
2241 17
2242 18
2243 17
2244 17
2245 17
2246 17
2247 17
2248 18
2249 18
2250 17
2251 17
2252 18
2253 18
2254 28
2255 18
2256 17
2257 17
2258 17
2259 17
2260 17
2261 17
2262 18
2263 17
2264 17
2265 18
2266 19
2267 18
2268 17
2269 18
2270 18
2271 18
2272 18
2273 18
2274 18
2275 17
2276 18
2277 17
2278 17
2279 18
2280 18
2281 17
2282 18
2283 19
2284 18
2285 17
2286 17
2287 18
2288 18
2289 17
2290 17
2291 18
2292 18
2293 17
2294 17
2295 18
2296 18
2297 17
2298 17
2299 19
2300 17
2301 17
2302 18
2303 17
2304 18
2305 18
2306 17
2307 17
2308 17
2309 17
2310 18
2311 19
2312 18
2313 18
2314 18
2315 18
2316 18
2317 17
2318 18
2319 18
2320 18
2321 17
2322 17
2323 17
2324 18
2325 17
2326 17
2327 18
2328 18
2329 18
2330 17
2331 17
2332 27
2333 18
2334 17
2335 17
2336 17
2337 17
2338 18
2339 17
2340 17
2341 18
2342 18
2343 18
2344 17
2345 17
2346 18
2347 18
2348 17
2349 17
2350 18
2351 18
2352 18
2353 17
2354 17
2355 17
2356 18
2357 18
2358 18
2359 17
2360 17
2361 18
2362 18
2363 17
2364 18
2365 17
2366 17
2367 17
2368 18
2369 17
2370 17
2371 17
2372 18
2373 19
2374 19
2375 18
2376 18
2377 17
2378 17
2379 18
2380 18
2381 17
2382 27
2383 19
2384 17
2385 17
2386 17
2387 18
2388 18
2389 18
2390 18
2391 17
2392 17
2393 17
2394 19
2395 18
2396 18
2397 17
2398 18
2399 17
2400 18
2401 17
2402 18
2403 18
2404 27
2405 19
2406 18
2407 17
2408 17
2409 25
2410 19
2411 35
2412 19
2413 17
2414 18
2415 19
2416 17
2417 17
2418 17
2419 18
2420 18
2421 17
2422 18
2423 17
2424 17
2425 19
2426 19
2427 18
2428 17
2429 17
2430 18
2431 17
2432 17
2433 17
2434 17
2435 18
2436 18
2437 17
2438 17
2439 18
2440 17
2441 17
2442 19
2443 18
2444 18
2445 18
2446 18
2447 17
2448 17
2449 17
2450 17
2451 17
2452 17
2453 17
2454 18
2455 18
2456 18
2457 17
2458 18
2459 17
2460 17
2461 18
2462 17
2463 17
2464 18
2465 19
2466 17
2467 17
2468 17
2469 18
2470 18
2471 18
2472 17
2473 18
2474 18
2475 17
2476 18
2477 18
2478 18
2479 18
2480 18
2481 19
2482 18
2483 18
2484 17
2485 18
2486 18
2487 18
2488 18
2489 17
2490 17
2491 18
2492 18
2493 17
2494 17
2495 17
2496 18
2497 17
2498 18
2499 18
2500 18
2501 18
2502 17
2503 17
2504 18
2505 18
2506 17
2507 18
2508 18
2509 18
2510 19
2511 19
2512 18
2513 17
2514 17
2515 18
2516 17
2517 17
2518 17
2519 18
2520 17
2521 17
2522 18
2523 17
2524 18
2525 18
2526 17
2527 17
2528 18
2529 17
2530 18
2531 18
2532 17
2533 17
2534 17
2535 18
2536 17
2537 18
2538 18
2539 17
2540 18
2541 18
2542 17
2543 18
2544 19
2545 19
2546 17
2547 18
2548 18
2549 18
2550 17
2551 17
2552 17
2553 18
2554 18
2555 17
2556 18
2557 17
2558 18
2559 19
2560 18
2561 18
2562 17
2563 17
2564 18
2565 17
2566 18
2567 18
2568 17
2569 17
2570 17
2571 17
2572 17
2573 17
2574 17
2575 17
2576 19
2577 17
2578 17
2579 17
2580 17
2581 18
2582 19
2583 18
2584 17
2585 17
2586 17
2587 17
2588 17
2589 29
2590 18
2591 17
2592 17
2593 17
2594 17
2595 17
2596 17
2597 17
2598 18
2599 17
2600 18
2601 17
2602 18
2603 18
2604 17
2605 18
2606 18
2607 17
2608 18
2609 19
2610 18
2611 18
2612 17
2613 17
2614 18
2615 17
2616 17
2617 17
2618 18
2619 17
2620 18
2621 18
2622 18
2623 17
2624 17
2625 17
2626 19
2627 17
2628 18
2629 18
2630 18
2631 18
2632 17
2633 17
2634 18
2635 17
2636 18
2637 19
2638 18
2639 18
2640 18
2641 18
2642 18
2643 18
2644 18
2645 18
2646 17
2647 17
2648 17
2649 17
2650 17
2651 17
2652 18
2653 17
2654 17
2655 18
2656 18
2657 20
2658 18
2659 18
2660 18
2661 18
2662 18
2663 17
2664 29
2665 18
2666 17
2667 17
2668 17
2669 18
2670 18
2671 17
2672 18
2673 17
2674 17
2675 18
2676 19
2677 17
2678 17
2679 18
2680 17
2681 18
2682 18
2683 17
2684 17
2685 18
2686 17
2687 17
2688 17
2689 18
2690 17
2691 17
2692 17
2693 17
2694 17
2695 17
2696 17
2697 17
2698 18
2699 18
2700 17
2701 17
2702 18
2703 17
2704 17
2705 17
2706 17
2707 17
2708 17
2709 17
2710 18
2711 18
2712 18
2713 18
2714 17
2715 18
2716 17
2717 17
2718 17
2719 17
2720 17
2721 28
2722 18
2723 18
2724 18
2725 18
2726 19
2727 18
2728 17
2729 17
2730 17
2731 17
2732 17
2733 17
2734 16
2735 17
2736 17
2737 17
2738 17
2739 17
2740 17
2741 17
2742 17
2743 17
2744 16
2745 17
2746 17
2747 17
2748 17
2749 25
2750 18
2751 17
2752 17
2753 18
2754 18
2755 17
2756 18
2757 17
2758 17
2759 18
2760 19
2761 17
2762 17
2763 17
2764 17
2765 19
2766 18
2767 27
2768 17
2769 17
2770 17
2771 17
2772 17
2773 17
2774 17
2775 18
2776 17
2777 18
2778 17
2779 17
2780 17
2781 17
2782 18
2783 18
2784 17
2785 19
2786 17
2787 17
2788 17
2789 17
2790 18
2791 18
2792 18
2793 18
2794 18
2795 17
2796 17
2797 17
2798 18
2799 18
2800 17
2801 17
2802 17
2803 26
2804 18
2805 18
2806 17
2807 17
2808 17
2809 17
2810 18
2811 18
2812 18
2813 17
2814 17
2815 17
2816 17
2817 17
2818 17
2819 18
2820 17
2821 17
2822 17
2823 17
2824 18
2825 18
2826 17
2827 25
2828 18
2829 17
2830 17
2831 17
2832 17
2833 17
2834 17
2835 17
2836 17
2837 18
2838 18
2839 18
2840 17
2841 18
2842 26
2843 18
2844 17
2845 17
2846 17
2847 17
2848 17
2849 19
2850 17
2851 17
2852 17
2853 17
2854 19
2855 18
2856 17
2857 18
2858 17
2859 17
2860 17
2861 17
2862 16
2863 17
2864 27
2865 18
2866 17
2867 17
2868 17
2869 17
2870 18
2871 18
2872 17
2873 17
2874 17
2875 17
2876 18
2877 18
2878 17
2879 17
2880 18
2881 17
2882 17
2883 17
2884 17
2885 16
2886 17
2887 18
2888 17
2889 17
2890 17
2891 18
2892 18
2893 17
2894 17
2895 17
2896 18
2897 17
2898 18
2899 17
2900 17
2901 17
2902 18
2903 17
2904 17
2905 19
2906 19
2907 19
2908 18
2909 17
2910 18
2911 18
2912 17
2913 20
2914 18
2915 19
2916 18
2917 18
2918 17
2919 17
2920 17
2921 17
2922 17
2923 17
2924 17
2925 17
2926 18
2927 19
2928 18
2929 17
2930 17
2931 18
2932 17
2933 17
2934 17
2935 17
2936 17
2937 17
2938 17
2939 17
2940 18
2941 17
2942 18
2943 17
2944 18
2945 32
2946 18
2947 17
2948 18
2949 18
2950 18
2951 17
2952 17
2953 17
2954 18
2955 18
2956 18
2957 18
2958 18
2959 18
2960 18
2961 17
2962 17
2963 17
2964 18
2965 17
2966 17
2967 19
2968 19
2969 17
2970 17
2971 18
2972 17
2973 17
2974 17
2975 18
2976 19
2977 20
2978 18
2979 17
2980 18
2981 17
2982 17
2983 18
2984 18
2985 17
2986 17
2987 17
2988 17
2989 17
2990 17
2991 18
2992 27
2993 19
2994 17
2995 18
2996 18
2997 18
2998 19
2999 18
3000 17
3001 18
3002 18
3003 17
3004 18
3005 18
3006 18
3007 17
3008 18
3009 18
3010 17
3011 18
3012 18
3013 17
3014 17
3015 18
3016 18
3017 17
3018 18
3019 18
3020 17
3021 27
3022 18
3023 17
3024 17
3025 18
3026 17
3027 17
3028 18
3029 17
3030 18
3031 18
3032 17
3033 18
3034 17
3035 17
3036 18
3037 18
3038 18
3039 18
3040 17
3041 20
3042 17
3043 18
3044 17
3045 18
3046 18
3047 17
3048 18
3049 17
3050 18
3051 17
3052 18
3053 19
3054 18
3055 18
3056 17
3057 18
3058 17
3059 18
3060 18
3061 18
3062 17
3063 17
3064 17
3065 18
3066 18
3067 18
3068 18
3069 17
3070 17
3071 17
3072 17
3073 18
3074 17
3075 17
3076 17
3077 17
3078 18
3079 18
3080 18
3081 18
3082 26
3083 18
3084 18
3085 18
3086 18
3087 17
3088 18
3089 17
3090 17
3091 18
3092 18
3093 18
3094 18
3095 18
3096 17
3097 18
3098 17
3099 17
3100 17
3101 18
3102 17
3103 18
3104 18
3105 19
3106 18
3107 18
3108 19
3109 19
3110 17
3111 18
3112 17
3113 18
3114 18
3115 17
3116 17
3117 18
3118 17
3119 18
3120 19
3121 18
3122 18
3123 17
3124 18
3125 17
3126 18
3127 18
3128 17
3129 17
3130 17
3131 18
3132 18
3133 17
3134 18
3135 28
3136 18
3137 18
3138 18
3139 17
3140 17
3141 17
3142 17
3143 17
3144 17
3145 17
3146 17
3147 17
3148 17
3149 18
3150 17
3151 17
3152 18
3153 18
3154 18
3155 18
3156 17
3157 18
3158 18
3159 17
3160 17
3161 17
3162 18
3163 18
3164 19
3165 18
3166 17
3167 18
3168 17
3169 19
3170 17
3171 17
3172 17
3173 17
3174 17
3175 17
3176 17
3177 16
3178 17
3179 17
3180 18
3181 17
3182 18
3183 17
3184 17
3185 17
3186 17
3187 18
3188 18
3189 18
3190 18
3191 17
3192 18
3193 18
3194 17
3195 17
3196 17
3197 19
3198 18
3199 18
3200 17
3201 17
3202 18
3203 17
3204 17
3205 17
3206 17
3207 17
3208 17
3209 17
3210 17
3211 17
3212 17
3213 17
3214 17
3215 17
3216 17
3217 17
3218 17
3219 17
3220 17
3221 17
3222 19
3223 17
3224 18
3225 18
3226 18
3227 17
3228 18
3229 18
3230 27
3231 19
3232 17
3233 19
3234 17
3235 18
3236 18
3237 17
3238 18
3239 18
3240 17
3241 17
3242 17
3243 18
3244 18
3245 18
3246 17
3247 17
3248 18
3249 17
3250 17
3251 18
3252 18
3253 17
3254 17
3255 17
3256 17
3257 17
3258 18
3259 25
3260 18
3261 18
3262 18
3263 17
3264 17
3265 17
3266 17
3267 17
3268 17
3269 18
3270 18
3271 18
3272 17
3273 17
3274 27
3275 18
3276 17
3277 17
3278 17
3279 17
3280 18
3281 18
3282 18
3283 17
3284 17
3285 17
3286 18
3287 18
3288 17
3289 17
3290 17
3291 18
3292 17
3293 17
3294 17
3295 17
3296 17
3297 20
3298 18
3299 269
3300 19
3301 18
3302 17
3303 17
3304 17
3305 17
3306 17
3307 18
3308 18
3309 17
3310 17
3311 17
3312 17
3313 29
3314 18
3315 17
3316 17
3317 17
3318 17
3319 17
3320 17
3321 17
3322 18
3323 18
3324 18
3325 19
3326 18
3327 16
3328 18
3329 18
3330 18
3331 18
3332 17
3333 17
3334 17
3335 18
3336 18
3337 17
3338 19
3339 17
3340 17
3341 17
3342 17
3343 17
3344 17
3345 17
3346 17
3347 18
3348 18
3349 18
3350 18
3351 18
3352 18
3353 17
3354 18
3355 18
3356 17
3357 17
3358 18
3359 19
3360 18
3361 17
3362 18
3363 17
3364 19
3365 18
3366 18
3367 18
3368 17
3369 17
3370 17
3371 17
3372 17
3373 17
3374 17
3375 18
3376 18
3377 17
3378 17
3379 17
3380 17
3381 17
3382 17
3383 17
3384 17
3385 18
3386 18
3387 17
3388 18
3389 17
3390 17
3391 17
3392 17
3393 18
3394 18
3395 17
3396 17
3397 18
3398 17
3399 17
3400 17
3401 17
3402 17
3403 17
3404 17
3405 17
3406 17
3407 17
3408 17
3409 18
3410 18
3411 17
3412 17
3413 17
3414 17
3415 17
3416 17
3417 17
3418 17
3419 17
3420 17
3421 17
3422 18
3423 17
3424 17
3425 17
3426 17
3427 17
3428 17
3429 17
3430 17
3431 18
3432 27
3433 18
3434 18
3435 17
3436 18
3437 18
3438 18
3439 18
3440 17
3441 17
3442 17
3443 17
3444 17
3445 18
3446 18
3447 26
3448 18
3449 17
3450 18
3451 18
3452 18
3453 18
3454 18
3455 18
3456 17
3457 18
3458 17
3459 17
3460 18
3461 18
3462 17
3463 17
3464 18
3465 17
3466 36
3467 20
3468 17
3469 17
3470 18
3471 17
3472 17
3473 18
3474 18
3475 17
3476 17
3477 17
3478 17
3479 17
3480 18
3481 18
3482 18
3483 18
3484 18
3485 29
3486 19
3487 18
3488 18
3489 17
3490 17
3491 18
3492 17
3493 18
3494 18
3495 18
3496 18
3497 20
3498 18
3499 18
3500 18
3501 18
3502 18
3503 17
3504 18
3505 17
3506 18
3507 19
3508 21
3509 18
3510 18
3511 18
3512 19
3513 18
3514 18
3515 18
3516 18
3517 17
3518 19
3519 18
3520 18
3521 18
3522 19
3523 19
3524 19
3525 18
3526 17
3527 18
3528 17
3529 17
3530 18
3531 18
3532 18
3533 18
3534 17
3535 17
3536 17
3537 17
3538 17
3539 18
3540 17
3541 17
3542 17
3543 17
3544 17
3545 18
3546 26
3547 18
3548 17
3549 17
3550 25
3551 20
3552 18
3553 17
3554 17
3555 17
3556 18
3557 17
3558 17
3559 17
3560 18
3561 18
3562 18
3563 18
3564 18
3565 18
3566 18
3567 18
3568 19
3569 18
3570 18
3571 18
3572 27
3573 19
3574 18
3575 18
3576 18
3577 17
3578 18
3579 17
3580 18
3581 17
3582 18
3583 18
3584 19
3585 18
3586 18
3587 18
3588 18
3589 17
3590 17
3591 17
3592 17
3593 17
3594 17
3595 17
3596 17
3597 17
3598 17
3599 17
3600 18
3601 18
3602 18
3603 18
3604 17
3605 17
3606 20
3607 17
3608 18
3609 18
3610 18
3611 18
3612 17
3613 18
3614 18
3615 17
3616 26
3617 19
3618 18
3619 18
3620 18
3621 18
3622 18
3623 18
3624 18
3625 17
3626 17
3627 18
3628 17
3629 17
3630 18
3631 17
3632 17
3633 18
3634 19
3635 18
3636 17
3637 18
3638 18
3639 17
3640 17
3641 23
3642 18
3643 17
3644 17
3645 17
3646 17
3647 17
3648 19
3649 17
3650 27
3651 18
3652 18
3653 17
3654 18
3655 17
3656 17
3657 18
3658 17
3659 17
3660 18
3661 18
3662 17
3663 17
3664 18
3665 17
3666 18
3667 18
3668 18
3669 17
3670 17
3671 17
3672 19
3673 18
3674 17
3675 17
3676 17
3677 18
3678 18
3679 18
3680 18
3681 17
3682 28
3683 18
3684 17
3685 18
3686 17
3687 17
3688 17
3689 17
3690 17
3691 17
3692 17
3693 19
3694 17
3695 17
3696 17
3697 18
3698 18
3699 18
3700 18
3701 18
3702 17
3703 18
3704 17
3705 17
3706 17
3707 17
3708 17
3709 18
3710 18
3711 18
3712 17
3713 18
3714 18
3715 18
3716 18
3717 18
3718 18
3719 17
3720 17
3721 17
3722 17
3723 18
3724 18
3725 17
3726 17
3727 18
3728 18
3729 17
3730 17
3731 17
3732 17
3733 19
3734 18
3735 17
3736 17
3737 17
3738 17
3739 17
3740 17
3741 17
3742 17
3743 17
3744 18
3745 19
3746 18
3747 17
3748 18
3749 18
3750 18
3751 17
3752 17
3753 18
3754 18
3755 17
3756 17
3757 18
3758 18
3759 18
3760 18
3761 18
3762 17
3763 18
3764 18
3765 17
3766 18
3767 18
3768 18
3769 18
3770 18
3771 17
3772 20
3773 17
3774 18
3775 17
3776 18
3777 18
3778 17
3779 18
3780 18
3781 18
3782 27
3783 19
3784 17
3785 18
3786 18
3787 17
3788 17
3789 17
3790 17
3791 17
3792 17
3793 17
3794 18
3795 18
3796 18
3797 18
3798 18
3799 17
3800 17
3801 17
3802 18
3803 18
3804 18
3805 17
3806 17
3807 17
3808 17
3809 17
3810 17
3811 17
3812 17
3813 17
3814 17
3815 17
3816 18
3817 25
3818 23
3819 17
3820 17
3821 18
3822 18
3823 19
3824 17
3825 18
3826 17
3827 18
3828 18
3829 17
3830 17
3831 17
3832 17
3833 17
3834 17
3835 17
3836 17
3837 17
3838 17
3839 17
3840 17
3841 17
3842 17
3843 17
3844 19
3845 19
3846 18
3847 17
3848 17
3849 18
3850 17
3851 17
3852 17
3853 17
3854 17
3855 17
3856 17
3857 17
3858 17
3859 17
3860 19
3861 19
3862 18
3863 17
3864 18
3865 18
3866 17
3867 17
3868 17
3869 17
3870 17
3871 27
3872 18
3873 18
3874 17
3875 17
3876 17
3877 18
3878 18
3879 18
3880 17
3881 18
3882 17
3883 17
3884 18
3885 18
3886 17
3887 17
3888 19
3889 18
3890 18
3891 17
3892 17
3893 17
3894 17
3895 17
3896 17
3897 18
3898 17
3899 17
3900 17
3901 18
3902 18
3903 18
3904 18
3905 18
3906 18
3907 18
3908 17
3909 18
3910 18
3911 17
3912 17
3913 17
3914 18
3915 17
3916 17
3917 17
3918 17
3919 17
3920 17
3921 27
3922 19
3923 18
3924 17
3925 17
3926 17
3927 17
3928 18
3929 17
3930 17
3931 17
3932 17
3933 17
3934 17
3935 17
3936 17
3937 17
3938 17
3939 17
3940 17
3941 17
3942 17
3943 17
3944 18
3945 18
3946 18
3947 17
3948 17
3949 17
3950 17
3951 17
3952 17
3953 18
3954 17
3955 18
3956 18
3957 18
3958 17
3959 18
3960 18
3961 18
3962 18
3963 18
3964 17
3965 18
3966 19
3967 20
3968 19
3969 19
3970 18
3971 17
3972 18
3973 18
3974 17
3975 18
3976 18
3977 17
3978 18
3979 17
3980 18
3981 18
3982 18
3983 17
3984 19
3985 18
3986 18
3987 17
3988 18
3989 18
3990 19
3991 18
3992 18
3993 27
3994 21
3995 30
3996 17
3997 18
3998 20
3999 21
4000 17
4001 18
4002 18
4003 20
4004 18
4005 18
4006 18
4007 18
4008 29
4009 18
4010 17
4011 18
4012 18
4013 18
4014 18
4015 17
4016 18
4017 17
4018 17
4019 18
4020 18
4021 17
4022 17
4023 17
4024 17
4025 17
4026 17
4027 17
4028 18
4029 18
4030 17
4031 18
4032 19
4033 18
4034 17
4035 18
4036 17
4037 17
4038 17
4039 17
4040 17
4041 18
4042 17
4043 17
4044 17
4045 17
4046 18
4047 18
4048 17
4049 17
4050 17
4051 17
4052 17
4053 18
4054 17
4055 17
4056 17
4057 17
4058 17
4059 17
4060 17
4061 17
4062 17
4063 18
4064 18
4065 17
4066 17
4067 17
4068 17
4069 18
4070 20
4071 18
4072 20
4073 20
4074 18
4075 19
4076 18
4077 18
4078 19
4079 17
4080 19
4081 20
4082 18
4083 19
4084 20
4085 19
4086 18
4087 17
4088 19
4089 18
4090 18
4091 19
4092 18
4093 18
4094 18
4095 18
4096 18
4097 17
4098 18
4099 17
4100 18
4101 19
4102 17
4103 19
4104 24
4105 21
4106 21
4107 19
4108 17
4109 18
4110 17
4111 17
4112 18
4113 18
4114 18
4115 17
4116 18
4117 17
4118 17
4119 18
4120 17
4121 18
4122 18
4123 18
4124 27
4125 22
4126 19
4127 17
4128 18
4129 18
4130 17
4131 17
4132 17
4133 17
4134 18
4135 17
4136 17
4137 18
4138 17
4139 17
4140 17
4141 18
4142 17
4143 18
4144 17
4145 19
4146 30
4147 19
4148 18
4149 17
4150 17
4151 17
4152 17
4153 17
4154 17
4155 18
4156 18
4157 20
4158 18
4159 18
4160 18
4161 20
4162 19
4163 18
4164 17
4165 18
4166 18
4167 18
4168 17
4169 18
4170 17
4171 18
4172 20
4173 18
4174 18
4175 18
4176 18
4177 18
4178 18
4179 18
4180 22
4181 18
4182 18
4183 20
4184 18
4185 17
4186 19
4187 17
4188 17
4189 17
4190 17
4191 18
4192 17
4193 17
4194 17
4195 18
4196 17
4197 18
4198 18
4199 17
4200 17
4201 17
4202 17
4203 17
4204 17
4205 18
4206 18
4207 18
4208 19
4209 17
4210 18
4211 18
4212 17
4213 18
4214 18
4215 17
4216 18
4217 17
4218 17
4219 18
4220 17
4221 18
4222 18
4223 17
4224 18
4225 17
4226 18
4227 17
4228 18
4229 18
4230 18
4231 18
4232 17
4233 18
4234 18
4235 17
4236 18
4237 17
4238 17
4239 18
4240 18
4241 17
4242 17
4243 17
4244 20
4245 18
4246 17
4247 17
4248 17
4249 18
4250 28
4251 18
4252 17
4253 18
4254 18
4255 19
4256 19
4257 17
4258 18
4259 18
4260 17
4261 17
4262 18
4263 18
4264 17
4265 18
4266 18
4267 17
4268 17
4269 17
4270 18
4271 17
4272 17
4273 18
4274 18
4275 18
4276 17
4277 17
4278 19
4279 18
4280 17
4281 18
4282 19
4283 18
4284 18
4285 17
4286 17
4287 18
4288 17
4289 18
4290 17
4291 18
4292 17
4293 17
4294 18
4295 17
4296 17
4297 19
4298 18
4299 19
4300 25
4301 19
4302 17
4303 34
4304 19
4305 18
4306 17
4307 18
4308 20
4309 21
4310 18
4311 17
4312 18
4313 18
4314 18
4315 18
4316 19
4317 17
4318 18
4319 19
4320 19
4321 19
4322 17
4323 18
4324 17
4325 19
4326 17
4327 17
4328 20
4329 18
4330 22
4331 20
4332 19
4333 18
4334 18
4335 17
4336 17
4337 17
4338 17
4339 17
4340 19
4341 18
4342 17
4343 29
4344 18
4345 17
4346 20
4347 18
4348 19
4349 18
4350 19
4351 19
4352 19
4353 19
4354 18
4355 18
4356 17
4357 18
4358 18
4359 19
4360 18
4361 19
4362 20
4363 20
4364 18
4365 18
4366 20
4367 19
4368 18
4369 17
4370 18
4371 19
4372 22
4373 19
4374 18
4375 18
4376 18
4377 17
4378 18
4379 18
4380 18
4381 18
4382 18
4383 17
4384 17
4385 18
4386 17
4387 18
4388 17
4389 27
4390 18
4391 19
4392 18
4393 18
4394 19
4395 19
4396 18
4397 18
4398 17
4399 18
4400 17
4401 18
4402 17
4403 18
4404 17
4405 18
4406 18
4407 17
4408 18
4409 17
4410 19
4411 18
4412 18
4413 18
4414 17
4415 18
4416 17
4417 18
4418 18
4419 18
4420 18
4421 17
4422 20
4423 17
4424 17
4425 18
4426 17
4427 30
4428 18
4429 20
4430 19
4431 17
4432 18
4433 18
4434 18
4435 17
4436 20
4437 19
4438 19
4439 17
4440 18
4441 18
4442 17
4443 18
4444 17
4445 18
4446 17
4447 18
4448 19
4449 20
4450 18
4451 19
4452 18
4453 19
4454 18
4455 17
4456 18
4457 17
4458 20
4459 18
4460 18
4461 18
4462 18
4463 18
4464 18
4465 17
4466 17
4467 18
4468 17
4469 18
4470 19
4471 20
4472 18
4473 17
4474 18
4475 18
4476 18
4477 17
4478 18
4479 19
4480 18
4481 17
4482 17
4483 18
4484 18
4485 18
4486 18
4487 17
4488 18
4489 18
4490 17
4491 18
4492 19
4493 20
4494 19
4495 17
4496 18
4497 19
4498 19
4499 17
4500 27
4501 18
4502 19
4503 17
4504 18
4505 19
4506 19
4507 17
4508 19
4509 19
4510 17
4511 17
4512 18
4513 18
4514 17
4515 45
4516 22
4517 19
4518 18
4519 18
4520 19
4521 19
4522 19
4523 17
4524 19
4525 19
4526 19
4527 18
4528 17
4529 18
4530 19
4531 17
4532 17
4533 17
4534 20
4535 19
4536 18
4537 21
4538 20
4539 19
4540 18
4541 20
4542 19
4543 19
4544 21
4545 21
4546 19
4547 21
4548 17
4549 18
4550 19
4551 17
4552 19
4553 19
4554 20
4555 19
4556 20
4557 19
4558 18
4559 18
4560 18
4561 17
4562 18
4563 18
4564 27
4565 23
4566 20
4567 20
4568 18
4569 19
4570 18
4571 19
4572 20
4573 18
4574 19
4575 17
4576 19
4577 17
4578 19
4579 18
4580 18
4581 17
4582 37
4583 21
4584 20
4585 21
4586 25
4587 18
4588 18
4589 20
4590 17
4591 18
4592 20
4593 17
4594 20
4595 25
4596 18
4597 19
4598 17
4599 20
4600 20
4601 19
4602 17
4603 18
4604 18
4605 20
4606 20
4607 21
4608 19
4609 20
4610 17
4611 18
4612 17
4613 19
4614 18
4615 20
4616 18
4617 19
4618 18
4619 18
4620 21
4621 18
4622 18
4623 18
4624 18
4625 19
4626 18
4627 17
4628 24
4629 18
4630 20
4631 19
4632 18
4633 19
4634 17
4635 19
4636 19
4637 18
4638 19
4639 19
4640 18
4641 18
4642 17
4643 17
4644 18
4645 17
4646 18
4647 19
4648 19
4649 18
4650 17
4651 19
4652 18
4653 17
4654 18
4655 17
4656 17
4657 17
4658 19
4659 18
4660 19
4661 18
4662 17
4663 17
4664 19
4665 23
4666 21
4667 21
4668 21
4669 21
4670 18
4671 19
4672 19
4673 19
4674 18
4675 19
4676 18
4677 18
4678 20
4679 24
4680 1215
4681 46
4682 21
4683 20
4684 20
4685 20
4686 17
4687 19
4688 20
4689 22
4690 19
4691 19
4692 18
4693 20
4694 19
4695 19
4696 19
4697 19
4698 18
4699 20
4700 17
4701 19
4702 20
4703 18
4704 19
4705 24
4706 18
4707 18
4708 21
4709 18
4710 19
4711 19
4712 19
4713 19
4714 21
4715 25
4716 21
4717 19
4718 20
4719 19
4720 18
4721 19
4722 17
4723 18
4724 19
4725 19
4726 18
4727 18
4728 18
4729 21
4730 21
4731 27
4732 18
4733 18
4734 17
4735 21
4736 26
4737 18
4738 20
4739 18
4740 21
4741 19
4742 18
4743 18
4744 20
4745 19
4746 19
4747 21
4748 20
4749 22
4750 19
4751 26
4752 19
4753 17
4754 18
4755 18
4756 18
4757 20
4758 18
4759 19
4760 41
4761 24
4762 21
4763 23
4764 20
4765 20
4766 19
4767 18
4768 20
4769 23
4770 25
4771 20
4772 20
4773 18
4774 19
4775 25
4776 18
4777 18
4778 19
4779 20
4780 19
4781 20
4782 20
4783 20
4784 20
4785 20
4786 19
4787 20
4788 19
4789 18
4790 20
4791 19
4792 30
4793 19
4794 36
4795 22
4796 18
4797 19
4798 18
4799 18
4800 18
4801 19
4802 18
4803 18
4804 18
4805 18
4806 19
4807 18
4808 19
4809 19
4810 19
4811 18
4812 18
4813 18
4814 20
4815 29
4816 21
4817 19
4818 17
4819 18
4820 18
4821 18
4822 18
4823 18
4824 18
4825 20
4826 18
4827 19
4828 18
4829 18
4830 18
4831 21
4832 20
4833 17
4834 19
4835 31
4836 20
4837 19
4838 18
4839 19
4840 18
4841 18
4842 19
4843 18
4844 18
4845 17
4846 19
4847 18
4848 18
4849 17
4850 18
4851 19
4852 17
4853 18
4854 18
4855 18
4856 18
4857 18
4858 17
4859 18
4860 18
4861 18
4862 17
4863 18
4864 18
4865 20
4866 17
4867 18
4868 18
4869 17
4870 17
4871 18
4872 18
4873 19
4874 20
4875 18
4876 18
4877 18
4878 19
4879 19
4880 18
4881 17
4882 18
4883 19
4884 17
4885 18
4886 18
4887 18
4888 18
4889 18
4890 18
4891 17
4892 18
4893 17
4894 18
4895 18
4896 18
4897 17
4898 17
4899 17
4900 27
4901 18
4902 18
4903 17
4904 18
4905 18
4906 18
4907 18
4908 18
4909 18
4910 18
4911 17
4912 18
4913 18
4914 17
4915 17
4916 17
4917 17
4918 17
4919 18
4920 17
4921 17
4922 18
4923 25
4924 18
4925 17
4926 18
4927 18
4928 18
4929 18
4930 18
4931 17
4932 18
4933 18
4934 17
4935 18
4936 18
4937 17
4938 17
4939 18
4940 18
4941 17
4942 17
4943 17
4944 17
4945 17
4946 17
4947 17
4948 17
4949 18
4950 18
4951 17
4952 18
4953 18
4954 17
4955 17
4956 17
4957 17
4958 18
4959 19
4960 18
4961 18
4962 18
4963 17
4964 28
4965 18
4966 18
4967 18
4968 17
4969 17
4970 17
4971 17
4972 18
4973 18
4974 17
4975 17
4976 18
4977 18
4978 19
4979 20
4980 18
4981 18
4982 18
4983 20
4984 18
4985 18
4986 18
4987 18
4988 19
4989 19
4990 20
4991 19
4992 18
4993 18
4994 19
4995 20
4996 18
4997 17
4998 18
4999 20
5000 21
5001 18
5002 18
5003 20
5004 18
5005 18
5006 18
5007 18
5008 17
5009 18
5010 31
5011 18
5012 17
5013 18
5014 18
5015 27
5016 18
5017 19
5018 18
5019 17
5020 18
5021 17
5022 17
5023 18
5024 17
5025 17
5026 20
5027 19
5028 18
5029 18
5030 17
5031 18
5032 18
5033 18
5034 17
5035 18
5036 17
5037 19
5038 17
5039 18
5040 17
5041 17
5042 17
5043 18
5044 17
5045 17
5046 18
5047 18
5048 17
5049 17
5050 18
5051 21
5052 18
5053 17
5054 18
5055 17
5056 17
5057 17
5058 17
5059 17
5060 17
5061 17
5062 17
5063 17
5064 18
5065 18
5066 17
5067 17
5068 18
5069 18
5070 18
5071 18
5072 19
5073 19
5074 18
5075 17
5076 18
5077 17
5078 18
5079 18
5080 18
5081 18
5082 17
5083 18
5084 18
5085 17
5086 18
5087 17
5088 18
5089 18
5090 17
5091 17
5092 17
5093 17
5094 17
5095 17
5096 18
5097 17
5098 18
5099 18
5100 17
5101 18
5102 17
5103 17
5104 18
5105 17
5106 18
5107 18
5108 17
5109 17
5110 17
5111 17
5112 17
5113 17
5114 18
5115 17
5116 18
5117 18
5118 18
5119 17
5120 17
5121 18
5122 18
5123 18
5124 17
5125 18
5126 18
5127 18
5128 18
5129 17
5130 18
5131 18
5132 18
5133 17
5134 17
5135 17
5136 18
5137 18
5138 18
5139 18
5140 30
5141 18
5142 18
5143 18
5144 18
5145 18
5146 18
5147 17
5148 18
5149 17
5150 17
5151 17
5152 18
5153 18
5154 18
5155 18
5156 18
5157 18
5158 18
5159 18
5160 17
5161 17
5162 17
5163 17
5164 18
5165 18
5166 17
5167 17
5168 17
5169 17
5170 17
5171 17
5172 17
5173 17
5174 17
5175 17
5176 17
5177 17
5178 17
5179 17
5180 17
5181 17
5182 17
5183 17
5184 17
5185 17
5186 17
5187 18
5188 17
5189 26
5190 18
5191 17
5192 17
5193 18
5194 18
5195 18
5196 17
5197 17
5198 17
5199 17
5200 17
5201 17
5202 17
5203 17
5204 17
5205 18
5206 17
5207 17
5208 17
5209 17
5210 20
5211 17
5212 18
5213 17
5214 18
5215 28
5216 18
5217 18
5218 17
5219 18
5220 17
5221 18
5222 18
5223 18
5224 18
5225 17
5226 17
5227 17
5228 17
5229 17
5230 17
5231 18
5232 18
5233 19
5234 18
5235 17
5236 18
5237 18
5238 18
5239 17
5240 18
5241 17
5242 18
5243 18
5244 17
5245 18
5246 17
5247 17
5248 17
5249 18
5250 18
5251 17
5252 17
5253 17
5254 18
5255 17
5256 18
5257 17
5258 17
5259 27
5260 19
5261 17
5262 18
5263 17
5264 17
5265 18
5266 18
5267 17
5268 18
5269 18
5270 18
5271 17
5272 18
5273 18
5274 17
5275 17
5276 18
5277 17
5278 17
5279 18
5280 18
5281 18
5282 18
5283 17
5284 17
5285 18
5286 18
5287 18
5288 18
5289 17
5290 18
5291 17
5292 18
5293 18
5294 17
5295 18
5296 17
5297 18
5298 17
5299 18
5300 18
5301 18
5302 18
5303 18
5304 18
5305 18
5306 17
5307 18
5308 17
5309 17
5310 17
5311 17
5312 18
5313 18
5314 17
5315 17
5316 27
5317 24
5318 18
5319 18
5320 17
5321 18
5322 17
5323 18
5324 17
5325 18
5326 17
5327 17
5328 17
5329 18
5330 17
5331 17
5332 17
5333 17
5334 19
5335 18
5336 18
5337 18
5338 18
5339 17
5340 19
5341 17
5342 18
5343 20
5344 18
5345 17
5346 18
5347 18
5348 17
5349 18
5350 17
5351 18
5352 17
5353 17
5354 18
5355 17
5356 18
5357 17
5358 28
5359 18
5360 18
5361 18
5362 18
5363 25
5364 19
5365 18
5366 18
5367 17
5368 18
5369 19
5370 18
5371 18
5372 18
5373 18
5374 18
5375 18
5376 18
5377 18
5378 18
5379 18
5380 17
5381 18
5382 18
5383 18
5384 18
5385 18
5386 19
5387 18
5388 18
5389 17
5390 29
5391 18
5392 18
5393 17
5394 18
5395 17
5396 18
5397 17
5398 17
5399 18
5400 17
5401 17
5402 18
5403 18
5404 17
5405 18
5406 18
5407 21
5408 18
5409 18
5410 17
5411 18
5412 18
5413 17
5414 17
5415 18
5416 17
5417 18
5418 18
5419 17
5420 18
5421 18
5422 17
5423 18
5424 17
5425 17
5426 18
5427 17
5428 18
5429 17
5430 18
5431 18
5432 18
5433 18
5434 17
5435 18
5436 17
5437 18
5438 17
5439 18
5440 18
5441 18
5442 18
5443 19
5444 18
5445 18
5446 20
5447 18
5448 18
5449 17
5450 18
5451 17
5452 18
5453 18
5454 17
5455 18
5456 17
5457 17
5458 18
5459 18
5460 18
5461 17
5462 18
5463 23
5464 18
5465 17
5466 17
5467 18
5468 28
5469 18
5470 18
5471 18
5472 17
5473 17
5474 18
5475 17
5476 17
5477 17
5478 18
5479 20
5480 17
5481 18
5482 17
5483 18
5484 17
5485 17
5486 18
5487 18
5488 18
5489 18
5490 17
5491 28
5492 18
5493 18
5494 18
5495 20
5496 17
5497 17
5498 18
5499 18
5500 17
5501 17
5502 17
5503 18
5504 18
5505 18
5506 18
5507 17
5508 17
5509 17
5510 17
5511 17
5512 18
5513 18
5514 17
5515 17
5516 18
5517 18
5518 18
5519 18
5520 18
5521 18
5522 18
5523 17
5524 18
5525 18
5526 18
5527 20
5528 18
5529 18
5530 17
5531 18
5532 17
5533 17
5534 18
5535 18
5536 17
5537 21
5538 18
5539 27
5540 19
5541 17
5542 17
5543 18
5544 18
5545 17
5546 18
5547 17
5548 18
5549 19
5550 18
5551 18
5552 17
5553 18
5554 19
5555 19
5556 19
5557 17
5558 17
5559 18
5560 17
5561 17
5562 17
5563 17
5564 17
5565 18
5566 17
5567 17
5568 18
5569 17
5570 17
5571 18
5572 17
5573 17
5574 17
5575 18
5576 17
5577 17
5578 17
5579 17
5580 17
5581 18
5582 18
5583 17
5584 18
5585 19
5586 18
5587 17
5588 18
5589 17
5590 17
5591 20
5592 17
5593 29
5594 19
5595 17
5596 17
5597 17
5598 18
5599 19
5600 18
5601 18
5602 17
5603 17
5604 17
5605 17
5606 17
5607 17
5608 17
5609 17
5610 17
5611 17
5612 17
5613 17
5614 17
5615 17
5616 20
5617 17
5618 17
5619 17
5620 17
5621 17
5622 17
5623 18
5624 17
5625 17
5626 17
5627 17
5628 17
5629 17
5630 17
5631 17
5632 17
5633 18
5634 19
5635 18
5636 17
5637 17
5638 18
5639 17
5640 17
5641 17
5642 17
5643 18
5644 18
5645 19
5646 18
5647 18
5648 18
5649 17
5650 17
5651 17
5652 18
5653 17
5654 18
5655 21
5656 17
5657 18
5658 17
5659 16
5660 18
5661 19
5662 18
5663 18
5664 17
5665 18
5666 17
5667 17
5668 26
5669 17
5670 17
5671 17
5672 18
5673 17
5674 17
5675 17
5676 16
5677 17
5678 17
5679 17
5680 17
5681 17
5682 30
5683 19
5684 18
5685 17
5686 17
5687 18
5688 19
5689 18
5690 17
5691 17
5692 17
5693 19
5694 17
5695 18
5696 17
5697 17
5698 18
5699 17
5700 18
5701 17
5702 18
5703 17
5704 18
5705 18
5706 17
5707 18
5708 18
5709 17
5710 18
5711 17
5712 19
5713 17
5714 18
5715 18
5716 28
5717 19
5718 17
5719 21
5720 18
5721 18
5722 18
5723 18
5724 18
5725 26
5726 18
5727 18
5728 18
5729 18
5730 18
5731 18
5732 20
5733 18
5734 18
5735 17
5736 19
5737 19
5738 17
5739 18
5740 18
5741 17
5742 19
5743 18
5744 17
5745 17
5746 18
5747 17
5748 17
5749 18
5750 19
5751 17
5752 19
5753 18
5754 18
5755 18
5756 17
5757 19
5758 18
5759 20
5760 19
5761 20
5762 19
5763 17
5764 18
5765 17
5766 18
5767 18
5768 18
5769 18
5770 17
5771 18
5772 18
5773 17
5774 18
5775 22
5776 18
5777 17
5778 17
5779 18
5780 18
5781 17
5782 18
5783 24
5784 19
5785 19
5786 19
5787 17
5788 19
5789 17
5790 19
5791 24
5792 19
5793 19
5794 18
5795 19
5796 18
5797 18
5798 18
5799 18
5800 18
5801 18
5802 17
5803 19
5804 19
5805 19
5806 19
5807 18
5808 18
5809 19
5810 17
5811 19
5812 34
5813 21
5814 21
5815 17
5816 18
5817 17
5818 17
5819 18
5820 17
5821 18
5822 18
5823 17
5824 17
5825 17
5826 19
5827 17
5828 18
5829 18
5830 18
5831 18
5832 18
5833 19
5834 18
5835 19
5836 23
5837 18
5838 18
5839 20
5840 20
5841 17
5842 19
5843 19
5844 18
5845 18
5846 19
5847 36
5848 21
5849 19
5850 18
5851 18
5852 18
5853 19
5854 17
5855 17
5856 17
5857 19
5858 17
5859 18
5860 17
5861 18
5862 17
5863 19
5864 19
5865 17
5866 17
5867 17
5868 18
5869 19
5870 18
5871 17
5872 17
5873 17
5874 18
5875 17
5876 17
5877 18
5878 17
5879 18
5880 19
5881 18
5882 18
5883 18
5884 17
5885 19
5886 18
5887 17
5888 17
5889 17
5890 18
5891 17
5892 18
5893 17
5894 17
5895 17
5896 18
5897 18
5898 17
5899 17
5900 17
5901 18
5902 18
5903 17
5904 17
5905 17
5906 18
5907 17
5908 20
5909 18
5910 18
5911 20
5912 18
5913 18
5914 18
5915 18
5916 18
5917 17
5918 17
5919 18
5920 17
5921 18
5922 17
5923 18
5924 17
5925 18
5926 18
5927 18
5928 18
5929 18
5930 17
5931 18
5932 17
5933 17
5934 18
5935 19
5936 18
5937 17
5938 19
5939 18
5940 17
5941 17
5942 18
5943 17
5944 18
5945 17
5946 17
5947 17
5948 17
5949 17
5950 18
5951 18
5952 18
5953 17
5954 17
5955 17
5956 17
5957 18
5958 18
5959 17
5960 17
5961 17
5962 17
5963 18
5964 18
5965 19
5966 18
5967 19
5968 17
5969 18
5970 20
5971 19
5972 19
5973 18
5974 17
5975 27
5976 19
5977 18
5978 17
5979 17
5980 18
5981 17
5982 17
5983 18
5984 18
5985 18
5986 19
5987 19
5988 19
5989 19
5990 42
5991 24
5992 21
5993 18
5994 18
5995 17
5996 19
5997 19
5998 19
5999 22
6000 26
6001 19
6002 20
6003 17
6004 17
6005 19
6006 18
6007 18
6008 19
6009 19
6010 17
6011 1061
6012 33
6013 21
6014 24
6015 21
6016 17
6017 20
6018 21
6019 21
6020 20
6021 21
6022 23
6023 19
6024 20
6025 17
6026 19
6027 23
6028 21
6029 18
6030 18
6031 17
6032 19
6033 19
6034 17
6035 19
6036 19
6037 18
6038 19
6039 19
6040 19
6041 19
6042 20
6043 22
6044 20
6045 20
6046 19
6047 21
6048 19
6049 19
6050 21
6051 18
6052 19
6053 18
6054 18
6055 18
6056 19
6057 18
6058 23
6059 18
6060 17
6061 18
6062 19
6063 19
6064 18
6065 18
6066 19
6067 18
6068 20
6069 19
6070 19
6071 19
6072 20
6073 20
6074 21
6075 18
6076 18
6077 19
6078 18
6079 19
6080 19
6081 18
6082 22
6083 18
6084 25
6085 19
6086 20
6087 20
6088 18
6089 19
6090 17
6091 19
6092 18
6093 17
6094 18
6095 18
6096 17
6097 17
6098 18
6099 20
6100 21
6101 20
6102 20
6103 17
6104 17
6105 18
6106 18
6107 19
6108 19
6109 19
6110 19
6111 18
6112 18
6113 20
6114 19
6115 21
6116 21
6117 20
6118 19
6119 17
6120 17
6121 19
6122 18
6123 18
6124 19
6125 20
6126 20
6127 17
6128 18
6129 19
6130 39
6131 20
6132 22
6133 18
6134 19
6135 23
6136 19
6137 19
6138 20
6139 19
6140 24
6141 18
6142 18
6143 21
6144 20
6145 19
6146 19
6147 18
6148 19
6149 18
6150 19
6151 18
6152 18
6153 18
6154 18
6155 20
6156 24
6157 20
6158 18
6159 18
6160 18
6161 19
6162 21
6163 20
6164 18
6165 19
6166 19
6167 19
6168 18
6169 18
6170 19
6171 19
6172 17
6173 17
6174 19
6175 19
6176 21
6177 23
6178 19
6179 18
6180 20
6181 20
6182 20
6183 18
6184 19
6185 19
6186 21
6187 23
6188 19
6189 18
6190 19
6191 18
6192 18
6193 17
6194 17
6195 18
6196 18
6197 18
6198 19
6199 18
6200 18
6201 17
6202 23
6203 19
6204 19
6205 18
6206 20
6207 21
6208 19
6209 19
6210 20
6211 19
6212 18
6213 19
6214 20
6215 18
6216 19
6217 23
6218 19
6219 19
6220 18
6221 19
6222 23
6223 23
6224 19
6225 20
6226 18
6227 22
6228 19
6229 18
6230 18
6231 17
6232 19
6233 18
6234 17
6235 18
6236 18
6237 17
6238 21
6239 21
6240 18
6241 19
6242 19
6243 20
6244 18
6245 21
6246 18
6247 18
6248 20
6249 24
6250 18
6251 18
6252 18
6253 18
6254 20
6255 18
6256 18
6257 18
6258 18
6259 17
6260 18
6261 19
6262 18
6263 19
6264 18
6265 20
6266 18
6267 18
6268 17
6269 17
6270 17
6271 18
6272 18
6273 18
6274 18
6275 18
6276 17
6277 18
6278 19
6279 18
6280 17
6281 20
6282 18
6283 19
6284 19
6285 18
6286 19
6287 21
6288 18
6289 19
6290 18
6291 18
6292 19
6293 18
6294 17
6295 18
6296 18
6297 18
6298 18
6299 29
6300 18
6301 18
6302 18
6303 18
6304 18
6305 18
6306 19
6307 18
6308 17
6309 18
6310 18
6311 17
6312 18
6313 20
6314 19
6315 18
6316 17
6317 17
6318 19
6319 18
6320 19
6321 18
6322 18
6323 20
6324 22
6325 18
6326 18
6327 18
6328 18
6329 21
6330 17
6331 19
6332 18
6333 19
6334 18
6335 19
6336 18
6337 19
6338 18
6339 18
6340 19
6341 18
6342 18
6343 18
6344 18
6345 19
6346 18
6347 18
6348 19
6349 18
6350 17
6351 17
6352 18
6353 17
6354 17
6355 19
6356 19
6357 18
6358 18
6359 17
6360 18
6361 18
6362 17
6363 17
6364 18
6365 18
6366 17
6367 19
6368 18
6369 18
6370 18
6371 18
6372 17
6373 18
6374 18
6375 17
6376 18
6377 18
6378 18
6379 18
6380 17
6381 18
6382 17
6383 18
6384 17
6385 17
6386 17
6387 18
6388 18
6389 18
6390 18
6391 18
6392 18
6393 17
6394 18
6395 19
6396 18
6397 18
6398 17
6399 17
6400 17
6401 17
6402 17
6403 18
6404 17
6405 18
6406 18
6407 17
6408 17
6409 18
6410 18
6411 17
6412 17
6413 18
6414 18
6415 17
6416 17
6417 18
6418 17
6419 18
6420 18
6421 18
6422 18
6423 18
6424 17
6425 17
6426 18
6427 18
6428 18
6429 17
6430 17
6431 17
6432 18
6433 18
6434 18
6435 19
6436 18
6437 19
6438 17
6439 18
6440 18
6441 17
6442 18
6443 17
6444 18
6445 17
6446 18
6447 18
6448 18
6449 18
6450 18
6451 18
6452 18
6453 18
6454 18
6455 19
6456 30
6457 20
6458 18
6459 17
6460 18
6461 17
6462 18
6463 18
6464 17
6465 17
6466 18
6467 17
6468 17
6469 17
6470 18
6471 18
6472 18
6473 19
6474 38
6475 20
6476 18
6477 17
6478 18
6479 18
6480 17
6481 18
6482 18
6483 18
6484 18
6485 17
6486 18
6487 18
6488 21
6489 17
6490 19
6491 19
6492 18
6493 18
6494 18
6495 18
6496 18
6497 18
6498 17
6499 17
6500 18
6501 17
6502 18
6503 17
6504 19
6505 17
6506 18
6507 18
6508 17
6509 18
6510 18
6511 17
6512 17
6513 19
6514 18
6515 18
6516 18
6517 19
6518 19
6519 19
6520 17
6521 18
6522 17
6523 18
6524 19
6525 18
6526 19
6527 20
6528 21
6529 19
6530 18
6531 19
6532 18
6533 18
6534 18
6535 17
6536 28
6537 19
6538 19
6539 18
6540 17
6541 27
6542 19
6543 18
6544 17
6545 17
6546 17
6547 17
6548 17
6549 18
6550 17
6551 17
6552 17
6553 18
6554 19
6555 18
6556 18
6557 18
6558 19
6559 18
6560 19
6561 18
6562 19
6563 17
6564 18
6565 18
6566 18
6567 18
6568 19
6569 20
6570 18
6571 18
6572 18
6573 18
6574 19
6575 18
6576 18
6577 19
6578 18
6579 18
6580 17
6581 18
6582 18
6583 18
6584 18
6585 19
6586 19
6587 19
6588 17
6589 19
6590 18
6591 19
6592 18
6593 18
6594 18
6595 17
6596 21
6597 19
6598 18
6599 18
6600 18
6601 17
6602 18
6603 18
6604 17
6605 18
6606 17
6607 19
6608 18
6609 17
6610 17
6611 18
6612 19
6613 18
6614 17
6615 18
6616 17
6617 17
6618 17
6619 17
6620 18
6621 17
6622 18
6623 17
6624 18
6625 17
6626 18
6627 17
6628 18
6629 20
6630 18
6631 17
6632 17
6633 18
6634 17
6635 17
6636 17
6637 17
6638 18
6639 18
6640 17
6641 17
6642 18
6643 18
6644 17
6645 18
6646 18
6647 17
6648 30
6649 18
6650 18
6651 18
6652 18
6653 18
6654 18
6655 17
6656 18
6657 17
6658 18
6659 18
6660 18
6661 17
6662 18
6663 18
6664 18
6665 17
6666 18
6667 18
6668 21
6669 17
6670 17
6671 18
6672 17
6673 19
6674 18
6675 18
6676 18
6677 17
6678 17
6679 17
6680 17
6681 17
6682 17
6683 17
6684 17
6685 17
6686 17
6687 16
6688 17
6689 18
6690 19
6691 19
6692 17
6693 17
6694 17
6695 17
6696 17
6697 17
6698 17
6699 17
6700 17
6701 18
6702 17
6703 18
6704 17
6705 17
6706 18
6707 17
6708 18
6709 18
6710 17
6711 17
6712 18
6713 18
6714 17
6715 17
6716 17
6717 17
6718 18
6719 17
6720 17
6721 17
6722 17
6723 17
6724 17
6725 17
6726 18
6727 18
6728 18
6729 18
6730 17
6731 18
6732 18
6733 18
6734 18
6735 17
6736 17
6737 17
6738 17
6739 17
6740 26
6741 18
6742 18
6743 17
6744 17
6745 17
6746 18
6747 17
6748 17
6749 17
6750 17
6751 18
6752 19
6753 18
6754 17
6755 17
6756 17
6757 17
6758 18
6759 17
6760 17
6761 17
6762 17
6763 18
6764 17
6765 17
6766 18
6767 17
6768 19
6769 17
6770 17
6771 17
6772 17
6773 17
6774 18
6775 17
6776 17
6777 17
6778 17
6779 17
6780 17
6781 17
6782 17
6783 17
6784 17
6785 18
6786 17
6787 17
6788 17
6789 17
6790 17
6791 17
6792 17
6793 17
6794 18
6795 17
6796 17
6797 17
6798 17
6799 17
6800 17
6801 17
6802 18
6803 17
6804 17
6805 17
6806 17
6807 17
6808 17
6809 17
6810 18
6811 17
6812 18
6813 18
6814 17
6815 17
6816 17
6817 18
6818 17
6819 18
6820 17
6821 18
6822 17
6823 18
6824 18
6825 17
6826 18
6827 26
6828 18
6829 17
6830 17
6831 18
6832 17
6833 17
6834 17
6835 18
6836 18
6837 18
6838 18
6839 17
6840 19
6841 18
6842 17
6843 18
6844 17
6845 17
6846 18
6847 18
6848 17
6849 18
6850 17
6851 17
6852 17
6853 17
6854 17
6855 17
6856 17
6857 17
6858 19
6859 18
6860 17
6861 17
6862 17
6863 27
6864 18
6865 17
6866 17
6867 18
6868 17
6869 18
6870 18
6871 18
6872 17
6873 18
6874 17
6875 18
6876 17
6877 17
6878 18
6879 18
6880 20
6881 19
6882 18
6883 17
6884 17
6885 18
6886 17
6887 18
6888 17
6889 17
6890 18
6891 19
6892 18
6893 18
6894 18
6895 17
6896 19
6897 20
6898 18
6899 18
6900 17
6901 17
6902 18
6903 18
6904 18
6905 18
6906 17
6907 18
6908 17
6909 18
6910 19
6911 18
6912 17
6913 18
6914 18
6915 18
6916 17
6917 18
6918 19
6919 18
6920 17
6921 18
6922 17
6923 18
6924 18
6925 18
6926 18
6927 18
6928 18
6929 17
6930 17
6931 18
6932 18
6933 18
6934 18
6935 18
6936 17
6937 18
6938 18
6939 18
6940 18
6941 19
6942 17
6943 18
6944 18
6945 19
6946 18
6947 17
6948 18
6949 18
6950 17
6951 17
6952 18
6953 18
6954 17
6955 18
6956 18
6957 20
6958 18
6959 17
6960 18
6961 17
6962 27
6963 19
6964 18
6965 17
6966 17
6967 18
6968 17
6969 17
6970 18
6971 18
6972 17
6973 22
6974 19
6975 18
6976 18
6977 16
6978 17
6979 17
6980 18
6981 17
6982 17
6983 18
6984 17
6985 17
6986 17
6987 18
6988 18
6989 17
6990 19
6991 17
6992 18
6993 18
6994 17
6995 17
6996 19
6997 17
6998 18
6999 17
7000 17
7001 17
7002 17
7003 17
7004 34
7005 18
7006 17
7007 17
7008 17
7009 17
7010 17
7011 17
7012 19
7013 18
7014 17
7015 17
7016 17
7017 17
7018 19
7019 18
7020 17
7021 17
7022 17
7023 17
7024 17
7025 18
7026 17
7027 17
7028 17
7029 18
7030 18
7031 18
7032 17
7033 17
7034 17
7035 17
7036 17
7037 21
7038 17
7039 17
7040 17
7041 17
7042 17
7043 17
7044 17
7045 18
7046 19
7047 17
7048 17
7049 17
7050 18
7051 18
7052 17
7053 18
7054 18
7055 17
7056 17
7057 18
7058 18
7059 18
7060 17
7061 17
7062 19
7063 18
7064 18
7065 17
7066 17
7067 17
7068 17
7069 17
7070 17
7071 17
7072 17
7073 17
7074 17
7075 17
7076 17
7077 17
7078 17
7079 18
7080 18
7081 17
7082 17
7083 17
7084 18
7085 17
7086 18
7087 18
7088 18
7089 17
7090 17
7091 17
7092 17
7093 18
7094 17
7095 17
7096 19
7097 18
7098 18
7099 17
7100 18
7101 19
7102 18
7103 18
7104 17
7105 18
7106 18
7107 19
7108 17
7109 17
7110 17
7111 18
7112 18
7113 18
7114 17
7115 17
7116 17
7117 18
7118 18
7119 19
7120 18
7121 18
7122 17
7123 19
7124 17
7125 17
7126 17
7127 17
7128 17
7129 17
7130 18
7131 17
7132 17
7133 18
7134 17
7135 19
7136 18
7137 17
7138 18
7139 17
7140 17
7141 17
7142 17
7143 17
7144 17
7145 17
7146 19
7147 17
7148 17
7149 17
7150 17
7151 17
7152 18
7153 18
7154 17
7155 17
7156 18
7157 18
7158 17
7159 18
7160 17
7161 19
7162 18
7163 17
7164 18
7165 20
7166 17
7167 17
7168 17
7169 18
7170 19
7171 18
7172 17
7173 17
7174 17
7175 17
7176 17
7177 17
7178 17
7179 17
7180 18
7181 20
7182 25
7183 18
7184 16
7185 18
7186 17
7187 16
7188 17
7189 17
7190 17
7191 17
7192 17
7193 17
7194 17
7195 17
7196 30
7197 19
7198 18
7199 18
7200 17
7201 26
7202 18
7203 19
7204 17
7205 18
7206 17
7207 18
7208 18
7209 16
7210 19
7211 17
7212 21
7213 23
7214 20
7215 18
7216 17
7217 18
7218 17
7219 17
7220 17
7221 17
7222 17
7223 18
7224 23
7225 19
7226 17
7227 18
7228 19
7229 25
7230 20
7231 18
7232 18
7233 17
7234 17
7235 17
7236 18
7237 18
7238 19
7239 18
7240 21
7241 19
7242 17
7243 17
7244 17
7245 19
7246 18
7247 18
7248 18
7249 34
7250 20
7251 19
7252 17
7253 18
7254 18
7255 23
7256 19
7257 17
7258 17
7259 18
7260 18
7261 17
7262 18
7263 18
7264 19
7265 18
7266 18
7267 17
7268 17
7269 17
7270 17
7271 17
7272 17
7273 17
7274 17
7275 17
7276 17
7277 17
7278 18
7279 17
7280 17
7281 18
7282 18
7283 18
7284 17
7285 17
7286 18
7287 18
7288 18
7289 18
7290 17
7291 18
7292 17
7293 20
7294 17
7295 18
7296 17
7297 17
7298 17
7299 17
7300 17
7301 17
7302 17
7303 17
7304 17
7305 17
7306 17
7307 17
7308 17
7309 17
7310 17
7311 17
7312 17
7313 17
7314 17
7315 18
7316 19
7317 18
7318 17
7319 17
7320 17
7321 17
7322 17
7323 17
7324 17
7325 17
7326 17
7327 19
7328 18
7329 18
7330 18
7331 17
7332 18
7333 18
7334 18
7335 18
7336 17
7337 18
7338 17
7339 18
7340 17
7341 18
7342 17
7343 18
7344 18
7345 18
7346 18
7347 17
7348 17
7349 17
7350 18
7351 21
7352 19
7353 18
7354 18
7355 18
7356 416
7357 28
7358 19
7359 18
7360 17
7361 18
7362 18
7363 18
7364 19
7365 19
7366 18
7367 19
7368 18
7369 18
7370 17
7371 17
7372 20
7373 20
7374 31
7375 19
7376 18
7377 21
7378 18
7379 32
7380 21
7381 19
7382 17
7383 18
7384 19
7385 18
7386 18
7387 19
7388 20
7389 18
7390 18
7391 18
7392 19
7393 19
7394 19
7395 20
7396 24
7397 23
7398 19
7399 19
7400 18
7401 19
7402 18
7403 18
7404 19
7405 19
7406 18
7407 19
7408 18
7409 19
7410 22
7411 25
7412 20
7413 20
7414 20
7415 21
7416 18
7417 19
7418 20
7419 21
7420 24
7421 19
7422 19
7423 20
7424 21
7425 20
7426 19
7427 18
7428 20
7429 18
7430 19
7431 18
7432 19
7433 19
7434 41
7435 21
7436 21
7437 20
7438 17
7439 19
7440 18
7441 20
7442 20
7443 21
7444 18
7445 20
7446 19
7447 18
7448 19
7449 19
7450 19
7451 19
7452 19
7453 18
7454 18
7455 20
7456 18
7457 18
7458 19
7459 19
7460 20
7461 20
7462 19
7463 46
7464 23
7465 20
7466 21
7467 19
7468 18
7469 20
7470 17
7471 20
7472 19
7473 18
7474 19
7475 20
7476 20
7477 18
7478 19
7479 20
7480 18
7481 20
7482 19
7483 19
7484 18
7485 18
7486 19
7487 19
7488 19
7489 18
7490 22
7491 19
7492 19
7493 18
7494 36
7495 22
7496 20
7497 19
7498 18
7499 18
7500 19
7501 36
7502 19
7503 20
7504 19
7505 18
7506 22
7507 23
7508 21
7509 18
7510 19
7511 19
7512 19
7513 18
7514 17
7515 18
7516 19
7517 19
7518 18
7519 22
7520 22
7521 19
7522 19
7523 19
7524 23
7525 20
7526 19
7527 19
7528 19
7529 21
7530 20
7531 19
7532 19
7533 18
7534 19
7535 19
7536 20
7537 19
7538 19
7539 21
7540 24
7541 20
7542 19
7543 18
7544 20
7545 18
7546 18
7547 18
7548 20
7549 19
7550 19
7551 19
7552 19
7553 19
7554 19
7555 23
7556 22
7557 19
7558 20
7559 19
7560 19
7561 19
7562 21
7563 19
7564 20
7565 19
7566 20
7567 17
7568 19
7569 18
7570 21
7571 20
7572 20
7573 19
7574 18
7575 21
7576 22
7577 18
7578 20
7579 19
7580 20
7581 19
7582 19
7583 19
7584 19
7585 18
7586 20
7587 18
7588 20
7589 20
7590 20
7591 24
7592 18
7593 19
7594 18
7595 19
7596 18
7597 19
7598 19
7599 18
7600 19
7601 18
7602 19
7603 19
7604 18
7605 20
7606 22
7607 18
7608 20
7609 18
7610 20
7611 19
7612 20
7613 19
7614 20
7615 19
7616 22
7617 25
7618 19
7619 20
7620 20
7621 19
7622 18
7623 21
7624 17
7625 19
7626 18
7627 20
7628 20
7629 19
7630 19
7631 22
7632 26
7633 20
7634 20
7635 19
7636 20
7637 18
7638 18
7639 18
7640 19
7641 19
7642 23
7643 20
7644 19
7645 19
7646 18
7647 21
7648 21
7649 20
7650 18
7651 18
7652 20
7653 20
7654 20
7655 19
7656 18
7657 20
7658 19
7659 18
7660 18
7661 19
7662 18
7663 19
7664 19
7665 69
7666 23
7667 22
7668 21
7669 23
7670 20
7671 18
7672 18
7673 17
7674 17
7675 19
7676 17
7677 20
7678 22
7679 21
7680 22
7681 20
7682 20
7683 18
7684 20
7685 19
7686 19
7687 18
7688 20
7689 19
7690 18
7691 17
7692 22
7693 22
7694 19
7695 19
7696 18
7697 20
7698 19
7699 17
7700 19
7701 18
7702 19
7703 18
7704 17
7705 19
7706 17
7707 36
7708 20
7709 19
7710 18
7711 19
7712 18
7713 18
7714 19
7715 18
7716 18
7717 17
7718 20
7719 18
7720 19
7721 17
7722 17
7723 18
7724 19
7725 18
7726 18
7727 18
7728 19
7729 18
7730 17
7731 18
7732 18
7733 18
7734 20
7735 19
7736 19
7737 18
7738 19
7739 18
7740 18
7741 18
7742 18
7743 19
7744 18
7745 19
7746 17
7747 17
7748 18
7749 18
7750 21
7751 18
7752 17
7753 18
7754 17
7755 18
7756 18
7757 18
7758 18
7759 17
7760 18
7761 19
7762 18
7763 18
7764 17
7765 18
7766 17
7767 18
7768 18
7769 18
7770 17
7771 17
7772 18
7773 18
7774 17
7775 17
7776 19
7777 18
7778 17
7779 17
7780 17
7781 18
7782 18
7783 19
7784 18
7785 18
7786 17
7787 18
7788 18
7789 18
7790 17
7791 17
7792 17
7793 18
7794 18
7795 17
7796 18
7797 18
7798 18
7799 17
7800 19
7801 17
7802 17
7803 18
7804 18
7805 18
7806 19
7807 18
7808 18
7809 18
7810 18
7811 19
7812 18
7813 17
7814 18
7815 18
7816 18
7817 19
7818 17
7819 25
7820 17
7821 17
7822 18
7823 18
7824 18
7825 17
7826 17
7827 17
7828 17
7829 17
7830 17
7831 17
7832 17
7833 18
7834 18
7835 17
7836 17
7837 18
7838 19
7839 18
7840 18
7841 18
7842 18
7843 18
7844 18
7845 17
7846 18
7847 17
7848 17
7849 18
7850 19
7851 18
7852 17
7853 18
7854 17
7855 18
7856 18
7857 17
7858 17
7859 17
7860 18
7861 18
7862 18
7863 17
7864 18
7865 17
7866 17
7867 17
7868 17
7869 17
7870 17
7871 17
7872 18
7873 17
7874 18
7875 17
7876 17
7877 29
7878 18
7879 19
7880 18
7881 18
7882 17
7883 18
7884 18
7885 18
7886 18
7887 18
7888 20
7889 17
7890 17
7891 19
7892 18
7893 17
7894 18
7895 18
7896 18
7897 18
7898 17
7899 18
7900 18
7901 19
7902 18
7903 18
7904 19
7905 19
7906 17
7907 19
7908 17
7909 18
7910 18
7911 17
7912 18
7913 18
7914 18
7915 17
7916 18
7917 18
7918 17
7919 17
7920 19
7921 20
7922 18
7923 17
7924 18
7925 18
7926 18
7927 17
7928 18
7929 18
7930 18
7931 17
7932 18
7933 18
7934 18
7935 18
7936 19
7937 18
7938 19
7939 18
7940 18
7941 17
7942 18
7943 18
7944 17
7945 17
7946 19
7947 19
7948 27
7949 18
7950 17
7951 18
7952 18
7953 17
7954 18
7955 17
7956 19
7957 18
7958 18
7959 17
7960 18
7961 17
7962 17
7963 17
7964 18
7965 19
7966 17
7967 18
7968 18
7969 18
7970 20
7971 19
7972 18
7973 19
7974 19
7975 18
7976 19
7977 20
7978 20
7979 18
7980 18
7981 24
7982 22
7983 18
7984 18
7985 18
7986 18
7987 20
7988 18
7989 18
7990 18
7991 20
7992 19
7993 18
7994 30
7995 18
7996 20
7997 18
7998 18
7999 17
8000 18
8001 18
8002 18
8003 18
8004 18
8005 17
8006 18
8007 20
8008 18
8009 17
8010 18
8011 18
8012 18
8013 18
8014 18
8015 19
8016 18
8017 18
8018 19
8019 17
8020 18
8021 18
8022 18
8023 18
8024 18
8025 17
8026 17
8027 18
8028 17
8029 18
8030 19
8031 19
8032 18
8033 17
8034 18
8035 18
8036 18
8037 18
8038 18
8039 18
8040 20
8041 19
8042 17
8043 19
8044 17
8045 19
8046 20
8047 17
8048 18
8049 18
8050 19
8051 19
8052 18
8053 18
8054 18
8055 18
8056 19
8057 18
8058 19
8059 18
8060 18
8061 17
8062 17
8063 18
8064 18
8065 17
8066 17
8067 18
8068 18
8069 17
8070 17
8071 18
8072 17
8073 18
8074 18
8075 18
8076 17
8077 17
8078 18
8079 18
8080 18
8081 18
8082 17
8083 18
8084 18
8085 17
8086 18
8087 18
8088 18
8089 17
8090 17
8091 17
8092 18
8093 18
8094 18
8095 18
8096 18
8097 18
8098 18
8099 17
8100 18
8101 17
8102 17
8103 17
8104 18
8105 18
8106 17
8107 18
8108 18
8109 17
8110 18
8111 18
8112 17
8113 17
8114 17
8115 18
8116 18
8117 17
8118 18
8119 18
8120 18
8121 18
8122 17
8123 18
8124 18
8125 18
8126 18
8127 17
8128 18
8129 17
8130 18
8131 18
8132 18
8133 18
8134 17
8135 18
8136 18
8137 17
8138 18
8139 18
8140 17
8141 18
8142 17
8143 17
8144 17
8145 18
8146 17
8147 17
8148 17
8149 17
8150 18
8151 17
8152 17
8153 18
8154 18
8155 17
8156 18
8157 18
8158 19
8159 19
8160 18
8161 19
8162 19
8163 18
8164 17
8165 17
8166 18
8167 18
8168 18
8169 18
8170 23
8171 17
8172 18
8173 20
8174 17
8175 18
8176 18
8177 18
8178 18
8179 18
8180 17
8181 18
8182 18
8183 17
8184 19
8185 18
8186 17
8187 18
8188 18
8189 18
8190 17
8191 18
8192 17
8193 18
8194 18
8195 17
8196 17
8197 18
8198 17
8199 18
8200 18
8201 17
8202 17
8203 18
8204 17
8205 18
8206 18
8207 19
8208 19
8209 18
8210 18
8211 18
8212 20
8213 17
8214 17
8215 18
8216 18
8217 18
8218 18
8219 18
8220 18
8221 18
8222 17
8223 19
8224 18
8225 18
8226 17
8227 17
8228 18
8229 19
8230 18
8231 18
8232 18
8233 17
8234 17
8235 18
8236 17
8237 18
8238 18
8239 18
8240 18
8241 17
8242 17
8243 18
8244 18
8245 18
8246 19
8247 18
8248 18
8249 18
8250 18
8251 18
8252 17
8253 17
8254 17
8255 17
8256 17
8257 18
8258 17
8259 18
8260 17
8261 17
8262 19
8263 19
8264 18
8265 18
8266 18
8267 18
8268 19
8269 18
8270 17
8271 18
8272 17
8273 18
8274 19
8275 18
8276 18
8277 18
8278 17
8279 18
8280 18
8281 18
8282 18
8283 18
8284 18
8285 18
8286 17
8287 18
8288 18
8289 18
8290 17
8291 18
8292 18
8293 18
8294 17
8295 19
8296 18
8297 17
8298 17
8299 17
8300 17
8301 17
8302 18
8303 18
8304 18
8305 16
8306 18
8307 18
8308 18
8309 18
8310 17
8311 17
8312 17
8313 17
8314 17
8315 18
8316 17
8317 17
8318 17
8319 17
8320 17
8321 17
8322 17
8323 17
8324 17
8325 17
8326 17
8327 17
8328 17
8329 17
8330 17
8331 17
8332 17
8333 17
8334 17
8335 17
8336 18
8337 18
8338 18
8339 17
8340 17
8341 17
8342 17
8343 17
8344 17
8345 17
8346 18
8347 18
8348 17
8349 25
8350 17
8351 17
8352 18
8353 17
8354 17
8355 18
8356 17
8357 18
8358 17
8359 17
8360 17
8361 17
8362 17
8363 19
8364 17
8365 18
8366 18
8367 18
8368 19
8369 18
8370 18
8371 17
8372 17
8373 17
8374 18
8375 18
8376 17
8377 17
8378 17
8379 18
8380 17
8381 18
8382 18
8383 17
8384 17
8385 18
8386 19
8387 18
8388 18
8389 18
8390 17
8391 18
8392 18
8393 17
8394 18
8395 17
8396 19
8397 18
8398 18
8399 17
8400 18
8401 18
8402 18
8403 18
8404 19
8405 18
8406 17
8407 18
8408 18
8409 18
8410 18
8411 18
8412 18
8413 18
8414 17
8415 17
8416 18
8417 19
8418 18
8419 17
8420 18
8421 18
8422 18
8423 17
8424 17
8425 18
8426 18
8427 18
8428 17
8429 18
8430 19
8431 18
8432 17
8433 18
8434 18
8435 18
8436 17
8437 18
8438 18
8439 18
8440 17
8441 18
8442 18
8443 18
8444 18
8445 20
8446 19
8447 18
8448 18
8449 19
8450 18
8451 17
8452 18
8453 18
8454 18
8455 18
8456 18
8457 18
8458 18
8459 17
8460 17
8461 17
8462 18
8463 17
8464 17
8465 17
8466 17
8467 17
8468 18
8469 17
8470 17
8471 18
8472 18
8473 17
8474 17
8475 18
8476 18
8477 18
8478 17
8479 17
8480 17
8481 18
8482 18
8483 18
8484 18
8485 18
8486 17
8487 18
8488 18
8489 17
8490 17
8491 18
8492 19
8493 17
8494 18
8495 19
8496 18
8497 18
8498 18
8499 17
8500 18
8501 18
8502 18
8503 18
8504 17
8505 18
8506 17
8507 18
8508 19
8509 17
8510 18
8511 18
8512 18
8513 18
8514 18
8515 17
8516 17
8517 18
8518 18
8519 17
8520 18
8521 17
8522 18
8523 18
8524 18
8525 18
8526 28
8527 18
8528 18
8529 17
8530 18
8531 18
8532 18
8533 17
8534 18
8535 17
8536 18
8537 17
8538 17
8539 17
8540 17
8541 17
8542 17
8543 17
8544 17
8545 19
8546 18
8547 18
8548 17
8549 18
8550 18
8551 18
8552 17
8553 17
8554 18
8555 17
8556 17
8557 17
8558 18
8559 18
8560 18
8561 21
8562 17
8563 17
8564 18
8565 18
8566 18
8567 17
8568 18
8569 19
8570 18
8571 17
8572 18
8573 18
8574 17
8575 17
8576 17
8577 17
8578 18
8579 17
8580 17
8581 17
8582 18
8583 17
8584 17
8585 17
8586 17
8587 17
8588 17
8589 17
8590 17
8591 19
8592 17
8593 18
8594 18
8595 32
8596 18
8597 17
8598 18
8599 19
8600 18
8601 18
8602 17
8603 18
8604 18
8605 18
8606 18
8607 18
8608 18
8609 17
8610 17
8611 17
8612 17
8613 18
8614 18
8615 17
8616 18
8617 17
8618 18
8619 19
8620 18
8621 18
8622 17
8623 19
8624 18
8625 20
8626 17
8627 18
8628 18
8629 17
8630 17
8631 18
8632 17
8633 17
8634 20
8635 17
8636 17
8637 17
8638 17
8639 17
8640 18
8641 18
8642 18
8643 18
8644 18
8645 17
8646 18
8647 18
8648 18
8649 18
8650 18
8651 19
8652 17
8653 17
8654 18
8655 18
8656 17
8657 17
8658 19
8659 17
8660 17
8661 18
8662 17
8663 17
8664 18
8665 19
8666 17
8667 19
8668 19
8669 18
8670 18
8671 17
8672 18
8673 19
8674 18
8675 19
8676 19
8677 19
8678 18
8679 18
8680 18
8681 17
8682 17
8683 18
8684 19
8685 18
8686 17
8687 17
8688 18
8689 21
8690 22
8691 18
8692 18
8693 18
8694 20
8695 19
8696 18
8697 21
8698 17
8699 20
8700 20
8701 26
8702 19
8703 19
8704 17
8705 18
8706 19
8707 19
8708 19
8709 18
8710 18
8711 19
8712 18
8713 19
8714 18
8715 19
8716 18
8717 18
8718 19
8719 19
8720 18
8721 18
8722 18
8723 19
8724 19
8725 19
8726 19
8727 19
8728 19
8729 19
8730 19
8731 18
8732 18
8733 18
8734 17
8735 18
8736 17
8737 17
8738 18
8739 17
8740 17
8741 18
8742 18
8743 18
8744 18
8745 18
8746 17
8747 17
8748 18
8749 17
8750 18
8751 18
8752 19
8753 22
8754 19
8755 19
8756 18
8757 17
8758 17
8759 17
8760 17
8761 17
8762 18
8763 18
8764 19
8765 17
8766 17
8767 18
8768 17
8769 19
8770 18
8771 18
8772 17
8773 18
8774 17
8775 18
8776 19
8777 17
8778 18
8779 18
8780 17
8781 17
8782 17
8783 18
8784 17
8785 17
8786 17
8787 17
8788 17
8789 17
8790 17
8791 18
8792 18
8793 18
8794 17
8795 17
8796 17
8797 18
8798 18
8799 17
8800 18
8801 18
8802 18
8803 17
8804 19
8805 18
8806 17
8807 17
8808 18
8809 19
8810 21
8811 18
8812 19
8813 18
8814 18
8815 17
8816 18
8817 23
8818 18
8819 18
8820 18
8821 17
8822 17
8823 18
8824 18
8825 18
8826 18
8827 18
8828 18
8829 19
8830 19
8831 17
8832 18
8833 19
8834 17
8835 19
8836 18
8837 17
8838 17
8839 17
8840 18
8841 18
8842 19
8843 18
8844 19
8845 18
8846 18
8847 18
8848 18
8849 19
8850 17
8851 18
8852 18
8853 20
8854 21
8855 18
8856 17
8857 18
8858 20
8859 19
8860 19
8861 18
8862 19
8863 19
8864 18
8865 20
8866 17
8867 19
8868 22
8869 17
8870 18
8871 19
8872 21
8873 19
8874 22
8875 30
8876 22
8877 19
8878 18
8879 19
8880 17
8881 25
8882 18
8883 23
8884 20
8885 17
8886 18
8887 20
8888 23
8889 21
8890 19
8891 17
8892 18
8893 17
8894 17
8895 19
8896 19
8897 17
8898 19
8899 17
8900 19
8901 19
8902 17
8903 18
8904 22
8905 21
8906 19
8907 20
8908 21
8909 19
8910 17
8911 17
8912 18
8913 17
8914 18
8915 17
8916 19
8917 17
8918 17
8919 40
8920 20
8921 19
8922 18
8923 19
8924 18
8925 18
8926 19
8927 17
8928 19
8929 20
8930 21
8931 19
8932 18
8933 18
8934 21
8935 18
8936 18
8937 18
8938 19
8939 18
8940 17
8941 18
8942 18
8943 18
8944 18
8945 29
8946 17
8947 20
8948 18
8949 22
8950 24
8951 20
8952 19
8953 17
8954 18
8955 20
8956 17
8957 17
8958 17
8959 18
8960 17
8961 19
8962 18
8963 18
8964 17
8965 18
8966 21
8967 18
8968 21
8969 18
8970 17
8971 18
8972 18
8973 17
8974 18
8975 17
8976 18
8977 18
8978 17
8979 17
8980 18
8981 17
8982 17
8983 18
8984 19
8985 20
8986 17
8987 17
8988 18
8989 22
8990 20
8991 19
8992 19
8993 23
8994 21
8995 19
8996 17
8997 18
8998 19
8999 17
9000 17
9001 17
9002 19
9003 18
9004 18
9005 19
9006 19
9007 18
9008 36
9009 30
9010 19
9011 19
9012 18
9013 17
9014 18
9015 18
9016 18
9017 17
9018 19
9019 23
9020 20
9021 17
9022 18
9023 19
9024 19
9025 18
9026 18
9027 19
9028 17
9029 18
9030 21
9031 18
9032 18
9033 17
9034 17
9035 18
9036 19
9037 22
9038 19
9039 18
9040 18
9041 135
9042 26
9043 20
9044 17
9045 18
9046 17
9047 19
9048 17
9049 18
9050 18
9051 18
9052 18
9053 18
9054 19
9055 20
9056 22
9057 20
9058 19
9059 18
9060 17
9061 17
9062 17
9063 18
9064 17
9065 18
9066 18
9067 22
9068 19
9069 19
9070 19
9071 19
9072 19
9073 20
9074 18
9075 18
9076 20
9077 23
9078 19
9079 20
9080 19
9081 19
9082 18
9083 19
9084 19
9085 19
9086 18
9087 19
9088 20
9089 20
9090 19
9091 19
9092 20
9093 24
9094 19
9095 20
9096 19
9097 18
9098 18
9099 18
9100 18
9101 18
9102 18
9103 22
9104 18
9105 19
9106 20
9107 21
9108 19
9109 18
9110 18
9111 19
9112 39
9113 22
9114 23
9115 19
9116 18
9117 19
9118 18
9119 19
9120 18
9121 19
9122 20
9123 26
9124 19
9125 19
9126 20
9127 20
9128 19
9129 18
9130 19
9131 19
9132 19
9133 25
9134 18
9135 19
9136 19
9137 20
9138 20
9139 19
9140 20
9141 20
9142 21
9143 24
9144 18
9145 19
9146 18
9147 20
9148 19
9149 19
9150 18
9151 18
9152 17
9153 19
9154 19
9155 19
9156 20
9157 20
9158 25
9159 18
9160 18
9161 19
9162 20
9163 18
9164 19
9165 18
9166 19
9167 17
9168 17
9169 18
9170 18
9171 18
9172 17
9173 30
9174 20
9175 18
9176 18
9177 19
9178 18
9179 18
9180 18
9181 17
9182 17
9183 17
9184 17
9185 18
9186 18
9187 19
9188 18
9189 18
9190 18
9191 21
9192 18
9193 19
9194 18
9195 19
9196 17
9197 18
9198 18
9199 17
9200 18
9201 17
9202 23
9203 18
9204 17
9205 18
9206 19
9207 19
9208 17
9209 18
9210 18
9211 18
9212 17
9213 17
9214 18
9215 17
9216 28
9217 18
9218 18
9219 18
9220 18
9221 25
9222 18
9223 17
9224 17
9225 18
9226 18
9227 17
9228 17
9229 18
9230 18
9231 17
9232 17
9233 17
9234 18
9235 17
9236 18
9237 17
9238 19
9239 18
9240 18
9241 18
9242 17
9243 27
9244 18
9245 18
9246 18
9247 17
9248 18
9249 17
9250 18
9251 17
9252 18
9253 18
9254 18
9255 20
9256 17
9257 18
9258 18
9259 18
9260 18
9261 17
9262 17
9263 18
9264 18
9265 17
9266 18
9267 18
9268 18
9269 17
9270 18
9271 18
9272 17
9273 18
9274 17
9275 18
9276 18
9277 27
9278 19
9279 18
9280 18
9281 18
9282 18
9283 17
9284 17
9285 18
9286 17
9287 18
9288 20
9289 18
9290 17
9291 18
9292 18
9293 17
9294 17
9295 17
9296 18
9297 18
9298 18
9299 20
9300 18
9301 17
9302 18
9303 18
9304 20
9305 18
9306 18
9307 18
9308 18
9309 19
9310 17
9311 18
9312 18
9313 18
9314 17
9315 18
9316 18
9317 17
9318 18
9319 17
9320 18
9321 18
9322 18
9323 17
9324 18
9325 18
9326 18
9327 18
9328 18
9329 18
9330 18
9331 19
9332 18
9333 22
9334 19
9335 19
9336 19
9337 18
9338 18
9339 18
9340 19
9341 18
9342 21
9343 17
9344 19
9345 18
9346 30
9347 19
9348 19
9349 18
9350 17
9351 18
9352 18
9353 18
9354 18
9355 17
9356 17
9357 19
9358 19
9359 18
9360 18
9361 19
9362 19
9363 17
9364 18
9365 18
9366 19
9367 18
9368 19
9369 18
9370 20
9371 19
9372 17
9373 18
9374 18
9375 18
9376 18
9377 18
9378 17
9379 18
9380 18
9381 20
9382 18
9383 18
9384 18
9385 18
9386 18
9387 18
9388 17
9389 28
9390 19
9391 18
9392 17
9393 18
9394 17
9395 17
9396 17
9397 18
9398 17
9399 18
9400 18
9401 17
9402 18
9403 17
9404 18
9405 20
9406 29
9407 18
9408 19
9409 18
9410 18
9411 20
9412 21
9413 18
9414 18
9415 19
9416 18
9417 18
9418 17
9419 17
9420 17
9421 29
9422 18
9423 17
9424 17
9425 18
9426 27
9427 18
9428 17
9429 18
9430 17
9431 17
9432 17
9433 17
9434 17
9435 18
9436 17
9437 18
9438 17
9439 17
9440 17
9441 17
9442 18
9443 18
9444 20
9445 21
9446 18
9447 18
9448 17
9449 18
9450 17
9451 17
9452 18
9453 18
9454 18
9455 19
9456 18
9457 18
9458 17
9459 18
9460 17
9461 17
9462 17
9463 18
9464 16
9465 19
9466 19
9467 19
9468 17
9469 18
9470 17
9471 20
9472 19
9473 18
9474 17
9475 18
9476 17
9477 17
9478 18
9479 17
9480 18
9481 18
9482 18
9483 18
9484 18
9485 18
9486 17
9487 17
9488 18
9489 17
9490 17
9491 17
9492 17
9493 17
9494 26
9495 19
9496 17
9497 18
9498 17
9499 18
9500 19
9501 18
9502 17
9503 18
9504 17
9505 18
9506 17
9507 18
9508 17
9509 22
9510 19
9511 17
9512 18
9513 18
9514 17
9515 17
9516 18
9517 17
9518 17
9519 17
9520 18
9521 19
9522 17
9523 17
9524 17
9525 17
9526 17
9527 17
9528 17
9529 18
9530 17
9531 17
9532 17
9533 17
9534 18
9535 17
9536 18
9537 17
9538 18
9539 17
9540 18
9541 17
9542 17
9543 17
9544 18
9545 17
9546 17
9547 18
9548 17
9549 18
9550 17
9551 38
9552 17
9553 17
9554 17
9555 17
9556 18
9557 17
9558 17
9559 18
9560 18
9561 18
9562 17
9563 17
9564 17
9565 18
9566 18
9567 17
9568 17
9569 18
9570 17
9571 17
9572 17
9573 19
9574 18
9575 18
9576 18
9577 19
9578 17
9579 18
9580 18
9581 17
9582 17
9583 17
9584 17
9585 17
9586 17
9587 17
9588 17
9589 17
9590 18
9591 18
9592 17
9593 19
9594 18
9595 18
9596 17
9597 18
9598 17
9599 17
9600 17
9601 17
9602 17
9603 17
9604 17
9605 17
9606 17
9607 17
9608 17
9609 17
9610 17
9611 17
9612 17
9613 17
9614 17
9615 18
9616 17
9617 18
9618 19
9619 18
9620 17
9621 17
9622 17
9623 17
9624 17
9625 17
9626 17
9627 17
9628 17
9629 17
9630 17
9631 17
9632 18
9633 19
9634 18
9635 18
9636 18
9637 19
9638 18
9639 17
9640 17
9641 17
9642 18
9643 19
9644 19
9645 18
9646 18
9647 17
9648 18
9649 19
9650 17
9651 18
9652 18
9653 17
9654 18
9655 18
9656 17
9657 17
9658 18
9659 18
9660 19
9661 20
9662 17
9663 18
9664 19
9665 17
9666 18
9667 18
9668 17
9669 17
9670 18
9671 18
9672 18
9673 18
9674 17
9675 18
9676 30
9677 19
9678 18
9679 18
9680 17
9681 17
9682 17
9683 17
9684 17
9685 18
9686 17
9687 17
9688 17
9689 18
9690 18
9691 17
9692 17
9693 18
9694 18
9695 18
9696 18
9697 18
9698 16
9699 18
9700 17
9701 19
9702 18
9703 17
9704 18
9705 18
9706 17
9707 17
9708 17
9709 17
9710 18
9711 18
9712 18
9713 18
9714 18
9715 17
9716 17
9717 17
9718 17
9719 17
9720 18
9721 17
9722 17
9723 17
9724 17
9725 17
9726 17
9727 18
9728 18
9729 23
9730 17
9731 17
9732 16
9733 17
9734 18
9735 17
9736 18
9737 17
9738 17
9739 17
9740 17
9741 18
9742 17
9743 17
9744 17
9745 17
9746 17
9747 17
9748 18
9749 17
9750 18
9751 17
9752 18
9753 17
9754 17
9755 18
9756 17
9757 18
9758 17
9759 17
9760 17
9761 17
9762 17
9763 17
9764 17
9765 19
9766 17
9767 17
9768 18
9769 18
9770 19
9771 18
9772 18
9773 17
9774 17
9775 17
9776 18
9777 30
9778 18
9779 18
9780 17
9781 18
9782 27
9783 19
9784 18
9785 17
9786 17
9787 17
9788 17
9789 18
9790 17
9791 17
9792 17
9793 18
9794 19
9795 18
9796 17
9797 16
9798 17
9799 19
9800 18
9801 18
9802 17
9803 17
9804 17
9805 17
9806 17
9807 17
9808 17
9809 17
9810 17
9811 17
9812 17
9813 17
9814 17
9815 17
9816 18
9817 18
9818 17
9819 18
9820 18
9821 17
9822 19
9823 18
9824 17
9825 17
9826 17
9827 17
9828 17
9829 20
9830 18
9831 17
9832 17
9833 17
9834 17
9835 18
9836 17
9837 17
9838 17
9839 18
9840 17
9841 18
9842 17
9843 17
9844 17
9845 26
9846 19
9847 17
9848 17
9849 18
9850 17
9851 18
9852 17
9853 17
9854 17
9855 18
9856 18
9857 18
9858 17
9859 17
9860 17
9861 17
9862 17
9863 17
9864 17
9865 17
9866 17
9867 18
9868 20
9869 17
9870 17
9871 17
9872 18
9873 18
9874 18
9875 17
9876 17
9877 18
9878 19
9879 19
9880 18
9881 18
9882 17
9883 18
9884 17
9885 18
9886 17
9887 17
9888 18
9889 19
9890 19
9891 18
9892 17
9893 21
9894 19
9895 17
9896 18
9897 17
9898 17
9899 18
9900 19
9901 17
9902 18
9903 18
9904 18
9905 18
9906 18
9907 18
9908 18
9909 18
9910 17
9911 17
9912 18
9913 18
9914 17
9915 17
9916 17
9917 17
9918 18
9919 17
9920 17
9921 19
9922 18
9923 17
9924 18
9925 18
9926 17
9927 17
9928 18
9929 17
9930 17
9931 18
9932 19
9933 17
9934 18
9935 17
9936 17
9937 17
9938 18
9939 17
9940 18
9941 18
9942 18
9943 17
9944 18
9945 18
9946 18
9947 18
9948 18
9949 19
9950 18
9951 18
9952 18
9953 17
9954 17
9955 17
9956 18
9957 20
9958 17
9959 17
9960 18
9961 17
9962 17
9963 17
9964 17
9965 17
9966 17
9967 17
9968 17
9969 17
9970 18
9971 18
9972 18
9973 18
9974 19
9975 17
9976 18
9977 21
9978 18
9979 17
9980 18
9981 18
9982 18
9983 18
9984 18
9985 18
9986 17
9987 17
9988 17
9989 18
9990 17
9991 17
9992 17
9993 18
9994 18
9995 17
9996 17
9997 18
9998 17
9999 18
