0 5063
1 5315
2 6308
3 5126
4 8680
5 5051
6 5062
7 5718
8 5736
9 6588
10 5340
11 5443
12 5571
13 5061
14 4941
15 4936
16 5194
17 5438
18 -994181
19 5311
20 4942
21 5357
22 7922
23 5298
24 5186
25 5065
26 5438
27 5313
28 5191
29 6337
30 5173
31 5198
32 5884
33 5520
34 6131
35 5383
36 5075
37 5452
38 5947
39 4951
40 6448
41 6048
42 5364
43 5699
44 5078
45 5074
46 5573
47 5893
48 5254
49 5199
50 5073
51 5074
52 5951
53 6159
54 5240
55 5075
56 5581
57 5967
58 5176
59 7197
60 5066
61 5077
62 5850
63 5047
64 6019
65 5754
66 6018
67 5407
68 5552
69 6385
70 5663
71 5424
72 5073
73 5699
74 5325
75 4951
76 5958
77 7309
78 6448
79 5076
80 5645
81 6298
82 6104
83 5383
84 5078
85 4944
86 5059
87 5262
88 6013
89 5085
90 4932
91 5773
92 5257
93 5079
94 5410
95 6713
96 5506
97 5328
98 5075
99 4949
100 5953
101 5203
102 5075
103 5740
104 6103
105 5380
106 5698
107 5701
108 5323
109 4951
110 6521
111 5534
112 5979
113 7538
114 6235
115 5522
116 5454
117 5328
118 5084
119 5304
120 5576
121 5578
122 5070
123 5576
124 5890
125 5140
126 5590
127 4932
128 5452
129 4958
130 5188
131 6426
132 6720
133 5825
134 5324
135 5328
136 5271
137 5215
138 6113
139 5292
140 5069
141 5075
142 5330
143 5323
144 5278
145 6244
146 5459
147 5318
148 5322
149 4953
150 8523
151 5260
152 5078
153 5454
154 5225
155 5309
156 5316
157 5580
158 5072
159 5578
160 5080
161 6146
162 5511
163 5579
164 5077
165 5330
166 5079
167 5323
168 7763
169 5271
170 4947
171 5456
172 5078
173 6204
174 5703
175 5445
176 5893
177 5632
178 5079
179 5077
180 6330
181 5076
182 5346
183 5317
184 5817
185 5703
186 8454
187 5206
188 5217
189 5317
190 5073
191 5954
192 5832
193 5191
194 6025
195 5261
196 -994796
197 5579
198 5325
199 5206
200 5327
201 5586
202 4937
203 5204
204 6800
205 5628
206 5428
207 5754
208 5406
209 5654
210 6165
211 5079
212 5535
213 5454
214 5085
215 5516
216 5384
217 5978
218 4940
219 5558
220 5188
221 4951
222 5077
223 7080
224 5832
225 5659
226 5614
227 5313
228 5585
229 5078
230 5354
231 5449
232 5465
233 5713
234 5892
235 5408
236 6035
237 5026
238 5697
239 5150
240 5532
241 7837
242 5963
243 5339
244 6018
245 5281
246 6528
247 5141
248 6334
249 5339
250 5346
251 5732
252 5439
253 5087
254 5715
255 4961
256 4959
257 5088
258 5713
259 7839
260 5337
261 5340
262 4837
263 5588
264 5217
265 6019
266 6020
267 5090
268 5341
269 6087
270 5087
271 5994
272 5560
273 5326
274 5089
275 5399
276 6151
277 8472
278 6016
279 6809
280 5293
281 5082
282 5857
283 5191
284 6144
285 5277
286 6212
287 5719
288 5081
289 6167
290 5254
291 5897
292 5779
293 5841
294 6429
295 5230
296 5481
297 4979
298 5249
299 5899
300 5156
301 5774
302 5837
303 5528
304 5956
305 5035
306 5349
307 5074
308 5897
309 5775
310 5339
311 5464
312 5842
313 8098
314 5328
315 5589
316 4969
317 5073
318 5214
319 5371
320 6055
321 5346
322 5326
323 4965
324 5217
325 5652
326 6139
327 5343
328 6340
329 6777
330 8023
331 5319
332 5233
333 5441
334 5338
335 5833
336 4966
337 5837
338 5591
339 5712
340 4967
341 5843
342 5205
343 5327
344 5084
345 4962
346 5899
347 6220
348 5151
349 6835
350 5103
351 4943
352 5340
353 5208
354 5964
355 5085
356 5900
357 6151
358 5905
359 6278
360 5459
361 5829
362 5274
363 5154
364 4963
365 5529
366 5271
367 8340
368 5469
369 5337
370 5076
371 6029
372 5398
373 -994023
374 5325
375 5826
376 4962
377 5098
378 5254
379 6314
380 5554
381 6276
382 5132
383 6221
384 5715
385 9198
386 5644
387 4904
388 6265
389 5411
390 5715
391 6212
392 6403
393 5523
394 6029
395 5280
396 5203
397 5090
398 5716
399 5587
400 5084
401 5339
402 4961
403 6838
404 6087
405 5674
406 5250
407 5959
408 5467
409 5140
410 6037
411 5714
412 5085
413 5714
414 5084
415 5087
416 5216
417 5649
418 5400
419 5087
420 5840
421 8207
422 6340
423 6888
424 5284
425 5090
426 5213
427 5339
428 5343
429 5460
430 5141
431 5418
432 5954
433 5713
434 5612
435 5314
436 4967
437 6009
438 7502
439 5824
440 5136
441 5129
442 4924
443 5465
444 5211
445 5090
446 4962
447 4963
448 5122
449 6001
450 5392
451 4960
452 4961
453 6031
454 5669
455 5318
456 5218
457 6456
458 5629
459 5853
460 6156
461 6388
462 5286
463 4960
464 5589
465 4965
466 5805
467 5863
468 5585
469 5587
470 5966
471 5227
472 5079
473 5326
474 5836
475 6473
476 6073
477 5468
478 5208
479 5838
480 5465
481 5835
482 5252
483 5617
484 5279
485 6006
486 6339
487 6160
488 5088
489 6153
490 5650
491 5944
492 5229
493 8089
494 5209
495 5338
496 5341
497 5907
498 5862
499 5093
500 5092
501 5228
502 5786
503 6170
504 5162
505 5718
506 5082
507 5963
508 5839
509 5339
510 5370
511 8189
512 5327
513 5337
514 5339
515 5090
516 5962
517 5088
518 5588
519 4979
520 4953
521 5447
522 5089
523 5091
524 5710
525 5090
526 6092
527 5336
528 5385
529 5419
530 9085
531 6389
532 5667
533 5447
534 5085
535 5214
536 5089
537 5097
538 4951
539 5463
540 5533
541 5144
542 5464
543 4963
544 4965
545 5468
546 5592
547 5821
548 6965
549 -994169
550 5406
551 5637
552 5359
553 5620
554 5037
555 6583
556 5258
557 5289
558 5079
559 5738
560 5812
561 5471
562 5451
563 5466
564 5707
565 5582
566 9834
567 5458
568 5089
569 4960
570 4964
571 5464
572 5084
573 5086
574 5834
575 4965
576 5082
577 5600
578 6064
579 5097
580 5463
581 4963
582 5096
583 5884
584 8712
585 5209
586 5788
587 6087
588 4966
589 5464
590 5214
591 5905
592 5142
593 6531
594 6543
595 5201
596 6639
597 5505
598 5104
599 5094
600 5097
601 5196
602 7488
603 5179
604 6011
605 6035
606 6223
607 5088
608 4950
609 4987
610 5916
611 5087
612 5090
613 4960
614 5340
615 6026
616 6273
617 5841
618 5583
619 4964
620 7988
621 5441
622 6715
623 5324
624 5465
625 5138
626 5540
627 5333
628 5331
629 5213
630 5337
631 5636
632 5540
633 6026
634 5271
635 5529
636 6200
637 5153
638 7742
639 5871
640 5148
641 5595
642 5206
643 5341
644 5416
645 5255
646 5077
647 6298
648 5660
649 7185
650 5887
651 6386
652 5486
653 5187
654 5968
655 5454
656 7213
657 5111
658 5944
659 5210
660 5637
661 5660
662 6380
663 5165
664 5521
665 5651
666 5716
667 5924
668 5498
669 5593
670 5582
671 4962
672 5588
673 5089
674 7219
675 5512
676 5280
677 5096
678 5084
679 5334
680 5953
681 5490
682 5557
683 4965
684 4959
685 6516
686 5281
687 5719
688 5204
689 5213
690 5089
691 5461
692 8240
693 5189
694 5338
695 5090
696 5215
697 5899
698 5842
699 5773
700 5586
701 5087
702 4964
703 5342
704 5088
705 5342
706 5082
707 5584
708 4966
709 5086
710 5089
711 8464
712 5588
713 5093
714 5714
715 4828
716 6089
717 5588
718 5718
719 6083
720 5213
721 5090
722 5462
723 5218
724 5579
725 5339
726 -994406
727 6334
728 7680
729 5658
730 5047
731 5463
732 5390
733 5034
734 5090
735 5404
736 5325
737 6476
738 6029
739 5320
740 5094
741 5081
742 5963
743 5335
744 4963
745 5966
746 5086
747 7091
748 5463
749 5088
750 5726
751 5197
752 4963
753 5632
754 5539
755 5085
756 5128
757 6046
758 5465
759 5343
760 5705
761 5340
762 5133
763 5667
764 5522
765 9281
766 5773
767 5653
768 5088
769 5084
770 5095
771 5142
772 6086
773 5531
774 5077
775 5344
776 5209
777 5590
778 6147
779 5776
780 5091
781 5211
782 5214
783 7089
784 6227
785 5856
786 5558
787 5330
788 5339
789 5343
790 5077
791 5090
792 5339
793 6087
794 5866
795 5433
796 6588
797 5713
798 5089
799 6283
800 6146
801 8212
802 5092
803 4965
804 5955
805 5090
806 5337
807 5711
808 6157
809 5155
810 5704
811 5085
812 5215
813 5214
814 5085
815 5339
816 5087
817 5463
818 4964
819 5090
820 7957
821 6216
822 6084
823 4963
824 5588
825 5725
826 6083
827 5323
828 5345
829 5081
830 5089
831 5957
832 5089
833 5338
834 5089
835 6155
836 5772
837 5609
838 7194
839 5713
840 5085
841 5900
842 7095
843 5272
844 5587
845 6090
846 5342
847 6336
848 5481
849 5568
850 4963
851 5087
852 5150
853 5524
854 6462
855 6088
856 5720
857 5645
858 5525
859 6086
860 5886
861 5289
862 4964
863 5964
864 6086
865 5991
866 5434
867 6338
868 5339
869 5463
870 5964
871 5836
872 5092
873 7846
874 5576
875 5653
876 5272
877 5214
878 5587
879 5339
880 5214
881 5717
882 6145
883 5903
884 4959
885 5461
886 5090
887 5090
888 5713
889 5343
890 5208
891 6465
892 5334
893 5714
894 5215
895 5336
896 5089
897 5342
898 5459
899 5213
900 5616
901 4934
902 5712
903 -994287
904 5464
905 5088
906 4965
907 5087
908 5396
909 5907
910 8368
911 6054
912 4964
913 5991
914 5694
915 6072
916 5209
917 5082
918 5219
919 4955
920 6142
921 5408
922 4966
923 5464
924 4964
925 5214
926 5527
927 5523
928 9088
929 5706
930 5484
931 5700
932 6223
933 5572
934 5584
935 5626
936 5553
937 5330
938 6713
939 5339
940 5836
941 5588
942 5088
943 4980
944 5201
945 5714
946 8463
947 5084
948 5405
949 5148
950 4963
951 5091
952 5580
953 5721
954 5079
955 5035
956 5392
957 5088
958 5464
959 5337
960 4964
961 5338
962 5339
963 5470
964 7353
965 5561
966 5463
967 5723
968 5583
969 5710
970 5837
971 6094
972 5079
973 5096
974 5455
975 5463
976 4970
977 4961
978 4960
979 6091
980 5209
981 5094
982 6020
983 8146
984 4965
985 5462
986 5465
987 5524
988 5550
989 5753
990 5523
991 5085
992 5336
993 5143
994 5909
995 5464
996 5591
997 4960
998 4963
999 5346
1000 6204
1001 7737
1002 6071
1003 5326
1004 5462
1005 5591
1006 5209
1007 5839
1008 5216
1009 5335
1010 4961
1011 5966
1012 6022
1013 6339
1014 6028
1015 5214
1016 5526
1017 5421
1018 5315
1019 8902
1020 6838
1021 5590
1022 5398
1023 5900
1024 5157
1025 5208
1026 5334
1027 4964
1028 5211
1029 4964
1030 5963
1031 5213
1032 5082
1033 5213
1034 6215
1035 5086
1036 5268
1037 7035
1038 5337
1039 5839
1040 5464
1041 5340
1042 5218
1043 6204
1044 5087
1045 5090
1046 5361
1047 5316
1048 5087
1049 5778
1050 5399
1051 6155
1052 5921
1053 5186
1054 5380
1055 8547
1056 5906
1057 5773
1058 5713
1059 5588
1060 5215
1061 5334
1062 6410
1063 5640
1064 5339
1065 6216
1066 5776
1067 5498
1068 5903
1069 5278
1070 5706
1071 5960
1072 7339
1073 6339
1074 5338
1075 5090
1076 5090
1077 5342
1078 5830
1079 -993412
1080 6465
1081 4961
1082 4969
1083 5263
1084 5281
1085 6530
1086 6679
1087 5552
1088 6286
1089 5079
1090 8159
1091 5444
1092 5218
1093 5960
1094 5214
1095 5329
1096 5713
1097 6160
1098 6015
1099 5090
1100 5840
1101 5586
1102 5527
1103 6095
1104 5639
1105 5463
1106 5217
1107 5460
1108 7093
1109 6900
1110 5274
1111 6116
1112 6680
1113 5090
1114 5661
1115 5391
1116 5846
1117 5079
1118 5089
1119 5837
1120 5341
1121 5838
1122 5586
1123 5483
1124 6367
1125 6672
1126 5333
1127 5351
1128 5448
1129 5898
1130 5524
1131 5091
1132 5644
1133 5591
1134 5287
1135 5645
1136 5261
1137 4970
1138 5078
1139 5091
1140 5462
1141 5084
1142 5465
1143 5215
1144 8713
1145 5461
1146 5092
1147 5273
1148 5648
1149 5403
1150 5234
1151 5337
1152 5468
1153 5583
1154 6019
1155 5785
1156 5619
1157 5928
1158 5091
1159 5622
1160 5927
1161 5709
1162 7215
1163 5340
1164 5086
1165 5912
1166 5136
1167 5338
1168 5339
1169 5088
1170 6477
1171 5328
1172 5138
1173 6908
1174 5456
1175 6331
1176 5339
1177 5637
1178 5686
1179 5300
1180 6836
1181 5081
1182 4961
1183 5207
1184 5067
1185 5278
1186 7501
1187 6165
1188 5406
1189 5676
1190 5203
1191 5234
1192 5393
1193 5261
1194 6474
1195 5629
1196 5388
1197 5001
1198 8486
1199 5586
1200 5753
1201 5211
1202 5337
1203 5328
1204 5260
1205 5227
1206 6601
1207 5599
1208 5551
1209 5369
1210 5307
1211 5064
1212 5195
1213 6006
1214 5362
1215 5096
1216 8040
1217 4941
1218 5434
1219 5338
1220 5290
1221 5067
1222 5093
1223 5407
1224 5238
1225 5737
1226 5723
1227 5166
1228 5068
1229 5845
1230 6185
1231 5139
1232 5590
1233 4794
1234 7570
1235 5048
1236 5849
1237 5897
1238 5064
1239 5442
1240 5687
1241 5077
1242 5053
1243 5453
1244 5046
1245 4943
1246 4936
1247 4938
1248 5611
1249 5564
1250 5774
1251 5199
1252 5337
1253 7280
1254 5471
1255 -994440
1256 5276
1257 5385
1258 5634
1259 4971
1260 5355
1261 5364
1262 5689
1263 5070
1264 5429
1265 5819
1266 5572
1267 5312
1268 5948
1269 5535
1270 5457
1271 6591
1272 5331
1273 5711
1274 5212
1275 5840
1276 5089
1277 5092
1278 4957
1279 5331
1280 4958
1281 5467
1282 5455
1283 5337
1284 5594
1285 5325
1286 5894
1287 5275
1288 5206
1289 5598
1290 6827
1291 5213
1292 5338
1293 5608
1294 5189
1295 5092
1296 5269
1297 5743
1298 5809
1299 5365
1300 5424
1301 5290
1302 5563
1303 5105
1304 4958
1305 5310
1306 4942
1307 5057
1308 6572
1309 5491
1310 5865
1311 6564
1312 6741
1313 6217
1314 5636
1315 5806
1316 5163
1317 5788
1318 5371
1319 6161
1320 5339
1321 5349
1322 5895
1323 5280
1324 5588
1325 8813
1326 5302
1327 5829
1328 5382
1329 5043
1330 5057
1331 5051
1332 5969
1333 5310
1334 6008
1335 5800
1336 5051
1337 6107
1338 5598
1339 5678
1340 5078
1341 5629
1342 5550
1343 6329
1344 5338
1345 5078
1346 5094
1347 5549
1348 5632
1349 5954
1350 5087
1351 5713
1352 5723
1353 6105
1354 5382
1355 5877
1356 5334
1357 5833
1358 5188
1359 6170
1360 5343
1361 5188
1362 6823
1363 5030
1364 5313
1365 6001
1366 5752
1367 5181
1368 5059
1369 5500
1370 5275
1371 5254
1372 5884
1373 5407
1374 4943
1375 6207
1376 5912
1377 5700
1378 5056
1379 5065
1380 8811
1381 5427
1382 5826
1383 5323
1384 5565
1385 5535
1386 5818
1387 6468
1388 5039
1389 6060
1390 6050
1391 5979
1392 5156
1393 5806
1394 5305
1395 5067
1396 5561
1397 6183
1398 5562
1399 5188
1400 4945
1401 5944
1402 5313
1403 5051
1404 4941
1405 5532
1406 5712
1407 5563
1408 4937
1409 5948
1410 5065
1411 5051
1412 5183
1413 5140
1414 5119
1415 5056
1416 8391
1417 5232
1418 5327
1419 5824
1420 5566
1421 5124
1422 5875
1423 5176
1424 5828
1425 5113
1426 5190
1427 5485
1428 5363
1429 5291
1430 5028
1431 5122
1432 6463
1433 -994479
1434 6219
1435 5445
1436 5248
1437 5337
1438 6307
1439 6523
1440 6288
1441 5983
1442 5227
1443 5816
1444 5061
1445 5504
1446 5368
1447 5221
1448 5195
1449 5322
1450 5126
1451 6020
1452 7987
1453 5080
1454 5784
1455 5723
1456 5392
1457 5686
1458 5282
1459 5006
1460 5456
1461 5579
1462 5847
1463 5550
1464 5601
1465 5108
1466 5359
1467 5133
1468 5089
1469 5211
1470 5261
1471 6805
1472 4944
1473 5351
1474 4948
1475 4967
1476 5088
1477 5891
1478 5408
1479 5499
1480 6299
1481 5336
1482 6408
1483 5824
1484 5414
1485 5077
1486 5467
1487 6581
1488 5091
1489 8122
1490 5802
1491 5337
1492 5715
1493 5838
1494 5713
1495 5207
1496 5087
1497 5713
1498 4963
1499 4968
1500 6582
1501 5714
1502 5647
1503 5274
1504 5713
1505 5713
1506 5086
1507 7716
1508 5715
1509 5832
1510 5713
1511 5210
1512 5656
1513 6334
1514 5396
1515 5353
1516 5072
1517 5086
1518 5587
1519 5002
1520 5175
1521 5329
1522 5270
1523 5404
1524 5087
1525 7612
1526 5563
1527 5336
1528 4840
1529 6276
1530 5522
1531 5095
1532 5200
1533 5340
1534 5524
1535 6148
1536 5889
1537 5043
1538 5768
1539 6043
1540 5503
1541 5900
1542 5088
1543 7460
1544 5090
1545 5273
1546 5275
1547 5473
1548 5321
1549 5218
1550 5142
1551 5778
1552 5452
1553 5240
1554 5352
1555 5172
1556 5036
1557 4963
1558 5301
1559 5721
1560 5254
1561 5622
1562 8292
1563 5605
1564 5080
1565 5726
1566 5030
1567 4975
1568 5054
1569 6128
1570 5303
1571 5364
1572 5546
1573 5459
1574 5370
1575 5505
1576 5931
1577 6064
1578 5203
1579 5475
1580 6454
1581 4988
1582 5498
1583 5566
1584 5489
1585 5367
1586 5317
1587 5209
1588 5134
1589 5696
1590 5469
1591 5598
1592 5265
1593 5583
1594 6509
1595 5827
1596 5325
1597 5301
1598 7805
1599 5368
1600 5504
1601 5330
1602 5229
1603 6011
1604 5571
1605 5820
1606 5181
1607 5910
1608 5384
1609 5348
1610 -994709
1611 5493
1612 6187
1613 5258
1614 5190
1615 5065
1616 8046
1617 5936
1618 4939
1619 5466
1620 5037
1621 5067
1622 5316
1623 5949
1624 5300
1625 5064
1626 6390
1627 5367
1628 4941
1629 5060
1630 5065
1631 5065
1632 5066
1633 5566
1634 5182
1635 7945
1636 5874
1637 5129
1638 6090
1639 5780
1640 4940
1641 5332
1642 5053
1643 4845
1644 5740
1645 5848
1646 6000
1647 5329
1648 5108
1649 5555
1650 6026
1651 5264
1652 5450
1653 7718
1654 5324
1655 5335
1656 5325
1657 5328
1658 5459
1659 5087
1660 5321
1661 4967
1662 5319
1663 5088
1664 4947
1665 5337
1666 5140
1667 5646
1668 6236
1669 5722
1670 6113
1671 7845
1672 5686
1673 6024
1674 6018
1675 5269
1676 5126
1677 5091
1678 5568
1679 5464
1680 5196
1681 5339
1682 5637
1683 5517
1684 5601
1685 5308
1686 5585
1687 6692
1688 5762
1689 6775
1690 5711
1691 5072
1692 5080
1693 5264
1694 5682
1695 5933
1696 5193
1697 5089
1698 5201
1699 5083
1700 6389
1701 5151
1702 5330
1703 5581
1704 5084
1705 5076
1706 5213
1707 5209
1708 7217
1709 5311
1710 5725
1711 6814
1712 5597
1713 5558
1714 5461
1715 5212
1716 5322
1717 5346
1718 5565
1719 5341
1720 5068
1721 5091
1722 5259
1723 6070
1724 5710
1725 6024
1726 6957
1727 5075
1728 5959
1729 6319
1730 5962
1731 5451
1732 5076
1733 5709
1734 5078
1735 5955
1736 6529
1737 5384
1738 5332
1739 5088
1740 5322
1741 5083
1742 5210
1743 5579
1744 7959
1745 5765
1746 5395
1747 5331
1748 7277
1749 5167
1750 5800
1751 6333
1752 5707
1753 5586
1754 5078
1755 5582
1756 4972
1757 5070
1758 5076
1759 5148
1760 5953
1761 6708
1762 5487
1763 5319
1764 5084
1765 5341
1766 5073
1767 5572
1768 5101
1769 5438
1770 5148
1771 6341
1772 5509
1773 5372
1774 6550
1775 5576
1776 6271
1777 5423
1778 5421
1779 5090
1780 7694
1781 5334
1782 5084
1783 5086
1784 5072
1785 5334
1786 5707
1787 5331
1788 -994668
1789 5082
1790 5084
1791 5729
1792 5198
1793 5437
1794 5207
1795 4958
1796 5080
1797 5458
1798 6851
1799 5184
1800 5209
1801 5079
1802 5195
1803 6706
1804 5087
1805 5201
1806 5088
1807 5079
1808 5264
1809 5276
1810 5082
1811 5080
1812 5731
1813 5057
1814 5084
1815 6333
1816 5348
1817 8500
1818 5135
1819 6094
1820 5698
1821 5127
1822 5414
1823 5343
1824 5212
1825 4964
1826 5712
1827 5594
1828 5783
1829 5262
1830 6270
1831 5269
1832 5090
1833 5392
1834 5157
1835 6334
1836 5215
1837 5089
1838 5144
1839 5154
1840 5530
1841 5525
1842 5087
1843 5340
1844 6653
1845 5146
1846 5712
1847 5590
1848 5336
1849 5837
1850 5782
1851 5148
1852 5338
1853 5079
1854 7159
1855 5324
1856 5407
1857 4955
1858 5343
1859 5203
1860 5965
1861 4958
1862 5465
1863 5333
1864 4964
1865 5334
1866 5340
1867 5590
1868 6076
1869 5095
1870 5215
1871 5952
1872 5079
1873 6967
1874 5207
1875 5614
1876 5689
1877 5455
1878 5845
1879 5078
1880 5595
1881 5578
1882 4969
1883 5084
1884 6900
1885 5805
1886 5303
1887 5457
1888 5333
1889 5587
1890 4953
1891 9032
1892 5280
1893 5088
1894 6021
1895 5510
1896 5243
1897 4931
1898 5593
1899 5079
1900 5278
1901 5403
1902 5410
1903 5377
1904 5396
1905 5281
1906 5095
1907 5231
1908 5185
1909 7743
1910 5428
1911 5710
1912 6200
1913 5714
1914 5501
1915 5543
1916 4977
1917 5322
1918 4976
1919 5076
1920 4963
1921 4950
1922 5103
1923 4944
1924 6288
1925 5511
1926 5096
1927 5077
1928 8462
1929 5341
1930 5079
1931 5344
1932 4952
1933 4966
1934 5706
1935 5219
1936 4957
1937 5716
1938 5454
1939 5098
1940 5324
1941 4973
1942 4983
1943 5815
1944 5075
1945 5214
1946 5087
1947 6838
1948 5348
1949 6075
1950 5216
1951 5771
1952 5395
1953 5363
1954 5881
1955 5272
1956 5084
1957 4964
1958 5213
1959 5589
1960 4963
1961 6283
1962 6281
1963 5077
1964 5573
1965 8970
1966 5857
1967 5058
1968 -994786
1969 5698
1970 5453
1971 4948
1972 4985
1973 6373
1974 6407
1975 5349
1976 4799
1977 6274
1978 5037
1979 5098
1980 5545
1981 4963
1982 6324
1983 8234
1984 5310
1985 5362
1986 5058
1987 5374
1988 5277
1989 5370
1990 4948
1991 5333
1992 5455
1993 5700
1994 5464
1995 5709
1996 5079
1997 5233
1998 5319
1999 5604
2000 5925
2001 7887
2002 5489
2003 6200
2004 4991
2005 5060
2006 4980
2007 5399
2008 4948
2009 5072
2010 5291
2011 5317
2012 5225
2013 4908
2014 5513
2015 5417
2016 5271
2017 4944
2018 5441
2019 5819
2020 8192
2021 5069
2022 5716
2023 7828
2024 5282
2025 5268
2026 5743
2027 5639
2028 5656
2029 6287
2030 6568
2031 5193
2032 5084
2033 5801
2034 5820
2035 5064
2036 5766
2037 7242
2038 5445
2039 5067
2040 5317
2041 6691
2042 6071
2043 5085
2044 5684
2045 5676
2046 5053
2047 5443
2048 5066
2049 5519
2050 5487
2051 5070
2052 5188
2053 5444
2054 5773
2055 7736
2056 5887
2057 5499
2058 5357
2059 6529
2060 5190
2061 5072
2062 5316
2063 5070
2064 5313
2065 5318
2066 5569
2067 5817
2068 5568
2069 5067
2070 5565
2071 5089
2072 5173
2073 6565
2074 5318
2075 4942
2076 5069
2077 5190
2078 5892
2079 5391
2080 5673
2081 5691
2082 5178
2083 5448
2084 5434
2085 6093
2086 5293
2087 5070
2088 4942
2089 5314
2090 5217
2091 5173
2092 7841
2093 5517
2094 5258
2095 5267
2096 5644
2097 5491
2098 5192
2099 5070
2100 6047
2101 5208
2102 5051
2103 5568
2104 5199
2105 5733
2106 5142
2107 5693
2108 5568
2109 5442
2110 6198
2111 5563
2112 5066
2113 5318
2114 5693
2115 5444
2116 5193
2117 5193
2118 5194
2119 5316
2120 5070
2121 5697
2122 5315
2123 5315
2124 5699
2125 5064
2126 5068
2127 5269
2128 5228
2129 8693
2130 5693
2131 5063
2132 5571
2133 5065
2134 4942
2135 4942
2136 5404
2137 5361
2138 5516
2139 5246
2140 5071
2141 5316
2142 4949
2143 5086
2144 5046
2145 5445
2146 5446
2147 5438
2148 -991100
2149 5395
2150 5286
2151 6266
2152 5247
2153 5687
2154 6268
2155 5246
2156 5067
2157 5319
2158 5318
2159 5518
2160 7618
2161 5319
2162 5847
2163 5917
2164 5568
2165 8008
2166 5448
2167 5340
2168 5066
2169 5082
2170 5186
2171 5175
2172 5068
2173 4954
2174 5055
2175 5568
2176 5521
2177 5240
2178 5570
2179 5065
2180 5321
2181 4945
2182 5023
2183 5238
2184 7720
2185 5043
2186 6636
2187 5253
2188 5061
2189 5192
2190 5194
2191 5066
2192 5073
2193 5938
2194 5193
2195 5069
2196 4945
2197 5135
2198 5270
2199 5426
2200 5441
2201 5716
2202 5173
2203 7441
2204 5316
2205 5773
2206 5988
2207 5328
2208 5584
2209 5422
2210 5181
2211 5072
2212 5313
2213 5202
2214 5127
2215 6399
2216 5273
2217 5056
2218 4938
2219 5441
2220 5440
2221 7443
2222 5069
2223 5558
2224 5066
2225 5068
2226 5970
2227 6118
2228 6064
2229 5251
2230 5066
2231 6768
2232 5121
2233 5817
2234 5067
2235 5067
2236 5194
2237 5694
2238 5570
2239 7941
2240 5576
2241 5547
2242 5696
2243 5312
2244 5068
2245 5065
2246 6017
2247 5564
2248 5113
2249 5699
2250 5309
2251 5325
2252 6061
2253 5318
2254 4937
2255 5648
2256 5735
2257 8319
2258 5940
2259 5098
2260 5908
2261 4928
2262 5205
2263 5302
2264 6515
2265 5376
2266 5930
2267 5443
2268 5073
2269 5691
2270 5065
2271 5569
2272 5068
2273 5266
2274 5496
2275 8601
2276 5661
2277 5817
2278 5694
2279 5447
2280 5315
2281 5195
2282 5684
2283 4943
2284 6067
2285 6192
2286 5318
2287 5438
2288 6017
2289 5143
2290 5668
2291 5947
2292 5067
2293 7324
2294 5660
2295 5468
2296 5429
2297 5067
2298 5070
2299 5565
2300 5063
2301 5194
2302 5444
2303 5194
2304 5071
2305 6014
2306 6147
2307 5421
2308 5565
2309 5824
2310 5688
2311 7819
2312 5888
2313 5204
2314 5069
2315 6445
2316 5316
2317 5067
2318 4947
2319 5690
2320 5693
2321 6569
2322 5507
2323 5255
2324 -994053
2325 5318
2326 5942
2327 5059
2328 5759
2329 6875
2330 5443
2331 5195
2332 5067
2333 5065
2334 6134
2335 5390
2336 5059
2337 5071
2338 5965
2339 5791
2340 4946
2341 5064
2342 5319
2343 5447
2344 5688
2345 5069
2346 5578
2347 6574
2348 5186
2349 6049
2350 5108
2351 5779
2352 5333
2353 5062
2354 5300
2355 4940
2356 5570
2357 5572
2358 6761
2359 6064
2360 5953
2361 5434
2362 5140
2363 5635
2364 5526
2365 7057
2366 5566
2367 5320
2368 4949
2369 5071
2370 5643
2371 5374
2372 5735
2373 5556
2374 5295
2375 5945
2376 5761
2377 5631
2378 6194
2379 5237
2380 5657
2381 5820
2382 5947
2383 6535
2384 5666
2385 5382
2386 5945
2387 6348
2388 5977
2389 5263
2390 4857
2391 5405
2392 5064
2393 5145
2394 6444
2395 5707
2396 5364
2397 5823
2398 5321
2399 5570
2400 5320
2401 7071
2402 5696
2403 5195
2404 5448
2405 6515
2406 5249
2407 5323
2408 5698
2409 5607
2410 5287
2411 5566
2412 5446
2413 5690
2414 5193
2415 5698
2416 5322
2417 5344
2418 5047
2419 5445
2420 7564
2421 5073
2422 5944
2423 5946
2424 4947
2425 5071
2426 5393
2427 6319
2428 5248
2429 5069
2430 5254
2431 5657
2432 6045
2433 5321
2434 5071
2435 5697
2436 5948
2437 5570
2438 8321
2439 5197
2440 4940
2441 5320
2442 5072
2443 5194
2444 5073
2445 4940
2446 5573
2447 5448
2448 5066
2449 5067
2450 5823
2451 5068
2452 5951
2453 5062
2454 5074
2455 5196
2456 6822
2457 5448
2458 5444
2459 5640
2460 5379
2461 5317
2462 5323
2463 5322
2464 5321
2465 5193
2466 5448
2467 4945
2468 5323
2469 5068
2470 5983
2471 5533
2472 4944
2473 5072
2474 5316
2475 8073
2476 5199
2477 5193
2478 6424
2479 5589
2480 5066
2481 6135
2482 5379
2483 5825
2484 5068
2485 4946
2486 5471
2487 5813
2488 5179
2489 5446
2490 5070
2491 5198
2492 5201
2493 6688
2494 5203
2495 5317
2496 4947
2497 6142
2498 5562
2499 5524
2500 5431
2501 5069
2502 5354
2503 -994715
2504 5971
2505 5423
2506 5319
2507 5071
2508 5639
2509 5253
2510 5608
2511 5036
2512 7196
2513 5570
2514 5482
2515 6220
2516 5760
2517 5701
2518 5318
2519 6017
2520 5248
2521 5322
2522 5086
2523 5040
2524 5387
2525 5255
2526 5263
2527 5503
2528 6342
2529 5791
2530 7064
2531 5068
2532 5063
2533 4944
2534 5072
2535 4949
2536 4946
2537 5068
2538 5444
2539 6073
2540 5446
2541 5196
2542 5944
2543 5725
2544 5041
2545 5068
2546 5197
2547 5074
2548 5069
2549 7199
2550 5569
2551 5322
2552 6571
2553 5947
2554 5070
2555 5320
2556 5320
2557 5072
2558 5195
2559 5570
2560 5197
2561 6322
2562 6137
2563 5753
2564 5443
2565 5321
2566 6074
2567 8389
2568 6041
2569 5031
2570 5696
2571 5325
2572 5189
2573 5448
2574 5644
2575 5122
2576 5072
2577 4983
2578 6346
2579 5258
2580 5320
2581 5071
2582 5444
2583 5571
2584 5267
2585 7699
2586 5122
2587 5822
2588 5071
2589 4945
2590 5320
2591 5072
2592 5321
2593 4949
2594 5845
2595 5559
2596 5308
2597 5322
2598 5262
2599 5560
2600 5763
2601 5696
2602 5324
2603 6454
2604 5456
2605 5339
2606 5301
2607 5044
2608 5257
2609 5262
2610 7201
2611 5067
2612 5820
2613 5696
2614 6139
2615 5159
2616 5536
2617 5056
2618 5472
2619 5299
2620 5692
2621 5069
2622 8003
2623 6326
2624 5383
2625 5320
2626 5071
2627 5822
2628 5321
2629 4945
2630 5760
2631 5694
2632 5510
2633 5322
2634 4947
2635 5948
2636 5068
2637 5447
2638 6889
2639 5291
2640 7408
2641 5071
2642 6016
2643 6377
2644 5448
2645 5572
2646 5192
2647 5068
2648 5193
2649 5071
2650 5640
2651 5382
2652 4942
2653 4945
2654 4945
2655 5321
2656 5072
2657 5886
2658 8028
2659 5422
2660 4943
2661 5194
2662 5194
2663 5571
2664 6001
2665 5891
2666 5738
2667 5028
2668 5448
2669 5196
2670 5319
2671 5946
2672 5765
2673 5504
2674 5195
2675 6822
2676 7069
2677 5571
2678 5223
2679 5046
2680 5322
2681 -994924
2682 5065
2683 6071
2684 5322
2685 5631
2686 5760
2687 5446
2688 5071
2689 5321
2690 5071
2691 5945
2692 4945
2693 5441
2694 4948
2695 7138
2696 5502
2697 5071
2698 5570
2699 5452
2700 5815
2701 5570
2702 5517
2703 5001
2704 5322
2705 5322
2706 5058
2707 5835
2708 5055
2709 5701
2710 5731
2711 5620
2712 5447
2713 7260
2714 5259
2715 4946
2716 5073
2717 5194
2718 5322
2719 4947
2720 4945
2721 5321
2722 5252
2723 5386
2724 5822
2725 5196
2726 5239
2727 14481
2728 5496
2729 6446
2730 9127
2731 5270
2732 5069
2733 5069
2734 4857
2735 5536
2736 4946
2737 16823
2738 5822
2739 6197
2740 4946
2741 4947
2742 5821
2743 5319
2744 5094
2745 5549
2746 7845
2747 5670
2748 5948
2749 5199
2750 5069
2751 5070
2752 5070
2753 5257
2754 5508
2755 5070
2756 5758
2757 5830
2758 5381
2759 5752
2760 5512
2761 5072
2762 5572
2763 5192
2764 8641
2765 5250
2766 5322
2767 5570
2768 6446
2769 5198
2770 5195
2771 5447
2772 5196
2773 5071
2774 5195
2775 4947
2776 5640
2777 5378
2778 5446
2779 5079
2780 5060
2781 5447
2782 4946
2783 9008
2784 5267
2785 5000
2786 6203
2787 5380
2788 5071
2789 5447
2790 5083
2791 5687
2792 5056
2793 5386
2794 5386
2795 5064
2796 5070
2797 6450
2798 5720
2799 5419
2800 5751
2801 8267
2802 5699
2803 5074
2804 5320
2805 5074
2806 4815
2807 5802
2808 5089
2809 5451
2810 5812
2811 5202
2812 5455
2813 5309
2814 6508
2815 5109
2816 4941
2817 5195
2818 4946
2819 8194
2820 5198
2821 6486
2822 5963
2823 5258
2824 5686
2825 5455
2826 5064
2827 5822
2828 5438
2829 5080
2830 5615
2831 5517
2832 5567
2833 5704
2834 5443
2835 4933
2836 5946
2837 8073
2838 5822
2839 5071
2840 5570
2841 5449
2842 5067
2843 5824
2844 5318
2845 5823
2846 5317
2847 5324
2848 5569
2849 5447
2850 5637
2851 5255
2852 5707
2853 5074
2854 5802
2855 7948
2856 -994680
2857 5075
2858 5387
2859 5130
2860 5640
2861 5291
2862 5678
2863 5169
2864 5436
2865 5953
2866 6378
2867 5631
2868 5879
2869 5397
2870 5111
2871 5506
2872 6069
2873 7451
2874 5317
2875 5699
2876 6263
2877 5632
2878 5121
2879 5259
2880 5079
2881 5590
2882 5086
2883 5080
2884 5836
2885 5089
2886 5333
2887 5836
2888 5089
2889 5459
2890 5213
2891 6338
2892 6086
2893 5586
2894 6962
2895 5650
2896 5132
2897 5580
2898 5342
2899 5268
2900 5278
2901 5227
2902 6196
2903 5587
2904 4963
2905 5086
2906 4962
2907 5858
2908 5691
2909 4962
2910 7462
2911 5346
2912 5077
2913 6708
2914 5599
2915 5193
2916 5331
2917 5337
2918 5529
2919 6147
2920 5587
2921 5464
2922 5086
2923 6589
2924 5650
2925 5523
2926 5213
2927 4962
2928 7213
2929 5458
2930 5217
2931 5207
2932 5345
2933 5077
2934 5462
2935 5335
2936 6092
2937 5200
2938 5464
2939 5082
2940 6519
2941 5531
2942 5268
2943 6728
2944 6165
2945 5190
2946 7886
2947 5475
2948 5397
2949 5464
2950 5092
2951 5582
2952 5588
2953 5094
2954 5453
2955 5087
2956 6727
2957 5802
2958 6497
2959 5656
2960 5742
2961 5054
2962 5342
2963 5067
2964 7384
2965 5198
2966 5551
2967 5498
2968 5839
2969 5716
2970 5512
2971 5249
2972 5577
2973 5096
2974 5325
2975 6409
2976 5115
2977 5587
2978 5587
2979 5458
2980 5339
2981 5083
2982 8701
2983 5714
2984 6088
2985 5219
2986 5206
2987 5339
2988 5085
2989 5781
2990 5702
2991 5903
2992 5836
2993 5462
2994 6027
2995 5523
2996 5335
2997 4963
2998 6087
2999 7404
3000 5142
3001 6361
3002 5316
3003 5213
3004 6084
3005 5087
3006 5087
3007 5714
3008 5084
3009 5590
3010 5588
3011 5709
3012 6274
3013 5651
3014 5211
3015 5978
3016 5697
3017 8779
3018 5144
3019 5088
3020 5835
3021 5465
3022 5857
3023 5832
3024 5818
3025 5711
3026 5715
3027 5086
3028 5715
3029 5333
3030 5087
3031 5467
3032 -993460
3033 6629
3034 5458
3035 9401
3036 5270
3037 5086
3038 5469
3039 5522
3040 5395
3041 5088
3042 5377
3043 6425
3044 5452
3045 5453
3046 6076
3047 5464
3048 5086
3049 5646
3050 6096
3051 5389
3052 5213
3053 7893
3054 5411
3055 5645
3056 5615
3057 5240
3058 5096
3059 5627
3060 5411
3061 5458
3062 5083
3063 5202
3064 5586
3065 5474
3066 5502
3067 5528
3068 5712
3069 5786
3070 6066
3071 6786
3072 4950
3073 5714
3074 5082
3075 5837
3076 5716
3077 5090
3078 5451
3079 5206
3080 5587
3081 4954
3082 6596
3083 5073
3084 5711
3085 5213
3086 5583
3087 5206
3088 5863
3089 7815
3090 4954
3091 5344
3092 5698
3093 4963
3094 5389
3095 5285
3096 6280
3097 6263
3098 5763
3099 5540
3100 5078
3101 5334
3102 6107
3103 5815
3104 5338
3105 5212
3106 5335
3107 6715
3108 5461
3109 5710
3110 5714
3111 4966
3112 5081
3113 5586
3114 5480
3115 5071
3116 5079
3117 5465
3118 5332
3119 5350
3120 5111
3121 5424
3122 5338
3123 5340
3124 5083
3125 5462
3126 6835
3127 5087
3128 6216
3129 5334
3130 5211
3131 6256
3132 5548
3133 5956
3134 5074
3135 4961
3136 5456
3137 5340
3138 5589
3139 5083
3140 5463
3141 4962
3142 5587
3143 5462
3144 8403
3145 6143
3146 5211
3147 5221
3148 5331
3149 5087
3150 5371
3151 6055
3152 4959
3153 5462
3154 5089
3155 5704
3156 5337
3157 5838
3158 5090
3159 5089
3160 7026
3161 5265
3162 6208
3163 5827
3164 5469
3165 5578
3166 5089
3167 5087
3168 5103
3169 5070
3170 5708
3171 5340
3172 5269
3173 5526
3174 6033
3175 5420
3176 5437
3177 5084
3178 5835
3179 4854
3180 5322
3181 7721
3182 5452
3183 5591
3184 5487
3185 5435
3186 5973
3187 5445
3188 5090
3189 5210
3190 5087
3191 5212
3192 5588
3193 5337
3194 5336
3195 5087
3196 5462
3197 5268
3198 5658
3199 6589
3200 5210
3201 5777
3202 6145
3203 5213
3204 5087
3205 5738
3206 5807
3207 5335
3208 6149
3209 5187
3210 -994449
3211 5453
3212 5210
3213 5213
3214 6086
3215 5589
3216 5587
3217 5461
3218 7587
3219 5583
3220 6152
3221 5303
3222 6115
3223 5652
3224 5575
3225 5216
3226 5955
3227 6090
3228 5331
3229 5530
3230 5645
3231 5866
3232 5809
3233 5461
3234 5337
3235 8215
3236 6109
3237 6626
3238 5280
3239 5269
3240 6018
3241 5330
3242 5214
3243 5459
3244 4962
3245 5083
3246 5589
3247 4968
3248 5577
3249 5236
3250 5061
3251 5711
3252 5213
3253 8962
3254 5482
3255 5567
3256 5403
3257 5405
3258 5697
3259 5525
3260 5900
3261 5462
3262 5105
3263 5440
3264 5588
3265 5591
3266 5081
3267 5463
3268 5210
3269 5282
3270 5513
3271 6340
3272 5894
3273 6715
3274 6167
3275 5432
3276 5336
3277 5701
3278 5091
3279 5833
3280 5587
3281 5712
3282 5837
3283 5337
3284 5462
3285 4962
3286 5086
3287 7339
3288 5086
3289 7836
3290 5220
3291 6075
3292 5345
3293 5077
3294 5468
3295 5593
3296 5319
3297 5529
3298 5394
3299 5395
3300 5149
3301 6008
3302 6473
3303 5403
3304 6015
3305 5523
3306 5083
3307 7963
3308 5340
3309 5413
3310 5237
3311 4820
3312 5839
3313 5710
3314 4962
3315 5986
3316 5562
3317 5216
3318 5516
3319 5911
3320 5079
3321 5650
3322 5023
3323 5529
3324 5897
3325 8278
3326 5199
3327 5283
3328 5086
3329 4961
3330 5207
3331 5586
3332 5217
3333 6518
3334 5283
3335 6077
3336 5087
3337 5222
3338 5197
3339 5241
3340 5309
3341 5336
3342 5220
3343 5891
3344 7362
3345 5128
3346 5126
3347 5926
3348 6203
3349 5194
3350 5078
3351 5731
3352 6611
3353 5507
3354 5872
3355 5385
3356 6017
3357 7421
3358 6215
3359 6810
3360 5948
3361 6713
3362 5937
3363 5310
3364 5323
3365 5424
3366 6122
3367 5257
3368 5818
3369 5112
3370 5175
3371 5484
3372 5391
3373 5627
3374 5437
3375 5394
3376 5022
3377 6338
3378 6772
3379 5676
3380 5818
3381 5815
3382 5485
3383 5255
3384 6243
3385 -993989
3386 5564
3387 5333
3388 5696
3389 6534
3390 5315
3391 5562
3392 4957
3393 5677
3394 5444
3395 5848
3396 8194
3397 5824
3398 5143
3399 5203
3400 5105
3401 5752
3402 5675
3403 5778
3404 5052
3405 5193
3406 4934
3407 5341
3408 5693
3409 4888
3410 5091
3411 5034
3412 6075
3413 5166
3414 7062
3415 5433
3416 5689
3417 5559
3418 5070
3419 5060
3420 5322
3421 5319
3422 5430
3423 5077
3424 5678
3425 5334
3426 5300
3427 5361
3428 5273
3429 4960
3430 5298
3431 5187
3432 5507
3433 7871
3434 5062
3435 6237
3436 6030
3437 5045
3438 6072
3439 5444
3440 5683
3441 5067
3442 5432
3443 5690
3444 5326
3445 5317
3446 6066
3447 5442
3448 5193
3449 5192
3450 5943
3451 7075
3452 5556
3453 5131
3454 6379
3455 5441
3456 5569
3457 6134
3458 5251
3459 6259
3460 5754
3461 5509
3462 5250
3463 4943
3464 5070
3465 5314
3466 5073
3467 5694
3468 5316
3469 7695
3470 5066
3471 5315
3472 5078
3473 4932
3474 5264
3475 5977
3476 5822
3477 5397
3478 5387
3479 6212
3480 5314
3481 5674
3482 5716
3483 5891
3484 5919
3485 5273
3486 5587
3487 8017
3488 6502
3489 6180
3490 5932
3491 5077
3492 5662
3493 5298
3494 6068
3495 5392
3496 5506
3497 5717
3498 5254
3499 6001
3500 6572
3501 6153
3502 5352
3503 5428
3504 7496
3505 5392
3506 6036
3507 5305
3508 5328
3509 5083
3510 5518
3511 5518
3512 5708
3513 4941
3514 5867
3515 6056
3516 6496
3517 5091
3518 5423
3519 6209
3520 5558
3521 5562
3522 8456
3523 4950
3524 4946
3525 6734
3526 5835
3527 4926
3528 4940
3529 5828
3530 5213
3531 5817
3532 4964
3533 6237
3534 5284
3535 5204
3536 5258
3537 6521
3538 5619
3539 5376
3540 7427
3541 5277
3542 6032
3543 5475
3544 4924
3545 5065
3546 4933
3547 4818
3548 5057
3549 5814
3550 5829
3551 5606
3552 5255
3553 5555
3554 5571
3555 5307
3556 5068
3557 5108
3558 8146
3559 5198
3560 -994212
3561 5073
3562 5052
3563 5251
3564 5135
3565 5695
3566 5433
3567 4950
3568 5060
3569 5563
3570 6966
3571 5290
3572 4939
3573 5695
3574 6111
3575 5520
3576 9268
3577 6029
3578 5342
3579 5503
3580 5319
3581 5440
3582 5316
3583 5319
3584 5444
3585 5442
3586 5695
3587 5065
3588 5456
3589 5448
3590 6436
3591 5047
3592 5315
3593 5548
3594 6569
3595 5579
3596 5397
3597 5416
3598 5386
3599 5327
3600 4950
3601 5080
3602 5752
3603 5868
3604 5926
3605 6156
3606 5336
3607 5305
3608 5587
3609 5563
3610 6065
3611 5808
3612 7816
3613 5950
3614 6007
3615 6674
3616 5338
3617 4851
3618 4996
3619 5491
3620 5789
3621 5305
3622 5337
3623 5196
3624 6144
3625 6460
3626 5353
3627 5087
3628 5958
3629 6315
3630 7065
3631 5705
3632 5433
3633 5962
3634 5821
3635 5354
3636 5714
3637 5197
3638 5752
3639 5659
3640 5124
3641 5276
3642 5329
3643 5734
3644 5786
3645 5073
3646 6228
3647 7310
3648 5463
3649 5384
3650 5786
3651 5473
3652 5801
3653 5334
3654 6351
3655 6031
3656 5270
3657 5567
3658 5326
3659 6451
3660 5831
3661 5567
3662 6128
3663 5794
3664 5966
3665 7354
3666 6581
3667 5812
3668 5855
3669 5300
3670 5544
3671 5245
3672 5590
3673 5093
3674 5389
3675 5569
3676 5963
3677 5578
3678 5829
3679 5763
3680 5274
3681 6186
3682 5703
3683 7142
3684 5229
3685 5796
3686 8112
3687 6546
3688 5849
3689 5604
3690 5321
3691 5321
3692 6031
3693 5491
3694 5808
3695 5299
3696 5600
3697 5712
3698 5959
3699 5337
3700 8471
3701 5842
3702 5955
3703 5693
3704 5087
3705 5460
3706 5090
3707 5208
3708 5586
3709 6836
3710 5462
3711 5720
3712 5458
3713 5878
3714 6302
3715 5438
3716 4962
3717 6587
3718 5459
3719 5346
3720 5077
3721 4955
3722 5209
3723 5464
3724 4960
3725 5084
3726 6215
3727 5210
3728 4998
3729 6621
3730 5396
3731 5071
3732 5959
3733 5213
3734 -994666
3735 5335
3736 8109
3737 6269
3738 5258
3739 4984
3740 5298
3741 5373
3742 5422
3743 6330
3744 4967
3745 5773
3746 5665
3747 5706
3748 5226
3749 5262
3750 5334
3751 6546
3752 5458
3753 6008
3754 7369
3755 9969
3756 5264
3757 5564
3758 5094
3759 5292
3760 5738
3761 5369
3762 5310
3763 5292
3764 6646
3765 5625
3766 6374
3767 6609
3768 5614
3769 5670
3770 6793
3771 5189
3772 4974
3773 5586
3774 7879
3775 5186
3776 5321
3777 5161
3778 5197
3779 5721
3780 6361
3781 5294
3782 5580
3783 5631
3784 5541
3785 5084
3786 5461
3787 5464
3788 6697
3789 5347
3790 5209
3791 5124
3792 9132
3793 5125
3794 5503
3795 5339
3796 5420
3797 5325
3798 5809
3799 5132
3800 6144
3801 5475
3802 5458
3803 4948
3804 5201
3805 5455
3806 6134
3807 5509
3808 5779
3809 5548
3810 5905
3811 5485
3812 5337
3813 5608
3814 5895
3815 5216
3816 5088
3817 5785
3818 5580
3819 5618
3820 5624
3821 5254
3822 5840
3823 5544
3824 10286
3825 5201
3826 5087
3827 5269
3828 5483
3829 5440
3830 5476
3831 5407
3832 5561
3833 4981
3834 6654
3835 5659
3836 5209
3837 5383
3838 5237
3839 5078
3840 5077
3841 5458
3842 5950
3843 5329
3844 5080
3845 5202
3846 5464
3847 5316
3848 5838
3849 5412
3850 5051
3851 5080
3852 6176
3853 5079
3854 5074
3855 5474
3856 6496
3857 5255
3858 4956
3859 5405
3860 5648
3861 9340
3862 5592
3863 5860
3864 5425
3865 5333
3866 6088
3867 5362
3868 5316
3869 5087
3870 5343
3871 4703
3872 5485
3873 5837
3874 5320
3875 5464
3876 5470
3877 5005
3878 5535
3879 7622
3880 5398
3881 5129
3882 5324
3883 4950
3884 5191
3885 6364
3886 5504
3887 5723
3888 5411
3889 5842
3890 5586
3891 6341
3892 5595
3893 5171
3894 5699
3895 5527
3896 5302
3897 9276
3898 6600
3899 6144
3900 5728
3901 5281
3902 5501
3903 5662
3904 5859
3905 6161
3906 5387
3907 5335
3908 -993816
3909 5679
3910 4995
3911 5465
3912 5162
3913 4802
3914 7704
3915 5463
3916 5154
3917 6063
3918 5425
3919 6095
3920 5487
3921 5095
3922 5567
3923 6170
3924 5350
3925 5400
3926 5795
3927 5481
3928 4861
3929 5448
3930 4801
3931 5067
3932 7825
3933 5285
3934 5456
3935 5049
3936 7011
3937 5117
3938 5075
3939 5561
3940 5079
3941 5704
3942 5160
3943 5195
3944 5062
3945 5785
3946 5837
3947 5857
3948 6472
3949 6114
3950 8313
3951 5941
3952 5457
3953 5750
3954 5307
3955 5633
3956 5118
3957 5406
3958 5276
3959 5427
3960 5567
3961 5942
3962 5435
3963 5322
3964 5560
3965 4942
3966 5564
3967 6315
3968 8017
3969 5115
3970 5853
3971 5161
3972 6121
3973 5241
3974 5313
3975 5520
3976 5357
3977 5314
3978 5064
3979 5066
3980 5441
3981 5815
3982 4938
3983 5066
3984 5441
3985 5314
3986 7845
3987 5234
3988 5492
3989 5566
3990 5077
3991 5427
3992 5068
3993 5690
3994 5061
3995 5686
3996 5195
3997 5190
3998 5563
3999 5641
4000 5240
4001 5397
4002 5605
4003 5195
4004 6409
4005 5221
4006 5561
4007 5316
4008 4926
4009 5516
4010 5498
4011 5060
4012 5066
4013 5817
4014 5320
4015 6201
4016 5308
4017 5928
4018 5075
4019 5057
4020 4946
4021 5187
4022 5068
4023 7464
4024 5041
4025 4954
4026 5320
4027 5040
4028 5824
4029 5080
4030 5302
4031 5520
4032 6556
4033 4998
4034 5889
4035 5492
4036 5443
4037 5567
4038 5186
4039 5486
4040 5523
4041 5056
4042 7075
4043 5304
4044 6193
4045 5313
4046 5198
4047 5504
4048 5372
4049 5581
4050 5423
4051 5075
4052 5433
4053 5073
4054 5183
4055 5088
4056 5301
4057 5321
4058 5195
4059 5713
4060 6946
4061 5333
4062 5225
4063 5061
4064 5824
4065 5450
4066 5655
4067 5379
4068 5462
4069 5446
4070 4966
4071 6822
4072 6224
4073 5935
4074 5196
4075 5712
4076 5199
4077 5907
4078 7910
4079 5923
4080 5817
4081 5338
4082 5334
4083 5331
4084 5706
4085 -994418
4086 5074
4087 5323
4088 5947
4089 5266
4090 5393
4091 5714
4092 4944
4093 5457
4094 5460
4095 5331
4096 8394
4097 5514
4098 5782
4099 5503
4100 5087
4101 5318
4102 5716
4103 5696
4104 6024
4105 5751
4106 5766
4107 6021
4108 5570
4109 5899
4110 5013
4111 5203
4112 5088
4113 6960
4114 7815
4115 5221
4116 5438
4117 5199
4118 5960
4119 5706
4120 5822
4121 5089
4122 5447
4123 5098
4124 4956
4125 5318
4126 5324
4127 5087
4128 5445
4129 5093
4130 6190
4131 5484
4132 8336
4133 5921
4134 6207
4135 5578
4136 5078
4137 6217
4138 5071
4139 5459
4140 4955
4141 5832
4142 5531
4143 6132
4144 5087
4145 5078
4146 5583
4147 5212
4148 6386
4149 5660
4150 8202
4151 5690
4152 4957
4153 6150
4154 6086
4155 5262
4156 5149
4157 5833
4158 5120
4159 5340
4160 5826
4161 6328
4162 5461
4163 5977
4164 5059
4165 5331
4166 5709
4167 6912
4168 5995
4169 5087
4170 4951
4171 5214
4172 5703
4173 5706
4174 5210
4175 4958
4176 5081
4177 5709
4178 5083
4179 5077
4180 4959
4181 5080
4182 4959
4183 5457
4184 5977
4185 6503
4186 8128
4187 5087
4188 5702
4189 5458
4190 5707
4191 4957
4192 4958
4193 5332
4194 4956
4195 5065
4196 5100
4197 5335
4198 5202
4199 4958
4200 5583
4201 5337
4202 5073
4203 5655
4204 5265
4205 6955
4206 5332
4207 5908
4208 5378
4209 5455
4210 5580
4211 5083
4212 5369
4213 5560
4214 6227
4215 5993
4216 5578
4217 5656
4218 5144
4219 5341
4220 5336
4221 5338
4222 6346
4223 6971
4224 5322
4225 5587
4226 4978
4227 5199
4228 5463
4229 5461
4230 5363
4231 5068
4232 5463
4233 5206
4234 5462
4235 5467
4236 5903
4237 5540
4238 5571
4239 5462
4240 5355
4241 6819
4242 5587
4243 5338
4244 5340
4245 5712
4246 5339
4247 5111
4248 5315
4249 5345
4250 5471
4251 5322
4252 5211
4253 5338
4254 5459
4255 5338
4256 5718
4257 5328
4258 5743
4259 5062
4260 7706
4261 5334
4262 5212
4263 -993601
4264 5903
4265 4962
4266 4961
4267 4969
4268 4956
4269 5088
4270 5214
4271 5584
4272 5216
4273 5209
4274 5726
4275 5081
4276 5073
4277 5217
4278 5457
4279 7998
4280 5421
4281 5595
4282 6079
4283 5088
4284 6218
4285 5336
4286 4957
4287 5771
4288 6445
4289 5612
4290 5007
4291 5475
4292 5953
4293 5219
4294 5526
4295 5912
4296 6770
4297 5887
4298 5955
4299 5330
4300 5589
4301 5337
4302 6619
4303 5923
4304 4961
4305 5340
4306 5383
4307 5664
4308 6643
4309 5531
4310 5090
4311 5333
4312 5450
4313 5213
4314 6429
4315 6312
4316 5143
4317 5201
4318 5596
4319 5079
4320 5589
4321 6081
4322 5090
4323 5717
4324 5833
4325 5274
4326 5387
4327 5093
4328 4957
4329 5719
4330 5079
4331 4843
4332 5726
4333 7321
4334 4955
4335 5340
4336 5486
4337 5729
4338 5790
4339 6649
4340 5394
4341 6716
4342 5707
4343 5338
4344 6088
4345 4965
4346 5340
4347 5087
4348 5774
4349 5777
4350 5590
4351 6970
4352 6330
4353 5775
4354 5523
4355 5397
4356 5404
4357 5336
4358 5964
4359 4966
4360 5086
4361 5088
4362 5098
4363 5334
4364 5699
4365 5094
4366 5333
4367 5462
4368 5334
4369 8464
4370 5583
4371 5081
4372 5345
4373 5602
4374 5070
4375 5578
4376 5596
4377 7454
4378 5212
4379 6231
4380 5823
4381 6089
4382 5087
4383 5214
4384 5592
4385 5709
4386 5462
4387 7967
4388 5086
4389 4961
4390 5343
4391 5092
4392 5341
4393 5512
4394 7651
4395 6090
4396 6029
4397 5400
4398 5524
4399 6059
4400 5053
4401 4961
4402 5274
4403 6154
4404 5916
4405 6631
4406 5733
4407 5692
4408 5907
4409 5893
4410 6032
4411 5649
4412 4960
4413 5842
4414 5712
4415 5210
4416 5340
4417 5087
4418 4967
4419 4961
4420 5713
4421 5269
4422 5535
4423 8213
4424 5338
4425 5462
4426 5088
4427 5340
4428 5214
4429 5838
4430 5089
4431 5777
4432 6025
4433 5087
4434 5340
4435 5088
4436 5713
4437 5715
4438 5712
4439 6592
4440 -994663
4441 6714
4442 6012
4443 5162
4444 5590
4445 4965
4446 4962
4447 6031
4448 5145
4449 5722
4450 5254
4451 6122
4452 6120
4453 5469
4454 5078
4455 4966
4456 5362
4457 5690
4458 5585
4459 7466
4460 5720
4461 4829
4462 5593
4463 5079
4464 5285
4465 5137
4466 5342
4467 6083
4468 5724
4469 5461
4470 5068
4471 5124
4472 5925
4473 5595
4474 5578
4475 4968
4476 5205
4477 6848
4478 5833
4479 5453
4480 5361
4481 5689
4482 5095
4483 5473
4484 5325
4485 5276
4486 5402
4487 5329
4488 5907
4489 5762
4490 5337
4491 5087
4492 5099
4493 5963
4494 5318
4495 5219
4496 6940
4497 5853
4498 5961
4499 6608
4500 5456
4501 5692
4502 6162
4503 5621
4504 5464
4505 6402
4506 6416
4507 5817
4508 5646
4509 5041
4510 5328
4511 5089
4512 5338
4513 6427
4514 5372
4515 5086
4516 4963
4517 6029
4518 5273
4519 5089
4520 5589
4521 5089
4522 5987
4523 5566
4524 5711
4525 5613
4526 5066
4527 5964
4528 5465
4529 5093
4530 5834
4531 5089
4532 6235
4533 5191
4534 5339
4535 5083
4536 5838
4537 5997
4538 5308
4539 6268
4540 5397
4541 5203
4542 5088
4543 5463
4544 5961
4545 5338
4546 4965
4547 5089
4548 5587
4549 6656
4550 8728
4551 5131
4552 5967
4553 5968
4554 5423
4555 5471
4556 4988
4557 5137
4558 5711
4559 5347
4560 5077
4561 4963
4562 5591
4563 5596
4564 5699
4565 6153
4566 6030
4567 5841
4568 7826
4569 5093
4570 5893
4571 5275
4572 9715
4573 5451
4574 4964
4575 5334
4576 5339
4577 6714
4578 5219
4579 5897
4580 5414
4581 5323
4582 5587
4583 4969
4584 5214
4585 5206
4586 7087
4587 5085
4588 5218
4589 5584
4590 5463
4591 5532
4592 5280
4593 5076
4594 6091
4595 5336
4596 5342
4597 5580
4598 5847
4599 5092
4600 5569
4601 5730
4602 5072
4603 5335
4604 7478
4605 5566
4606 5964
4607 5704
4608 6093
4609 5081
4610 5470
4611 5201
4612 5464
4613 5334
4614 5464
4615 5211
4616 5844
4617 -994798
4618 5088
4619 5963
4620 5595
4621 6147
4622 7395
4623 5340
4624 5088
4625 6362
4626 6133
4627 5908
4628 5458
4629 4967
4630 5086
4631 5093
4632 5194
4633 5087
4634 4963
4635 5013
4636 6430
4637 5492
4638 5423
4639 5453
4640 7838
4641 5838
4642 5214
4643 5889
4644 5415
4645 5336
4646 5648
4647 5281
4648 5086
4649 4963
4650 5270
4651 6346
4652 5651
4653 5839
4654 5459
4655 5089
4656 5276
4657 5421
4658 6938
4659 5212
4660 5590
4661 6090
4662 5088
4663 5091
4664 5487
4665 5309
4666 6089
4667 5374
4668 5800
4669 5215
4670 5349
4671 5435
4672 4979
4673 5632
4674 5669
4675 5867
4676 5940
4677 7569
4678 5079
4679 5273
4680 5313
4681 6468
4682 5076
4683 5206
4684 5086
4685 5097
4686 6485
4687 5829
4688 5432
4689 5128
4690 5518
4691 5976
4692 5205
4693 6136
4694 5255
4695 7437
4696 5261
4697 5428
4698 5171
4699 5920
4700 6050
4701 5303
4702 5272
4703 5807
4704 5830
4705 5347
4706 5984
4707 5911
4708 5325
4709 5446
4710 6582
4711 5403
4712 6761
4713 5204
4714 6078
4715 5759
4716 5675
4717 5302
4718 5904
4719 5366
4720 5263
4721 5498
4722 5830
4723 5946
4724 4958
4725 5202
4726 5465
4727 5195
4728 4965
4729 4943
4730 6117
4731 6992
4732 5747
4733 5276
4734 5533
4735 5009
4736 5327
4737 4937
4738 4988
4739 6062
4740 5819
4741 5093
4742 5182
4743 4948
4744 5591
4745 5267
4746 5310
4747 5166
4748 5007
4749 5946
4750 5621
4751 5068
4752 5039
4753 6003
4754 6834
4755 5605
4756 5584
4757 5864
4758 5836
4759 6593
4760 5526
4761 5240
4762 5610
4763 5086
4764 6070
4765 5461
4766 5619
4767 7399
4768 5332
4769 5338
4770 5067
4771 5091
4772 5514
4773 5265
4774 5320
4775 5456
4776 5360
4777 5921
4778 5065
4779 5332
4780 5334
4781 5697
4782 4941
4783 5208
4784 5577
4785 5699
4786 6961
4787 5061
4788 5339
4789 5317
4790 5459
4791 5689
4792 5833
4793 5320
4794 -994647
4795 5732
4796 6647
4797 5577
4798 5089
4799 5520
4800 5251
4801 5076
4802 6032
4803 5751
4804 7592
4805 5441
4806 6699
4807 5331
4808 5078
4809 5205
4810 5079
4811 5583
4812 5069
4813 5078
4814 5327
4815 6065
4816 6294
4817 5258
4818 5862
4819 5667
4820 5878
4821 5389
4822 7089
4823 5577
4824 4977
4825 5072
4826 5084
4827 5338
4828 5771
4829 5781
4830 5590
4831 5119
4832 5166
4833 5461
4834 5462
4835 4971
4836 5340
4837 5200
4838 5084
4839 5584
4840 9483
4841 5842
4842 5165
4843 5225
4844 5750
4845 5362
4846 5247
4847 6014
4848 5379
4849 5329
4850 5487
4851 5144
4852 5249
4853 5683
4854 5765
4855 5400
4856 5245
4857 5805
4858 8481
4859 6359
4860 5433
4861 5710
4862 6753
4863 5360
4864 4809
4865 4938
4866 5169
4867 5572
4868 5318
4869 5319
4870 5946
4871 5305
4872 5677
4873 5688
4874 5626
4875 4879
4876 8926
4877 5446
4878 5191
4879 5317
4880 5190
4881 6192
4882 5565
4883 4941
4884 5320
4885 5064
4886 5210
4887 5054
4888 5312
4889 5567
4890 5452
4891 4933
4892 5182
4893 5643
4894 8245
4895 5697
4896 5288
4897 5260
4898 5624
4899 5062
4900 5317
4901 5310
4902 4971
4903 4926
4904 6639
4905 5937
4906 6318
4907 5260
4908 5876
4909 5768
4910 5695
4911 5568
4912 8572
4913 5314
4914 4945
4915 5597
4916 5278
4917 4964
4918 5807
4919 5712
4920 5168
4921 5239
4922 6044
4923 5282
4924 5686
4925 5864
4926 5827
4927 5578
4928 5946
4929 6644
4930 7383
4931 5777
4932 6185
4933 6131
4934 5874
4935 5314
4936 5423
4937 5564
4938 5103
4939 5023
4940 5485
4941 5319
4942 5328
4943 5742
4944 5502
4945 5396
4946 6396
4947 7620
4948 5882
4949 4937
4950 5010
4951 5080
4952 5706
4953 4969
4954 5142
4955 6148
4956 5070
4957 5328
4958 5580
4959 5397
4960 5390
4961 5457
4962 5591
4963 5260
4964 5519
4965 9178
4966 5218
4967 6339
4968 5077
4969 -994906
4970 5081
4971 5219
4972 5070
4973 5997
4974 5739
4975 6220
4976 5640
4977 5221
4978 5138
4979 6520
4980 6030
4981 5274
4982 5858
4983 6086
4984 5564
4985 5343
4986 5458
4987 4969
4988 5078
4989 5836
4990 5840
4991 5088
4992 5713
4993 4960
4994 5213
4995 8001
4996 5413
4997 5830
4998 5907
4999 6275
5000 5314
5001 7489
5002 5876
5003 5276
5004 5338
5005 6034
5006 6156
5007 6261
5008 5947
5009 5850
5010 5021
5011 5720
5012 5075
5013 5339
5014 5087
5015 5220
5016 5328
5017 4970
5018 6081
5019 7463
5020 5218
5021 5343
5022 5512
5023 5522
5024 5212
5025 5088
5026 5339
5027 5961
5028 5848
5029 5091
5030 5104
5031 5185
5032 5895
5033 5532
5034 5729
5035 5697
5036 5090
5037 8587
5038 6086
5039 5589
5040 5094
5041 5079
5042 5338
5043 4965
5044 5781
5045 5144
5046 4963
5047 6090
5048 6090
5049 5085
5050 5088
5051 6463
5052 5464
5053 5839
5054 5210
5055 9282
5056 6088
5057 5653
5058 5452
5059 5088
5060 5085
5061 5856
5062 5196
5063 5464
5064 6213
5065 5212
5066 5512
5067 5288
5068 5086
5069 5479
5070 5075
5071 5961
5072 5661
5073 7767
5074 4963
5075 5097
5076 5456
5077 5332
5078 4959
5079 5381
5080 5110
5081 5647
5082 5707
5083 6161
5084 5397
5085 5078
5086 5717
5087 4955
5088 5254
5089 5915
5090 5665
5091 9577
5092 5301
5093 5429
5094 5211
5095 5340
5096 5087
5097 5580
5098 5215
5099 6710
5100 5343
5101 5205
5102 6028
5103 5636
5104 5095
5105 4956
5106 4975
5107 5074
5108 5465
5109 7058
5110 5739
5111 5712
5112 5705
5113 5344
5114 4953
5115 6471
5116 5112
5117 5439
5118 5201
5119 5657
5120 5685
5121 5653
5122 5159
5123 5760
5124 5628
5125 4889
5126 6203
5127 5759
5128 6828
5129 5900
5130 5386
5131 5711
5132 5129
5133 5235
5134 5957
5135 5680
5136 5598
5137 5401
5138 5830
5139 5318
5140 5811
5141 5171
5142 5853
5143 5395
5144 5905
5145 -993552
5146 5474
5147 5302
5148 5958
5149 5626
5150 5155
5151 5655
5152 5580
5153 4945
5154 4940
5155 5810
5156 5342
5157 5541
5158 5720
5159 5665
5160 5449
5161 5718
5162 5959
5163 6765
5164 6174
5165 5080
5166 5263
5167 6346
5168 6141
5169 5270
5170 5219
5171 5320
5172 4961
5173 5102
5174 6765
5175 5911
5176 5619
5177 5280
5178 5336
5179 5586
5180 6150
5181 7829
5182 5845
5183 6322
5184 5674
5185 5077
5186 5339
5187 5766
5188 6314
5189 6073
5190 5068
5191 6713
5192 5471
5193 6061
5194 4958
5195 5535
5196 6390
5197 5765
5198 5907
5199 6834
5200 5079
5201 5755
5202 5645
5203 5586
5204 4974
5205 5298
5206 5082
5207 5269
5208 5471
5209 5393
5210 5976
5211 5130
5212 5009
5213 5722
5214 5691
5215 5567
5216 5409
5217 7338
5218 5626
5219 5081
5220 6307
5221 5546
5222 5435
5223 5281
5224 5255
5225 5949
5226 5207
5227 5384
5228 5400
5229 5501
5230 5096
5231 5298
5232 5443
5233 5075
5234 5188
5235 6371
5236 5663
5237 5961
5238 5568
5239 5976
5240 5580
5241 4933
5242 4841
5243 5078
5244 5457
5245 5707
5246 5226
5247 5566
5248 5852
5249 5255
5250 5810
5251 4948
5252 6187
5253 6917
5254 6677
5255 5276
5256 6049
5257 5354
5258 5680
5259 5719
5260 5107
5261 5975
5262 5777
5263 5015
5264 5575
5265 5406
5266 5635
5267 5541
5268 5781
5269 5961
5270 5567
5271 7803
5272 5077
5273 5069
5274 5313
5275 6072
5276 5666
5277 5182
5278 6784
5279 5161
5280 5288
5281 5072
5282 5679
5283 5723
5284 5582
5285 5900
5286 5338
5287 5611
5288 5434
5289 6103
5290 5819
5291 5341
5292 5336
5293 5581
5294 4951
5295 5095
5296 5075
5297 5513
5298 5663
5299 5618
5300 5697
5301 5308
5302 5209
5303 8750
5304 6112
5305 5987
5306 5474
5307 8296
5308 6963
5309 5327
5310 5635
5311 5288
5312 5093
5313 4952
5314 6010
5315 5836
5316 5056
5317 5324
5318 5515
5319 5035
5320 5085
5321 -994917
5322 5598
5323 6204
5324 5327
5325 8468
5326 4955
5327 5341
5328 4955
5329 4964
5330 5460
5331 5853
5332 5322
5333 5329
5334 5254
5335 5166
5336 5962
5337 6114
5338 5428
5339 5338
5340 5085
5341 5458
5342 6493
5343 7183
5344 5702
5345 5965
5346 5082
5347 5215
5348 6584
5349 5080
5350 5968
5351 5835
5352 6206
5353 5327
5354 5586
5355 5775
5356 5264
5357 5480
5358 4943
5359 5583
5360 5484
5361 8426
5362 5080
5363 5088
5364 5524
5365 5401
5366 5854
5367 5571
5368 5088
5369 5966
5370 5459
5371 5338
5372 5072
5373 5157
5374 5281
5375 5096
5376 5328
5377 5143
5378 6029
5379 8519
5380 5154
5381 5092
5382 5081
5383 5338
5384 5089
5385 5152
5386 5274
5387 5078
5388 5151
5389 5269
5390 5104
5391 5325
5392 5587
5393 5498
5394 5151
5395 6047
5396 5534
5397 5074
5398 8464
5399 5463
5400 4969
5401 5084
5402 5280
5403 5198
5404 5286
5405 5647
5406 5282
5407 5583
5408 5962
5409 6216
5410 5514
5411 5413
5412 5104
5413 5435
5414 5526
5415 5022
5416 7736
5417 5442
5418 5217
5419 5086
5420 5711
5421 5219
5422 5466
5423 5333
5424 5081
5425 4967
5426 6026
5427 5689
5428 5536
5429 5844
5430 5331
5431 5237
5432 5343
5433 5962
5434 9495
5435 5339
5436 5199
5437 5204
5438 5168
5439 5364
5440 5479
5441 5855
5442 5546
5443 5471
5444 5138
5445 5526
5446 5630
5447 5130
5448 5892
5449 5521
5450 5053
5451 5123
5452 7833
5453 5338
5454 6033
5455 6063
5456 5529
5457 6588
5458 5188
5459 5207
5460 4826
5461 5328
5462 4877
5463 5672
5464 5327
5465 5616
5466 6579
5467 5292
5468 4948
5469 5463
5470 7717
5471 5534
5472 5703
5473 5086
5474 5072
5475 4997
5476 6727
5477 5571
5478 5269
5479 5333
5480 5578
5481 5073
5482 5087
5483 5458
5484 6206
5485 5280
5486 5335
5487 5082
5488 8785
5489 5260
5490 6157
5491 5398
5492 5644
5493 5528
5494 5848
5495 5074
5496 5204
5497 6463
5498 -994541
5499 5342
5500 5834
5501 5079
5502 5491
5503 5681
5504 4967
5505 5976
5506 7468
5507 5179
5508 5589
5509 5712
5510 5611
5511 5559
5512 5465
5513 6405
5514 5770
5515 5716
5516 5388
5517 5172
5518 5082
5519 5452
5520 4956
5521 5210
5522 5714
5523 5462
5524 8092
5525 5465
5526 5207
5527 5081
5528 5841
5529 4955
5530 5337
5531 5087
5532 5464
5533 5091
5534 5085
5535 5096
5536 5453
5537 6271
5538 5278
5539 5088
5540 5088
5541 6219
5542 5332
5543 6090
5544 5085
5545 5122
5546 5457
5547 5310
5548 5326
5549 5841
5550 5464
5551 5703
5552 5966
5553 6534
5554 5848
5555 5593
5556 5706
5557 5983
5558 5316
5559 5088
5560 4989
5561 7340
5562 6080
5563 5439
5564 5449
5565 5948
5566 6579
5567 5720
5568 5983
5569 5503
5570 5791
5571 5651
5572 5763
5573 5148
5574 5229
5575 5463
5576 6163
5577 6414
5578 7484
5579 5701
5580 5495
5581 5511
5582 5113
5583 5924
5584 5091
5585 6571
5586 7506
5587 6268
5588 5981
5589 5913
5590 5516
5591 5793
5592 5404
5593 5798
5594 5811
5595 8147
5596 5538
5597 5807
5598 5132
5599 5117
5600 5389
5601 4944
5602 4938
5603 5459
5604 5600
5605 6151
5606 5315
5607 5297
5608 5433
5609 5817
5610 5065
5611 5192
5612 6189
5613 6817
5614 5069
5615 5940
5616 5560
5617 5463
5618 5871
5619 5961
5620 5589
5621 5450
5622 5496
5623 6136
5624 5508
5625 6022
5626 5612
5627 5107
5628 5899
5629 5307
5630 5567
5631 7341
5632 5168
5633 5237
5634 6017
5635 6036
5636 5982
5637 5638
5638 5346
5639 5358
5640 5788
5641 5046
5642 5588
5643 5326
5644 5462
5645 6161
5646 6038
5647 5638
5648 8378
5649 5214
5650 5617
5651 5130
5652 6201
5653 5551
5654 5444
5655 5436
5656 5972
5657 5913
5658 5051
5659 5203
5660 5548
5661 5750
5662 5128
5663 5437
5664 5175
5665 5571
5666 8329
5667 5641
5668 5757
5669 5358
5670 5318
5671 -994933
5672 5050
5673 5060
5674 5325
5675 5926
5676 6199
5677 5555
5678 6760
5679 5378
5680 5435
5681 5818
5682 6381
5683 5372
5684 7584
5685 6165
5686 4945
5687 5695
5688 6014
5689 5126
5690 5065
5691 5775
5692 5610
5693 5585
5694 5041
5695 4944
5696 4941
5697 5567
5698 4948
5699 5695
5700 5684
5701 5695
5702 7511
5703 5120
5704 5133
5705 5579
5706 5877
5707 5429
5708 5323
5709 5192
5710 5616
5711 5261
5712 5839
5713 5914
5714 5073
5715 5696
5716 5441
5717 5071
5718 5196
5719 5816
5720 8199
5721 4942
5722 5062
5723 5075
5724 4936
5725 5439
5726 5075
5727 5199
5728 5188
5729 5066
5730 5438
5731 5567
5732 5192
5733 4944
5734 5448
5735 5868
5736 5867
5737 5705
5738 5215
5739 6581
5740 5338
5741 5775
5742 5278
5743 4837
5744 5096
5745 5244
5746 5308
5747 5126
5748 5472
5749 5400
5750 5217
5751 5084
5752 5467
5753 6021
5754 5528
5755 5714
5756 5593
5757 6584
5758 5203
5759 5090
5760 5152
5761 5777
5762 5584
5763 5715
5764 5339
5765 4964
5766 5451
5767 5838
5768 6587
5769 5463
5770 5859
5771 6068
5772 5699
5773 5031
5774 6097
5775 6766
5776 5334
5777 5220
5778 7891
5779 5684
5780 5271
5781 5324
5782 5200
5783 5102
5784 5610
5785 6359
5786 6512
5787 5557
5788 5632
5789 5380
5790 5485
5791 5533
5792 5682
5793 7434
5794 5309
5795 6214
5796 5698
5797 5133
5798 5252
5799 5590
5800 5152
5801 5056
5802 5491
5803 5312
5804 5427
5805 5850
5806 5562
5807 5319
5808 5336
5809 5448
5810 5198
5811 6882
5812 5847
5813 6716
5814 5745
5815 5829
5816 5454
5817 5203
5818 5004
5819 5269
5820 5469
5821 6201
5822 5308
5823 5091
5824 5950
5825 5446
5826 5448
5827 5954
5828 6211
5829 7196
5830 5065
5831 5714
5832 5191
5833 4951
5834 5080
5835 5082
5836 5326
5837 5463
5838 5452
5839 5701
5840 5750
5841 5647
5842 5475
5843 6154
5844 5235
5845 7009
5846 5292
5847 7962
5848 -994258
5849 5539
5850 5393
5851 5758
5852 5360
5853 5539
5854 6090
5855 5703
5856 5242
5857 5556
5858 5123
5859 5401
5860 5410
5861 5536
5862 5729
5863 5797
5864 5375
5865 9160
5866 5623
5867 5179
5868 6089
5869 5938
5870 5191
5871 6460
5872 4963
5873 5058
5874 5170
5875 6056
5876 7026
5877 5334
5878 5191
5879 5100
5880 5611
5881 5379
5882 6779
5883 5886
5884 5257
5885 4964
5886 5053
5887 5327
5888 5326
5889 5575
5890 5330
5891 6367
5892 6294
5893 5223
5894 5301
5895 5696
5896 5076
5897 5328
5898 5273
5899 5381
5900 5088
5901 6434
5902 6326
5903 4952
5904 5451
5905 5753
5906 5900
5907 5579
5908 5109
5909 5168
5910 5203
5911 5203
5912 5074
5913 5082
5914 5573
5915 5575
5916 5528
5917 5751
5918 5093
5919 6505
5920 5636
5921 5197
5922 4954
5923 4948
5924 5451
5925 5953
5926 5082
5927 5454
5928 5314
5929 4965
5930 5058
5931 5077
5932 4955
5933 5698
5934 5577
5935 5700
5936 5826
5937 5199
5938 8102
5939 5303
5940 5076
5941 5574
5942 5836
5943 6063
5944 5201
5945 5575
5946 5075
5947 5076
5948 5573
5949 5581
5950 5323
5951 5639
5952 5389
5953 5077
5954 5075
5955 6272
5956 8860
5957 5477
5958 4953
5959 5201
5960 5333
5961 5755
5962 5272
5963 5176
5964 5453
5965 5202
5966 4955
5967 5197
5968 5483
5969 5009
5970 5738
5971 5732
5972 6296
5973 5318
5974 6525
5975 5068
5976 6047
5977 5239
5978 5313
5979 5539
5980 5242
5981 5809
5982 5424
5983 5385
5984 5730
5985 5223
5986 6095
5987 5539
5988 5368
5989 5712
5990 5321
5991 6098
5992 6962
5993 5859
5994 6188
5995 6390
5996 6377
5997 6610
5998 5357
5999 5416
6000 6443
6001 4938
6002 5949
6003 5103
6004 5800
6005 5154
6006 5084
6007 5482
6008 5886
6009 5071
6010 7810
6011 5084
6012 5537
6013 5551
6014 6265
6015 5335
6016 5568
6017 6326
6018 5453
6019 6001
6020 5301
6021 5088
6022 5461
6023 5220
6024 5124
6025 -994784
6026 5287
6027 4967
6028 7088
6029 5210
6030 5094
6031 5124
6032 5665
6033 5766
6034 5302
6035 5570
6036 5098
6037 6713
6038 5713
6039 5534
6040 6053
6041 5176
6042 5259
6043 5197
6044 5545
6045 5568
6046 8374
6047 5147
6048 5127
6049 5410
6050 5851
6051 5077
6052 5340
6053 5091
6054 5342
6055 5077
6056 5714
6057 5461
6058 5094
6059 5082
6060 6089
6061 5213
6062 5735
6063 5854
6064 6567
6065 5198
6066 5208
6067 5143
6068 6283
6069 5339
6070 5807
6071 6541
6072 6590
6073 6261
6074 5877
6075 5118
6076 5721
6077 5117
6078 5383
6079 6183
6080 5876
6081 5506
6082 6934
6083 5340
6084 5994
6085 5547
6086 5228
6087 4940
6088 5184
6089 5473
6090 5160
6091 6490
6092 5179
6093 5153
6094 4812
6095 5489
6096 5910
6097 5299
6098 5604
6099 5396
6100 6595
6101 5291
6102 6315
6103 5090
6104 5054
6105 5307
6106 5827
6107 5330
6108 5028
6109 5648
6110 5295
6111 5535
6112 6799
6113 5127
6114 5663
6115 5486
6116 5726
6117 5661
6118 8481
6119 5151
6120 5447
6121 6310
6122 5820
6123 5067
6124 5944
6125 5315
6126 5819
6127 5069
6128 5253
6129 5263
6130 5816
6131 5127
6132 5386
6133 5569
6134 5253
6135 5018
6136 6057
6137 5887
6138 5757
6139 5227
6140 5910
6141 5442
6142 5073
6143 5313
6144 5586
6145 5355
6146 5303
6147 5838
6148 6077
6149 5389
6150 6092
6151 5265
6152 5330
6153 6278
6154 9082
6155 5265
6156 5525
6157 5141
6158 5899
6159 6646
6160 5197
6161 5837
6162 5599
6163 5557
6164 5610
6165 5681
6166 5331
6167 5333
6168 5075
6169 4956
6170 5094
6171 5441
6172 8459
6173 6105
6174 6058
6175 5467
6176 5570
6177 5331
6178 5959
6179 5707
6180 5708
6181 6901
6182 5639
6183 5457
6184 5105
6185 5433
6186 6022
6187 5276
6188 5445
6189 5206
6190 7458
6191 4968
6192 5444
6193 6833
6194 5344
6195 5071
6196 5695
6197 5830
6198 5082
6199 5332
6200 5333
6201 -994291
6202 5084
6203 5080
6204 5080
6205 5711
6206 4960
6207 5459
6208 9655
6209 5661
6210 5950
6211 5308
6212 5798
6213 6022
6214 4945
6215 6339
6216 5584
6217 5087
6218 5080
6219 6204
6220 6139
6221 5452
6222 5433
6223 5521
6224 5212
6225 6362
6226 5170
6227 5126
6228 6313
6229 5563
6230 5691
6231 5468
6232 5456
6233 5837
6234 5339
6235 5401
6236 5320
6237 5795
6238 6517
6239 6598
6240 5282
6241 5758
6242 5538
6243 8488
6244 5739
6245 5025
6246 5219
6247 5458
6248 5716
6249 5708
6250 5339
6251 5272
6252 5787
6253 5202
6254 5342
6255 5584
6256 5215
6257 5716
6258 5957
6259 5838
6260 5344
6261 8580
6262 5084
6263 6403
6264 6151
6265 5788
6266 5763
6267 5394
6268 6154
6269 5963
6270 5213
6271 5093
6272 5583
6273 5282
6274 5527
6275 5079
6276 5084
6277 6336
6278 5340
6279 6587
6280 6889
6281 5414
6282 4965
6283 5086
6284 5334
6285 4962
6286 5338
6287 5339
6288 6339
6289 5214
6290 5088
6291 4715
6292 5345
6293 5077
6294 5090
6295 4972
6296 5082
6297 6084
6298 7212
6299 4965
6300 5088
6301 5967
6302 5456
6303 4965
6304 4960
6305 4964
6306 5338
6307 5090
6308 5088
6309 5339
6310 5463
6311 4964
6312 4960
6313 4961
6314 5340
6315 5213
6316 5088
6317 6589
6318 4979
6319 5322
6320 5591
6321 4953
6322 4986
6323 5317
6324 5586
6325 5467
6326 5085
6327 5461
6328 5963
6329 6153
6330 5271
6331 5087
6332 5837
6333 5715
6334 5462
6335 9154
6336 5273
6337 4963
6338 5841
6339 5582
6340 6153
6341 5774
6342 5593
6343 5082
6344 5091
6345 5088
6346 6427
6347 5337
6348 5472
6349 5225
6350 5754
6351 5962
6352 6310
6353 7300
6354 6255
6355 5451
6356 5150
6357 5600
6358 5655
6359 5302
6360 5496
6361 5349
6362 5162
6363 5840
6364 5352
6365 5556
6366 5452
6367 5393
6368 5895
6369 5245
6370 5970
6371 6055
6372 6019
6373 7485
6374 5892
6375 5733
6376 5134
6377 -995122
6378 5042
6379 5077
6380 5424
6381 5323
6382 4936
6383 5690
6384 5302
6385 5605
6386 5286
6387 6390
6388 6941
6389 5737
6390 5451
6391 5303
6392 5602
6393 5281
6394 6317
6395 5561
6396 5319
6397 5793
6398 5206
6399 5761
6400 5986
6401 5819
6402 5055
6403 5941
6404 6435
6405 5567
6406 8718
6407 5660
6408 5124
6409 6127
6410 5444
6411 5074
6412 5930
6413 5081
6414 5712
6415 5192
6416 5031
6417 5059
6418 5074
6419 5053
6420 5690
6421 5824
6422 5060
6423 6344
6424 8391
6425 6091
6426 5298
6427 5065
6428 5062
6429 5576
6430 6305
6431 5119
6432 5273
6433 5696
6434 6355
6435 5250
6436 5288
6437 5941
6438 5314
6439 5569
6440 5563
6441 5441
6442 7330
6443 5430
6444 5437
6445 5065
6446 5314
6447 4938
6448 5065
6449 5317
6450 5192
6451 6200
6452 5810
6453 5686
6454 5183
6455 5561
6456 5951
6457 5678
6458 5512
6459 5245
6460 8376
6461 5191
6462 5374
6463 5065
6464 5691
6465 5066
6466 6192
6467 5893
6468 5243
6469 5126
6470 5251
6471 5327
6472 5676
6473 6817
6474 5816
6475 5073
6476 5940
6477 5701
6478 7180
6479 5064
6480 5194
6481 5063
6482 5685
6483 5192
6484 4937
6485 5321
6486 5004
6487 5011
6488 5673
6489 5320
6490 5057
6491 5442
6492 5312
6493 5067
6494 5067
6495 4818
6496 5817
6497 7444
6498 5436
6499 5319
6500 5440
6501 5853
6502 5901
6503 5439
6504 5316
6505 5474
6506 5279
6507 5563
6508 5060
6509 4940
6510 5565
6511 5761
6512 6564
6513 5123
6514 5812
6515 7319
6516 4935
6517 4945
6518 5317
6519 5593
6520 5040
6521 5462
6522 5934
6523 5053
6524 6246
6525 5250
6526 5267
6527 5607
6528 5568
6529 5375
6530 5001
6531 5070
6532 6384
6533 8870
6534 5198
6535 4934
6536 5563
6537 5068
6538 5943
6539 4942
6540 5537
6541 5223
6542 5821
6543 5416
6544 6268
6545 6119
6546 5179
6547 5450
6548 5679
6549 5573
6550 5305
6551 8526
6552 5112
6553 -994181
6554 5432
6555 5053
6556 5331
6557 5429
6558 5202
6559 5290
6560 5070
6561 5053
6562 5573
6563 5623
6564 5257
6565 5595
6566 5234
6567 6002
6568 5554
6569 7701
6570 6197
6571 5950
6572 6477
6573 5128
6574 5821
6575 6310
6576 5449
6577 5081
6578 5776
6579 5970
6580 5963
6581 5708
6582 5570
6583 5334
6584 5832
6585 5588
6586 4968
6587 8958
6588 4961
6589 4962
6590 5508
6591 5295
6592 6837
6593 5616
6594 5184
6595 5578
6596 5337
6597 5337
6598 5464
6599 5657
6600 6017
6601 5212
6602 4994
6603 5430
6604 5151
6605 8762
6606 5447
6607 5792
6608 5366
6609 5628
6610 5418
6611 6678
6612 6584
6613 5337
6614 6003
6615 5970
6616 6034
6617 5323
6618 6292
6619 5249
6620 5772
6621 5265
6622 7750
6623 5175
6624 5452
6625 4914
6626 5109
6627 6275
6628 5478
6629 5502
6630 5201
6631 5233
6632 5200
6633 4901
6634 5710
6635 5064
6636 5319
6637 5564
6638 5758
6639 5121
6640 8940
6641 5441
6642 4942
6643 6192
6644 5198
6645 5052
6646 5195
6647 5559
6648 5566
6649 5314
6650 6467
6651 5540
6652 5191
6653 5524
6654 5605
6655 5324
6656 5924
6657 5303
6658 7940
6659 5566
6660 5065
6661 5716
6662 5292
6663 5196
6664 5051
6665 5941
6666 5601
6667 6325
6668 5395
6669 5444
6670 5355
6671 5526
6672 5886
6673 5507
6674 5882
6675 5248
6676 7691
6677 4944
6678 5090
6679 5035
6680 5068
6681 5071
6682 6305
6683 5439
6684 5074
6685 5564
6686 5714
6687 5044
6688 5314
6689 5441
6690 5701
6691 5495
6692 5747
6693 5454
6694 6706
6695 5563
6696 6077
6697 5081
6698 5024
6699 5121
6700 5191
6701 5079
6702 5066
6703 5085
6704 5810
6705 5581
6706 5319
6707 5828
6708 5072
6709 5078
6710 5070
6711 6202
6712 6366
6713 9527
6714 5568
6715 5141
6716 5402
6717 5924
6718 5354
6719 5261
6720 5240
6721 5366
6722 5522
6723 5600
6724 5843
6725 5242
6726 5198
6727 5573
6728 7158
6729 -993730
6730 8920
6731 6110
6732 5668
6733 5150
6734 5601
6735 5867
6736 5723
6737 5596
6738 5187
6739 5015
6740 4933
6741 5111
6742 5395
6743 5063
6744 5558
6745 6089
6746 5671
6747 5057
6748 7322
6749 5179
6750 5443
6751 5442
6752 6088
6753 5026
6754 5489
6755 5661
6756 4927
6757 5324
6758 5054
6759 5199
6760 5058
6761 4941
6762 5739
6763 5395
6764 5050
6765 5616
6766 5523
6767 7755
6768 6134
6769 5166
6770 5706
6771 5082
6772 5403
6773 6299
6774 6094
6775 5273
6776 5530
6777 5120
6778 5096
6779 5466
6780 5696
6781 5522
6782 6175
6783 5298
6784 6864
6785 6561
6786 5786
6787 6332
6788 5344
6789 6533
6790 5186
6791 6171
6792 5630
6793 6428
6794 5552
6795 5112
6796 5353
6797 4846
6798 5173
6799 5915
6800 5198
6801 5508
6802 6746
6803 5237
6804 6292
6805 5454
6806 4831
6807 5128
6808 5288
6809 4957
6810 5731
6811 4930
6812 5957
6813 5339
6814 6238
6815 5048
6816 5570
6817 5458
6818 5703
6819 5352
6820 5948
6821 5206
6822 4955
6823 5888
6824 5646
6825 5333
6826 5333
6827 5982
6828 5431
6829 5582
6830 6277
6831 5260
6832 5208
6833 5455
6834 5209
6835 5458
6836 5331
6837 5455
6838 5533
6839 9026
6840 5817
6841 5074
6842 5644
6843 5272
6844 5080
6845 5831
6846 5652
6847 5387
6848 5586
6849 5453
6850 5079
6851 5082
6852 5707
6853 5459
6854 4870
6855 5178
6856 5296
6857 7351
6858 5177
6859 5078
6860 5070
6861 5295
6862 5198
6863 5318
6864 5321
6865 4953
6866 5334
6867 6874
6868 5618
6869 5265
6870 4948
6871 5300
6872 5945
6873 5576
6874 5811
6875 8698
6876 5274
6877 5569
6878 4930
6879 5322
6880 5691
6881 5340
6882 5590
6883 5448
6884 6314
6885 5240
6886 5476
6887 5521
6888 6275
6889 5103
6890 5295
6891 5035
6892 5591
6893 6767
6894 8708
6895 6106
6896 5559
6897 4887
6898 6981
6899 5787
6900 5097
6901 5569
6902 5626
6903 5308
6904 -994243
6905 5348
6906 6519
6907 5108
6908 5615
6909 5970
6910 7202
6911 4948
6912 5202
6913 5080
6914 6875
6915 5704
6916 5455
6917 6557
6918 5086
6919 6140
6920 5143
6921 5098
6922 5313
6923 5703
6924 5077
6925 5389
6926 5271
6927 5206
6928 8007
6929 5770
6930 6334
6931 6106
6932 6211
6933 5194
6934 6167
6935 5264
6936 5284
6937 4992
6938 5384
6939 5495
6940 5441
6941 6411
6942 5228
6943 5298
6944 5222
6945 5435
6946 9897
6947 5645
6948 5512
6949 6141
6950 5117
6951 5046
6952 4953
6953 5082
6954 5327
6955 6140
6956 5763
6957 5457
6958 5446
6959 5080
6960 5335
6961 6207
6962 5581
6963 7149
6964 7292
6965 6532
6966 5793
6967 5665
6968 7072
6969 6289
6970 6627
6971 5001
6972 6254
6973 5123
6974 5567
6975 5194
6976 5047
6977 4939
6978 5249
6979 5679
6980 5560
6981 5632
6982 5068
6983 5315
6984 6192
6985 5190
6986 5619
6987 5763
6988 5876
6989 5127
6990 5440
6991 5315
6992 5817
6993 6243
6994 5387
6995 4936
6996 4939
6997 5063
6998 4945
6999 9495
7000 5205
7001 5761
7002 5412
7003 6192
7004 6313
7005 5390
7006 5220
7007 5135
7008 6001
7009 5664
7010 5462
7011 5482
7012 5305
7013 5334
7014 4953
7015 5081
7016 5206
7017 7856
7018 5932
7019 6705
7020 5214
7021 5203
7022 6089
7023 5329
7024 5598
7025 5691
7026 6707
7027 5338
7028 4948
7029 5337
7030 5077
7031 5084
7032 5522
7033 5515
7034 5583
7035 8468
7036 5135
7037 5255
7038 5531
7039 5138
7040 5338
7041 5581
7042 5559
7043 5205
7044 5102
7045 5691
7046 6336
7047 5330
7048 5951
7049 5091
7050 4945
7051 6515
7052 5332
7053 6778
7054 5326
7055 5082
7056 5784
7057 5884
7058 6587
7059 5396
7060 5282
7061 5565
7062 5708
7063 5206
7064 5235
7065 5285
7066 5209
7067 5336
7068 5339
7069 6278
7070 5397
7071 7745
7072 5453
7073 5438
7074 5712
7075 5342
7076 5335
7077 5214
7078 5087
7079 -994912
7080 6231
7081 5446
7082 5743
7083 5934
7084 5587
7085 5349
7086 5322
7087 5221
7088 5457
7089 8582
7090 5463
7091 5965
7092 5088
7093 5336
7094 5783
7095 5644
7096 5094
7097 5331
7098 6587
7099 5647
7100 5537
7101 5573
7102 5212
7103 6468
7104 5209
7105 6281
7106 5273
7107 8214
7108 4960
7109 5089
7110 5088
7111 5088
7112 5229
7113 5593
7114 5429
7115 6000
7116 5522
7117 5734
7118 5707
7119 5064
7120 5843
7121 5310
7122 4955
7123 5113
7124 5802
7125 8211
7126 5307
7127 5111
7128 5218
7129 5029
7130 5622
7131 5715
7132 6395
7133 6195
7134 5173
7135 5204
7136 5569
7137 5689
7138 5301
7139 5489
7140 6050
7141 5844
7142 6256
7143 7943
7144 5980
7145 4945
7146 4957
7147 4964
7148 5501
7149 4795
7150 5499
7151 5421
7152 5106
7153 5194
7154 4853
7155 5238
7156 6050
7157 5082
7158 5084
7159 5103
7160 5227
7161 7214
7162 5444
7163 5845
7164 5074
7165 5096
7166 5074
7167 5845
7168 5828
7169 4968
7170 5239
7171 5555
7172 5329
7173 5342
7174 5094
7175 5822
7176 6143
7177 5276
7178 5022
7179 5521
7180 7431
7181 5071
7182 6132
7183 6147
7184 5095
7185 5236
7186 5786
7187 6359
7188 5322
7189 6257
7190 5612
7191 6494
7192 5779
7193 6072
7194 6124
7195 6007
7196 6070
7197 8194
7198 5809
7199 5585
7200 5452
7201 5669
7202 5586
7203 5115
7204 6117
7205 5466
7206 5364
7207 5095
7208 5693
7209 7663
7210 5094
7211 5351
7212 7288
7213 5771
7214 7805
7215 7429
7216 5689
7217 5293
7218 5566
7219 5933
7220 5370
7221 5257
7222 5318
7223 5810
7224 5570
7225 6846
7226 5661
7227 5068
7228 4941
7229 5992
7230 5949
7231 6265
7232 5332
7233 5570
7234 5256
7235 5575
7236 6120
7237 5069
7238 5818
7239 7068
7240 5192
7241 5068
7242 4949
7243 5073
7244 5996
7245 5901
7246 6414
7247 5066
7248 6120
7249 8385
7250 5714
7251 5575
7252 -993846
7253 5443
7254 5069
7255 5573
7256 5315
7257 5442
7258 5072
7259 5562
7260 5071
7261 5446
7262 5428
7263 5318
7264 5318
7265 6013
7266 5009
7267 9434
7268 5193
7269 5066
7270 6213
7271 5569
7272 5042
7273 5316
7274 5818
7275 5627
7276 5658
7277 5180
7278 5061
7279 5247
7280 5400
7281 5062
7282 5055
7283 5577
7284 5195
7285 6938
7286 5197
7287 5387
7288 5502
7289 5970
7290 5674
7291 5070
7292 6435
7293 5337
7294 5633
7295 5769
7296 4983
7297 5796
7298 5185
7299 5071
7300 5824
7301 5317
7302 5572
7303 4944
7304 7567
7305 5069
7306 4955
7307 5739
7308 6144
7309 5884
7310 5286
7311 5295
7312 5071
7313 5329
7314 6835
7315 6492
7316 5124
7317 4947
7318 4946
7319 5079
7320 6515
7321 5571
7322 5874
7323 5194
7324 5322
7325 5572
7326 5697
7327 4945
7328 5331
7329 5308
7330 4946
7331 5077
7332 5061
7333 5073
7334 5074
7335 4942
7336 5071
7337 5715
7338 5671
7339 5697
7340 5321
7341 7571
7342 4945
7343 5069
7344 5358
7345 7161
7346 7644
7347 6322
7348 6514
7349 5677
7350 5196
7351 5325
7352 5442
7353 5072
7354 5327
7355 5191
7356 5821
7357 5196
7358 8475
7359 5171
7360 5701
7361 5190
7362 5700
7363 6014
7364 5624
7365 4946
7366 5579
7367 5559
7368 5446
7369 5075
7370 4944
7371 5821
7372 5072
7373 4945
7374 5067
7375 5202
7376 5070
7377 6946
7378 5323
7379 4942
7380 5446
7381 6098
7382 5050
7383 6262
7384 5557
7385 5320
7386 5381
7387 5322
7388 5248
7389 5268
7390 5464
7391 5697
7392 5081
7393 6136
7394 5401
7395 8705
7396 5977
7397 7006
7398 5135
7399 5694
7400 5713
7401 4946
7402 5527
7403 6327
7404 5520
7405 5458
7406 6448
7407 5574
7408 5710
7409 5581
7410 5209
7411 6511
7412 7277
7413 5328
7414 5456
7415 5659
7416 5001
7417 5139
7418 6149
7419 5962
7420 5692
7421 5332
7422 5711
7423 5077
7424 6080
7425 5333
7426 5455
7427 5482
7428 5182
7429 5333
7430 -991292
7431 5705
7432 6084
7433 5332
7434 5081
7435 5581
7436 5868
7437 5167
7438 6449
7439 5213
7440 5264
7441 5643
7442 5077
7443 5228
7444 5240
7445 5519
7446 5574
7447 5983
7448 7059
7449 4945
7450 5214
7451 5445
7452 4963
7453 5073
7454 5709
7455 5702
7456 5328
7457 5577
7458 5083
7459 5483
7460 5297
7461 5656
7462 5254
7463 5961
7464 6221
7465 5371
7466 6264
7467 6265
7468 5530
7469 6131
7470 6770
7471 5331
7472 6121
7473 5292
7474 5700
7475 5080
7476 5707
7477 5337
7478 6325
7479 5713
7480 6153
7481 6191
7482 5950
7483 5285
7484 8196
7485 6329
7486 5202
7487 6333
7488 5082
7489 5707
7490 5775
7491 5266
7492 6460
7493 6641
7494 5641
7495 5083
7496 5705
7497 6713
7498 5701
7499 6279
7500 6132
7501 7401
7502 5390
7503 5983
7504 5675
7505 6246
7506 5538
7507 5459
7508 5080
7509 5966
7510 5323
7511 5333
7512 5460
7513 5828
7514 5743
7515 4922
7516 5079
7517 6086
7518 4951
7519 7208
7520 5209
7521 5581
7522 5084
7523 6282
7524 5625
7525 5456
7526 5206
7527 5706
7528 6208
7529 5833
7530 5831
7531 5212
7532 5699
7533 6098
7534 5326
7535 5619
7536 6672
7537 6182
7538 6365
7539 5320
7540 6001
7541 5681
7542 4960
7543 5663
7544 5561
7545 5744
7546 5552
7547 5112
7548 5434
7549 5066
7550 5695
7551 5033
7552 6040
7553 5386
7554 6198
7555 5417
7556 5635
7557 5423
7558 5680
7559 5483
7560 6139
7561 5866
7562 5656
7563 5369
7564 6180
7565 6298
7566 5088
7567 6223
7568 5959
7569 5266
7570 6215
7571 5304
7572 7226
7573 5681
7574 5640
7575 5811
7576 5386
7577 7486
7578 5434
7579 5782
7580 5280
7581 5275
7582 5148
7583 5338
7584 5342
7585 6029
7586 5769
7587 5461
7588 6338
7589 5221
7590 7452
7591 5085
7592 5467
7593 5471
7594 5583
7595 5835
7596 4962
7597 5093
7598 5330
7599 5716
7600 6212
7601 5339
7602 5474
7603 -994672
7604 6465
7605 5959
7606 5967
7607 7209
7608 5736
7609 5438
7610 6096
7611 5332
7612 5211
7613 5089
7614 6028
7615 5774
7616 6213
7617 5127
7618 5551
7619 6211
7620 6089
7621 6403
7622 5016
7623 5712
7624 5714
7625 7839
7626 5461
7627 5347
7628 5389
7629 5656
7630 5594
7631 5696
7632 5083
7633 5214
7634 5213
7635 5339
7636 5258
7637 5419
7638 5088
7639 5463
7640 4964
7641 5098
7642 5230
7643 4939
7644 8215
7645 5084
7646 5340
7647 5583
7648 5340
7649 5088
7650 4964
7651 5088
7652 5086
7653 5344
7654 5466
7655 6142
7656 5835
7657 5673
7658 5206
7659 6530
7660 5890
7661 5814
7662 8196
7663 6757
7664 5577
7665 6059
7666 4830
7667 6372
7668 5157
7669 5290
7670 6081
7671 5866
7672 5718
7673 6375
7674 5497
7675 5824
7676 5273
7677 4910
7678 5321
7679 7433
7680 5193
7681 5208
7682 5332
7683 5359
7684 5065
7685 5702
7686 5313
7687 4819
7688 5067
7689 4945
7690 5190
7691 5621
7692 5528
7693 5674
7694 5589
7695 5835
7696 5336
7697 5095
7698 7928
7699 5378
7700 5674
7701 5385
7702 5699
7703 5949
7704 5056
7705 4963
7706 5584
7707 5836
7708 5709
7709 5087
7710 4835
7711 4962
7712 6255
7713 5182
7714 5345
7715 5706
7716 7218
7717 5579
7718 5582
7719 4961
7720 5335
7721 5466
7722 5709
7723 6139
7724 5283
7725 4969
7726 5345
7727 5201
7728 5825
7729 5463
7730 5776
7731 5649
7732 5215
7733 5572
7734 6218
7735 5741
7736 5424
7737 5398
7738 5646
7739 5083
7740 4961
7741 5084
7742 5103
7743 5317
7744 5088
7745 5262
7746 5408
7747 5209
7748 5885
7749 5812
7750 5200
7751 5195
7752 5084
7753 8211
7754 5594
7755 5860
7756 5057
7757 5073
7758 5091
7759 5426
7760 5081
7761 5453
7762 4968
7763 7101
7764 5442
7765 5586
7766 5869
7767 5937
7768 4824
7769 5219
7770 4953
7771 6845
7772 5956
7773 5336
7774 5834
7775 5339
7776 6088
7777 5622
7778 5174
7779 4954
7780 -993906
7781 5205
7782 5338
7783 5209
7784 5092
7785 4830
7786 5472
7787 5700
7788 5341
7789 5630
7790 7712
7791 5042
7792 5374
7793 5296
7794 5333
7795 5463
7796 5207
7797 5588
7798 5208
7799 5987
7800 5095
7801 4930
7802 5107
7803 4813
7804 5588
7805 5701
7806 5594
7807 6578
7808 6738
7809 6702
7810 5082
7811 4964
7812 6329
7813 5221
7814 5080
7815 5109
7816 6364
7817 5518
7818 5005
7819 5297
7820 5151
7821 6149
7822 5090
7823 5710
7824 5279
7825 5647
7826 7590
7827 5336
7828 5974
7829 5201
7830 6024
7831 5273
7832 5361
7833 5689
7834 5078
7835 5224
7836 5810
7837 6125
7838 5461
7839 5205
7840 5583
7841 6147
7842 5775
7843 4962
7844 8528
7845 5648
7846 6219
7847 5954
7848 6364
7849 6066
7850 5459
7851 5643
7852 5909
7853 5838
7854 5091
7855 5708
7856 5462
7857 5714
7858 5713
7859 5902
7860 5961
7861 7023
7862 5713
7863 5463
7864 5462
7865 5963
7866 6212
7867 6088
7868 5589
7869 5342
7870 5333
7871 5337
7872 5713
7873 6029
7874 5526
7875 5459
7876 6100
7877 5994
7878 5808
7879 7285
7880 5218
7881 5079
7882 6339
7883 4963
7884 4961
7885 5126
7886 5797
7887 5713
7888 5087
7889 5090
7890 5963
7891 5628
7892 5317
7893 5986
7894 5795
7895 5711
7896 4964
7897 6462
7898 5019
7899 5157
7900 4964
7901 5129
7902 6214
7903 5211
7904 5424
7905 5959
7906 4961
7907 5338
7908 5713
7909 5352
7910 5462
7911 5660
7912 5760
7913 5345
7914 5078
7915 4972
7916 6893
7917 5673
7918 5060
7919 5461
7920 5459
7921 5339
7922 5481
7923 5436
7924 5024
7925 5650
7926 5635
7927 5533
7928 5712
7929 5087
7930 5001
7931 7238
7932 5400
7933 5339
7934 7834
7935 6337
7936 5463
7937 5589
7938 5356
7939 5689
7940 4969
7941 5083
7942 5591
7943 5121
7944 5300
7945 5323
7946 5095
7947 5454
7948 6710
7949 5958
7950 5656
7951 5304
7952 6302
7953 5088
7954 4963
7955 5340
7956 5085
7957 -995020
7958 5196
7959 5838
7960 5093
7961 6639
7962 6281
7963 5962
7964 6154
7965 6155
7966 6070
7967 5076
7968 5842
7969 6772
7970 6396
7971 5458
7972 5213
7973 5337
7974 5214
7975 5337
7976 5837
7977 5901
7978 5275
7979 5335
7980 5465
7981 5088
7982 5336
7983 5229
7984 5582
7985 5465
7986 5564
7987 5207
7988 6997
7989 5368
7990 5270
7991 6083
7992 5337
7993 5342
7994 5336
7995 5843
7996 5086
7997 5088
7998 5418
7999 5012
8000 5661
8001 5635
8002 5454
8003 5891
8004 5264
8005 5476
8006 5819
8007 6087
8008 5342
8009 5866
8010 5967
8011 5170
8012 5078
8013 5862
8014 5561
8015 6911
8016 5512
8017 5087
8018 5724
8019 5075
8020 4966
8021 5448
8022 6093
8023 5455
8024 5344
8025 7860
8026 5682
8027 5335
8028 6894
8029 5030
8030 5259
8031 5797
8032 5317
8033 5716
8034 4960
8035 5216
8036 5738
8037 6579
8038 5434
8039 5330
8040 5593
8041 5205
8042 5840
8043 7589
8044 5078
8045 5616
8046 5933
8047 5715
8048 5481
8049 5191
8050 5747
8051 4928
8052 5087
8053 5080
8054 5495
8055 5930
8056 4950
8057 5094
8058 5704
8059 6344
8060 5579
8061 7956
8062 5840
8063 5585
8064 6467
8065 5589
8066 6411
8067 5515
8068 5780
8069 5903
8070 5079
8071 6348
8072 6266
8073 6297
8074 5310
8075 5714
8076 5530
8077 5772
8078 6088
8079 5468
8080 5525
8081 6412
8082 5698
8083 4970
8084 6135
8085 5401
8086 5451
8087 5587
8088 6461
8089 5467
8090 5077
8091 5844
8092 5207
8093 5091
8094 5890
8095 6164
8096 8087
8097 6248
8098 5023
8099 5415
8100 5488
8101 5223
8102 5377
8103 5752
8104 5228
8105 5671
8106 5328
8107 5427
8108 5586
8109 5441
8110 5838
8111 5428
8112 5932
8113 5609
8114 8010
8115 5859
8116 5459
8117 5556
8118 5434
8119 6166
8120 5602
8121 5362
8122 5706
8123 5685
8124 5651
8125 5804
8126 5344
8127 5126
8128 5103
8129 4950
8130 5340
8131 5066
8132 -993670
8133 5329
8134 5831
8135 5217
8136 6262
8137 5249
8138 5194
8139 5707
8140 5091
8141 5941
8142 6412
8143 6018
8144 5309
8145 5458
8146 5452
8147 5324
8148 5959
8149 5215
8150 6386
8151 5588
8152 5378
8153 5709
8154 5336
8155 5320
8156 5902
8157 5265
8158 6105
8159 6804
8160 5998
8161 5768
8162 5332
8163 5587
8164 5331
8165 5715
8166 5339
8167 5613
8168 6750
8169 6179
8170 5313
8171 5885
8172 6095
8173 5018
8174 5711
8175 5462
8176 6104
8177 5945
8178 5840
8179 5105
8180 5896
8181 5257
8182 5328
8183 5088
8184 4972
8185 5576
8186 6961
8187 5997
8188 5303
8189 5467
8190 5712
8191 5349
8192 5455
8193 5327
8194 6905
8195 5874
8196 5810
8197 5994
8198 5577
8199 5742
8200 5422
8201 5818
8202 5716
8203 8867
8204 5699
8205 5015
8206 5308
8207 5664
8208 6711
8209 5988
8210 5682
8211 5210
8212 5644
8213 5373
8214 6111
8215 5171
8216 4955
8217 5108
8218 5307
8219 5086
8220 6755
8221 6283
8222 5618
8223 5961
8224 5190
8225 5829
8226 5719
8227 6208
8228 6190
8229 5106
8230 6589
8231 5707
8232 5492
8233 5164
8234 5091
8235 5583
8236 5105
8237 5318
8238 5719
8239 6701
8240 6089
8241 5708
8242 5078
8243 5597
8244 5829
8245 5872
8246 5551
8247 5088
8248 5213
8249 5975
8250 5454
8251 6831
8252 5996
8253 6389
8254 6003
8255 5462
8256 7308
8257 5610
8258 5597
8259 5270
8260 5936
8261 5420
8262 4971
8263 5555
8264 5904
8265 5477
8266 5255
8267 6871
8268 5778
8269 5400
8270 5640
8271 5498
8272 5405
8273 5760
8274 6486
8275 5600
8276 5507
8277 5958
8278 5081
8279 6204
8280 5088
8281 5707
8282 4949
8283 4959
8284 5082
8285 5081
8286 5080
8287 5218
8288 5824
8289 5455
8290 5585
8291 6025
8292 7138
8293 5334
8294 5580
8295 5586
8296 5948
8297 5337
8298 5324
8299 5460
8300 5196
8301 5857
8302 5336
8303 5745
8304 5208
8305 5273
8306 5520
8307 -994908
8308 6434
8309 5061
8310 5197
8311 6290
8312 5281
8313 5883
8314 5507
8315 5759
8316 5705
8317 5788
8318 6124
8319 5368
8320 5629
8321 5863
8322 5428
8323 5557
8324 5511
8325 5975
8326 5628
8327 5162
8328 6216
8329 5375
8330 5154
8331 5216
8332 5166
8333 5726
8334 7342
8335 6540
8336 7137
8337 6038
8338 5884
8339 5464
8340 5199
8341 5055
8342 5199
8343 4926
8344 5454
8345 5855
8346 6640
8347 4931
8348 5583
8349 6062
8350 6185
8351 6590
8352 5821
8353 6575
8354 5627
8355 5330
8356 6484
8357 6134
8358 5371
8359 5992
8360 5225
8361 5524
8362 5314
8363 6158
8364 5050
8365 5994
8366 5677
8367 5154
8368 5946
8369 4934
8370 5689
8371 5989
8372 5490
8373 6597
8374 6116
8375 5763
8376 5461
8377 5547
8378 4943
8379 5391
8380 5407
8381 7801
8382 5167
8383 4945
8384 4938
8385 5069
8386 5571
8387 5987
8388 5563
8389 5163
8390 5067
8391 5260
8392 5502
8393 5315
8394 5071
8395 5072
8396 5316
8397 5881
8398 5379
8399 5696
8400 6511
8401 5184
8402 5883
8403 5198
8404 5805
8405 5062
8406 5069
8407 5945
8408 5318
8409 5640
8410 5865
8411 5069
8412 5889
8413 5751
8414 5071
8415 5439
8416 6069
8417 5433
8418 6956
8419 5705
8420 5528
8421 6072
8422 4927
8423 5609
8424 5922
8425 4925
8426 5313
8427 5698
8428 4941
8429 4817
8430 4973
8431 5811
8432 5288
8433 5445
8434 4813
8435 5209
8436 6538
8437 5099
8438 5938
8439 5432
8440 5077
8441 5059
8442 5887
8443 5120
8444 5321
8445 5217
8446 5923
8447 5052
8448 5319
8449 5337
8450 5829
8451 5598
8452 5836
8453 5125
8454 5241
8455 6489
8456 6088
8457 6029
8458 5660
8459 5826
8460 6045
8461 5934
8462 5601
8463 6136
8464 5509
8465 6730
8466 5382
8467 5420
8468 5634
8469 5630
8470 5839
8471 5933
8472 8594
8473 5829
8474 7422
8475 5609
8476 5764
8477 6151
8478 6052
8479 5662
8480 6982
8481 -993551
8482 5564
8483 5032
8484 6001
8485 5144
8486 5328
8487 5312
8488 5142
8489 6348
8490 5846
8491 5827
8492 5452
8493 4953
8494 5610
8495 5106
8496 8440
8497 6247
8498 5880
8499 5725
8500 5921
8501 4897
8502 6870
8503 5120
8504 5195
8505 5065
8506 7064
8507 6442
8508 5937
8509 5433
8510 4895
8511 5248
8512 5311
8513 5067
8514 5190
8515 5565
8516 5314
8517 5063
8518 5575
8519 5813
8520 5184
8521 5564
8522 5104
8523 5612
8524 5236
8525 7513
8526 5253
8527 5304
8528 5321
8529 5183
8530 5260
8531 5743
8532 5069
8533 4936
8534 5062
8535 6524
8536 5919
8537 5759
8538 5765
8539 5240
8540 5183
8541 4810
8542 5317
8543 6891
8544 5125
8545 5309
8546 5569
8547 5317
8548 5448
8549 5686
8550 5321
8551 5440
8552 5066
8553 5077
8554 5688
8555 6723
8556 5417
8557 5065
8558 5595
8559 5913
8560 5197
8561 6325
8562 5189
8563 5182
8564 5820
8565 5445
8566 5062
8567 4944
8568 5192
8569 6070
8570 5818
8571 5199
8572 5068
8573 5314
8574 5445
8575 5700
8576 5566
8577 5632
8578 6631
8579 5329
8580 6336
8581 5438
8582 5079
8583 5081
8584 5195
8585 5706
8586 5952
8587 5078
8588 5079
8589 6328
8590 5578
8591 5892
8592 5510
8593 5329
8594 5323
8595 5705
8596 5578
8597 5578
8598 7028
8599 5375
8600 4969
8601 4854
8602 5675
8603 5087
8604 5154
8605 6095
8606 5584
8607 6158
8608 5463
8609 5466
8610 5586
8611 5716
8612 5300
8613 5303
8614 5919
8615 6332
8616 6606
8617 5387
8618 5191
8619 5470
8620 5782
8621 5034
8622 4997
8623 5491
8624 5092
8625 5599
8626 5512
8627 5275
8628 5685
8629 5895
8630 5229
8631 5576
8632 5331
8633 5350
8634 6456
8635 5405
8636 5071
8637 5303
8638 5701
8639 5048
8640 4702
8641 5299
8642 5450
8643 5805
8644 5816
8645 5936
8646 6313
8647 6140
8648 5982
8649 5071
8650 5028
8651 5075
8652 5431
8653 8184
8654 5566
8655 5063
8656 6045
8657 4946
8658 5068
8659 -994685
8660 5649
8661 5075
8662 4952
8663 5203
8664 6358
8665 5877
8666 5119
8667 5191
8668 5126
8669 5637
8670 5691
8671 6424
8672 5625
8673 5499
8674 5369
8675 5411
8676 5437
8677 5386
8678 5182
8679 5563
8680 5775
8681 4912
8682 4897
8683 7016
8684 6287
8685 5565
8686 5784
8687 5411
8688 5245
8689 6444
8690 6327
8691 5704
8692 5746
8693 5299
8694 5872
8695 6175
8696 5097
8697 4963
8698 5214
8699 4962
8700 5713
8701 5594
8702 5981
8703 5317
8704 5211
8705 4964
8706 5083
8707 7346
8708 5895
8709 5771
8710 5462
8711 6587
8712 5431
8713 5390
8714 5071
8715 5509
8716 5467
8717 5604
8718 5096
8719 5061
8720 5086
8721 4988
8722 5035
8723 5106
8724 5180
8725 6616
8726 5337
8727 5421
8728 6091
8729 5334
8730 5218
8731 5329
8732 4839
8733 4963
8734 5349
8735 4952
8736 5464
8737 5128
8738 5184
8739 5738
8740 5192
8741 6091
8742 5203
8743 5094
8744 8606
8745 5561
8746 4962
8747 6090
8748 5589
8749 5714
8750 5463
8751 6214
8752 5086
8753 5464
8754 5591
8755 5089
8756 5131
8757 5946
8758 5435
8759 6455
8760 4966
8761 6077
8762 6471
8763 5714
8764 5072
8765 5343
8766 5604
8767 5569
8768 5955
8769 5338
8770 5708
8771 5338
8772 5643
8773 5519
8774 5722
8775 5455
8776 5726
8777 6013
8778 6048
8779 6122
8780 7215
8781 6050
8782 6007
8783 5521
8784 5338
8785 5338
8786 5589
8787 5087
8788 5279
8789 5650
8790 5611
8791 5815
8792 5124
8793 5179
8794 5700
8795 5958
8796 5786
8797 6094
8798 6266
8799 5382
8800 5766
8801 5456
8802 5086
8803 5695
8804 5344
8805 5315
8806 5298
8807 5677
8808 6164
8809 6080
8810 5152
8811 5577
8812 5196
8813 5321
8814 5156
8815 5640
8816 6843
8817 5298
8818 5410
8819 5290
8820 5115
8821 5296
8822 5476
8823 5777
8824 5454
8825 5715
8826 5189
8827 5076
8828 6453
8829 5970
8830 5058
8831 5339
8832 5078
8833 5202
8834 6242
8835 6043
8836 -994927
8837 5615
8838 5536
8839 5452
8840 5450
8841 5329
8842 5453
8843 5328
8844 5701
8845 5204
8846 5834
8847 5750
8848 6171
8849 5052
8850 6215
8851 5558
8852 6723
8853 5182
8854 4953
8855 5076
8856 5952
8857 5656
8858 5495
8859 5331
8860 5466
8861 5183
8862 5771
8863 5512
8864 6089
8865 6007
8866 5373
8867 5579
8868 5087
8869 5500
8870 4897
8871 6067
8872 4959
8873 5249
8874 5755
8875 6570
8876 5323
8877 5729
8878 5923
8879 5074
8880 5580
8881 5338
8882 5816
8883 5567
8884 5443
8885 4954
8886 5573
8887 5260
8888 5429
8889 6586
8890 5772
8891 5349
8892 5573
8893 5522
8894 5958
8895 5846
8896 5371
8897 5084
8898 5298
8899 5303
8900 5861
8901 6179
8902 6165
8903 5134
8904 5407
8905 5352
8906 5099
8907 7612
8908 5774
8909 5490
8910 5767
8911 6784
8912 5306
8913 5680
8914 5954
8915 5348
8916 5183
8917 6231
8918 5535
8919 5393
8920 5089
8921 5461
8922 5587
8923 5968
8924 5330
8925 8467
8926 5713
8927 5897
8928 5521
8929 5459
8930 5588
8931 5086
8932 5339
8933 5332
8934 5093
8935 5473
8936 5581
8937 5079
8938 5113
8939 5305
8940 6329
8941 5463
8942 5072
8943 7361
8944 5302
8945 5359
8946 5651
8947 5898
8948 5901
8949 5086
8950 5399
8951 5404
8952 5530
8953 6016
8954 5333
8955 5089
8956 5843
8957 5207
8958 5837
8959 6395
8960 5961
8961 7535
8962 5093
8963 5459
8964 5590
8965 5213
8966 4963
8967 5089
8968 5841
8969 5463
8970 5338
8971 4964
8972 4962
8973 5094
8974 5464
8975 5332
8976 5588
8977 5963
8978 5215
8979 5087
8980 6714
8981 5339
8982 5088
8983 5780
8984 5399
8985 5086
8986 5093
8987 4960
8988 4967
8989 5334
8990 6032
8991 5273
8992 5081
8993 5213
8994 5090
8995 5090
8996 5713
8997 5337
8998 6807
8999 5241
9000 5529
9001 5336
9002 5460
9003 5089
9004 5213
9005 6406
9006 5145
9007 5589
9008 5213
9009 5338
9010 5589
9011 4963
9012 5615
9013 5685
9014 -994162
9015 5525
9016 6918
9017 7345
9018 5065
9019 5090
9020 6781
9021 5768
9022 5609
9023 5568
9024 5090
9025 5273
9026 5973
9027 5509
9028 5088
9029 5085
9030 5338
9031 5089
9032 4963
9033 5085
9034 4964
9035 6615
9036 5322
9037 5760
9038 6022
9039 5462
9040 4963
9041 6281
9042 5395
9043 5334
9044 5455
9045 5337
9046 5087
9047 4995
9048 5057
9049 6088
9050 5465
9051 5525
9052 5782
9053 7103
9054 5377
9055 5405
9056 6213
9057 5340
9058 5596
9059 5827
9060 5132
9061 5593
9062 6273
9063 5352
9064 5318
9065 5368
9066 5945
9067 5849
9068 5554
9069 5368
9070 5383
9071 6447
9072 5692
9073 5175
9074 5189
9075 5319
9076 5433
9077 5199
9078 6509
9079 5401
9080 5577
9081 6362
9082 5160
9083 5937
9084 5286
9085 5274
9086 6087
9087 5038
9088 5219
9089 6643
9090 5580
9091 5411
9092 5894
9093 5155
9094 6125
9095 5172
9096 5108
9097 5952
9098 5596
9099 5355
9100 6953
9101 6362
9102 5510
9103 6554
9104 5488
9105 5385
9106 6093
9107 7098
9108 4982
9109 5769
9110 5648
9111 5274
9112 5351
9113 9321
9114 5324
9115 5708
9116 5536
9117 6008
9118 6028
9119 5164
9120 5821
9121 5085
9122 6156
9123 5523
9124 6538
9125 5138
9126 5086
9127 5087
9128 5466
9129 5398
9130 5394
9131 5087
9132 5733
9133 5563
9134 5088
9135 5085
9136 5089
9137 5464
9138 5089
9139 5581
9140 5084
9141 6210
9142 5088
9143 6906
9144 5522
9145 5125
9146 5558
9147 5825
9148 5782
9149 5763
9150 5360
9151 5317
9152 5576
9153 5714
9154 5092
9155 5327
9156 5340
9157 5713
9158 5463
9159 5336
9160 5780
9161 6520
9162 5861
9163 5438
9164 5089
9165 5211
9166 7463
9167 5086
9168 4946
9169 5102
9170 5647
9171 5404
9172 4962
9173 4959
9174 5217
9175 5581
9176 5086
9177 5961
9178 5212
9179 6647
9180 6653
9181 5907
9182 5965
9183 5642
9184 5905
9185 5531
9186 5700
9187 5348
9188 5315
9189 5588
9190 4984
9191 -994808
9192 6212
9193 5588
9194 5713
9195 5473
9196 6266
9197 7744
9198 5428
9199 5108
9200 4964
9201 5085
9202 5774
9203 5290
9204 6075
9205 5278
9206 5897
9207 5838
9208 5587
9209 5467
9210 5586
9211 5211
9212 6089
9213 5218
9214 5078
9215 5085
9216 6086
9217 4965
9218 6088
9219 6305
9220 5617
9221 5747
9222 5494
9223 5644
9224 5464
9225 5402
9226 7424
9227 5435
9228 5464
9229 5735
9230 5188
9231 5090
9232 5837
9233 5215
9234 6344
9235 5582
9236 5077
9237 5089
9238 5337
9239 4972
9240 5328
9241 5338
9242 5900
9243 5275
9244 4962
9245 5095
9246 5779
9247 5769
9248 5352
9249 5073
9250 5460
9251 4964
9252 7745
9253 5175
9254 5083
9255 5836
9256 5268
9257 5425
9258 5968
9259 5725
9260 5969
9261 5130
9262 5939
9263 5403
9264 5312
9265 5273
9266 5202
9267 5060
9268 5325
9269 5557
9270 5499
9271 6133
9272 5324
9273 5196
9274 6221
9275 6085
9276 5701
9277 5396
9278 5120
9279 5147
9280 5216
9281 5990
9282 5815
9283 6522
9284 5807
9285 5848
9286 5048
9287 5545
9288 6191
9289 8426
9290 6161
9291 5456
9292 5779
9293 5248
9294 5759
9295 6591
9296 5261
9297 5339
9298 6097
9299 6003
9300 5120
9301 5700
9302 5786
9303 5746
9304 5589
9305 6080
9306 6734
9307 5086
9308 6164
9309 5210
9310 6121
9311 5567
9312 5006
9313 5080
9314 5201
9315 5207
9316 5830
9317 6147
9318 5776
9319 5457
9320 5307
9321 6626
9322 5162
9323 5765
9324 7076
9325 5643
9326 5330
9327 5089
9328 6064
9329 4957
9330 5079
9331 5459
9332 6263
9333 5771
9334 5886
9335 5644
9336 5455
9337 5320
9338 5330
9339 5761
9340 5822
9341 5402
9342 6953
9343 5327
9344 5688
9345 6353
9346 5565
9347 5954
9348 5081
9349 5330
9350 6080
9351 4943
9352 5829
9353 5471
9354 5688
9355 5074
9356 6590
9357 5069
9358 5828
9359 6206
9360 6203
9361 5454
9362 5338
9363 5190
9364 5081
9365 5203
9366 5455
9367 -994915
9368 5574
9369 5957
9370 5848
9371 5694
9372 5313
9373 5477
9374 6457
9375 5430
9376 5582
9377 5075
9378 8084
9379 5863
9380 6113
9381 5251
9382 5204
9383 5577
9384 5086
9385 5453
9386 5443
9387 5325
9388 5086
9389 5200
9390 5948
9391 7350
9392 6309
9393 5830
9394 6468
9395 6947
9396 5191
9397 5213
9398 5878
9399 5524
9400 5456
9401 5441
9402 5323
9403 5088
9404 5444
9405 5331
9406 5087
9407 5064
9408 5572
9409 5215
9410 5324
9411 6065
9412 5329
9413 5207
9414 7210
9415 6352
9416 6873
9417 6138
9418 5208
9419 5339
9420 5824
9421 7281
9422 5261
9423 5338
9424 5888
9425 5262
9426 5339
9427 7202
9428 5957
9429 5523
9430 5518
9431 6206
9432 5585
9433 5574
9434 5457
9435 6084
9436 5143
9437 6451
9438 6145
9439 6524
9440 5704
9441 4987
9442 5082
9443 5207
9444 5214
9445 5331
9446 5726
9447 6059
9448 6210
9449 7456
9450 5949
9451 5331
9452 5088
9453 5328
9454 5458
9455 5456
9456 5081
9457 5084
9458 5777
9459 5507
9460 5867
9461 5422
9462 5830
9463 5778
9464 5137
9465 5834
9466 5518
9467 7547
9468 5573
9469 5313
9470 5955
9471 6160
9472 5758
9473 5445
9474 5978
9475 5063
9476 5445
9477 5706
9478 5456
9479 5207
9480 4959
9481 4962
9482 5077
9483 5960
9484 5109
9485 6989
9486 5648
9487 5061
9488 5732
9489 6250
9490 5261
9491 5701
9492 5460
9493 5575
9494 5698
9495 5702
9496 6333
9497 6084
9498 6016
9499 5022
9500 5698
9501 6328
9502 5080
9503 5895
9504 5514
9505 5324
9506 6339
9507 5319
9508 4963
9509 6643
9510 5698
9511 5524
9512 5318
9513 5103
9514 5663
9515 5488
9516 5687
9517 5714
9518 5713
9519 4910
9520 5648
9521 5853
9522 5085
9523 5443
9524 5337
9525 5466
9526 5211
9527 5531
9528 5773
9529 6280
9530 6144
9531 5088
9532 6903
9533 5148
9534 5587
9535 5586
9536 5716
9537 5711
9538 5710
9539 7277
9540 5274
9541 5216
9542 -994665
9543 5338
9544 5713
9545 5339
9546 5717
9547 6205
9548 6031
9549 5157
9550 5710
9551 5952
9552 6025
9553 6019
9554 6097
9555 5826
9556 5583
9557 7463
9558 5338
9559 5472
9560 6570
9561 6095
9562 5205
9563 5589
9564 6240
9565 5620
9566 5825
9567 5838
9568 5532
9569 6273
9570 6661
9571 5693
9572 5715
9573 5761
9574 7159
9575 4966
9576 5828
9577 5340
9578 5084
9579 7160
9580 5605
9581 5744
9582 5911
9583 5640
9584 5086
9585 5208
9586 6464
9587 5343
9588 6102
9589 6010
9590 5517
9591 7336
9592 5339
9593 7341
9594 5461
9595 6087
9596 6213
9597 5089
9598 5712
9599 5658
9600 6211
9601 5269
9602 5220
9603 5705
9604 5087
9605 5841
9606 5095
9607 5573
9608 5341
9609 6611
9610 5439
9611 5712
9612 5532
9613 5020
9614 5096
9615 5972
9616 5072
9617 5338
9618 5727
9619 6324
9620 5212
9621 7110
9622 5564
9623 5342
9624 5979
9625 5318
9626 5626
9627 7170
9628 5219
9629 5205
9630 5342
9631 5394
9632 5274
9633 5958
9634 6340
9635 6032
9636 5887
9637 6269
9638 6528
9639 5212
9640 5089
9641 5218
9642 5234
9643 5558
9644 5087
9645 7840
9646 5339
9647 5587
9648 6337
9649 5713
9650 5987
9651 5065
9652 5487
9653 5589
9654 5713
9655 5818
9656 5982
9657 5433
9658 6658
9659 5914
9660 5317
9661 5961
9662 8530
9663 5523
9664 6276
9665 5897
9666 5218
9667 5707
9668 5715
9669 5088
9670 5087
9671 6088
9672 5910
9673 5832
9674 5396
9675 5222
9676 5449
9677 5361
9678 5688
9679 6213
9680 7156
9681 5806
9682 5462
9683 5575
9684 5422
9685 5233
9686 5961
9687 5339
9688 4964
9689 5212
9690 6214
9691 5336
9692 5218
9693 5089
9694 5201
9695 5090
9696 5086
9697 5711
9698 6464
9699 5706
9700 5726
9701 5825
9702 5377
9703 5672
9704 6269
9705 5653
9706 5710
9707 5967
9708 5550
9709 5564
9710 5522
9711 5732
9712 6066
9713 5717
9714 5588
9715 -994390
9716 6883
9717 5393
9718 6346
9719 6585
9720 5085
9721 5151
9722 5280
9723 5959
9724 5712
9725 5340
9726 5960
9727 5468
9728 5525
9729 6143
9730 5338
9731 5907
9732 6024
9733 6152
9734 7135
9735 5220
9736 5329
9737 5588
9738 5463
9739 5714
9740 5711
9741 6015
9742 5437
9743 5185
9744 5333
9745 6105
9746 5067
9747 5494
9748 5557
9749 5986
9750 5317
9751 5835
9752 6451
9753 5106
9754 5833
9755 5907
9756 5146
9757 5354
9758 5324
9759 5462
9760 5094
9761 6856
9762 5966
9763 5569
9764 4955
9765 5836
9766 5339
9767 5738
9768 5459
9769 5317
9770 5719
9771 5082
9772 5092
9773 5336
9774 4974
9775 5078
9776 6404
9777 5898
9778 5713
9779 5336
9780 6160
9781 5523
9782 7151
9783 5891
9784 5338
9785 5650
9786 5433
9787 5060
9788 6707
9789 5520
9790 5284
9791 5086
9792 5089
9793 5090
9794 5339
9795 5462
9796 5969
9797 6264
9798 5653
9799 5621
9800 4927
9801 5241
9802 5425
9803 5094
9804 6513
9805 5283
9806 6456
9807 5339
9808 5084
9809 5965
9810 5490
9811 4932
9812 4954
9813 5093
9814 5530
9815 5263
9816 5338
9817 5092
9818 5078
9819 6097
9820 5213
9821 4956
9822 5954
9823 5239
9824 6006
9825 8140
9826 6114
9827 5165
9828 5691
9829 6800
9830 5926
9831 5526
9832 5303
9833 5531
9834 5773
9835 6215
9836 5296
9837 5634
9838 5379
9839 5437
9840 5403
9841 5568
9842 6991
9843 5515
9844 5392
9845 5460
9846 5329
9847 5742
9848 5410
9849 5318
9850 5513
9851 5151
9852 5868
9853 9283
9854 5679
9855 5501
9856 5255
9857 5197
9858 5981
9859 5268
9860 5811
9861 4939
9862 6943
9863 5322
9864 5128
9865 5749
9866 5066
9867 5050
9868 5324
9869 6129
9870 5760
9871 5307
9872 5307
9873 5539
9874 5360
9875 5634
9876 5728
9877 5086
9878 7248
9879 5849
9880 5051
9881 5187
9882 5973
9883 6613
9884 5230
9885 4942
9886 5813
9887 5894
9888 5614
9889 5813
9890 -994307
9891 5817
9892 5194
9893 5434
9894 5562
9895 4947
9896 6893
9897 5488
9898 5688
9899 5747
9900 5771
9901 5819
9902 6505
9903 6314
9904 6615
9905 5685
9906 4940
9907 6558
9908 5070
9909 5066
9910 5941
9911 6314
9912 5072
9913 8460
9914 6363
9915 5241
9916 5067
9917 5073
9918 5425
9919 5553
9920 5316
9921 5328
9922 5550
9923 5074
9924 5302
9925 5318
9926 5935
9927 5193
9928 5059
9929 5074
9930 5573
9931 6673
9932 5267
9933 5275
9934 5773
9935 5791
9936 5311
9937 6366
9938 5692
9939 5688
9940 5548
9941 5337
9942 5533
9943 5428
9944 5135
9945 5511
9946 5414
9947 5135
9948 5519
9949 7220
9950 5179
9951 6329
9952 6286
9953 6853
9954 5601
9955 5228
9956 6180
9957 5763
9958 5427
9959 5420
9960 5797
9961 6272
9962 5235
9963 5966
9964 6050
9965 5422
9966 5207
9967 6240
9968 5250
9969 5391
9970 5740
9971 5405
9972 5131
9973 5414
9974 5900
9975 5899
9976 5132
9977 5005
9978 5487
9979 5170
9980 5093
9981 5036
9982 5264
9983 5001
9984 5198
9985 6353
9986 5813
9987 5315
9988 5521
9989 5139
9990 5338
9991 6193
9992 5908
9993 5820
9994 6126
9995 5323
9996 5086
9997 5082
9998 6579
9999 5455
