0 73
1 19
2 18
3 17
4 18
5 18
6 17
7 17
8 17
9 17
10 23
11 17
12 17
13 17
14 17
15 17
16 17
17 18
18 18
19 17
20 17
21 17
22 17
23 18
24 18
25 17
26 18
27 17
28 16
29 17
30 17
31 17
32 17
33 17
34 17
35 17
36 17
37 17
38 18
39 18
40 17
41 17
42 17
43 17
44 17
45 18
46 17
47 17
48 17
49 17
50 18
51 17
52 17
53 17
54 17
55 17
56 17
57 18
58 17
59 17
60 17
61 17
62 17
63 17
64 17
65 17
66 17
67 17
68 17
69 17
70 17
71 17
72 17
73 17
74 17
75 17
76 16
77 17
78 17
79 17
80 17
81 17
82 18
83 17
84 17
85 17
86 19
87 18
88 18
89 17
90 20
91 17
92 17
93 17
94 18
95 18
96 17
97 18
98 18
99 17
100 17
101 19
102 19
103 17
104 19
105 17
106 18
107 17
108 17
109 17
110 17
111 18
112 17
113 17
114 17
115 18
116 18
117 18
118 17
119 17
120 16
121 17
122 17
123 17
124 17
125 17
126 17
127 17
128 17
129 17
130 17
131 17
132 17
133 18
134 17
135 17
136 17
137 17
138 18
139 17
140 17
141 17
142 18
143 17
144 17
145 17
146 17
147 18
148 18
149 17
150 17
151 17
152 18
153 17
154 17
155 16
156 17
157 17
158 17
159 17
160 17
161 18
162 17
163 17
164 17
165 17
166 17
167 18
168 17
169 17
170 18
171 17
172 17
173 17
174 18
175 18
176 17
177 17
178 17
179 17
180 18
181 18
182 18
183 18
184 17
185 17
186 18
187 17
188 17
189 18
190 17
191 17
192 17
193 17
194 17
195 17
196 17
197 17
198 18
199 17
200 17
201 17
202 18
203 17
204 18
205 17
206 18
207 17
208 18
209 18
210 18
211 18
212 17
213 17
214 18
215 18
216 17
217 17
218 18
219 17
220 17
221 18
222 17
223 17
224 17
225 17
226 17
227 18
228 18
229 17
230 18
231 17
232 17
233 17
234 18
235 18
236 18
237 18
238 18
239 18
240 17
241 17
242 17
243 16
244 17
245 17
246 17
247 17
248 17
249 17
250 18
251 17
252 17
253 17
254 17
255 17
256 17
257 17
258 17
259 17
260 17
261 17
262 17
263 17
264 17
265 17
266 17
267 17
268 17
269 17
270 17
271 17
272 17
273 18
274 17
275 17
276 17
277 18
278 18
279 18
280 18
281 18
282 18
283 18
284 17
285 17
286 18
287 18
288 18
289 18
290 17
291 17
292 17
293 17
294 17
295 17
296 17
297 17
298 17
299 17
300 17
301 17
302 18
303 18
304 18
305 17
306 17
307 17
308 17
309 17
310 17
311 17
312 17
313 17
314 17
315 17
316 17
317 17
318 17
319 18
320 18
321 18
322 18
323 18
324 18
325 17
326 17
327 17
328 17
329 17
330 17
331 17
332 17
333 17
334 17
335 17
336 17
337 17
338 17
339 17
340 17
341 18
342 17
343 18
344 17
345 17
346 17
347 17
348 17
349 17
350 17
351 17
352 17
353 18
354 18
355 17
356 17
357 17
358 17
359 17
360 17
361 17
362 17
363 17
364 17
365 18
366 18
367 17
368 17
369 17
370 17
371 18
372 18
373 17
374 17
375 17
376 17
377 18
378 17
379 17
380 17
381 17
382 17
383 18
384 18
385 18
386 17
387 17
388 17
389 17
390 17
391 17
392 17
393 17
394 17
395 17
396 17
397 17
398 17
399 17
400 17
401 17
402 17
403 17
404 17
405 17
406 18
407 17
408 17
409 17
410 17
411 16
412 17
413 17
414 17
415 17
416 17
417 17
418 17
419 18
420 17
421 17
422 17
423 17
424 17
425 17
426 17
427 17
428 17
429 17
430 17
431 17
432 16
433 17
434 17
435 17
436 17
437 17
438 17
439 17
440 17
441 17
442 17
443 17
444 18
445 17
446 18
447 17
448 17
449 17
450 17
451 17
452 17
453 18
454 17
455 17
456 18
457 18
458 17
459 17
460 17
461 17
462 17
463 18
464 17
465 17
466 17
467 17
468 17
469 18
470 17
471 17
472 17
473 18
474 17
475 17
476 17
477 17
478 17
479 17
480 18
481 17
482 17
483 17
484 17
485 17
486 17
487 17
488 18
489 17
490 17
491 16
492 17
493 16
494 17
495 17
496 17
497 17
498 18
499 18
500 18
501 17
502 18
503 18
504 17
505 17
506 17
507 17
508 17
509 17
510 17
511 17
512 17
513 16
514 18
515 18
516 18
517 18
518 17
519 17
520 18
521 17
522 17
523 16
524 17
525 17
526 18
527 17
528 17
529 17
530 17
531 17
532 17
533 18
534 17
535 17
536 17
537 16
538 17
539 16
540 17
541 17
542 17
543 17
544 17
545 17
546 17
547 17
548 17
549 18
550 18
551 18
552 18
553 17
554 17
555 16
556 17
557 16
558 17
559 17
560 17
561 17
562 17
563 17
564 17
565 18
566 18
567 17
568 17
569 17
570 17
571 17
572 18
573 18
574 18
575 18
576 17
577 17
578 18
579 17
580 17
581 17
582 18
583 18
584 18
585 17
586 17
587 17
588 17
589 18
590 17
591 17
592 17
593 17
594 18
595 17
596 17
597 18
598 18
599 17
600 17
601 18
602 18
603 18
604 17
605 17
606 17
607 17
608 17
609 17
610 17
611 18
612 17
613 17
614 17
615 17
616 18
617 18
618 18
619 18
620 18
621 18
622 18
623 17
624 18
625 17
626 17
627 17
628 17
629 17
630 17
631 17
632 17
633 17
634 17
635 17
636 17
637 17
638 17
639 17
640 16
641 17
642 17
643 17
644 16
645 17
646 17
647 17
648 17
649 17
650 17
651 17
652 17
653 17
654 17
655 18
656 17
657 17
658 17
659 17
660 17
661 18
662 17
663 17
664 17
665 17
666 17
667 17
668 18
669 17
670 17
671 17
672 17
673 17
674 17
675 17
676 17
677 18
678 17
679 17
680 17
681 17
682 16
683 17
684 17
685 17
686 18
687 17
688 17
689 18
690 18
691 18
692 18
693 18
694 18
695 17
696 18
697 17
698 17
699 17
700 17
701 17
702 17
703 17
704 18
705 17
706 17
707 17
708 25
709 17
710 17
711 17
712 17
713 17
714 18
715 17
716 17
717 17
718 18
719 18
720 18
721 17
722 18
723 18
724 18
725 18
726 18
727 18
728 17
729 17
730 17
731 17
732 17
733 17
734 18
735 18
736 17
737 17
738 17
739 17
740 17
741 17
742 17
743 17
744 17
745 18
746 18
747 17
748 20
749 17
750 17
751 17
752 17
753 17
754 17
755 17
756 17
757 17
758 18
759 18
760 18
761 18
762 18
763 18
764 18
765 18
766 18
767 18
768 17
769 18
770 18
771 18
772 17
773 17
774 17
775 16
776 18
777 17
778 17
779 17
780 18
781 17
782 17
783 17
784 17
785 17
786 17
787 17
788 17
789 17
790 17
791 18
792 17
793 17
794 17
795 17
796 17
797 17
798 17
799 17
800 17
801 17
802 17
803 17
804 17
805 18
806 18
807 17
808 18
809 17
810 18
811 17
812 18
813 18
814 18
815 17
816 18
817 18
818 18
819 17
820 18
821 17
822 17
823 17
824 18
825 17
826 17
827 17
828 17
829 17
830 17
831 17
832 16
833 17
834 17
835 17
836 17
837 17
838 17
839 17
840 17
841 17
842 17
843 18
844 17
845 17
846 17
847 17
848 17
849 16
850 17
851 17
852 17
853 17
854 18
855 18
856 17
857 18
858 17
859 17
860 17
861 17
862 17
863 17
864 18
865 18
866 17
867 17
868 17
869 17
870 17
871 17
872 17
873 17
874 17
875 17
876 17
877 17
878 17
879 17
880 17
881 17
882 18
883 17
884 17
885 17
886 17
887 17
888 18
889 25
890 18
891 17
892 17
893 17
894 18
895 17
896 18
897 18
898 18
899 18
900 17
901 17
902 17
903 17
904 18
905 18
906 18
907 18
908 18
909 18
910 18
911 18
912 17
913 17
914 17
915 17
916 17
917 17
918 18
919 18
920 17
921 17
922 18
923 17
924 18
925 18
926 17
927 17
928 17
929 17
930 18
931 17
932 18
933 18
934 17
935 17
936 17
937 18
938 17
939 17
940 17
941 17
942 17
943 17
944 18
945 17
946 17
947 17
948 17
949 17
950 17
951 17
952 17
953 18
954 18
955 17
956 17
957 17
958 18
959 18
960 18
961 17
962 18
963 18
964 18
965 18
966 18
967 18
968 18
969 18
970 17
971 17
972 17
973 17
974 17
975 17
976 17
977 17
978 18
979 18
980 18
981 17
982 18
983 18
984 17
985 17
986 17
987 17
988 17
989 17
990 18
991 17
992 17
993 17
994 17
995 18
996 18
997 17
998 17
999 17
1000 17
1001 17
1002 17
1003 17
1004 17
1005 17
1006 17
1007 17
1008 18
1009 17
1010 18
1011 18
1012 17
1013 17
1014 17
1015 17
1016 17
1017 18
1018 18
1019 17
1020 18
1021 17
1022 17
1023 17
1024 17
1025 18
1026 18
1027 18
1028 18
1029 18
1030 18
1031 18
1032 17
1033 17
1034 17
1035 18
1036 18
1037 18
1038 17
1039 17
1040 17
1041 17
1042 17
1043 17
1044 17
1045 17
1046 17
1047 18
1048 18
1049 18
1050 18
1051 17
1052 18
1053 18
1054 18
1055 17
1056 18
1057 18
1058 18
1059 18
1060 18
1061 17
1062 17
1063 17
1064 17
1065 18
1066 18
1067 17
1068 17
1069 18
1070 17
1071 225
1072 18
1073 17
1074 17
1075 17
1076 18
1077 17
1078 17
1079 17
1080 17
1081 16
1082 17
1083 17
1084 17
1085 18
1086 18
1087 18
1088 17
1089 17
1090 16
1091 17
1092 17
1093 17
1094 18
1095 18
1096 17
1097 17
1098 17
1099 17
1100 18
1101 18
1102 17
1103 17
1104 17
1105 18
1106 18
1107 17
1108 17
1109 17
1110 17
1111 17
1112 17
1113 17
1114 17
1115 17
1116 17
1117 17
1118 17
1119 18
1120 18
1121 18
1122 17
1123 18
1124 17
1125 17
1126 17
1127 17
1128 17
1129 17
1130 17
1131 17
1132 17
1133 18
1134 18
1135 17
1136 17
1137 17
1138 17
1139 17
1140 17
1141 17
1142 17
1143 17
1144 17
1145 17
1146 17
1147 17
1148 18
1149 17
1150 17
1151 17
1152 17
1153 17
1154 17
1155 17
1156 18
1157 17
1158 17
1159 17
1160 17
1161 17
1162 18
1163 17
1164 17
1165 17
1166 17
1167 17
1168 17
1169 17
1170 17
1171 17
1172 17
1173 17
1174 17
1175 17
1176 17
1177 17
1178 18
1179 18
1180 18
1181 18
1182 18
1183 17
1184 17
1185 17
1186 17
1187 17
1188 17
1189 17
1190 17
1191 17
1192 17
1193 17
1194 17
1195 17
1196 17
1197 18
1198 18
1199 18
1200 18
1201 18
1202 18
1203 18
1204 17
1205 18
1206 18
1207 17
1208 17
1209 17
1210 17
1211 17
1212 17
1213 17
1214 17
1215 17
1216 17
1217 17
1218 17
1219 17
1220 17
1221 17
1222 17
1223 17
1224 17
1225 18
1226 18
1227 18
1228 18
1229 17
1230 17
1231 17
1232 17
1233 17
1234 17
1235 17
1236 17
1237 17
1238 17
1239 17
1240 17
1241 17
1242 17
1243 17
1244 22
1245 18
1246 17
1247 17
1248 17
1249 17
1250 17
1251 18
1252 17
1253 17
1254 17
1255 17
1256 17
1257 17
1258 18
1259 18
1260 18
1261 18
1262 17
1263 17
1264 17
1265 17
1266 17
1267 17
1268 17
1269 17
1270 18
1271 17
1272 17
1273 17
1274 18
1275 18
1276 17
1277 17
1278 18
1279 17
1280 17
1281 17
1282 17
1283 17
1284 18
1285 18
1286 18
1287 17
1288 18
1289 17
1290 17
1291 17
1292 17
1293 17
1294 18
1295 17
1296 17
1297 17
1298 18
1299 17
1300 17
1301 17
1302 18
1303 17
1304 17
1305 18
1306 17
1307 17
1308 18
1309 17
1310 17
1311 17
1312 17
1313 17
1314 17
1315 17
1316 17
1317 17
1318 17
1319 18
1320 17
1321 17
1322 17
1323 17
1324 17
1325 17
1326 17
1327 17
1328 17
1329 18
1330 18
1331 18
1332 17
1333 17
1334 17
1335 17
1336 17
1337 17
1338 17
1339 17
1340 17
1341 17
1342 17
1343 17
1344 17
1345 18
1346 17
1347 17
1348 17
1349 17
1350 17
1351 17
1352 18
1353 17
1354 17
1355 17
1356 17
1357 17
1358 17
1359 17
1360 18
1361 18
1362 18
1363 17
1364 17
1365 17
1366 17
1367 17
1368 17
1369 17
1370 17
1371 18
1372 17
1373 17
1374 17
1375 17
1376 18
1377 18
1378 17
1379 17
1380 17
1381 17
1382 18
1383 17
1384 17
1385 17
1386 18
1387 18
1388 17
1389 17
1390 17
1391 17
1392 18
1393 18
1394 18
1395 18
1396 17
1397 17
1398 17
1399 18
1400 17
1401 17
1402 17
1403 17
1404 17
1405 17
1406 17
1407 17
1408 18
1409 18
1410 18
1411 18
1412 18
1413 18
1414 18
1415 17
1416 17
1417 17
1418 17
1419 17
1420 18
1421 17
1422 17
1423 17
1424 17
1425 17
1426 17
1427 21
1428 18
1429 17
1430 17
1431 17
1432 18
1433 18
1434 18
1435 17
1436 17
1437 17
1438 18
1439 18
1440 17
1441 17
1442 18
1443 17
1444 18
1445 18
1446 17
1447 17
1448 17
1449 17
1450 17
1451 17
1452 17
1453 17
1454 18
1455 16
1456 18
1457 17
1458 17
1459 17
1460 17
1461 17
1462 17
1463 18
1464 18
1465 18
1466 18
1467 18
1468 17
1469 17
1470 17
1471 17
1472 17
1473 17
1474 18
1475 17
1476 17
1477 17
1478 18
1479 18
1480 18
1481 17
1482 17
1483 17
1484 18
1485 17
1486 17
1487 17
1488 18
1489 17
1490 17
1491 17
1492 18
1493 17
1494 18
1495 18
1496 18
1497 17
1498 17
1499 17
1500 18
1501 17
1502 17
1503 17
1504 17
1505 17
1506 17
1507 17
1508 17
1509 17
1510 17
1511 17
1512 17
1513 17
1514 18
1515 18
1516 17
1517 18
1518 18
1519 18
1520 18
1521 18
1522 18
1523 18
1524 17
1525 17
1526 17
1527 19
1528 18
1529 21
1530 18
1531 18
1532 17
1533 17
1534 17
1535 17
1536 17
1537 17
1538 17
1539 17
1540 17
1541 17
1542 17
1543 17
1544 17
1545 17
1546 17
1547 17
1548 17
1549 17
1550 17
1551 17
1552 17
1553 17
1554 18
1555 17
1556 17
1557 17
1558 17
1559 17
1560 17
1561 17
1562 17
1563 17
1564 17
1565 17
1566 17
1567 18
1568 17
1569 17
1570 18
1571 17
1572 17
1573 17
1574 18
1575 17
1576 17
1577 17
1578 16
1579 17
1580 17
1581 17
1582 17
1583 17
1584 17
1585 17
1586 17
1587 17
1588 17
1589 18
1590 17
1591 17
1592 18
1593 17
1594 17
1595 17
1596 17
1597 17
1598 17
1599 17
1600 17
1601 17
1602 17
1603 17
1604 17
1605 17
1606 17
1607 17
1608 17
1609 39
1610 18
1611 17
1612 17
1613 17
1614 17
1615 17
1616 17
1617 17
1618 17
1619 17
1620 17
1621 17
1622 17
1623 17
1624 17
1625 17
1626 18
1627 17
1628 18
1629 18
1630 17
1631 17
1632 17
1633 17
1634 17
1635 17
1636 17
1637 17
1638 17
1639 17
1640 17
1641 17
1642 17
1643 18
1644 18
1645 18
1646 18
1647 18
1648 18
1649 17
1650 18
1651 18
1652 18
1653 17
1654 17
1655 17
1656 18
1657 18
1658 18
1659 17
1660 17
1661 17
1662 17
1663 17
1664 17
1665 17
1666 18
1667 17
1668 17
1669 17
1670 17
1671 17
1672 17
1673 17
1674 17
1675 17
1676 17
1677 17
1678 17
1679 17
1680 17
1681 17
1682 17
1683 17
1684 17
1685 18
1686 18
1687 18
1688 17
1689 17
1690 17
1691 17
1692 17
1693 17
1694 17
1695 17
1696 18
1697 17
1698 18
1699 17
1700 17
1701 17
1702 17
1703 17
1704 17
1705 17
1706 17
1707 17
1708 17
1709 17
1710 17
1711 17
1712 18
1713 17
1714 18
1715 17
1716 17
1717 17
1718 17
1719 17
1720 17
1721 17
1722 17
1723 18
1724 17
1725 17
1726 17
1727 17
1728 17
1729 18
1730 18
1731 17
1732 18
1733 18
1734 17
1735 17
1736 17
1737 17
1738 17
1739 17
1740 17
1741 17
1742 17
1743 17
1744 17
1745 17
1746 17
1747 17
1748 17
1749 17
1750 17
1751 17
1752 18
1753 18
1754 18
1755 17
1756 18
1757 17
1758 17
1759 17
1760 17
1761 17
1762 18
1763 17
1764 17
1765 17
1766 18
1767 17
1768 17
1769 17
1770 18
1771 17
1772 17
1773 17
1774 18
1775 17
1776 17
1777 17
1778 17
1779 17
1780 18
1781 17
1782 17
1783 17
1784 18
1785 18
1786 17
1787 17
1788 17
1789 17
1790 18
1791 18
1792 17
1793 17
1794 17
1795 17
1796 17
1797 17
1798 17
1799 17
1800 17
1801 17
1802 17
1803 17
1804 17
1805 17
1806 17
1807 17
1808 17
1809 17
1810 17
1811 17
1812 17
1813 17
1814 17
1815 18
1816 17
1817 17
1818 18
1819 17
1820 18
1821 18
1822 18
1823 17
1824 17
1825 17
1826 17
1827 17
1828 17
1829 17
1830 17
1831 17
1832 17
1833 17
1834 17
1835 17
1836 18
1837 17
1838 18
1839 18
1840 18
1841 17
1842 18
1843 17
1844 18
1845 18
1846 17
1847 17
1848 17
1849 17
1850 18
1851 17
1852 17
1853 17
1854 18
1855 18
1856 18
1857 17
1858 18
1859 18
1860 17
1861 17
1862 17
1863 17
1864 17
1865 18
1866 17
1867 17
1868 17
1869 18
1870 18
1871 18
1872 18
1873 18
1874 17
1875 17
1876 17
1877 17
1878 18
1879 18
1880 18
1881 17
1882 17
1883 17
1884 17
1885 17
1886 17
1887 17
1888 17
1889 17
1890 17
1891 17
1892 18
1893 18
1894 18
1895 18
1896 17
1897 17
1898 17
1899 17
1900 18
1901 18
1902 17
1903 17
1904 18
1905 17
1906 17
1907 17
1908 17
1909 17
1910 17
1911 17
1912 18
1913 18
1914 18
1915 17
1916 17
1917 17
1918 17
1919 17
1920 17
1921 17
1922 17
1923 17
1924 17
1925 18
1926 18
1927 17
1928 17
1929 17
1930 17
1931 17
1932 18
1933 17
1934 17
1935 17
1936 17
1937 17
1938 17
1939 18
1940 18
1941 17
1942 17
1943 17
1944 17
1945 17
1946 17
1947 17
1948 17
1949 17
1950 17
1951 18
1952 18
1953 18
1954 18
1955 17
1956 17
1957 18
1958 17
1959 17
1960 18
1961 17
1962 17
1963 17
1964 17
1965 17
1966 17
1967 17
1968 17
1969 17
1970 17
1971 17
1972 17
1973 23
1974 17
1975 17
1976 17
1977 17
1978 18
1979 17
1980 18
1981 17
1982 17
1983 17
1984 17
1985 17
1986 17
1987 17
1988 17
1989 17
1990 17
1991 17
1992 17
1993 17
1994 17
1995 18
1996 17
1997 17
1998 17
1999 18
2000 17
2001 17
2002 18
2003 17
2004 17
2005 17
2006 17
2007 18
2008 18
2009 17
2010 18
2011 17
2012 17
2013 17
2014 17
2015 17
2016 17
2017 17
2018 17
2019 17
2020 18
2021 17
2022 17
2023 17
2024 18
2025 18
2026 18
2027 17
2028 17
2029 17
2030 17
2031 17
2032 17
2033 17
2034 17
2035 17
2036 18
2037 17
2038 17
2039 17
2040 18
2041 18
2042 17
2043 18
2044 18
2045 17
2046 17
2047 17
2048 17
2049 17
2050 17
2051 17
2052 18
2053 17
2054 17
2055 17
2056 18
2057 17
2058 18
2059 18
2060 18
2061 18
2062 18
2063 17
2064 17
2065 17
2066 18
2067 17
2068 17
2069 17
2070 17
2071 17
2072 17
2073 18
2074 17
2075 17
2076 17
2077 18
2078 18
2079 18
2080 18
2081 18
2082 17
2083 17
2084 17
2085 17
2086 17
2087 17
2088 17
2089 17
2090 17
2091 17
2092 17
2093 17
2094 17
2095 17
2096 17
2097 18
2098 17
2099 18
2100 18
2101 18
2102 18
2103 17
2104 17
2105 17
2106 17
2107 17
2108 18
2109 17
2110 17
2111 17
2112 17
2113 17
2114 17
2115 17
2116 18
2117 18
2118 18
2119 18
2120 17
2121 17
2122 17
2123 17
2124 17
2125 17
2126 17
2127 17
2128 17
2129 17
2130 17
2131 17
2132 18
2133 20
2134 18
2135 18
2136 18
2137 18
2138 17
2139 18
2140 17
2141 17
2142 17
2143 17
2144 17
2145 17
2146 17
2147 17
2148 17
2149 17
2150 17
2151 17
2152 17
2153 17
2154 20
2155 32
2156 17
2157 17
2158 17
2159 17
2160 17
2161 17
2162 17
2163 17
2164 17
2165 17
2166 17
2167 17
2168 17
2169 17
2170 17
2171 17
2172 17
2173 17
2174 17
2175 17
2176 17
2177 17
2178 17
2179 17
2180 18
2181 17
2182 17
2183 17
2184 17
2185 17
2186 17
2187 17
2188 17
2189 17
2190 18
2191 18
2192 17
2193 17
2194 17
2195 17
2196 17
2197 18
2198 18
2199 17
2200 18
2201 18
2202 18
2203 18
2204 18
2205 17
2206 18
2207 18
2208 18
2209 18
2210 18
2211 17
2212 18
2213 17
2214 17
2215 17
2216 17
2217 17
2218 19
2219 17
2220 17
2221 17
2222 17
2223 17
2224 17
2225 17
2226 17
2227 17
2228 18
2229 17
2230 17
2231 17
2232 17
2233 18
2234 17
2235 17
2236 17
2237 17
2238 17
2239 17
2240 18
2241 16
2242 17
2243 17
2244 17
2245 17
2246 17
2247 18
2248 17
2249 17
2250 17
2251 17
2252 17
2253 17
2254 18
2255 17
2256 17
2257 17
2258 17
2259 17
2260 17
2261 17
2262 18
2263 18
2264 17
2265 17
2266 17
2267 17
2268 17
2269 17
2270 18
2271 17
2272 17
2273 17
2274 17
2275 17
2276 18
2277 18
2278 18
2279 17
2280 17
2281 17
2282 19
2283 17
2284 18
2285 17
2286 17
2287 17
2288 17
2289 17
2290 17
2291 17
2292 18
2293 18
2294 18
2295 18
2296 17
2297 17
2298 17
2299 17
2300 17
2301 17
2302 17
2303 17
2304 17
2305 17
2306 17
2307 17
2308 17
2309 18
2310 17
2311 18
2312 18
2313 17
2314 17
2315 17
2316 17
2317 17
2318 17
2319 17
2320 17
2321 17
2322 17
2323 17
2324 17
2325 17
2326 17
2327 17
2328 17
2329 17
2330 17
2331 17
2332 17
2333 17
2334 17
2335 17
2336 21
2337 18
2338 17
2339 17
2340 18
2341 18
2342 18
2343 18
2344 18
2345 17
2346 19
2347 17
2348 17
2349 17
2350 17
2351 17
2352 17
2353 17
2354 17
2355 17
2356 17
2357 17
2358 18
2359 18
2360 18
2361 17
2362 18
2363 18
2364 18
2365 18
2366 18
2367 18
2368 17
2369 17
2370 17
2371 17
2372 17
2373 17
2374 17
2375 17
2376 17
2377 17
2378 17
2379 17
2380 17
2381 17
2382 17
2383 18
2384 18
2385 18
2386 18
2387 18
2388 17
2389 18
2390 17
2391 17
2392 18
2393 18
2394 18
2395 17
2396 17
2397 17
2398 17
2399 17
2400 17
2401 17
2402 17
2403 17
2404 17
2405 17
2406 17
2407 17
2408 17
2409 17
2410 19
2411 18
2412 18
2413 17
2414 17
2415 17
2416 17
2417 17
2418 17
2419 17
2420 17
2421 17
2422 17
2423 17
2424 17
2425 17
2426 17
2427 17
2428 17
2429 17
2430 17
2431 17
2432 17
2433 17
2434 17
2435 17
2436 18
2437 18
2438 17
2439 18
2440 17
2441 18
2442 18
2443 18
2444 18
2445 18
2446 18
2447 17
2448 17
2449 17
2450 18
2451 18
2452 18
2453 18
2454 18
2455 18
2456 18
2457 18
2458 17
2459 18
2460 18
2461 18
2462 17
2463 18
2464 18
2465 17
2466 17
2467 18
2468 18
2469 18
2470 18
2471 17
2472 17
2473 17
2474 19
2475 17
2476 17
2477 17
2478 17
2479 17
2480 17
2481 17
2482 17
2483 17
2484 17
2485 17
2486 17
2487 17
2488 17
2489 17
2490 17
2491 17
2492 17
2493 17
2494 17
2495 18
2496 18
2497 19
2498 18
2499 17
2500 17
2501 17
2502 17
2503 17
2504 17
2505 17
2506 17
2507 17
2508 16
2509 17
2510 17
2511 17
2512 17
2513 17
2514 17
2515 17
2516 17
2517 17
2518 210
2519 21
2520 17
2521 17
2522 17
2523 17
2524 17
2525 17
2526 17
2527 17
2528 18
2529 17
2530 17
2531 17
2532 17
2533 17
2534 17
2535 18
2536 18
2537 17
2538 17
2539 17
2540 17
2541 17
2542 17
2543 18
2544 18
2545 18
2546 18
2547 17
2548 17
2549 17
2550 17
2551 17
2552 17
2553 17
2554 17
2555 18
2556 18
2557 17
2558 18
2559 17
2560 17
2561 17
2562 17
2563 17
2564 17
2565 17
2566 17
2567 18
2568 17
2569 17
2570 17
2571 17
2572 17
2573 17
2574 18
2575 17
2576 18
2577 18
2578 17
2579 17
2580 17
2581 18
2582 17
2583 17
2584 18
2585 17
2586 18
2587 17
2588 17
2589 16
2590 17
2591 17
2592 17
2593 17
2594 17
2595 17
2596 17
2597 18
2598 18
2599 18
2600 17
2601 17
2602 18
2603 17
2604 17
2605 17
2606 17
2607 17
2608 17
2609 17
2610 17
2611 17
2612 17
2613 16
2614 17
2615 17
2616 18
2617 17
2618 18
2619 17
2620 17
2621 17
2622 17
2623 17
2624 18
2625 18
2626 17
2627 17
2628 18
2629 17
2630 17
2631 17
2632 17
2633 17
2634 17
2635 17
2636 17
2637 17
2638 17
2639 17
2640 17
2641 17
2642 17
2643 18
2644 18
2645 18
2646 17
2647 17
2648 18
2649 17
2650 17
2651 17
2652 17
2653 17
2654 17
2655 -999983
2656 17
2657 17
2658 17
2659 17
2660 17
2661 17
2662 17
2663 17
2664 18
2665 17
2666 18
2667 17
2668 17
2669 17
2670 17
2671 17
2672 17
2673 18
2674 17
2675 17
2676 18
2677 17
2678 17
2679 17
2680 17
2681 17
2682 17
2683 17
2684 17
2685 18
2686 17
2687 17
2688 17
2689 17
2690 17
2691 17
2692 25
2693 17
2694 17
2695 17
2696 17
2697 17
2698 17
2699 17
2700 18
2701 17
2702 17
2703 18
2704 17
2705 17
2706 18
2707 17
2708 17
2709 18
2710 18
2711 18
2712 18
2713 17
2714 17
2715 17
2716 17
2717 17
2718 17
2719 17
2720 18
2721 18
2722 18
2723 17
2724 17
2725 17
2726 17
2727 17
2728 18
2729 17
2730 17
2731 17
2732 17
2733 17
2734 17
2735 17
2736 17
2737 17
2738 17
2739 18
2740 18
2741 18
2742 17
2743 17
2744 18
2745 17
2746 17
2747 17
2748 17
2749 18
2750 17
2751 17
2752 17
2753 17
2754 17
2755 17
2756 17
2757 17
2758 18
2759 18
2760 17
2761 17
2762 17
2763 18
2764 17
2765 17
2766 17
2767 17
2768 17
2769 17
2770 17
2771 18
2772 18
2773 18
2774 17
2775 17
2776 17
2777 17
2778 17
2779 17
2780 17
2781 17
2782 17
2783 17
2784 17
2785 17
2786 17
2787 17
2788 17
2789 17
2790 17
2791 17
2792 17
2793 17
2794 18
2795 17
2796 17
2797 17
2798 18
2799 18
2800 18
2801 18
2802 17
2803 17
2804 17
2805 17
2806 17
2807 17
2808 18
2809 18
2810 17
2811 18
2812 18
2813 18
2814 17
2815 17
2816 18
2817 17
2818 17
2819 17
2820 17
2821 17
2822 17
2823 17
2824 17
2825 17
2826 18
2827 17
2828 18
2829 17
2830 17
2831 16
2832 18
2833 17
2834 17
2835 17
2836 17
2837 17
2838 17
2839 17
2840 17
2841 18
2842 18
2843 17
2844 17
2845 18
2846 18
2847 18
2848 18
2849 17
2850 17
2851 16
2852 17
2853 17
2854 18
2855 17
2856 18
2857 18
2858 18
2859 17
2860 17
2861 17
2862 18
2863 17
2864 17
2865 17
2866 17
2867 17
2868 17
2869 17
2870 18
2871 18
2872 17
2873 18
2874 21
2875 17
2876 17
2877 17
2878 17
2879 17
2880 18
2881 18
2882 18
2883 18
2884 17
2885 20
2886 17
2887 17
2888 17
2889 17
2890 18
2891 17
2892 18
2893 18
2894 17
2895 17
2896 17
2897 17
2898 17
2899 16
2900 17
2901 17
2902 18
2903 18
2904 18
2905 23
2906 18
2907 17
2908 17
2909 18
2910 18
2911 17
2912 17
2913 17
2914 17
2915 17
2916 17
2917 18
2918 18
2919 18
2920 18
2921 17
2922 18
2923 17
2924 17
2925 17
2926 17
2927 17
2928 18
2929 17
2930 17
2931 17
2932 17
2933 17
2934 17
2935 17
2936 17
2937 17
2938 17
2939 17
2940 17
2941 17
2942 17
2943 17
2944 17
2945 16
2946 17
2947 17
2948 18
2949 18
2950 18
2951 18
2952 18
2953 17
2954 17
2955 17
2956 17
2957 17
2958 17
2959 17
2960 17
2961 17
2962 17
2963 17
2964 18
2965 17
2966 17
2967 17
2968 17
2969 17
2970 17
2971 17
2972 17
2973 17
2974 17
2975 17
2976 17
2977 17
2978 17
2979 17
2980 18
2981 18
2982 17
2983 17
2984 17
2985 17
2986 17
2987 17
2988 17
2989 17
2990 17
2991 17
2992 18
2993 17
2994 17
2995 17
2996 17
2997 18
2998 18
2999 17
3000 17
3001 17
3002 18
3003 17
3004 17
3005 17
3006 17
3007 17
3008 17
3009 18
3010 17
3011 17
3012 18
3013 18
3014 17
3015 17
3016 17
3017 17
3018 18
3019 18
3020 17
3021 18
3022 18
3023 17
3024 17
3025 17
3026 17
3027 17
3028 17
3029 16
3030 17
3031 17
3032 18
3033 18
3034 18
3035 17
3036 17
3037 17
3038 17
3039 17
3040 17
3041 17
3042 17
3043 17
3044 17
3045 17
3046 18
3047 17
3048 17
3049 17
3050 17
3051 17
3052 18
3053 18
3054 18
3055 17
3056 25
3057 17
3058 17
3059 17
3060 17
3061 17
3062 17
3063 17
3064 17
3065 17
3066 17
3067 17
3068 17
3069 17
3070 17
3071 17
3072 18
3073 17
3074 17
3075 17
3076 17
3077 17
3078 17
3079 17
3080 18
3081 17
3082 17
3083 17
3084 18
3085 17
3086 17
3087 17
3088 18
3089 17
3090 17
3091 17
3092 17
3093 17
3094 17
3095 17
3096 17
3097 17
3098 17
3099 17
3100 16
3101 17
3102 17
3103 17
3104 17
3105 17
3106 17
3107 17
3108 17
3109 17
3110 17
3111 16
3112 17
3113 17
3114 18
3115 17
3116 17
3117 17
3118 17
3119 17
3120 17
3121 17
3122 17
3123 17
3124 17
3125 17
3126 17
3127 17
3128 18
3129 18
3130 18
3131 17
3132 17
3133 17
3134 17
3135 17
3136 17
3137 17
3138 18
3139 18
3140 18
3141 18
3142 17
3143 18
3144 17
3145 17
3146 17
3147 17
3148 17
3149 17
3150 17
3151 17
3152 17
3153 17
3154 17
3155 17
3156 17
3157 17
3158 17
3159 17
3160 17
3161 17
3162 17
3163 17
3164 17
3165 17
3166 17
3167 17
3168 17
3169 17
3170 17
3171 18
3172 17
3173 17
3174 17
3175 17
3176 17
3177 17
3178 17
3179 18
3180 18
3181 17
3182 17
3183 17
3184 17
3185 17
3186 17
3187 17
3188 18
3189 18
3190 18
3191 17
3192 17
3193 17
3194 17
3195 17
3196 17
3197 17
3198 18
3199 17
3200 17
3201 17
3202 17
3203 17
3204 17
3205 17
3206 17
3207 17
3208 17
3209 17
3210 18
3211 17
3212 17
3213 17
3214 18
3215 18
3216 18
3217 18
3218 18
3219 18
3220 17
3221 17
3222 17
3223 17
3224 17
3225 17
3226 17
3227 17
3228 17
3229 17
3230 18
3231 17
3232 17
3233 18
3234 17
3235 17
3236 17
3237 17
3238 17
3239 30
3240 17
3241 17
3242 17
3243 17
3244 17
3245 17
3246 16
3247 17
3248 17
3249 18
3250 18
3251 17
3252 17
3253 18
3254 18
3255 17
3256 17
3257 18
3258 17
3259 17
3260 17
3261 17
3262 17
3263 17
3264 17
3265 17
3266 17
3267 18
3268 17
3269 17
3270 17
3271 17
3272 17
3273 17
3274 17
3275 17
3276 17
3277 18
3278 18
3279 18
3280 17
3281 17
3282 17
3283 17
3284 17
3285 17
3286 17
3287 17
3288 17
3289 17
3290 17
3291 17
3292 17
3293 18
3294 18
3295 18
3296 17
3297 18
3298 17
3299 18
3300 18
3301 18
3302 18
3303 17
3304 17
3305 17
3306 17
3307 17
3308 17
3309 17
3310 17
3311 18
3312 18
3313 18
3314 18
3315 18
3316 18
3317 17
3318 17
3319 17
3320 17
3321 17
3322 17
3323 17
3324 17
3325 17
3326 17
3327 17
3328 17
3329 17
3330 17
3331 17
3332 17
3333 18
3334 18
3335 17
3336 18
3337 17
3338 17
3339 17
3340 17
3341 17
3342 17
3343 17
3344 17
3345 17
3346 17
3347 18
3348 18
3349 17
3350 17
3351 18
3352 17
3353 17
3354 17
3355 18
3356 17
3357 17
3358 17
3359 17
3360 17
3361 17
3362 18
3363 17
3364 18
3365 18
3366 18
3367 18
3368 18
3369 18
3370 18
3371 18
3372 17
3373 18
3374 18
3375 17
3376 18
3377 17
3378 17
3379 17
3380 17
3381 17
3382 17
3383 17
3384 17
3385 18
3386 17
3387 17
3388 17
3389 17
3390 17
3391 17
3392 17
3393 17
3394 17
3395 17
3396 17
3397 17
3398 17
3399 17
3400 17
3401 17
3402 17
3403 17
3404 18
3405 17
3406 17
3407 17
3408 18
3409 17
3410 17
3411 17
3412 17
3413 17
3414 17
3415 17
3416 17
3417 18
3418 18
3419 18
3420 35
3421 17
3422 17
3423 18
3424 18
3425 18
3426 18
3427 18
3428 18
3429 18
3430 18
3431 17
3432 18
3433 18
3434 18
3435 17
3436 17
3437 17
3438 17
3439 17
3440 17
3441 17
3442 17
3443 18
3444 18
3445 18
3446 18
3447 17
3448 17
3449 17
3450 17
3451 17
3452 17
3453 17
3454 17
3455 18
3456 18
3457 18
3458 17
3459 17
3460 17
3461 17
3462 18
3463 18
3464 17
3465 18
3466 17
3467 17
3468 18
3469 18
3470 18
3471 18
3472 18
3473 17
3474 18
3475 17
3476 18
3477 18
3478 17
3479 17
3480 17
3481 17
3482 18
3483 17
3484 17
3485 17
3486 17
3487 17
3488 17
3489 17
3490 17
3491 17
3492 17
3493 17
3494 17
3495 17
3496 17
3497 17
3498 17
3499 17
3500 17
3501 18
3502 18
3503 18
3504 18
3505 18
3506 17
3507 17
3508 17
3509 17
3510 17
3511 17
3512 17
3513 17
3514 17
3515 17
3516 17
3517 18
3518 18
3519 18
3520 18
3521 18
3522 18
3523 17
3524 17
3525 17
3526 18
3527 17
3528 17
3529 17
3530 17
3531 17
3532 17
3533 17
3534 17
3535 17
3536 17
3537 17
3538 17
3539 17
3540 17
3541 17
3542 17
3543 17
3544 17
3545 17
3546 17
3547 17
3548 17
3549 17
3550 17
3551 17
3552 17
3553 17
3554 17
3555 17
3556 17
3557 17
3558 17
3559 17
3560 17
3561 17
3562 18
3563 18
3564 17
3565 18
3566 18
3567 18
3568 18
3569 17
3570 18
3571 18
3572 18
3573 18
3574 17
3575 17
3576 17
3577 17
3578 17
3579 17
3580 17
3581 17
3582 18
3583 18
3584 18
3585 17
3586 18
3587 18
3588 18
3589 17
3590 19
3591 18
3592 18
3593 17
3594 17
3595 16
3596 17
3597 17
3598 17
3599 17
3600 17
3601 17
3602 17
3603 17
3604 17
3605 17
3606 18
3607 17
3608 17
3609 19
3610 18
3611 18
3612 17
3613 17
3614 17
3615 17
3616 17
3617 17
3618 17
3619 16
3620 17
3621 17
3622 17
3623 17
3624 17
3625 17
3626 17
3627 17
3628 17
3629 18
3630 17
3631 17
3632 18
3633 17
3634 17
3635 17
3636 17
3637 17
3638 17
3639 17
3640 17
3641 17
3642 17
3643 17
3644 17
3645 17
3646 17
3647 17
3648 17
3649 17
3650 17
3651 17
3652 17
3653 18
3654 17
3655 17
3656 17
3657 17
3658 17
3659 17
3660 17
3661 17
3662 17
3663 17
3664 17
3665 17
3666 17
3667 17
3668 17
3669 17
3670 17
3671 17
3672 17
3673 19
3674 19
3675 17
3676 17
3677 17
3678 18
3679 17
3680 17
3681 17
3682 17
3683 17
3684 17
3685 17
3686 17
3687 17
3688 17
3689 17
3690 17
3691 17
3692 17
3693 17
3694 17
3695 19
3696 18
3697 17
3698 17
3699 17
3700 17
3701 17
3702 17
3703 17
3704 17
3705 17
3706 17
3707 17
3708 17
3709 17
3710 17
3711 17
3712 17
3713 17
3714 18
3715 17
3716 18
3717 17
3718 18
3719 17
3720 17
3721 17
3722 17
3723 16
3724 17
3725 17
3726 17
3727 17
3728 17
3729 17
3730 17
3731 17
3732 17
3733 17
3734 17
3735 17
3736 17
3737 20
3738 17
3739 17
3740 17
3741 16
3742 17
3743 17
3744 17
3745 17
3746 17
3747 17
3748 17
3749 17
3750 17
3751 17
3752 17
3753 17
3754 17
3755 17
3756 17
3757 17
3758 18
3759 17
3760 17
3761 17
3762 17
3763 17
3764 17
3765 17
3766 17
3767 17
3768 17
3769 17
3770 17
3771 17
3772 17
3773 17
3774 17
3775 17
3776 18
3777 17
3778 17
3779 18
3780 17
3781 17
3782 17
3783 17
3784 17
3785 18
3786 20
3787 17
3788 17
3789 16
3790 17
3791 17
3792 17
3793 17
3794 17
3795 17
3796 17
3797 17
3798 18
3799 17
3800 18
3801 19
3802 17
3803 17
3804 17
3805 17
3806 17
3807 17
3808 17
3809 17
3810 17
3811 17
3812 17
3813 17
3814 17
3815 17
3816 16
3817 17
3818 18
3819 18
3820 17
3821 18
3822 17
3823 17
3824 17
3825 17
3826 17
3827 17
3828 17
3829 17
3830 17
3831 17
3832 17
3833 17
3834 17
3835 17
3836 17
3837 17
3838 17
3839 17
3840 18
3841 18
3842 18
3843 17
3844 17
3845 17
3846 17
3847 16
3848 17
3849 17
3850 17
3851 17
3852 17
3853 17
3854 17
3855 17
3856 17
3857 17
3858 17
3859 16
3860 17
3861 17
3862 17
3863 18
3864 17
3865 19
3866 17
3867 17
3868 17
3869 16
3870 17
3871 17
3872 17
3873 17
3874 17
3875 17
3876 17
3877 17
3878 17
3879 17
3880 17
3881 17
3882 17
3883 17
3884 18
3885 18
3886 18
3887 17
3888 17
3889 17
3890 17
3891 17
3892 17
3893 16
3894 17
3895 17
3896 17
3897 17
3898 17
3899 17
3900 17
3901 17
3902 17
3903 17
3904 17
3905 18
3906 18
3907 17
3908 17
3909 17
3910 17
3911 17
3912 17
3913 17
3914 18
3915 17
3916 17
3917 17
3918 17
3919 16
3920 17
3921 17
3922 17
3923 17
3924 17
3925 17
3926 18
3927 17
3928 17
3929 18
3930 17
3931 16
3932 17
3933 17
3934 17
3935 17
3936 17
3937 17
3938 17
3939 17
3940 17
3941 17
3942 17
3943 17
3944 17
3945 17
3946 17
3947 18
3948 17
3949 17
3950 17
3951 17
3952 16
3953 17
3954 17
3955 17
3956 17
3957 17
3958 17
3959 17
3960 17
3961 17
3962 17
3963 17
3964 17
3965 17
3966 18
3967 17
3968 274
3969 18
3970 17
3971 17
3972 18
3973 17
3974 17
3975 17
3976 17
3977 17
3978 17
3979 17
3980 18
3981 17
3982 17
3983 17
3984 17
3985 17
3986 17
3987 17
3988 17
3989 17
3990 17
3991 17
3992 17
3993 17
3994 17
3995 17
3996 17
3997 17
3998 17
3999 17
4000 17
4001 17
4002 18
4003 18
4004 18
4005 18
4006 18
4007 17
4008 17
4009 17
4010 17
4011 17
4012 17
4013 17
4014 17
4015 17
4016 17
4017 18
4018 18
4019 17
4020 18
4021 17
4022 17
4023 17
4024 17
4025 17
4026 17
4027 17
4028 17
4029 17
4030 17
4031 17
4032 17
4033 18
4034 18
4035 17
4036 17
4037 17
4038 17
4039 17
4040 17
4041 18
4042 17
4043 17
4044 17
4045 17
4046 17
4047 17
4048 17
4049 17
4050 17
4051 17
4052 17
4053 17
4054 18
4055 18
4056 17
4057 17
4058 17
4059 17
4060 17
4061 18
4062 18
4063 17
4064 17
4065 17
4066 18
4067 17
4068 17
4069 17
4070 17
4071 18
4072 17
4073 17
4074 17
4075 17
4076 17
4077 17
4078 18
4079 18
4080 18
4081 17
4082 17
4083 17
4084 17
4085 17
4086 18
4087 17
4088 18
4089 17
4090 17
4091 16
4092 17
4093 17
4094 18
4095 17
4096 17
4097 17
4098 17
4099 17
4100 17
4101 17
4102 18
4103 17
4104 17
4105 17
4106 18
4107 17
4108 17
4109 17
4110 17
4111 17
4112 18
4113 17
4114 17
4115 17
4116 17
4117 17
4118 17
4119 17
4120 17
4121 17
4122 17
4123 17
4124 18
4125 17
4126 18
4127 17
4128 17
4129 17
4130 17
4131 17
4132 17
4133 17
4134 16
4135 17
4136 17
4137 17
4138 17
4139 21
4140 18
4141 18
4142 18
4143 17
4144 17
4145 17
4146 17
4147 17
4148 17
4149 17
4150 17
4151 17
4152 18
4153 17
4154 17
4155 17
4156 17
4157 17
4158 17
4159 17
4160 17
4161 17
4162 17
4163 18
4164 17
4165 17
4166 17
4167 17
4168 17
4169 17
4170 17
4171 17
4172 17
4173 17
4174 17
4175 17
4176 17
4177 17
4178 17
4179 17
4180 17
4181 18
4182 18
4183 18
4184 18
4185 18
4186 18
4187 17
4188 17
4189 17
4190 17
4191 17
4192 17
4193 17
4194 17
4195 17
4196 17
4197 17
4198 17
4199 17
4200 17
4201 17
4202 17
4203 17
4204 18
4205 17
4206 17
4207 17
4208 17
4209 17
4210 17
4211 17
4212 17
4213 17
4214 17
4215 17
4216 17
4217 18
4218 17
4219 17
4220 18
4221 17
4222 17
4223 17
4224 17
4225 17
4226 17
4227 17
4228 17
4229 17
4230 17
4231 17
4232 18
4233 17
4234 17
4235 17
4236 17
4237 17
4238 17
4239 17
4240 17
4241 17
4242 17
4243 17
4244 17
4245 17
4246 17
4247 18
4248 18
4249 18
4250 17
4251 17
4252 17
4253 17
4254 17
4255 17
4256 17
4257 17
4258 18
4259 18
4260 18
4261 18
4262 17
4263 17
4264 17
4265 17
4266 17
4267 17
4268 17
4269 17
4270 17
4271 17
4272 18
4273 18
4274 18
4275 18
4276 17
4277 17
4278 17
4279 17
4280 18
4281 17
4282 18
4283 17
4284 17
4285 17
4286 17
4287 17
4288 17
4289 17
4290 17
4291 17
4292 17
4293 17
4294 18
4295 17
4296 17
4297 17
4298 17
4299 17
4300 17
4301 17
4302 17
4303 17
4304 18
4305 18
4306 18
4307 18
4308 18
4309 17
4310 17
4311 17
4312 18
4313 17
4314 17
4315 17
4316 17
4317 17
4318 17
4319 17
4320 17
4321 17
4322 32
4323 18
4324 18
4325 17
4326 17
4327 17
4328 17
4329 17
4330 17
4331 17
4332 17
4333 17
4334 18
4335 17
4336 17
4337 17
4338 17
4339 17
4340 17
4341 17
4342 17
4343 18
4344 18
4345 18
4346 17
4347 18
4348 17
4349 17
4350 17
4351 17
4352 17
4353 17
4354 17
4355 17
4356 17
4357 17
4358 17
4359 17
4360 17
4361 17
4362 18
4363 17
4364 17
4365 17
4366 18
4367 17
4368 17
4369 17
4370 17
4371 18
4372 17
4373 17
4374 17
4375 18
4376 18
4377 17
4378 17
4379 17
4380 17
4381 17
4382 17
4383 17
4384 17
4385 17
4386 16
4387 17
4388 17
4389 17
4390 17
4391 17
4392 17
4393 17
4394 17
4395 17
4396 18
4397 17
4398 17
4399 17
4400 17
4401 16
4402 18
4403 17
4404 17
4405 18
4406 18
4407 18
4408 17
4409 17
4410 17
4411 17
4412 18
4413 18
4414 18
4415 17
4416 17
4417 17
4418 17
4419 18
4420 18
4421 18
4422 17
4423 17
4424 17
4425 17
4426 17
4427 17
4428 17
4429 17
4430 17
4431 17
4432 17
4433 17
4434 17
4435 16
4436 17
4437 17
4438 18
4439 18
4440 17
4441 18
4442 18
4443 18
4444 17
4445 17
4446 17
4447 17
4448 17
4449 17
4450 17
4451 17
4452 17
4453 17
4454 17
4455 17
4456 17
4457 17
4458 17
4459 18
4460 17
4461 17
4462 17
4463 18
4464 18
4465 17
4466 17
4467 17
4468 17
4469 18
4470 17
4471 17
4472 17
4473 17
4474 18
4475 17
4476 17
4477 17
4478 17
4479 17
4480 18
4481 17
4482 17
4483 17
4484 17
4485 17
4486 17
4487 17
4488 17
4489 17
4490 17
4491 17
4492 16
4493 17
4494 17
4495 17
4496 17
4497 18
4498 18
4499 17
4500 18
4501 18
4502 18
4503 18
4504 20
4505 18
4506 18
4507 17
4508 17
4509 17
4510 17
4511 18
4512 18
4513 18
4514 17
4515 17
4516 17
4517 17
4518 17
4519 17
4520 17
4521 17
4522 17
4523 17
4524 17
4525 17
4526 17
4527 17
4528 17
4529 17
4530 17
4531 17
4532 17
4533 17
4534 17
4535 17
4536 16
4537 17
4538 17
4539 18
4540 18
4541 18
4542 18
4543 17
4544 17
4545 17
4546 18
4547 18
4548 17
4549 18
4550 18
4551 17
4552 17
4553 17
4554 18
4555 18
4556 17
4557 17
4558 18
4559 17
4560 17
4561 17
4562 17
4563 17
4564 18
4565 18
4566 17
4567 17
4568 17
4569 17
4570 18
4571 18
4572 18
4573 18
4574 17
4575 17
4576 17
4577 17
4578 17
4579 17
4580 17
4581 17
4582 17
4583 17
4584 18
4585 17
4586 17
4587 17
4588 17
4589 18
4590 17
4591 17
4592 17
4593 18
4594 17
4595 17
4596 17
4597 17
4598 17
4599 17
4600 18
4601 17
4602 17
4603 17
4604 17
4605 17
4606 17
4607 17
4608 17
4609 17
4610 17
4611 17
4612 17
4613 17
4614 17
4615 17
4616 17
4617 17
4618 18
4619 17
4620 17
4621 18
4622 18
4623 18
4624 18
4625 18
4626 18
4627 18
4628 17
4629 17
4630 17
4631 18
4632 18
4633 18
4634 17
4635 17
4636 17
4637 17
4638 17
4639 17
4640 17
4641 18
4642 17
4643 17
4644 17
4645 17
4646 17
4647 17
4648 18
4649 17
4650 17
4651 17
4652 17
4653 17
4654 17
4655 17
4656 17
4657 17
4658 17
4659 17
4660 17
4661 17
4662 17
4663 17
4664 17
4665 17
4666 17
4667 17
4668 17
4669 17
4670 17
4671 17
4672 17
4673 17
4674 17
4675 17
4676 17
4677 17
4678 17
4679 17
4680 17
4681 18
4682 18
4683 17
4684 17
4685 17
4686 17
4687 22
4688 17
4689 18
4690 17
4691 17
4692 17
4693 17
4694 18
4695 17
4696 17
4697 17
4698 17
4699 17
4700 18
4701 17
4702 17
4703 17
4704 17
4705 17
4706 17
4707 17
4708 17
4709 17
4710 18
4711 17
4712 17
4713 17
4714 17
4715 17
4716 17
4717 17
4718 18
4719 17
4720 17
4721 18
4722 17
4723 17
4724 17
4725 16
4726 17
4727 17
4728 18
4729 18
4730 17
4731 17
4732 17
4733 17
4734 18
4735 17
4736 17
4737 17
4738 17
4739 18
4740 18
4741 18
4742 17
4743 17
4744 18
4745 18
4746 18
4747 17
4748 17
4749 17
4750 17
4751 17
4752 17
4753 17
4754 18
4755 17
4756 17
4757 17
4758 17
4759 17
4760 18
4761 17
4762 17
4763 17
4764 17
4765 17
4766 17
4767 17
4768 17
4769 17
4770 18
4771 18
4772 17
4773 17
4774 17
4775 17
4776 17
4777 17
4778 17
4779 17
4780 17
4781 17
4782 17
4783 18
4784 17
4785 17
4786 17
4787 17
4788 17
4789 17
4790 17
4791 17
4792 17
4793 17
4794 17
4795 17
4796 17
4797 17
4798 17
4799 17
4800 17
4801 17
4802 17
4803 17
4804 18
4805 18
4806 18
4807 18
4808 18
4809 18
4810 17
4811 17
4812 17
4813 17
4814 17
4815 17
4816 17
4817 17
4818 18
4819 18
4820 17
4821 18
4822 17
4823 17
4824 17
4825 17
4826 17
4827 17
4828 17
4829 17
4830 18
4831 18
4832 18
4833 17
4834 17
4835 17
4836 17
4837 17
4838 17
4839 17
4840 17
4841 17
4842 17
4843 17
4844 17
4845 17
4846 17
4847 17
4848 17
4849 17
4850 17
4851 17
4852 17
4853 17
4854 17
4855 17
4856 17
4857 17
4858 17
4859 17
4860 17
4861 17
4862 17
4863 17
4864 17
4865 17
4866 16
4867 17
4868 17
4869 31
4870 17
4871 17
4872 17
4873 17
4874 18
4875 17
4876 17
4877 17
4878 17
4879 18
4880 17
4881 17
4882 17
4883 17
4884 17
4885 17
4886 18
4887 17
4888 17
4889 17
4890 17
4891 17
4892 17
4893 17
4894 18
4895 17
4896 17
4897 17
4898 18
4899 18
4900 17
4901 17
4902 17
4903 17
4904 17
4905 17
4906 18
4907 17
4908 17
4909 17
4910 17
4911 17
4912 17
4913 18
4914 18
4915 16
4916 17
4917 17
4918 17
4919 17
4920 17
4921 18
4922 17
4923 17
4924 17
4925 17
4926 17
4927 17
4928 17
4929 18
4930 17
4931 17
4932 18
4933 17
4934 17
4935 17
4936 17
4937 18
4938 17
4939 17
4940 17
4941 17
4942 17
4943 17
4944 17
4945 17
4946 18
4947 18
4948 17
4949 17
4950 17
4951 17
4952 17
4953 17
4954 17
4955 18
4956 18
4957 17
4958 17
4959 17
4960 17
4961 17
4962 17
4963 17
4964 18
4965 18
4966 17
4967 17
4968 18
4969 18
4970 17
4971 17
4972 17
4973 18
4974 17
4975 17
4976 17
4977 17
4978 17
4979 17
4980 17
4981 17
4982 18
4983 18
4984 18
4985 17
4986 18
4987 17
4988 18
4989 18
4990 17
4991 18
4992 18
4993 18
4994 18
4995 17
4996 18
4997 18
4998 18
4999 17
5000 17
5001 17
5002 17
5003 17
5004 17
5005 18
5006 17
5007 17
5008 17
5009 17
5010 17
5011 17
5012 17
5013 17
5014 18
5015 17
5016 17
5017 17
5018 17
5019 17
5020 17
5021 17
5022 17
5023 17
5024 17
5025 17
5026 17
5027 17
5028 17
5029 17
5030 17
5031 17
5032 18
5033 17
5034 17
5035 17
5036 17
5037 17
5038 18
5039 17
5040 17
5041 17
5042 17
5043 17
5044 17
5045 17
5046 17
5047 17
5048 17
5049 17
5050 17
5051 20
5052 18
5053 18
5054 18
5055 17
5056 17
5057 17
5058 17
5059 17
5060 17
5061 18
5062 18
5063 18
5064 17
5065 17
5066 17
5067 17
5068 17
5069 17
5070 17
5071 18
5072 18
5073 18
5074 18
5075 18
5076 18
5077 18
5078 17
5079 17
5080 17
5081 17
5082 17
5083 17
5084 17
5085 17
5086 17
5087 17
5088 17
5089 17
5090 17
5091 17
5092 17
5093 17
5094 17
5095 17
5096 17
5097 17
5098 17
5099 17
5100 17
5101 17
5102 17
5103 17
5104 18
5105 18
5106 17
5107 17
5108 17
5109 17
5110 17
5111 17
5112 17
5113 17
5114 18
5115 17
5116 18
5117 18
5118 18
5119 17
5120 18
5121 20
5122 17
5123 17
5124 18
5125 17
5126 17
5127 17
5128 17
5129 17
5130 17
5131 17
5132 17
5133 17
5134 17
5135 17
5136 17
5137 17
5138 17
5139 17
5140 17
5141 18
5142 18
5143 17
5144 17
5145 17
5146 17
5147 18
5148 18
5149 17
5150 17
5151 17
5152 17
5153 17
5154 18
5155 18
5156 18
5157 17
5158 17
5159 17
5160 17
5161 17
5162 18
5163 18
5164 18
5165 18
5166 18
5167 18
5168 17
5169 17
5170 17
5171 17
5172 17
5173 17
5174 17
5175 17
5176 17
5177 18
5178 18
5179 18
5180 17
5181 17
5182 17
5183 17
5184 17
5185 19
5186 17
5187 17
5188 17
5189 17
5190 17
5191 17
5192 17
5193 17
5194 17
5195 17
5196 17
5197 17
5198 17
5199 18
5200 18
5201 18
5202 17
5203 17
5204 17
5205 17
5206 17
5207 17
5208 17
5209 17
5210 17
5211 17
5212 17
5213 17
5214 18
5215 18
5216 17
5217 17
5218 17
5219 18
5220 17
5221 17
5222 17
5223 17
5224 17
5225 17
5226 17
5227 17
5228 17
5229 17
5230 18
5231 17
5232 17
5233 21
5234 17
5235 17
5236 18
5237 17
5238 18
5239 18
5240 17
5241 17
5242 17
5243 17
5244 17
5245 17
5246 17
5247 17
5248 17
5249 19
5250 17
5251 17
5252 17
5253 17
5254 17
5255 17
5256 17
5257 17
5258 17
5259 17
5260 17
5261 18
5262 18
5263 18
5264 18
5265 18
5266 18
5267 17
5268 18
5269 17
5270 17
5271 17
5272 17
5273 17
5274 17
5275 18
5276 18
5277 17
5278 18
5279 18
5280 18
5281 17
5282 18
5283 17
5284 17
5285 17
5286 17
5287 17
5288 17
5289 17
5290 18
5291 18
5292 18
5293 17
5294 17
5295 17
5296 17
5297 18
5298 18
5299 18
5300 18
5301 18
5302 18
5303 18
5304 17
5305 17
5306 17
5307 17
5308 17
5309 17
5310 17
5311 17
5312 18
5313 20
5314 18
5315 18
5316 17
5317 17
5318 17
5319 17
5320 17
5321 17
5322 17
5323 17
5324 17
5325 17
5326 18
5327 18
5328 17
5329 18
5330 17
5331 17
5332 18
5333 18
5334 18
5335 17
5336 18
5337 18
5338 17
5339 17
5340 17
5341 17
5342 17
5343 17
5344 18
5345 18
5346 18
5347 18
5348 17
5349 17
5350 17
5351 17
5352 18
5353 17
5354 17
5355 17
5356 18
5357 18
5358 18
5359 18
5360 17
5361 18
5362 18
5363 17
5364 17
5365 17
5366 17
5367 17
5368 17
5369 17
5370 17
5371 17
5372 17
5373 17
5374 17
5375 17
5376 17
5377 19
5378 17
5379 17
5380 17
5381 17
5382 17
5383 17
5384 17
5385 17
5386 18
5387 17
5388 17
5389 17
5390 17
5391 17
5392 18
5393 18
5394 18
5395 18
5396 17
5397 17
5398 17
5399 17
5400 17
5401 17
5402 17
5403 17
5404 17
5405 18
5406 17
5407 17
5408 17
5409 17
5410 17
5411 17
5412 17
5413 17
5414 258
5415 27
5416 18
5417 17
5418 18
5419 17
5420 17
5421 17
5422 17
5423 17
5424 17
5425 17
5426 17
5427 17
5428 17
5429 16
5430 17
5431 17
5432 17
5433 17
5434 18
5435 18
5436 17
5437 17
5438 17
5439 18
5440 17
5441 17
5442 17
5443 18
5444 17
5445 17
5446 17
5447 18
5448 17
5449 17
5450 17
5451 18
5452 17
5453 17
5454 17
5455 17
5456 17
5457 17
5458 17
5459 17
5460 17
5461 17
5462 18
5463 18
5464 17
5465 17
5466 17
5467 17
5468 17
5469 17
5470 17
5471 17
5472 18
5473 18
5474 17
5475 17
5476 17
5477 17
5478 17
5479 17
5480 17
5481 17
5482 17
5483 17
5484 17
5485 18
5486 18
5487 17
5488 17
5489 17
5490 17
5491 18
5492 18
5493 17
5494 17
5495 17
5496 17
5497 17
5498 17
5499 17
5500 17
5501 17
5502 17
5503 17
5504 17
5505 16
5506 17
5507 17
5508 17
5509 17
5510 17
5511 18
5512 17
5513 17
5514 17
5515 17
5516 18
5517 17
5518 17
5519 17
5520 17
5521 17
5522 17
5523 17
5524 17
5525 17
5526 18
5527 17
5528 17
5529 17
5530 17
5531 17
5532 17
5533 17
5534 17
5535 17
5536 17
5537 17
5538 17
5539 17
5540 17
5541 17
5542 17
5543 17
5544 17
5545 17
5546 17
5547 17
5548 17
5549 17
5550 17
5551 17
5552 18
5553 18
5554 17
5555 17
5556 17
5557 17
5558 18
5559 17
5560 17
5561 17
5562 17
5563 17
5564 17
5565 17
5566 17
5567 17
5568 17
5569 17
5570 18
5571 17
5572 17
5573 17
5574 17
5575 17
5576 17
5577 17
5578 17
5579 17
5580 17
5581 17
5582 18
5583 17
5584 17
5585 17
5586 21
5587 17
5588 17
5589 17
5590 17
5591 17
5592 17
5593 18
5594 18
5595 17
5596 17
5597 18
5598 17
5599 17
5600 17
5601 17
5602 17
5603 17
5604 17
5605 18
5606 18
5607 17
5608 18
5609 18
5610 17
5611 17
5612 18
5613 18
5614 18
5615 18
5616 18
5617 17
5618 17
5619 17
5620 17
5621 17
5622 17
5623 18
5624 18
5625 18
5626 17
5627 17
5628 18
5629 18
5630 17
5631 18
5632 18
5633 18
5634 18
5635 18
5636 18
5637 18
5638 18
5639 18
5640 18
5641 18
5642 18
5643 17
5644 17
5645 17
5646 17
5647 17
5648 17
5649 16
5650 17
5651 17
5652 17
5653 17
5654 18
5655 17
5656 18
5657 18
5658 17
5659 18
5660 17
5661 17
5662 17
5663 17
5664 17
5665 17
5666 17
5667 17
5668 17
5669 17
5670 17
5671 18
5672 17
5673 17
5674 17
5675 18
5676 18
5677 18
5678 18
5679 18
5680 18
5681 18
5682 17
5683 17
5684 18
5685 17
5686 17
5687 17
5688 18
5689 17
5690 17
5691 17
5692 17
5693 18
5694 18
5695 17
5696 18
5697 18
5698 18
5699 17
5700 17
5701 17
5702 18
5703 18
5704 18
5705 17
5706 17
5707 17
5708 17
5709 18
5710 18
5711 17
5712 18
5713 17
5714 17
5715 17
5716 17
5717 17
5718 18
5719 18
5720 18
5721 17
5722 18
5723 17
5724 17
5725 17
5726 17
5727 17
5728 17
5729 17
5730 17
5731 17
5732 17
5733 17
5734 17
5735 17
5736 17
5737 17
5738 17
5739 17
5740 17
5741 17
5742 17
5743 18
5744 18
5745 18
5746 18
5747 17
5748 17
5749 17
5750 17
5751 17
5752 17
5753 17
5754 17
5755 18
5756 17
5757 18
5758 21
5759 17
5760 17
5761 18
5762 18
5763 17
5764 17
5765 17
5766 17
5767 21
5768 18
5769 17
5770 17
5771 17
5772 17
5773 16
5774 17
5775 17
5776 17
5777 17
5778 17
5779 17
5780 17
5781 17
5782 18
5783 18
5784 18
5785 17
5786 17
5787 17
5788 17
5789 18
5790 18
5791 18
5792 17
5793 17
5794 17
5795 17
5796 17
5797 17
5798 17
5799 17
5800 17
5801 17
5802 17
5803 17
5804 18
5805 17
5806 18
5807 18
5808 17
5809 17
5810 17
5811 17
5812 17
5813 18
5814 17
5815 17
5816 17
5817 18
5818 18
5819 17
5820 17
5821 18
5822 18
5823 17
5824 17
5825 17
5826 17
5827 17
5828 17
5829 17
5830 17
5831 17
5832 17
5833 18
5834 18
5835 18
5836 18
5837 17
5838 17
5839 17
5840 17
5841 18
5842 17
5843 17
5844 17
5845 16
5846 17
5847 17
5848 17
5849 17
5850 18
5851 18
5852 17
5853 18
5854 17
5855 17
5856 17
5857 17
5858 17
5859 18
5860 17
5861 17
5862 17
5863 18
5864 17
5865 17
5866 18
5867 18
5868 17
5869 17
5870 17
5871 17
5872 17
5873 17
5874 17
5875 17
5876 17
5877 17
5878 17
5879 17
5880 17
5881 18
5882 18
5883 17
5884 17
5885 17
5886 17
5887 17
5888 17
5889 17
5890 18
5891 17
5892 17
5893 17
5894 18
5895 18
5896 18
5897 17
5898 17
5899 17
5900 17
5901 17
5902 17
5903 17
5904 17
5905 17
5906 17
5907 16
5908 17
5909 18
5910 18
5911 17
5912 23
5913 18
5914 18
5915 18
5916 18
5917 18
5918 18
5919 18
5920 17
5921 18
5922 18
5923 18
5924 17
5925 17
5926 17
5927 17
5928 17
5929 16
5930 17
5931 17
5932 18
5933 18
5934 18
5935 17
5936 17
5937 17
5938 18
5939 17
5940 18
5941 17
5942 17
5943 17
5944 17
5945 17
5946 18
5947 18
5948 18
5949 28
5950 19
5951 18
5952 18
5953 17
5954 17
5955 17
5956 17
5957 17
5958 17
5959 17
5960 17
5961 17
5962 17
5963 17
5964 17
5965 17
5966 17
5967 17
5968 17
5969 17
5970 17
5971 17
5972 18
5973 17
5974 17
5975 17
5976 17
5977 17
5978 18
5979 17
5980 17
5981 18
5982 17
5983 17
5984 17
5985 17
5986 17
5987 18
5988 18
5989 18
5990 17
5991 17
5992 17
5993 17
5994 17
5995 17
5996 17
5997 17
5998 17
5999 18
6000 18
6001 17
6002 17
6003 17
6004 17
6005 17
6006 17
6007 17
6008 17
6009 17
6010 17
6011 18
6012 18
6013 17
6014 18
6015 17
6016 17
6017 17
6018 17
6019 17
6020 17
6021 17
6022 17
6023 17
6024 17
6025 17
6026 17
6027 17
6028 18
6029 17
6030 17
6031 17
6032 18
6033 17
6034 17
6035 17
6036 18
6037 18
6038 18
6039 18
6040 17
6041 17
6042 17
6043 17
6044 18
6045 18
6046 17
6047 17
6048 17
6049 17
6050 17
6051 18
6052 17
6053 17
6054 17
6055 17
6056 17
6057 17
6058 17
6059 17
6060 17
6061 18
6062 18
6063 17
6064 17
6065 18
6066 18
6067 18
6068 17
6069 18
6070 18
6071 17
6072 17
6073 18
6074 18
6075 18
6076 18
6077 18
6078 18
6079 17
6080 17
6081 17
6082 18
6083 17
6084 17
6085 17
6086 17
6087 17
6088 17
6089 17
6090 17
6091 17
6092 17
6093 17
6094 18
6095 17
6096 17
6097 17
6098 17
6099 17
6100 17
6101 17
6102 18
6103 17
6104 17
6105 18
6106 18
6107 17
6108 18
6109 17
6110 17
6111 17
6112 17
6113 17
6114 17
6115 17
6116 17
6117 17
6118 18
6119 18
6120 17
6121 18
6122 17
6123 17
6124 17
6125 17
6126 17
6127 17
6128 17
6129 17
6130 17
6131 17
6132 30
6133 17
6134 17
6135 17
6136 17
6137 17
6138 17
6139 18
6140 18
6141 18
6142 17
6143 18
6144 17
6145 18
6146 18
6147 18
6148 18
6149 17
6150 18
6151 18
6152 18
6153 18
6154 18
6155 18
6156 18
6157 17
6158 18
6159 18
6160 18
6161 17
6162 18
6163 18
6164 17
6165 17
6166 18
6167 17
6168 17
6169 17
6170 17
6171 17
6172 17
6173 17
6174 17
6175 17
6176 17
6177 17
6178 17
6179 17
6180 18
6181 17
6182 17
6183 17
6184 17
6185 17
6186 18
6187 17
6188 17
6189 17
6190 17
6191 16
6192 17
6193 17
6194 17
6195 18
6196 18
6197 17
6198 17
6199 17
6200 17
6201 18
6202 18
6203 17
6204 17
6205 18
6206 18
6207 17
6208 17
6209 17
6210 17
6211 17
6212 17
6213 17
6214 17
6215 17
6216 17
6217 17
6218 17
6219 17
6220 17
6221 17
6222 17
6223 18
6224 18
6225 18
6226 18
6227 18
6228 17
6229 17
6230 17
6231 18
6232 18
6233 17
6234 18
6235 18
6236 17
6237 17
6238 17
6239 18
6240 18
6241 17
6242 17
6243 17
6244 17
6245 17
6246 17
6247 17
6248 17
6249 17
6250 17
6251 17
6252 17
6253 18
6254 18
6255 17
6256 17
6257 17
6258 17
6259 17
6260 17
6261 17
6262 17
6263 17
6264 17
6265 17
6266 17
6267 17
6268 18
6269 18
6270 18
6271 17
6272 18
6273 17
6274 17
6275 17
6276 17
6277 17
6278 17
6279 17
6280 17
6281 17
6282 17
6283 17
6284 17
6285 17
6286 17
6287 17
6288 17
6289 17
6290 17
6291 17
6292 17
6293 17
6294 17
6295 18
6296 18
6297 18
6298 18
6299 17
6300 17
6301 17
6302 18
6303 17
6304 17
6305 18
6306 17
6307 17
6308 17
6309 17
6310 18
6311 18
6312 18
6313 18
6314 18
6315 18
6316 18
6317 18
6318 18
6319 18
6320 17
6321 17
6322 17
6323 17
6324 18
6325 17
6326 18
6327 18
6328 17
6329 18
6330 18
6331 17
6332 17
6333 17
6334 17
6335 17
6336 17
6337 17
6338 17
6339 17
6340 17
6341 17
6342 18
6343 18
6344 17
6345 18
6346 18
6347 17
6348 17
6349 17
6350 17
6351 17
6352 18
6353 18
6354 18
6355 17
6356 17
6357 17
6358 18
6359 18
6360 18
6361 18
6362 18
6363 18
6364 18
6365 18
6366 18
6367 17
6368 18
6369 17
6370 18
6371 17
6372 17
6373 17
6374 17
6375 18
6376 18
6377 17
6378 18
6379 18
6380 18
6381 18
6382 18
6383 18
6384 18
6385 17
6386 17
6387 17
6388 17
6389 17
6390 17
6391 17
6392 17
6393 17
6394 17
6395 17
6396 18
6397 18
6398 18
6399 17
6400 17
6401 17
6402 18
6403 18
6404 18
6405 18
6406 17
6407 17
6408 17
6409 17
6410 17
6411 17
6412 17
6413 17
6414 17
6415 17
6416 17
6417 17
6418 17
6419 18
6420 18
6421 18
6422 18
6423 18
6424 18
6425 17
6426 18
6427 18
6428 18
6429 18
6430 18
6431 17
6432 18
6433 17
6434 17
6435 17
6436 17
6437 17
6438 17
6439 17
6440 17
6441 17
6442 17
6443 17
6444 17
6445 18
6446 18
6447 18
6448 17
6449 17
6450 17
6451 17
6452 17
6453 17
6454 17
6455 17
6456 17
6457 18
6458 18
6459 17
6460 18
6461 17
6462 18
6463 17
6464 17
6465 17
6466 17
6467 17
6468 17
6469 17
6470 17
6471 17
6472 17
6473 18
6474 18
6475 18
6476 18
6477 17
6478 18
6479 17
6480 17
6481 17
6482 17
6483 17
6484 17
6485 17
6486 17
6487 17
6488 17
6489 18
6490 18
6491 17
6492 17
6493 26
6494 18
6495 17
6496 18
6497 18
6498 18
6499 17
6500 17
6501 17
6502 17
6503 17
6504 17
6505 17
6506 18
6507 18
6508 17
6509 17
6510 18
6511 17
6512 17
6513 17
6514 17
6515 17
6516 17
6517 17
6518 17
6519 17
6520 17
6521 17
6522 18
6523 18
6524 18
6525 18
6526 18
6527 18
6528 18
6529 18
6530 20
6531 18
6532 18
6533 17
6534 17
6535 17
6536 17
6537 17
6538 17
6539 17
6540 17
6541 18
6542 17
6543 17
6544 17
6545 17
6546 17
6547 17
6548 18
6549 17
6550 17
6551 18
6552 17
6553 17
6554 17
6555 17
6556 17
6557 17
6558 17
6559 17
6560 17
6561 17
6562 17
6563 17
6564 17
6565 17
6566 17
6567 17
6568 17
6569 17
6570 20
6571 17
6572 18
6573 17
6574 17
6575 16
6576 17
6577 17
6578 17
6579 17
6580 17
6581 17
6582 17
6583 17
6584 17
6585 16
6586 17
6587 17
6588 17
6589 17
6590 18
6591 17
6592 17
6593 18
6594 17
6595 16
6596 17
6597 17
6598 17
6599 17
6600 17
6601 17
6602 17
6603 17
6604 17
6605 17
6606 17
6607 17
6608 17
6609 17
6610 17
6611 17
6612 17
6613 17
6614 18
6615 17
6616 17
6617 17
6618 17
6619 17
6620 17
6621 17
6622 17
6623 17
6624 17
6625 17
6626 17
6627 17
6628 17
6629 17
6630 17
6631 16
6632 17
6633 17
6634 19
6635 18
6636 17
6637 17
6638 17
6639 17
6640 17
6641 17
6642 17
6643 17
6644 17
6645 17
6646 17
6647 17
6648 17
6649 17
6650 17
6651 17
6652 17
6653 17
6654 17
6655 16
6656 18
6657 17
6658 17
6659 17
6660 16
6661 17
6662 17
6663 17
6664 17
6665 16
6666 17
6667 17
6668 17
6669 17
6670 17
6671 17
6672 17
6673 17
6674 17
6675 17
6676 21
6677 18
6678 17
6679 17
6680 17
6681 17
6682 17
6683 17
6684 17
6685 17
6686 17
6687 16
6688 17
6689 17
6690 17
6691 17
6692 17
6693 17
6694 17
6695 17
6696 18
6697 18
6698 20
6699 17
6700 17
6701 17
6702 17
6703 17
6704 16
6705 17
6706 17
6707 16
6708 17
6709 17
6710 17
6711 17
6712 17
6713 17
6714 17
6715 16
6716 17
6717 17
6718 17
6719 17
6720 17
6721 17
6722 17
6723 17
6724 17
6725 16
6726 17
6727 17
6728 16
6729 17
6730 17
6731 17
6732 17
6733 18
6734 17
6735 17
6736 16
6737 17
6738 17
6739 17
6740 18
6741 17
6742 17
6743 17
6744 16
6745 17
6746 17
6747 16
6748 17
6749 17
6750 17
6751 17
6752 16
6753 17
6754 17
6755 17
6756 17
6757 17
6758 17
6759 17
6760 18
6761 18
6762 19
6763 17
6764 17
6765 17
6766 17
6767 17
6768 17
6769 17
6770 17
6771 17
6772 17
6773 17
6774 17
6775 18
6776 17
6777 17
6778 17
6779 17
6780 17
6781 17
6782 18
6783 18
6784 17
6785 17
6786 16
6787 17
6788 17
6789 17
6790 17
6791 18
6792 17
6793 17
6794 17
6795 17
6796 17
6797 17
6798 17
6799 16
6800 17
6801 17
6802 17
6803 18
6804 17
6805 17
6806 17
6807 17
6808 17
6809 17
6810 17
6811 17
6812 17
6813 17
6814 17
6815 17
6816 17
6817 17
6818 16
6819 17
6820 17
6821 17
6822 18
6823 17
6824 18
6825 17
6826 19
6827 17
6828 17
6829 17
6830 17
6831 17
6832 17
6833 17
6834 17
6835 17
6836 17
6837 17
6838 17
6839 17
6840 17
6841 17
6842 18
6843 18
6844 17
6845 18
6846 17
6847 17
6848 17
6849 17
6850 17
6851 17
6852 17
6853 17
6854 17
6855 17
6856 17
6857 17
6858 17
6859 17
6860 274
6861 17
6862 17
6863 17
6864 18
6865 17
6866 18
6867 18
6868 18
6869 17
6870 17
6871 17
6872 17
6873 17
6874 17
6875 17
6876 17
6877 16
6878 18
6879 17
6880 17
6881 17
6882 17
6883 17
6884 18
6885 17
6886 17
6887 17
6888 17
6889 17
6890 18
6891 17
6892 17
6893 17
6894 17
6895 17
6896 17
6897 17
6898 17
6899 17
6900 17
6901 17
6902 17
6903 17
6904 17
6905 18
6906 18
6907 17
6908 17
6909 17
6910 17
6911 17
6912 17
6913 16
6914 17
6915 17
6916 17
6917 17
6918 17
6919 17
6920 17
6921 17
6922 17
6923 17
6924 17
6925 17
6926 17
6927 17
6928 17
6929 17
6930 17
6931 18
6932 18
6933 18
6934 17
6935 17
6936 17
6937 17
6938 17
6939 17
6940 17
6941 17
6942 17
6943 18
6944 18
6945 18
6946 17
6947 17
6948 17
6949 17
6950 17
6951 17
6952 17
6953 17
6954 17
6955 17
6956 17
6957 17
6958 17
6959 17
6960 17
6961 17
6962 17
6963 17
6964 17
6965 17
6966 17
6967 17
6968 17
6969 17
6970 17
6971 17
6972 18
6973 17
6974 17
6975 17
6976 17
6977 17
6978 18
6979 17
6980 17
6981 17
6982 18
6983 17
6984 17
6985 17
6986 18
6987 17
6988 17
6989 17
6990 17
6991 17
6992 17
6993 17
6994 18
6995 17
6996 17
6997 17
6998 17
6999 17
7000 17
7001 17
7002 17
7003 17
7004 17
7005 17
7006 17
7007 17
7008 17
7009 18
7010 17
7011 17
7012 17
7013 17
7014 17
7015 17
7016 17
7017 18
7018 17
7019 17
7020 17
7021 17
7022 17
7023 17
7024 17
7025 17
7026 18
7027 17
7028 17
7029 17
7030 17
7031 25
7032 18
7033 17
7034 17
7035 17
7036 18
7037 17
7038 17
7039 17
7040 17
7041 17
7042 17
7043 17
7044 17
7045 17
7046 17
7047 17
7048 17
7049 17
7050 17
7051 17
7052 17
7053 17
7054 17
7055 17
7056 17
7057 17
7058 17
7059 16
7060 17
7061 17
7062 17
7063 18
7064 17
7065 17
7066 17
7067 17
7068 17
7069 17
7070 17
7071 17
7072 17
7073 17
7074 17
7075 17
7076 17
7077 17
7078 17
7079 17
7080 17
7081 17
7082 17
7083 17
7084 17
7085 17
7086 18
7087 17
7088 17
7089 17
7090 17
7091 17
7092 17
7093 18
7094 18
7095 18
7096 18
7097 17
7098 17
7099 17
7100 16
7101 17
7102 18
7103 18
7104 17
7105 17
7106 17
7107 17
7108 16
7109 17
7110 17
7111 17
7112 17
7113 17
7114 18
7115 17
7116 17
7117 18
7118 18
7119 18
7120 17
7121 17
7122 17
7123 17
7124 17
7125 17
7126 17
7127 17
7128 18
7129 17
7130 17
7131 17
7132 17
7133 16
7134 17
7135 17
7136 17
7137 17
7138 17
7139 17
7140 17
7141 17
7142 17
7143 17
7144 17
7145 17
7146 17
7147 17
7148 17
7149 17
7150 17
7151 17
7152 17
7153 17
7154 17
7155 17
7156 17
7157 17
7158 17
7159 17
7160 17
7161 17
7162 17
7163 17
7164 17
7165 17
7166 17
7167 17
7168 18
7169 17
7170 17
7171 17
7172 18
7173 17
7174 17
7175 17
7176 18
7177 18
7178 18
7179 17
7180 17
7181 17
7182 17
7183 17
7184 17
7185 17
7186 18
7187 17
7188 17
7189 17
7190 18
7191 17
7192 17
7193 17
7194 17
7195 17
7196 17
7197 17
7198 17
7199 17
7200 17
7201 17
7202 17
7203 18
7204 18
7205 17
7206 18
7207 18
7208 18
7209 18
7210 17
7211 17
7212 17
7213 17
7214 25
7215 18
7216 16
7217 17
7218 17
7219 18
7220 18
7221 17
7222 17
7223 17
7224 17
7225 17
7226 17
7227 17
7228 18
7229 17
7230 17
7231 16
7232 17
7233 17
7234 17
7235 17
7236 17
7237 17
7238 17
7239 17
7240 17
7241 17
7242 17
7243 17
7244 17
7245 17
7246 17
7247 17
7248 17
7249 18
7250 17
7251 17
7252 18
7253 17
7254 17
7255 17
7256 17
7257 17
7258 17
7259 17
7260 18
7261 17
7262 17
7263 17
7264 17
7265 17
7266 17
7267 17
7268 17
7269 17
7270 17
7271 18
7272 18
7273 17
7274 17
7275 17
7276 17
7277 17
7278 17
7279 17
7280 17
7281 17
7282 17
7283 17
7284 17
7285 17
7286 17
7287 17
7288 17
7289 17
7290 17
7291 17
7292 17
7293 17
7294 17
7295 17
7296 17
7297 17
7298 17
7299 17
7300 17
7301 17
7302 17
7303 17
7304 17
7305 17
7306 17
7307 17
7308 17
7309 18
7310 17
7311 17
7312 17
7313 18
7314 17
7315 17
7316 17
7317 17
7318 18
7319 17
7320 18
7321 18
7322 18
7323 18
7324 17
7325 17
7326 17
7327 17
7328 17
7329 17
7330 17
7331 17
7332 18
7333 18
7334 18
7335 18
7336 17
7337 17
7338 17
7339 17
7340 18
7341 18
7342 18
7343 18
7344 18
7345 18
7346 18
7347 17
7348 17
7349 17
7350 17
7351 17
7352 17
7353 17
7354 17
7355 17
7356 17
7357 17
7358 17
7359 18
7360 18
7361 18
7362 17
7363 17
7364 17
7365 18
7366 17
7367 17
7368 17
7369 17
7370 17
7371 17
7372 17
7373 17
7374 17
7375 16
7376 17
7377 17
7378 17
7379 17
7380 17
7381 17
7382 17
7383 17
7384 17
7385 17
7386 17
7387 17
7388 17
7389 18
7390 18
7391 18
7392 18
7393 18
7394 18
7395 17
7396 17
7397 21
7398 17
7399 17
7400 17
7401 17
7402 17
7403 18
7404 17
7405 17
7406 18
7407 18
7408 18
7409 17
7410 18
7411 18
7412 18
7413 18
7414 18
7415 17
7416 18
7417 17
7418 18
7419 18
7420 18
7421 18
7422 18
7423 18
7424 18
7425 17
7426 17
7427 17
7428 18
7429 17
7430 17
7431 17
7432 17
7433 17
7434 18
7435 17
7436 17
7437 18
7438 18
7439 18
7440 17
7441 17
7442 18
7443 18
7444 18
7445 18
7446 17
7447 18
7448 17
7449 18
7450 18
7451 17
7452 17
7453 17
7454 17
7455 17
7456 17
7457 17
7458 17
7459 17
7460 17
7461 17
7462 17
7463 17
7464 18
7465 17
7466 17
7467 17
7468 17
7469 17
7470 17
7471 17
7472 17
7473 17
7474 17
7475 17
7476 17
7477 17
7478 18
7479 17
7480 17
7481 17
7482 18
7483 17
7484 17
7485 17
7486 17
7487 18
7488 17
7489 17
7490 17
7491 17
7492 17
7493 17
7494 17
7495 17
7496 18
7497 17
7498 17
7499 17
7500 17
7501 17
7502 17
7503 17
7504 17
7505 17
7506 18
7507 17
7508 17
7509 16
7510 17
7511 17
7512 17
7513 17
7514 17
7515 17
7516 17
7517 17
7518 18
7519 18
7520 18
7521 17
7522 17
7523 17
7524 17
7525 17
7526 18
7527 17
7528 17
7529 18
7530 18
7531 17
7532 17
7533 17
7534 17
7535 17
7536 17
7537 17
7538 17
7539 17
7540 17
7541 17
7542 17
7543 17
7544 17
7545 17
7546 17
7547 17
7548 18
7549 17
7550 17
7551 17
7552 17
7553 18
7554 17
7555 17
7556 17
7557 17
7558 17
7559 17
7560 17
7561 17
7562 17
7563 17
7564 17
7565 17
7566 17
7567 17
7568 17
7569 17
7570 17
7571 17
7572 17
7573 18
7574 17
7575 17
7576 17
7577 18
7578 17
7579 30
7580 18
7581 17
7582 18
7583 18
7584 17
7585 17
7586 17
7587 17
7588 17
7589 17
7590 17
7591 17
7592 17
7593 17
7594 17
7595 18
7596 17
7597 17
7598 18
7599 17
7600 17
7601 17
7602 17
7603 17
7604 17
7605 17
7606 17
7607 18
7608 17
7609 17
7610 17
7611 17
7612 17
7613 17
7614 18
7615 17
7616 17
7617 17
7618 17
7619 17
7620 17
7621 17
7622 18
7623 17
7624 17
7625 17
7626 17
7627 17
7628 17
7629 18
7630 18
7631 18
7632 18
7633 17
7634 18
7635 18
7636 18
7637 18
7638 18
7639 17
7640 18
7641 18
7642 18
7643 17
7644 17
7645 17
7646 17
7647 17
7648 17
7649 17
7650 17
7651 17
7652 17
7653 17
7654 18
7655 17
7656 17
7657 18
7658 18
7659 18
7660 17
7661 17
7662 17
7663 17
7664 17
7665 17
7666 17
7667 17
7668 17
7669 18
7670 17
7671 17
7672 18
7673 17
7674 17
7675 17
7676 17
7677 17
7678 17
7679 17
7680 17
7681 18
7682 17
7683 17
7684 17
7685 17
7686 17
7687 17
7688 17
7689 17
7690 18
7691 17
7692 17
7693 17
7694 17
7695 17
7696 16
7697 18
7698 17
7699 17
7700 17
7701 18
7702 18
7703 17
7704 17
7705 17
7706 17
7707 16
7708 17
7709 17
7710 17
7711 17
7712 17
7713 17
7714 17
7715 17
7716 17
7717 17
7718 17
7719 17
7720 17
7721 17
7722 17
7723 17
7724 17
7725 17
7726 17
7727 17
7728 17
7729 17
7730 17
7731 17
7732 18
7733 17
7734 17
7735 18
7736 17
7737 17
7738 18
7739 17
7740 17
7741 17
7742 17
7743 17
7744 17
7745 17
7746 17
7747 18
7748 18
7749 17
7750 18
7751 17
7752 17
7753 17
7754 17
7755 17
7756 17
7757 17
7758 17
7759 16
7760 17
7761 17
7762 26
7763 18
7764 18
7765 18
7766 17
7767 17
7768 17
7769 17
7770 17
7771 17
7772 17
7773 17
7774 16
7775 17
7776 17
7777 17
7778 17
7779 17
7780 17
7781 17
7782 17
7783 17
7784 17
7785 17
7786 17
7787 17
7788 17
7789 17
7790 17
7791 17
7792 17
7793 17
7794 17
7795 17
7796 17
7797 17
7798 17
7799 18
7800 17
7801 17
7802 17
7803 17
7804 17
7805 17
7806 17
7807 17
7808 17
7809 17
7810 17
7811 17
7812 17
7813 17
7814 17
7815 17
7816 17
7817 17
7818 17
7819 17
7820 17
7821 17
7822 17
7823 17
7824 17
7825 17
7826 17
7827 17
7828 17
7829 17
7830 17
7831 16
7832 17
7833 17
7834 17
7835 17
7836 17
7837 16
7838 17
7839 17
7840 17
7841 17
7842 18
7843 18
7844 17
7845 17
7846 17
7847 18
7848 17
7849 17
7850 17
7851 17
7852 17
7853 17
7854 17
7855 18
7856 18
7857 17
7858 17
7859 17
7860 17
7861 17
7862 17
7863 17
7864 17
7865 17
7866 17
7867 17
7868 18
7869 17
7870 17
7871 18
7872 18
7873 18
7874 17
7875 18
7876 17
7877 18
7878 18
7879 17
7880 18
7881 18
7882 17
7883 17
7884 17
7885 17
7886 17
7887 17
7888 17
7889 17
7890 17
7891 17
7892 17
7893 17
7894 17
7895 17
7896 17
7897 17
7898 18
7899 18
7900 18
7901 17
7902 18
7903 18
7904 17
7905 18
7906 18
7907 17
7908 18
7909 18
7910 17
7911 18
7912 18
7913 17
7914 18
7915 17
7916 17
7917 17
7918 17
7919 18
7920 18
7921 17
7922 17
7923 17
7924 17
7925 17
7926 17
7927 17
7928 18
7929 17
7930 17
7931 17
7932 17
7933 17
7934 17
7935 17
7936 17
7937 17
7938 17
7939 17
7940 17
7941 17
7942 18
7943 17
7944 26
7945 18
7946 17
7947 18
7948 17
7949 17
7950 17
7951 17
7952 17
7953 18
7954 18
7955 17
7956 17
7957 17
7958 17
7959 18
7960 18
7961 17
7962 17
7963 17
7964 17
7965 17
7966 17
7967 17
7968 18
7969 17
7970 17
7971 17
7972 17
7973 17
7974 17
7975 17
7976 17
7977 17
7978 17
7979 17
7980 17
7981 17
7982 17
7983 17
7984 17
7985 18
7986 18
7987 17
7988 17
7989 17
7990 17
7991 18
7992 18
7993 17
7994 17
7995 17
7996 17
7997 17
7998 17
7999 17
8000 17
8001 17
8002 17
8003 17
8004 17
8005 17
8006 17
8007 17
8008 17
8009 17
8010 17
8011 17
8012 17
8013 17
8014 17
8015 17
8016 17
8017 18
8018 17
8019 17
8020 17
8021 17
8022 17
8023 17
8024 17
8025 17
8026 18
8027 18
8028 18
8029 17
8030 18
8031 18
8032 16
8033 17
8034 17
8035 17
8036 17
8037 17
8038 17
8039 17
8040 17
8041 17
8042 17
8043 18
8044 18
8045 17
8046 18
8047 17
8048 18
8049 18
8050 18
8051 17
8052 17
8053 17
8054 17
8055 17
8056 17
8057 17
8058 17
8059 17
8060 17
8061 17
8062 17
8063 18
8064 18
8065 18
8066 18
8067 18
8068 17
8069 17
8070 17
8071 17
8072 17
8073 17
8074 17
8075 17
8076 17
8077 17
8078 17
8079 17
8080 17
8081 20
8082 17
8083 18
8084 18
8085 17
8086 17
8087 17
8088 17
8089 17
8090 17
8091 17
8092 18
8093 17
8094 17
8095 17
8096 17
8097 17
8098 18
8099 17
8100 17
8101 17
8102 17
8103 17
8104 17
8105 17
8106 17
8107 17
8108 17
8109 17
8110 17
8111 17
8112 17
8113 18
8114 18
8115 18
8116 17
8117 17
8118 18
8119 17
8120 17
8121 17
8122 17
8123 17
8124 18
8125 18
8126 32
8127 18
8128 17
8129 18
8130 18
8131 17
8132 18
8133 17
8134 17
8135 17
8136 17
8137 17
8138 17
8139 17
8140 18
8141 17
8142 17
8143 17
8144 17
8145 19
8146 18
8147 18
8148 18
8149 17
8150 17
8151 17
8152 17
8153 17
8154 17
8155 17
8156 17
8157 17
8158 18
8159 17
8160 17
8161 17
8162 17
8163 17
8164 18
8165 18
8166 18
8167 17
8168 17
8169 18
8170 18
8171 17
8172 17
8173 18
8174 18
8175 17
8176 17
8177 17
8178 17
8179 17
8180 17
8181 17
8182 17
8183 17
8184 17
8185 17
8186 17
8187 17
8188 17
8189 17
8190 17
8191 17
8192 17
8193 17
8194 18
8195 17
8196 18
8197 17
8198 17
8199 17
8200 17
8201 17
8202 17
8203 17
8204 17
8205 17
8206 17
8207 17
8208 17
8209 19
8210 18
8211 18
8212 18
8213 18
8214 18
8215 18
8216 18
8217 17
8218 17
8219 17
8220 17
8221 17
8222 17
8223 17
8224 17
8225 17
8226 17
8227 17
8228 18
8229 18
8230 18
8231 17
8232 17
8233 17
8234 17
8235 17
8236 17
8237 17
8238 17
8239 17
8240 18
8241 18
8242 18
8243 17
8244 17
8245 17
8246 18
8247 17
8248 17
8249 17
8250 18
8251 17
8252 17
8253 17
8254 17
8255 17
8256 17
8257 18
8258 18
8259 17
8260 17
8261 17
8262 17
8263 17
8264 17
8265 17
8266 17
8267 17
8268 17
8269 17
8270 18
8271 17
8272 17
8273 19
8274 17
8275 17
8276 18
8277 17
8278 17
8279 17
8280 17
8281 17
8282 17
8283 17
8284 17
8285 17
8286 18
8287 18
8288 18
8289 17
8290 17
8291 17
8292 17
8293 17
8294 17
8295 17
8296 17
8297 17
8298 17
8299 17
8300 17
8301 17
8302 18
8303 18
8304 17
8305 17
8306 17
8307 17
8308 274
8309 18
8310 18
8311 17
8312 17
8313 16
8314 17
8315 17
8316 17
8317 18
8318 17
8319 17
8320 18
8321 18
8322 17
8323 17
8324 17
8325 17
8326 17
8327 17
8328 17
8329 17
8330 17
8331 17
8332 17
8333 17
8334 17
8335 17
8336 17
8337 17
8338 17
8339 17
8340 17
8341 17
8342 17
8343 17
8344 17
8345 17
8346 17
8347 17
8348 17
8349 17
8350 17
8351 17
8352 17
8353 17
8354 17
8355 17
8356 17
8357 17
8358 17
8359 17
8360 17
8361 17
8362 17
8363 17
8364 18
8365 17
8366 17
8367 17
8368 17
8369 17
8370 17
8371 18
8372 17
8373 17
8374 18
8375 17
8376 17
8377 17
8378 17
8379 17
8380 17
8381 18
8382 17
8383 17
8384 17
8385 17
8386 17
8387 17
8388 17
8389 17
8390 18
8391 18
8392 17
8393 18
8394 17
8395 18
8396 18
8397 17
8398 17
8399 17
8400 17
8401 17
8402 17
8403 17
8404 17
8405 17
8406 17
8407 17
8408 17
8409 18
8410 18
8411 17
8412 17
8413 17
8414 17
8415 17
8416 17
8417 18
8418 18
8419 18
8420 17
8421 17
8422 17
8423 17
8424 17
8425 17
8426 17
8427 17
8428 17
8429 17
8430 17
8431 17
8432 17
8433 17
8434 18
8435 18
8436 18
8437 18
8438 18
8439 18
8440 17
8441 17
8442 17
8443 16
8444 18
8445 18
8446 18
8447 18
8448 18
8449 18
8450 17
8451 17
8452 17
8453 17
8454 17
8455 16
8456 17
8457 17
8458 18
8459 17
8460 17
8461 17
8462 17
8463 17
8464 17
8465 17
8466 17
8467 17
8468 18
8469 18
8470 18
8471 17
8472 17
8473 17
8474 18
8475 17
8476 17
8477 18
8478 17
8479 26
8480 17
8481 17
8482 17
8483 17
8484 17
8485 17
8486 17
8487 17
8488 17
8489 17
8490 17
8491 17
8492 18
8493 17
8494 17
8495 17
8496 17
8497 17
8498 17
8499 17
8500 17
8501 17
8502 18
8503 17
8504 17
8505 17
8506 17
8507 17
8508 17
8509 17
8510 17
8511 17
8512 17
8513 17
8514 17
8515 17
8516 17
8517 17
8518 18
8519 18
8520 18
8521 18
8522 17
8523 18
8524 17
8525 17
8526 17
8527 17
8528 18
8529 18
8530 18
8531 18
8532 18
8533 18
8534 18
8535 17
8536 18
8537 17
8538 18
8539 18
8540 18
8541 17
8542 18
8543 17
8544 17
8545 17
8546 17
8547 17
8548 17
8549 17
8550 17
8551 18
8552 18
8553 18
8554 18
8555 17
8556 17
8557 17
8558 18
8559 17
8560 17
8561 17
8562 17
8563 17
8564 17
8565 17
8566 17
8567 17
8568 18
8569 17
8570 18
8571 17
8572 17
8573 17
8574 17
8575 17
8576 17
8577 17
8578 17
8579 18
8580 17
8581 17
8582 17
8583 17
8584 18
8585 18
8586 18
8587 18
8588 17
8589 17
8590 17
8591 18
8592 18
8593 17
8594 17
8595 18
8596 17
8597 17
8598 17
8599 17
8600 17
8601 17
8602 17
8603 16
8604 17
8605 17
8606 18
8607 17
8608 17
8609 17
8610 18
8611 17
8612 17
8613 17
8614 17
8615 18
8616 18
8617 17
8618 18
8619 18
8620 17
8621 17
8622 17
8623 16
8624 17
8625 17
8626 17
8627 17
8628 18
8629 17
8630 18
8631 18
8632 18
8633 18
8634 18
8635 17
8636 17
8637 17
8638 17
8639 17
8640 17
8641 17
8642 17
8643 17
8644 17
8645 17
8646 17
8647 17
8648 17
8649 17
8650 17
8651 17
8652 18
8653 17
8654 17
8655 17
8656 17
8657 17
8658 17
8659 17
8660 17
8661 26
8662 18
8663 18
8664 18
8665 17
8666 17
8667 17
8668 17
8669 17
8670 17
8671 17
8672 17
8673 17
8674 17
8675 17
8676 17
8677 17
8678 18
8679 17
8680 17
8681 17
8682 18
8683 17
8684 17
8685 17
8686 18
8687 18
8688 18
8689 18
8690 17
8691 17
8692 17
8693 17
8694 17
8695 17
8696 18
8697 17
8698 18
8699 17
8700 18
8701 18
8702 18
8703 18
8704 18
8705 17
8706 17
8707 17
8708 17
8709 17
8710 17
8711 17
8712 17
8713 17
8714 17
8715 18
8716 18
8717 18
8718 20
8719 18
8720 18
8721 17
8722 17
8723 17
8724 17
8725 17
8726 17
8727 17
8728 17
8729 17
8730 17
8731 17
8732 17
8733 17
8734 17
8735 17
8736 17
8737 17
8738 17
8739 17
8740 17
8741 17
8742 17
8743 17
8744 16
8745 17
8746 18
8747 18
8748 18
8749 18
8750 17
8751 17
8752 17
8753 17
8754 18
8755 17
8756 17
8757 17
8758 17
8759 17
8760 17
8761 17
8762 18
8763 18
8764 18
8765 18
8766 18
8767 17
8768 17
8769 17
8770 17
8771 17
8772 17
8773 17
8774 17
8775 17
8776 17
8777 18
8778 18
8779 17
8780 17
8781 17
8782 17
8783 17
8784 17
8785 17
8786 17
8787 17
8788 17
8789 17
8790 17
8791 18
8792 18
8793 18
8794 17
8795 17
8796 17
8797 17
8798 18
8799 17
8800 17
8801 17
8802 18
8803 17
8804 17
8805 17
8806 17
8807 18
8808 18
8809 18
8810 18
8811 18
8812 17
8813 18
8814 18
8815 17
8816 17
8817 17
8818 18
8819 18
8820 17
8821 17
8822 18
8823 17
8824 17
8825 17
8826 17
8827 18
8828 17
8829 17
8830 17
8831 17
8832 17
8833 17
8834 17
8835 17
8836 17
8837 17
8838 18
8839 17
8840 17
8841 17
8842 17
8843 26
8844 18
8845 18
8846 17
8847 17
8848 18
8849 18
8850 17
8851 17
8852 17
8853 17
8854 17
8855 17
8856 17
8857 17
8858 17
8859 17
8860 17
8861 17
8862 18
8863 18
8864 17
8865 17
8866 17
8867 17
8868 17
8869 17
8870 17
8871 17
8872 17
8873 17
8874 17
8875 18
8876 18
8877 17
8878 17
8879 17
8880 17
8881 17
8882 17
8883 17
8884 17
8885 17
8886 17
8887 17
8888 17
8889 18
8890 17
8891 17
8892 17
8893 17
8894 17
8895 17
8896 17
8897 17
8898 17
8899 17
8900 17
8901 21
8902 17
8903 17
8904 18
8905 17
8906 17
8907 17
8908 18
8909 17
8910 17
8911 17
8912 17
8913 17
8914 17
8915 17
8916 17
8917 17
8918 17
8919 17
8920 17
8921 17
8922 18
8923 17
8924 17
8925 17
8926 17
8927 17
8928 18
8929 17
8930 17
8931 17
8932 17
8933 17
8934 18
8935 17
8936 17
8937 18
8938 18
8939 17
8940 19
8941 16
8942 17
8943 17
8944 17
8945 17
8946 17
8947 17
8948 17
8949 17
8950 18
8951 17
8952 17
8953 17
8954 17
8955 17
8956 17
8957 17
8958 17
8959 17
8960 17
8961 17
8962 17
8963 17
8964 17
8965 17
8966 17
8967 17
8968 17
8969 17
8970 17
8971 17
8972 17
8973 17
8974 17
8975 17
8976 17
8977 18
8978 18
8979 18
8980 17
8981 17
8982 17
8983 17
8984 18
8985 17
8986 17
8987 17
8988 18
8989 18
8990 18
8991 17
8992 17
8993 17
8994 17
8995 17
8996 18
8997 17
8998 17
8999 17
9000 18
9001 17
9002 17
9003 17
9004 18
9005 18
9006 18
9007 18
9008 17
9009 17
9010 17
9011 17
9012 18
9013 17
9014 17
9015 17
9016 17
9017 17
9018 17
9019 17
9020 17
9021 17
9022 17
9023 17
9024 17
9025 17
9026 32
9027 17
9028 17
9029 17
9030 17
9031 16
9032 17
9033 17
9034 18
9035 18
9036 18
9037 17
9038 18
9039 17
9040 18
9041 18
9042 18
9043 17
9044 18
9045 18
9046 17
9047 17
9048 17
9049 17
9050 17
9051 17
9052 17
9053 17
9054 17
9055 17
9056 17
9057 17
9058 17
9059 17
9060 17
9061 17
9062 17
9063 17
9064 17
9065 17
9066 17
9067 17
9068 17
9069 17
9070 17
9071 17
9072 17
9073 17
9074 17
9075 17
9076 17
9077 17
9078 18
9079 18
9080 18
9081 18
9082 17
9083 18
9084 18
9085 18
9086 18
9087 17
9088 18
9089 18
9090 18
9091 18
9092 17
9093 17
9094 17
9095 17
9096 17
9097 17
9098 17
9099 17
9100 17
9101 18
9102 17
9103 17
9104 17
9105 17
9106 17
9107 17
9108 17
9109 18
9110 17
9111 17
9112 17
9113 17
9114 17
9115 17
9116 17
9117 17
9118 17
9119 18
9120 17
9121 17
9122 17
9123 17
9124 17
9125 17
9126 17
9127 17
9128 17
9129 17
9130 17
9131 17
9132 17
9133 17
9134 17
9135 17
9136 17
9137 17
9138 17
9139 17
9140 17
9141 17
9142 17
9143 17
9144 17
9145 17
9146 17
9147 17
9148 17
9149 17
9150 17
9151 17
9152 17
9153 17
9154 17
9155 17
9156 17
9157 17
9158 17
9159 17
9160 17
9161 17
9162 17
9163 17
9164 18
9165 17
9166 17
9167 18
9168 17
9169 17
9170 17
9171 17
9172 17
9173 17
9174 17
9175 18
9176 18
9177 17
9178 17
9179 17
9180 17
9181 17
9182 17
9183 17
9184 17
9185 17
9186 17
9187 17
9188 17
9189 17
9190 18
9191 18
9192 18
9193 18
9194 18
9195 18
9196 18
9197 17
9198 18
9199 18
9200 17
9201 17
9202 17
9203 17
9204 17
9205 17
9206 17
9207 25
9208 18
9209 17
9210 18
9211 18
9212 18
9213 17
9214 18
9215 17
9216 18
9217 18
9218 18
9219 18
9220 18
9221 17
9222 18
9223 18
9224 17
9225 17
9226 17
9227 17
9228 17
9229 17
9230 17
9231 17
9232 17
9233 17
9234 17
9235 17
9236 17
9237 17
9238 17
9239 18
9240 18
9241 17
9242 17
9243 17
9244 17
9245 17
9246 17
9247 17
9248 17
9249 17
9250 17
9251 17
9252 17
9253 17
9254 17
9255 17
9256 17
9257 17
9258 17
9259 17
9260 17
9261 18
9262 17
9263 17
9264 17
9265 17
9266 17
9267 17
9268 18
9269 18
9270 18
9271 17
9272 17
9273 17
9274 17
9275 17
9276 18
9277 18
9278 17
9279 17
9280 17
9281 17
9282 17
9283 17
9284 17
9285 17
9286 17
9287 17
9288 18
9289 17
9290 17
9291 17
9292 18
9293 17
9294 17
9295 17
9296 17
9297 17
9298 17
9299 17
9300 17
9301 17
9302 17
9303 17
9304 17
9305 18
9306 18
9307 18
9308 17
9309 17
9310 17
9311 17
9312 17
9313 17
9314 17
9315 18
9316 17
9317 17
9318 17
9319 17
9320 17
9321 17
9322 17
9323 17
9324 17
9325 17
9326 17
9327 17
9328 17
9329 17
9330 17
9331 17
9332 17
9333 17
9334 17
9335 17
9336 18
9337 18
9338 18
9339 17
9340 17
9341 17
9342 17
9343 17
9344 17
9345 17
9346 17
9347 17
9348 17
9349 17
9350 18
9351 18
9352 17
9353 17
9354 18
9355 17
9356 18
9357 18
9358 18
9359 18
9360 17
9361 18
9362 18
9363 18
9364 18
9365 18
9366 18
9367 17
9368 18
9369 18
9370 17
9371 17
9372 18
9373 18
9374 18
9375 18
9376 18
9377 18
9378 18
9379 18
9380 18
9381 17
9382 17
9383 17
9384 17
9385 17
9386 17
9387 17
9388 17
9389 18
9390 17
9391 18
9392 18
9393 17
9394 17
9395 17
9396 18
9397 18
9398 18
9399 17
9400 18
9401 18
9402 18
9403 18
9404 18
9405 17
9406 17
9407 17
9408 17
9409 17
9410 18
9411 18
9412 18
9413 18
9414 18
9415 18
9416 18
9417 18
9418 17
9419 17
9420 17
9421 17
9422 17
9423 17
9424 17
9425 17
9426 17
9427 17
9428 17
9429 17
9430 17
9431 17
9432 17
9433 17
9434 17
9435 17
9436 17
9437 17
9438 18
9439 17
9440 17
9441 17
9442 18
9443 18
9444 18
9445 18
9446 18
9447 18
9448 18
9449 17
9450 18
9451 17
9452 17
9453 17
9454 17
9455 17
9456 18
9457 17
9458 18
9459 17
9460 17
9461 17
9462 17
9463 17
9464 17
9465 17
9466 17
9467 17
9468 17
9469 17
9470 17
9471 17
9472 17
9473 17
9474 17
9475 17
9476 17
9477 17
9478 17
9479 17
9480 17
9481 17
9482 17
9483 17
9484 17
9485 19
9486 17
9487 17
9488 17
9489 17
9490 17
9491 17
9492 17
9493 17
9494 17
9495 17
9496 17
9497 17
9498 18
9499 17
9500 17
9501 17
9502 17
9503 17
9504 17
9505 17
9506 18
9507 17
9508 17
9509 17
9510 17
9511 17
9512 17
9513 17
9514 17
9515 16
9516 17
9517 17
9518 18
9519 17
9520 17
9521 16
9522 17
9523 17
9524 18
9525 18
9526 19
9527 18
9528 17
9529 17
9530 18
9531 17
9532 17
9533 17
9534 17
9535 17
9536 17
9537 17
9538 18
9539 17
9540 17
9541 17
9542 17
9543 17
9544 17
9545 17
9546 17
9547 17
9548 18
9549 18
9550 17
9551 17
9552 17
9553 17
9554 17
9555 16
9556 17
9557 17
9558 17
9559 17
9560 17
9561 17
9562 17
9563 17
9564 17
9565 16
9566 17
9567 17
9568 17
9569 18
9570 18
9571 18
9572 18
9573 17
9574 17
9575 16
9576 17
9577 17
9578 17
9579 17
9580 17
9581 17
9582 17
9583 16
9584 17
9585 17
9586 17
9587 17
9588 17
9589 17
9590 20
9591 17
9592 17
9593 17
9594 17
9595 16
9596 17
9597 16
9598 17
9599 16
9600 17
9601 17
9602 17
9603 17
9604 17
9605 17
9606 17
9607 17
9608 17
9609 17
9610 17
9611 18
9612 17
9613 17
9614 17
9615 17
9616 17
9617 18
9618 17
9619 17
9620 17
9621 17
9622 16
9623 17
9624 17
9625 17
9626 17
9627 17
9628 17
9629 17
9630 18
9631 17
9632 18
9633 17
9634 17
9635 17
9636 17
9637 17
9638 17
9639 17
9640 17
9641 17
9642 16
9643 17
9644 17
9645 17
9646 16
9647 17
9648 17
9649 17
9650 17
9651 17
9652 17
9653 18
9654 19
9655 17
9656 17
9657 17
9658 17
9659 17
9660 17
9661 17
9662 17
9663 17
9664 17
9665 17
9666 17
9667 17
9668 17
9669 16
9670 17
9671 17
9672 17
9673 17
9674 18
9675 17
9676 17
9677 17
9678 17
9679 17
9680 17
9681 17
9682 17
9683 17
9684 16
9685 17
9686 16
9687 17
9688 17
9689 17
9690 17
9691 17
9692 17
9693 17
9694 17
9695 18
9696 17
9697 17
9698 17
9699 17
9700 17
9701 16
9702 17
9703 17
9704 17
9705 17
9706 17
9707 17
9708 17
9709 17
9710 18
9711 17
9712 17
9713 17
9714 17
9715 17
9716 18
9717 17
9718 19
9719 17
9720 17
9721 17
9722 17
9723 17
9724 17
9725 17
9726 16
9727 17
9728 17
9729 17
9730 17
9731 17
9732 16
9733 17
9734 17
9735 17
9736 17
9737 18
9738 18
9739 17
9740 17
9741 17
9742 17
9743 17
9744 17
9745 17
9746 17
9747 17
9748 17
9749 17
9750 16
9751 17
9752 17
9753 17
9754 265
9755 21
9756 18
9757 17
9758 17
9759 17
9760 17
9761 17
9762 18
9763 18
9764 17
9765 17
9766 17
9767 17
9768 17
9769 17
9770 17
9771 17
9772 17
9773 17
9774 17
9775 17
9776 17
9777 17
9778 16
9779 17
9780 17
9781 17
9782 18
9783 17
9784 17
9785 17
9786 17
9787 17
9788 18
9789 17
9790 17
9791 17
9792 17
9793 17
9794 17
9795 17
9796 17
9797 17
9798 17
9799 17
9800 17
9801 17
9802 17
9803 17
9804 17
9805 17
9806 17
9807 17
9808 17
9809 17
9810 17
9811 17
9812 17
9813 18
9814 17
9815 17
9816 17
9817 17
9818 17
9819 17
9820 18
9821 17
9822 17
9823 17
9824 17
9825 16
9826 17
9827 17
9828 17
9829 17
9830 17
9831 17
9832 18
9833 17
9834 17
9835 17
9836 17
9837 18
9838 17
9839 17
9840 17
9841 17
9842 17
9843 17
9844 18
9845 17
9846 17
9847 17
9848 17
9849 17
9850 17
9851 17
9852 18
9853 17
9854 17
9855 17
9856 18
9857 17
9858 17
9859 17
9860 17
9861 17
9862 17
9863 18
9864 17
9865 17
9866 18
9867 17
9868 17
9869 17
9870 18
9871 18
9872 17
9873 17
9874 17
9875 17
9876 17
9877 17
9878 17
9879 18
9880 17
9881 17
9882 17
9883 17
9884 17
9885 17
9886 17
9887 17
9888 17
9889 17
9890 17
9891 17
9892 17
9893 17
9894 17
9895 17
9896 17
9897 17
9898 18
9899 17
9900 17
9901 16
9902 17
9903 17
9904 17
9905 17
9906 17
9907 17
9908 16
9909 17
9910 17
9911 17
9912 17
9913 17
9914 17
9915 17
9916 17
9917 18
9918 17
9919 17
9920 18
9921 17
9922 17
9923 18
9924 17
9925 17
9926 28
9927 17
9928 17
9929 18
9930 17
9931 17
9932 17
9933 17
9934 17
9935 17
9936 17
9937 17
9938 17
9939 17
9940 17
9941 17
9942 18
9943 17
9944 17
9945 17
9946 17
9947 17
9948 17
9949 17
9950 17
9951 17
9952 17
9953 17
9954 17
9955 17
9956 18
9957 17
9958 17
9959 17
9960 17
9961 17
9962 17
9963 17
9964 17
9965 17
9966 17
9967 17
9968 17
9969 17
9970 18
9971 17
9972 17
9973 17
9974 18
9975 18
9976 18
9977 17
9978 17
9979 16
9980 17
9981 17
9982 17
9983 17
9984 17
9985 17
9986 17
9987 17
9988 17
9989 17
9990 17
9991 17
9992 17
9993 17
9994 17
9995 17
9996 17
9997 17
9998 18
9999 17
