0 96
1 19
2 17
3 18
4 19
5 18
6 18
7 18
8 17
9 19
10 17
11 17
12 17
13 16
14 17
15 17
16 17
17 17
18 17
19 17
20 18
21 18
22 18
23 17
24 18
25 18
26 18
27 18
28 17
29 18
30 17
31 17
32 17
33 18
34 17
35 17
36 17
37 17
38 18
39 18
40 17
41 18
42 18
43 18
44 18
45 17
46 17
47 17
48 17
49 17
50 17
51 17
52 17
53 17
54 17
55 17
56 17
57 17
58 17
59 18
60 18
61 18
62 17
63 18
64 18
65 17
66 17
67 18
68 17
69 17
70 17
71 17
72 18
73 18
74 17
75 17
76 17
77 17
78 18
79 17
80 17
81 17
82 17
83 17
84 18
85 17
86 17
87 17
88 17
89 17
90 17
91 17
92 17
93 17
94 17
95 17
96 17
97 17
98 17
99 17
100 17
101 17
102 17
103 17
104 17
105 17
106 19
107 19
108 17
109 17
110 17
111 17
112 18
113 17
114 18
115 18
116 18
117 18
118 17
119 17
120 21
121 17
122 17
123 17
124 17
125 17
126 17
127 17
128 17
129 18
130 18
131 17
132 17
133 17
134 17
135 18
136 17
137 16
138 17
139 17
140 17
141 18
142 18
143 18
144 17
145 18
146 17
147 17
148 18
149 17
150 17
151 17
152 16
153 17
154 17
155 17
156 17
157 17
158 18
159 30
160 19
161 17
162 18
163 18
164 18
165 18
166 17
167 18
168 17
169 18
170 18
171 18
172 17
173 18
174 18
175 18
176 17
177 18
178 18
179 18
180 18
181 18
182 18
183 18
184 18
185 18
186 17
187 19
188 18
189 18
190 18
191 18
192 17
193 18
194 18
195 18
196 17
197 17
198 17
199 17
200 17
201 17
202 17
203 17
204 17
205 18
206 17
207 17
208 17
209 17
210 17
211 17
212 17
213 18
214 18
215 18
216 18
217 18
218 17
219 17
220 17
221 17
222 17
223 17
224 17
225 17
226 18
227 17
228 17
229 17
230 18
231 17
232 17
233 17
234 18
235 17
236 17
237 16
238 17
239 17
240 17
241 17
242 17
243 17
244 18
245 18
246 18
247 17
248 17
249 17
250 17
251 17
252 17
253 17
254 18
255 18
256 18
257 17
258 17
259 17
260 17
261 17
262 17
263 17
264 16
265 17
266 17
267 16
268 17
269 17
270 17
271 17
272 17
273 17
274 17
275 17
276 17
277 17
278 17
279 17
280 17
281 17
282 17
283 18
284 17
285 17
286 17
287 17
288 17
289 17
290 17
291 17
292 17
293 17
294 17
295 17
296 18
297 18
298 17
299 17
300 18
301 18
302 18
303 17
304 18
305 18
306 17
307 18
308 17
309 17
310 17
311 17
312 17
313 17
314 17
315 17
316 17
317 17
318 17
319 17
320 17
321 17
322 17
323 17
324 17
325 17
326 17
327 21
328 18
329 17
330 17
331 18
332 18
333 18
334 17
335 17
336 17
337 17
338 17
339 17
340 17
341 17
342 17
343 17
344 17
345 18
346 18
347 18
348 18
349 18
350 17
351 17
352 17
353 18
354 18
355 17
356 17
357 18
358 18
359 17
360 18
361 17
362 17
363 17
364 17
365 17
366 17
367 17
368 17
369 18
370 17
371 17
372 17
373 17
374 17
375 17
376 17
377 18
378 18
379 18
380 17
381 17
382 17
383 17
384 17
385 17
386 17
387 17
388 17
389 17
390 17
391 17
392 17
393 17
394 17
395 18
396 18
397 18
398 17
399 17
400 17
401 18
402 18
403 17
404 17
405 16
406 17
407 17
408 17
409 17
410 17
411 17
412 18
413 17
414 18
415 18
416 17
417 18
418 17
419 17
420 18
421 18
422 18
423 18
424 17
425 17
426 17
427 17
428 17
429 17
430 17
431 17
432 18
433 17
434 18
435 18
436 18
437 18
438 17
439 17
440 17
441 17
442 17
443 17
444 17
445 18
446 17
447 17
448 17
449 17
450 17
451 18
452 18
453 18
454 18
455 17
456 17
457 17
458 17
459 17
460 17
461 17
462 18
463 17
464 17
465 17
466 17
467 17
468 17
469 18
470 18
471 18
472 17
473 17
474 17
475 17
476 17
477 17
478 18
479 17
480 17
481 18
482 17
483 17
484 17
485 17
486 17
487 17
488 17
489 17
490 18
491 17
492 17
493 17
494 17
495 18
496 18
497 18
498 18
499 17
500 18
501 18
502 18
503 17
504 17
505 17
506 17
507 17
508 17
509 21
510 18
511 17
512 17
513 17
514 17
515 17
516 17
517 17
518 17
519 17
520 17
521 17
522 17
523 17
524 17
525 17
526 18
527 17
528 17
529 17
530 17
531 18
532 17
533 17
534 17
535 18
536 17
537 17
538 17
539 17
540 17
541 17
542 17
543 16
544 17
545 17
546 17
547 17
548 17
549 17
550 17
551 17
552 17
553 17
554 17
555 17
556 17
557 17
558 17
559 18
560 17
561 17
562 17
563 17
564 17
565 17
566 17
567 18
568 18
569 18
570 18
571 17
572 18
573 17
574 17
575 18
576 18
577 17
578 17
579 17
580 18
581 18
582 18
583 18
584 17
585 17
586 17
587 17
588 18
589 18
590 18
591 17
592 17
593 17
594 18
595 18
596 17
597 17
598 16
599 17
600 17
601 17
602 17
603 17
604 17
605 17
606 17
607 18
608 17
609 17
610 17
611 17
612 17
613 17
614 17
615 16
616 17
617 17
618 18
619 17
620 17
621 18
622 17
623 17
624 17
625 17
626 17
627 17
628 17
629 17
630 17
631 18
632 17
633 17
634 17
635 17
636 17
637 17
638 17
639 18
640 18
641 17
642 17
643 17
644 17
645 17
646 17
647 17
648 17
649 17
650 17
651 17
652 17
653 17
654 17
655 18
656 18
657 17
658 17
659 17
660 17
661 17
662 16
663 18
664 18
665 17
666 18
667 18
668 17
669 17
670 17
671 16
672 17
673 17
674 17
675 17
676 18
677 18
678 18
679 18
680 18
681 17
682 17
683 16
684 17
685 17
686 18
687 17
688 17
689 17
690 17
691 17
692 28
693 18
694 18
695 17
696 17
697 17
698 17
699 17
700 17
701 16
702 17
703 17
704 17
705 17
706 18
707 17
708 17
709 17
710 17
711 17
712 17
713 17
714 17
715 17
716 17
717 17
718 17
719 17
720 17
721 17
722 17
723 17
724 17
725 17
726 18
727 18
728 17
729 17
730 17
731 17
732 17
733 17
734 17
735 17
736 17
737 17
738 17
739 17
740 17
741 17
742 17
743 17
744 17
745 17
746 17
747 17
748 17
749 17
750 17
751 17
752 17
753 17
754 18
755 21
756 17
757 17
758 18
759 18
760 17
761 16
762 17
763 17
764 17
765 17
766 17
767 17
768 17
769 17
770 16
771 18
772 17
773 17
774 17
775 17
776 17
777 17
778 17
779 17
780 17
781 17
782 17
783 17
784 16
785 18
786 17
787 17
788 17
789 17
790 17
791 17
792 17
793 17
794 18
795 18
796 18
797 17
798 17
799 17
800 17
801 17
802 17
803 17
804 17
805 17
806 17
807 17
808 17
809 17
810 17
811 17
812 17
813 17
814 17
815 17
816 17
817 17
818 17
819 17
820 17
821 17
822 17
823 17
824 18
825 17
826 17
827 17
828 17
829 17
830 20
831 17
832 16
833 17
834 17
835 17
836 17
837 17
838 20
839 17
840 17
841 17
842 18
843 17
844 17
845 18
846 18
847 18
848 17
849 18
850 18
851 18
852 18
853 17
854 17
855 17
856 18
857 17
858 17
859 17
860 17
861 17
862 17
863 17
864 17
865 17
866 17
867 17
868 17
869 18
870 18
871 17
872 17
873 17
874 31
875 18
876 17
877 17
878 17
879 17
880 17
881 17
882 17
883 17
884 17
885 17
886 17
887 17
888 17
889 17
890 17
891 17
892 17
893 17
894 17
895 17
896 17
897 17
898 17
899 17
900 17
901 18
902 18
903 18
904 17
905 17
906 17
907 18
908 18
909 17
910 17
911 17
912 17
913 17
914 18
915 17
916 17
917 17
918 17
919 17
920 17
921 17
922 18
923 18
924 17
925 17
926 17
927 17
928 17
929 17
930 17
931 17
932 17
933 18
934 18
935 17
936 17
937 16
938 17
939 17
940 17
941 17
942 17
943 17
944 17
945 17
946 17
947 17
948 18
949 18
950 18
951 17
952 17
953 17
954 17
955 17
956 17
957 17
958 18
959 18
960 17
961 17
962 17
963 17
964 17
965 17
966 17
967 17
968 17
969 17
970 17
971 16
972 17
973 17
974 17
975 17
976 17
977 18
978 17
979 19
980 18
981 17
982 17
983 17
984 17
985 17
986 17
987 17
988 17
989 17
990 17
991 17
992 17
993 17
994 17
995 17
996 16
997 17
998 17
999 17
1000 17
1001 17
1002 17
1003 17
1004 17
1005 17
1006 17
1007 17
1008 17
1009 17
1010 17
1011 17
1012 17
1013 17
1014 17
1015 18
1016 17
1017 17
1018 17
1019 17
1020 17
1021 17
1022 17
1023 17
1024 17
1025 17
1026 17
1027 16
1028 17
1029 17
1030 17
1031 17
1032 17
1033 17
1034 17
1035 17
1036 17
1037 17
1038 17
1039 18
1040 18
1041 18
1042 17
1043 19
1044 16
1045 17
1046 17
1047 16
1048 17
1049 17
1050 17
1051 17
1052 17
1053 18
1054 17
1055 17
1056 18
1057 31
1058 17
1059 17
1060 17
1061 17
1062 17
1063 17
1064 17
1065 17
1066 17
1067 16
1068 17
1069 17
1070 17
1071 17
1072 18
1073 18
1074 17
1075 17
1076 16
1077 17
1078 17
1079 18
1080 17
1081 17
1082 18
1083 18
1084 17
1085 17
1086 17
1087 17
1088 17
1089 17
1090 18
1091 17
1092 17
1093 17
1094 17
1095 17
1096 17
1097 18
1098 17
1099 18
1100 17
1101 18
1102 18
1103 18
1104 18
1105 17
1106 17
1107 19
1108 17
1109 18
1110 18
1111 17
1112 17
1113 18
1114 18
1115 17
1116 17
1117 17
1118 17
1119 18
1120 17
1121 17
1122 18
1123 18
1124 18
1125 17
1126 18
1127 18
1128 18
1129 18
1130 17
1131 17
1132 17
1133 17
1134 17
1135 17
1136 17
1137 17
1138 18
1139 17
1140 18
1141 18
1142 18
1143 18
1144 18
1145 18
1146 18
1147 17
1148 17
1149 17
1150 17
1151 18
1152 18
1153 18
1154 17
1155 18
1156 17
1157 17
1158 17
1159 17
1160 17
1161 18
1162 18
1163 18
1164 17
1165 17
1166 18
1167 17
1168 18
1169 17
1170 17
1171 20
1172 17
1173 17
1174 17
1175 17
1176 17
1177 17
1178 17
1179 17
1180 17
1181 17
1182 17
1183 17
1184 17
1185 17
1186 17
1187 17
1188 18
1189 17
1190 18
1191 18
1192 17
1193 17
1194 17
1195 17
1196 17
1197 17
1198 17
1199 17
1200 17
1201 17
1202 17
1203 18
1204 17
1205 17
1206 17
1207 17
1208 17
1209 17
1210 18
1211 18
1212 18
1213 18
1214 17
1215 17
1216 17
1217 17
1218 17
1219 17
1220 17
1221 17
1222 18
1223 18
1224 17
1225 17
1226 17
1227 17
1228 17
1229 17
1230 17
1231 17
1232 17
1233 17
1234 17
1235 19
1236 17
1237 17
1238 17
1239 19
1240 17
1241 17
1242 18
1243 17
1244 17
1245 17
1246 17
1247 17
1248 17
1249 17
1250 18
1251 17
1252 17
1253 17
1254 17
1255 17
1256 17
1257 17
1258 18
1259 18
1260 17
1261 17
1262 17
1263 17
1264 17
1265 18
1266 18
1267 17
1268 17
1269 17
1270 17
1271 17
1272 18
1273 17
1274 17
1275 17
1276 17
1277 17
1278 17
1279 17
1280 17
1281 17
1282 17
1283 17
1284 17
1285 17
1286 17
1287 17
1288 17
1289 17
1290 17
1291 17
1292 17
1293 17
1294 17
1295 17
1296 17
1297 17
1298 17
1299 19
1300 17
1301 17
1302 17
1303 18
1304 18
1305 17
1306 17
1307 17
1308 17
1309 17
1310 17
1311 18
1312 18
1313 18
1314 18
1315 18
1316 18
1317 18
1318 18
1319 17
1320 17
1321 17
1322 17
1323 17
1324 17
1325 17
1326 17
1327 17
1328 17
1329 17
1330 18
1331 17
1332 17
1333 17
1334 17
1335 17
1336 17
1337 17
1338 17
1339 17
1340 18
1341 18
1342 18
1343 17
1344 17
1345 17
1346 17
1347 17
1348 17
1349 17
1350 17
1351 17
1352 17
1353 18
1354 17
1355 18
1356 18
1357 18
1358 17
1359 17
1360 17
1361 17
1362 17
1363 18
1364 17
1365 17
1366 17
1367 17
1368 17
1369 17
1370 17
1371 17
1372 17
1373 17
1374 17
1375 17
1376 17
1377 18
1378 17
1379 17
1380 17
1381 17
1382 17
1383 17
1384 17
1385 17
1386 17
1387 17
1388 17
1389 17
1390 17
1391 17
1392 17
1393 17
1394 17
1395 17
1396 18
1397 17
1398 17
1399 17
1400 17
1401 17
1402 17
1403 17
1404 17
1405 17
1406 17
1407 17
1408 17
1409 17
1410 17
1411 17
1412 17
1413 17
1414 17
1415 17
1416 17
1417 17
1418 17
1419 17
1420 21
1421 17
1422 17
1423 17
1424 17
1425 17
1426 17
1427 19
1428 17
1429 17
1430 17
1431 17
1432 17
1433 17
1434 17
1435 17
1436 17
1437 17
1438 17
1439 17
1440 17
1441 17
1442 18
1443 18
1444 17
1445 17
1446 17
1447 17
1448 17
1449 17
1450 17
1451 17
1452 17
1453 17
1454 17
1455 17
1456 17
1457 18
1458 18
1459 18
1460 18
1461 17
1462 17
1463 17
1464 17
1465 17
1466 17
1467 17
1468 17
1469 17
1470 17
1471 17
1472 17
1473 17
1474 17
1475 17
1476 17
1477 17
1478 17
1479 17
1480 17
1481 18
1482 18
1483 18
1484 17
1485 17
1486 17
1487 17
1488 17
1489 17
1490 17
1491 18
1492 17
1493 17
1494 17
1495 17
1496 17
1497 17
1498 17
1499 17
1500 17
1501 18
1502 17
1503 18
1504 17
1505 17
1506 17
1507 17
1508 17
1509 17
1510 17
1511 17
1512 17
1513 17
1514 17
1515 17
1516 17
1517 17
1518 17
1519 17
1520 17
1521 17
1522 18
1523 17
1524 17
1525 17
1526 17
1527 16
1528 17
1529 16
1530 17
1531 17
1532 17
1533 17
1534 17
1535 17
1536 16
1537 17
1538 17
1539 17
1540 17
1541 18
1542 17
1543 18
1544 17
1545 17
1546 17
1547 17
1548 17
1549 17
1550 16
1551 17
1552 17
1553 17
1554 17
1555 19
1556 17
1557 17
1558 17
1559 17
1560 17
1561 17
1562 17
1563 16
1564 18
1565 17
1566 17
1567 17
1568 17
1569 17
1570 17
1571 17
1572 16
1573 17
1574 17
1575 17
1576 17
1577 17
1578 17
1579 17
1580 17
1581 17
1582 17
1583 17
1584 17
1585 18
1586 17
1587 17
1588 17
1589 17
1590 16
1591 17
1592 16
1593 17
1594 17
1595 17
1596 17
1597 17
1598 17
1599 18
1600 17
1601 17
1602 17
1603 17
1604 23
1605 18
1606 17
1607 17
1608 17
1609 18
1610 18
1611 17
1612 17
1613 17
1614 17
1615 17
1616 17
1617 17
1618 17
1619 17
1620 17
1621 17
1622 18
1623 18
1624 18
1625 17
1626 17
1627 16
1628 17
1629 17
1630 17
1631 17
1632 17
1633 16
1634 17
1635 17
1636 17
1637 17
1638 18
1639 18
1640 18
1641 17
1642 17
1643 17
1644 17
1645 17
1646 17
1647 17
1648 17
1649 17
1650 17
1651 18
1652 17
1653 17
1654 17
1655 17
1656 17
1657 18
1658 17
1659 17
1660 18
1661 17
1662 18
1663 17
1664 17
1665 17
1666 18
1667 18
1668 17
1669 17
1670 17
1671 17
1672 17
1673 17
1674 18
1675 18
1676 17
1677 17
1678 17
1679 17
1680 18
1681 17
1682 17
1683 17
1684 17
1685 17
1686 17
1687 17
1688 17
1689 17
1690 17
1691 17
1692 17
1693 17
1694 17
1695 17
1696 17
1697 17
1698 18
1699 18
1700 17
1701 17
1702 17
1703 17
1704 17
1705 17
1706 17
1707 17
1708 17
1709 17
1710 17
1711 18
1712 18
1713 18
1714 17
1715 17
1716 18
1717 17
1718 18
1719 17
1720 17
1721 17
1722 18
1723 17
1724 18
1725 18
1726 18
1727 17
1728 17
1729 17
1730 17
1731 17
1732 18
1733 18
1734 18
1735 18
1736 18
1737 18
1738 17
1739 17
1740 17
1741 17
1742 17
1743 17
1744 17
1745 17
1746 17
1747 17
1748 18
1749 18
1750 17
1751 17
1752 17
1753 17
1754 17
1755 17
1756 17
1757 18
1758 17
1759 17
1760 17
1761 17
1762 17
1763 17
1764 17
1765 17
1766 17
1767 17
1768 17
1769 17
1770 17
1771 17
1772 17
1773 17
1774 17
1775 18
1776 17
1777 17
1778 17
1779 17
1780 18
1781 17
1782 18
1783 17
1784 17
1785 17
1786 17
1787 17
1788 17
1789 17
1790 18
1791 17
1792 17
1793 17
1794 18
1795 17
1796 17
1797 17
1798 18
1799 17
1800 17
1801 17
1802 17
1803 18
1804 18
1805 17
1806 17
1807 18
1808 17
1809 18
1810 17
1811 17
1812 17
1813 17
1814 17
1815 17
1816 17
1817 17
1818 17
1819 17
1820 18
1821 18
1822 18
1823 17
1824 17
1825 17
1826 17
1827 17
1828 17
1829 18
1830 17
1831 17
1832 17
1833 18
1834 18
1835 17
1836 18
1837 18
1838 17
1839 17
1840 17
1841 18
1842 18
1843 18
1844 18
1845 17
1846 18
1847 17
1848 17
1849 17
1850 17
1851 17
1852 17
1853 17
1854 17
1855 17
1856 17
1857 18
1858 17
1859 17
1860 17
1861 17
1862 18
1863 18
1864 17
1865 18
1866 17
1867 17
1868 17
1869 17
1870 17
1871 18
1872 17
1873 17
1874 18
1875 18
1876 18
1877 18
1878 18
1879 18
1880 18
1881 18
1882 17
1883 18
1884 18
1885 18
1886 18
1887 17
1888 17
1889 17
1890 18
1891 17
1892 17
1893 16
1894 18
1895 18
1896 18
1897 18
1898 17
1899 17
1900 17
1901 17
1902 17
1903 17
1904 17
1905 18
1906 18
1907 17
1908 17
1909 17
1910 17
1911 17
1912 17
1913 17
1914 17
1915 17
1916 17
1917 17
1918 17
1919 17
1920 17
1921 17
1922 17
1923 17
1924 17
1925 17
1926 17
1927 17
1928 18
1929 17
1930 17
1931 17
1932 18
1933 18
1934 17
1935 17
1936 17
1937 17
1938 17
1939 18
1940 17
1941 17
1942 17
1943 17
1944 17
1945 17
1946 17
1947 17
1948 17
1949 17
1950 17
1951 17
1952 18
1953 17
1954 17
1955 17
1956 17
1957 17
1958 18
1959 18
1960 18
1961 26
1962 17
1963 18
1964 18
1965 18
1966 17
1967 17
1968 18
1969 17
1970 17
1971 17
1972 17
1973 18
1974 17
1975 17
1976 17
1977 17
1978 17
1979 17
1980 17
1981 17
1982 17
1983 18
1984 17
1985 17
1986 17
1987 17
1988 17
1989 17
1990 17
1991 17
1992 17
1993 17
1994 16
1995 17
1996 17
1997 17
1998 18
1999 17
2000 17
2001 17
2002 17
2003 17
2004 17
2005 17
2006 17
2007 18
2008 17
2009 18
2010 18
2011 17
2012 17
2013 17
2014 18
2015 17
2016 17
2017 17
2018 18
2019 17
2020 17
2021 17
2022 17
2023 17
2024 17
2025 17
2026 18
2027 18
2028 17
2029 17
2030 17
2031 17
2032 17
2033 17
2034 17
2035 17
2036 17
2037 17
2038 17
2039 18
2040 17
2041 17
2042 17
2043 18
2044 18
2045 18
2046 18
2047 17
2048 18
2049 17
2050 17
2051 17
2052 17
2053 17
2054 17
2055 17
2056 17
2057 17
2058 17
2059 17
2060 18
2061 18
2062 17
2063 18
2064 18
2065 18
2066 17
2067 17
2068 17
2069 17
2070 18
2071 17
2072 17
2073 17
2074 18
2075 17
2076 17
2077 17
2078 18
2079 18
2080 17
2081 17
2082 17
2083 17
2084 17
2085 17
2086 17
2087 18
2088 18
2089 18
2090 18
2091 18
2092 18
2093 17
2094 17
2095 17
2096 17
2097 18
2098 17
2099 17
2100 18
2101 18
2102 17
2103 17
2104 17
2105 17
2106 17
2107 17
2108 17
2109 17
2110 18
2111 17
2112 18
2113 17
2114 17
2115 17
2116 17
2117 17
2118 18
2119 17
2120 17
2121 17
2122 18
2123 18
2124 17
2125 17
2126 18
2127 18
2128 17
2129 17
2130 17
2131 17
2132 17
2133 17
2134 18
2135 18
2136 17
2137 17
2138 18
2139 18
2140 18
2141 17
2142 17
2143 21
2144 17
2145 16
2146 18
2147 18
2148 18
2149 18
2150 17
2151 18
2152 17
2153 18
2154 18
2155 18
2156 17
2157 17
2158 17
2159 17
2160 17
2161 17
2162 17
2163 17
2164 17
2165 17
2166 17
2167 18
2168 17
2169 17
2170 17
2171 17
2172 17
2173 17
2174 17
2175 17
2176 17
2177 17
2178 17
2179 17
2180 17
2181 18
2182 18
2183 18
2184 17
2185 18
2186 18
2187 17
2188 17
2189 17
2190 17
2191 17
2192 17
2193 18
2194 18
2195 17
2196 17
2197 18
2198 17
2199 17
2200 17
2201 17
2202 18
2203 17
2204 17
2205 17
2206 17
2207 17
2208 17
2209 17
2210 17
2211 18
2212 18
2213 18
2214 17
2215 17
2216 17
2217 18
2218 17
2219 17
2220 16
2221 17
2222 17
2223 17
2224 17
2225 17
2226 17
2227 17
2228 17
2229 18
2230 18
2231 17
2232 17
2233 17
2234 17
2235 18
2236 18
2237 17
2238 18
2239 18
2240 17
2241 18
2242 18
2243 18
2244 18
2245 18
2246 18
2247 17
2248 17
2249 17
2250 17
2251 18
2252 17
2253 18
2254 17
2255 17
2256 17
2257 17
2258 17
2259 17
2260 17
2261 17
2262 17
2263 17
2264 17
2265 17
2266 18
2267 18
2268 18
2269 18
2270 18
2271 18
2272 18
2273 18
2274 17
2275 17
2276 17
2277 17
2278 18
2279 17
2280 17
2281 17
2282 17
2283 17
2284 17
2285 17
2286 17
2287 18
2288 18
2289 18
2290 18
2291 17
2292 17
2293 17
2294 17
2295 17
2296 17
2297 17
2298 17
2299 17
2300 17
2301 17
2302 17
2303 17
2304 17
2305 18
2306 17
2307 17
2308 17
2309 17
2310 17
2311 17
2312 17
2313 17
2314 17
2315 17
2316 17
2317 17
2318 18
2319 18
2320 17
2321 17
2322 17
2323 17
2324 17
2325 28
2326 17
2327 18
2328 18
2329 18
2330 17
2331 17
2332 17
2333 17
2334 17
2335 18
2336 17
2337 17
2338 17
2339 17
2340 17
2341 17
2342 17
2343 17
2344 17
2345 18
2346 18
2347 17
2348 18
2349 18
2350 18
2351 18
2352 18
2353 18
2354 17
2355 17
2356 17
2357 17
2358 18
2359 18
2360 18
2361 18
2362 18
2363 18
2364 18
2365 17
2366 18
2367 18
2368 18
2369 18
2370 18
2371 17
2372 17
2373 17
2374 18
2375 18
2376 17
2377 17
2378 17
2379 17
2380 17
2381 17
2382 18
2383 17
2384 17
2385 17
2386 17
2387 18
2388 18
2389 18
2390 18
2391 18
2392 17
2393 17
2394 17
2395 17
2396 17
2397 17
2398 17
2399 17
2400 17
2401 17
2402 17
2403 17
2404 17
2405 17
2406 17
2407 17
2408 17
2409 17
2410 17
2411 17
2412 17
2413 17
2414 17
2415 17
2416 17
2417 18
2418 18
2419 18
2420 17
2421 17
2422 17
2423 17
2424 17
2425 18
2426 17
2427 17
2428 17
2429 17
2430 18
2431 17
2432 17
2433 17
2434 18
2435 18
2436 18
2437 18
2438 18
2439 18
2440 17
2441 17
2442 17
2443 18
2444 18
2445 18
2446 17
2447 17
2448 17
2449 17
2450 17
2451 17
2452 18
2453 18
2454 17
2455 17
2456 17
2457 17
2458 17
2459 17
2460 17
2461 17
2462 18
2463 18
2464 18
2465 17
2466 17
2467 17
2468 17
2469 17
2470 17
2471 17
2472 18
2473 18
2474 17
2475 18
2476 18
2477 17
2478 18
2479 18
2480 18
2481 18
2482 17
2483 17
2484 17
2485 17
2486 17
2487 18
2488 18
2489 17
2490 17
2491 17
2492 17
2493 19
2494 17
2495 17
2496 17
2497 17
2498 18
2499 17
2500 17
2501 18
2502 18
2503 17
2504 17
2505 23
2506 17
2507 17
2508 17
2509 17
2510 17
2511 17
2512 17
2513 17
2514 17
2515 18
2516 17
2517 17
2518 17
2519 16
2520 17
2521 17
2522 17
2523 17
2524 17
2525 17
2526 17
2527 17
2528 17
2529 17
2530 17
2531 17
2532 17
2533 17
2534 17
2535 17
2536 18
2537 18
2538 17
2539 17
2540 16
2541 17
2542 17
2543 17
2544 17
2545 17
2546 17
2547 17
2548 17
2549 17
2550 17
2551 17
2552 17
2553 17
2554 17
2555 17
2556 17
2557 18
2558 18
2559 17
2560 17
2561 17
2562 17
2563 17
2564 17
2565 17
2566 17
2567 17
2568 17
2569 19
2570 17
2571 17
2572 17
2573 17
2574 17
2575 17
2576 17
2577 17
2578 18
2579 18
2580 17
2581 17
2582 17
2583 17
2584 17
2585 17
2586 17
2587 17
2588 17
2589 17
2590 17
2591 17
2592 17
2593 16
2594 17
2595 17
2596 18
2597 17
2598 17
2599 18
2600 17
2601 17
2602 17
2603 17
2604 17
2605 17
2606 17
2607 17
2608 17
2609 17
2610 17
2611 17
2612 16
2613 17
2614 17
2615 17
2616 17
2617 18
2618 18
2619 17
2620 18
2621 17
2622 17
2623 17
2624 17
2625 17
2626 17
2627 17
2628 16
2629 17
2630 17
2631 17
2632 17
2633 20
2634 17
2635 17
2636 16
2637 17
2638 17
2639 17
2640 17
2641 19
2642 18
2643 18
2644 17
2645 17
2646 17
2647 17
2648 16
2649 17
2650 17
2651 17
2652 17
2653 17
2654 17
2655 17
2656 17
2657 17
2658 17
2659 17
2660 18
2661 17
2662 18
2663 17
2664 17
2665 17
2666 17
2667 17
2668 17
2669 16
2670 17
2671 17
2672 17
2673 17
2674 17
2675 17
2676 17
2677 17
2678 17
2679 16
2680 17
2681 17
2682 17
2683 18
2684 18
2685 17
2686 17
2687 17
2688 17
2689 21
2690 17
2691 17
2692 17
2693 17
2694 17
2695 17
2696 17
2697 18
2698 17
2699 17
2700 18
2701 17
2702 17
2703 17
2704 18
2705 17
2706 17
2707 17
2708 17
2709 17
2710 17
2711 17
2712 17
2713 17
2714 16
2715 17
2716 17
2717 17
2718 17
2719 17
2720 17
2721 17
2722 17
2723 17
2724 17
2725 18
2726 19
2727 17
2728 17
2729 17
2730 17
2731 17
2732 17
2733 17
2734 17
2735 17
2736 17
2737 18
2738 17
2739 17
2740 17
2741 17
2742 17
2743 17
2744 18
2745 17
2746 18
2747 17
2748 17
2749 17
2750 17
2751 17
2752 17
2753 17
2754 16
2755 17
2756 17
2757 17
2758 17
2759 18
2760 17
2761 19
2762 17
2763 17
2764 17
2765 17
2766 17
2767 18
2768 17
2769 17
2770 17
2771 17
2772 17
2773 17
2774 17
2775 17
2776 17
2777 18
2778 17
2779 17
2780 16
2781 17
2782 17
2783 17
2784 17
2785 17
2786 17
2787 17
2788 18
2789 17
2790 17
2791 17
2792 17
2793 17
2794 17
2795 17
2796 17
2797 17
2798 17
2799 17
2800 17
2801 17
2802 17
2803 17
2804 17
2805 17
2806 18
2807 18
2808 17
2809 18
2810 17
2811 17
2812 17
2813 17
2814 17
2815 17
2816 17
2817 17
2818 17
2819 17
2820 17
2821 17
2822 17
2823 17
2824 17
2825 19
2826 17
2827 17
2828 18
2829 17
2830 19
2831 17
2832 17
2833 17
2834 17
2835 17
2836 17
2837 17
2838 17
2839 17
2840 17
2841 17
2842 17
2843 17
2844 17
2845 17
2846 16
2847 17
2848 17
2849 17
2850 17
2851 19
2852 18
2853 17
2854 17
2855 17
2856 17
2857 17
2858 17
2859 17
2860 16
2861 17
2862 17
2863 17
2864 17
2865 17
2866 18
2867 17
2868 17
2869 18
2870 18
2871 17
2872 18
2873 19
2874 17
2875 17
2876 17
2877 17
2878 16
2879 17
2880 17
2881 17
2882 17
2883 17
2884 17
2885 17
2886 17
2887 17
2888 17
2889 19
2890 17
2891 17
2892 17
2893 19
2894 18
2895 18
2896 18
2897 17
2898 17
2899 17
2900 17
2901 17
2902 17
2903 17
2904 17
2905 17
2906 17
2907 17
2908 17
2909 17
2910 17
2911 18
2912 17
2913 17
2914 18
2915 17
2916 17
2917 17
2918 17
2919 17
2920 17
2921 17
2922 17
2923 17
2924 17
2925 17
2926 17
2927 17
2928 17
2929 16
2930 17
2931 17
2932 17
2933 17
2934 17
2935 18
2936 17
2937 17
2938 17
2939 16
2940 17
2941 17
2942 17
2943 17
2944 17
2945 17
2946 16
2947 17
2948 17
2949 17
2950 17
2951 16
2952 17
2953 19
2954 17
2955 17
2956 18
2957 17
2958 17
2959 17
2960 17
2961 16
2962 17
2963 16
2964 17
2965 16
2966 17
2967 17
2968 17
2969 17
2970 17
2971 17
2972 17
2973 17
2974 18
2975 17
2976 17
2977 18
2978 17
2979 17
2980 17
2981 17
2982 17
2983 17
2984 17
2985 17
2986 17
2987 17
2988 17
2989 17
2990 17
2991 17
2992 17
2993 17
2994 17
2995 17
2996 17
2997 17
2998 18
2999 17
3000 17
3001 17
3002 17
3003 17
3004 17
3005 17
3006 17
3007 17
3008 17
3009 17
3010 17
3011 17
3012 17
3013 17
3014 17
3015 16
3016 17
3017 20
3018 17
3019 18
3020 18
3021 17
3022 17
3023 17
3024 17
3025 17
3026 17
3027 17
3028 17
3029 17
3030 17
3031 17
3032 17
3033 17
3034 16
3035 17
3036 16
3037 17
3038 17
3039 17
3040 19
3041 17
3042 17
3043 17
3044 16
3045 17
3046 17
3047 17
3048 17
3049 16
3050 17
3051 16
3052 17
3053 16
3054 17
3055 268
3056 24
3057 17
3058 18
3059 17
3060 17
3061 18
3062 17
3063 17
3064 17
3065 18
3066 17
3067 18
3068 17
3069 18
3070 18
3071 17
3072 17
3073 18
3074 18
3075 17
3076 17
3077 18
3078 18
3079 17
3080 18
3081 18
3082 17
3083 18
3084 17
3085 18
3086 18
3087 17
3088 18
3089 18
3090 17
3091 17
3092 18
3093 17
3094 17
3095 17
3096 17
3097 17
3098 17
3099 17
3100 17
3101 21
3102 18
3103 17
3104 17
3105 17
3106 17
3107 18
3108 17
3109 18
3110 17
3111 17
3112 17
3113 17
3114 17
3115 17
3116 16
3117 17
3118 18
3119 17
3120 17
3121 17
3122 18
3123 17
3124 17
3125 17
3126 18
3127 17
3128 17
3129 17
3130 18
3131 17
3132 17
3133 17
3134 17
3135 18
3136 17
3137 17
3138 17
3139 18
3140 18
3141 17
3142 17
3143 17
3144 17
3145 17
3146 17
3147 17
3148 17
3149 17
3150 18
3151 18
3152 18
3153 18
3154 18
3155 17
3156 17
3157 17
3158 17
3159 17
3160 17
3161 17
3162 17
3163 17
3164 17
3165 17
3166 17
3167 17
3168 17
3169 17
3170 17
3171 17
3172 17
3173 17
3174 17
3175 17
3176 17
3177 17
3178 17
3179 17
3180 17
3181 17
3182 17
3183 17
3184 17
3185 17
3186 17
3187 17
3188 18
3189 18
3190 17
3191 18
3192 18
3193 17
3194 18
3195 18
3196 17
3197 18
3198 17
3199 17
3200 17
3201 17
3202 18
3203 17
3204 17
3205 17
3206 17
3207 17
3208 18
3209 18
3210 18
3211 17
3212 18
3213 17
3214 17
3215 17
3216 17
3217 18
3218 18
3219 17
3220 17
3221 17
3222 18
3223 18
3224 18
3225 26
3226 18
3227 18
3228 18
3229 17
3230 17
3231 18
3232 17
3233 18
3234 18
3235 18
3236 18
3237 18
3238 17
3239 17
3240 17
3241 17
3242 18
3243 18
3244 18
3245 17
3246 18
3247 18
3248 18
3249 18
3250 18
3251 18
3252 17
3253 17
3254 20
3255 18
3256 18
3257 18
3258 18
3259 17
3260 17
3261 17
3262 17
3263 17
3264 18
3265 18
3266 17
3267 17
3268 17
3269 17
3270 17
3271 18
3272 17
3273 18
3274 18
3275 17
3276 18
3277 17
3278 17
3279 17
3280 18
3281 17
3282 17
3283 17
3284 17
3285 17
3286 17
3287 16
3288 17
3289 17
3290 17
3291 17
3292 17
3293 17
3294 17
3295 18
3296 18
3297 17
3298 17
3299 17
3300 17
3301 17
3302 17
3303 17
3304 17
3305 18
3306 17
3307 17
3308 17
3309 17
3310 17
3311 17
3312 17
3313 17
3314 18
3315 18
3316 17
3317 17
3318 17
3319 17
3320 17
3321 18
3322 17
3323 17
3324 17
3325 20
3326 17
3327 17
3328 18
3329 18
3330 18
3331 18
3332 18
3333 17
3334 17
3335 17
3336 17
3337 17
3338 17
3339 17
3340 17
3341 18
3342 18
3343 18
3344 17
3345 17
3346 18
3347 17
3348 18
3349 18
3350 17
3351 17
3352 17
3353 17
3354 17
3355 17
3356 18
3357 18
3358 18
3359 18
3360 18
3361 18
3362 17
3363 17
3364 17
3365 18
3366 17
3367 17
3368 17
3369 17
3370 17
3371 17
3372 18
3373 18
3374 18
3375 17
3376 17
3377 17
3378 17
3379 18
3380 17
3381 17
3382 17
3383 18
3384 17
3385 17
3386 17
3387 18
3388 18
3389 18
3390 17
3391 17
3392 18
3393 17
3394 17
3395 17
3396 17
3397 17
3398 17
3399 17
3400 17
3401 17
3402 17
3403 17
3404 17
3405 18
3406 31
3407 18
3408 18
3409 18
3410 17
3411 17
3412 17
3413 17
3414 17
3415 17
3416 17
3417 17
3418 17
3419 17
3420 18
3421 18
3422 18
3423 18
3424 18
3425 18
3426 17
3427 17
3428 17
3429 17
3430 17
3431 18
3432 18
3433 17
3434 18
3435 17
3436 17
3437 17
3438 18
3439 17
3440 17
3441 17
3442 18
3443 17
3444 17
3445 17
3446 17
3447 18
3448 17
3449 17
3450 17
3451 17
3452 17
3453 17
3454 17
3455 17
3456 17
3457 17
3458 17
3459 17
3460 18
3461 18
3462 17
3463 17
3464 17
3465 17
3466 18
3467 18
3468 18
3469 17
3470 17
3471 18
3472 18
3473 18
3474 18
3475 17
3476 17
3477 17
3478 17
3479 17
3480 17
3481 17
3482 18
3483 18
3484 17
3485 17
3486 17
3487 17
3488 17
3489 17
3490 17
3491 17
3492 17
3493 17
3494 17
3495 17
3496 17
3497 18
3498 18
3499 18
3500 17
3501 17
3502 17
3503 17
3504 17
3505 17
3506 18
3507 17
3508 17
3509 17
3510 17
3511 17
3512 18
3513 18
3514 17
3515 18
3516 17
3517 17
3518 17
3519 17
3520 17
3521 17
3522 18
3523 17
3524 17
3525 17
3526 17
3527 17
3528 17
3529 17
3530 18
3531 18
3532 18
3533 18
3534 18
3535 17
3536 17
3537 17
3538 18
3539 17
3540 17
3541 17
3542 17
3543 18
3544 18
3545 18
3546 17
3547 17
3548 17
3549 17
3550 17
3551 18
3552 17
3553 17
3554 17
3555 18
3556 17
3557 17
3558 17
3559 17
3560 17
3561 17
3562 17
3563 17
3564 17
3565 18
3566 17
3567 17
3568 17
3569 17
3570 18
3571 18
3572 18
3573 17
3574 17
3575 17
3576 17
3577 17
3578 17
3579 17
3580 17
3581 17
3582 18
3583 18
3584 18
3585 17
3586 17
3587 18
3588 21
3589 18
3590 18
3591 17
3592 17
3593 17
3594 17
3595 17
3596 18
3597 17
3598 17
3599 17
3600 16
3601 17
3602 17
3603 16
3604 17
3605 17
3606 17
3607 17
3608 17
3609 17
3610 17
3611 17
3612 17
3613 17
3614 17
3615 17
3616 17
3617 17
3618 17
3619 17
3620 18
3621 18
3622 18
3623 17
3624 17
3625 18
3626 18
3627 17
3628 17
3629 18
3630 17
3631 17
3632 17
3633 17
3634 17
3635 17
3636 17
3637 18
3638 17
3639 17
3640 17
3641 18
3642 17
3643 17
3644 17
3645 17
3646 17
3647 17
3648 17
3649 18
3650 17
3651 17
3652 17
3653 17
3654 17
3655 17
3656 18
3657 17
3658 18
3659 17
3660 17
3661 17
3662 17
3663 17
3664 17
3665 17
3666 17
3667 17
3668 18
3669 17
3670 17
3671 17
3672 18
3673 17
3674 17
3675 17
3676 17
3677 17
3678 17
3679 18
3680 17
3681 17
3682 17
3683 17
3684 17
3685 17
3686 18
3687 17
3688 18
3689 18
3690 17
3691 17
3692 17
3693 17
3694 18
3695 17
3696 17
3697 17
3698 17
3699 17
3700 17
3701 17
3702 18
3703 18
3704 18
3705 18
3706 18
3707 17
3708 17
3709 17
3710 17
3711 17
3712 17
3713 17
3714 17
3715 17
3716 17
3717 17
3718 18
3719 18
3720 17
3721 17
3722 17
3723 17
3724 17
3725 17
3726 17
3727 17
3728 17
3729 17
3730 18
3731 17
3732 17
3733 17
3734 17
3735 17
3736 18
3737 18
3738 17
3739 17
3740 17
3741 18
3742 18
3743 18
3744 18
3745 17
3746 17
3747 17
3748 17
3749 17
3750 17
3751 17
3752 17
3753 17
3754 17
3755 17
3756 17
3757 17
3758 17
3759 17
3760 17
3761 17
3762 17
3763 17
3764 17
3765 17
3766 17
3767 17
3768 17
3769 17
3770 17
3771 27
3772 17
3773 18
3774 18
3775 17
3776 17
3777 17
3778 17
3779 17
3780 17
3781 17
3782 17
3783 17
3784 18
3785 17
3786 17
3787 17
3788 17
3789 17
3790 18
3791 17
3792 17
3793 17
3794 17
3795 18
3796 18
3797 18
3798 17
3799 17
3800 18
3801 18
3802 18
3803 18
3804 17
3805 18
3806 18
3807 17
3808 17
3809 18
3810 17
3811 17
3812 17
3813 17
3814 17
3815 17
3816 17
3817 18
3818 18
3819 18
3820 18
3821 17
3822 17
3823 17
3824 18
3825 17
3826 17
3827 18
3828 18
3829 17
3830 17
3831 17
3832 17
3833 17
3834 17
3835 17
3836 17
3837 17
3838 17
3839 17
3840 17
3841 17
3842 18
3843 17
3844 17
3845 17
3846 17
3847 17
3848 18
3849 17
3850 17
3851 17
3852 17
3853 17
3854 17
3855 17
3856 18
3857 18
3858 18
3859 17
3860 17
3861 17
3862 17
3863 17
3864 18
3865 17
3866 17
3867 17
3868 17
3869 17
3870 17
3871 17
3872 17
3873 17
3874 18
3875 17
3876 17
3877 18
3878 18
3879 18
3880 18
3881 17
3882 17
3883 17
3884 17
3885 17
3886 17
3887 17
3888 17
3889 17
3890 18
3891 17
3892 17
3893 17
3894 17
3895 17
3896 17
3897 17
3898 17
3899 17
3900 17
3901 17
3902 17
3903 17
3904 17
3905 16
3906 17
3907 17
3908 17
3909 17
3910 17
3911 18
3912 17
3913 17
3914 18
3915 17
3916 17
3917 17
3918 17
3919 17
3920 17
3921 16
3922 17
3923 17
3924 18
3925 18
3926 18
3927 17
3928 18
3929 17
3930 17
3931 18
3932 18
3933 17
3934 17
3935 17
3936 17
3937 18
3938 17
3939 17
3940 17
3941 17
3942 17
3943 17
3944 17
3945 17
3946 17
3947 17
3948 17
3949 17
3950 20
3951 18
3952 17
3953 27
3954 17
3955 18
3956 17
3957 17
3958 17
3959 17
3960 17
3961 17
3962 18
3963 17
3964 17
3965 17
3966 17
3967 17
3968 17
3969 17
3970 17
3971 17
3972 18
3973 17
3974 17
3975 17
3976 18
3977 17
3978 17
3979 17
3980 17
3981 17
3982 17
3983 17
3984 18
3985 18
3986 18
3987 17
3988 18
3989 18
3990 18
3991 18
3992 17
3993 17
3994 18
3995 18
3996 18
3997 18
3998 18
3999 18
4000 18
4001 18
4002 17
4003 17
4004 18
4005 18
4006 17
4007 17
4008 18
4009 17
4010 17
4011 17
4012 18
4013 17
4014 19
4015 17
4016 17
4017 17
4018 17
4019 17
4020 17
4021 17
4022 16
4023 17
4024 17
4025 17
4026 17
4027 17
4028 17
4029 17
4030 17
4031 17
4032 17
4033 17
4034 17
4035 17
4036 17
4037 17
4038 17
4039 17
4040 17
4041 17
4042 17
4043 17
4044 17
4045 17
4046 17
4047 17
4048 17
4049 17
4050 17
4051 17
4052 16
4053 17
4054 17
4055 17
4056 17
4057 18
4058 18
4059 18
4060 18
4061 18
4062 18
4063 17
4064 17
4065 18
4066 18
4067 17
4068 17
4069 18
4070 18
4071 18
4072 17
4073 17
4074 17
4075 17
4076 17
4077 17
4078 19
4079 17
4080 17
4081 18
4082 18
4083 17
4084 17
4085 17
4086 17
4087 17
4088 17
4089 17
4090 17
4091 18
4092 18
4093 17
4094 17
4095 17
4096 17
4097 17
4098 17
4099 17
4100 18
4101 17
4102 18
4103 18
4104 17
4105 17
4106 17
4107 17
4108 18
4109 18
4110 18
4111 17
4112 17
4113 18
4114 18
4115 18
4116 17
4117 17
4118 17
4119 17
4120 18
4121 17
4122 17
4123 17
4124 17
4125 17
4126 17
4127 17
4128 17
4129 18
4130 18
4131 17
4132 17
4133 17
4134 18
4135 18
4136 17
4137 17
4138 17
4139 17
4140 17
4141 17
4142 20
4143 17
4144 18
4145 18
4146 18
4147 17
4148 17
4149 17
4150 17
4151 17
4152 17
4153 17
4154 17
4155 17
4156 17
4157 18
4158 17
4159 18
4160 18
4161 18
4162 17
4163 17
4164 17
4165 17
4166 17
4167 18
4168 17
4169 17
4170 17
4171 17
4172 17
4173 17
4174 17
4175 17
4176 17
4177 18
4178 17
4179 17
4180 17
4181 17
4182 17
4183 18
4184 17
4185 17
4186 18
4187 17
4188 18
4189 18
4190 17
4191 17
4192 17
4193 17
4194 17
4195 17
4196 17
4197 17
4198 18
4199 17
4200 17
4201 17
4202 17
4203 17
4204 17
4205 17
4206 20
4207 18
4208 18
4209 17
4210 17
4211 17
4212 17
4213 17
4214 17
4215 17
4216 17
4217 17
4218 17
4219 17
4220 17
4221 18
4222 18
4223 17
4224 17
4225 17
4226 17
4227 17
4228 17
4229 17
4230 18
4231 18
4232 18
4233 17
4234 18
4235 17
4236 17
4237 17
4238 17
4239 17
4240 17
4241 17
4242 17
4243 17
4244 17
4245 17
4246 18
4247 18
4248 18
4249 18
4250 17
4251 17
4252 17
4253 17
4254 17
4255 17
4256 17
4257 17
4258 17
4259 17
4260 18
4261 17
4262 17
4263 17
4264 17
4265 17
4266 18
4267 18
4268 18
4269 18
4270 19
4271 17
4272 17
4273 17
4274 17
4275 17
4276 17
4277 17
4278 17
4279 17
4280 17
4281 17
4282 17
4283 18
4284 17
4285 17
4286 17
4287 17
4288 17
4289 17
4290 17
4291 17
4292 17
4293 17
4294 17
4295 17
4296 17
4297 18
4298 17
4299 17
4300 17
4301 17
4302 17
4303 17
4304 17
4305 17
4306 17
4307 17
4308 17
4309 17
4310 17
4311 17
4312 17
4313 17
4314 17
4315 17
4316 30
4317 17
4318 17
4319 17
4320 17
4321 17
4322 17
4323 17
4324 17
4325 17
4326 17
4327 17
4328 17
4329 17
4330 17
4331 17
4332 17
4333 17
4334 19
4335 17
4336 17
4337 17
4338 17
4339 17
4340 17
4341 17
4342 18
4343 18
4344 18
4345 17
4346 18
4347 18
4348 18
4349 18
4350 18
4351 18
4352 17
4353 17
4354 17
4355 18
4356 18
4357 18
4358 18
4359 18
4360 18
4361 18
4362 18
4363 17
4364 18
4365 18
4366 18
4367 18
4368 18
4369 18
4370 18
4371 17
4372 17
4373 17
4374 17
4375 17
4376 18
4377 17
4378 18
4379 18
4380 17
4381 17
4382 17
4383 17
4384 17
4385 17
4386 17
4387 17
4388 17
4389 17
4390 17
4391 17
4392 18
4393 17
4394 17
4395 17
4396 18
4397 18
4398 20
4399 18
4400 17
4401 17
4402 17
4403 17
4404 17
4405 17
4406 17
4407 17
4408 17
4409 17
4410 17
4411 17
4412 17
4413 17
4414 17
4415 17
4416 17
4417 17
4418 17
4419 18
4420 17
4421 17
4422 17
4423 17
4424 18
4425 18
4426 18
4427 18
4428 18
4429 18
4430 18
4431 18
4432 18
4433 18
4434 18
4435 17
4436 17
4437 17
4438 17
4439 17
4440 17
4441 17
4442 17
4443 17
4444 17
4445 17
4446 17
4447 17
4448 17
4449 17
4450 18
4451 18
4452 18
4453 18
4454 18
4455 18
4456 17
4457 17
4458 17
4459 17
4460 17
4461 17
4462 19
4463 18
4464 19
4465 17
4466 18
4467 17
4468 17
4469 17
4470 17
4471 17
4472 17
4473 17
4474 17
4475 16
4476 17
4477 17
4478 17
4479 17
4480 17
4481 17
4482 17
4483 17
4484 17
4485 19
4486 17
4487 17
4488 17
4489 17
4490 17
4491 17
4492 17
4493 17
4494 17
4495 17
4496 17
4497 17
4498 30
4499 18
4500 18
4501 17
4502 17
4503 17
4504 17
4505 17
4506 17
4507 17
4508 17
4509 17
4510 17
4511 18
4512 17
4513 17
4514 17
4515 17
4516 17
4517 17
4518 17
4519 17
4520 17
4521 17
4522 17
4523 17
4524 17
4525 17
4526 18
4527 18
4528 18
4529 17
4530 18
4531 17
4532 17
4533 17
4534 17
4535 17
4536 17
4537 17
4538 17
4539 17
4540 17
4541 17
4542 18
4543 18
4544 18
4545 17
4546 17
4547 17
4548 17
4549 17
4550 17
4551 17
4552 17
4553 17
4554 17
4555 17
4556 17
4557 17
4558 17
4559 17
4560 17
4561 17
4562 17
4563 17
4564 17
4565 17
4566 17
4567 17
4568 17
4569 17
4570 18
4571 18
4572 17
4573 17
4574 18
4575 17
4576 17
4577 17
4578 18
4579 17
4580 17
4581 17
4582 17
4583 17
4584 17
4585 17
4586 17
4587 17
4588 17
4589 17
4590 17
4591 18
4592 17
4593 17
4594 17
4595 17
4596 17
4597 17
4598 17
4599 17
4600 17
4601 17
4602 18
4603 18
4604 17
4605 17
4606 17
4607 17
4608 17
4609 17
4610 17
4611 18
4612 17
4613 17
4614 17
4615 17
4616 17
4617 17
4618 17
4619 17
4620 17
4621 17
4622 18
4623 17
4624 17
4625 17
4626 17
4627 17
4628 17
4629 18
4630 18
4631 17
4632 17
4633 17
4634 17
4635 18
4636 17
4637 17
4638 18
4639 17
4640 17
4641 17
4642 17
4643 17
4644 17
4645 17
4646 17
4647 17
4648 17
4649 17
4650 17
4651 17
4652 17
4653 17
4654 17
4655 17
4656 17
4657 18
4658 18
4659 17
4660 17
4661 17
4662 17
4663 18
4664 18
4665 18
4666 17
4667 17
4668 29
4669 18
4670 22
4671 17
4672 17
4673 17
4674 17
4675 17
4676 17
4677 17
4678 17
4679 17
4680 18
4681 17
4682 17
4683 17
4684 17
4685 17
4686 17
4687 18
4688 17
4689 17
4690 17
4691 17
4692 17
4693 16
4694 17
4695 17
4696 17
4697 18
4698 17
4699 17
4700 17
4701 17
4702 17
4703 17
4704 17
4705 17
4706 17
4707 18
4708 18
4709 17
4710 18
4711 17
4712 18
4713 18
4714 18
4715 17
4716 17
4717 18
4718 18
4719 17
4720 17
4721 17
4722 17
4723 18
4724 17
4725 17
4726 17
4727 17
4728 17
4729 17
4730 17
4731 17
4732 17
4733 17
4734 17
4735 17
4736 17
4737 17
4738 17
4739 17
4740 18
4741 17
4742 17
4743 17
4744 17
4745 18
4746 18
4747 17
4748 17
4749 18
4750 17
4751 17
4752 17
4753 18
4754 18
4755 17
4756 18
4757 18
4758 18
4759 17
4760 17
4761 17
4762 17
4763 18
4764 18
4765 17
4766 17
4767 17
4768 17
4769 17
4770 18
4771 17
4772 17
4773 17
4774 17
4775 17
4776 18
4777 17
4778 18
4779 17
4780 17
4781 17
4782 17
4783 18
4784 18
4785 17
4786 17
4787 17
4788 17
4789 17
4790 17
4791 18
4792 17
4793 17
4794 17
4795 18
4796 18
4797 18
4798 17
4799 17
4800 17
4801 17
4802 17
4803 17
4804 17
4805 17
4806 18
4807 18
4808 17
4809 17
4810 17
4811 17
4812 17
4813 17
4814 17
4815 17
4816 17
4817 17
4818 17
4819 17
4820 17
4821 17
4822 17
4823 17
4824 17
4825 18
4826 17
4827 17
4828 18
4829 18
4830 18
4831 17
4832 17
4833 17
4834 17
4835 17
4836 17
4837 18
4838 17
4839 17
4840 17
4841 17
4842 17
4843 17
4844 18
4845 18
4846 18
4847 18
4848 17
4849 18
4850 18
4851 17
4852 17
4853 17
4854 18
4855 17
4856 17
4857 17
4858 18
4859 17
4860 17
4861 17
4862 17
4863 18
4864 17
4865 17
4866 17
4867 17
4868 17
4869 17
4870 18
4871 18
4872 17
4873 17
4874 18
4875 18
4876 17
4877 17
4878 18
4879 18
4880 17
4881 17
4882 17
4883 17
4884 17
4885 17
4886 17
4887 18
4888 18
4889 18
4890 17
4891 17
4892 17
4893 17
4894 17
4895 17
4896 17
4897 17
4898 17
4899 17
4900 17
4901 17
4902 17
4903 18
4904 17
4905 17
4906 17
4907 17
4908 17
4909 18
4910 17
4911 17
4912 17
4913 17
4914 18
4915 17
4916 17
4917 17
4918 17
4919 16
4920 18
4921 17
4922 17
4923 17
4924 17
4925 17
4926 17
4927 18
4928 17
4929 17
4930 17
4931 17
4932 17
4933 17
4934 18
4935 18
4936 18
4937 18
4938 18
4939 18
4940 17
4941 17
4942 18
4943 17
4944 17
4945 17
4946 17
4947 17
4948 17
4949 17
4950 18
4951 17
4952 17
4953 17
4954 18
4955 17
4956 17
4957 17
4958 18
4959 17
4960 18
4961 17
4962 17
4963 17
4964 17
4965 17
4966 17
4967 17
4968 17
4969 17
4970 18
4971 17
4972 17
4973 17
4974 17
4975 17
4976 17
4977 17
4978 17
4979 17
4980 17
4981 17
4982 17
4983 18
4984 18
4985 17
4986 17
4987 17
4988 17
4989 17
4990 17
4991 17
4992 17
4993 18
4994 17
4995 17
4996 18
4997 17
4998 17
4999 17
5000 17
5001 17
5002 17
5003 17
5004 18
5005 18
5006 18
5007 18
5008 17
5009 17
5010 17
5011 17
5012 17
5013 17
5014 17
5015 17
5016 17
5017 17
5018 17
5019 17
5020 17
5021 18
5022 18
5023 18
5024 17
5025 17
5026 18
5027 17
5028 17
5029 17
5030 18
5031 25
5032 19
5033 18
5034 17
5035 17
5036 17
5037 18
5038 17
5039 17
5040 17
5041 17
5042 18
5043 18
5044 18
5045 17
5046 17
5047 17
5048 17
5049 17
5050 17
5051 17
5052 17
5053 17
5054 17
5055 17
5056 17
5057 17
5058 17
5059 17
5060 17
5061 17
5062 17
5063 17
5064 17
5065 17
5066 17
5067 17
5068 17
5069 17
5070 17
5071 17
5072 17
5073 17
5074 18
5075 17
5076 17
5077 17
5078 17
5079 17
5080 17
5081 17
5082 17
5083 17
5084 18
5085 18
5086 17
5087 17
5088 17
5089 17
5090 17
5091 17
5092 18
5093 17
5094 17
5095 17
5096 17
5097 17
5098 17
5099 17
5100 17
5101 17
5102 17
5103 17
5104 17
5105 17
5106 17
5107 17
5108 18
5109 17
5110 17
5111 17
5112 16
5113 17
5114 17
5115 17
5116 17
5117 18
5118 18
5119 18
5120 18
5121 18
5122 17
5123 18
5124 18
5125 18
5126 18
5127 17
5128 18
5129 17
5130 18
5131 18
5132 17
5133 17
5134 17
5135 17
5136 18
5137 17
5138 17
5139 17
5140 17
5141 17
5142 18
5143 17
5144 17
5145 17
5146 17
5147 17
5148 17
5149 17
5150 18
5151 17
5152 17
5153 17
5154 17
5155 17
5156 17
5157 18
5158 17
5159 17
5160 17
5161 17
5162 17
5163 17
5164 17
5165 18
5166 18
5167 18
5168 17
5169 17
5170 17
5171 17
5172 16
5173 17
5174 17
5175 17
5176 17
5177 18
5178 17
5179 17
5180 18
5181 18
5182 17
5183 17
5184 17
5185 17
5186 17
5187 17
5188 17
5189 17
5190 18
5191 18
5192 18
5193 18
5194 17
5195 17
5196 17
5197 17
5198 17
5199 17
5200 18
5201 17
5202 17
5203 17
5204 17
5205 17
5206 17
5207 17
5208 17
5209 17
5210 17
5211 17
5212 17
5213 26
5214 18
5215 17
5216 17
5217 18
5218 18
5219 18
5220 18
5221 17
5222 18
5223 17
5224 17
5225 17
5226 18
5227 18
5228 17
5229 17
5230 18
5231 17
5232 18
5233 17
5234 17
5235 17
5236 17
5237 17
5238 18
5239 17
5240 17
5241 18
5242 18
5243 17
5244 17
5245 18
5246 18
5247 17
5248 17
5249 17
5250 17
5251 17
5252 17
5253 18
5254 18
5255 18
5256 18
5257 18
5258 17
5259 17
5260 17
5261 17
5262 18
5263 17
5264 17
5265 17
5266 17
5267 17
5268 17
5269 17
5270 17
5271 17
5272 17
5273 17
5274 17
5275 18
5276 17
5277 17
5278 17
5279 17
5280 18
5281 17
5282 17
5283 17
5284 17
5285 17
5286 17
5287 17
5288 17
5289 17
5290 17
5291 17
5292 18
5293 18
5294 18
5295 18
5296 18
5297 18
5298 17
5299 17
5300 17
5301 17
5302 18
5303 18
5304 18
5305 18
5306 17
5307 18
5308 18
5309 17
5310 17
5311 18
5312 17
5313 17
5314 17
5315 17
5316 18
5317 18
5318 17
5319 17
5320 17
5321 17
5322 18
5323 17
5324 18
5325 18
5326 18
5327 17
5328 18
5329 18
5330 17
5331 17
5332 17
5333 17
5334 17
5335 17
5336 17
5337 18
5338 18
5339 17
5340 17
5341 17
5342 17
5343 17
5344 17
5345 17
5346 18
5347 18
5348 17
5349 17
5350 18
5351 18
5352 18
5353 17
5354 17
5355 17
5356 17
5357 17
5358 18
5359 18
5360 17
5361 20
5362 18
5363 17
5364 17
5365 17
5366 18
5367 17
5368 18
5369 17
5370 17
5371 17
5372 17
5373 18
5374 17
5375 17
5376 17
5377 18
5378 18
5379 18
5380 18
5381 18
5382 18
5383 17
5384 17
5385 18
5386 18
5387 17
5388 17
5389 17
5390 17
5391 17
5392 17
5393 27
5394 18
5395 17
5396 17
5397 17
5398 17
5399 18
5400 18
5401 17
5402 17
5403 17
5404 17
5405 17
5406 18
5407 18
5408 18
5409 17
5410 18
5411 18
5412 17
5413 17
5414 17
5415 17
5416 17
5417 18
5418 18
5419 17
5420 17
5421 18
5422 18
5423 18
5424 17
5425 17
5426 18
5427 18
5428 18
5429 17
5430 17
5431 17
5432 17
5433 17
5434 18
5435 18
5436 18
5437 18
5438 17
5439 17
5440 17
5441 17
5442 17
5443 17
5444 17
5445 17
5446 17
5447 18
5448 18
5449 18
5450 18
5451 17
5452 17
5453 17
5454 19
5455 17
5456 17
5457 17
5458 17
5459 16
5460 17
5461 17
5462 17
5463 17
5464 17
5465 17
5466 19
5467 17
5468 16
5469 17
5470 17
5471 17
5472 17
5473 17
5474 17
5475 18
5476 18
5477 17
5478 17
5479 17
5480 17
5481 17
5482 16
5483 17
5484 17
5485 17
5486 17
5487 17
5488 16
5489 17
5490 17
5491 17
5492 17
5493 17
5494 18
5495 17
5496 18
5497 17
5498 17
5499 17
5500 17
5501 17
5502 16
5503 17
5504 16
5505 17
5506 17
5507 17
5508 17
5509 17
5510 17
5511 17
5512 16
5513 17
5514 17
5515 17
5516 17
5517 17
5518 17
5519 17
5520 17
5521 17
5522 17
5523 17
5524 17
5525 17
5526 17
5527 17
5528 17
5529 17
5530 19
5531 17
5532 17
5533 17
5534 18
5535 17
5536 17
5537 17
5538 18
5539 17
5540 17
5541 17
5542 17
5543 17
5544 17
5545 17
5546 17
5547 17
5548 17
5549 17
5550 17
5551 16
5552 17
5553 17
5554 17
5555 16
5556 17
5557 17
5558 17
5559 18
5560 17
5561 17
5562 18
5563 17
5564 17
5565 17
5566 17
5567 17
5568 17
5569 16
5570 17
5571 17
5572 17
5573 17
5574 17
5575 17
5576 18
5577 18
5578 18
5579 18
5580 18
5581 17
5582 17
5583 17
5584 17
5585 17
5586 17
5587 17
5588 17
5589 17
5590 17
5591 17
5592 17
5593 17
5594 21
5595 17
5596 17
5597 17
5598 17
5599 17
5600 17
5601 18
5602 18
5603 17
5604 17
5605 17
5606 17
5607 17
5608 16
5609 17
5610 17
5611 17
5612 17
5613 17
5614 18
5615 17
5616 17
5617 17
5618 17
5619 17
5620 17
5621 17
5622 18
5623 17
5624 17
5625 18
5626 17
5627 17
5628 17
5629 17
5630 17
5631 17
5632 17
5633 17
5634 17
5635 17
5636 17
5637 17
5638 17
5639 17
5640 18
5641 18
5642 18
5643 18
5644 17
5645 17
5646 17
5647 16
5648 17
5649 17
5650 17
5651 17
5652 17
5653 17
5654 16
5655 17
5656 17
5657 17
5658 19
5659 17
5660 17
5661 17
5662 18
5663 18
5664 18
5665 17
5666 17
5667 17
5668 17
5669 17
5670 17
5671 17
5672 17
5673 17
5674 17
5675 16
5676 17
5677 17
5678 17
5679 17
5680 17
5681 17
5682 18
5683 18
5684 17
5685 18
5686 17
5687 17
5688 17
5689 17
5690 16
5691 17
5692 17
5693 17
5694 17
5695 16
5696 17
5697 17
5698 17
5699 17
5700 16
5701 17
5702 17
5703 17
5704 17
5705 17
5706 18
5707 17
5708 17
5709 17
5710 17
5711 16
5712 17
5713 17
5714 17
5715 17
5716 17
5717 17
5718 18
5719 17
5720 17
5721 16
5722 19
5723 17
5724 18
5725 18
5726 17
5727 18
5728 17
5729 17
5730 17
5731 17
5732 17
5733 17
5734 17
5735 16
5736 17
5737 17
5738 17
5739 17
5740 17
5741 16
5742 17
5743 17
5744 16
5745 17
5746 17
5747 17
5748 18
5749 18
5750 17
5751 17
5752 17
5753 17
5754 17
5755 17
5756 17
5757 17
5758 20
5759 17
5760 17
5761 17
5762 17
5763 17
5764 17
5765 17
5766 17
5767 17
5768 17
5769 19
5770 17
5771 18
5772 17
5773 17
5774 17
5775 17
5776 16
5777 17
5778 16
5779 17
5780 17
5781 17
5782 17
5783 17
5784 17
5785 17
5786 18
5787 17
5788 17
5789 17
5790 19
5791 18
5792 17
5793 17
5794 17
5795 16
5796 17
5797 17
5798 17
5799 17
5800 17
5801 17
5802 17
5803 17
5804 17
5805 17
5806 17
5807 17
5808 17
5809 17
5810 17
5811 18
5812 17
5813 17
5814 17
5815 17
5816 17
5817 17
5818 17
5819 17
5820 17
5821 17
5822 17
5823 17
5824 17
5825 17
5826 17
5827 17
5828 17
5829 17
5830 17
5831 17
5832 18
5833 18
5834 18
5835 17
5836 17
5837 16
5838 17
5839 17
5840 17
5841 17
5842 17
5843 17
5844 17
5845 17
5846 17
5847 17
5848 17
5849 17
5850 19
5851 18
5852 17
5853 18
5854 18
5855 17
5856 17
5857 17
5858 17
5859 17
5860 17
5861 17
5862 17
5863 17
5864 17
5865 17
5866 17
5867 17
5868 17
5869 16
5870 17
5871 17
5872 17
5873 17
5874 18
5875 17
5876 17
5877 17
5878 17
5879 17
5880 17
5881 17
5882 17
5883 17
5884 17
5885 16
5886 17
5887 17
5888 17
5889 17
5890 17
5891 17
5892 17
5893 17
5894 17
5895 18
5896 17
5897 17
5898 18
5899 17
5900 17
5901 16
5902 17
5903 17
5904 17
5905 17
5906 17
5907 17
5908 17
5909 17
5910 16
5911 17
5912 17
5913 17
5914 19
5915 17
5916 18
5917 17
5918 17
5919 17
5920 16
5921 17
5922 17
5923 16
5924 17
5925 17
5926 17
5927 17
5928 17
5929 17
5930 17
5931 17
5932 17
5933 17
5934 17
5935 17
5936 17
5937 18
5938 17
5939 17
5940 17
5941 16
5942 26
5943 18
5944 17
5945 17
5946 17
5947 17
5948 17
5949 17
5950 17
5951 17
5952 17
5953 17
5954 17
5955 17
5956 17
5957 17
5958 17
5959 17
5960 17
5961 17
5962 18
5963 17
5964 17
5965 17
5966 17
5967 17
5968 17
5969 17
5970 17
5971 17
5972 17
5973 17
5974 17
5975 18
5976 18
5977 17
5978 18
5979 18
5980 17
5981 17
5982 17
5983 18
5984 17
5985 18
5986 18
5987 17
5988 17
5989 18
5990 18
5991 17
5992 18
5993 17
5994 18
5995 18
5996 17
5997 18
5998 17
5999 17
6000 18
6001 18
6002 17
6003 17
6004 17
6005 17
6006 17
6007 17
6008 17
6009 17
6010 18
6011 17
6012 18
6013 17
6014 17
6015 17
6016 17
6017 16
6018 18
6019 17
6020 18
6021 18
6022 17
6023 17
6024 17
6025 17
6026 17
6027 18
6028 18
6029 17
6030 17
6031 17
6032 18
6033 17
6034 17
6035 18
6036 18
6037 18
6038 17
6039 17
6040 18
6041 17
6042 17
6043 17
6044 17
6045 17
6046 18
6047 17
6048 17
6049 17
6050 17
6051 18
6052 18
6053 18
6054 17
6055 17
6056 18
6057 18
6058 17
6059 17
6060 17
6061 18
6062 17
6063 17
6064 17
6065 18
6066 17
6067 17
6068 17
6069 17
6070 17
6071 17
6072 17
6073 17
6074 17
6075 17
6076 18
6077 18
6078 17
6079 18
6080 18
6081 18
6082 17
6083 17
6084 17
6085 17
6086 17
6087 17
6088 17
6089 18
6090 18
6091 18
6092 18
6093 17
6094 17
6095 17
6096 17
6097 18
6098 18
6099 18
6100 17
6101 17
6102 17
6103 17
6104 18
6105 18
6106 18
6107 17
6108 17
6109 17
6110 17
6111 17
6112 33
6113 17
6114 17
6115 17
6116 17
6117 18
6118 17
6119 17
6120 17
6121 17
6122 17
6123 17
6124 17
6125 17
6126 17
6127 17
6128 17
6129 17
6130 17
6131 17
6132 18
6133 18
6134 17
6135 17
6136 17
6137 17
6138 18
6139 18
6140 18
6141 17
6142 17
6143 17
6144 18
6145 18
6146 17
6147 17
6148 17
6149 17
6150 17
6151 17
6152 17
6153 18
6154 17
6155 17
6156 17
6157 17
6158 17
6159 17
6160 17
6161 17
6162 18
6163 17
6164 17
6165 17
6166 18
6167 17
6168 17
6169 17
6170 17
6171 17
6172 17
6173 18
6174 18
6175 17
6176 18
6177 18
6178 18
6179 17
6180 18
6181 17
6182 17
6183 18
6184 17
6185 17
6186 17
6187 17
6188 17
6189 18
6190 18
6191 17
6192 17
6193 17
6194 17
6195 17
6196 17
6197 17
6198 17
6199 17
6200 17
6201 17
6202 17
6203 17
6204 17
6205 17
6206 17
6207 18
6208 17
6209 17
6210 17
6211 16
6212 17
6213 17
6214 17
6215 18
6216 18
6217 17
6218 17
6219 17
6220 17
6221 18
6222 17
6223 18
6224 18
6225 18
6226 18
6227 17
6228 17
6229 17
6230 17
6231 17
6232 17
6233 17
6234 17
6235 17
6236 17
6237 17
6238 18
6239 18
6240 18
6241 17
6242 17
6243 17
6244 17
6245 17
6246 17
6247 17
6248 17
6249 17
6250 17
6251 17
6252 18
6253 17
6254 17
6255 17
6256 17
6257 17
6258 17
6259 17
6260 17
6261 17
6262 17
6263 17
6264 17
6265 17
6266 17
6267 17
6268 17
6269 17
6270 18
6271 18
6272 17
6273 17
6274 17
6275 17
6276 17
6277 18
6278 18
6279 17
6280 17
6281 17
6282 17
6283 17
6284 17
6285 18
6286 18
6287 18
6288 17
6289 17
6290 17
6291 17
6292 17
6293 21
6294 17
6295 18
6296 17
6297 17
6298 18
6299 17
6300 17
6301 18
6302 17
6303 18
6304 18
6305 18
6306 17
6307 17
6308 17
6309 17
6310 17
6311 17
6312 17
6313 18
6314 18
6315 18
6316 17
6317 17
6318 18
6319 17
6320 17
6321 17
6322 17
6323 17
6324 17
6325 17
6326 17
6327 17
6328 17
6329 17
6330 18
6331 17
6332 17
6333 17
6334 17
6335 17
6336 17
6337 17
6338 17
6339 17
6340 18
6341 17
6342 17
6343 18
6344 17
6345 17
6346 17
6347 17
6348 17
6349 17
6350 17
6351 17
6352 18
6353 18
6354 18
6355 18
6356 17
6357 17
6358 17
6359 17
6360 17
6361 17
6362 18
6363 18
6364 17
6365 20
6366 17
6367 17
6368 17
6369 17
6370 18
6371 18
6372 17
6373 17
6374 18
6375 18
6376 18
6377 17
6378 18
6379 18
6380 17
6381 18
6382 17
6383 17
6384 17
6385 17
6386 17
6387 17
6388 17
6389 17
6390 17
6391 17
6392 17
6393 17
6394 18
6395 18
6396 18
6397 17
6398 17
6399 17
6400 17
6401 17
6402 17
6403 17
6404 17
6405 18
6406 17
6407 17
6408 17
6409 17
6410 17
6411 17
6412 17
6413 17
6414 18
6415 17
6416 17
6417 17
6418 17
6419 17
6420 17
6421 17
6422 18
6423 17
6424 18
6425 17
6426 17
6427 17
6428 17
6429 17
6430 17
6431 17
6432 17
6433 17
6434 17
6435 17
6436 17
6437 17
6438 17
6439 17
6440 17
6441 17
6442 18
6443 18
6444 18
6445 17
6446 17
6447 17
6448 17
6449 17
6450 17
6451 17
6452 17
6453 17
6454 18
6455 18
6456 18
6457 17
6458 17
6459 17
6460 17
6461 17
6462 18
6463 18
6464 17
6465 17
6466 17
6467 17
6468 17
6469 17
6470 17
6471 17
6472 18
6473 18
6474 21
6475 17
6476 17
6477 17
6478 17
6479 18
6480 17
6481 17
6482 17
6483 17
6484 17
6485 17
6486 17
6487 17
6488 17
6489 17
6490 18
6491 17
6492 17
6493 18
6494 17
6495 17
6496 18
6497 18
6498 17
6499 17
6500 17
6501 17
6502 17
6503 17
6504 17
6505 17
6506 17
6507 17
6508 17
6509 17
6510 17
6511 17
6512 17
6513 17
6514 17
6515 17
6516 18
6517 18
6518 18
6519 17
6520 17
6521 17
6522 17
6523 17
6524 17
6525 17
6526 17
6527 17
6528 17
6529 17
6530 17
6531 17
6532 17
6533 18
6534 17
6535 17
6536 17
6537 17
6538 17
6539 17
6540 17
6541 17
6542 17
6543 17
6544 17
6545 17
6546 17
6547 17
6548 17
6549 17
6550 17
6551 17
6552 18
6553 17
6554 17
6555 17
6556 17
6557 17
6558 17
6559 17
6560 17
6561 18
6562 18
6563 18
6564 18
6565 18
6566 17
6567 17
6568 18
6569 18
6570 18
6571 17
6572 17
6573 17
6574 17
6575 18
6576 18
6577 18
6578 18
6579 17
6580 17
6581 17
6582 17
6583 17
6584 17
6585 17
6586 17
6587 17
6588 17
6589 18
6590 18
6591 18
6592 17
6593 17
6594 17
6595 17
6596 16
6597 17
6598 18
6599 18
6600 18
6601 17
6602 17
6603 18
6604 17
6605 18
6606 18
6607 17
6608 17
6609 17
6610 16
6611 17
6612 17
6613 17
6614 18
6615 18
6616 17
6617 18
6618 17
6619 17
6620 17
6621 17
6622 17
6623 17
6624 17
6625 17
6626 17
6627 17
6628 17
6629 17
6630 18
6631 18
6632 17
6633 18
6634 17
6635 17
6636 17
6637 17
6638 18
6639 18
6640 17
6641 17
6642 17
6643 17
6644 17
6645 17
6646 17
6647 17
6648 17
6649 17
6650 17
6651 17
6652 17
6653 17
6654 17
6655 17
6656 17
6657 19
6658 17
6659 18
6660 18
6661 17
6662 18
6663 17
6664 18
6665 17
6666 17
6667 17
6668 17
6669 17
6670 18
6671 17
6672 17
6673 17
6674 18
6675 17
6676 17
6677 17
6678 17
6679 17
6680 18
6681 17
6682 17
6683 17
6684 17
6685 17
6686 18
6687 17
6688 17
6689 17
6690 17
6691 17
6692 17
6693 17
6694 17
6695 17
6696 18
6697 17
6698 17
6699 17
6700 17
6701 17
6702 17
6703 18
6704 17
6705 17
6706 18
6707 17
6708 17
6709 17
6710 17
6711 17
6712 17
6713 17
6714 17
6715 17
6716 17
6717 17
6718 17
6719 17
6720 17
6721 17
6722 17
6723 17
6724 17
6725 17
6726 17
6727 17
6728 18
6729 18
6730 18
6731 18
6732 17
6733 17
6734 17
6735 17
6736 17
6737 18
6738 18
6739 17
6740 17
6741 17
6742 17
6743 17
6744 17
6745 17
6746 17
6747 18
6748 17
6749 17
6750 17
6751 17
6752 17
6753 17
6754 18
6755 18
6756 18
6757 18
6758 17
6759 17
6760 17
6761 17
6762 16
6763 17
6764 17
6765 18
6766 17
6767 17
6768 17
6769 17
6770 18
6771 18
6772 17
6773 17
6774 17
6775 17
6776 17
6777 17
6778 17
6779 17
6780 17
6781 17
6782 17
6783 17
6784 17
6785 17
6786 17
6787 17
6788 17
6789 17
6790 17
6791 17
6792 17
6793 17
6794 17
6795 17
6796 17
6797 17
6798 17
6799 18
6800 17
6801 17
6802 17
6803 18
6804 17
6805 17
6806 17
6807 18
6808 18
6809 17
6810 17
6811 17
6812 17
6813 17
6814 17
6815 17
6816 17
6817 16
6818 17
6819 17
6820 17
6821 17
6822 17
6823 17
6824 17
6825 17
6826 17
6827 18
6828 17
6829 18
6830 17
6831 17
6832 17
6833 18
6834 18
6835 17
6836 17
6837 17
6838 20
6839 17
6840 17
6841 17
6842 18
6843 17
6844 17
6845 17
6846 17
6847 17
6848 17
6849 17
6850 17
6851 17
6852 17
6853 18
6854 18
6855 17
6856 17
6857 17
6858 17
6859 17
6860 17
6861 17
6862 17
6863 17
6864 17
6865 17
6866 18
6867 18
6868 18
6869 17
6870 18
6871 18
6872 17
6873 17
6874 17
6875 18
6876 18
6877 17
6878 18
6879 18
6880 17
6881 18
6882 17
6883 18
6884 18
6885 18
6886 18
6887 18
6888 18
6889 18
6890 18
6891 17
6892 17
6893 18
6894 17
6895 17
6896 17
6897 17
6898 18
6899 17
6900 17
6901 17
6902 17
6903 17
6904 17
6905 17
6906 17
6907 17
6908 20
6909 17
6910 17
6911 17
6912 17
6913 17
6914 17
6915 17
6916 17
6917 17
6918 17
6919 17
6920 17
6921 17
6922 17
6923 17
6924 17
6925 17
6926 17
6927 17
6928 17
6929 17
6930 17
6931 17
6932 17
6933 17
6934 18
6935 17
6936 17
6937 18
6938 17
6939 18
6940 22
6941 18
6942 18
6943 18
6944 17
6945 18
6946 17
6947 17
6948 18
6949 17
6950 17
6951 18
6952 18
6953 18
6954 18
6955 18
6956 18
6957 17
6958 17
6959 17
6960 17
6961 17
6962 17
6963 17
6964 17
6965 17
6966 17
6967 17
6968 17
6969 17
6970 17
6971 17
6972 19
6973 17
6974 17
6975 17
6976 17
6977 17
6978 17
6979 17
6980 17
6981 17
6982 18
6983 18
6984 17
6985 17
6986 17
6987 18
6988 18
6989 18
6990 18
6991 17
6992 17
6993 18
6994 17
6995 17
6996 17
6997 18
6998 18
6999 17
7000 17
7001 17
7002 17
7003 17
7004 17
7005 17
7006 17
7007 17
7008 17
7009 17
7010 18
7011 18
7012 18
7013 18
7014 18
7015 18
7016 18
7017 17
7018 18
7019 25
7020 18
7021 18
7022 17
7023 17
7024 17
7025 17
7026 17
7027 17
7028 17
7029 17
7030 17
7031 17
7032 17
7033 18
7034 18
7035 18
7036 20
7037 18
7038 18
7039 18
7040 17
7041 17
7042 17
7043 17
7044 17
7045 17
7046 17
7047 17
7048 18
7049 17
7050 17
7051 17
7052 17
7053 17
7054 17
7055 17
7056 17
7057 17
7058 17
7059 17
7060 17
7061 17
7062 17
7063 18
7064 18
7065 17
7066 18
7067 17
7068 17
7069 17
7070 18
7071 17
7072 18
7073 18
7074 18
7075 17
7076 18
7077 17
7078 17
7079 17
7080 18
7081 18
7082 18
7083 17
7084 17
7085 17
7086 17
7087 17
7088 17
7089 17
7090 17
7091 17
7092 18
7093 17
7094 17
7095 17
7096 17
7097 17
7098 17
7099 17
7100 19
7101 18
7102 17
7103 18
7104 17
7105 17
7106 17
7107 17
7108 17
7109 18
7110 17
7111 18
7112 18
7113 17
7114 17
7115 17
7116 17
7117 17
7118 17
7119 17
7120 17
7121 17
7122 17
7123 17
7124 17
7125 17
7126 17
7127 17
7128 17
7129 18
7130 18
7131 17
7132 18
7133 18
7134 18
7135 17
7136 18
7137 17
7138 17
7139 18
7140 17
7141 17
7142 17
7143 17
7144 17
7145 17
7146 17
7147 17
7148 17
7149 16
7150 17
7151 18
7152 17
7153 17
7154 17
7155 17
7156 18
7157 18
7158 18
7159 18
7160 18
7161 18
7162 17
7163 17
7164 19
7165 18
7166 17
7167 17
7168 17
7169 17
7170 18
7171 18
7172 17
7173 17
7174 17
7175 18
7176 18
7177 18
7178 18
7179 18
7180 17
7181 18
7182 18
7183 18
7184 18
7185 17
7186 17
7187 17
7188 18
7189 18
7190 18
7191 17
7192 17
7193 18
7194 18
7195 18
7196 18
7197 18
7198 17
7199 17
7200 17
7201 19
7202 18
7203 17
7204 17
7205 17
7206 18
7207 18
7208 17
7209 17
7210 18
7211 18
7212 18
7213 18
7214 18
7215 17
7216 17
7217 17
7218 17
7219 17
7220 17
7221 17
7222 17
7223 17
7224 17
7225 17
7226 17
7227 17
7228 19
7229 17
7230 17
7231 17
7232 17
7233 17
7234 17
7235 17
7236 18
7237 18
7238 18
7239 17
7240 18
7241 18
7242 17
7243 17
7244 17
7245 18
7246 18
7247 18
7248 18
7249 18
7250 18
7251 18
7252 17
7253 18
7254 18
7255 18
7256 17
7257 17
7258 17
7259 17
7260 18
7261 18
7262 17
7263 17
7264 17
7265 17
7266 17
7267 17
7268 17
7269 17
7270 17
7271 17
7272 17
7273 17
7274 17
7275 17
7276 17
7277 17
7278 17
7279 17
7280 17
7281 17
7282 17
7283 17
7284 17
7285 17
7286 17
7287 17
7288 18
7289 17
7290 18
7291 18
7292 20
7293 17
7294 18
7295 18
7296 17
7297 17
7298 17
7299 17
7300 17
7301 17
7302 17
7303 17
7304 17
7305 17
7306 17
7307 18
7308 17
7309 18
7310 17
7311 17
7312 17
7313 18
7314 18
7315 18
7316 17
7317 17
7318 17
7319 17
7320 17
7321 17
7322 17
7323 18
7324 18
7325 18
7326 18
7327 18
7328 18
7329 18
7330 18
7331 17
7332 17
7333 17
7334 17
7335 17
7336 17
7337 17
7338 18
7339 18
7340 18
7341 17
7342 17
7343 17
7344 17
7345 17
7346 17
7347 17
7348 18
7349 18
7350 18
7351 18
7352 17
7353 17
7354 17
7355 17
7356 19
7357 17
7358 17
7359 17
7360 17
7361 17
7362 17
7363 17
7364 18
7365 18
7366 18
7367 18
7368 18
7369 18
7370 18
7371 18
7372 18
7373 18
7374 18
7375 18
7376 18
7377 17
7378 17
7379 17
7380 17
7381 267
7382 18
7383 17
7384 17
7385 17
7386 17
7387 18
7388 17
7389 17
7390 17
7391 17
7392 17
7393 17
7394 17
7395 17
7396 17
7397 17
7398 17
7399 17
7400 17
7401 17
7402 17
7403 17
7404 17
7405 17
7406 17
7407 17
7408 18
7409 18
7410 17
7411 17
7412 17
7413 17
7414 17
7415 17
7416 17
7417 17
7418 17
7419 17
7420 18
7421 18
7422 18
7423 17
7424 17
7425 17
7426 17
7427 18
7428 18
7429 17
7430 17
7431 18
7432 18
7433 17
7434 18
7435 17
7436 17
7437 17
7438 17
7439 17
7440 17
7441 17
7442 17
7443 17
7444 17
7445 17
7446 17
7447 17
7448 17
7449 17
7450 17
7451 17
7452 17
7453 18
7454 18
7455 18
7456 17
7457 17
7458 17
7459 17
7460 17
7461 17
7462 17
7463 17
7464 18
7465 18
7466 17
7467 17
7468 17
7469 17
7470 17
7471 17
7472 17
7473 17
7474 17
7475 17
7476 17
7477 17
7478 17
7479 17
7480 17
7481 17
7482 18
7483 17
7484 17
7485 17
7486 17
7487 17
7488 17
7489 17
7490 17
7491 17
7492 16
7493 17
7494 18
7495 18
7496 17
7497 17
7498 17
7499 17
7500 17
7501 17
7502 17
7503 17
7504 17
7505 17
7506 17
7507 17
7508 17
7509 17
7510 17
7511 17
7512 16
7513 17
7514 17
7515 17
7516 17
7517 18
7518 17
7519 17
7520 16
7521 17
7522 17
7523 17
7524 17
7525 17
7526 17
7527 17
7528 17
7529 18
7530 17
7531 17
7532 17
7533 17
7534 17
7535 17
7536 17
7537 17
7538 17
7539 17
7540 17
7541 17
7542 18
7543 17
7544 17
7545 17
7546 17
7547 17
7548 17
7549 17
7550 17
7551 17
7552 28
7553 18
7554 18
7555 18
7556 17
7557 17
7558 17
7559 17
7560 17
7561 17
7562 17
7563 17
7564 17
7565 17
7566 17
7567 17
7568 17
7569 18
7570 17
7571 18
7572 17
7573 17
7574 17
7575 17
7576 17
7577 17
7578 17
7579 17
7580 17
7581 17
7582 17
7583 17
7584 17
7585 17
7586 17
7587 17
7588 17
7589 17
7590 17
7591 17
7592 17
7593 17
7594 17
7595 17
7596 17
7597 17
7598 17
7599 17
7600 17
7601 18
7602 18
7603 17
7604 17
7605 17
7606 17
7607 16
7608 17
7609 17
7610 17
7611 17
7612 17
7613 17
7614 17
7615 17
7616 17
7617 17
7618 17
7619 17
7620 17
7621 18
7622 17
7623 17
7624 17
7625 17
7626 18
7627 18
7628 18
7629 17
7630 17
7631 18
7632 17
7633 17
7634 17
7635 17
7636 17
7637 17
7638 17
7639 17
7640 17
7641 17
7642 17
7643 17
7644 18
7645 18
7646 18
7647 17
7648 17
7649 17
7650 17
7651 17
7652 18
7653 17
7654 17
7655 17
7656 17
7657 17
7658 18
7659 17
7660 17
7661 17
7662 18
7663 17
7664 17
7665 17
7666 17
7667 17
7668 17
7669 17
7670 17
7671 18
7672 18
7673 18
7674 17
7675 18
7676 17
7677 17
7678 17
7679 18
7680 17
7681 17
7682 17
7683 17
7684 17
7685 17
7686 17
7687 17
7688 17
7689 17
7690 18
7691 18
7692 18
7693 17
7694 17
7695 17
7696 17
7697 16
7698 17
7699 17
7700 17
7701 17
7702 17
7703 17
7704 17
7705 17
7706 18
7707 18
7708 17
7709 17
7710 17
7711 17
7712 18
7713 17
7714 17
7715 18
7716 18
7717 17
7718 17
7719 17
7720 17
7721 18
7722 18
7723 18
7724 18
7725 17
7726 17
7727 17
7728 17
7729 17
7730 17
7731 17
7732 17
7733 18
7734 30
7735 17
7736 17
7737 17
7738 17
7739 18
7740 18
7741 17
7742 17
7743 17
7744 17
7745 17
7746 17
7747 17
7748 17
7749 17
7750 17
7751 17
7752 17
7753 17
7754 17
7755 17
7756 17
7757 17
7758 16
7759 18
7760 17
7761 17
7762 17
7763 17
7764 17
7765 17
7766 17
7767 17
7768 18
7769 18
7770 18
7771 18
7772 17
7773 18
7774 17
7775 17
7776 17
7777 17
7778 17
7779 17
7780 17
7781 17
7782 18
7783 18
7784 18
7785 18
7786 17
7787 17
7788 17
7789 17
7790 18
7791 17
7792 17
7793 17
7794 17
7795 18
7796 17
7797 18
7798 18
7799 17
7800 17
7801 17
7802 17
7803 18
7804 18
7805 17
7806 17
7807 17
7808 17
7809 17
7810 18
7811 18
7812 18
7813 17
7814 18
7815 17
7816 17
7817 18
7818 17
7819 17
7820 17
7821 18
7822 18
7823 17
7824 17
7825 17
7826 18
7827 17
7828 17
7829 17
7830 17
7831 17
7832 17
7833 17
7834 17
7835 17
7836 17
7837 17
7838 17
7839 17
7840 17
7841 17
7842 17
7843 17
7844 17
7845 17
7846 17
7847 17
7848 18
7849 17
7850 17
7851 17
7852 18
7853 17
7854 17
7855 17
7856 17
7857 17
7858 17
7859 17
7860 17
7861 18
7862 17
7863 17
7864 17
7865 18
7866 18
7867 18
7868 18
7869 17
7870 17
7871 17
7872 17
7873 17
7874 17
7875 17
7876 17
7877 17
7878 18
7879 18
7880 18
7881 18
7882 17
7883 17
7884 17
7885 17
7886 17
7887 17
7888 18
7889 17
7890 17
7891 17
7892 18
7893 18
7894 18
7895 17
7896 18
7897 18
7898 18
7899 18
7900 17
7901 17
7902 17
7903 18
7904 17
7905 17
7906 17
7907 17
7908 17
7909 17
7910 17
7911 18
7912 18
7913 17
7914 17
7915 17
7916 26
7917 17
7918 17
7919 17
7920 18
7921 17
7922 17
7923 17
7924 17
7925 17
7926 18
7927 18
7928 18
7929 17
7930 17
7931 18
7932 18
7933 18
7934 17
7935 17
7936 17
7937 17
7938 18
7939 17
7940 17
7941 17
7942 17
7943 17
7944 17
7945 17
7946 17
7947 17
7948 17
7949 17
7950 17
7951 17
7952 17
7953 17
7954 17
7955 18
7956 18
7957 17
7958 17
7959 17
7960 17
7961 17
7962 17
7963 17
7964 17
7965 17
7966 18
7967 17
7968 17
7969 17
7970 17
7971 17
7972 17
7973 17
7974 17
7975 18
7976 17
7977 17
7978 17
7979 17
7980 17
7981 17
7982 17
7983 17
7984 17
7985 18
7986 17
7987 17
7988 16
7989 17
7990 17
7991 17
7992 17
7993 17
7994 17
7995 17
7996 16
7997 17
7998 17
7999 17
8000 17
8001 17
8002 17
8003 17
8004 17
8005 17
8006 17
8007 17
8008 17
8009 17
8010 17
8011 17
8012 17
8013 18
8014 18
8015 17
8016 18
8017 18
8018 17
8019 17
8020 17
8021 17
8022 17
8023 17
8024 18
8025 17
8026 17
8027 17
8028 17
8029 17
8030 17
8031 17
8032 17
8033 17
8034 17
8035 17
8036 18
8037 17
8038 17
8039 17
8040 17
8041 17
8042 17
8043 17
8044 17
8045 17
8046 17
8047 17
8048 17
8049 17
8050 18
8051 18
8052 18
8053 17
8054 17
8055 17
8056 17
8057 18
8058 18
8059 17
8060 17
8061 17
8062 18
8063 18
8064 18
8065 18
8066 18
8067 18
8068 17
8069 18
8070 18
8071 17
8072 18
8073 18
8074 18
8075 17
8076 17
8077 18
8078 18
8079 17
8080 17
8081 17
8082 17
8083 17
8084 17
8085 17
8086 17
8087 17
8088 17
8089 17
8090 18
8091 18
8092 18
8093 18
8094 18
8095 17
8096 17
8097 17
8098 65
8099 17
8100 18
8101 18
8102 17
8103 17
8104 18
8105 17
8106 18
8107 18
8108 18
8109 17
8110 17
8111 17
8112 17
8113 18
8114 17
8115 17
8116 17
8117 17
8118 17
8119 17
8120 18
8121 17
8122 18
8123 18
8124 18
8125 18
8126 18
8127 17
8128 17
8129 17
8130 17
8131 17
8132 18
8133 17
8134 17
8135 17
8136 17
8137 17
8138 17
8139 17
8140 17
8141 17
8142 17
8143 17
8144 17
8145 17
8146 17
8147 17
8148 17
8149 17
8150 17
8151 17
8152 17
8153 17
8154 17
8155 17
8156 17
8157 18
8158 18
8159 17
8160 18
8161 18
8162 18
8163 17
8164 17
8165 18
8166 18
8167 18
8168 18
8169 17
8170 17
8171 18
8172 18
8173 17
8174 17
8175 18
8176 18
8177 18
8178 18
8179 17
8180 18
8181 18
8182 17
8183 17
8184 17
8185 17
8186 17
8187 17
8188 17
8189 17
8190 17
8191 17
8192 17
8193 17
8194 17
8195 17
8196 17
8197 17
8198 17
8199 17
8200 18
8201 17
8202 17
8203 17
8204 17
8205 17
8206 17
8207 17
8208 18
8209 18
8210 17
8211 17
8212 17
8213 17
8214 17
8215 17
8216 17
8217 18
8218 18
8219 17
8220 18
8221 18
8222 17
8223 17
8224 17
8225 18
8226 18
8227 18
8228 18
8229 17
8230 17
8231 17
8232 17
8233 17
8234 17
8235 17
8236 17
8237 17
8238 17
8239 17
8240 17
8241 17
8242 18
8243 18
8244 18
8245 17
8246 17
8247 17
8248 18
8249 18
8250 18
8251 17
8252 17
8253 17
8254 17
8255 17
8256 17
8257 17
8258 17
8259 17
8260 17
8261 17
8262 17
8263 17
8264 17
8265 18
8266 18
8267 18
8268 18
8269 18
8270 18
8271 17
8272 17
8273 17
8274 18
8275 18
8276 18
8277 65
8278 19
8279 17
8280 17
8281 17
8282 17
8283 17
8284 17
8285 18
8286 18
8287 18
8288 18
8289 17
8290 17
8291 17
8292 17
8293 17
8294 17
8295 17
8296 17
8297 17
8298 17
8299 18
8300 18
8301 18
8302 17
8303 17
8304 17
8305 18
8306 17
8307 17
8308 17
8309 17
8310 17
8311 17
8312 17
8313 18
8314 17
8315 17
8316 17
8317 17
8318 17
8319 17
8320 17
8321 17
8322 17
8323 17
8324 18
8325 17
8326 17
8327 17
8328 18
8329 18
8330 18
8331 17
8332 17
8333 18
8334 17
8335 17
8336 18
8337 17
8338 18
8339 18
8340 18
8341 18
8342 17
8343 17
8344 17
8345 17
8346 18
8347 18
8348 17
8349 17
8350 17
8351 17
8352 17
8353 17
8354 17
8355 17
8356 17
8357 17
8358 17
8359 17
8360 17
8361 17
8362 17
8363 17
8364 17
8365 17
8366 17
8367 17
8368 17
8369 17
8370 17
8371 17
8372 17
8373 17
8374 17
8375 17
8376 17
8377 17
8378 17
8379 17
8380 17
8381 18
8382 18
8383 18
8384 18
8385 18
8386 18
8387 18
8388 18
8389 18
8390 18
8391 18
8392 17
8393 17
8394 17
8395 17
8396 17
8397 17
8398 17
8399 17
8400 17
8401 17
8402 17
8403 19
8404 17
8405 17
8406 17
8407 17
8408 17
8409 17
8410 17
8411 17
8412 17
8413 17
8414 17
8415 17
8416 18
8417 17
8418 17
8419 17
8420 17
8421 17
8422 18
8423 17
8424 18
8425 17
8426 17
8427 17
8428 17
8429 17
8430 17
8431 17
8432 17
8433 17
8434 17
8435 17
8436 17
8437 17
8438 17
8439 17
8440 17
8441 17
8442 17
8443 17
8444 17
8445 18
8446 17
8447 17
8448 17
8449 17
8450 16
8451 17
8452 17
8453 17
8454 17
8455 17
8456 17
8457 28
8458 17
8459 17
8460 17
8461 17
8462 17
8463 17
8464 17
8465 17
8466 18
8467 17
8468 17
8469 17
8470 17
8471 17
8472 17
8473 17
8474 17
8475 17
8476 17
8477 17
8478 17
8479 17
8480 18
8481 17
8482 17
8483 17
8484 17
8485 17
8486 17
8487 17
8488 17
8489 17
8490 17
8491 17
8492 17
8493 17
8494 17
8495 17
8496 17
8497 17
8498 17
8499 17
8500 17
8501 16
8502 17
8503 16
8504 17
8505 17
8506 17
8507 17
8508 18
8509 17
8510 17
8511 16
8512 17
8513 16
8514 17
8515 16
8516 17
8517 16
8518 17
8519 17
8520 17
8521 17
8522 17
8523 17
8524 17
8525 17
8526 17
8527 17
8528 18
8529 18
8530 17
8531 17
8532 17
8533 17
8534 17
8535 17
8536 17
8537 17
8538 17
8539 17
8540 17
8541 18
8542 17
8543 17
8544 18
8545 17
8546 17
8547 17
8548 17
8549 17
8550 18
8551 17
8552 17
8553 17
8554 17
8555 17
8556 16
8557 17
8558 16
8559 17
8560 17
8561 17
8562 17
8563 17
8564 17
8565 17
8566 17
8567 17
8568 17
8569 17
8570 17
8571 18
8572 17
8573 17
8574 17
8575 17
8576 17
8577 17
8578 17
8579 17
8580 16
8581 17
8582 16
8583 17
8584 17
8585 17
8586 17
8587 17
8588 17
8589 18
8590 17
8591 17
8592 18
8593 17
8594 18
8595 17
8596 17
8597 17
8598 17
8599 17
8600 17
8601 17
8602 17
8603 17
8604 17
8605 17
8606 17
8607 16
8608 19
8609 17
8610 17
8611 17
8612 17
8613 18
8614 17
8615 17
8616 16
8617 17
8618 17
8619 17
8620 17
8621 17
8622 17
8623 17
8624 17
8625 16
8626 17
8627 17
8628 17
8629 17
8630 17
8631 17
8632 17
8633 17
8634 19
8635 17
8636 17
8637 17
8638 17
8639 17
8640 17
8641 21
8642 17
8643 17
8644 17
8645 17
8646 17
8647 17
8648 17
8649 16
8650 17
8651 16
8652 17
8653 17
8654 17
8655 18
8656 17
8657 17
8658 17
8659 17
8660 17
8661 17
8662 17
8663 17
8664 16
8665 17
8666 17
8667 17
8668 17
8669 17
8670 17
8671 17
8672 19
8673 17
8674 17
8675 17
8676 18
8677 17
8678 17
8679 17
8680 17
8681 17
8682 17
8683 17
8684 17
8685 17
8686 17
8687 17
8688 17
8689 17
8690 17
8691 17
8692 17
8693 17
8694 17
8695 17
8696 17
8697 18
8698 17
8699 17
8700 17
8701 17
8702 17
8703 17
8704 17
8705 17
8706 17
8707 17
8708 17
8709 17
8710 16
8711 17
8712 17
8713 17
8714 17
8715 17
8716 17
8717 17
8718 18
8719 17
8720 17
8721 17
8722 16
8723 17
8724 16
8725 17
8726 16
8727 17
8728 17
8729 17
8730 17
8731 17
8732 17
8733 17
8734 17
8735 17
8736 19
8737 18
8738 17
8739 18
8740 17
8741 17
8742 17
8743 16
8744 17
8745 17
8746 17
8747 17
8748 17
8749 17
8750 17
8751 17
8752 17
8753 17
8754 17
8755 17
8756 17
8757 18
8758 18
8759 17
8760 18
8761 17
8762 17
8763 17
8764 17
8765 17
8766 17
8767 17
8768 17
8769 17
8770 17
8771 17
8772 17
8773 17
8774 17
8775 17
8776 17
8777 16
8778 17
8779 18
8780 18
8781 17
8782 18
8783 17
8784 17
8785 17
8786 17
8787 17
8788 17
8789 17
8790 17
8791 17
8792 17
8793 17
8794 17
8795 17
8796 17
8797 17
8798 17
8799 17
8800 19
8801 17
8802 18
8803 18
8804 17
8805 17
8806 17
8807 17
8808 17
8809 18
8810 17
8811 17
8812 17
8813 17
8814 17
8815 17
8816 17
8817 17
8818 17
8819 17
8820 17
8821 17
8822 17
8823 17
8824 18
8825 290
8826 17
8827 17
8828 17
8829 17
8830 17
8831 17
8832 17
8833 17
8834 17
8835 18
8836 17
8837 17
8838 17
8839 17
8840 17
8841 17
8842 17
8843 17
8844 17
8845 17
8846 17
8847 17
8848 18
8849 17
8850 17
8851 17
8852 17
8853 17
8854 17
8855 17
8856 16
8857 17
8858 63
8859 26
8860 22
8861 23
8862 22
8863 24
8864 23
8865 23
8866 22
8867 23
8868 24
8869 21
8870 22
8871 22
8872 24
8873 23
8874 23
8875 22
8876 22
8877 23
8878 22
8879 23
8880 22
8881 22
8882 22
8883 22
8884 23
8885 22
8886 24
8887 22
8888 22
8889 22
8890 23
8891 23
8892 19
8893 17
8894 18
8895 18
8896 18
8897 19
8898 18
8899 18
8900 18
8901 18
8902 17
8903 18
8904 18
8905 18
8906 18
8907 18
8908 19
8909 18
8910 18
8911 18
8912 18
8913 19
8914 18
8915 17
8916 17
8917 18
8918 18
8919 18
8920 20
8921 17
8922 17
8923 17
8924 19
8925 18
8926 18
8927 18
8928 18
8929 18
8930 18
8931 18
8932 17
8933 17
8934 18
8935 18
8936 18
8937 18
8938 17
8939 17
8940 27
8941 19
8942 18
8943 17
8944 18
8945 18
8946 17
8947 18
8948 18
8949 17
8950 19
8951 17
8952 17
8953 17
8954 17
8955 17
8956 17
8957 20
8958 18
8959 17
8960 17
8961 18
8962 18
8963 18
8964 19
8965 17
8966 17
8967 17
8968 17
8969 18
8970 18
8971 18
8972 17
8973 17
8974 17
8975 17
8976 18
8977 18
8978 17
8979 18
8980 20
8981 18
8982 18
8983 17
8984 28
8985 19
8986 18
8987 18
8988 17
8989 17
8990 17
8991 18
8992 17
8993 17
8994 17
8995 17
8996 17
8997 18
8998 18
8999 17
9000 18
9001 19
9002 17
9003 18
9004 18
9005 17
9006 17
9007 17
9008 18
9009 18
9010 20
9011 17
9012 19
9013 18
9014 18
9015 18
9016 18
9017 18
9018 17
9019 18
9020 18
9021 18
9022 16
9023 18
9024 18
9025 17
9026 18
9027 18
9028 27
9029 19
9030 18
9031 17
9032 18
9033 19
9034 19
9035 18
9036 18
9037 17
9038 18
9039 18
9040 19
9041 18
9042 20
9043 17
9044 27
9045 18
9046 17
9047 18
9048 18
9049 18
9050 18
9051 18
9052 18
9053 18
9054 17
9055 17
9056 18
9057 18
9058 17
9059 17
9060 17
9061 18
9062 18
9063 17
9064 17
9065 17
9066 18
9067 18
9068 17
9069 19
9070 19
9071 17
9072 19
9073 17
9074 17
9075 17
9076 17
9077 17
9078 28
9079 18
9080 17
9081 17
9082 17
9083 18
9084 19
9085 18
9086 18
9087 17
9088 19
9089 17
9090 17
9091 17
9092 17
9093 17
9094 18
9095 18
9096 17
9097 17
9098 17
9099 17
9100 18
9101 18
9102 17
9103 18
9104 20
9105 19
9106 18
9107 18
9108 18
9109 18
9110 18
9111 19
9112 17
9113 17
9114 17
9115 17
9116 17
9117 17
9118 17
9119 17
9120 18
9121 18
9122 18
9123 18
9124 17
9125 17
9126 17
9127 17
9128 17
9129 18
9130 17
9131 18
9132 19
9133 19
9134 17
9135 17
9136 17
9137 17
9138 18
9139 17
9140 17
9141 17
9142 17
9143 17
9144 17
9145 18
9146 18
9147 18
9148 17
9149 22
9150 17
9151 27
9152 18
9153 17
9154 18
9155 19
9156 18
9157 23
9158 18
9159 18
9160 18
9161 17
9162 19
9163 18
9164 17
9165 17
9166 19
9167 18
9168 18
9169 17
9170 17
9171 18
9172 18
9173 18
9174 18
9175 18
9176 18
9177 18
9178 18
9179 17
9180 17
9181 17
9182 17
9183 18
9184 17
9185 17
9186 17
9187 18
9188 19
9189 18
9190 19
9191 17
9192 17
9193 19
9194 17
9195 17
9196 17
9197 17
9198 17
9199 17
9200 17
9201 17
9202 17
9203 17
9204 17
9205 17
9206 19
9207 17
9208 17
9209 17
9210 18
9211 18
9212 18
9213 18
9214 17
9215 17
9216 18
9217 18
9218 18
9219 18
9220 18
9221 18
9222 19
9223 20
9224 19
9225 18
9226 17
9227 18
9228 17
9229 17
9230 17
9231 18
9232 18
9233 17
9234 17
9235 17
9236 17
9237 17
9238 17
9239 19
9240 18
9241 19
9242 17
9243 18
9244 17
9245 17
9246 17
9247 17
9248 18
9249 18
9250 18
9251 18
9252 19
9253 17
9254 17
9255 18
9256 18
9257 19
9258 19
9259 18
9260 18
9261 17
9262 17
9263 17
9264 17
9265 17
9266 17
9267 17
9268 18
9269 18
9270 17
9271 17
9272 17
9273 17
9274 18
9275 18
9276 18
9277 18
9278 17
9279 18
9280 19
9281 19
9282 20
9283 17
9284 17
9285 17
9286 17
9287 17
9288 18
9289 18
9290 18
9291 19
9292 17
9293 18
9294 18
9295 17
9296 17
9297 17
9298 17
9299 17
9300 18
9301 18
9302 18
9303 17
9304 17
9305 17
9306 18
9307 19
9308 17
9309 17
9310 19
9311 17
9312 17
9313 18
9314 18
9315 17
9316 18
9317 17
9318 17
9319 17
9320 17
9321 17
9322 17
9323 18
9324 17
9325 18
9326 18
9327 17
9328 17
9329 17
9330 17
9331 18
9332 17
9333 17
9334 18
9335 18
9336 44
9337 18
9338 19
9339 19
9340 17
9341 17
9342 17
9343 18
9344 18
9345 18
9346 17
9347 17
9348 17
9349 17
9350 17
9351 17
9352 17
9353 18
9354 17
9355 18
9356 18
9357 18
9358 18
9359 18
9360 17
9361 17
9362 17
9363 18
9364 17
9365 17
9366 20
9367 38
9368 19
9369 17
9370 25
9371 19
9372 18
9373 19
9374 18
9375 18
9376 18
9377 17
9378 17
9379 17
9380 17
9381 18
9382 18
9383 18
9384 17
9385 18
9386 18
9387 17
9388 18
9389 17
9390 18
9391 17
9392 18
9393 17
9394 18
9395 18
9396 17
9397 20
9398 18
9399 18
9400 17
9401 17
9402 18
9403 27
9404 19
9405 18
9406 18
9407 17
9408 19
9409 17
9410 17
9411 17
9412 17
9413 17
9414 18
9415 18
9416 18
9417 18
9418 18
9419 17
9420 18
9421 18
9422 18
9423 18
9424 18
9425 20
9426 17
9427 17
9428 20
9429 17
9430 17
9431 18
9432 18
9433 17
9434 17
9435 18
9436 17
9437 17
9438 17
9439 18
9440 17
9441 17
9442 19
9443 17
9444 17
9445 17
9446 17
9447 17
9448 19
9449 17
9450 18
9451 18
9452 18
9453 18
9454 17
9455 17
9456 18
9457 17
9458 20
9459 19
9460 17
9461 17
9462 17
9463 17
9464 27
9465 19
9466 18
9467 17
9468 17
9469 17
9470 17
9471 17
9472 17
9473 17
9474 17
9475 18
9476 18
9477 17
9478 17
9479 17
9480 17
9481 19
9482 18
9483 18
9484 17
9485 18
9486 18
9487 18
9488 19
9489 18
9490 18
9491 18
9492 18
9493 20
9494 18
9495 18
9496 18
9497 19
9498 20
9499 18
9500 17
9501 18
9502 18
9503 18
9504 17
9505 17
9506 17
9507 17
9508 28
9509 19
9510 24
9511 20
9512 18
9513 18
9514 18
9515 17
9516 18
9517 18
9518 20
9519 18
9520 18
9521 17
9522 18
9523 18
9524 17
9525 17
9526 17
9527 18
9528 20
9529 18
9530 18
9531 17
9532 18
9533 18
9534 18
9535 18
9536 19
9537 17
9538 17
9539 17
9540 17
9541 18
9542 19
9543 18
9544 18
9545 18
9546 20
9547 18
9548 18
9549 19
9550 17
9551 18
9552 18
9553 17
9554 18
9555 17
9556 18
9557 18
9558 18
9559 18
9560 17
9561 18
9562 20
9563 18
9564 28
9565 18
9566 18
9567 17
9568 18
9569 18
9570 18
9571 17
9572 18
9573 17
9574 17
9575 17
9576 17
9577 17
9578 18
9579 21
9580 19
9581 19
9582 17
9583 17
9584 28
9585 19
9586 18
9587 17
9588 18
9589 18
9590 17
9591 18
9592 18
9593 17
9594 18
9595 18
9596 18
9597 18
9598 19
9599 18
9600 19
9601 19
9602 17
9603 17
9604 18
9605 17
9606 17
9607 17
9608 17
9609 17
9610 19
9611 19
9612 17
9613 17
9614 18
9615 19
9616 17
9617 27
9618 18
9619 17
9620 17
9621 17
9622 19
9623 17
9624 17
9625 17
9626 17
9627 18
9628 17
9629 18
9630 17
9631 18
9632 17
9633 20
9634 17
9635 17
9636 17
9637 17
9638 17
9639 17
9640 19
9641 17
9642 17
9643 17
9644 18
9645 18
9646 19
9647 18
9648 17
9649 18
9650 18
9651 18
9652 18
9653 17
9654 18
9655 19
9656 17
9657 17
9658 17
9659 18
9660 17
9661 17
9662 18
9663 18
9664 18
9665 18
9666 19
9667 18
9668 18
9669 17
9670 19
9671 17
9672 17
9673 18
9674 18
9675 18
9676 19
9677 18
9678 18
9679 17
9680 17
9681 17
9682 17
9683 19
9684 17
9685 18
9686 23
9687 21
9688 19
9689 28
9690 19
9691 17
9692 18
9693 17
9694 17
9695 17
9696 17
9697 18
9698 19
9699 18
9700 20
9701 19
9702 19
9703 18
9704 17
9705 17
9706 17
9707 17
9708 17
9709 19
9710 17
9711 17
9712 17
9713 17
9714 18
9715 17
9716 17
9717 17
9718 18
9719 18
9720 19
9721 17
9722 17
9723 17
9724 18
9725 18
9726 19
9727 17
9728 18
9729 18
9730 20
9731 18
9732 18
9733 18
9734 18
9735 18
9736 17
9737 17
9738 18
9739 19
9740 17
9741 18
9742 18
9743 17
9744 17
9745 17
9746 18
9747 17
9748 18
9749 17
9750 18
9751 18
9752 19
9753 17
9754 17
9755 17
9756 18
9757 17
9758 18
9759 18
9760 20
9761 18
9762 17
9763 19
9764 18
9765 17
9766 18
9767 19
9768 18
9769 17
9770 19
9771 17
9772 17
9773 17
9774 19
9775 17
9776 17
9777 17
9778 19
9779 18
9780 18
9781 18
9782 18
9783 17
9784 18
9785 19
9786 18
9787 18
9788 18
9789 17
9790 20
9791 17
9792 17
9793 17
9794 29
9795 19
9796 20
9797 17
9798 17
9799 17
9800 17
9801 17
9802 17
9803 18
9804 19
9805 17
9806 17
9807 18
9808 18
9809 18
9810 17
9811 19
9812 18
9813 18
9814 18
9815 17
9816 17
9817 18
9818 20
9819 18
9820 21
9821 20
9822 19
9823 17
9824 17
9825 17
9826 17
9827 17
9828 18
9829 19
9830 17
9831 17
9832 17
9833 17
9834 17
9835 17
9836 17
9837 18
9838 28
9839 20
9840 19
9841 22
9842 18
9843 17
9844 18
9845 19
9846 17
9847 17
9848 18
9849 18
9850 20
9851 17
9852 17
9853 17
9854 17
9855 21
9856 19
9857 17
9858 17
9859 17
9860 17
9861 19
9862 34
9863 17
9864 17
9865 17
9866 17
9867 17
9868 17
9869 17
9870 17
9871 17
9872 20
9873 17
9874 17
9875 17
9876 18
9877 18
9878 18
9879 17
9880 19
9881 17
9882 18
9883 18
9884 17
9885 17
9886 17
9887 17
9888 17
9889 18
9890 17
9891 17
9892 17
9893 19
9894 18
9895 17
9896 17
9897 17
9898 17
9899 17
9900 17
9901 18
9902 17
9903 17
9904 18
9905 19
9906 18
9907 19
9908 18
9909 17
9910 20
9911 17
9912 17
9913 17
9914 17
9915 19
9916 18
9917 17
9918 17
9919 19
9920 17
9921 17
9922 17
9923 19
9924 18
9925 17
9926 18
9927 18
9928 18
9929 18
9930 17
9931 17
9932 18
9933 17
9934 17
9935 17
9936 17
9937 18
9938 18
9939 18
9940 19
9941 18
9942 17
9943 17
9944 17
9945 17
9946 17
9947 17
9948 19
9949 18
9950 17
9951 17
9952 17
9953 17
9954 17
9955 18
9956 18
9957 18
9958 19
9959 18
9960 17
9961 17
9962 17
9963 17
9964 18
9965 18
9966 17
9967 17
9968 17
9969 17
9970 17
9971 17
9972 17
9973 18
9974 21
9975 18
9976 18
9977 17
9978 17
9979 17
9980 17
9981 17
9982 17
9983 19
9984 17
9985 18
9986 18
9987 17
9988 18
9989 17
9990 17
9991 17
9992 17
9993 18
9994 18
9995 19
9996 18
9997 18
9998 17
9999 17
