0 421
1 24
2 20
3 19
4 19
5 18
6 17
7 18
8 19
9 19
10 18
11 18
12 19
13 19
14 18
15 19
16 18
17 18
18 18
19 19
20 18
21 18
22 17
23 17
24 17
25 17
26 18
27 18
28 18
29 18
30 19
31 18
32 18
33 19
34 17
35 18
36 17
37 18
38 17
39 18
40 18
41 18
42 20
43 18
44 18
45 18
46 18
47 19
48 18
49 17
50 17
51 18
52 17
53 17
54 18
55 18
56 19
57 17
58 17
59 18
60 17
61 17
62 18
63 20
64 18
65 18
66 18
67 17
68 18
69 18
70 19
71 21
72 19
73 19
74 22
75 26
76 20
77 20
78 19
79 20
80 18
81 18
82 18
83 17
84 19
85 20
86 20
87 19
88 20
89 19
90 19
91 20
92 18
93 18
94 17
95 19
96 18
97 20
98 22
99 22
100 18
101 18
102 19
103 19
104 20
105 18
106 19
107 18
108 19
109 19
110 49
111 24
112 19
113 18
114 20
115 23
116 20
117 18
118 19
119 18
120 20
121 19
122 20
123 19
124 18
125 23
126 23
127 20
128 18
129 20
130 20
131 18
132 20
133 19
134 19
135 19
136 19
137 18
138 18
139 18
140 18
141 19
142 17
143 17
144 17
145 18
146 17
147 17
148 18
149 17
150 17
151 17
152 17
153 18
154 18
155 17
156 17
157 18
158 17
159 17
160 17
161 17
162 19
163 17
164 18
165 18
166 17
167 18
168 17
169 17
170 17
171 17
172 17
173 18
174 18
175 18
176 17
177 17
178 18
179 18
180 17
181 18
182 18
183 18
184 17
185 17
186 17
187 17
188 17
189 17
190 19
191 16
192 18
193 18
194 17
195 17
196 18
197 18
198 17
199 17
200 17
201 18
202 17
203 18
204 18
205 17
206 17
207 17
208 17
209 17
210 17
211 17
212 17
213 17
214 17
215 17
216 18
217 18
218 18
219 18
220 18
221 18
222 18
223 17
224 17
225 17
226 17
227 17
228 17
229 17
230 20
231 17
232 17
233 17
234 18
235 18
236 18
237 18
238 18
239 18
240 18
241 18
242 18
243 18
244 18
245 18
246 18
247 18
248 18
249 17
250 17
251 18
252 17
253 18
254 18
255 17
256 17
257 18
258 19
259 18
260 18
261 17
262 17
263 18
264 18
265 18
266 18
267 18
268 19
269 18
270 18
271 17
272 18
273 18
274 18
275 17
276 17
277 18
278 18
279 17
280 17
281 18
282 18
283 18
284 18
285 19
286 18
287 18
288 18
289 17
290 17
291 17
292 18
293 17
294 18
295 17
296 19
297 18
298 18
299 18
300 18
301 17
302 18
303 17
304 17
305 17
306 17
307 17
308 17
309 17
310 18
311 18
312 18
313 17
314 18
315 19
316 18
317 18
318 17
319 17
320 17
321 17
322 17
323 17
324 18
325 18
326 18
327 18
328 17
329 17
330 18
331 19
332 30
333 19
334 17
335 19
336 18
337 18
338 18
339 18
340 17
341 17
342 17
343 18
344 17
345 17
346 17
347 18
348 18
349 17
350 18
351 18
352 17
353 17
354 17
355 17
356 17
357 19
358 17
359 18
360 18
361 17
362 17
363 18
364 18
365 19
366 18
367 17
368 17
369 17
370 18
371 18
372 18
373 17
374 17
375 17
376 18
377 17
378 18
379 18
380 17
381 18
382 19
383 18
384 17
385 18
386 18
387 17
388 18
389 17
390 17
391 17
392 19
393 18
394 18
395 17
396 18
397 17
398 19
399 17
400 17
401 17
402 18
403 18
404 18
405 17
406 17
407 17
408 17
409 17
410 18
411 18
412 17
413 17
414 17
415 17
416 18
417 17
418 17
419 18
420 18
421 17
422 17
423 17
424 20
425 19
426 18
427 18
428 18
429 18
430 18
431 18
432 18
433 17
434 18
435 19
436 17
437 18
438 18
439 18
440 17
441 17
442 17
443 17
444 17
445 17
446 17
447 17
448 17
449 17
450 17
451 17
452 19
453 17
454 18
455 18
456 17
457 18
458 18
459 18
460 18
461 17
462 17
463 18
464 17
465 18
466 18
467 18
468 18
469 19
470 18
471 18
472 18
473 18
474 18
475 17
476 18
477 17
478 17
479 18
480 19
481 17
482 18
483 17
484 18
485 18
486 20
487 17
488 18
489 17
490 17
491 17
492 17
493 17
494 17
495 17
496 18
497 18
498 19
499 18
500 17
501 18
502 17
503 17
504 17
505 17
506 17
507 17
508 17
509 17
510 22
511 18
512 18
513 18
514 18
515 18
516 17
517 17
518 17
519 18
520 18
521 18
522 17
523 18
524 18
525 17
526 17
527 18
528 18
529 18
530 17
531 17
532 17
533 18
534 18
535 17
536 17
537 17
538 17
539 17
540 17
541 17
542 18
543 17
544 17
545 17
546 17
547 17
548 18
549 18
550 18
551 17
552 17
553 18
554 17
555 17
556 17
557 17
558 19
559 18
560 17
561 18
562 18
563 19
564 18
565 17
566 17
567 18
568 17
569 18
570 18
571 17
572 17
573 18
574 17
575 18
576 17
577 17
578 18
579 18
580 18
581 17
582 18
583 18
584 18
585 18
586 18
587 19
588 18
589 17
590 17
591 17
592 17
593 17
594 18
595 18
596 17
597 18
598 17
599 18
600 17
601 17
602 17
603 17
604 17
605 18
606 17
607 17
608 17
609 18
610 19
611 18
612 18
613 17
614 18
615 17
616 18
617 17
618 18
619 18
620 17
621 18
622 17
623 18
624 17
625 17
626 17
627 18
628 18
629 17
630 18
631 18
632 17
633 18
634 18
635 18
636 17
637 18
638 19
639 18
640 17
641 18
642 17
643 18
644 18
645 17
646 18
647 18
648 18
649 18
650 18
651 17
652 17
653 19
654 17
655 18
656 17
657 18
658 17
659 17
660 18
661 18
662 18
663 17
664 18
665 18
666 17
667 18
668 18
669 17
670 18
671 18
672 17
673 17
674 17
675 17
676 18
677 18
678 17
679 18
680 18
681 17
682 18
683 18
684 18
685 17
686 17
687 19
688 17
689 29
690 17
691 17
692 17
693 17
694 20
695 17
696 17
697 18
698 18
699 18
700 17
701 17
702 18
703 19
704 18
705 17
706 17
707 17
708 17
709 18
710 17
711 17
712 17
713 18
714 18
715 18
716 18
717 17
718 17
719 17
720 19
721 17
722 17
723 17
724 17
725 18
726 17
727 17
728 17
729 18
730 18
731 18
732 18
733 18
734 18
735 18
736 17
737 18
738 17
739 18
740 18
741 18
742 18
743 17
744 17
745 18
746 18
747 17
748 17
749 18
750 18
751 17
752 17
753 17
754 18
755 18
756 17
757 17
758 19
759 19
760 18
761 17
762 17
763 17
764 17
765 18
766 18
767 17
768 18
769 18
770 17
771 17
772 18
773 17
774 17
775 31
776 19
777 18
778 17
779 17
780 17
781 18
782 18
783 18
784 17
785 17
786 17
787 17
788 18
789 18
790 17
791 17
792 17
793 17
794 18
795 17
796 18
797 18
798 19
799 18
800 17
801 17
802 17
803 17
804 17
805 17
806 17
807 17
808 17
809 18
810 17
811 17
812 17
813 17
814 17
815 17
816 18
817 17
818 18
819 17
820 19
821 17
822 20
823 17
824 17
825 18
826 17
827 17
828 17
829 17
830 18
831 19
832 17
833 17
834 17
835 18
836 17
837 17
838 17
839 17
840 18
841 18
842 18
843 18
844 17
845 17
846 17
847 17
848 19
849 17
850 17
851 17
852 18
853 17
854 17
855 17
856 18
857 17
858 17
859 18
860 17
861 17
862 17
863 18
864 17
865 18
866 17
867 28
868 18
869 17
870 21
871 17
872 17
873 18
874 18
875 19
876 17
877 18
878 17
879 18
880 18
881 17
882 17
883 18
884 18
885 17
886 20
887 18
888 17
889 17
890 18
891 18
892 19
893 17
894 18
895 17
896 18
897 18
898 18
899 18
900 17
901 17
902 18
903 18
904 17
905 17
906 17
907 18
908 17
909 17
910 18
911 18
912 17
913 18
914 18
915 17
916 18
917 17
918 17
919 18
920 18
921 17
922 18
923 17
924 17
925 17
926 18
927 18
928 18
929 17
930 18
931 18
932 18
933 17
934 18
935 18
936 27
937 20
938 18
939 18
940 18
941 17
942 17
943 17
944 18
945 18
946 17
947 17
948 17
949 18
950 20
951 18
952 17
953 18
954 18
955 17
956 18
957 17
958 17
959 17
960 17
961 17
962 17
963 18
964 18
965 18
966 17
967 18
968 18
969 17
970 18
971 17
972 17
973 17
974 18
975 18
976 19
977 18
978 18
979 18
980 18
981 17
982 19
983 17
984 17
985 18
986 17
987 18
988 19
989 18
990 17
991 17
992 17
993 17
994 17
995 18
996 18
997 17
998 17
999 17
1000 17
1001 17
1002 17
1003 18
1004 17
1005 18
1006 18
1007 17
1008 18
1009 18
1010 16
1011 17
1012 17
1013 17
1014 19
1015 17
1016 17
1017 17
1018 17
1019 17
1020 17
1021 17
1022 17
1023 18
1024 18
1025 20
1026 18
1027 20
1028 17
1029 18
1030 18
1031 18
1032 18
1033 18
1034 17
1035 17
1036 18
1037 19
1038 18
1039 17
1040 18
1041 18
1042 18
1043 17
1044 17
1045 23
1046 17
1047 17
1048 18
1049 18
1050 17
1051 18
1052 18
1053 18
1054 17
1055 17
1056 18
1057 18
1058 18
1059 19
1060 17
1061 18
1062 17
1063 18
1064 18
1065 18
1066 18
1067 17
1068 18
1069 18
1070 19
1071 17
1072 19
1073 17
1074 18
1075 19
1076 17
1077 17
1078 20
1079 17
1080 18
1081 18
1082 17
1083 17
1084 18
1085 17
1086 17
1087 17
1088 17
1089 18
1090 18
1091 18
1092 20
1093 18
1094 18
1095 17
1096 18
1097 17
1098 18
1099 17
1100 17
1101 17
1102 17
1103 18
1104 18
1105 18
1106 18
1107 18
1108 18
1109 20
1110 18
1111 18
1112 18
1113 19
1114 18
1115 18
1116 17
1117 18
1118 18
1119 18
1120 17
1121 17
1122 18
1123 17
1124 17
1125 17
1126 17
1127 17
1128 18
1129 18
1130 18
1131 17
1132 18
1133 18
1134 18
1135 18
1136 17
1137 18
1138 19
1139 17
1140 18
1141 17
1142 20
1143 18
1144 18
1145 17
1146 17
1147 17
1148 17
1149 18
1150 18
1151 18
1152 17
1153 19
1154 19
1155 18
1156 17
1157 18
1158 17
1159 17
1160 17
1161 18
1162 18
1163 18
1164 17
1165 17
1166 17
1167 18
1168 17
1169 18
1170 20
1171 18
1172 18
1173 17
1174 17
1175 17
1176 17
1177 17
1178 17
1179 17
1180 17
1181 17
1182 17
1183 18
1184 17
1185 17
1186 27
1187 19
1188 18
1189 17
1190 18
1191 17
1192 18
1193 17
1194 17
1195 18
1196 17
1197 17
1198 18
1199 18
1200 18
1201 17
1202 17
1203 19
1204 18
1205 18
1206 20
1207 17
1208 17
1209 17
1210 17
1211 17
1212 17
1213 17
1214 18
1215 18
1216 18
1217 17
1218 17
1219 17
1220 18
1221 17
1222 24
1223 18
1224 17
1225 18
1226 18
1227 18
1228 18
1229 17
1230 17
1231 17
1232 18
1233 18
1234 17
1235 17
1236 19
1237 19
1238 17
1239 17
1240 18
1241 18
1242 18
1243 18
1244 18
1245 18
1246 17
1247 17
1248 18
1249 18
1250 18
1251 18
1252 17
1253 21
1254 19
1255 17
1256 17
1257 18
1258 19
1259 17
1260 17
1261 18
1262 19
1263 18
1264 17
1265 17
1266 18
1267 18
1268 18
1269 18
1270 20
1271 18
1272 18
1273 17
1274 18
1275 18
1276 17
1277 17
1278 18
1279 18
1280 18
1281 17
1282 17
1283 18
1284 18
1285 22
1286 18
1287 19
1288 18
1289 17
1290 17
1291 18
1292 18
1293 17
1294 17
1295 18
1296 18
1297 18
1298 20
1299 17
1300 17
1301 19
1302 17
1303 18
1304 18
1305 17
1306 18
1307 17
1308 17
1309 17
1310 17
1311 17
1312 18
1313 18
1314 17
1315 17
1316 18
1317 17
1318 18
1319 19
1320 18
1321 17
1322 18
1323 18
1324 18
1325 19
1326 18
1327 17
1328 17
1329 18
1330 18
1331 17
1332 17
1333 18
1334 20
1335 18
1336 18
1337 18
1338 17
1339 17
1340 18
1341 18
1342 18
1343 18
1344 17
1345 18
1346 18
1347 17
1348 17
1349 17
1350 17
1351 17
1352 18
1353 17
1354 18
1355 18
1356 18
1357 17
1358 19
1359 18
1360 17
1361 17
1362 17
1363 17
1364 17
1365 17
1366 17
1367 17
1368 17
1369 18
1370 18
1371 18
1372 18
1373 17
1374 17
1375 17
1376 17
1377 18
1378 18
1379 18
1380 18
1381 18
1382 17
1383 18
1384 17
1385 18
1386 19
1387 17
1388 18
1389 17
1390 18
1391 17
1392 17
1393 18
1394 18
1395 17
1396 17
1397 17
1398 22
1399 374
1400 28
1401 18
1402 18
1403 19
1404 18
1405 17
1406 18
1407 19
1408 18
1409 18
1410 17
1411 17
1412 17
1413 17
1414 17
1415 18
1416 18
1417 19
1418 18
1419 19
1420 18
1421 18
1422 18
1423 18
1424 17
1425 17
1426 17
1427 18
1428 18
1429 18
1430 18
1431 18
1432 17
1433 18
1434 18
1435 17
1436 20
1437 17
1438 18
1439 17
1440 17
1441 17
1442 17
1443 18
1444 17
1445 18
1446 18
1447 18
1448 18
1449 18
1450 18
1451 17
1452 17
1453 19
1454 17
1455 18
1456 18
1457 17
1458 18
1459 18
1460 17
1461 17
1462 17
1463 18
1464 19
1465 18
1466 17
1467 17
1468 17
1469 17
1470 17
1471 18
1472 17
1473 17
1474 17
1475 17
1476 17
1477 17
1478 18
1479 17
1480 17
1481 17
1482 18
1483 20
1484 17
1485 18
1486 21
1487 19
1488 18
1489 19
1490 18
1491 18
1492 17
1493 17
1494 18
1495 17
1496 17
1497 18
1498 17
1499 18
1500 18
1501 17
1502 17
1503 18
1504 17
1505 18
1506 18
1507 18
1508 18
1509 17
1510 18
1511 18
1512 18
1513 18
1514 19
1515 18
1516 18
1517 18
1518 17
1519 18
1520 17
1521 17
1522 18
1523 18
1524 18
1525 17
1526 18
1527 18
1528 17
1529 17
1530 18
1531 18
1532 19
1533 18
1534 17
1535 17
1536 18
1537 17
1538 18
1539 18
1540 18
1541 17
1542 18
1543 18
1544 17
1545 18
1546 18
1547 18
1548 19
1549 18
1550 17
1551 18
1552 18
1553 17
1554 18
1555 18
1556 18
1557 19
1558 17
1559 18
1560 17
1561 18
1562 18
1563 20
1564 18
1565 18
1566 18
1567 19
1568 18
1569 17
1570 18
1571 18
1572 18
1573 18
1574 20
1575 18
1576 18
1577 17
1578 19
1579 17
1580 17
1581 18
1582 18
1583 17
1584 17
1585 18
1586 17
1587 17
1588 17
1589 18
1590 17
1591 19
1592 18
1593 17
1594 17
1595 18
1596 19
1597 17
1598 18
1599 17
1600 17
1601 17
1602 19
1603 18
1604 18
1605 18
1606 18
1607 18
1608 17
1609 18
1610 17
1611 17
1612 18
1613 17
1614 17
1615 17
1616 18
1617 18
1618 17
1619 19
1620 18
1621 17
1622 17
1623 18
1624 18
1625 17
1626 17
1627 18
1628 17
1629 18
1630 18
1631 17
1632 18
1633 17
1634 18
1635 19
1636 18
1637 17
1638 18
1639 17
1640 18
1641 17
1642 18
1643 17
1644 17
1645 18
1646 19
1647 17
1648 18
1649 18
1650 17
1651 17
1652 18
1653 18
1654 17
1655 18
1656 18
1657 17
1658 18
1659 18
1660 18
1661 17
1662 17
1663 19
1664 18
1665 17
1666 18
1667 17
1668 18
1669 17
1670 18
1671 18
1672 17
1673 18
1674 17
1675 17
1676 18
1677 18
1678 18
1679 18
1680 18
1681 17
1682 19
1683 17
1684 17
1685 20
1686 19
1687 17
1688 18
1689 17
1690 18
1691 17
1692 18
1693 17
1694 17
1695 17
1696 18
1697 18
1698 17
1699 17
1700 18
1701 17
1702 17
1703 17
1704 17
1705 19
1706 18
1707 17
1708 18
1709 19
1710 18
1711 17
1712 17
1713 18
1714 17
1715 18
1716 17
1717 17
1718 18
1719 19
1720 18
1721 18
1722 17
1723 19
1724 18
1725 17
1726 18
1727 18
1728 18
1729 19
1730 19
1731 18
1732 18
1733 17
1734 17
1735 18
1736 18
1737 17
1738 18
1739 17
1740 17
1741 17
1742 18
1743 18
1744 18
1745 17
1746 18
1747 17
1748 18
1749 17
1750 18
1751 19
1752 18
1753 18
1754 17
1755 18
1756 18
1757 18
1758 17
1759 17
1760 18
1761 18
1762 17
1763 19
1764 17
1765 17
1766 18
1767 18
1768 17
1769 18
1770 19
1771 18
1772 18
1773 17
1774 18
1775 18
1776 17
1777 18
1778 17
1779 19
1780 18
1781 17
1782 18
1783 18
1784 18
1785 18
1786 17
1787 19
1788 18
1789 18
1790 19
1791 17
1792 18
1793 17
1794 18
1795 18
1796 19
1797 18
1798 18
1799 17
1800 18
1801 17
1802 18
1803 18
1804 18
1805 17
1806 17
1807 19
1808 18
1809 17
1810 17
1811 18
1812 17
1813 17
1814 18
1815 18
1816 18
1817 18
1818 18
1819 17
1820 18
1821 17
1822 16
1823 17
1824 18
1825 17
1826 18
1827 17
1828 18
1829 18
1830 19
1831 17
1832 19
1833 18
1834 17
1835 17
1836 17
1837 17
1838 17
1839 17
1840 17
1841 19
1842 18
1843 17
1844 18
1845 17
1846 17
1847 17
1848 17
1849 18
1850 17
1851 18
1852 18
1853 18
1854 18
1855 18
1856 18
1857 17
1858 17
1859 17
1860 17
1861 17
1862 18
1863 19
1864 18
1865 18
1866 18
1867 17
1868 18
1869 18
1870 18
1871 18
1872 18
1873 17
1874 18
1875 18
1876 18
1877 18
1878 17
1879 18
1880 17
1881 18
1882 18
1883 18
1884 17
1885 18
1886 17
1887 19
1888 17
1889 17
1890 18
1891 18
1892 18
1893 18
1894 18
1895 17
1896 19
1897 18
1898 18
1899 17
1900 17
1901 18
1902 19
1903 18
1904 18
1905 18
1906 17
1907 18
1908 18
1909 17
1910 18
1911 17
1912 18
1913 18
1914 18
1915 32
1916 18
1917 17
1918 17
1919 18
1920 17
1921 18
1922 18
1923 18
1924 18
1925 17
1926 18
1927 18
1928 19
1929 20
1930 19
1931 18
1932 18
1933 17
1934 18
1935 18
1936 18
1937 17
1938 18
1939 18
1940 18
1941 18
1942 17
1943 17
1944 18
1945 18
1946 18
1947 17
1948 17
1949 19
1950 37
1951 19
1952 19
1953 18
1954 18
1955 18
1956 17
1957 17
1958 18
1959 18
1960 18
1961 18
1962 17
1963 17
1964 17
1965 17
1966 18
1967 19
1968 18
1969 18
1970 17
1971 20
1972 18
1973 19
1974 18
1975 17
1976 17
1977 18
1978 17
1979 17
1980 17
1981 18
1982 18
1983 18
1984 18
1985 18
1986 18
1987 18
1988 20
1989 18
1990 17
1991 18
1992 18
1993 18
1994 18
1995 18
1996 17
1997 18
1998 17
1999 18
2000 19
2001 18
2002 18
2003 19
2004 17
2005 20
2006 18
2007 17
2008 17
2009 18
2010 17
2011 18
2012 17
2013 18
2014 18
2015 18
2016 18
2017 17
2018 18
2019 18
2020 17
2021 18
2022 19
2023 17
2024 21
2025 18
2026 18
2027 17
2028 17
2029 18
2030 18
2031 17
2032 18
2033 18
2034 17
2035 18
2036 17
2037 18
2038 18
2039 19
2040 18
2041 18
2042 17
2043 18
2044 18
2045 17
2046 18
2047 17
2048 18
2049 17
2050 17
2051 18
2052 17
2053 17
2054 18
2055 18
2056 18
2057 18
2058 18
2059 17
2060 17
2061 18
2062 17
2063 18
2064 17
2065 17
2066 18
2067 18
2068 17
2069 18
2070 17
2071 18
2072 17
2073 17
2074 18
2075 18
2076 18
2077 17
2078 18
2079 18
2080 17
2081 18
2082 17
2083 18
2084 21
2085 19
2086 17
2087 17
2088 20
2089 18
2090 25
2091 18
2092 17
2093 18
2094 18
2095 17
2096 18
2097 18
2098 29
2099 19
2100 17
2101 18
2102 18
2103 17
2104 18
2105 18
2106 17
2107 19
2108 17
2109 17
2110 18
2111 17
2112 18
2113 18
2114 17
2115 18
2116 18
2117 18
2118 17
2119 18
2120 17
2121 18
2122 18
2123 17
2124 17
2125 17
2126 18
2127 18
2128 17
2129 18
2130 18
2131 17
2132 17
2133 18
2134 17
2135 18
2136 19
2137 17
2138 17
2139 17
2140 21
2141 21
2142 20
2143 20
2144 20
2145 18
2146 18
2147 17
2148 18
2149 18
2150 17
2151 17
2152 20
2153 17
2154 18
2155 17
2156 17
2157 18
2158 17
2159 18
2160 17
2161 18
2162 17
2163 17
2164 18
2165 17
2166 18
2167 17
2168 18
2169 18
2170 17
2171 18
2172 18
2173 17
2174 17
2175 18
2176 18
2177 17
2178 18
2179 17
2180 17
2181 17
2182 18
2183 18
2184 17
2185 18
2186 18
2187 17
2188 17
2189 17
2190 18
2191 18
2192 17
2193 18
2194 18
2195 17
2196 18
2197 18
2198 18
2199 17
2200 17
2201 17
2202 17
2203 18
2204 17
2205 17
2206 17
2207 18
2208 17
2209 18
2210 18
2211 18
2212 18
2213 17
2214 17
2215 18
2216 20
2217 17
2218 18
2219 17
2220 17
2221 17
2222 18
2223 18
2224 17
2225 17
2226 18
2227 18
2228 18
2229 17
2230 18
2231 18
2232 17
2233 17
2234 18
2235 17
2236 17
2237 18
2238 18
2239 17
2240 18
2241 17
2242 17
2243 18
2244 18
2245 17
2246 17
2247 17
2248 18
2249 17
2250 18
2251 18
2252 17
2253 17
2254 18
2255 20
2256 17
2257 18
2258 18
2259 18
2260 17
2261 18
2262 17
2263 17
2264 18
2265 19
2266 17
2267 27
2268 18
2269 17
2270 19
2271 17
2272 18
2273 17
2274 17
2275 19
2276 17
2277 18
2278 17
2279 18
2280 20
2281 17
2282 17
2283 18
2284 17
2285 17
2286 20
2287 19
2288 18
2289 17
2290 18
2291 17
2292 18
2293 17
2294 17
2295 18
2296 18
2297 18
2298 17
2299 17
2300 18
2301 18
2302 17
2303 19
2304 17
2305 19
2306 17
2307 18
2308 17
2309 18
2310 17
2311 18
2312 17
2313 17
2314 17
2315 18
2316 18
2317 18
2318 18
2319 19
2320 18
2321 18
2322 17
2323 18
2324 18
2325 18
2326 18
2327 17
2328 18
2329 18
2330 18
2331 18
2332 17
2333 17
2334 17
2335 18
2336 19
2337 17
2338 18
2339 18
2340 18
2341 18
2342 18
2343 18
2344 19
2345 17
2346 18
2347 18
2348 17
2349 17
2350 17
2351 18
2352 17
2353 18
2354 19
2355 18
2356 17
2357 18
2358 17
2359 19
2360 18
2361 18
2362 18
2363 18
2364 18
2365 17
2366 18
2367 17
2368 18
2369 18
2370 18
2371 18
2372 17
2373 17
2374 17
2375 17
2376 18
2377 18
2378 18
2379 17
2380 17
2381 17
2382 17
2383 17
2384 17
2385 17
2386 18
2387 18
2388 18
2389 18
2390 17
2391 17
2392 18
2393 17
2394 17
2395 17
2396 18
2397 17
2398 17
2399 17
2400 18
2401 17
2402 18
2403 19
2404 17
2405 18
2406 18
2407 18
2408 22
2409 19
2410 17
2411 18
2412 17
2413 17
2414 17
2415 17
2416 17
2417 17
2418 17
2419 17
2420 17
2421 17
2422 17
2423 17
2424 17
2425 19
2426 17
2427 18
2428 17
2429 17
2430 18
2431 18
2432 17
2433 17
2434 17
2435 17
2436 17
2437 18
2438 17
2439 18
2440 17
2441 18
2442 17
2443 18
2444 18
2445 24
2446 19
2447 18
2448 17
2449 17
2450 18
2451 18
2452 17
2453 18
2454 18
2455 18
2456 17
2457 18
2458 17
2459 17
2460 17
2461 17
2462 17
2463 18
2464 18
2465 19
2466 18
2467 17
2468 17
2469 18
2470 17
2471 17
2472 19
2473 17
2474 17
2475 18
2476 19
2477 18
2478 17
2479 18
2480 18
2481 17
2482 18
2483 17
2484 17
2485 18
2486 18
2487 20
2488 18
2489 17
2490 17
2491 18
2492 19
2493 18
2494 17
2495 18
2496 18
2497 17
2498 17
2499 17
2500 18
2501 17
2502 18
2503 19
2504 20
2505 18
2506 18
2507 18
2508 18
2509 17
2510 17
2511 18
2512 17
2513 18
2514 18
2515 17
2516 18
2517 17
2518 17
2519 28
2520 19
2521 18
2522 17
2523 18
2524 17
2525 18
2526 17
2527 17
2528 17
2529 17
2530 19
2531 20
2532 17
2533 18
2534 18
2535 30
2536 21
2537 18
2538 18
2539 17
2540 18
2541 18
2542 17
2543 18
2544 17
2545 18
2546 18
2547 19
2548 18
2549 17
2550 17
2551 18
2552 18
2553 18
2554 17
2555 17
2556 18
2557 17
2558 17
2559 18
2560 17
2561 17
2562 17
2563 18
2564 20
2565 19
2566 18
2567 18
2568 19
2569 18
2570 18
2571 18
2572 17
2573 19
2574 20
2575 17
2576 18
2577 17
2578 19
2579 18
2580 17
2581 17
2582 18
2583 17
2584 18
2585 17
2586 17
2587 18
2588 17
2589 28
2590 19
2591 17
2592 18
2593 18
2594 26
2595 19
2596 17
2597 17
2598 17
2599 18
2600 20
2601 17
2602 17
2603 17
2604 18
2605 19
2606 19
2607 19
2608 18
2609 17
2610 18
2611 17
2612 18
2613 17
2614 18
2615 18
2616 18
2617 21
2618 22
2619 18
2620 18
2621 18
2622 18
2623 18
2624 18
2625 17
2626 17
2627 18
2628 20
2629 18
2630 17
2631 18
2632 19
2633 18
2634 18
2635 17
2636 18
2637 17
2638 18
2639 18
2640 17
2641 17
2642 18
2643 18
2644 17
2645 18
2646 18
2647 19
2648 20
2649 17
2650 20
2651 17
2652 19
2653 18
2654 17
2655 18
2656 19
2657 20
2658 18
2659 17
2660 17
2661 18
2662 17
2663 18
2664 20
2665 18
2666 18
2667 17
2668 17
2669 17
2670 18
2671 20
2672 18
2673 18
2674 17
2675 18
2676 18
2677 19
2678 18
2679 18
2680 18
2681 18
2682 19
2683 17
2684 18
2685 17
2686 18
2687 17
2688 18
2689 17
2690 17
2691 17
2692 17
2693 17
2694 17
2695 17
2696 17
2697 17
2698 18
2699 20
2700 19
2701 17
2702 18
2703 17
2704 18
2705 17
2706 18
2707 18
2708 17
2709 28
2710 19
2711 17
2712 18
2713 18
2714 18
2715 18
2716 18
2717 17
2718 17
2719 18
2720 18
2721 17
2722 18
2723 18
2724 18
2725 18
2726 21
2727 18
2728 21
2729 17
2730 17
2731 17
2732 17
2733 17
2734 18
2735 18
2736 17
2737 17
2738 18
2739 18
2740 17
2741 18
2742 18
2743 19
2744 18
2745 18
2746 17
2747 17
2748 17
2749 17
2750 17
2751 17
2752 18
2753 18
2754 19
2755 18
2756 18
2757 18
2758 17
2759 17
2760 18
2761 17
2762 18
2763 17
2764 17
2765 17
2766 17
2767 18
2768 17
2769 17
2770 17
2771 18
2772 17
2773 17
2774 17
2775 18
2776 18
2777 18
2778 17
2779 17
2780 17
2781 18
2782 19
2783 17
2784 18
2785 17
2786 17
2787 18
2788 17
2789 17
2790 17
2791 18
2792 21
2793 18
2794 45
2795 32
2796 19
2797 19
2798 17
2799 19
2800 17
2801 17
2802 17
2803 18
2804 17
2805 18
2806 18
2807 17
2808 17
2809 17
2810 18
2811 19
2812 18
2813 18
2814 18
2815 19
2816 20
2817 18
2818 18
2819 18
2820 18
2821 18
2822 17
2823 18
2824 17
2825 18
2826 18
2827 18
2828 18
2829 18
2830 18
2831 18
2832 19
2833 19
2834 19
2835 18
2836 17
2837 17
2838 17
2839 18
2840 19
2841 17
2842 17
2843 17
2844 18
2845 17
2846 18
2847 17
2848 18
2849 19
2850 18
2851 18
2852 17
2853 18
2854 17
2855 18
2856 18
2857 18
2858 18
2859 17
2860 19
2861 18
2862 18
2863 17
2864 18
2865 17
2866 17
2867 17
2868 18
2869 18
2870 18
2871 18
2872 18
2873 17
2874 18
2875 17
2876 17
2877 18
2878 18
2879 18
2880 17
2881 18
2882 17
2883 30
2884 18
2885 18
2886 18
2887 18
2888 18
2889 18
2890 17
2891 19
2892 20
2893 20
2894 19
2895 20
2896 18
2897 18
2898 18
2899 18
2900 18
2901 19
2902 18
2903 18
2904 20
2905 19
2906 18
2907 18
2908 18
2909 17
2910 18
2911 18
2912 17
2913 19
2914 18
2915 18
2916 18
2917 18
2918 18
2919 17
2920 17
2921 18
2922 19
2923 18
2924 18
2925 18
2926 18
2927 18
2928 18
2929 18
2930 18
2931 18
2932 18
2933 18
2934 20
2935 18
2936 21
2937 18
2938 19
2939 20
2940 17
2941 18
2942 17
2943 18
2944 17
2945 18
2946 30
2947 21
2948 34
2949 18
2950 18
2951 17
2952 18
2953 19
2954 17
2955 18
2956 18
2957 18
2958 17
2959 18
2960 18
2961 18
2962 20
2963 18
2964 18
2965 17
2966 17
2967 17
2968 17
2969 18
2970 19
2971 18
2972 17
2973 18
2974 18
2975 17
2976 18
2977 18
2978 20
2979 18
2980 19
2981 17
2982 17
2983 17
2984 18
2985 19
2986 18
2987 18
2988 18
2989 21
2990 20
2991 20
2992 17
2993 17
2994 18
2995 18
2996 17
2997 19
2998 19
2999 18
3000 18
3001 17
3002 19
3003 18
3004 17
3005 18
3006 19
3007 17
3008 18
3009 18
3010 18
3011 17
3012 18
3013 18
3014 17
3015 17
3016 18
3017 17
3018 19
3019 18
3020 18
3021 18
3022 18
3023 17
3024 18
3025 18
3026 17
3027 17
3028 18
3029 17
3030 18
3031 17
3032 18
3033 17
3034 30
3035 20
3036 19
3037 18
3038 19
3039 18
3040 18
3041 18
3042 18
3043 18
3044 18
3045 18
3046 19
3047 19
3048 18
3049 19
3050 20
3051 20
3052 18
3053 19
3054 19
3055 18
3056 18
3057 17
3058 17
3059 18
3060 18
3061 18
3062 18
3063 18
3064 17
3065 17
3066 17
3067 17
3068 20
3069 19
3070 18
3071 19
3072 18
3073 19
3074 18
3075 17
3076 18
3077 18
3078 18
3079 20
3080 19
3081 19
3082 21
3083 19
3084 18
3085 19
3086 20
3087 17
3088 18
3089 19
3090 18
3091 17
3092 19
3093 17
3094 19
3095 19
3096 19
3097 19
3098 17
3099 18
3100 17
3101 19
3102 19
3103 19
3104 18
3105 18
3106 18
3107 17
3108 19
3109 18
3110 18
3111 19
3112 18
3113 18
3114 19
3115 18
3116 18
3117 18
3118 18
3119 19
3120 17
3121 24
3122 18
3123 17
3124 18
3125 18
3126 18
3127 20
3128 43
3129 20
3130 19
3131 19
3132 18
3133 18
3134 19
3135 18
3136 19
3137 18
3138 18
3139 18
3140 22
3141 18
3142 17
3143 18
3144 33
3145 20
3146 19
3147 18
3148 19
3149 20
3150 18
3151 18
3152 17
3153 18
3154 20
3155 20
3156 20
3157 18
3158 17
3159 20
3160 18
3161 17
3162 18
3163 19
3164 19
3165 17
3166 19
3167 19
3168 18
3169 18
3170 20
3171 23
3172 18
3173 19
3174 20
3175 19
3176 18
3177 19
3178 17
3179 20
3180 19
3181 18
3182 17
3183 18
3184 19
3185 19
3186 19
3187 20
3188 19
3189 18
3190 19
3191 17
3192 18
3193 17
3194 17
3195 17
3196 19
3197 19
3198 21
3199 18
3200 19
3201 19
3202 17
3203 17
3204 18
3205 17
3206 18
3207 17
3208 17
3209 17
3210 18
3211 17
3212 19
3213 20
3214 22
3215 19
3216 18
3217 17
3218 18
3219 20
3220 19
3221 19
3222 17
3223 18
3224 19
3225 18
3226 17
3227 17
3228 18
3229 18
3230 18
3231 18
3232 18
3233 18
3234 17
3235 19
3236 21
3237 19
3238 18
3239 18
3240 19
3241 22
3242 18
3243 18
3244 18
3245 19
3246 19
3247 19
3248 19
3249 18
3250 17
3251 20
3252 19
3253 21
3254 18
3255 18
3256 17
3257 18
3258 17
3259 18
3260 18
3261 18
3262 18
3263 18
3264 18
3265 17
3266 18
3267 17
3268 18
3269 17
3270 18
3271 18
3272 18
3273 18
3274 19
3275 20
3276 20
3277 19
3278 19
3279 21
3280 19
3281 17
3282 18
3283 17
3284 17
3285 18
3286 17
3287 17
3288 18
3289 22
3290 18
3291 26
3292 18
3293 18
3294 18
3295 19
3296 18
3297 18
3298 18
3299 18
3300 19
3301 17
3302 18
3303 18
3304 18
3305 18
3306 17
3307 17
3308 19
3309 19
3310 18
3311 32
3312 21
3313 19
3314 19
3315 18
3316 18
3317 19
3318 17
3319 17
3320 17
3321 17
3322 17
3323 17
3324 17
3325 17
3326 17
3327 19
3328 18
3329 18
3330 18
3331 18
3332 18
3333 18
3334 19
3335 18
3336 17
3337 18
3338 17
3339 17
3340 17
3341 18
3342 19
3343 19
3344 18
3345 19
3346 18
3347 18
3348 20
3349 20
3350 21
3351 17
3352 17
3353 18
3354 18
3355 18
3356 17
3357 17
3358 17
3359 18
3360 18
3361 17
3362 19
3363 18
3364 17
3365 18
3366 18
3367 18
3368 21
3369 17
3370 19
3371 19
3372 19
3373 20
3374 20
3375 21
3376 19
3377 18
3378 19
3379 18
3380 19
3381 19
3382 19
3383 18
3384 18
3385 17
3386 18
3387 18
3388 18
3389 17
3390 17
3391 17
3392 18
3393 18
3394 17
3395 18
3396 19
3397 20
3398 19
3399 18
3400 17
3401 18
3402 19
3403 18
3404 18
3405 18
3406 17
3407 18
3408 20
3409 17
3410 18
3411 18
3412 18
3413 19
3414 18
3415 18
3416 18
3417 17
3418 17
3419 18
3420 17
3421 17
3422 18
3423 18
3424 18
3425 19
3426 18
3427 17
3428 18
3429 18
3430 18
3431 20
3432 17
3433 17
3434 18
3435 17
3436 18
3437 17
3438 17
3439 18
3440 17
3441 17
3442 17
3443 17
3444 17
3445 18
3446 18
3447 19
3448 18
3449 17
3450 17
3451 18
3452 18
3453 17
3454 17
3455 17
3456 17
3457 18
3458 17
3459 18
3460 18
3461 19
3462 17
3463 18
3464 19
3465 33
3466 20
3467 18
3468 17
3469 18
3470 17
3471 17
3472 18
3473 19
3474 19
3475 21
3476 18
3477 21
3478 18
3479 19
3480 18
3481 17
3482 18
3483 17
3484 18
3485 17
3486 17
3487 19
3488 17
3489 19
3490 18
3491 18
3492 18
3493 17
3494 18
3495 18
3496 20
3497 18
3498 18
3499 17
3500 18
3501 17
3502 17
3503 18
3504 18
3505 18
3506 17
3507 18
3508 18
3509 17
3510 18
3511 29
3512 19
3513 17
3514 18
3515 18
3516 17
3517 17
3518 17
3519 17
3520 18
3521 17
3522 17
3523 17
3524 18
3525 18
3526 19
3527 27
3528 18
3529 19
3530 18
3531 18
3532 17
3533 17
3534 18
3535 17
3536 18
3537 17
3538 18
3539 18
3540 18
3541 17
3542 18
3543 18
3544 18
3545 19
3546 17
3547 18
3548 17
3549 17
3550 18
3551 18
3552 24
3553 18
3554 17
3555 19
3556 19
3557 19
3558 18
3559 18
3560 17
3561 19
3562 18
3563 17
3564 18
3565 18
3566 18
3567 18
3568 18
3569 17
3570 17
3571 17
3572 18
3573 18
3574 17
3575 22
3576 19
3577 18
3578 19
3579 18
3580 18
3581 18
3582 19
3583 20
3584 18
3585 20
3586 18
3587 17
3588 18
3589 19
3590 18
3591 17
3592 18
3593 18
3594 18
3595 17
3596 17
3597 17
3598 19
3599 19
3600 19
3601 18
3602 17
3603 19
3604 18
3605 17
3606 17
3607 18
3608 18
3609 20
3610 17
3611 18
3612 17
3613 18
3614 18
3615 20
3616 22
3617 18
3618 17
3619 18
3620 20
3621 18
3622 18
3623 17
3624 18
3625 19
3626 17
3627 18
3628 19
3629 18
3630 18
3631 17
3632 19
3633 17
3634 17
3635 18
3636 18
3637 19
3638 433
3639 22
3640 19
3641 19
3642 19
3643 19
3644 18
3645 19
3646 18
3647 17
3648 18
3649 18
3650 17
3651 18
3652 18
3653 17
3654 18
3655 31
3656 19
3657 18
3658 17
3659 17
3660 17
3661 18
3662 18
3663 17
3664 18
3665 18
3666 18
3667 20
3668 18
3669 18
3670 18
3671 19
3672 20
3673 18
3674 18
3675 18
3676 19
3677 18
3678 17
3679 18
3680 19
3681 18
3682 19
3683 21
3684 18
3685 18
3686 18
3687 19
3688 18
3689 19
3690 19
3691 18
3692 20
3693 18
3694 21
3695 18
3696 18
3697 19
3698 21
3699 20
3700 18
3701 18
3702 18
3703 18
3704 18
3705 17
3706 18
3707 17
3708 18
3709 20
3710 18
3711 17
3712 17
3713 18
3714 17
3715 17
3716 17
3717 18
3718 18
3719 17
3720 18
3721 18
3722 18
3723 17
3724 17
3725 32
3726 20
3727 19
3728 17
3729 19
3730 22
3731 18
3732 18
3733 17
3734 18
3735 19
3736 20
3737 18
3738 18
3739 17
3740 17
3741 17
3742 17
3743 18
3744 17
3745 17
3746 18
3747 17
3748 18
3749 18
3750 18
3751 18
3752 17
3753 18
3754 20
3755 18
3756 21
3757 17
3758 19
3759 20
3760 23
3761 21
3762 21
3763 21
3764 21
3765 21
3766 18
3767 17
3768 18
3769 17
3770 18
3771 18
3772 18
3773 18
3774 17
3775 17
3776 18
3777 18
3778 19
3779 17
3780 18
3781 18
3782 18
3783 18
3784 18
3785 18
3786 18
3787 17
3788 17
3789 18
3790 17
3791 17
3792 28
3793 18
3794 17
3795 20
3796 17
3797 18
3798 17
3799 18
3800 17
3801 18
3802 18
3803 18
3804 17
3805 18
3806 18
3807 17
3808 18
3809 18
3810 17
3811 29
3812 19
3813 18
3814 18
3815 18
3816 25
3817 19
3818 17
3819 17
3820 17
3821 18
3822 17
3823 17
3824 17
3825 17
3826 17
3827 18
3828 18
3829 17
3830 17
3831 18
3832 17
3833 17
3834 18
3835 17
3836 17
3837 17
3838 17
3839 17
3840 17
3841 18
3842 17
3843 17
3844 17
3845 18
3846 17
3847 17
3848 17
3849 17
3850 17
3851 25
3852 19
3853 18
3854 18
3855 17
3856 17
3857 17
3858 17
3859 17
3860 17
3861 17
3862 17
3863 17
3864 18
3865 18
3866 26
3867 18
3868 17
3869 17
3870 18
3871 18
3872 18
3873 18
3874 18
3875 18
3876 17
3877 17
3878 18
3879 18
3880 18
3881 17
3882 17
3883 17
3884 17
3885 18
3886 18
3887 18
3888 18
3889 27
3890 18
3891 18
3892 17
3893 18
3894 18
3895 17
3896 17
3897 18
3898 17
3899 18
3900 18
3901 18
3902 17
3903 18
3904 17
3905 18
3906 17
3907 17
3908 18
3909 17
3910 17
3911 17
3912 18
3913 18
3914 17
3915 18
3916 17
3917 18
3918 18
3919 18
3920 17
3921 18
3922 17
3923 17
3924 18
3925 17
3926 18
3927 17
3928 18
3929 19
3930 17
3931 17
3932 18
3933 18
3934 17
3935 18
3936 18
3937 20
3938 17
3939 26
3940 18
3941 17
3942 17
3943 18
3944 17
3945 18
3946 18
3947 18
3948 18
3949 19
3950 23
3951 18
3952 18
3953 17
3954 17
3955 17
3956 18
3957 18
3958 17
3959 17
3960 17
3961 17
3962 17
3963 17
3964 17
3965 27
3966 17
3967 34
3968 18
3969 17
3970 17
3971 17
3972 17
3973 17
3974 18
3975 18
3976 18
3977 19
3978 18
3979 18
3980 18
3981 17
3982 18
3983 18
3984 18
3985 18
3986 18
3987 17
3988 17
3989 18
3990 22
3991 18
3992 18
3993 17
3994 19
3995 17
3996 21
3997 21
3998 18
3999 19
4000 18
4001 18
4002 17
4003 18
4004 18
4005 17
4006 17
4007 18
4008 17
4009 17
4010 18
4011 17
4012 18
4013 17
4014 19
4015 18
4016 17
4017 18
4018 20
4019 18
4020 20
4021 18
4022 17
4023 18
4024 18
4025 18
4026 17
4027 19
4028 19
4029 17
4030 19
4031 20
4032 18
4033 21
4034 18
4035 18
4036 17
4037 17
4038 18
4039 18
4040 17
4041 18
4042 18
4043 17
4044 17
4045 17
4046 17
4047 18
4048 18
4049 17
4050 18
4051 17
4052 17
4053 17
4054 18
4055 18
4056 18
4057 17
4058 17
4059 21
4060 18
4061 21
4062 17
4063 17
4064 19
4065 19
4066 18
4067 17
4068 17
4069 17
4070 17
4071 17
4072 17
4073 17
4074 18
4075 18
4076 17
4077 18
4078 18
4079 18
4080 18
4081 18
4082 18
4083 18
4084 19
4085 17
4086 18
4087 17
4088 18
4089 19
4090 18
4091 18
4092 22
4093 18
4094 17
4095 17
4096 20
4097 18
4098 20
4099 18
4100 17
4101 21
4102 17
4103 18
4104 18
4105 18
4106 18
4107 17
4108 17
4109 18
4110 17
4111 18
4112 19
4113 17
4114 18
4115 17
4116 22
4117 18
4118 17
4119 18
4120 18
4121 18
4122 19
4123 18
4124 19
4125 23
4126 22
4127 18
4128 18
4129 18
4130 18
4131 17
4132 18
4133 17
4134 18
4135 17
4136 18
4137 19
4138 18
4139 22
4140 19
4141 18
4142 21
4143 18
4144 18
4145 18
4146 19
4147 17
4148 18
4149 20
4150 18
4151 19
4152 17
4153 20
4154 17
4155 18
4156 20
4157 17
4158 21
4159 18
4160 19
4161 17
4162 19
4163 18
4164 22
4165 18
4166 21
4167 18
4168 19
4169 18
4170 21
4171 31
4172 22
4173 22
4174 18
4175 17
4176 19
4177 18
4178 18
4179 20
4180 18
4181 19
4182 18
4183 18
4184 20
4185 18
4186 19
4187 18
4188 19
4189 18
4190 20
4191 18
4192 20
4193 18
4194 20
4195 18
4196 20
4197 18
4198 20
4199 17
4200 22
4201 18
4202 20
4203 17
4204 19
4205 22
4206 18
4207 20
4208 18
4209 18
4210 20
4211 18
4212 18
4213 19
4214 20
4215 18
4216 17
4217 18
4218 19
4219 19
4220 18
4221 18
4222 19
4223 18
4224 18
4225 18
4226 22
4227 18
4228 19
4229 20
4230 20
4231 17
4232 18
4233 22
4234 18
4235 19
4236 18
4237 18
4238 17
4239 19
4240 18
4241 18
4242 18
4243 19
4244 18
4245 19
4246 19
4247 17
4248 18
4249 18
4250 19
4251 19
4252 18
4253 21
4254 18
4255 19
4256 18
4257 18
4258 18
4259 19
4260 19
4261 18
4262 18
4263 18
4264 17
4265 17
4266 20
4267 18
4268 18
4269 18
4270 18
4271 19
4272 17
4273 18
4274 17
4275 17
4276 18
4277 18
4278 17
4279 17
4280 18
4281 17
4282 28
4283 19
4284 18
4285 17
4286 17
4287 19
4288 19
4289 18
4290 18
4291 17
4292 18
4293 17
4294 18
4295 18
4296 18
4297 18
4298 17
4299 17
4300 17
4301 17
4302 17
4303 17
4304 19
4305 17
4306 18
4307 23
4308 17
4309 18
4310 20
4311 17
4312 31
4313 19
4314 18
4315 18
4316 17
4317 17
4318 17
4319 18
4320 18
4321 17
4322 17
4323 18
4324 18
4325 18
4326 17
4327 17
4328 17
4329 17
4330 17
4331 18
4332 18
4333 18
4334 18
4335 18
4336 18
4337 17
4338 17
4339 18
4340 17
4341 18
4342 18
4343 17
4344 18
4345 18
4346 17
4347 17
4348 19
4349 17
4350 17
4351 17
4352 19
4353 18
4354 18
4355 18
4356 18
4357 18
4358 18
4359 17
4360 17
4361 18
4362 18
4363 17
4364 17
4365 19
4366 19
4367 18
4368 18
4369 18
4370 18
4371 17
4372 17
4373 18
4374 18
4375 18
4376 18
4377 18
4378 17
4379 17
4380 17
4381 29
4382 19
4383 18
4384 17
4385 18
4386 18
4387 18
4388 17
4389 18
4390 17
4391 18
4392 17
4393 18
4394 17
4395 17
4396 18
4397 18
4398 21
4399 18
4400 17
4401 18
4402 17
4403 19
4404 18
4405 19
4406 18
4407 18
4408 28
4409 20
4410 17
4411 17
4412 18
4413 26
4414 19
4415 18
4416 18
4417 17
4418 18
4419 20
4420 18
4421 18
4422 18
4423 18
4424 17
4425 17
4426 18
4427 17
4428 18
4429 17
4430 18
4431 18
4432 18
4433 18
4434 17
4435 18
4436 18
4437 18
4438 18
4439 17
4440 18
4441 18
4442 18
4443 17
4444 17
4445 18
4446 17
4447 18
4448 17
4449 18
4450 17
4451 18
4452 20
4453 18
4454 17
4455 18
4456 18
4457 19
4458 20
4459 18
4460 18
4461 17
4462 18
4463 20
4464 18
4465 18
4466 18
4467 19
4468 17
4469 18
4470 18
4471 17
4472 18
4473 18
4474 17
4475 18
4476 40
4477 19
4478 18
4479 18
4480 19
4481 20
4482 17
4483 18
4484 17
4485 17
4486 18
4487 18
4488 18
4489 18
4490 17
4491 18
4492 18
4493 17
4494 17
4495 18
4496 19
4497 18
4498 18
4499 18
4500 18
4501 18
4502 17
4503 17
4504 17
4505 17
4506 19
4507 19
4508 18
4509 18
4510 18
4511 18
4512 17
4513 17
4514 18
4515 18
4516 17
4517 17
4518 18
4519 18
4520 18
4521 19
4522 29
4523 19
4524 18
4525 18
4526 18
4527 18
4528 17
4529 18
4530 17
4531 18
4532 17
4533 17
4534 17
4535 18
4536 17
4537 18
4538 18
4539 19
4540 18
4541 18
4542 18
4543 18
4544 19
4545 19
4546 17
4547 18
4548 18
4549 17
4550 18
4551 18
4552 17
4553 18
4554 17
4555 18
4556 18
4557 17
4558 18
4559 17
4560 18
4561 18
4562 18
4563 18
4564 18
4565 18
4566 18
4567 18
4568 18
4569 18
4570 18
4571 17
4572 18
4573 17
4574 18
4575 17
4576 18
4577 18
4578 20
4579 18
4580 18
4581 17
4582 18
4583 17
4584 18
4585 17
4586 18
4587 17
4588 19
4589 18
4590 17
4591 17
4592 17
4593 17
4594 18
4595 18
4596 17
4597 17
4598 19
4599 17
4600 27
4601 18
4602 18
4603 26
4604 19
4605 23
4606 18
4607 18
4608 20
4609 17
4610 18
4611 18
4612 18
4613 19
4614 35
4615 21
4616 17
4617 18
4618 18
4619 23
4620 19
4621 17
4622 21
4623 18
4624 18
4625 21
4626 17
4627 19
4628 20
4629 28
4630 20
4631 19
4632 17
4633 19
4634 25
4635 20
4636 18
4637 17
4638 17
4639 18
4640 18
4641 18
4642 18
4643 17
4644 20
4645 18
4646 19
4647 161
4648 18
4649 18
4650 18
4651 18
4652 18
4653 21
4654 18
4655 19
4656 18
4657 19
4658 18
4659 18
4660 18
4661 19
4662 18
4663 19
4664 18
4665 18
4666 18
4667 18
4668 18
4669 18
4670 19
4671 24
4672 18
4673 19
4674 17
4675 19
4676 19
4677 18
4678 22
4679 18
4680 18
4681 20
4682 21
4683 18
4684 21
4685 18
4686 18
4687 18
4688 18
4689 18
4690 18
4691 18
4692 22
4693 20
4694 18
4695 18
4696 19
4697 20
4698 21
4699 18
4700 20
4701 18
4702 17
4703 18
4704 17
4705 18
4706 18
4707 19
4708 21
4709 17
4710 17
4711 18
4712 17
4713 21
4714 18
4715 18
4716 19
4717 21
4718 19
4719 17
4720 19
4721 18
4722 19
4723 18
4724 18
4725 19
4726 18
4727 20
4728 18
4729 18
4730 19
4731 20
4732 19
4733 17
4734 22
4735 18
4736 20
4737 18
4738 19
4739 17
4740 18
4741 20
4742 17
4743 18
4744 17
4745 18
4746 22
4747 19
4748 19
4749 18
4750 19
4751 17
4752 18
4753 21
4754 18
4755 18
4756 17
4757 19
4758 18
4759 18
4760 21
4761 21
4762 20
4763 18
4764 20
4765 18
4766 19
4767 18
4768 22
4769 18
4770 18
4771 21
4772 19
4773 18
4774 18
4775 18
4776 23
4777 18
4778 18
4779 18
4780 18
4781 18
4782 23
4783 18
4784 18
4785 18
4786 18
4787 18
4788 23
4789 18
4790 18
4791 20
4792 18
4793 17
4794 20
4795 18
4796 17
4797 37
4798 18
4799 19
4800 18
4801 18
4802 25
4803 18
4804 21
4805 18
4806 19
4807 18
4808 18
4809 25
4810 19
4811 22
4812 18
4813 18
4814 20
4815 17
4816 18
4817 18
4818 21
4819 23
4820 17
4821 18
4822 18
4823 18
4824 19
4825 19
4826 17
4827 18
4828 21
4829 17
4830 18
4831 18
4832 22
4833 17
4834 18
4835 17
4836 21
4837 18
4838 18
4839 19
4840 21
4841 21
4842 17
4843 18
4844 22
4845 19
4846 20
4847 19
4848 18
4849 19
4850 18
4851 18
4852 18
4853 18
4854 29
4855 20
4856 18
4857 18
4858 18
4859 17
4860 18
4861 21
4862 19
4863 18
4864 18
4865 21
4866 18
4867 19
4868 18
4869 18
4870 19
4871 19
4872 17
4873 21
4874 129
4875 18
4876 17
4877 18
4878 18
4879 19
4880 18
4881 18
4882 20
4883 18
4884 19
4885 18
4886 21
4887 17
4888 21
4889 17
4890 18
4891 18
4892 18
4893 20
4894 18
4895 19
4896 17
4897 18
4898 20
4899 18
4900 21
4901 17
4902 18
4903 21
4904 18
4905 20
4906 18
4907 22
4908 18
4909 21
4910 19
4911 18
4912 18
4913 18
4914 18
4915 21
4916 18
4917 19
4918 18
4919 21
4920 18
4921 20
4922 18
4923 18
4924 18
4925 20
4926 18
4927 20
4928 22
4929 17
4930 20
4931 19
4932 19
4933 18
4934 18
4935 18
4936 20
4937 17
4938 18
4939 17
4940 18
4941 17
4942 21
4943 18
4944 18
4945 20
4946 19
4947 20
4948 20
4949 18
4950 18
4951 18
4952 19
4953 17
4954 19
4955 28
4956 22
4957 22
4958 18
4959 20
4960 18
4961 22
4962 18
4963 20
4964 17
4965 20
4966 18
4967 20
4968 25
4969 20
4970 18
4971 17
4972 268
4973 26
4974 19
4975 21
4976 21
4977 18
4978 17
4979 18
4980 19
4981 18
4982 18
4983 18
4984 17
4985 18
4986 18
4987 19
4988 18
4989 18
4990 18
4991 20
4992 22
4993 19
4994 18
4995 19
4996 19
4997 22
4998 17
4999 18
5000 18
5001 18
5002 19
5003 18
5004 17
5005 18
5006 18
5007 18
5008 17
5009 18
5010 18
5011 18
5012 18
5013 19
5014 19
5015 18
5016 18
5017 17
5018 18
5019 18
5020 18
5021 18
5022 17
5023 18
5024 17
5025 17
5026 18
5027 18
5028 17
5029 18
5030 18
5031 18
5032 18
5033 17
5034 17
5035 18
5036 22
5037 20
5038 23
5039 19
5040 17
5041 20
5042 18
5043 18
5044 17
5045 18
5046 17
5047 18
5048 18
5049 18
5050 18
5051 19
5052 18
5053 18
5054 18
5055 18
5056 18
5057 18
5058 18
5059 18
5060 17
5061 17
5062 17
5063 18
5064 17
5065 17
5066 17
5067 18
5068 18
5069 19
5070 20
5071 21
5072 22
5073 19
5074 19
5075 17
5076 18
5077 18
5078 17
5079 19
5080 18
5081 17
5082 18
5083 19
5084 17
5085 18
5086 18
5087 17
5088 18
5089 18
5090 17
5091 17
5092 17
5093 17
5094 17
5095 17
5096 17
5097 18
5098 18
5099 18
5100 18
5101 18
5102 18
5103 18
5104 18
5105 17
5106 17
5107 18
5108 17
5109 17
5110 17
5111 18
5112 17
5113 18
5114 17
5115 17
5116 17
5117 17
5118 17
5119 17
5120 18
5121 18
5122 17
5123 19
5124 18
5125 18
5126 18
5127 18
5128 17
5129 18
5130 18
5131 17
5132 17
5133 27
5134 19
5135 17
5136 28
5137 18
5138 18
5139 18
5140 18
5141 17
5142 17
5143 17
5144 17
5145 18
5146 17
5147 17
5148 17
5149 18
5150 19
5151 18
5152 18
5153 18
5154 17
5155 19
5156 18
5157 18
5158 17
5159 17
5160 17
5161 17
5162 17
5163 17
5164 18
5165 17
5166 18
5167 17
5168 17
5169 18
5170 17
5171 17
5172 17
5173 17
5174 20
5175 17
5176 18
5177 18
5178 18
5179 18
5180 17
5181 17
5182 17
5183 17
5184 18
5185 18
5186 18
5187 18
5188 17
5189 17
5190 17
5191 17
5192 17
5193 17
5194 17
5195 19
5196 17
5197 18
5198 18
5199 27
5200 19
5201 18
5202 17
5203 18
5204 17
5205 18
5206 17
5207 18
5208 17
5209 18
5210 18
5211 18
5212 17
5213 18
5214 18
5215 17
5216 19
5217 19
5218 18
5219 17
5220 17
5221 18
5222 17
5223 18
5224 17
5225 17
5226 18
5227 17
5228 17
5229 17
5230 17
5231 17
5232 17
5233 19
5234 18
5235 18
5236 18
5237 18
5238 18
5239 18
5240 18
5241 18
5242 17
5243 18
5244 19
5245 17
5246 18
5247 17
5248 18
5249 17
5250 18
5251 18
5252 17
5253 17
5254 17
5255 19
5256 18
5257 17
5258 18
5259 18
5260 18
5261 17
5262 17
5263 17
5264 18
5265 17
5266 19
5267 17
5268 18
5269 18
5270 18
5271 17
5272 18
5273 18
5274 17
5275 17
5276 18
5277 17
5278 18
5279 18
5280 17
5281 17
5282 18
5283 18
5284 20
5285 18
5286 18
5287 17
5288 18
5289 19
5290 18
5291 17
5292 17
5293 18
5294 19
5295 18
5296 19
5297 18
5298 18
5299 19
5300 18
5301 18
5302 17
5303 18
5304 26
5305 18
5306 18
5307 17
5308 18
5309 17
5310 18
5311 18
5312 27
5313 18
5314 17
5315 19
5316 18
5317 18
5318 17
5319 18
5320 18
5321 17
5322 17
5323 18
5324 18
5325 18
5326 18
5327 17
5328 18
5329 17
5330 18
5331 26
5332 18
5333 18
5334 18
5335 18
5336 17
5337 17
5338 18
5339 17
5340 18
5341 18
5342 17
5343 17
5344 18
5345 17
5346 17
5347 18
5348 20
5349 18
5350 18
5351 17
5352 18
5353 18
5354 18
5355 17
5356 18
5357 18
5358 20
5359 18
5360 17
5361 18
5362 17
5363 17
5364 19
5365 18
5366 17
5367 18
5368 18
5369 17
5370 18
5371 18
5372 17
5373 18
5374 18
5375 18
5376 18
5377 19
5378 18
5379 17
5380 18
5381 19
5382 17
5383 18
5384 18
5385 18
5386 18
5387 17
5388 17
5389 18
5390 18
5391 18
5392 17
5393 18
5394 18
5395 17
5396 18
5397 26
5398 18
5399 18
5400 18
5401 18
5402 18
5403 18
5404 17
5405 17
5406 17
5407 17
5408 18
5409 19
5410 17
5411 18
5412 17
5413 18
5414 18
5415 17
5416 17
5417 18
5418 18
5419 18
5420 19
5421 18
5422 19
5423 18
5424 18
5425 18
5426 17
5427 17
5428 17
5429 17
5430 25
5431 19
5432 17
5433 18
5434 17
5435 17
5436 17
5437 18
5438 17
5439 17
5440 17
5441 18
5442 18
5443 18
5444 18
5445 18
5446 19
5447 17
5448 18
5449 17
5450 18
5451 18
5452 18
5453 17
5454 18
5455 18
5456 17
5457 18
5458 20
5459 18
5460 18
5461 18
5462 18
5463 18
5464 18
5465 18
5466 18
5467 18
5468 18
5469 18
5470 18
5471 18
5472 17
5473 18
5474 26
5475 18
5476 17
5477 17
5478 18
5479 18
5480 18
5481 17
5482 19
5483 17
5484 17
5485 17
5486 18
5487 18
5488 33
5489 18
5490 17
5491 17
5492 18
5493 17
5494 18
5495 18
5496 19
5497 19
5498 18
5499 18
5500 17
5501 17
5502 17
5503 17
5504 17
5505 17
5506 17
5507 18
5508 20
5509 18
5510 18
5511 18
5512 17
5513 17
5514 17
5515 17
5516 18
5517 18
5518 18
5519 18
5520 18
5521 17
5522 17
5523 17
5524 18
5525 19
5526 18
5527 18
5528 17
5529 18
5530 18
5531 18
5532 17
5533 18
5534 18
5535 17
5536 18
5537 18
5538 17
5539 18
5540 18
5541 20
5542 19
5543 17
5544 18
5545 18
5546 18
5547 17
5548 18
5549 17
5550 17
5551 17
5552 18
5553 18
5554 18
5555 17
5556 17
5557 18
5558 19
5559 18
5560 17
5561 18
5562 18
5563 17
5564 17
5565 17
5566 18
5567 17
5568 18
5569 20
5570 18
5571 17
5572 18
5573 18
5574 18
5575 17
5576 18
5577 17
5578 17
5579 18
5580 17
5581 17
5582 17
5583 21
5584 17
5585 17
5586 18
5587 18
5588 18
5589 17
5590 17
5591 17
5592 17
5593 18
5594 28
5595 19
5596 17
5597 17
5598 17
5599 17
5600 17
5601 17
5602 17
5603 18
5604 18
5605 17
5606 17
5607 18
5608 18
5609 19
5610 17
5611 17
5612 17
5613 19
5614 19
5615 18
5616 18
5617 18
5618 18
5619 17
5620 17
5621 18
5622 18
5623 17
5624 17
5625 17
5626 17
5627 17
5628 18
5629 18
5630 18
5631 18
5632 18
5633 19
5634 17
5635 18
5636 17
5637 18
5638 19
5639 17
5640 28
5641 19
5642 17
5643 17
5644 18
5645 18
5646 18
5647 20
5648 17
5649 18
5650 17
5651 26
5652 18
5653 18
5654 18
5655 18
5656 17
5657 18
5658 17
5659 17
5660 18
5661 17
5662 17
5663 17
5664 25
5665 18
5666 17
5667 28
5668 19
5669 17
5670 18
5671 18
5672 18
5673 17
5674 18
5675 18
5676 18
5677 17
5678 17
5679 17
5680 18
5681 18
5682 18
5683 18
5684 19
5685 20
5686 18
5687 18
5688 18
5689 18
5690 18
5691 17
5692 17
5693 18
5694 27
5695 19
5696 18
5697 18
5698 18
5699 18
5700 17
5701 17
5702 17
5703 18
5704 18
5705 18
5706 19
5707 18
5708 17
5709 17
5710 18
5711 20
5712 17
5713 17
5714 18
5715 18
5716 18
5717 19
5718 17
5719 18
5720 18
5721 17
5722 18
5723 18
5724 18
5725 17
5726 17
5727 17
5728 18
5729 18
5730 17
5731 17
5732 18
5733 19
5734 18
5735 18
5736 17
5737 18
5738 17
5739 18
5740 18
5741 18
5742 17
5743 18
5744 19
5745 19
5746 17
5747 18
5748 18
5749 19
5750 18
5751 17
5752 17
5753 18
5754 18
5755 18
5756 17
5757 17
5758 17
5759 17
5760 18
5761 17
5762 17
5763 18
5764 17
5765 19
5766 18
5767 17
5768 17
5769 17
5770 18
5771 21
5772 18
5773 29
5774 19
5775 21
5776 17
5777 17
5778 18
5779 17
5780 18
5781 17
5782 18
5783 18
5784 17
5785 17
5786 18
5787 17
5788 18
5789 19
5790 18
5791 17
5792 17
5793 17
5794 17
5795 17
5796 18
5797 17
5798 18
5799 17
5800 17
5801 17
5802 17
5803 17
5804 17
5805 18
5806 18
5807 18
5808 18
5809 17
5810 17
5811 17
5812 17
5813 17
5814 17
5815 18
5816 18
5817 19
5818 18
5819 17
5820 17
5821 18
5822 17
5823 17
5824 17
5825 17
5826 17
5827 17
5828 17
5829 17
5830 17
5831 17
5832 17
5833 17
5834 18
5835 18
5836 17
5837 18
5838 17
5839 21
5840 18
5841 27
5842 18
5843 17
5844 17
5845 18
5846 17
5847 17
5848 17
5849 29
5850 18
5851 17
5852 18
5853 18
5854 18
5855 18
5856 18
5857 17
5858 17
5859 17
5860 18
5861 20
5862 18
5863 17
5864 18
5865 18
5866 17
5867 18
5868 17
5869 17
5870 18
5871 19
5872 20
5873 18
5874 17
5875 18
5876 18
5877 17
5878 18
5879 17
5880 18
5881 17
5882 17
5883 18
5884 18
5885 18
5886 18
5887 29
5888 18
5889 19
5890 18
5891 19
5892 28
5893 19
5894 19
5895 17
5896 18
5897 17
5898 18
5899 18
5900 18
5901 18
5902 17
5903 20
5904 17
5905 18
5906 18
5907 17
5908 17
5909 17
5910 17
5911 18
5912 18
5913 18
5914 17
5915 26
5916 18
5917 17
5918 18
5919 18
5920 18
5921 17
5922 17
5923 17
5924 17
5925 17
5926 18
5927 20
5928 18
5929 17
5930 29
5931 19
5932 17
5933 17
5934 18
5935 17
5936 17
5937 18
5938 18
5939 18
5940 17
5941 18
5942 18
5943 17
5944 17
5945 17
5946 17
5947 18
5948 18
5949 17
5950 17
5951 17
5952 18
5953 18
5954 18
5955 18
5956 19
5957 17
5958 17
5959 18
5960 18
5961 18
5962 17
5963 17
5964 17
5965 18
5966 17
5967 21
5968 17
5969 19
5970 19
5971 18
5972 17
5973 18
5974 18
5975 17
5976 18
5977 29
5978 19
5979 17
5980 26
5981 18
5982 18
5983 18
5984 20
5985 18
5986 18
5987 19
5988 19
5989 17
5990 17
5991 17
5992 17
5993 17
5994 17
5995 17
5996 17
5997 20
5998 19
5999 18
6000 18
6001 19
6002 19
6003 18
6004 18
6005 17
6006 18
6007 17
6008 17
6009 18
6010 18
6011 18
6012 18
6013 17
6014 17
6015 19
6016 18
6017 17
6018 17
6019 18
6020 17
6021 17
6022 18
6023 19
6024 17
6025 17
6026 18
6027 18
6028 17
6029 17
6030 18
6031 20
6032 18
6033 17
6034 18
6035 18
6036 18
6037 18
6038 17
6039 18
6040 19
6041 18
6042 17
6043 17
6044 18
6045 18
6046 18
6047 18
6048 18
6049 17
6050 18
6051 20
6052 18
6053 18
6054 17
6055 18
6056 18
6057 17
6058 17
6059 18
6060 18
6061 17
6062 18
6063 18
6064 17
6065 17
6066 18
6067 18
6068 18
6069 18
6070 18
6071 18
6072 17
6073 18
6074 19
6075 20
6076 17
6077 17
6078 18
6079 17
6080 17
6081 18
6082 17
6083 18
6084 19
6085 18
6086 17
6087 17
6088 17
6089 18
6090 18
6091 17
6092 17
6093 17
6094 17
6095 21
6096 17
6097 18
6098 18
6099 18
6100 17
6101 19
6102 17
6103 18
6104 17
6105 30
6106 18
6107 17
6108 18
6109 18
6110 18
6111 17
6112 17
6113 18
6114 17
6115 18
6116 19
6117 19
6118 19
6119 18
6120 17
6121 17
6122 17
6123 17
6124 17
6125 17
6126 17
6127 17
6128 17
6129 17
6130 17
6131 17
6132 18
6133 18
6134 17
6135 17
6136 17
6137 17
6138 18
6139 17
6140 18
6141 18
6142 18
6143 17
6144 17
6145 27
6146 18
6147 17
6148 17
6149 17
6150 18
6151 18
6152 17
6153 18
6154 17
6155 18
6156 19
6157 18
6158 17
6159 20
6160 18
6161 18
6162 17
6163 17
6164 17
6165 17
6166 18
6167 18
6168 18
6169 18
6170 18
6171 17
6172 18
6173 18
6174 18
6175 17
6176 17
6177 18
6178 17
6179 17
6180 17
6181 18
6182 18
6183 19
6184 18
6185 18
6186 17
6187 18
6188 18
6189 19
6190 30
6191 18
6192 18
6193 17
6194 17
6195 17
6196 17
6197 16
6198 17
6199 18
6200 18
6201 18
6202 18
6203 18
6204 18
6205 17
6206 18
6207 18
6208 17
6209 17
6210 17
6211 17
6212 17
6213 18
6214 18
6215 27
6216 18
6217 18
6218 17
6219 17
6220 18
6221 18
6222 18
6223 20
6224 17
6225 18
6226 19
6227 19
6228 17
6229 18
6230 18
6231 17
6232 18
6233 17
6234 17
6235 17
6236 17
6237 17
6238 17
6239 17
6240 18
6241 18
6242 17
6243 18
6244 17
6245 17
6246 17
6247 16
6248 17
6249 19
6250 18
6251 18
6252 18
6253 17
6254 18
6255 17
6256 17
6257 18
6258 17
6259 18
6260 19
6261 18
6262 17
6263 17
6264 17
6265 18
6266 18
6267 18
6268 17
6269 17
6270 17
6271 17
6272 18
6273 18
6274 17
6275 17
6276 18
6277 18
6278 18
6279 17
6280 17
6281 17
6282 18
6283 17
6284 19
6285 19
6286 18
6287 21
6288 17
6289 17
6290 17
6291 17
6292 18
6293 17
6294 17
6295 17
6296 18
6297 17
6298 17
6299 19
6300 18
6301 18
6302 17
6303 17
6304 17
6305 17
6306 17
6307 17
6308 17
6309 17
6310 17
6311 17
6312 17
6313 17
6314 17
6315 17
6316 19
6317 17
6318 18
6319 17
6320 18
6321 17
6322 20
6323 18
6324 17
6325 17
6326 17
6327 17
6328 17
6329 18
6330 18
6331 18
6332 17
6333 17
6334 17
6335 17
6336 17
6337 17
6338 17
6339 17
6340 17
6341 17
6342 17
6343 16
6344 19
6345 16
6346 18
6347 18
6348 18
6349 18
6350 20
6351 21
6352 18
6353 18
6354 30
6355 20
6356 18
6357 17
6358 18
6359 18
6360 18
6361 17
6362 18
6363 18
6364 17
6365 18
6366 17
6367 134
6368 23
6369 18
6370 21
6371 18
6372 18
6373 19
6374 18
6375 19
6376 19
6377 17
6378 18
6379 19
6380 18
6381 18
6382 18
6383 17
6384 17
6385 18
6386 17
6387 19
6388 18
6389 18
6390 17
6391 17
6392 17
6393 19
6394 21
6395 18
6396 18
6397 19
6398 18
6399 18
6400 18
6401 17
6402 17
6403 18
6404 17
6405 17
6406 17
6407 18
6408 18
6409 18
6410 19
6411 19
6412 18
6413 19
6414 19
6415 18
6416 18
6417 18
6418 18
6419 18
6420 17
6421 18
6422 19
6423 18
6424 18
6425 19
6426 20
6427 20
6428 19
6429 18
6430 17
6431 18
6432 18
6433 17
6434 18
6435 18
6436 18
6437 18
6438 17
6439 18
6440 17
6441 34
6442 21
6443 19
6444 17
6445 18
6446 18
6447 19
6448 19
6449 18
6450 17
6451 18
6452 18
6453 18
6454 17
6455 18
6456 17
6457 18
6458 20
6459 19
6460 19
6461 17
6462 18
6463 18
6464 18
6465 18
6466 18
6467 19
6468 19
6469 18
6470 18
6471 18
6472 17
6473 18
6474 18
6475 17
6476 17
6477 18
6478 18
6479 21
6480 20
6481 18
6482 19
6483 18
6484 17
6485 18
6486 18
6487 18
6488 18
6489 19
6490 17
6491 18
6492 18
6493 18
6494 17
6495 19
6496 20
6497 20
6498 18
6499 19
6500 18
6501 18
6502 18
6503 18
6504 18
6505 17
6506 18
6507 18
6508 17
6509 17
6510 17
6511 19
6512 22
6513 19
6514 17
6515 19
6516 34
6517 19
6518 18
6519 18
6520 18
6521 17
6522 18
6523 18
6524 19
6525 19
6526 19
6527 18
6528 18
6529 18
6530 18
6531 18
6532 19
6533 21
6534 38
6535 18
6536 18
6537 19
6538 19
6539 18
6540 17
6541 18
6542 20
6543 21
6544 18
6545 19
6546 18
6547 19
6548 18
6549 19
6550 19
6551 18
6552 18
6553 19
6554 17
6555 17
6556 17
6557 17
6558 18
6559 21
6560 18
6561 18
6562 18
6563 17
6564 18
6565 18
6566 17
6567 17
6568 17
6569 17
6570 17
6571 17
6572 17
6573 17
6574 17
6575 19
6576 20
6577 19
6578 18
6579 18
6580 19
6581 19
6582 17
6583 20
6584 18
6585 18
6586 18
6587 18
6588 18
6589 17
6590 17
6591 18
6592 18
6593 18
6594 19
6595 20
6596 18
6597 21
6598 19
6599 20
6600 17
6601 17
6602 17
6603 18
6604 18
6605 17
6606 18
6607 19
6608 19
6609 19
6610 20
6611 20
6612 18
6613 18
6614 21
6615 18
6616 18
6617 17
6618 20
6619 19
6620 18
6621 18
6622 19
6623 18
6624 19
6625 18
6626 18
6627 18
6628 18
6629 17
6630 18
6631 17
6632 18
6633 18
6634 17
6635 18
6636 18
6637 17
6638 17
6639 18
6640 18
6641 18
6642 19
6643 19
6644 18
6645 18
6646 19
6647 18
6648 18
6649 17
6650 32
6651 19
6652 18
6653 18
6654 18
6655 18
6656 20
6657 18
6658 17
6659 18
6660 29
6661 19
6662 18
6663 18
6664 18
6665 18
6666 21
6667 19
6668 18
6669 18
6670 18
6671 18
6672 17
6673 17
6674 18
6675 18
6676 17
6677 18
6678 17
6679 18
6680 18
6681 17
6682 19
6683 20
6684 19
6685 18
6686 19
6687 18
6688 18
6689 17
6690 18
6691 18
6692 17
6693 18
6694 17
6695 18
6696 17
6697 25
6698 21
6699 21
6700 18
6701 18
6702 18
6703 21
6704 18
6705 24
6706 26
6707 21
6708 19
6709 18
6710 17
6711 17
6712 17
6713 17
6714 17
6715 18
6716 17
6717 17
6718 17
6719 17
6720 19
6721 20
6722 19
6723 18
6724 18
6725 21
6726 17
6727 19
6728 19
6729 19
6730 18
6731 19
6732 18
6733 18
6734 20
6735 18
6736 19
6737 18
6738 19
6739 19
6740 18
6741 26
6742 17
6743 18
6744 18
6745 18
6746 19
6747 18
6748 18
6749 17
6750 18
6751 18
6752 18
6753 18
6754 18
6755 17
6756 18
6757 20
6758 17
6759 18
6760 18
6761 18
6762 18
6763 17
6764 17
6765 18
6766 17
6767 18
6768 20
6769 17
6770 17
6771 18
6772 17
6773 18
6774 17
6775 17
6776 17
6777 18
6778 17
6779 19
6780 18
6781 17
6782 17
6783 18
6784 17
6785 17
6786 18
6787 18
6788 19
6789 17
6790 20
6791 18
6792 17
6793 17
6794 17
6795 17
6796 17
6797 18
6798 19
6799 19
6800 17
6801 18
6802 19
6803 18
6804 17
6805 20
6806 17
6807 18
6808 17
6809 17
6810 18
6811 19
6812 18
6813 20
6814 18
6815 18
6816 17
6817 19
6818 21
6819 17
6820 18
6821 17
6822 19
6823 17
6824 17
6825 17
6826 18
6827 19
6828 17
6829 18
6830 18
6831 18
6832 18
6833 17
6834 20
6835 17
6836 17
6837 18
6838 19
6839 18
6840 18
6841 17
6842 17
6843 18
6844 19
6845 20
6846 18
6847 18
6848 18
6849 17
6850 17
6851 17
6852 18
6853 17
6854 17
6855 17
6856 18
6857 17
6858 17
6859 18
6860 17
6861 19
6862 21
6863 18
6864 17
6865 17
6866 17
6867 18
6868 17
6869 20
6870 17
6871 17
6872 17
6873 17
6874 17
6875 18
6876 17
6877 18
6878 18
6879 19
6880 33
6881 20
6882 18
6883 20
6884 18
6885 18
6886 18
6887 17
6888 18
6889 18
6890 17
6891 18
6892 18
6893 18
6894 17
6895 18
6896 18
6897 17
6898 18
6899 18
6900 19
6901 18
6902 18
6903 17
6904 18
6905 17
6906 18
6907 18
6908 17
6909 17
6910 18
6911 19
6912 17
6913 18
6914 17
6915 17
6916 18
6917 18
6918 18
6919 17
6920 17
6921 17
6922 30
6923 19
6924 19
6925 24
6926 21
6927 18
6928 18
6929 21
6930 20
6931 17
6932 17
6933 22
6934 17
6935 17
6936 34
6937 17
6938 19
6939 22
6940 19
6941 18
6942 17
6943 22
6944 18
6945 18
6946 18
6947 18
6948 18
6949 17
6950 18
6951 21
6952 18
6953 21
6954 20
6955 18
6956 18
6957 17
6958 18
6959 19
6960 17
6961 17
6962 17
6963 17
6964 20
6965 17
6966 22
6967 17
6968 18
6969 18
6970 17
6971 18
6972 18
6973 18
6974 18
6975 18
6976 18
6977 18
6978 18
6979 18
6980 17
6981 18
6982 18
6983 17
6984 17
6985 18
6986 20
6987 19
6988 21
6989 18
6990 18
6991 18
6992 23
6993 18
6994 18
6995 17
6996 17
6997 23
6998 17
6999 22
7000 17
7001 19
7002 19
7003 19
7004 20
7005 17
7006 20
7007 18
7008 18
7009 20
7010 18
7011 22
7012 17
7013 21
7014 18
7015 18
7016 18
7017 19
7018 18
7019 18
7020 19
7021 22
7022 18
7023 19
7024 22
7025 22
7026 18
7027 20
7028 18
7029 20
7030 18
7031 19
7032 17
7033 19
7034 19
7035 20
7036 18
7037 18
7038 23
7039 106
7040 19
7041 17
7042 21
7043 18
7044 19
7045 22
7046 20
7047 21
7048 18
7049 20
7050 18
7051 21
7052 18
7053 34
7054 20
7055 18
7056 18
7057 18
7058 17
7059 17
7060 18
7061 23
7062 18
7063 18
7064 20
7065 18
7066 19
7067 19
7068 29
7069 20
7070 21
7071 18
7072 19
7073 18
7074 23
7075 18
7076 18
7077 18
7078 21
7079 18
7080 22
7081 18
7082 23
7083 17
7084 17
7085 18
7086 19
7087 19
7088 25
7089 18
7090 22
7091 25
7092 21
7093 18
7094 19
7095 19
7096 17
7097 18
7098 18
7099 17
7100 22
7101 18
7102 18
7103 18
7104 18
7105 17
7106 18
7107 18
7108 18
7109 17
7110 19
7111 20
7112 24
7113 18
7114 19
7115 19
7116 19
7117 18
7118 17
7119 18
7120 18
7121 18
7122 18
7123 17
7124 18
7125 23
7126 19
7127 18
7128 18
7129 18
7130 17
7131 18
7132 19
7133 18
7134 18
7135 17
7136 18
7137 18
7138 41
7139 17
7140 18
7141 18
7142 18
7143 17
7144 20
7145 18
7146 18
7147 20
7148 19
7149 19
7150 18
7151 17
7152 19
7153 18
7154 18
7155 17
7156 18
7157 17
7158 19
7159 17
7160 18
7161 17
7162 18
7163 18
7164 21
7165 19
7166 17
7167 17
7168 19
7169 19
7170 18
7171 18
7172 18
7173 18
7174 18
7175 18
7176 17
7177 19
7178 17
7179 19
7180 25
7181 18
7182 18
7183 18
7184 20
7185 20
7186 18
7187 18
7188 18
7189 20
7190 18
7191 18
7192 18
7193 17
7194 18
7195 18
7196 19
7197 18
7198 19
7199 18
7200 18
7201 18
7202 17
7203 19
7204 19
7205 18
7206 19
7207 18
7208 18
7209 18
7210 19
7211 18
7212 20
7213 24
7214 18
7215 17
7216 19
7217 22
7218 18
7219 17
7220 17
7221 18
7222 17
7223 18
7224 18
7225 18
7226 18
7227 18
7228 17
7229 17
7230 18
7231 18
7232 31
7233 20
7234 18
7235 17
7236 18
7237 18
7238 18
7239 18
7240 18
7241 17
7242 18
7243 18
7244 19
7245 17
7246 18
7247 18
7248 18
7249 18
7250 18
7251 18
7252 18
7253 22
7254 17
7255 18
7256 18
7257 17
7258 19
7259 20
7260 23
7261 17
7262 19
7263 18
7264 19
7265 17
7266 17
7267 17
7268 17
7269 18
7270 18
7271 17
7272 17
7273 17
7274 17
7275 18
7276 19
7277 17
7278 18
7279 19
7280 21
7281 21
7282 18
7283 18
7284 18
7285 17
7286 19
7287 18
7288 18
7289 17
7290 17
7291 18
7292 18
7293 18
7294 18
7295 19
7296 17
7297 18
7298 18
7299 18
7300 17
7301 17
7302 17
7303 17
7304 17
7305 17
7306 18
7307 19
7308 18
7309 18
7310 19
7311 20
7312 17
7313 17
7314 18
7315 18
7316 18
7317 21
7318 18
7319 18
7320 19
7321 17
7322 18
7323 17
7324 18
7325 17
7326 18
7327 18
7328 17
7329 18
7330 18
7331 17
7332 18
7333 17
7334 18
7335 17
7336 19
7337 17
7338 18
7339 19
7340 18
7341 18
7342 20
7343 17
7344 18
7345 17
7346 17
7347 17
7348 17
7349 18
7350 18
7351 17
7352 29
7353 19
7354 17
7355 18
7356 17
7357 17
7358 17
7359 17
7360 17
7361 18
7362 18
7363 18
7364 16
7365 17
7366 17
7367 18
7368 17
7369 17
7370 17
7371 17
7372 17
7373 17
7374 18
7375 20
7376 18
7377 18
7378 18
7379 17
7380 17
7381 19
7382 17
7383 17
7384 17
7385 18
7386 19
7387 25
7388 18
7389 17
7390 17
7391 17
7392 18
7393 18
7394 18
7395 18
7396 18
7397 17
7398 17
7399 17
7400 17
7401 17
7402 18
7403 18
7404 18
7405 17
7406 17
7407 17
7408 18
7409 18
7410 18
7411 18
7412 18
7413 18
7414 17
7415 17
7416 17
7417 18
7418 18
7419 18
7420 19
7421 18
7422 18
7423 17
7424 17
7425 18
7426 17
7427 17
7428 17
7429 17
7430 17
7431 17
7432 17
7433 18
7434 17
7435 17
7436 17
7437 17
7438 18
7439 18
7440 18
7441 17
7442 28
7443 18
7444 18
7445 21
7446 19
7447 19
7448 19
7449 17
7450 17
7451 17
7452 21
7453 17
7454 17
7455 18
7456 22
7457 18
7458 19
7459 18
7460 17
7461 18
7462 17
7463 17
7464 17
7465 17
7466 19
7467 18
7468 20
7469 26
7470 19
7471 19
7472 20
7473 18
7474 17
7475 18
7476 18
7477 18
7478 18
7479 18
7480 21
7481 17
7482 19
7483 17
7484 18
7485 20
7486 19
7487 17
7488 17
7489 18
7490 18
7491 18
7492 18
7493 18
7494 17
7495 30
7496 18
7497 17
7498 18
7499 17
7500 18
7501 18
7502 17
7503 17
7504 17
7505 19
7506 18
7507 17
7508 17
7509 21
7510 17
7511 18
7512 21
7513 19
7514 17
7515 18
7516 17
7517 17
7518 18
7519 17
7520 17
7521 17
7522 19
7523 18
7524 18
7525 17
7526 17
7527 18
7528 18
7529 17
7530 18
7531 17
7532 17
7533 17
7534 18
7535 18
7536 18
7537 19
7538 18
7539 18
7540 21
7541 18
7542 20
7543 18
7544 32
7545 23
7546 18
7547 18
7548 20
7549 17
7550 21
7551 18
7552 20
7553 18
7554 21
7555 18
7556 21
7557 17
7558 38
7559 23
7560 33
7561 22
7562 27
7563 26
7564 17
7565 18
7566 18
7567 18
7568 18
7569 18
7570 17
7571 18
7572 32
7573 23
7574 18
7575 19
7576 17
7577 19
7578 18
7579 18
7580 17
7581 18
7582 30
7583 19
7584 20
7585 18
7586 18
7587 18
7588 17
7589 18
7590 18
7591 18
7592 17
7593 18
7594 19
7595 18
7596 17
7597 22
7598 21
7599 18
7600 19
7601 20
7602 18
7603 18
7604 18
7605 17
7606 20
7607 20
7608 18
7609 17
7610 20
7611 18
7612 18
7613 17
7614 18
7615 18
7616 18
7617 18
7618 17
7619 18
7620 19
7621 19
7622 18
7623 18
7624 18
7625 20
7626 17
7627 17
7628 18
7629 18
7630 17
7631 17
7632 17
7633 18
7634 18
7635 18
7636 19
7637 23
7638 21
7639 18
7640 17
7641 20
7642 18
7643 18
7644 17
7645 19
7646 17
7647 17
7648 17
7649 17
7650 20
7651 18
7652 17
7653 19
7654 22
7655 18
7656 18
7657 20
7658 18
7659 17
7660 20
7661 18
7662 17
7663 18
7664 18
7665 17
7666 20
7667 18
7668 18
7669 20
7670 18
7671 18
7672 20
7673 29
7674 19
7675 17
7676 18
7677 17
7678 28
7679 21
7680 18
7681 17
7682 18
7683 20
7684 21
7685 18
7686 21
7687 18
7688 18
7689 21
7690 18
7691 19
7692 19
7693 19
7694 18
7695 18
7696 18
7697 18
7698 18
7699 19
7700 18
7701 19
7702 19
7703 18
7704 19
7705 21
7706 22
7707 22
7708 17
7709 18
7710 19
7711 19
7712 18
7713 18
7714 17
7715 18
7716 19
7717 18
7718 18
7719 20
7720 29
7721 21
7722 17
7723 21
7724 17
7725 18
7726 18
7727 446
7728 26
7729 19
7730 18
7731 18
7732 17
7733 17
7734 17
7735 18
7736 18
7737 17
7738 18
7739 18
7740 19
7741 19
7742 18
7743 17
7744 22
7745 17
7746 19
7747 17
7748 19
7749 29
7750 20
7751 18
7752 19
7753 17
7754 20
7755 17
7756 21
7757 17
7758 20
7759 18
7760 20
7761 18
7762 20
7763 18
7764 18
7765 20
7766 19
7767 20
7768 18
7769 20
7770 18
7771 18
7772 21
7773 17
7774 21
7775 19
7776 19
7777 21
7778 18
7779 20
7780 19
7781 20
7782 17
7783 20
7784 17
7785 20
7786 18
7787 18
7788 17
7789 19
7790 18
7791 22
7792 20
7793 18
7794 18
7795 19
7796 19
7797 19
7798 18
7799 20
7800 18
7801 30
7802 19
7803 20
7804 17
7805 18
7806 19
7807 18
7808 18
7809 18
7810 20
7811 18
7812 19
7813 18
7814 18
7815 18
7816 35
7817 19
7818 21
7819 17
7820 18
7821 23
7822 20
7823 19
7824 21
7825 18
7826 25
7827 18
7828 18
7829 18
7830 17
7831 19
7832 18
7833 20
7834 17
7835 21
7836 18
7837 22
7838 17
7839 20
7840 17
7841 18
7842 20
7843 17
7844 19
7845 18
7846 18
7847 19
7848 18
7849 20
7850 17
7851 20
7852 17
7853 20
7854 17
7855 19
7856 18
7857 17
7858 18
7859 21
7860 18
7861 17
7862 18
7863 20
7864 22
7865 18
7866 18
7867 19
7868 18
7869 20
7870 18
7871 19
7872 18
7873 20
7874 19
7875 20
7876 23
7877 22
7878 19
7879 17
7880 17
7881 17
7882 20
7883 18
7884 28
7885 19
7886 18
7887 18
7888 18
7889 18
7890 18
7891 18
7892 19
7893 18
7894 18
7895 21
7896 18
7897 21
7898 18
7899 18
7900 17
7901 18
7902 18
7903 20
7904 18
7905 18
7906 18
7907 17
7908 18
7909 21
7910 18
7911 23
7912 18
7913 19
7914 18
7915 18
7916 19
7917 18
7918 21
7919 18
7920 19
7921 18
7922 18
7923 17
7924 18
7925 17
7926 21
7927 18
7928 17
7929 22
7930 19
7931 17
7932 19
7933 18
7934 20
7935 18
7936 18
7937 20
7938 19
7939 19
7940 18
7941 20
7942 18
7943 20
7944 18
7945 17
7946 19
7947 18
7948 18
7949 20
7950 19
7951 22
7952 18
7953 18
7954 18
7955 19
7956 22
7957 18
7958 18
7959 19
7960 19
7961 20
7962 18
7963 19
7964 18
7965 17
7966 18
7967 18
7968 18
7969 18
7970 19
7971 17
7972 19
7973 18
7974 18
7975 18
7976 18
7977 18
7978 17
7979 18
7980 17
7981 20
7982 19
7983 19
7984 18
7985 17
7986 17
7987 18
7988 17
7989 19
7990 17
7991 19
7992 20
7993 18
7994 20
7995 18
7996 28
7997 19
7998 19
7999 18
8000 17
8001 17
8002 18
8003 18
8004 21
8005 18
8006 18
8007 18
8008 21
8009 18
8010 21
8011 17
8012 19
8013 22
8014 18
8015 19
8016 18
8017 21
8018 18
8019 19
8020 18
8021 18
8022 18
8023 18
8024 18
8025 18
8026 20
8027 17
8028 18
8029 18
8030 18
8031 18
8032 18
8033 18
8034 18
8035 18
8036 19
8037 18
8038 18
8039 20
8040 18
8041 19
8042 21
8043 18
8044 18
8045 17
8046 36
8047 21
8048 18
8049 20
8050 18
8051 18
8052 18
8053 18
8054 18
8055 17
8056 18
8057 18
8058 19
8059 18
8060 18
8061 18
8062 18
8063 18
8064 24
8065 20
8066 18
8067 19
8068 20
8069 18
8070 18
8071 17
8072 17
8073 18
8074 17
8075 28
8076 19
8077 18
8078 18
8079 18
8080 18
8081 19
8082 17
8083 18
8084 17
8085 18
8086 18
8087 18
8088 18
8089 18
8090 18
8091 19
8092 21
8093 19
8094 19
8095 18
8096 18
8097 18
8098 18
8099 17
8100 17
8101 18
8102 19
8103 18
8104 17
8105 17
8106 17
8107 26
8108 19
8109 18
8110 18
8111 18
8112 17
8113 19
8114 18
8115 18
8116 17
8117 18
8118 18
8119 18
8120 18
8121 17
8122 18
8123 18
8124 19
8125 18
8126 18
8127 18
8128 18
8129 17
8130 18
8131 17
8132 18
8133 17
8134 18
8135 18
8136 17
8137 17
8138 18
8139 18
8140 18
8141 19
8142 18
8143 17
8144 18
8145 17
8146 17
8147 17
8148 17
8149 17
8150 17
8151 17
8152 17
8153 17
8154 17
8155 17
8156 17
8157 18
8158 18
8159 18
8160 17
8161 18
8162 18
8163 19
8164 17
8165 18
8166 17
8167 17
8168 18
8169 18
8170 17
8171 17
8172 17
8173 18
8174 19
8175 18
8176 18
8177 17
8178 18
8179 18
8180 17
8181 18
8182 18
8183 18
8184 17
8185 17
8186 17
8187 18
8188 18
8189 18
8190 17
8191 19
8192 18
8193 18
8194 17
8195 18
8196 18
8197 18
8198 18
8199 18
8200 17
8201 17
8202 18
8203 18
8204 18
8205 18
8206 17
8207 18
8208 18
8209 17
8210 18
8211 18
8212 17
8213 18
8214 18
8215 18
8216 17
8217 17
8218 18
8219 17
8220 17
8221 26
8222 18
8223 17
8224 17
8225 17
8226 17
8227 17
8228 17
8229 27
8230 18
8231 18
8232 18
8233 18
8234 17
8235 17
8236 17
8237 17
8238 17
8239 17
8240 18
8241 18
8242 18
8243 17
8244 18
8245 17
8246 18
8247 18
8248 17
8249 17
8250 17
8251 26
8252 18
8253 17
8254 22
8255 18
8256 18
8257 17
8258 17
8259 18
8260 18
8261 18
8262 18
8263 17
8264 18
8265 17
8266 17
8267 17
8268 17
8269 18
8270 18
8271 17
8272 18
8273 18
8274 17
8275 18
8276 17
8277 17
8278 18
8279 19
8280 18
8281 18
8282 18
8283 17
8284 18
8285 17
8286 18
8287 17
8288 18
8289 17
8290 19
8291 18
8292 18
8293 17
8294 18
8295 18
8296 17
8297 17
8298 18
8299 17
8300 17
8301 17
8302 17
8303 17
8304 17
8305 18
8306 18
8307 19
8308 18
8309 18
8310 18
8311 18
8312 18
8313 18
8314 18
8315 18
8316 17
8317 18
8318 18
8319 18
8320 18
8321 18
8322 18
8323 18
8324 19
8325 18
8326 17
8327 18
8328 17
8329 17
8330 18
8331 18
8332 17
8333 18
8334 17
8335 18
8336 18
8337 17
8338 18
8339 17
8340 19
8341 18
8342 17
8343 17
8344 18
8345 17
8346 18
8347 18
8348 17
8349 17
8350 17
8351 17
8352 17
8353 17
8354 18
8355 17
8356 17
8357 19
8358 18
8359 17
8360 18
8361 17
8362 18
8363 18
8364 18
8365 18
8366 17
8367 18
8368 18
8369 18
8370 18
8371 17
8372 18
8373 17
8374 19
8375 18
8376 18
8377 17
8378 18
8379 19
8380 17
8381 18
8382 18
8383 17
8384 18
8385 18
8386 18
8387 17
8388 18
8389 18
8390 18
8391 17
8392 21
8393 17
8394 18
8395 18
8396 18
8397 18
8398 27
8399 18
8400 19
8401 18
8402 17
8403 18
8404 17
8405 17
8406 18
8407 19
8408 18
8409 18
8410 17
8411 17
8412 18
8413 18
8414 17
8415 17
8416 18
8417 17
8418 17
8419 18
8420 17
8421 17
8422 17
8423 18
8424 18
8425 18
8426 17
8427 18
8428 18
8429 17
8430 18
8431 18
8432 17
8433 18
8434 20
8435 18
8436 18
8437 18
8438 17
8439 18
8440 17
8441 17
8442 18
8443 18
8444 18
8445 17
8446 17
8447 18
8448 18
8449 17
8450 18
8451 19
8452 18
8453 17
8454 18
8455 18
8456 21
8457 18
8458 17
8459 18
8460 18
8461 18
8462 17
8463 18
8464 18
8465 17
8466 18
8467 18
8468 23
8469 17
8470 19
8471 18
8472 17
8473 17
8474 18
8475 18
8476 19
8477 17
8478 18
8479 18
8480 18
8481 19
8482 18
8483 18
8484 18
8485 17
8486 17
8487 17
8488 17
8489 18
8490 20
8491 17
8492 17
8493 17
8494 18
8495 18
8496 17
8497 18
8498 17
8499 17
8500 17
8501 17
8502 17
8503 17
8504 17
8505 17
8506 18
8507 17
8508 18
8509 18
8510 18
8511 17
8512 18
8513 19
8514 17
8515 17
8516 18
8517 31
8518 19
8519 17
8520 20
8521 17
8522 18
8523 17
8524 18
8525 17
8526 18
8527 17
8528 18
8529 17
8530 18
8531 17
8532 17
8533 19
8534 19
8535 17
8536 17
8537 17
8538 18
8539 19
8540 20
8541 20
8542 17
8543 18
8544 17
8545 17
8546 17
8547 19
8548 17
8549 17
8550 19
8551 18
8552 18
8553 18
8554 18
8555 18
8556 17
8557 17
8558 18
8559 18
8560 18
8561 17
8562 19
8563 18
8564 18
8565 18
8566 19
8567 18
8568 18
8569 18
8570 18
8571 22
8572 19
8573 46
8574 19
8575 18
8576 19
8577 18
8578 17
8579 17
8580 18
8581 18
8582 19
8583 18
8584 22
8585 18
8586 19
8587 21
8588 17
8589 18
8590 17
8591 18
8592 18
8593 19
8594 19
8595 19
8596 20
8597 17
8598 19
8599 17
8600 18
8601 19
8602 19
8603 18
8604 18
8605 19
8606 20
8607 20
8608 18
8609 19
8610 19
8611 19
8612 18
8613 18
8614 18
8615 18
8616 18
8617 18
8618 19
8619 18
8620 40
8621 24
8622 24
8623 18
8624 19
8625 19
8626 19
8627 19
8628 17
8629 19
8630 19
8631 20
8632 40
8633 23
8634 18
8635 19
8636 19
8637 17
8638 18
8639 20
8640 19
8641 19
8642 18
8643 19
8644 19
8645 19
8646 17
8647 17
8648 26
8649 19
8650 18
8651 18
8652 17
8653 19
8654 18
8655 17
8656 17
8657 20
8658 20
8659 19
8660 18
8661 18
8662 21
8663 19
8664 19
8665 22
8666 21
8667 47
8668 21
8669 19
8670 19
8671 20
8672 17
8673 19
8674 18
8675 19
8676 17
8677 19
8678 19
8679 19
8680 17
8681 19
8682 19
8683 37
8684 20
8685 21
8686 17
8687 18
8688 17
8689 19
8690 19
8691 19
8692 37
8693 23
8694 18
8695 19
8696 18
8697 19
8698 19
8699 17
8700 19
8701 17
8702 18
8703 18
8704 18
8705 20
8706 19
8707 19
8708 18
8709 19
8710 18
8711 18
8712 29
8713 30
8714 19
8715 19
8716 19
8717 18
8718 17
8719 19
8720 17
8721 17
8722 21
8723 20
8724 22
8725 19
8726 17
8727 21
8728 22
8729 19
8730 18
8731 18
8732 17
8733 18
8734 27
8735 17
8736 18
8737 34
8738 20
8739 19
8740 18
8741 18
8742 18
8743 19
8744 19
8745 17
8746 18
8747 31
8748 19
8749 22
8750 19
8751 17
8752 18
8753 18
8754 18
8755 17
8756 17
8757 18
8758 18
8759 18
8760 19
8761 18
8762 18
8763 20
8764 25
8765 18
8766 20
8767 19
8768 21
8769 20
8770 19
8771 19
8772 19
8773 19
8774 18
8775 18
8776 22
8777 18
8778 18
8779 18
8780 18
8781 19
8782 18
8783 17
8784 18
8785 18
8786 19
8787 22
8788 19
8789 19
8790 19
8791 17
8792 18
8793 19
8794 19
8795 18
8796 17
8797 17
8798 18
8799 18
8800 18
8801 20
8802 18
8803 18
8804 17
8805 21
8806 18
8807 19
8808 18
8809 18
8810 19
8811 26
8812 19
8813 18
8814 18
8815 19
8816 22
8817 18
8818 19
8819 19
8820 19
8821 17
8822 18
8823 18
8824 19
8825 17
8826 19
8827 18
8828 18
8829 18
8830 17
8831 38
8832 19
8833 19
8834 17
8835 17
8836 17
8837 18
8838 18
8839 18
8840 27
8841 18
8842 34
8843 19
8844 20
8845 17
8846 18
8847 18
8848 19
8849 19
8850 17
8851 18
8852 17
8853 19
8854 19
8855 18
8856 31
8857 21
8858 20
8859 18
8860 19
8861 18
8862 20
8863 23
8864 18
8865 19
8866 20
8867 19
8868 19
8869 18
8870 19
8871 18
8872 19
8873 19
8874 18
8875 17
8876 18
8877 19
8878 23
8879 19
8880 17
8881 18
8882 19
8883 21
8884 18
8885 18
8886 19
8887 18
8888 17
8889 18
8890 17
8891 18
8892 18
8893 19
8894 17
8895 17
8896 18
8897 18
8898 18
8899 22
8900 821
8901 23
8902 18
8903 19
8904 21
8905 21
8906 19
8907 18
8908 18
8909 18
8910 21
8911 18
8912 18
8913 17
8914 17
8915 17
8916 18
8917 18
8918 18
8919 17
8920 18
8921 21
8922 19
8923 19
8924 18
8925 19
8926 17
8927 18
8928 17
8929 19
8930 17
8931 22
8932 18
8933 19
8934 17
8935 17
8936 17
8937 17
8938 17
8939 17
8940 17
8941 17
8942 18
8943 17
8944 17
8945 18
8946 18
8947 18
8948 19
8949 18
8950 17
8951 17
8952 18
8953 17
8954 18
8955 17
8956 18
8957 18
8958 31
8959 19
8960 18
8961 18
8962 18
8963 17
8964 18
8965 17
8966 18
8967 17
8968 19
8969 18
8970 17
8971 18
8972 18
8973 18
8974 18
8975 18
8976 18
8977 17
8978 18
8979 18
8980 18
8981 32
8982 19
8983 18
8984 19
8985 19
8986 17
8987 17
8988 18
8989 18
8990 18
8991 18
8992 17
8993 17
8994 17
8995 19
8996 18
8997 19
8998 18
8999 17
9000 18
9001 18
9002 18
9003 17
9004 17
9005 18
9006 18
9007 18
9008 19
9009 18
9010 17
9011 18
9012 18
9013 18
9014 18
9015 18
9016 18
9017 17
9018 18
9019 18
9020 18
9021 19
9022 17
9023 31
9024 19
9025 17
9026 19
9027 18
9028 18
9029 22
9030 18
9031 18
9032 19
9033 18
9034 19
9035 18
9036 20
9037 18
9038 17
9039 17
9040 17
9041 18
9042 17
9043 17
9044 26
9045 25
9046 24
9047 25
9048 24
9049 25
9050 24
9051 25
9052 24
9053 24
9054 24
9055 24
9056 25
9057 25
9058 25
9059 24
9060 25
9061 24
9062 24
9063 24
9064 23
9065 25
9066 24
9067 24
9068 38
9069 25
9070 24
9071 24
9072 24
9073 24
9074 24
9075 24
9076 23
9077 23
9078 24
9079 24
9080 24
9081 27
9082 25
9083 24
9084 24
9085 25
9086 24
9087 23
9088 25
9089 24
9090 24
9091 24
9092 36
9093 29
9094 24
9095 24
9096 22
9097 24
9098 24
9099 25
9100 24
9101 26
9102 25
9103 24
9104 24
9105 27
9106 24
9107 24
9108 24
9109 25
9110 24
9111 25
9112 24
9113 25
9114 26
9115 24
9116 24
9117 28
9118 25
9119 24
9120 25
9121 24
9122 23
9123 26
9124 24
9125 24
9126 24
9127 25
9128 24
9129 24
9130 25
9131 24
9132 37
9133 25
9134 24
9135 25
9136 21
9137 25
9138 25
9139 24
9140 24
9141 23
9142 24
9143 26
9144 24
9145 24
9146 27
9147 24
9148 24
9149 29
9150 25
9151 24
9152 24
9153 24
9154 24
9155 24
9156 24
9157 25
9158 24
9159 24
9160 26
9161 24
9162 24
9163 26
9164 35
9165 25
9166 24
9167 24
9168 24
9169 26
9170 24
9171 24
9172 24
9173 23
9174 23
9175 24
9176 25
9177 25
9178 27
9179 23
9180 24
9181 24
9182 24
9183 24
9184 24
9185 23
9186 25
9187 24
9188 24
9189 25
9190 24
9191 25
9192 24
9193 24
9194 24
9195 23
9196 25
9197 24
9198 24
9199 27
9200 25
9201 24
9202 24
9203 21
9204 24
9205 23
9206 24
9207 24
9208 24
9209 22
9210 24
9211 23
9212 24
9213 24
9214 24
9215 24
9216 24
9217 25
9218 24
9219 24
9220 24
9221 24
9222 27
9223 25
9224 25
9225 24
9226 25
9227 24
9228 24
9229 24
9230 25
9231 24
9232 24
9233 24
9234 24
9235 23
9236 24
9237 24
9238 24
9239 25
9240 24
9241 24
9242 180
9243 22
9244 19
9245 19
9246 19
9247 18
9248 18
9249 19
9250 18
9251 22
9252 20
9253 20
9254 20
9255 19
9256 20
9257 20
9258 32
9259 20
9260 18
9261 19
9262 19
9263 19
9264 19
9265 18
9266 17
9267 17
9268 20
9269 17
9270 18
9271 18
9272 17
9273 17
9274 19
9275 19
9276 17
9277 18
9278 19
9279 19
9280 17
9281 18
9282 17
9283 17
9284 17
9285 17
9286 17
9287 17
9288 17
9289 17
9290 18
9291 19
9292 17
9293 17
9294 18
9295 17
9296 17
9297 17
9298 17
9299 17
9300 17
9301 27
9302 18
9303 17
9304 25
9305 18
9306 18
9307 18
9308 17
9309 18
9310 17
9311 17
9312 18
9313 17
9314 17
9315 17
9316 17
9317 16
9318 18
9319 18
9320 18
9321 17
9322 17
9323 18
9324 18
9325 17
9326 18
9327 17
9328 18
9329 18
9330 17
9331 17
9332 17
9333 18
9334 27
9335 19
9336 17
9337 17
9338 18
9339 20
9340 23
9341 18
9342 17
9343 18
9344 18
9345 18
9346 17
9347 17
9348 17
9349 18
9350 17
9351 18
9352 17
9353 18
9354 18
9355 19
9356 20
9357 19
9358 17
9359 18
9360 19
9361 17
9362 18
9363 17
9364 18
9365 18
9366 22
9367 19
9368 20
9369 19
9370 18
9371 23
9372 18
9373 20
9374 17
9375 17
9376 17
9377 17
9378 18
9379 17
9380 17
9381 17
9382 17
9383 17
9384 18
9385 17
9386 18
9387 16
9388 18
9389 18
9390 17
9391 89
9392 18
9393 17
9394 18
9395 18
9396 18
9397 18
9398 17
9399 17
9400 17
9401 17
9402 18
9403 18
9404 18
9405 17
9406 16
9407 18
9408 17
9409 17
9410 18
9411 17
9412 17
9413 18
9414 18
9415 17
9416 17
9417 17
9418 18
9419 18
9420 18
9421 17
9422 17
9423 17
9424 19
9425 17
9426 18
9427 22
9428 18
9429 17
9430 17
9431 17
9432 21
9433 18
9434 17
9435 18
9436 30
9437 21
9438 18
9439 17
9440 17
9441 18
9442 18
9443 19
9444 17
9445 17
9446 17
9447 19
9448 23
9449 19
9450 18
9451 18
9452 18
9453 17
9454 17
9455 18
9456 17
9457 17
9458 16
9459 20
9460 19
9461 19
9462 19
9463 19
9464 20
9465 18
9466 17
9467 18
9468 17
9469 17
9470 17
9471 18
9472 17
9473 17
9474 17
9475 17
9476 17
9477 17
9478 17
9479 18
9480 17
9481 17
9482 17
9483 19
9484 18
9485 17
9486 17
9487 17
9488 16
9489 17
9490 21
9491 18
9492 18
9493 17
9494 18
9495 19
9496 21
9497 18
9498 18
9499 18
9500 18
9501 18
9502 17
9503 18
9504 18
9505 18
9506 20
9507 31
9508 20
9509 19
9510 17
9511 17
9512 20
9513 21
9514 17
9515 17
9516 17
9517 17
9518 21
9519 17
9520 18
9521 17
9522 17
9523 17
9524 17
9525 17
9526 16
9527 17
9528 17
9529 17
9530 17
9531 17
9532 18
9533 17
9534 17
9535 18
9536 17
9537 19
9538 19
9539 18
9540 17
9541 17
9542 27
9543 18
9544 18
9545 17
9546 18
9547 17
9548 17
9549 17
9550 18
9551 17
9552 17
9553 16
9554 17
9555 17
9556 17
9557 17
9558 17
9559 17
9560 19
9561 17
9562 17
9563 17
9564 17
9565 398
9566 21
9567 17
9568 18
9569 17
9570 18
9571 18
9572 18
9573 18
9574 17
9575 17
9576 18
9577 31
9578 20
9579 18
9580 19
9581 18
9582 17
9583 17
9584 17
9585 17
9586 17
9587 17
9588 17
9589 17
9590 17
9591 17
9592 17
9593 18
9594 17
9595 17
9596 20
9597 18
9598 18
9599 17
9600 18
9601 20
9602 17
9603 17
9604 18
9605 18
9606 17
9607 18
9608 17
9609 17
9610 17
9611 17
9612 17
9613 17
9614 17
9615 17
9616 17
9617 27
9618 19
9619 18
9620 17
9621 17
9622 17
9623 19
9624 18
9625 17
9626 17
9627 18
9628 17
9629 18
9630 18
9631 18
9632 18
9633 17
9634 19
9635 18
9636 17
9637 17
9638 18
9639 17
9640 17
9641 17
9642 17
9643 17
9644 17
9645 17
9646 17
9647 17
9648 17
9649 17
9650 18
9651 17
9652 17
9653 17
9654 17
9655 17
9656 17
9657 17
9658 26
9659 18
9660 17
9661 17
9662 17
9663 17
9664 18
9665 17
9666 18
9667 17
9668 18
9669 17
9670 17
9671 17
9672 18
9673 18
9674 19
9675 19
9676 17
9677 17
9678 18
9679 17
9680 17
9681 18
9682 18
9683 17
9684 18
9685 18
9686 18
9687 17
9688 18
9689 18
9690 17
9691 18
9692 18
9693 16
9694 17
9695 17
9696 17
9697 17
9698 17
9699 17
9700 17
9701 18
9702 19
9703 18
9704 17
9705 17
9706 17
9707 17
9708 17
9709 18
9710 17
9711 17
9712 28
9713 18
9714 18
9715 18
9716 18
9717 18
9718 19
9719 18
9720 18
9721 18
9722 17
9723 18
9724 18
9725 24
9726 19
9727 18
9728 28
9729 19
9730 18
9731 18
9732 17
9733 17
9734 17
9735 17
9736 17
9737 17
9738 17
9739 17
9740 19
9741 18
9742 18
9743 17
9744 17
9745 18
9746 17
9747 18
9748 17
9749 17
9750 18
9751 17
9752 17
9753 18
9754 18
9755 18
9756 18
9757 17
9758 18
9759 17
9760 17
9761 28
9762 19
9763 17
9764 17
9765 17
9766 17
9767 17
9768 18
9769 17
9770 17
9771 17
9772 17
9773 17
9774 18
9775 17
9776 17
9777 17
9778 18
9779 19
9780 17
9781 17
9782 18
9783 16
9784 17
9785 17
9786 17
9787 17
9788 17
9789 17
9790 20
9791 18
9792 17
9793 17
9794 17
9795 17
9796 17
9797 17
9798 16
9799 17
9800 17
9801 17
9802 17
9803 17
9804 17
9805 17
9806 19
9807 19
9808 18
9809 17
9810 16
9811 17
9812 19
9813 17
9814 17
9815 17
9816 17
9817 16
9818 17
9819 17
9820 19
9821 17
9822 17
9823 17
9824 17
9825 17
9826 17
9827 16
9828 17
9829 18
9830 26
9831 17
9832 17
9833 17
9834 17
9835 17
9836 18
9837 18
9838 18
9839 17
9840 17
9841 17
9842 17
9843 17
9844 17
9845 26
9846 18
9847 17
9848 17
9849 17
9850 17
9851 17
9852 18
9853 19
9854 18
9855 17
9856 17
9857 17
9858 17
9859 17
9860 17
9861 17
9862 18
9863 18
9864 17
9865 17
9866 17
9867 18
9868 18
9869 19
9870 17
9871 17
9872 17
9873 17
9874 17
9875 17
9876 19
9877 17
9878 18
9879 17
9880 17
9881 17
9882 17
9883 18
9884 18
9885 19
9886 18
9887 18
9888 18
9889 17
9890 17
9891 17
9892 17
9893 17
9894 17
9895 17
9896 17
9897 17
9898 17
9899 17
9900 18
9901 17
9902 17
9903 34
9904 20
9905 17
9906 17
9907 18
9908 17
9909 18
9910 17
9911 17
9912 18
9913 18
9914 18
9915 19
9916 17
9917 18
9918 19
9919 18
9920 18
9921 17
9922 18
9923 18
9924 18
9925 19
9926 17
9927 17
9928 18
9929 18
9930 18
9931 17
9932 18
9933 18
9934 18
9935 17
9936 18
9937 41
9938 18
9939 18
9940 17
9941 18
9942 18
9943 27
9944 19
9945 17
9946 17
9947 17
9948 17
9949 17
9950 17
9951 16
9952 17
9953 17
9954 18
9955 18
9956 17
9957 18
9958 17
9959 17
9960 17
9961 17
9962 17
9963 17
9964 18
9965 18
9966 17
9967 17
9968 18
9969 18
9970 19
9971 17
9972 17
9973 17
9974 18
9975 17
9976 17
9977 20
9978 18
9979 17
9980 17
9981 17
9982 18
9983 19
9984 18
9985 17
9986 17
9987 17
9988 19
9989 19
9990 18
9991 17
9992 17
9993 19
9994 19
9995 18
9996 17
9997 17
9998 18
9999 18
