0 66
1 18
2 19
3 18
4 18
5 20
6 18
7 20
8 17
9 17
10 19
11 18
12 17
13 17
14 17
15 18
16 18
17 19
18 19
19 18
20 18
21 18
22 17
23 19
24 18
25 17
26 18
27 18
28 19
29 19
30 18
31 36
32 19
33 18
34 17
35 17
36 18
37 17
38 18
39 18
40 17
41 18
42 17
43 18
44 17
45 18
46 18
47 19
48 18
49 18
50 17
51 17
52 17
53 17
54 18
55 17
56 18
57 19
58 18
59 18
60 19
61 19
62 18
63 18
64 29
65 19
66 18
67 19
68 18
69 19
70 18
71 19
72 18
73 18
74 17
75 17
76 19
77 18
78 17
79 18
80 17
81 17
82 17
83 17
84 18
85 17
86 18
87 18
88 18
89 18
90 17
91 18
92 17
93 18
94 17
95 17
96 21
97 18
98 19
99 19
100 19
101 19
102 19
103 18
104 325
105 30
106 19
107 18
108 17
109 17
110 18
111 19
112 18
113 18
114 18
115 18
116 18
117 18
118 18
119 17
120 18
121 18
122 19
123 18
124 17
125 18
126 19
127 20
128 18
129 18
130 17
131 28
132 18
133 17
134 17
135 18
136 17
137 19
138 18
139 18
140 19
141 18
142 18
143 23
144 21
145 19
146 19
147 22
148 23
149 19
150 19
151 19
152 18
153 20
154 18
155 20
156 18
157 18
158 20
159 18
160 19
161 20
162 18
163 19
164 19
165 20
166 18
167 17
168 18
169 20
170 18
171 18
172 19
173 17
174 20
175 18
176 18
177 19
178 19
179 18
180 33
181 20
182 20
183 19
184 19
185 18
186 19
187 19
188 18
189 19
190 19
191 17
192 20
193 18
194 19
195 18
196 19
197 18
198 18
199 18
200 19
201 18
202 19
203 20
204 36
205 21
206 23
207 19
208 18
209 19
210 18
211 18
212 18
213 17
214 18
215 19
216 18
217 18
218 18
219 18
220 18
221 18
222 17
223 17
224 17
225 18
226 18
227 18
228 18
229 17
230 18
231 18
232 17
233 17
234 18
235 17
236 18
237 27
238 19
239 18
240 17
241 25
242 19
243 17
244 18
245 18
246 17
247 17
248 17
249 18
250 18
251 17
252 17
253 22
254 18
255 18
256 17
257 18
258 19
259 18
260 19
261 17
262 18
263 18
264 17
265 18
266 18
267 17
268 17
269 18
270 17
271 18
272 17
273 18
274 18
275 17
276 18
277 18
278 18
279 18
280 17
281 18
282 18
283 17
284 18
285 17
286 18
287 18
288 18
289 17
290 18
291 27
292 18
293 18
294 17
295 17
296 18
297 18
298 18
299 17
300 18
301 19
302 17
303 17
304 18
305 18
306 17
307 18
308 17
309 17
310 18
311 17
312 17
313 19
314 17
315 18
316 18
317 18
318 18
319 18
320 18
321 17
322 18
323 18
324 18
325 18
326 18
327 17
328 17
329 18
330 18
331 18
332 18
333 18
334 33
335 21
336 18
337 18
338 17
339 18
340 17
341 17
342 17
343 17
344 18
345 18
346 17
347 17
348 17
349 17
350 17
351 18
352 17
353 18
354 17
355 17
356 17
357 18
358 18
359 18
360 18
361 17
362 17
363 17
364 17
365 17
366 17
367 17
368 17
369 17
370 17
371 17
372 18
373 17
374 27
375 18
376 17
377 17
378 17
379 17
380 17
381 18
382 18
383 18
384 18
385 17
386 17
387 17
388 17
389 17
390 17
391 17
392 17
393 17
394 17
395 17
396 18
397 17
398 19
399 19
400 17
401 17
402 17
403 17
404 17
405 17
406 17
407 18
408 18
409 18
410 18
411 18
412 17
413 17
414 17
415 17
416 17
417 17
418 17
419 17
420 18
421 18
422 17
423 17
424 18
425 18
426 18
427 17
428 17
429 26
430 17
431 18
432 18
433 17
434 18
435 18
436 17
437 26
438 18
439 18
440 18
441 18
442 18
443 17
444 17
445 27
446 18
447 18
448 18
449 17
450 18
451 17
452 17
453 17
454 17
455 17
456 17
457 18
458 18
459 18
460 17
461 17
462 20
463 18
464 18
465 17
466 17
467 17
468 17
469 17
470 17
471 17
472 18
473 17
474 17
475 17
476 17
477 17
478 17
479 18
480 18
481 17
482 17
483 17
484 17
485 18
486 18
487 19
488 18
489 18
490 19
491 17
492 18
493 17
494 17
495 18
496 17
497 17
498 18
499 17
500 17
501 18
502 17
503 18
504 18
505 17
506 26
507 19
508 17
509 17
510 18
511 18
512 20
513 18
514 17
515 18
516 18
517 18
518 17
519 18
520 17
521 18
522 18
523 17
524 18
525 17
526 18
527 18
528 19
529 19
530 18
531 18
532 18
533 28
534 18
535 17
536 18
537 18
538 17
539 18
540 18
541 18
542 17
543 18
544 18
545 19
546 18
547 18
548 18
549 18
550 18
551 17
552 18
553 18
554 17
555 18
556 19
557 18
558 17
559 18
560 17
561 19
562 18
563 17
564 17
565 17
566 27
567 18
568 17
569 17
570 18
571 17
572 17
573 18
574 18
575 17
576 17
577 18
578 20
579 17
580 18
581 18
582 17
583 17
584 17
585 17
586 18
587 17
588 17
589 17
590 17
591 18
592 18
593 18
594 19
595 18
596 18
597 18
598 17
599 17
600 17
601 17
602 17
603 17
604 17
605 17
606 17
607 32
608 19
609 18
610 17
611 17
612 17
613 19
614 17
615 18
616 18
617 18
618 18
619 17
620 17
621 48
622 19
623 18
624 17
625 17
626 19
627 18
628 17
629 17
630 17
631 18
632 18
633 18
634 17
635 17
636 17
637 18
638 19
639 19
640 17
641 17
642 18
643 18
644 18
645 17
646 17
647 17
648 17
649 17
650 17
651 17
652 17
653 27
654 19
655 17
656 17
657 17
658 17
659 17
660 17
661 18
662 18
663 18
664 17
665 18
666 17
667 17
668 17
669 17
670 25
671 18
672 18
673 18
674 17
675 17
676 17
677 17
678 17
679 17
680 18
681 18
682 19
683 18
684 18
685 18
686 17
687 17
688 17
689 17
690 18
691 18
692 17
693 17
694 17
695 17
696 17
697 17
698 17
699 26
700 18
701 17
702 17
703 18
704 17
705 18
706 17
707 18
708 17
709 17
710 18
711 18
712 18
713 18
714 19
715 19
716 17
717 17
718 18
719 17
720 17
721 18
722 18
723 17
724 17
725 18
726 19
727 18
728 17
729 18
730 17
731 18
732 18
733 17
734 18
735 18
736 17
737 18
738 17
739 18
740 18
741 17
742 20
743 18
744 18
745 17
746 17
747 19
748 19
749 17
750 18
751 17
752 17
753 17
754 17
755 17
756 17
757 17
758 17
759 17
760 17
761 17
762 18
763 18
764 18
765 18
766 18
767 18
768 18
769 18
770 18
771 17
772 17
773 18
774 18
775 17
776 17
777 17
778 18
779 17
780 17
781 19
782 19
783 18
784 18
785 19
786 18
787 17
788 27
789 19
790 18
791 18
792 19
793 18
794 18
795 18
796 18
797 19
798 18
799 18
800 18
801 18
802 17
803 18
804 18
805 18
806 17
807 17
808 17
809 18
810 18
811 17
812 18
813 27
814 19
815 18
816 17
817 18
818 25
819 18
820 18
821 18
822 18
823 18
824 20
825 18
826 17
827 18
828 18
829 17
830 17
831 18
832 17
833 18
834 20
835 18
836 18
837 18
838 19
839 17
840 18
841 18
842 18
843 18
844 17
845 17
846 18
847 19
848 19
849 17
850 17
851 17
852 17
853 17
854 17
855 17
856 17
857 17
858 17
859 17
860 18
861 18
862 18
863 20
864 19
865 18
866 18
867 18
868 18
869 18
870 18
871 17
872 17
873 17
874 17
875 17
876 17
877 17
878 17
879 27
880 18
881 17
882 17
883 18
884 18
885 17
886 17
887 18
888 17
889 18
890 18
891 18
892 17
893 17
894 17
895 17
896 18
897 19
898 19
899 18
900 17
901 18
902 18
903 17
904 17
905 17
906 17
907 17
908 17
909 17
910 17
911 18
912 18
913 17
914 18
915 17
916 17
917 18
918 26
919 18
920 18
921 18
922 18
923 17
924 17
925 17
926 17
927 17
928 18
929 18
930 18
931 17
932 17
933 17
934 17
935 18
936 18
937 18
938 18
939 17
940 17
941 17
942 17
943 17
944 17
945 17
946 17
947 17
948 18
949 18
950 18
951 17
952 18
953 18
954 17
955 17
956 17
957 26
958 18
959 18
960 17
961 17
962 17
963 18
964 18
965 194
966 17
967 17
968 17
969 17
970 26
971 19
972 17
973 17
974 17
975 17
976 18
977 18
978 18
979 18
980 18
981 18
982 18
983 19
984 18
985 17
986 17
987 17
988 17
989 18
990 18
991 18
992 18
993 27
994 18
995 18
996 17
997 18
998 18
999 18
1000 18
1001 17
1002 18
1003 17
1004 18
1005 19
1006 17
1007 18
1008 17
1009 18
1010 17
1011 18
1012 17
1013 18
1014 17
1015 18
1016 17
1017 17
1018 18
1019 18
1020 17
1021 19
1022 17
1023 18
1024 18
1025 17
1026 18
1027 18
1028 17
1029 17
1030 17
1031 17
1032 17
1033 19
1034 17
1035 18
1036 18
1037 18
1038 17
1039 17
1040 18
1041 17
1042 17
1043 19
1044 19
1045 18
1046 17
1047 18
1048 28
1049 18
1050 18
1051 17
1052 17
1053 25
1054 18
1055 18
1056 18
1057 18
1058 17
1059 17
1060 18
1061 17
1062 17
1063 18
1064 18
1065 17
1066 18
1067 18
1068 17
1069 17
1070 17
1071 18
1072 18
1073 17
1074 18
1075 18
1076 18
1077 18
1078 17
1079 17
1080 18
1081 18
1082 25
1083 19
1084 18
1085 17
1086 25
1087 18
1088 17
1089 18
1090 18
1091 18
1092 19
1093 19
1094 17
1095 18
1096 18
1097 18
1098 17
1099 17
1100 18
1101 18
1102 17
1103 18
1104 17
1105 17
1106 18
1107 18
1108 18
1109 19
1110 18
1111 17
1112 18
1113 18
1114 18
1115 17
1116 18
1117 18
1118 17
1119 18
1120 18
1121 18
1122 18
1123 18
1124 17
1125 19
1126 19
1127 17
1128 17
1129 17
1130 20
1131 19
1132 17
1133 19
1134 18
1135 18
1136 18
1137 17
1138 18
1139 17
1140 18
1141 19
1142 18
1143 18
1144 17
1145 17
1146 18
1147 19
1148 17
1149 18
1150 17
1151 19
1152 18
1153 17
1154 17
1155 18
1156 18
1157 17
1158 18
1159 17
1160 17
1161 17
1162 18
1163 18
1164 18
1165 17
1166 18
1167 18
1168 27
1169 19
1170 18
1171 18
1172 17
1173 17
1174 18
1175 18
1176 17
1177 18
1178 17
1179 17
1180 18
1181 18
1182 17
1183 18
1184 17
1185 19
1186 19
1187 17
1188 18
1189 18
1190 17
1191 18
1192 18
1193 17
1194 18
1195 17
1196 19
1197 18
1198 18
1199 17
1200 17
1201 17
1202 17
1203 17
1204 17
1205 18
1206 18
1207 17
1208 17
1209 17
1210 18
1211 17
1212 18
1213 19
1214 17
1215 18
1216 19
1217 19
1218 18
1219 18
1220 18
1221 18
1222 17
1223 18
1224 19
1225 18
1226 18
1227 20
1228 17
1229 17
1230 18
1231 18
1232 18
1233 17
1234 17
1235 17
1236 17
1237 18
1238 18
1239 17
1240 19
1241 19
1242 18
1243 18
1244 19
1245 18
1246 19
1247 19
1248 18
1249 18
1250 18
1251 19
1252 20
1253 19
1254 18
1255 18
1256 18
1257 18
1258 17
1259 18
1260 18
1261 17
1262 17
1263 18
1264 18
1265 18
1266 17
1267 28
1268 18
1269 18
1270 18
1271 19
1272 18
1273 18
1274 17
1275 17
1276 18
1277 17
1278 18
1279 18
1280 17
1281 18
1282 17
1283 18
1284 19
1285 18
1286 18
1287 17
1288 19
1289 19
1290 19
1291 17
1292 18
1293 17
1294 18
1295 17
1296 18
1297 17
1298 17
1299 18
1300 19
1301 20
1302 18
1303 18
1304 17
1305 18
1306 18
1307 18
1308 24
1309 18
1310 18
1311 20
1312 19
1313 19
1314 18
1315 20
1316 18
1317 17
1318 18
1319 19
1320 17
1321 19
1322 20
1323 21
1324 19
1325 19
1326 18
1327 18
1328 18
1329 18
1330 17
1331 18
1332 19
1333 21
1334 18
1335 18
1336 17
1337 17
1338 18
1339 19
1340 18
1341 18
1342 17
1343 17
1344 18
1345 17
1346 19
1347 18
1348 31
1349 19
1350 19
1351 17
1352 17
1353 17
1354 18
1355 18
1356 17
1357 17
1358 18
1359 19
1360 19
1361 19
1362 18
1363 19
1364 20
1365 21
1366 19
1367 18
1368 19
1369 20
1370 20
1371 18
1372 17
1373 18
1374 18
1375 17
1376 18
1377 17
1378 18
1379 18
1380 18
1381 18
1382 18
1383 18
1384 17
1385 17
1386 18
1387 19
1388 18
1389 18
1390 17
1391 18
1392 19
1393 18
1394 18
1395 18
1396 17
1397 18
1398 17
1399 18
1400 18
1401 17
1402 18
1403 17
1404 18
1405 17
1406 17
1407 17
1408 20
1409 19
1410 20
1411 19
1412 19
1413 17
1414 18
1415 18
1416 18
1417 18
1418 17
1419 19
1420 18
1421 17
1422 18
1423 17
1424 18
1425 17
1426 18
1427 18
1428 18
1429 17
1430 19
1431 18
1432 18
1433 18
1434 18
1435 18
1436 18
1437 18
1438 17
1439 19
1440 17
1441 18
1442 18
1443 18
1444 18
1445 18
1446 17
1447 18
1448 18
1449 18
1450 17
1451 17
1452 18
1453 21
1454 18
1455 18
1456 17
1457 19
1458 18
1459 18
1460 17
1461 18
1462 17
1463 17
1464 18
1465 18
1466 17
1467 20
1468 30
1469 19
1470 17
1471 19
1472 19
1473 17
1474 17
1475 18
1476 17
1477 17
1478 17
1479 17
1480 17
1481 28
1482 18
1483 18
1484 18
1485 18
1486 18
1487 18
1488 18
1489 17
1490 17
1491 18
1492 18
1493 17
1494 17
1495 17
1496 17
1497 17
1498 18
1499 17
1500 18
1501 19
1502 17
1503 18
1504 18
1505 17
1506 18
1507 20
1508 18
1509 18
1510 18
1511 18
1512 18
1513 17
1514 18
1515 18
1516 18
1517 17
1518 18
1519 18
1520 18
1521 18
1522 19
1523 18
1524 29
1525 19
1526 18
1527 18
1528 18
1529 18
1530 18
1531 18
1532 18
1533 20
1534 21
1535 20
1536 18
1537 21
1538 20
1539 19
1540 18
1541 18
1542 19
1543 18
1544 18
1545 18
1546 19
1547 18
1548 20
1549 19
1550 22
1551 18
1552 18
1553 18
1554 19
1555 19
1556 18
1557 18
1558 18
1559 22
1560 23
1561 19
1562 17
1563 19
1564 19
1565 18
1566 17
1567 19
1568 19
1569 19
1570 18
1571 19
1572 19
1573 18
1574 18
1575 19
1576 18
1577 20
1578 21
1579 19
1580 20
1581 20
1582 20
1583 17
1584 20
1585 21
1586 18
1587 20
1588 19
1589 17
1590 18
1591 19
1592 17
1593 19
1594 17
1595 18
1596 22
1597 18
1598 18
1599 18
1600 17
1601 18
1602 19
1603 19
1604 21
1605 18
1606 18
1607 18
1608 18
1609 18
1610 19
1611 18
1612 17
1613 18
1614 17
1615 17
1616 18
1617 18
1618 17
1619 17
1620 19
1621 17
1622 18
1623 17
1624 18
1625 18
1626 17
1627 17
1628 18
1629 18
1630 18
1631 18
1632 22
1633 17
1634 17
1635 17
1636 17
1637 17
1638 17
1639 17
1640 17
1641 17
1642 17
1643 17
1644 17
1645 18
1646 18
1647 18
1648 18
1649 18
1650 17
1651 18
1652 17
1653 29
1654 18
1655 17
1656 18
1657 18
1658 17
1659 19
1660 18
1661 18
1662 18
1663 17
1664 18
1665 18
1666 18
1667 22
1668 18
1669 19
1670 18
1671 17
1672 21
1673 18
1674 18
1675 18
1676 18
1677 18
1678 18
1679 18
1680 18
1681 17
1682 18
1683 18
1684 22
1685 20
1686 17
1687 17
1688 17
1689 20
1690 19
1691 18
1692 17
1693 18
1694 18
1695 18
1696 25
1697 19
1698 18
1699 19
1700 18
1701 17
1702 20
1703 20
1704 20
1705 19
1706 18
1707 18
1708 18
1709 18
1710 17
1711 18
1712 19
1713 17
1714 19
1715 18
1716 19
1717 21
1718 18
1719 18
1720 18
1721 17
1722 19
1723 17
1724 19
1725 18
1726 20
1727 20
1728 18
1729 19
1730 18
1731 21
1732 22
1733 17
1734 17
1735 20
1736 19
1737 18
1738 19
1739 18
1740 18
1741 17
1742 21
1743 19
1744 18
1745 18
1746 18
1747 19
1748 18
1749 18
1750 19
1751 18
1752 17
1753 18
1754 18
1755 17
1756 17
1757 17
1758 18
1759 17
1760 20
1761 20
1762 18
1763 17
1764 18
1765 18
1766 19
1767 18
1768 18
1769 18
1770 17
1771 18
1772 18
1773 18
1774 27
1775 18
1776 18
1777 18
1778 17
1779 18
1780 18
1781 18
1782 18
1783 17
1784 18
1785 17
1786 18
1787 18
1788 17
1789 18
1790 17
1791 17
1792 18
1793 17
1794 17
1795 17
1796 18
1797 18
1798 19
1799 17
1800 18
1801 19
1802 17
1803 17
1804 17
1805 18
1806 17
1807 17
1808 18
1809 18
1810 18
1811 17
1812 17
1813 17
1814 18
1815 18
1816 17
1817 19
1818 17
1819 18
1820 18
1821 18
1822 17
1823 18
1824 20
1825 18
1826 17
1827 18
1828 17
1829 17
1830 18
1831 17
1832 17
1833 18
1834 17
1835 18
1836 18
1837 17
1838 17
1839 17
1840 17
1841 17
1842 17
1843 17
1844 17
1845 17
1846 17
1847 17
1848 17
1849 17
1850 17
1851 17
1852 18
1853 17
1854 18
1855 17
1856 18
1857 19
1858 17
1859 17
1860 18
1861 18
1862 18
1863 18
1864 18
1865 18
1866 17
1867 17
1868 17
1869 17
1870 18
1871 18
1872 17
1873 17
1874 18
1875 17
1876 18
1877 18
1878 18
1879 17
1880 18
1881 18
1882 18
1883 17
1884 17
1885 17
1886 18
1887 17
1888 19
1889 18
1890 18
1891 17
1892 18
1893 18
1894 18
1895 17
1896 18
1897 18
1898 18
1899 18
1900 18
1901 17
1902 18
1903 17
1904 17
1905 17
1906 17
1907 17
1908 17
1909 18
1910 18
1911 18
1912 17
1913 18
1914 18
1915 17
1916 17
1917 18
1918 17
1919 19
1920 18
1921 17
1922 18
1923 18
1924 17
1925 18
1926 18
1927 18
1928 17
1929 17
1930 18
1931 18
1932 18
1933 17
1934 17
1935 17
1936 17
1937 18
1938 18
1939 17
1940 17
1941 17
1942 18
1943 17
1944 17
1945 17
1946 17
1947 17
1948 18
1949 18
1950 18
1951 18
1952 28
1953 19
1954 17
1955 18
1956 17
1957 17
1958 17
1959 17
1960 17
1961 17
1962 17
1963 18
1964 19
1965 18
1966 17
1967 17
1968 17
1969 18
1970 17
1971 17
1972 17
1973 17
1974 17
1975 17
1976 18
1977 17
1978 17
1979 17
1980 18
1981 17
1982 17
1983 17
1984 17
1985 17
1986 18
1987 17
1988 18
1989 18
1990 17
1991 17
1992 17
1993 17
1994 17
1995 18
1996 18
1997 17
1998 17
1999 17
2000 17
2001 17
2002 18
2003 18
2004 17
2005 18
2006 19
2007 18
2008 18
2009 18
2010 17
2011 17
2012 17
2013 17
2014 17
2015 18
2016 19
2017 17
2018 17
2019 17
2020 17
2021 17
2022 17
2023 17
2024 17
2025 18
2026 18
2027 18
2028 17
2029 17
2030 17
2031 19
2032 17
2033 17
2034 17
2035 18
2036 17
2037 17
2038 17
2039 17
2040 17
2041 17
2042 17
2043 17
2044 17
2045 17
2046 18
2047 17
2048 19
2049 18
2050 17
2051 17
2052 17
2053 17
2054 17
2055 17
2056 17
2057 17
2058 17
2059 19
2060 18
2061 17
2062 19
2063 18
2064 18
2065 18
2066 17
2067 18
2068 18
2069 17
2070 17
2071 17
2072 18
2073 18
2074 17
2075 18
2076 19
2077 18
2078 17
2079 17
2080 20
2081 17
2082 18
2083 17
2084 17
2085 18
2086 17
2087 17
2088 17
2089 17
2090 18
2091 18
2092 18
2093 19
2094 17
2095 18
2096 18
2097 17
2098 17
2099 17
2100 18
2101 18
2102 18
2103 18
2104 17
2105 17
2106 17
2107 17
2108 17
2109 17
2110 19
2111 17
2112 17
2113 18
2114 18
2115 17
2116 17
2117 17
2118 17
2119 17
2120 17
2121 17
2122 18
2123 17
2124 17
2125 18
2126 18
2127 18
2128 18
2129 17
2130 18
2131 19
2132 17
2133 18
2134 17
2135 18
2136 19
2137 18
2138 18
2139 17
2140 18
2141 18
2142 17
2143 19
2144 20
2145 17
2146 18
2147 17
2148 18
2149 18
2150 18
2151 18
2152 18
2153 19
2154 19
2155 17
2156 18
2157 18
2158 17
2159 17
2160 17
2161 17
2162 17
2163 17
2164 17
2165 17
2166 17
2167 17
2168 17
2169 17
2170 17
2171 18
2172 18
2173 17
2174 18
2175 18
2176 18
2177 19
2178 17
2179 17
2180 17
2181 17
2182 18
2183 17
2184 17
2185 20
2186 17
2187 19
2188 17
2189 18
2190 18
2191 18
2192 17
2193 18
2194 18
2195 18
2196 18
2197 18
2198 19
2199 18
2200 18
2201 18
2202 18
2203 19
2204 20
2205 18
2206 17
2207 18
2208 30
2209 19
2210 18
2211 18
2212 17
2213 18
2214 17
2215 17
2216 17
2217 18
2218 18
2219 17
2220 18
2221 18
2222 17
2223 17
2224 18
2225 17
2226 18
2227 18
2228 17
2229 17
2230 18
2231 18
2232 17
2233 17
2234 17
2235 18
2236 18
2237 26
2238 19
2239 18
2240 17
2241 17
2242 18
2243 17
2244 18
2245 17
2246 17
2247 17
2248 18
2249 18
2250 17
2251 17
2252 25
2253 18
2254 18
2255 18
2256 18
2257 17
2258 18
2259 18
2260 18
2261 17
2262 18
2263 18
2264 19
2265 18
2266 17
2267 17
2268 17
2269 18
2270 17
2271 17
2272 19
2273 18
2274 18
2275 18
2276 18
2277 17
2278 17
2279 17
2280 17
2281 17
2282 17
2283 17
2284 17
2285 17
2286 18
2287 18
2288 18
2289 17
2290 17
2291 18
2292 18
2293 17
2294 17
2295 17
2296 17
2297 18
2298 17
2299 18
2300 17
2301 18
2302 18
2303 17
2304 18
2305 17
2306 17
2307 18
2308 19
2309 19
2310 18
2311 17
2312 17
2313 17
2314 18
2315 18
2316 18
2317 17
2318 18
2319 18
2320 17
2321 18
2322 18
2323 18
2324 18
2325 19
2326 18
2327 18
2328 18
2329 18
2330 18
2331 20
2332 17
2333 18
2334 18
2335 28
2336 20
2337 17
2338 18
2339 18
2340 25
2341 18
2342 17
2343 18
2344 18
2345 17
2346 18
2347 18
2348 18
2349 18
2350 17
2351 17
2352 17
2353 17
2354 17
2355 18
2356 17
2357 17
2358 17
2359 26
2360 18
2361 17
2362 17
2363 18
2364 18
2365 17
2366 18
2367 18
2368 17
2369 17
2370 17
2371 17
2372 33
2373 19
2374 17
2375 22
2376 17
2377 17
2378 18
2379 19
2380 21
2381 17
2382 18
2383 18
2384 18
2385 17
2386 18
2387 17
2388 18
2389 17
2390 17
2391 18
2392 18
2393 18
2394 17
2395 17
2396 18
2397 18
2398 18
2399 18
2400 20
2401 18
2402 18
2403 18
2404 18
2405 17
2406 17
2407 18
2408 17
2409 17
2410 17
2411 18
2412 18
2413 19
2414 18
2415 18
2416 18
2417 19
2418 19
2419 18
2420 18
2421 18
2422 19
2423 23
2424 18
2425 18
2426 17
2427 19
2428 18
2429 17
2430 17
2431 18
2432 17
2433 17
2434 18
2435 18
2436 17
2437 17
2438 17
2439 18
2440 18
2441 18
2442 17
2443 18
2444 18
2445 17
2446 17
2447 18
2448 18
2449 17
2450 19
2451 17
2452 18
2453 18
2454 18
2455 18
2456 18
2457 18
2458 17
2459 18
2460 18
2461 17
2462 18
2463 17
2464 20
2465 18
2466 18
2467 17
2468 18
2469 17
2470 18
2471 17
2472 19
2473 17
2474 18
2475 17
2476 18
2477 18
2478 17
2479 18
2480 18
2481 17
2482 18
2483 17
2484 17
2485 18
2486 17
2487 18
2488 17
2489 17
2490 18
2491 18
2492 17
2493 18
2494 17
2495 28
2496 18
2497 18
2498 17
2499 18
2500 18
2501 17
2502 18
2503 18
2504 17
2505 19
2506 18
2507 18
2508 17
2509 17
2510 17
2511 17
2512 17
2513 18
2514 18
2515 18
2516 18
2517 18
2518 18
2519 17
2520 17
2521 17
2522 17
2523 17
2524 17
2525 17
2526 17
2527 17
2528 19
2529 17
2530 17
2531 17
2532 17
2533 18
2534 17
2535 31
2536 18
2537 18
2538 18
2539 18
2540 18
2541 18
2542 18
2543 27
2544 18
2545 17
2546 17
2547 17
2548 17
2549 17
2550 17
2551 17
2552 18
2553 17
2554 17
2555 17
2556 17
2557 17
2558 17
2559 17
2560 18
2561 17
2562 17
2563 17
2564 18
2565 17
2566 18
2567 18
2568 18
2569 19
2570 17
2571 17
2572 17
2573 17
2574 17
2575 17
2576 17
2577 17
2578 17
2579 17
2580 18
2581 18
2582 27
2583 18
2584 18
2585 17
2586 17
2587 18
2588 18
2589 18
2590 18
2591 18
2592 20
2593 17
2594 18
2595 18
2596 17
2597 17
2598 17
2599 17
2600 18
2601 18
2602 18
2603 18
2604 17
2605 17
2606 17
2607 17
2608 17
2609 17
2610 17
2611 17
2612 17
2613 17
2614 17
2615 17
2616 17
2617 17
2618 18
2619 18
2620 18
2621 18
2622 18
2623 18
2624 17
2625 18
2626 17
2627 17
2628 26
2629 18
2630 17
2631 17
2632 17
2633 17
2634 17
2635 17
2636 17
2637 17
2638 18
2639 18
2640 18
2641 18
2642 18
2643 16
2644 17
2645 17
2646 17
2647 17
2648 17
2649 17
2650 19
2651 18
2652 18
2653 17
2654 17
2655 17
2656 19
2657 17
2658 17
2659 17
2660 27
2661 19
2662 18
2663 18
2664 18
2665 17
2666 19
2667 18
2668 17
2669 18
2670 18
2671 18
2672 18
2673 18
2674 18
2675 18
2676 18
2677 19
2678 17
2679 18
2680 17
2681 18
2682 19
2683 19
2684 17
2685 18
2686 17
2687 18
2688 19
2689 18
2690 18
2691 17
2692 18
2693 18
2694 19
2695 18
2696 17
2697 18
2698 17
2699 18
2700 17
2701 17
2702 17
2703 18
2704 18
2705 17
2706 18
2707 19
2708 17
2709 18
2710 17
2711 18
2712 28
2713 18
2714 18
2715 18
2716 17
2717 18
2718 18
2719 17
2720 20
2721 19
2722 19
2723 18
2724 17
2725 18
2726 17
2727 18
2728 18
2729 18
2730 18
2731 18
2732 17
2733 18
2734 18
2735 17
2736 17
2737 18
2738 17
2739 17
2740 18
2741 17
2742 17
2743 28
2744 19
2745 18
2746 17
2747 17
2748 18
2749 17
2750 18
2751 18
2752 17
2753 17
2754 17
2755 21
2756 18
2757 18
2758 17
2759 19
2760 18
2761 18
2762 18
2763 17
2764 18
2765 17
2766 17
2767 18
2768 18
2769 17
2770 18
2771 19
2772 18
2773 18
2774 17
2775 17
2776 17
2777 17
2778 17
2779 17
2780 17
2781 18
2782 17
2783 17
2784 20
2785 18
2786 17
2787 17
2788 17
2789 17
2790 17
2791 17
2792 17
2793 17
2794 18
2795 17
2796 18
2797 17
2798 17
2799 17
2800 17
2801 17
2802 17
2803 17
2804 17
2805 17
2806 17
2807 18
2808 17
2809 17
2810 17
2811 17
2812 17
2813 17
2814 17
2815 17
2816 17
2817 18
2818 18
2819 17
2820 18
2821 18
2822 18
2823 19
2824 18
2825 17
2826 17
2827 17
2828 17
2829 17
2830 17
2831 17
2832 17
2833 17
2834 17
2835 17
2836 17
2837 17
2838 18
2839 18
2840 17
2841 18
2842 17
2843 17
2844 17
2845 17
2846 17
2847 17
2848 19
2849 17
2850 17
2851 17
2852 17
2853 17
2854 27
2855 18
2856 18
2857 18
2858 17
2859 18
2860 17
2861 17
2862 17
2863 17
2864 18
2865 17
2866 17
2867 17
2868 18
2869 17
2870 17
2871 18
2872 18
2873 18
2874 18
2875 18
2876 17
2877 18
2878 18
2879 18
2880 18
2881 18
2882 19
2883 18
2884 18
2885 18
2886 18
2887 18
2888 17
2889 17
2890 32
2891 18
2892 18
2893 18
2894 18
2895 17
2896 17
2897 17
2898 16
2899 17
2900 18
2901 17
2902 17
2903 17
2904 17
2905 17
2906 17
2907 17
2908 17
2909 18
2910 19
2911 18
2912 19
2913 18
2914 18
2915 19
2916 18
2917 18
2918 18
2919 17
2920 18
2921 18
2922 18
2923 18
2924 17
2925 18
2926 18
2927 18
2928 17
2929 18
2930 18
2931 17
2932 18
2933 17
2934 17
2935 18
2936 17
2937 17
2938 18
2939 19
2940 17
2941 18
2942 18
2943 17
2944 18
2945 18
2946 18
2947 18
2948 18
2949 18
2950 18
2951 18
2952 17
2953 17
2954 18
2955 18
2956 18
2957 18
2958 17
2959 18
2960 18
2961 17
2962 18
2963 17
2964 17
2965 20
2966 17
2967 18
2968 17
2969 18
2970 18
2971 18
2972 17
2973 17
2974 18
2975 18
2976 20
2977 17
2978 17
2979 18
2980 17
2981 18
2982 19
2983 17
2984 18
2985 17
2986 18
2987 17
2988 17
2989 17
2990 17
2991 18
2992 19
2993 18
2994 18
2995 17
2996 18
2997 17
2998 19
2999 18
3000 17
3001 17
3002 17
3003 17
3004 17
3005 17
3006 18
3007 17
3008 17
3009 17
3010 17
3011 17
3012 17
3013 17
3014 17
3015 18
3016 17
3017 18
3018 17
3019 18
3020 17
3021 17
3022 18
3023 17
3024 17
3025 17
3026 17
3027 17
3028 17
3029 17
3030 17
3031 17
3032 18
3033 17
3034 17
3035 17
3036 18
3037 18
3038 18
3039 18
3040 20
3041 18
3042 18
3043 17
3044 17
3045 17
3046 17
3047 17
3048 17
3049 17
3050 17
3051 17
3052 17
3053 17
3054 18
3055 19
3056 18
3057 17
3058 17
3059 17
3060 17
3061 17
3062 18
3063 18
3064 17
3065 17
3066 18
3067 18
3068 28
3069 18
3070 17
3071 18
3072 19
3073 18
3074 18
3075 18
3076 17
3077 17
3078 18
3079 17
3080 17
3081 17
3082 17
3083 17
3084 17
3085 17
3086 17
3087 28
3088 18
3089 17
3090 17
3091 17
3092 17
3093 26
3094 18
3095 18
3096 17
3097 17
3098 17
3099 17
3100 17
3101 17
3102 17
3103 17
3104 19
3105 17
3106 17
3107 17
3108 17
3109 17
3110 17
3111 17
3112 17
3113 18
3114 18
3115 18
3116 18
3117 18
3118 17
3119 17
3120 17
3121 17
3122 17
3123 17
3124 17
3125 17
3126 17
3127 17
3128 17
3129 17
3130 17
3131 17
3132 18
3133 18
3134 18
3135 18
3136 19
3137 18
3138 17
3139 18
3140 18
3141 17
3142 17
3143 17
3144 18
3145 17
3146 17
3147 17
3148 17
3149 17
3150 17
3151 17
3152 17
3153 17
3154 17
3155 17
3156 17
3157 18
3158 18
3159 18
3160 18
3161 17
3162 17
3163 17
3164 17
3165 18
3166 17
3167 18
3168 21
3169 18
3170 17
3171 19
3172 17
3173 18
3174 17
3175 18
3176 17
3177 17
3178 17
3179 17
3180 17
3181 17
3182 19
3183 19
3184 17
3185 18
3186 18
3187 17
3188 17
3189 17
3190 17
3191 17
3192 17
3193 17
3194 17
3195 17
3196 17
3197 18
3198 18
3199 19
3200 19
3201 18
3202 17
3203 17
3204 17
3205 17
3206 17
3207 17
3208 18
3209 18
3210 18
3211 19
3212 18
3213 18
3214 18
3215 17
3216 17
3217 17
3218 17
3219 17
3220 17
3221 17
3222 18
3223 18
3224 18
3225 18
3226 18
3227 18
3228 18
3229 18
3230 17
3231 17
3232 19
3233 17
3234 18
3235 19
3236 18
3237 18
3238 17
3239 17
3240 19
3241 18
3242 17
3243 17
3244 17
3245 17
3246 38
3247 18
3248 29
3249 19
3250 17
3251 17
3252 18
3253 17
3254 17
3255 17
3256 17
3257 17
3258 17
3259 18
3260 19
3261 18
3262 17
3263 17
3264 17
3265 19
3266 18
3267 17
3268 18
3269 18
3270 18
3271 17
3272 18
3273 18
3274 17
3275 17
3276 19
3277 17
3278 17
3279 18
3280 19
3281 17
3282 19
3283 17
3284 17
3285 17
3286 18
3287 19
3288 17
3289 18
3290 17
3291 17
3292 18
3293 18
3294 18
3295 17
3296 20
3297 17
3298 18
3299 17
3300 18
3301 18
3302 17
3303 18
3304 17
3305 17
3306 17
3307 17
3308 17
3309 18
3310 18
3311 18
3312 17
3313 17
3314 17
3315 17
3316 17
3317 17
3318 17
3319 18
3320 18
3321 17
3322 17
3323 18
3324 18
3325 17
3326 17
3327 17
3328 17
3329 17
3330 17
3331 17
3332 18
3333 17
3334 17
3335 17
3336 17
3337 17
3338 17
3339 17
3340 18
3341 17
3342 17
3343 17
3344 17
3345 18
3346 17
3347 17
3348 17
3349 18
3350 17
3351 18
3352 17
3353 17
3354 17
3355 17
3356 17
3357 16
3358 17
3359 17
3360 20
3361 17
3362 17
3363 17
3364 17
3365 17
3366 18
3367 17
3368 17
3369 17
3370 17
3371 17
3372 17
3373 18
3374 18
3375 18
3376 18
3377 17
3378 17
3379 17
3380 17
3381 17
3382 17
3383 18
3384 17
3385 18
3386 18
3387 19
3388 17
3389 18
3390 17
3391 17
3392 17
3393 17
3394 18
3395 19
3396 18
3397 17
3398 17
3399 17
3400 17
3401 17
3402 17
3403 17
3404 17
3405 17
3406 17
3407 18
3408 19
3409 17
3410 17
3411 18
3412 17
3413 18
3414 17
3415 18
3416 18
3417 18
3418 18
3419 17
3420 17
3421 17
3422 17
3423 17
3424 27
3425 21
3426 17
3427 17
3428 28
3429 18
3430 19
3431 17
3432 17
3433 17
3434 18
3435 17
3436 17
3437 17
3438 18
3439 19
3440 17
3441 18
3442 18
3443 18
3444 18
3445 17
3446 18
3447 17
3448 17
3449 18
3450 18
3451 18
3452 17
3453 17
3454 17
3455 17
3456 17
3457 17
3458 17
3459 17
3460 18
3461 18
3462 18
3463 17
3464 17
3465 18
3466 17
3467 17
3468 17
3469 17
3470 18
3471 27
3472 20
3473 17
3474 20
3475 17
3476 24
3477 18
3478 17
3479 17
3480 17
3481 17
3482 18
3483 17
3484 18
3485 17
3486 17
3487 17
3488 19
3489 17
3490 18
3491 17
3492 19
3493 19
3494 17
3495 17
3496 18
3497 17
3498 18
3499 17
3500 17
3501 17
3502 18
3503 18
3504 18
3505 18
3506 18
3507 18
3508 17
3509 17
3510 18
3511 18
3512 18
3513 19
3514 17
3515 18
3516 17
3517 17
3518 17
3519 18
3520 17
3521 17
3522 17
3523 17
3524 17
3525 17
3526 18
3527 17
3528 17
3529 17
3530 17
3531 18
3532 18
3533 18
3534 19
3535 17
3536 17
3537 18
3538 17
3539 18
3540 18
3541 18
3542 18
3543 18
3544 19
3545 18
3546 18
3547 17
3548 18
3549 19
3550 17
3551 18
3552 21
3553 18
3554 18
3555 19
3556 18
3557 18
3558 18
3559 17
3560 17
3561 17
3562 17
3563 17
3564 17
3565 18
3566 19
3567 17
3568 18
3569 17
3570 17
3571 17
3572 17
3573 17
3574 17
3575 17
3576 28
3577 19
3578 18
3579 17
3580 17
3581 17
3582 17
3583 17
3584 17
3585 17
3586 17
3587 17
3588 17
3589 17
3590 17
3591 16
3592 18
3593 17
3594 18
3595 17
3596 18
3597 20
3598 18
3599 18
3600 18
3601 469
3602 21
3603 19
3604 17
3605 17
3606 18
3607 18
3608 18
3609 19
3610 18
3611 17
3612 18
3613 17
3614 18
3615 18
3616 18
3617 18
3618 18
3619 17
3620 17
3621 18
3622 17
3623 19
3624 19
3625 17
3626 18
3627 18
3628 18
3629 19
3630 18
3631 17
3632 18
3633 17
3634 18
3635 18
3636 17
3637 18
3638 18
3639 19
3640 19
3641 18
3642 17
3643 18
3644 17
3645 18
3646 18
3647 17
3648 18
3649 17
3650 17
3651 17
3652 18
3653 18
3654 18
3655 18
3656 17
3657 18
3658 18
3659 18
3660 18
3661 17
3662 29
3663 19
3664 18
3665 17
3666 17
3667 17
3668 18
3669 18
3670 17
3671 18
3672 18
3673 18
3674 18
3675 17
3676 17
3677 18
3678 18
3679 19
3680 18
3681 17
3682 17
3683 17
3684 17
3685 18
3686 18
3687 18
3688 18
3689 17
3690 17
3691 17
3692 17
3693 18
3694 18
3695 17
3696 17
3697 17
3698 17
3699 17
3700 18
3701 18
3702 18
3703 18
3704 17
3705 18
3706 18
3707 18
3708 17
3709 18
3710 17
3711 18
3712 18
3713 18
3714 18
3715 17
3716 18
3717 17
3718 18
3719 18
3720 18
3721 17
3722 17
3723 18
3724 18
3725 17
3726 18
3727 17
3728 17
3729 17
3730 17
3731 17
3732 17
3733 18
3734 18
3735 18
3736 17
3737 17
3738 18
3739 17
3740 17
3741 17
3742 18
3743 17
3744 17
3745 17
3746 17
3747 17
3748 17
3749 18
3750 18
3751 17
3752 17
3753 18
3754 18
3755 17
3756 18
3757 18
3758 28
3759 18
3760 17
3761 18
3762 17
3763 18
3764 17
3765 17
3766 17
3767 18
3768 17
3769 17
3770 17
3771 17
3772 17
3773 18
3774 17
3775 17
3776 18
3777 17
3778 17
3779 17
3780 18
3781 18
3782 18
3783 18
3784 17
3785 18
3786 17
3787 17
3788 17
3789 18
3790 18
3791 17
3792 17
3793 18
3794 17
3795 17
3796 18
3797 18
3798 18
3799 18
3800 17
3801 19
3802 18
3803 19
3804 17
3805 18
3806 18
3807 18
3808 17
3809 17
3810 17
3811 18
3812 18
3813 19
3814 18
3815 17
3816 18
3817 18
3818 17
3819 17
3820 17
3821 18
3822 17
3823 18
3824 18
3825 18
3826 17
3827 17
3828 29
3829 19
3830 18
3831 18
3832 17
3833 17
3834 18
3835 17
3836 18
3837 18
3838 18
3839 17
3840 17
3841 17
3842 18
3843 18
3844 18
3845 18
3846 22
3847 20
3848 17
3849 18
3850 19
3851 18
3852 19
3853 18
3854 17
3855 17
3856 17
3857 17
3858 18
3859 18
3860 18
3861 18
3862 19
3863 17
3864 18
3865 18
3866 18
3867 18
3868 19
3869 20
3870 21
3871 19
3872 31
3873 18
3874 18
3875 17
3876 19
3877 20
3878 21
3879 17
3880 20
3881 18
3882 20
3883 19
3884 18
3885 18
3886 22
3887 23
3888 24
3889 20
3890 20
3891 22
3892 24
3893 21
3894 19
3895 19
3896 19
3897 20
3898 20
3899 20
3900 20
3901 19
3902 18
3903 17
3904 19
3905 19
3906 19
3907 19
3908 19
3909 19
3910 20
3911 19
3912 20
3913 25
3914 22
3915 24
3916 20
3917 18
3918 23
3919 21
3920 21
3921 19
3922 25
3923 21
3924 22
3925 20
3926 20
3927 25
3928 22
3929 18
3930 21
3931 17
3932 20
3933 20
3934 20
3935 20
3936 21
3937 24
3938 21
3939 20
3940 21
3941 20
3942 18
3943 20
3944 18
3945 22
3946 21
3947 20
3948 22
3949 19
3950 45
3951 22
3952 18
3953 20
3954 19
3955 19
3956 20
3957 21
3958 18
3959 18
3960 21
3961 20
3962 19
3963 20
3964 19
3965 20
3966 28
3967 20
3968 19
3969 20
3970 20
3971 19
3972 19
3973 18
3974 20
3975 19
3976 19
3977 19
3978 20
3979 19
3980 19
3981 23
3982 20
3983 17
3984 19
3985 21
3986 23
3987 17
3988 20
3989 19
3990 21
3991 20
3992 19
3993 20
3994 20
3995 20
3996 20
3997 19
3998 18
3999 20
4000 20
4001 22
4002 19
4003 19
4004 20
4005 20
4006 26
4007 20
4008 19
4009 19
4010 19
4011 18
4012 19
4013 18
4014 18
4015 21
4016 24
4017 20
4018 19
4019 19
4020 20
4021 19
4022 18
4023 19
4024 18
4025 20
4026 25
4027 19
4028 18
4029 19
4030 21
4031 23
4032 21
4033 19
4034 18
4035 19
4036 18
4037 21
4038 19
4039 18
4040 21
4041 21
4042 23
4043 19
4044 18
4045 19
4046 18
4047 20
4048 17
4049 20
4050 18
4051 19
4052 18
4053 18
4054 18
4055 19
4056 17
4057 20
4058 21
4059 22
4060 22
4061 19
4062 23
4063 20
4064 18
4065 19
4066 19
4067 18
4068 19
4069 19
4070 19
4071 34
4072 22
4073 19
4074 18
4075 18
4076 19
4077 18
4078 18
4079 18
4080 19
4081 18
4082 19
4083 21
4084 19
4085 18
4086 19
4087 23
4088 27
4089 18
4090 19
4091 18
4092 17
4093 18
4094 19
4095 18
4096 20
4097 24
4098 20
4099 18
4100 20
4101 19
4102 18
4103 19
4104 17
4105 18
4106 39
4107 19
4108 19
4109 18
4110 19
4111 19
4112 18
4113 19
4114 18
4115 18
4116 19
4117 18
4118 18
4119 18
4120 19
4121 19
4122 21
4123 20
4124 20
4125 19
4126 22
4127 18
4128 21
4129 20
4130 19
4131 19
4132 18
4133 19
4134 19
4135 19
4136 19
4137 20
4138 19
4139 19
4140 20
4141 18
4142 18
4143 19
4144 19
4145 20
4146 18
4147 20
4148 24
4149 21
4150 21
4151 20
4152 21
4153 23
4154 20
4155 18
4156 19
4157 22
4158 18
4159 19
4160 21
4161 18
4162 19
4163 19
4164 19
4165 18
4166 19
4167 19
4168 18
4169 19
4170 19
4171 22
4172 18
4173 36
4174 19
4175 18
4176 17
4177 19
4178 19
4179 18
4180 18
4181 19
4182 18
4183 17
4184 18
4185 17
4186 18
4187 18
4188 20
4189 20
4190 19
4191 18
4192 17
4193 18
4194 20
4195 19
4196 19
4197 18
4198 18
4199 18
4200 18
4201 17
4202 17
4203 18
4204 27
4205 18
4206 17
4207 18
4208 17
4209 25
4210 20
4211 18
4212 18
4213 17
4214 17
4215 17
4216 17
4217 18
4218 17
4219 17
4220 17
4221 20
4222 17
4223 17
4224 18
4225 18
4226 20
4227 17
4228 18
4229 17
4230 17
4231 18
4232 19
4233 18
4234 18
4235 17
4236 19
4237 18
4238 17
4239 18
4240 17
4241 17
4242 18
4243 17
4244 18
4245 18
4246 18
4247 17
4248 17
4249 17
4250 18
4251 18
4252 18
4253 17
4254 18
4255 19
4256 33
4257 18
4258 18
4259 18
4260 18
4261 17
4262 17
4263 18
4264 18
4265 18
4266 17
4267 17
4268 18
4269 17
4270 18
4271 18
4272 17
4273 18
4274 18
4275 18
4276 20
4277 17
4278 18
4279 18
4280 18
4281 18
4282 18
4283 18
4284 18
4285 18
4286 18
4287 17
4288 17
4289 18
4290 18
4291 17
4292 18
4293 17
4294 18
4295 17
4296 18
4297 18
4298 18
4299 18
4300 18
4301 17
4302 18
4303 18
4304 18
4305 18
4306 17
4307 18
4308 18
4309 18
4310 18
4311 17
4312 17
4313 18
4314 18
4315 18
4316 18
4317 18
4318 17
4319 18
4320 19
4321 18
4322 19
4323 18
4324 17
4325 17
4326 17
4327 17
4328 18
4329 18
4330 18
4331 17
4332 17
4333 17
4334 17
4335 17
4336 17
4337 19
4338 18
4339 19
4340 17
4341 18
4342 18
4343 17
4344 18
4345 18
4346 19
4347 17
4348 19
4349 18
4350 18
4351 18
4352 18
4353 19
4354 18
4355 18
4356 17
4357 18
4358 18
4359 17
4360 19
4361 17
4362 18
4363 18
4364 18
4365 18
4366 18
4367 17
4368 17
4369 17
4370 18
4371 17
4372 20
4373 18
4374 18
4375 20
4376 20
4377 18
4378 17
4379 17
4380 17
4381 18
4382 19
4383 19
4384 19
4385 17
4386 17
4387 17
4388 18
4389 19
4390 18
4391 17
4392 18
4393 18
4394 18
4395 18
4396 17
4397 17
4398 18
4399 17
4400 18
4401 18
4402 18
4403 19
4404 20
4405 19
4406 19
4407 18
4408 19
4409 19
4410 18
4411 17
4412 19
4413 18
4414 19
4415 18
4416 18
4417 18
4418 19
4419 19
4420 18
4421 18
4422 18
4423 17
4424 18
4425 18
4426 17
4427 18
4428 18
4429 18
4430 18
4431 17
4432 27
4433 18
4434 18
4435 20
4436 18
4437 18
4438 19
4439 18
4440 18
4441 17
4442 18
4443 19
4444 18
4445 18
4446 18
4447 18
4448 19
4449 18
4450 18
4451 17
4452 20
4453 18
4454 18
4455 19
4456 19
4457 18
4458 18
4459 17
4460 19
4461 18
4462 19
4463 19
4464 18
4465 19
4466 19
4467 19
4468 37
4469 18
4470 18
4471 18
4472 17
4473 17
4474 18
4475 18
4476 17
4477 17
4478 18
4479 17
4480 17
4481 17
4482 17
4483 17
4484 18
4485 18
4486 18
4487 18
4488 18
4489 18
4490 18
4491 17
4492 17
4493 17
4494 19
4495 17
4496 17
4497 17
4498 18
4499 18
4500 18
4501 17
4502 18
4503 17
4504 17
4505 17
4506 18
4507 18
4508 18
4509 18
4510 18
4511 17
4512 19
4513 18
4514 17
4515 17
4516 18
4517 18
4518 17
4519 17
4520 17
4521 17
4522 27
4523 19
4524 17
4525 17
4526 17
4527 17
4528 17
4529 18
4530 18
4531 18
4532 17
4533 18
4534 19
4535 18
4536 18
4537 17
4538 17
4539 17
4540 17
4541 18
4542 18
4543 17
4544 17
4545 20
4546 17
4547 18
4548 18
4549 17
4550 18
4551 18
4552 18
4553 17
4554 17
4555 17
4556 17
4557 17
4558 17
4559 17
4560 17
4561 19
4562 18
4563 18
4564 17
4565 17
4566 16
4567 18
4568 18
4569 19
4570 17
4571 18
4572 18
4573 18
4574 18
4575 17
4576 17
4577 18
4578 18
4579 17
4580 17
4581 17
4582 18
4583 18
4584 17
4585 17
4586 17
4587 17
4588 17
4589 17
4590 17
4591 17
4592 17
4593 17
4594 17
4595 18
4596 17
4597 18
4598 18
4599 17
4600 18
4601 17
4602 18
4603 18
4604 17
4605 17
4606 18
4607 19
4608 21
4609 21
4610 18
4611 17
4612 18
4613 18
4614 17
4615 18
4616 18
4617 17
4618 18
4619 18
4620 17
4621 17
4622 18
4623 19
4624 18
4625 17
4626 17
4627 18
4628 18
4629 17
4630 17
4631 18
4632 18
4633 17
4634 19
4635 17
4636 18
4637 18
4638 18
4639 18
4640 17
4641 17
4642 18
4643 17
4644 18
4645 19
4646 17
4647 17
4648 18
4649 17
4650 17
4651 17
4652 18
4653 18
4654 17
4655 17
4656 19
4657 18
4658 18
4659 17
4660 17
4661 18
4662 17
4663 17
4664 18
4665 18
4666 17
4667 17
4668 17
4669 17
4670 17
4671 17
4672 17
4673 20
4674 18
4675 17
4676 17
4677 18
4678 18
4679 17
4680 17
4681 17
4682 17
4683 19
4684 17
4685 17
4686 17
4687 17
4688 17
4689 17
4690 17
4691 17
4692 17
4693 18
4694 18
4695 17
4696 17
4697 17
4698 17
4699 17
4700 17
4701 17
4702 17
4703 18
4704 19
4705 17
4706 17
4707 18
4708 18
4709 18
4710 17
4711 17
4712 18
4713 19
4714 18
4715 17
4716 18
4717 17
4718 18
4719 18
4720 17
4721 17
4722 18
4723 18
4724 18
4725 18
4726 18
4727 18
4728 17
4729 18
4730 29
4731 18
4732 18
4733 17
4734 17
4735 18
4736 17
4737 20
4738 18
4739 18
4740 19
4741 20
4742 18
4743 17
4744 18
4745 18
4746 19
4747 18
4748 18
4749 18
4750 17
4751 18
4752 17
4753 18
4754 18
4755 18
4756 18
4757 18
4758 18
4759 18
4760 17
4761 28
4762 19
4763 18
4764 18
4765 18
4766 18
4767 18
4768 17
4769 18
4770 18
4771 17
4772 18
4773 18
4774 18
4775 17
4776 18
4777 18
4778 20
4779 20
4780 18
4781 17
4782 19
4783 18
4784 19
4785 38
4786 18
4787 18
4788 18
4789 17
4790 17
4791 18
4792 17
4793 18
4794 18
4795 18
4796 18
4797 17
4798 17
4799 18
4800 19
4801 26
4802 19
4803 17
4804 19
4805 18
4806 18
4807 23
4808 23
4809 19
4810 20
4811 22
4812 17
4813 18
4814 20
4815 26
4816 19
4817 19
4818 19
4819 19
4820 19
4821 18
4822 17
4823 18
4824 18
4825 17
4826 20
4827 18
4828 19
4829 19
4830 21
4831 24
4832 18
4833 24
4834 19
4835 22
4836 24
4837 20
4838 19
4839 18
4840 18
4841 20
4842 19
4843 18
4844 17
4845 19
4846 17
4847 19
4848 17
4849 17
4850 18
4851 21
4852 25
4853 25
4854 18
4855 19
4856 17
4857 18
4858 17
4859 18
4860 22
4861 24
4862 20
4863 17
4864 17
4865 27
4866 17
4867 17
4868 19
4869 19
4870 18
4871 19
4872 19
4873 20
4874 19
4875 17
4876 18
4877 18
4878 17
4879 18
4880 17
4881 43
4882 22
4883 23
4884 34
4885 19
4886 23
4887 17
4888 19
4889 19
4890 18
4891 19
4892 18
4893 18
4894 17
4895 17
4896 19
4897 17
4898 17
4899 18
4900 20
4901 17
4902 18
4903 19
4904 19
4905 17
4906 33
4907 20
4908 21
4909 17
4910 21
4911 19
4912 19
4913 19
4914 19
4915 22
4916 20
4917 19
4918 18
4919 19
4920 18
4921 19
4922 18
4923 18
4924 17
4925 18
4926 19
4927 19
4928 19
4929 23
4930 19
4931 17
4932 19
4933 17
4934 18
4935 18
4936 18
4937 18
4938 18
4939 18
4940 17
4941 17
4942 18
4943 19
4944 22
4945 20
4946 18
4947 18
4948 19
4949 63
4950 21
4951 20
4952 19
4953 19
4954 23
4955 21
4956 21
4957 18
4958 18
4959 19
4960 19
4961 18
4962 19
4963 18
4964 17
4965 18
4966 17
4967 18
4968 21
4969 23
4970 19
4971 17
4972 18
4973 19
4974 18
4975 18
4976 18
4977 17
4978 19
4979 20
4980 24
4981 17
4982 18
4983 17
4984 19
4985 20
4986 18
4987 18
4988 18
4989 19
4990 23
4991 19
4992 20
4993 19
4994 19
4995 18
4996 19
4997 18
4998 19
4999 20
5000 17
5001 19
5002 18
5003 17
5004 19
5005 19
5006 18
5007 19
5008 19
5009 18
5010 18
5011 18
5012 18
5013 18
5014 19
5015 18
5016 18
5017 19
5018 20
5019 20
5020 17
5021 21
5022 22
5023 18
5024 19
5025 18
5026 18
5027 19
5028 19
5029 18
5030 18
5031 20
5032 23
5033 20
5034 19
5035 20
5036 20
5037 21
5038 18
5039 20
5040 20
5041 20
5042 18
5043 20
5044 20
5045 19
5046 20
5047 19
5048 19
5049 20
5050 20
5051 18
5052 21
5053 19
5054 17
5055 18
5056 21
5057 21
5058 23
5059 19
5060 20
5061 21
5062 19
5063 18
5064 18
5065 26
5066 18
5067 19
5068 18
5069 18
5070 17
5071 17
5072 18
5073 18
5074 32
5075 20
5076 18
5077 19
5078 20
5079 32
5080 17
5081 18
5082 18
5083 18
5084 18
5085 17
5086 17
5087 17
5088 18
5089 17
5090 18
5091 18
5092 18
5093 19
5094 19
5095 18
5096 17
5097 18
5098 18
5099 18
5100 17
5101 17
5102 17
5103 17
5104 17
5105 17
5106 17
5107 17
5108 17
5109 27
5110 19
5111 18
5112 17
5113 17
5114 17
5115 18
5116 18
5117 18
5118 17
5119 17
5120 17
5121 17
5122 17
5123 17
5124 17
5125 18
5126 18
5127 17
5128 18
5129 19
5130 17
5131 17
5132 17
5133 17
5134 17
5135 17
5136 18
5137 17
5138 27
5139 18
5140 18
5141 17
5142 17
5143 17
5144 17
5145 17
5146 18
5147 17
5148 17
5149 18
5150 17
5151 18
5152 17
5153 17
5154 18
5155 18
5156 18
5157 17
5158 17
5159 18
5160 17
5161 17
5162 18
5163 18
5164 17
5165 18
5166 18
5167 17
5168 17
5169 17
5170 28
5171 19
5172 18
5173 18
5174 18
5175 18
5176 17
5177 18
5178 17
5179 18
5180 17
5181 18
5182 19
5183 18
5184 18
5185 17
5186 18
5187 17
5188 17
5189 18
5190 18
5191 17
5192 18
5193 20
5194 18
5195 17
5196 18
5197 28
5198 19
5199 18
5200 17
5201 18
5202 18
5203 17
5204 18
5205 18
5206 18
5207 17
5208 18
5209 19
5210 18
5211 18
5212 18
5213 18
5214 17
5215 18
5216 18
5217 17
5218 17
5219 19
5220 18
5221 19
5222 18
5223 18
5224 17
5225 19
5226 19
5227 18
5228 17
5229 17
5230 18
5231 18
5232 18
5233 17
5234 17
5235 17
5236 17
5237 18
5238 18
5239 17
5240 17
5241 18
5242 18
5243 18
5244 17
5245 17
5246 17
5247 17
5248 18
5249 17
5250 19
5251 17
5252 17
5253 17
5254 18
5255 35
5256 17
5257 21
5258 18
5259 19
5260 17
5261 17
5262 17
5263 17
5264 18
5265 17
5266 17
5267 17
5268 17
5269 17
5270 17
5271 17
5272 17
5273 17
5274 18
5275 17
5276 18
5277 17
5278 18
5279 18
5280 18
5281 18
5282 19
5283 18
5284 18
5285 19
5286 18
5287 18
5288 17
5289 17
5290 33
5291 17
5292 18
5293 17
5294 17
5295 25
5296 18
5297 17
5298 18
5299 18
5300 17
5301 17
5302 17
5303 18
5304 17
5305 17
5306 18
5307 17
5308 17
5309 17
5310 17
5311 19
5312 20
5313 23
5314 18
5315 17
5316 17
5317 19
5318 21
5319 19
5320 17
5321 22
5322 18
5323 17
5324 17
5325 18
5326 17
5327 17
5328 19
5329 21
5330 18
5331 19
5332 19
5333 20
5334 18
5335 18
5336 17
5337 18
5338 18
5339 18
5340 17
5341 18
5342 18
5343 18
5344 17
5345 18
5346 17
5347 17
5348 18
5349 17
5350 17
5351 18
5352 17
5353 17
5354 18
5355 27
5356 19
5357 18
5358 18
5359 17
5360 18
5361 18
5362 18
5363 18
5364 17
5365 18
5366 18
5367 17
5368 18
5369 17
5370 17
5371 18
5372 17
5373 18
5374 17
5375 18
5376 18
5377 17
5378 19
5379 18
5380 18
5381 17
5382 18
5383 19
5384 19
5385 19
5386 18
5387 17
5388 18
5389 18
5390 18
5391 17
5392 18
5393 18
5394 17
5395 17
5396 18
5397 18
5398 17
5399 17
5400 17
5401 18
5402 17
5403 17
5404 18
5405 19
5406 18
5407 18
5408 18
5409 17
5410 17
5411 17
5412 17
5413 18
5414 17
5415 17
5416 18
5417 18
5418 18
5419 18
5420 17
5421 18
5422 18
5423 18
5424 18
5425 17
5426 18
5427 19
5428 18
5429 23
5430 18
5431 18
5432 18
5433 18
5434 17
5435 18
5436 17
5437 17
5438 19
5439 18
5440 17
5441 18
5442 18
5443 19
5444 18
5445 18
5446 18
5447 18
5448 18
5449 20
5450 17
5451 17
5452 17
5453 17
5454 17
5455 17
5456 17
5457 18
5458 17
5459 17
5460 17
5461 17
5462 17
5463 17
5464 16
5465 17
5466 18
5467 19
5468 17
5469 18
5470 17
5471 17
5472 17
5473 17
5474 17
5475 17
5476 17
5477 18
5478 17
5479 18
5480 18
5481 17
5482 17
5483 18
5484 18
5485 18
5486 18
5487 18
5488 19
5489 18
5490 18
5491 16
5492 17
5493 17
5494 17
5495 17
5496 18
5497 18
5498 17
5499 17
5500 17
5501 17
5502 17
5503 17
5504 17
5505 18
5506 17
5507 17
5508 18
5509 18
5510 17
5511 17
5512 18
5513 19
5514 17
5515 17
5516 17
5517 17
5518 17
5519 18
5520 17
5521 17
5522 17
5523 28
5524 18
5525 17
5526 18
5527 18
5528 17
5529 17
5530 17
5531 17
5532 17
5533 17
5534 17
5535 17
5536 18
5537 18
5538 18
5539 18
5540 18
5541 19
5542 17
5543 17
5544 17
5545 17
5546 17
5547 17
5548 17
5549 17
5550 17
5551 17
5552 17
5553 17
5554 17
5555 18
5556 27
5557 19
5558 17
5559 17
5560 17
5561 17
5562 18
5563 17
5564 18
5565 18
5566 18
5567 20
5568 18
5569 18
5570 17
5571 17
5572 19
5573 17
5574 18
5575 17
5576 18
5577 19
5578 17
5579 17
5580 17
5581 17
5582 17
5583 17
5584 17
5585 17
5586 17
5587 18
5588 18
5589 26
5590 18
5591 17
5592 17
5593 17
5594 18
5595 17
5596 18
5597 18
5598 18
5599 17
5600 18
5601 17
5602 17
5603 17
5604 18
5605 17
5606 19
5607 284
5608 27
5609 18
5610 18
5611 18
5612 17
5613 18
5614 18
5615 18
5616 18
5617 18
5618 18
5619 17
5620 18
5621 19
5622 18
5623 18
5624 18
5625 17
5626 17
5627 17
5628 18
5629 17
5630 17
5631 19
5632 21
5633 18
5634 18
5635 18
5636 18
5637 17
5638 17
5639 18
5640 18
5641 18
5642 18
5643 18
5644 17
5645 19
5646 19
5647 18
5648 18
5649 18
5650 20
5651 19
5652 18
5653 19
5654 17
5655 18
5656 18
5657 18
5658 34
5659 21
5660 19
5661 18
5662 18
5663 18
5664 19
5665 17
5666 19
5667 21
5668 21
5669 21
5670 20
5671 20
5672 20
5673 20
5674 20
5675 20
5676 18
5677 20
5678 18
5679 20
5680 20
5681 18
5682 20
5683 20
5684 18
5685 21
5686 19
5687 19
5688 20
5689 20
5690 20
5691 18
5692 20
5693 18
5694 20
5695 18
5696 18
5697 19
5698 19
5699 18
5700 20
5701 23
5702 22
5703 20
5704 21
5705 27
5706 20
5707 20
5708 18
5709 20
5710 19
5711 19
5712 19
5713 17
5714 22
5715 28
5716 20
5717 19
5718 18
5719 19
5720 18
5721 20
5722 18
5723 19
5724 19
5725 22
5726 24
5727 18
5728 18
5729 19
5730 20
5731 17
5732 18
5733 17
5734 18
5735 18
5736 17
5737 19
5738 19
5739 18
5740 22
5741 19
5742 18
5743 19
5744 20
5745 23
5746 26
5747 19
5748 20
5749 20
5750 20
5751 18
5752 18
5753 19
5754 20
5755 21
5756 18
5757 18
5758 18
5759 18
5760 20
5761 20
5762 40
5763 19
5764 19
5765 20
5766 21
5767 22
5768 19
5769 33
5770 23
5771 19
5772 19
5773 18
5774 19
5775 19
5776 19
5777 19
5778 19
5779 21
5780 22
5781 20
5782 18
5783 19
5784 19
5785 17
5786 18
5787 19
5788 19
5789 34
5790 21
5791 22
5792 18
5793 19
5794 17
5795 18
5796 18
5797 19
5798 18
5799 18
5800 18
5801 18
5802 20
5803 19
5804 17
5805 18
5806 19
5807 18
5808 17
5809 20
5810 18
5811 30
5812 20
5813 19
5814 20
5815 19
5816 19
5817 18
5818 19
5819 20
5820 19
5821 20
5822 20
5823 19
5824 20
5825 19
5826 20
5827 19
5828 21
5829 18
5830 19
5831 19
5832 19
5833 20
5834 19
5835 18
5836 19
5837 18
5838 18
5839 19
5840 18
5841 18
5842 19
5843 18
5844 18
5845 18
5846 19
5847 19
5848 17
5849 19
5850 19
5851 18
5852 18
5853 18
5854 17
5855 19
5856 17
5857 19
5858 31
5859 22
5860 21
5861 19
5862 18
5863 19
5864 18
5865 19
5866 19
5867 18
5868 20
5869 17
5870 18
5871 19
5872 18
5873 17
5874 19
5875 19
5876 18
5877 19
5878 21
5879 19
5880 18
5881 17
5882 19
5883 19
5884 19
5885 19
5886 17
5887 17
5888 19
5889 20
5890 19
5891 23
5892 19
5893 18
5894 21
5895 21
5896 18
5897 18
5898 19
5899 19
5900 19
5901 18
5902 20
5903 19
5904 23
5905 20
5906 19
5907 17
5908 36
5909 23
5910 19
5911 19
5912 18
5913 20
5914 18
5915 20
5916 18
5917 18
5918 19
5919 18
5920 17
5921 18
5922 19
5923 18
5924 20
5925 23
5926 20
5927 18
5928 17
5929 17
5930 18
5931 18
5932 18
5933 18
5934 18
5935 19
5936 18
5937 17
5938 19
5939 18
5940 22
5941 17
5942 19
5943 19
5944 22
5945 39
5946 21
5947 20
5948 19
5949 20
5950 21
5951 21
5952 19
5953 17
5954 19
5955 21
5956 17
5957 18
5958 18
5959 19
5960 18
5961 17
5962 18
5963 17
5964 18
5965 17
5966 17
5967 18
5968 18
5969 17
5970 31
5971 18
5972 18
5973 18
5974 18
5975 19
5976 20
5977 18
5978 17
5979 19
5980 17
5981 20
5982 18
5983 18
5984 17
5985 17
5986 17
5987 17
5988 17
5989 17
5990 17
5991 17
5992 18
5993 18
5994 18
5995 18
5996 17
5997 18
5998 18
5999 18
6000 17
6001 18
6002 17
6003 18
6004 18
6005 17
6006 18
6007 17
6008 17
6009 18
6010 17
6011 17
6012 18
6013 18
6014 18
6015 18
6016 18
6017 17
6018 18
6019 22
6020 17
6021 18
6022 19
6023 17
6024 17
6025 18
6026 18
6027 17
6028 17
6029 17
6030 18
6031 18
6032 18
6033 17
6034 17
6035 17
6036 17
6037 17
6038 17
6039 18
6040 17
6041 17
6042 17
6043 17
6044 18
6045 18
6046 17
6047 17
6048 18
6049 17
6050 17
6051 18
6052 22
6053 18
6054 26
6055 18
6056 18
6057 18
6058 18
6059 17
6060 17
6061 17
6062 17
6063 18
6064 18
6065 17
6066 17
6067 17
6068 17
6069 25
6070 18
6071 18
6072 17
6073 17
6074 17
6075 17
6076 18
6077 17
6078 17
6079 18
6080 17
6081 18
6082 22
6083 18
6084 18
6085 18
6086 17
6087 17
6088 18
6089 17
6090 17
6091 18
6092 18
6093 18
6094 17
6095 17
6096 17
6097 18
6098 20
6099 23
6100 18
6101 17
6102 19
6103 18
6104 18
6105 17
6106 17
6107 18
6108 17
6109 18
6110 17
6111 17
6112 18
6113 19
6114 20
6115 18
6116 18
6117 17
6118 18
6119 18
6120 18
6121 17
6122 18
6123 18
6124 17
6125 17
6126 18
6127 18
6128 18
6129 17
6130 19
6131 18
6132 18
6133 18
6134 17
6135 18
6136 18
6137 18
6138 17
6139 18
6140 18
6141 18
6142 17
6143 18
6144 18
6145 18
6146 19
6147 20
6148 18
6149 18
6150 18
6151 18
6152 18
6153 18
6154 18
6155 17
6156 18
6157 18
6158 18
6159 17
6160 17
6161 17
6162 19
6163 19
6164 18
6165 19
6166 17
6167 18
6168 17
6169 18
6170 17
6171 18
6172 18
6173 28
6174 19
6175 18
6176 18
6177 17
6178 18
6179 18
6180 18
6181 18
6182 18
6183 18
6184 18
6185 19
6186 18
6187 18
6188 17
6189 17
6190 17
6191 18
6192 18
6193 17
6194 17
6195 17
6196 17
6197 19
6198 18
6199 17
6200 19
6201 18
6202 18
6203 19
6204 18
6205 18
6206 18
6207 18
6208 18
6209 17
6210 18
6211 19
6212 17
6213 20
6214 22
6215 22
6216 17
6217 21
6218 22
6219 19
6220 17
6221 17
6222 17
6223 17
6224 17
6225 17
6226 17
6227 27
6228 19
6229 17
6230 17
6231 17
6232 25
6233 18
6234 18
6235 18
6236 17
6237 17
6238 17
6239 17
6240 17
6241 17
6242 17
6243 18
6244 18
6245 18
6246 18
6247 18
6248 17
6249 18
6250 17
6251 17
6252 17
6253 17
6254 17
6255 17
6256 17
6257 17
6258 18
6259 18
6260 17
6261 18
6262 17
6263 18
6264 17
6265 17
6266 17
6267 17
6268 17
6269 17
6270 18
6271 18
6272 17
6273 17
6274 36
6275 17
6276 28
6277 18
6278 18
6279 18
6280 18
6281 17
6282 17
6283 18
6284 17
6285 17
6286 18
6287 18
6288 17
6289 17
6290 17
6291 18
6292 17
6293 19
6294 18
6295 18
6296 17
6297 17
6298 17
6299 17
6300 17
6301 17
6302 17
6303 17
6304 18
6305 17
6306 17
6307 18
6308 17
6309 26
6310 18
6311 18
6312 17
6313 17
6314 18
6315 17
6316 18
6317 18
6318 17
6319 17
6320 25
6321 18
6322 17
6323 17
6324 17
6325 18
6326 18
6327 17
6328 18
6329 18
6330 17
6331 18
6332 17
6333 17
6334 17
6335 17
6336 18
6337 18
6338 19
6339 18
6340 18
6341 17
6342 17
6343 18
6344 17
6345 17
6346 17
6347 17
6348 17
6349 17
6350 18
6351 18
6352 17
6353 17
6354 19
6355 18
6356 18
6357 17
6358 18
6359 17
6360 17
6361 18
6362 18
6363 17
6364 17
6365 18
6366 18
6367 18
6368 17
6369 17
6370 17
6371 17
6372 17
6373 18
6374 17
6375 17
6376 17
6377 17
6378 18
6379 17
6380 17
6381 17
6382 18
6383 18
6384 18
6385 17
6386 17
6387 18
6388 19
6389 18
6390 17
6391 17
6392 18
6393 18
6394 17
6395 18
6396 17
6397 18
6398 18
6399 17
6400 22
6401 18
6402 18
6403 18
6404 17
6405 18
6406 18
6407 18
6408 18
6409 17
6410 18
6411 18
6412 17
6413 33
6414 27
6415 18
6416 17
6417 17
6418 18
6419 17
6420 19
6421 19
6422 18
6423 17
6424 18
6425 18
6426 18
6427 18
6428 18
6429 17
6430 18
6431 18
6432 18
6433 18
6434 18
6435 18
6436 18
6437 17
6438 18
6439 18
6440 17
6441 17
6442 17
6443 18
6444 18
6445 17
6446 18
6447 19
6448 17
6449 23
6450 17
6451 18
6452 18
6453 18
6454 18
6455 18
6456 17
6457 17
6458 18
6459 18
6460 18
6461 17
6462 17
6463 17
6464 17
6465 18
6466 18
6467 18
6468 18
6469 18
6470 20
6471 18
6472 17
6473 17
6474 18
6475 18
6476 17
6477 17
6478 17
6479 17
6480 18
6481 18
6482 18
6483 17
6484 17
6485 18
6486 19
6487 18
6488 18
6489 18
6490 18
6491 19
6492 17
6493 18
6494 18
6495 17
6496 18
6497 17
6498 18
6499 17
6500 18
6501 19
6502 17
6503 18
6504 18
6505 18
6506 17
6507 18
6508 18
6509 18
6510 18
6511 19
6512 18
6513 17
6514 18
6515 19
6516 19
6517 18
6518 20
6519 19
6520 22
6521 24
6522 24
6523 19
6524 19
6525 19
6526 19
6527 18
6528 19
6529 20
6530 18
6531 20
6532 19
6533 20
6534 22
6535 22
6536 20
6537 18
6538 19
6539 18
6540 19
6541 19
6542 21
6543 20
6544 20
6545 28
6546 23
6547 22
6548 19
6549 21
6550 25
6551 20
6552 18
6553 21
6554 20
6555 19
6556 19
6557 17
6558 18
6559 18
6560 18
6561 19
6562 17
6563 21
6564 24
6565 23
6566 20
6567 19
6568 20
6569 19
6570 18
6571 17
6572 18
6573 20
6574 22
6575 19
6576 19
6577 18
6578 17
6579 20
6580 18
6581 19
6582 20
6583 18
6584 18
6585 18
6586 17
6587 18
6588 20
6589 21
6590 22
6591 21
6592 18
6593 19
6594 22
6595 24
6596 20
6597 18
6598 21
6599 18
6600 18
6601 20
6602 20
6603 17
6604 19
6605 31
6606 19
6607 17
6608 18
6609 20
6610 19
6611 18
6612 20
6613 18
6614 18
6615 18
6616 33
6617 20
6618 17
6619 21
6620 21
6621 19
6622 19
6623 19
6624 19
6625 20
6626 19
6627 19
6628 18
6629 19
6630 20
6631 18
6632 18
6633 18
6634 34
6635 19
6636 19
6637 17
6638 18
6639 17
6640 19
6641 19
6642 17
6643 18
6644 17
6645 17
6646 19
6647 19
6648 18
6649 18
6650 20
6651 20
6652 18
6653 18
6654 19
6655 22
6656 20
6657 18
6658 18
6659 18
6660 19
6661 19
6662 18
6663 18
6664 18
6665 19
6666 17
6667 18
6668 19
6669 24
6670 18
6671 20
6672 20
6673 17
6674 19
6675 18
6676 17
6677 18
6678 18
6679 19
6680 17
6681 18
6682 20
6683 22
6684 19
6685 19
6686 17
6687 19
6688 17
6689 18
6690 18
6691 18
6692 17
6693 18
6694 18
6695 19
6696 18
6697 17
6698 18
6699 20
6700 17
6701 18
6702 18
6703 18
6704 23
6705 19
6706 18
6707 17
6708 19
6709 22
6710 19
6711 17
6712 18
6713 17
6714 20
6715 18
6716 19
6717 18
6718 18
6719 19
6720 19
6721 18
6722 17
6723 17
6724 35
6725 20
6726 19
6727 18
6728 17
6729 18
6730 22
6731 19
6732 18
6733 24
6734 19
6735 17
6736 17
6737 17
6738 17
6739 17
6740 17
6741 19
6742 18
6743 18
6744 18
6745 19
6746 22
6747 21
6748 19
6749 19
6750 17
6751 17
6752 17
6753 17
6754 19
6755 17
6756 18
6757 18
6758 18
6759 18
6760 19
6761 19
6762 20
6763 18
6764 18
6765 18
6766 18
6767 18
6768 17
6769 19
6770 18
6771 17
6772 19
6773 18
6774 18
6775 18
6776 18
6777 17
6778 17
6779 19
6780 20
6781 23
6782 19
6783 25
6784 206
6785 29
6786 24
6787 22
6788 18
6789 18
6790 18
6791 19
6792 20
6793 17
6794 19
6795 19
6796 18
6797 18
6798 17
6799 17
6800 21
6801 22
6802 18
6803 18
6804 18
6805 17
6806 18
6807 17
6808 18
6809 18
6810 17
6811 18
6812 17
6813 17
6814 18
6815 17
6816 18
6817 18
6818 18
6819 18
6820 18
6821 18
6822 17
6823 18
6824 18
6825 17
6826 18
6827 17
6828 17
6829 18
6830 17
6831 17
6832 17
6833 18
6834 18
6835 17
6836 17
6837 17
6838 27
6839 19
6840 18
6841 17
6842 17
6843 26
6844 18
6845 18
6846 19
6847 18
6848 17
6849 18
6850 18
6851 17
6852 17
6853 17
6854 17
6855 17
6856 17
6857 17
6858 17
6859 17
6860 18
6861 19
6862 18
6863 17
6864 17
6865 18
6866 18
6867 17
6868 17
6869 18
6870 17
6871 18
6872 19
6873 18
6874 17
6875 17
6876 17
6877 17
6878 18
6879 18
6880 17
6881 18
6882 19
6883 19
6884 18
6885 18
6886 17
6887 18
6888 18
6889 17
6890 18
6891 17
6892 18
6893 19
6894 20
6895 19
6896 17
6897 17
6898 17
6899 17
6900 17
6901 18
6902 18
6903 17
6904 18
6905 19
6906 18
6907 18
6908 17
6909 19
6910 18
6911 18
6912 17
6913 18
6914 18
6915 17
6916 18
6917 18
6918 18
6919 17
6920 17
6921 19
6922 18
6923 18
6924 18
6925 19
6926 27
6927 19
6928 17
6929 18
6930 18
6931 18
6932 17
6933 17
6934 18
6935 18
6936 17
6937 17
6938 18
6939 17
6940 18
6941 17
6942 18
6943 19
6944 20
6945 17
6946 18
6947 17
6948 17
6949 17
6950 23
6951 18
6952 17
6953 17
6954 17
6955 18
6956 18
6957 18
6958 18
6959 18
6960 19
6961 18
6962 17
6963 18
6964 28
6965 18
6966 18
6967 18
6968 18
6969 18
6970 18
6971 17
6972 17
6973 17
6974 17
6975 18
6976 20
6977 18
6978 17
6979 17
6980 17
6981 18
6982 18
6983 17
6984 18
6985 17
6986 28
6987 19
6988 18
6989 18
6990 17
6991 18
6992 18
6993 17
6994 17
6995 17
6996 19
6997 17
6998 17
6999 17
7000 18
7001 17
7002 17
7003 19
7004 18
7005 17
7006 17
7007 17
7008 19
7009 17
7010 18
7011 19
7012 18
7013 17
7014 17
7015 17
7016 17
7017 17
7018 17
7019 18
7020 17
7021 17
7022 17
7023 17
7024 17
7025 17
7026 19
7027 19
7028 17
7029 18
7030 17
7031 20
7032 18
7033 17
7034 18
7035 18
7036 18
7037 18
7038 18
7039 17
7040 18
7041 17
7042 18
7043 20
7044 19
7045 17
7046 19
7047 20
7048 19
7049 18
7050 18
7051 20
7052 18
7053 18
7054 18
7055 17
7056 17
7057 18
7058 18
7059 18
7060 18
7061 17
7062 19
7063 19
7064 17
7065 19
7066 42
7067 19
7068 18
7069 18
7070 17
7071 18
7072 19
7073 17
7074 17
7075 17
7076 17
7077 17
7078 17
7079 17
7080 17
7081 17
7082 17
7083 17
7084 17
7085 17
7086 17
7087 17
7088 17
7089 17
7090 25
7091 18
7092 17
7093 17
7094 17
7095 25
7096 18
7097 18
7098 18
7099 18
7100 17
7101 18
7102 17
7103 17
7104 18
7105 18
7106 18
7107 17
7108 17
7109 17
7110 18
7111 18
7112 26
7113 19
7114 18
7115 18
7116 17
7117 18
7118 18
7119 17
7120 17
7121 18
7122 18
7123 17
7124 17
7125 22
7126 18
7127 18
7128 18
7129 19
7130 18
7131 18
7132 17
7133 18
7134 17
7135 17
7136 20
7137 17
7138 18
7139 17
7140 17
7141 17
7142 18
7143 18
7144 17
7145 18
7146 19
7147 17
7148 17
7149 18
7150 18
7151 18
7152 18
7153 17
7154 17
7155 18
7156 17
7157 18
7158 18
7159 18
7160 17
7161 27
7162 19
7163 17
7164 18
7165 18
7166 17
7167 18
7168 17
7169 17
7170 17
7171 17
7172 18
7173 18
7174 18
7175 17
7176 17
7177 18
7178 18
7179 19
7180 18
7181 17
7182 18
7183 17
7184 18
7185 18
7186 17
7187 18
7188 18
7189 17
7190 17
7191 18
7192 17
7193 17
7194 28
7195 18
7196 18
7197 17
7198 17
7199 18
7200 20
7201 18
7202 17
7203 17
7204 17
7205 18
7206 18
7207 17
7208 18
7209 18
7210 17
7211 19
7212 17
7213 17
7214 18
7215 17
7216 17
7217 17
7218 17
7219 17
7220 17
7221 17
7222 18
7223 18
7224 18
7225 17
7226 17
7227 18
7228 17
7229 17
7230 17
7231 17
7232 17
7233 17
7234 17
7235 17
7236 18
7237 17
7238 18
7239 19
7240 17
7241 17
7242 17
7243 17
7244 17
7245 17
7246 17
7247 17
7248 17
7249 17
7250 17
7251 17
7252 18
7253 18
7254 18
7255 18
7256 18
7257 18
7258 18
7259 18
7260 18
7261 18
7262 18
7263 17
7264 19
7265 18
7266 17
7267 17
7268 17
7269 17
7270 17
7271 17
7272 17
7273 17
7274 17
7275 17
7276 17
7277 17
7278 17
7279 17
7280 19
7281 18
7282 18
7283 17
7284 18
7285 17
7286 18
7287 16
7288 17
7289 17
7290 17
7291 17
7292 17
7293 17
7294 18
7295 27
7296 18
7297 18
7298 17
7299 17
7300 25
7301 19
7302 29
7303 18
7304 17
7305 17
7306 17
7307 17
7308 17
7309 17
7310 17
7311 17
7312 17
7313 18
7314 17
7315 17
7316 17
7317 17
7318 17
7319 18
7320 18
7321 17
7322 18
7323 21
7324 18
7325 17
7326 19
7327 18
7328 21
7329 17
7330 18
7331 17
7332 18
7333 18
7334 18
7335 18
7336 17
7337 17
7338 18
7339 18
7340 18
7341 17
7342 17
7343 18
7344 17
7345 19
7346 18
7347 17
7348 18
7349 17
7350 19
7351 18
7352 18
7353 17
7354 19
7355 19
7356 19
7357 17
7358 17
7359 17
7360 18
7361 17
7362 17
7363 31
7364 29
7365 28
7366 28
7367 26
7368 24
7369 27
7370 30
7371 31
7372 31
7373 29
7374 31
7375 31
7376 30
7377 28
7378 28
7379 33
7380 30
7381 29
7382 29
7383 29
7384 28
7385 28
7386 28
7387 26
7388 26
7389 26
7390 26
7391 27
7392 44
7393 27
7394 27
7395 29
7396 29
7397 30
7398 31
7399 26
7400 32
7401 30
7402 31
7403 30
7404 30
7405 30
7406 29
7407 32
7408 29
7409 31
7410 30
7411 28
7412 29
7413 26
7414 28
7415 27
7416 27
7417 26
7418 29
7419 26
7420 33
7421 29
7422 23
7423 29
7424 29
7425 31
7426 29
7427 28
7428 29
7429 28
7430 20
7431 18
7432 29
7433 27
7434 29
7435 286
7436 29
7437 31
7438 31
7439 29
7440 29
7441 28
7442 27
7443 25
7444 30
7445 32
7446 28
7447 27
7448 29
7449 29
7450 41
7451 33
7452 29
7453 28
7454 28
7455 27
7456 28
7457 31
7458 33
7459 29
7460 28
7461 29
7462 27
7463 40
7464 32
7465 30
7466 30
7467 28
7468 27
7469 29
7470 28
7471 30
7472 30
7473 28
7474 32
7475 32
7476 41
7477 33
7478 29
7479 36
7480 32
7481 30
7482 29
7483 28
7484 27
7485 27
7486 27
7487 26
7488 29
7489 27
7490 27
7491 28
7492 27
7493 29
7494 30
7495 31
7496 30
7497 28
7498 30
7499 27
7500 32
7501 30
7502 30
7503 29
7504 31
7505 32
7506 29
7507 27
7508 30
7509 27
7510 27
7511 29
7512 29
7513 27
7514 30
7515 30
7516 31
7517 30
7518 29
7519 28
7520 30
7521 32
7522 30
7523 31
7524 1410
7525 69
7526 19
7527 18
7528 18
7529 18
7530 17
7531 17
7532 18
7533 18
7534 17
7535 17
7536 18
7537 21
7538 18
7539 18
7540 18
7541 18
7542 19
7543 18
7544 19
7545 22
7546 28
7547 119
7548 21
7549 18
7550 20
7551 20
7552 19
7553 17
7554 18
7555 17
7556 25
7557 18
7558 18
7559 18
7560 17
7561 18
7562 22
7563 18
7564 19
7565 18
7566 18
7567 19
7568 20
7569 18
7570 18
7571 19
7572 18
7573 17
7574 17
7575 18
7576 17
7577 17
7578 18
7579 18
7580 18
7581 18
7582 18
7583 27
7584 33
7585 30
7586 27
7587 31
7588 29
7589 28
7590 33
7591 31
7592 27
7593 28
7594 32
7595 32
7596 30
7597 29
7598 32
7599 29
7600 31
7601 31
7602 30
7603 27
7604 33
7605 31
7606 30
7607 28
7608 30
7609 28
7610 31
7611 32
7612 31
7613 29
7614 28
7615 27
7616 26
7617 18
7618 17
7619 17
7620 29
7621 31
7622 71
7623 31
7624 28
7625 27
7626 24
7627 30
7628 34
7629 30
7630 27
7631 28
7632 30
7633 44
7634 31
7635 31
7636 30
7637 29
7638 29
7639 31
7640 33
7641 30
7642 27
7643 27
7644 32
7645 32
7646 28
7647 27
7648 26
7649 27
7650 27
7651 27
7652 27
7653 26
7654 31
7655 30
7656 32
7657 29
7658 29
7659 30
7660 29
7661 33
7662 31
7663 30
7664 30
7665 32
7666 30
7667 748
7668 90
7669 19
7670 19
7671 18
7672 19
7673 19
7674 18
7675 18
7676 18
7677 18
7678 18
7679 18
7680 18
7681 18
7682 18
7683 18
7684 18
7685 18
7686 18
7687 18
7688 18
7689 19
7690 19
7691 17
7692 19
7693 83
7694 21
7695 18
7696 24
7697 18
7698 18
7699 18
7700 17
7701 17
7702 19
7703 21
7704 19
7705 17
7706 17
7707 17
7708 17
7709 18
7710 18
7711 17
7712 18
7713 18
7714 20
7715 18
7716 18
7717 18
7718 20
7719 18
7720 18
7721 17
7722 17
7723 17
7724 19
7725 17
7726 17
7727 50
7728 18
7729 18
7730 19
7731 18
7732 18
7733 21
7734 21
7735 21
7736 19
7737 23
7738 21
7739 20
7740 20
7741 21
7742 19
7743 20
7744 22
7745 29
7746 21
7747 21
7748 46
7749 24
7750 27
7751 21
7752 21
7753 30
7754 21
7755 19
7756 18
7757 23
7758 21
7759 20
7760 19
7761 20
7762 19
7763 21
7764 20
7765 21
7766 22
7767 29
7768 23
7769 19
7770 20
7771 21
7772 20
7773 20
7774 21
7775 21
7776 23
7777 26
7778 20
7779 20
7780 21
7781 19
7782 19
7783 17
7784 20
7785 18
7786 22
7787 19
7788 20
7789 19
7790 22
7791 19
7792 18
7793 19
7794 19
7795 17
7796 17
7797 19
7798 19
7799 21
7800 23
7801 20
7802 19
7803 21
7804 21
7805 21
7806 19
7807 19
7808 20
7809 22
7810 18
7811 17
7812 19
7813 17
7814 21
7815 22
7816 19
7817 19
7818 21
7819 20
7820 24
7821 19
7822 17
7823 19
7824 17
7825 20
7826 18
7827 18
7828 20
7829 19
7830 19
7831 19
7832 21
7833 23
7834 20
7835 21
7836 20
7837 18
7838 21
7839 36
7840 22
7841 24
7842 18
7843 19
7844 18
7845 20
7846 19
7847 18
7848 23
7849 22
7850 19
7851 22
7852 19
7853 18
7854 19
7855 17
7856 18
7857 20
7858 17
7859 19
7860 19
7861 21
7862 19
7863 19
7864 22
7865 19
7866 38
7867 23
7868 26
7869 20
7870 19
7871 18
7872 18
7873 20
7874 17
7875 17
7876 19
7877 19
7878 19
7879 18
7880 20
7881 19
7882 19
7883 41
7884 19
7885 19
7886 20
7887 18
7888 18
7889 18
7890 19
7891 19
7892 19
7893 17
7894 18
7895 18
7896 22
7897 20
7898 20
7899 21
7900 21
7901 20
7902 18
7903 19
7904 18
7905 17
7906 19
7907 18
7908 19
7909 54
7910 19
7911 19
7912 19
7913 20
7914 17
7915 18
7916 20
7917 20
7918 21
7919 18
7920 20
7921 19
7922 18
7923 19
7924 19
7925 18
7926 19
7927 19
7928 17
7929 17
7930 17
7931 17
7932 18
7933 18
7934 22
7935 19
7936 19
7937 20
7938 18
7939 20
7940 79
7941 20
7942 21
7943 19
7944 20
7945 20
7946 19
7947 18
7948 22
7949 18
7950 21
7951 18
7952 20
7953 18
7954 18
7955 19
7956 35
7957 22
7958 20
7959 18
7960 18
7961 22
7962 17
7963 19
7964 17
7965 18
7966 17
7967 18
7968 19
7969 22
7970 20
7971 23
7972 19
7973 20
7974 24
7975 21
7976 19
7977 18
7978 19
7979 19
7980 23
7981 23
7982 22
7983 21
7984 19
7985 18
7986 20
7987 19
7988 20
7989 19
7990 23
7991 22
7992 19
7993 19
7994 22
7995 22
7996 18
7997 18
7998 19
7999 32
8000 19
8001 18
8002 19
8003 20
8004 21
8005 24
8006 19
8007 18
8008 17
8009 21
8010 19
8011 18
8012 19
8013 22
8014 18
8015 20
8016 18
8017 19
8018 21
8019 22
8020 28
8021 18
8022 19
8023 20
8024 24
8025 21
8026 18
8027 19
8028 19
8029 20
8030 19
8031 20
8032 19
8033 19
8034 19
8035 24
8036 18
8037 19
8038 20
8039 18
8040 21
8041 116
8042 18
8043 18
8044 20
8045 21
8046 20
8047 23
8048 21
8049 18
8050 20
8051 18
8052 17
8053 17
8054 18
8055 18
8056 18
8057 19
8058 18
8059 17
8060 18
8061 30
8062 19
8063 17
8064 18
8065 18
8066 19
8067 19
8068 17
8069 19
8070 18
8071 18
8072 20
8073 18
8074 18
8075 17
8076 19
8077 17
8078 18
8079 17
8080 19
8081 18
8082 17
8083 17
8084 18
8085 17
8086 17
8087 17
8088 18
8089 19
8090 18
8091 17
8092 17
8093 17
8094 17
8095 17
8096 18
8097 17
8098 17
8099 17
8100 17
8101 17
8102 18
8103 18
8104 17
8105 17
8106 19
8107 17
8108 18
8109 18
8110 18
8111 17
8112 17
8113 17
8114 17
8115 17
8116 17
8117 18
8118 18
8119 18
8120 17
8121 17
8122 17
8123 18
8124 17
8125 17
8126 17
8127 18
8128 17
8129 17
8130 17
8131 17
8132 17
8133 17
8134 18
8135 17
8136 18
8137 18
8138 17
8139 19
8140 18
8141 18
8142 17
8143 17
8144 17
8145 17
8146 17
8147 17
8148 17
8149 17
8150 17
8151 17
8152 17
8153 17
8154 17
8155 17
8156 18
8157 18
8158 17
8159 17
8160 17
8161 17
8162 19
8163 17
8164 17
8165 17
8166 17
8167 17
8168 19
8169 17
8170 17
8171 17
8172 17
8173 18
8174 17
8175 17
8176 18
8177 17
8178 17
8179 18
8180 17
8181 17
8182 17
8183 17
8184 17
8185 18
8186 18
8187 16
8188 18
8189 18
8190 17
8191 18
8192 18
8193 17
8194 18
8195 27
8196 18
8197 18
8198 17
8199 17
8200 18
8201 17
8202 17
8203 17
8204 17
8205 17
8206 17
8207 17
8208 17
8209 17
8210 17
8211 17
8212 18
8213 21
8214 29
8215 18
8216 18
8217 18
8218 17
8219 17
8220 17
8221 17
8222 17
8223 19
8224 18
8225 18
8226 17
8227 17
8228 18
8229 18
8230 18
8231 18
8232 17
8233 17
8234 18
8235 18
8236 17
8237 18
8238 17
8239 17
8240 17
8241 17
8242 17
8243 17
8244 18
8245 17
8246 17
8247 17
8248 17
8249 17
8250 17
8251 17
8252 17
8253 18
8254 17
8255 17
8256 20
8257 18
8258 28
8259 18
8260 20
8261 19
8262 17
8263 20
8264 19
8265 17
8266 18
8267 17
8268 18
8269 18
8270 18
8271 17
8272 17
8273 18
8274 18
8275 17
8276 17
8277 17
8278 17
8279 18
8280 17
8281 17
8282 18
8283 23
8284 18
8285 25
8286 19
8287 18
8288 17
8289 17
8290 18
8291 17
8292 17
8293 17
8294 18
8295 18
8296 18
8297 17
8298 17
8299 18
8300 19
8301 21
8302 19
8303 18
8304 17
8305 19
8306 19
8307 18
8308 17
8309 18
8310 18
8311 19
8312 21
8313 18
8314 17
8315 18
8316 21
8317 20
8318 19
8319 20
8320 20
8321 19
8322 19
8323 20
8324 18
8325 18
8326 18
8327 19
8328 21
8329 17
8330 18
8331 18
8332 19
8333 18
8334 18
8335 17
8336 18
8337 17
8338 17
8339 17
8340 18
8341 17
8342 19
8343 17
8344 18
8345 19
8346 18
8347 18
8348 17
8349 17
8350 18
8351 18
8352 17
8353 17
8354 28
8355 18
8356 17
8357 17
8358 17
8359 17
8360 17
8361 18
8362 18
8363 19
8364 18
8365 17
8366 18
8367 18
8368 17
8369 17
8370 17
8371 18
8372 17
8373 18
8374 17
8375 17
8376 17
8377 18
8378 18
8379 18
8380 18
8381 18
8382 19
8383 20
8384 18
8385 17
8386 17
8387 18
8388 19
8389 23
8390 17
8391 18
8392 28
8393 19
8394 18
8395 18
8396 17
8397 18
8398 18
8399 17
8400 18
8401 17
8402 17
8403 18
8404 18
8405 18
8406 17
8407 18
8408 17
8409 17
8410 17
8411 17
8412 17
8413 17
8414 18
8415 18
8416 18
8417 18
8418 18
8419 18
8420 18
8421 19
8422 18
8423 17
8424 18
8425 17
8426 17
8427 17
8428 17
8429 17
8430 17
8431 27
8432 18
8433 18
8434 18
8435 17
8436 17
8437 17
8438 17
8439 17
8440 17
8441 18
8442 18
8443 17
8444 17
8445 20
8446 19
8447 17
8448 17
8449 17
8450 17
8451 18
8452 17
8453 17
8454 17
8455 17
8456 17
8457 17
8458 17
8459 17
8460 17
8461 17
8462 16
8463 17
8464 17
8465 17
8466 17
8467 17
8468 17
8469 17
8470 17
8471 18
8472 17
8473 17
8474 17
8475 18
8476 17
8477 17
8478 18
8479 19
8480 18
8481 16
8482 17
8483 17
8484 18
8485 18
8486 17
8487 19
8488 18
8489 18
8490 18
8491 17
8492 18
8493 17
8494 17
8495 17
8496 17
8497 17
8498 17
8499 17
8500 18
8501 18
8502 18
8503 18
8504 32
8505 18
8506 17
8507 17
8508 16
8509 17
8510 19
8511 18
8512 18
8513 17
8514 17
8515 17
8516 17
8517 17
8518 18
8519 17
8520 17
8521 17
8522 17
8523 17
8524 17
8525 17
8526 17
8527 20
8528 17
8529 17
8530 17
8531 16
8532 18
8533 19
8534 18
8535 19
8536 17
8537 17
8538 18
8539 18
8540 18
8541 17
8542 17
8543 17
8544 18
8545 17
8546 18
8547 17
8548 18
8549 18
8550 18
8551 18
8552 17
8553 17
8554 20
8555 18
8556 19
8557 18
8558 19
8559 18
8560 17
8561 18
8562 18
8563 18
8564 18
8565 19
8566 19
8567 19
8568 63
8569 19
8570 28
8571 21
8572 19
8573 17
8574 19
8575 19
8576 19
8577 18
8578 19
8579 20
8580 20
8581 24
8582 24
8583 27
8584 21
8585 19
8586 20
8587 21
8588 18
8589 17
8590 20
8591 18
8592 19
8593 45
8594 22
8595 21
8596 19
8597 18
8598 20
8599 18
8600 19
8601 18
8602 19
8603 21
8604 27
8605 20
8606 19
8607 21
8608 37
8609 21
8610 21
8611 19
8612 20
8613 20
8614 19
8615 21
8616 20
8617 22
8618 24
8619 20
8620 22
8621 19
8622 18
8623 17
8624 18
8625 18
8626 19
8627 22
8628 27
8629 18
8630 19
8631 18
8632 21
8633 19
8634 18
8635 18
8636 21
8637 21
8638 18
8639 17
8640 19
8641 20
8642 18
8643 21
8644 19
8645 19
8646 19
8647 22
8648 19
8649 18
8650 18
8651 18
8652 19
8653 18
8654 18
8655 19
8656 19
8657 18
8658 17
8659 22
8660 18
8661 19
8662 18
8663 18
8664 18
8665 19
8666 19
8667 19
8668 20
8669 20
8670 19
8671 23
8672 17
8673 18
8674 20
8675 19
8676 19
8677 19
8678 19
8679 19
8680 18
8681 19
8682 18
8683 34
8684 20
8685 18
8686 18
8687 19
8688 18
8689 18
8690 19
8691 19
8692 19
8693 20
8694 21
8695 19
8696 18
8697 18
8698 20
8699 17
8700 17
8701 21
8702 19
8703 20
8704 19
8705 20
8706 19
8707 18
8708 19
8709 22
8710 18
8711 20
8712 18
8713 19
8714 20
8715 20
8716 18
8717 18
8718 17
8719 18
8720 19
8721 21
8722 19
8723 19
8724 20
8725 21
8726 18
8727 19
8728 19
8729 34
8730 20
8731 21
8732 18
8733 19
8734 18
8735 18
8736 18
8737 17
8738 20
8739 21
8740 25
8741 20
8742 18
8743 19
8744 18
8745 19
8746 19
8747 17
8748 18
8749 20
8750 19
8751 19
8752 18
8753 18
8754 18
8755 18
8756 19
8757 18
8758 18
8759 19
8760 18
8761 19
8762 34
8763 19
8764 21
8765 19
8766 19
8767 19
8768 18
8769 20
8770 19
8771 25
8772 18
8773 17
8774 16
8775 18
8776 17
8777 18
8778 17
8779 17
8780 18
8781 18
8782 19
8783 19
8784 19
8785 19
8786 19
8787 22
8788 24
8789 18
8790 17
8791 19
8792 21
8793 17
8794 18
8795 18
8796 19
8797 19
8798 18
8799 18
8800 18
8801 18
8802 17
8803 17
8804 18
8805 17
8806 17
8807 35
8808 18
8809 18
8810 18
8811 17
8812 18
8813 17
8814 18
8815 18
8816 17
8817 19
8818 18
8819 17
8820 18
8821 18
8822 18
8823 19
8824 21
8825 18
8826 18
8827 18
8828 19
8829 19
8830 18
8831 17
8832 18
8833 18
8834 22
8835 27
8836 18
8837 17
8838 17
8839 18
8840 17
8841 18
8842 17
8843 17
8844 17
8845 17
8846 17
8847 17
8848 17
8849 18
8850 19
8851 18
8852 17
8853 18
8854 17
8855 19
8856 21
8857 19
8858 18
8859 17
8860 18
8861 18
8862 17
8863 17
8864 17
8865 17
8866 17
8867 17
8868 18
8869 28
8870 18
8871 17
8872 19
8873 17
8874 18
8875 18
8876 18
8877 18
8878 18
8879 17
8880 17
8881 17
8882 17
8883 17
8884 18
8885 16
8886 17
8887 17
8888 17
8889 17
8890 16
8891 17
8892 17
8893 17
8894 16
8895 17
8896 17
8897 17
8898 17
8899 19
8900 17
8901 17
8902 18
8903 18
8904 17
8905 17
8906 17
8907 18
8908 17
8909 17
8910 17
8911 25
8912 18
8913 17
8914 17
8915 17
8916 18
8917 17
8918 17
8919 17
8920 18
8921 18
8922 17
8923 17
8924 17
8925 17
8926 17
8927 17
8928 17
8929 17
8930 16
8931 17
8932 18
8933 18
8934 18
8935 17
8936 17
8937 18
8938 18
8939 17
8940 24
8941 18
8942 17
8943 17
8944 17
8945 17
8946 18
8947 18
8948 17
8949 17
8950 17
8951 18
8952 17
8953 18
8954 17
8955 17
8956 17
8957 17
8958 17
8959 17
8960 18
8961 17
8962 18
8963 20
8964 18
8965 17
8966 17
8967 18
8968 17
8969 17
8970 17
8971 17
8972 18
8973 19
8974 18
8975 18
8976 18
8977 18
8978 18
8979 18
8980 17
8981 17
8982 17
8983 17
8984 17
8985 18
8986 18
8987 17
8988 17
8989 17
8990 17
8991 17
8992 17
8993 17
8994 17
8995 17
8996 17
8997 17
8998 18
8999 17
9000 17
9001 18
9002 17
9003 18
9004 18
9005 17
9006 17
9007 17
9008 17
9009 17
9010 17
9011 17
9012 17
9013 17
9014 17
9015 17
9016 18
9017 18
9018 17
9019 17
9020 17
9021 17
9022 17
9023 18
9024 18
9025 17
9026 17
9027 21
9028 17
9029 18
9030 19
9031 17
9032 18
9033 18
9034 17
9035 19
9036 18
9037 18
9038 18
9039 18
9040 17
9041 17
9042 17
9043 17
9044 17
9045 17
9046 17
9047 17
9048 16
9049 31
9050 18
9051 18
9052 17
9053 17
9054 18
9055 17
9056 18
9057 17
9058 17
9059 17
9060 17
9061 17
9062 17
9063 18
9064 17
9065 17
9066 17
9067 16
9068 17
9069 17
9070 17
9071 17
9072 17
9073 17
9074 18
9075 18
9076 18
9077 17
9078 17
9079 16
9080 17
9081 17
9082 17
9083 17
9084 17
9085 27
9086 20
9087 18
9088 17
9089 17
9090 19
9091 22
9092 18
9093 17
9094 17
9095 18
9096 19
9097 20
9098 18
9099 17
9100 18
9101 20
9102 20
9103 18
9104 20
9105 17
9106 21
9107 22
9108 21
9109 17
9110 18
9111 19
9112 19
9113 18
9114 17
9115 17
9116 17
9117 18
9118 18
9119 17
9120 18
9121 18
9122 17
9123 17
9124 17
9125 18
9126 18
9127 18
9128 17
9129 17
9130 18
9131 18
9132 18
9133 17
9134 19
9135 19
9136 19
9137 18
9138 17
9139 18
9140 18
9141 17
9142 17
9143 17
9144 18
9145 18
9146 18
9147 18
9148 18
9149 18
9150 18
9151 17
9152 17
9153 17
9154 17
9155 19
9156 17
9157 17
9158 17
9159 17
9160 16
9161 17
9162 17
9163 17
9164 17
9165 17
9166 17
9167 17
9168 17
9169 17
9170 17
9171 17
9172 17
9173 17
9174 18
9175 19
9176 18
9177 17
9178 17
9179 19
9180 18
9181 18
9182 17
9183 17
9184 17
9185 16
9186 17
9187 17
9188 17
9189 17
9190 17
9191 17
9192 17
9193 17
9194 17
9195 17
9196 28
9197 18
9198 18
9199 17
9200 17
9201 17
9202 17
9203 17
9204 17
9205 17
9206 17
9207 17
9208 17
9209 17
9210 17
9211 17
9212 17
9213 17
9214 18
9215 18
9216 18
9217 18
9218 17
9219 20
9220 17
9221 17
9222 17
9223 17
9224 17
9225 17
9226 27
9227 18
9228 17
9229 29
9230 18
9231 18
9232 17
9233 17
9234 17
9235 17
9236 17
9237 18
9238 18
9239 17
9240 18
9241 19
9242 18
9243 17
9244 17
9245 18
9246 18
9247 17
9248 18
9249 17
9250 17
9251 17
9252 17
9253 17
9254 17
9255 18
9256 18
9257 18
9258 19
9259 17
9260 18
9261 19
9262 18
9263 17
9264 17
9265 18
9266 18
9267 18
9268 17
9269 22
9270 17
9271 19
9272 17
9273 17
9274 17
9275 18
9276 18
9277 17
9278 17
9279 21
9280 18
9281 17
9282 17
9283 20
9284 19
9285 19
9286 18
9287 17
9288 17
9289 17
9290 17
9291 18
9292 16
9293 20
9294 17
9295 19
9296 19
9297 19
9298 19
9299 19
9300 19
9301 17
9302 18
9303 21
9304 19
9305 19
9306 19
9307 19
9308 22
9309 22
9310 25
9311 20
9312 18
9313 18
9314 18
9315 18
9316 18
9317 17
9318 19
9319 19
9320 18
9321 18
9322 19
9323 23
9324 20
9325 18
9326 17
9327 16
9328 17
9329 19
9330 17
9331 17
9332 19
9333 19
9334 17
9335 20
9336 18
9337 18
9338 53
9339 22
9340 22
9341 21
9342 17
9343 18
9344 18
9345 17
9346 19
9347 27
9348 19
9349 18
9350 17
9351 36
9352 23
9353 21
9354 20
9355 18
9356 18
9357 19
9358 17
9359 17
9360 19
9361 44
9362 37
9363 19
9364 23
9365 19
9366 22
9367 24
9368 17
9369 17
9370 19
9371 19
9372 19
9373 16
9374 18
9375 17
9376 17
9377 17
9378 17
9379 20
9380 20
9381 24
9382 21
9383 18
9384 17
9385 18
9386 17
9387 16
9388 18
9389 17
9390 18
9391 17
9392 17
9393 33
9394 18
9395 17
9396 18
9397 22
9398 18
9399 18
9400 18
9401 17
9402 18
9403 19
9404 17
9405 18
9406 19
9407 18
9408 17
9409 19
9410 16
9411 41
9412 19
9413 19
9414 18
9415 19
9416 18
9417 18
9418 18
9419 18
9420 17
9421 20
9422 19
9423 20
9424 18
9425 18
9426 17
9427 20
9428 23
9429 18
9430 17
9431 17
9432 19
9433 17
9434 18
9435 17
9436 19
9437 17
9438 19
9439 18
9440 18
9441 18
9442 18
9443 19
9444 22
9445 19
9446 17
9447 17
9448 17
9449 19
9450 18
9451 17
9452 19
9453 18
9454 18
9455 17
9456 19
9457 17
9458 18
9459 17
9460 18
9461 32
9462 19
9463 18
9464 18
9465 18
9466 18
9467 18
9468 18
9469 19
9470 17
9471 18
9472 18
9473 18
9474 19
9475 23
9476 18
9477 18
9478 18
9479 18
9480 18
9481 17
9482 18
9483 20
9484 19
9485 19
9486 18
9487 25
9488 19
9489 18
9490 19
9491 18
9492 17
9493 17
9494 17
9495 17
9496 39
9497 20
9498 22
9499 18
9500 19
9501 18
9502 18
9503 18
9504 18
9505 18
9506 20
9507 23
9508 20
9509 19
9510 17
9511 18
9512 19
9513 18
9514 19
9515 17
9516 17
9517 18
9518 22
9519 19
9520 18
9521 18
9522 19
9523 17
9524 18
9525 20
9526 20
9527 19
9528 17
9529 18
9530 17
9531 18
9532 18
9533 19
9534 23
9535 19
9536 17
9537 17
9538 20
9539 27
9540 18
9541 17
9542 18
9543 20
9544 18
9545 18
9546 17
9547 19
9548 17
9549 17
9550 18
9551 17
9552 17
9553 18
9554 18
9555 18
9556 18
9557 18
9558 18
9559 18
9560 18
9561 17
9562 43
9563 18
9564 17
9565 17
9566 17
9567 17
9568 18
9569 18
9570 18
9571 17
9572 18
9573 17
9574 17
9575 19
9576 22
9577 19
9578 18
9579 19
9580 19
9581 21
9582 20
9583 18
9584 17
9585 18
9586 17
9587 18
9588 21
9589 18
9590 18
9591 18
9592 17
9593 18
9594 17
9595 18
9596 18
9597 19
9598 18
9599 17
9600 18
9601 17
9602 17
9603 20
9604 18
9605 17
9606 17
9607 19
9608 20
9609 17
9610 17
9611 18
9612 17
9613 20
9614 17
9615 17
9616 19
9617 17
9618 18
9619 17
9620 17
9621 18
9622 18
9623 17
9624 17
9625 17
9626 17
9627 17
9628 17
9629 28
9630 18
9631 17
9632 17
9633 17
9634 17
9635 19
9636 17
9637 17
9638 17
9639 17
9640 17
9641 18
9642 17
9643 17
9644 18
9645 18
9646 18
9647 18
9648 17
9649 17
9650 17
9651 17
9652 18
9653 17
9654 17
9655 17
9656 17
9657 17
9658 18
9659 18
9660 18
9661 18
9662 18
9663 18
9664 19
9665 18
9666 17
9667 19
9668 18
9669 18
9670 17
9671 17
9672 18
9673 18
9674 18
9675 18
9676 18
9677 17
9678 17
9679 17
9680 18
9681 19
9682 17
9683 17
9684 17
9685 17
9686 17
9687 17
9688 17
9689 17
9690 18
9691 18
9692 17
9693 17
9694 17
9695 18
9696 18
9697 17
9698 17
9699 17
9700 17
9701 17
9702 17
9703 17
9704 17
9705 18
9706 19
9707 18
9708 18
9709 18
9710 18
9711 17
9712 17
9713 17
9714 19
9715 18
9716 17
9717 17
9718 17
9719 27
9720 18
9721 18
9722 18
9723 18
9724 25
9725 18
9726 17
9727 17
9728 17
9729 17
9730 17
9731 19
9732 17
9733 17
9734 17
9735 17
9736 17
9737 17
9738 29
9739 17
9740 18
9741 20
9742 17
9743 18
9744 17
9745 18
9746 18
9747 18
9748 17
9749 18
9750 19
9751 17
9752 18
9753 19
9754 18
9755 18
9756 18
9757 19
9758 19
9759 18
9760 18
9761 17
9762 18
9763 18
9764 17
9765 17
9766 18
9767 18
9768 18
9769 18
9770 17
9771 17
9772 18
9773 17
9774 17
9775 18
9776 18
9777 17
9778 18
9779 18
9780 17
9781 19
9782 18
9783 19
9784 17
9785 17
9786 19
9787 17
9788 18
9789 17
9790 18
9791 17
9792 18
9793 17
9794 18
9795 20
9796 18
9797 20
9798 18
9799 17
9800 17
9801 18
9802 20
9803 17
9804 17
9805 17
9806 17
9807 17
9808 17
9809 17
9810 18
9811 17
9812 17
9813 16
9814 17
9815 17
9816 17
9817 18
9818 17
9819 17
9820 17
9821 17
9822 17
9823 17
9824 18
9825 17
9826 18
9827 19
9828 18
9829 17
9830 16
9831 17
9832 17
9833 16
9834 18
9835 17
9836 17
9837 17
9838 17
9839 17
9840 17
9841 17
9842 18
9843 17
9844 17
9845 17
9846 17
9847 19
9848 21
9849 17
9850 19
9851 16
9852 20
9853 21
9854 18
9855 18
9856 17
9857 18
9858 18
9859 18
9860 17
9861 18
9862 19
9863 17
9864 18
9865 17
9866 17
9867 17
9868 33
9869 19
9870 17
9871 17
9872 17
9873 18
9874 19
9875 17
9876 17
9877 17
9878 17
9879 17
9880 17
9881 17
9882 17
9883 17
9884 17
9885 17
9886 17
9887 17
9888 16
9889 17
9890 18
9891 17
9892 17
9893 17
9894 17
9895 17
9896 17
9897 16
9898 17
9899 17
9900 16
9901 21
9902 17
9903 19
9904 18
9905 17
9906 17
9907 17
9908 17
9909 17
9910 17
9911 17
9912 17
9913 17
9914 17
9915 382
9916 71
9917 22
9918 21
9919 19
9920 19
9921 18
9922 24
9923 21
9924 19
9925 18
9926 23
9927 19
9928 21
9929 17
9930 18
9931 21
9932 21
9933 21
9934 19
9935 19
9936 19
9937 18
9938 20
9939 19
9940 20
9941 20
9942 20
9943 18
9944 19
9945 19
9946 19
9947 19
9948 19
9949 19
9950 19
9951 22
9952 17
9953 20
9954 21
9955 20
9956 19
9957 19
9958 17
9959 18
9960 18
9961 17
9962 23
9963 21
9964 22
9965 19
9966 18
9967 19
9968 20
9969 18
9970 19
9971 18
9972 21
9973 20
9974 19
9975 19
9976 20
9977 19
9978 19
9979 19
9980 18
9981 21
9982 22
9983 30
9984 20
9985 20
9986 18
9987 23
9988 19
9989 18
9990 19
9991 19
9992 20
9993 18
9994 20
9995 19
9996 18
9997 47
9998 22
9999 20
