0 133
1 31
2 30
3 21
4 19
5 19
6 19
7 24
8 24
9 25
10 26
11 27
12 26
13 24
14 28
15 27
16 27
17 24
18 25
19 23
20 25
21 28
22 27
23 25
24 23
25 24
26 25
27 27
28 26
29 79
30 18
31 18
32 18
33 17
34 23
35 24
36 25
37 27
38 23
39 22
40 26
41 26
42 20
43 27
44 26
45 25
46 24
47 22
48 23
49 24
50 24
51 27
52 26
53 23
54 24
55 22
56 25
57 23
58 23
59 24
60 25
61 26
62 24
63 19
64 23
65 25
66 24
67 26
68 25
69 27
70 26
71 21
72 21
73 922
74 87
75 20
76 18
77 18
78 20
79 18
80 18
81 18
82 18
83 17
84 17
85 17
86 18
87 17
88 17
89 18
90 17
91 17
92 17
93 19
94 19
95 18
96 20
97 18
98 18
99 17
100 17
101 18
102 17
103 17
104 19
105 18
106 17
107 17
108 17
109 16
110 17
111 18
112 17
113 18
114 18
115 18
116 18
117 19
118 18
119 18
120 18
121 17
122 17
123 17
124 18
125 17
126 17
127 17
128 17
129 17
130 17
131 17
132 17
133 17
134 16
135 17
136 17
137 17
138 17
139 18
140 18
141 18
142 17
143 18
144 17
145 251
146 21
147 19
148 19
149 18
150 18
151 18
152 21
153 18
154 18
155 19
156 18
157 18
158 17
159 18
160 19
161 18
162 18
163 18
164 17
165 18
166 18
167 18
168 18
169 18
170 20
171 18
172 18
173 18
174 18
175 18
176 17
177 17
178 18
179 18
180 19
181 20
182 20
183 21
184 20
185 18
186 18
187 18
188 18
189 18
190 18
191 18
192 18
193 18
194 18
195 18
196 18
197 18
198 18
199 18
200 18
201 18
202 18
203 18
204 17
205 17
206 17
207 17
208 17
209 17
210 17
211 17
212 17
213 17
214 17
215 17
216 17
217 17
218 17
219 16
220 17
221 16
222 17
223 17
224 17
225 17
226 17
227 17
228 16
229 17
230 18
231 18
232 21
233 20
234 19
235 19
236 17
237 18
238 18
239 20
240 23
241 20
242 20
243 19
244 20
245 18
246 19
247 18
248 19
249 19
250 19
251 19
252 17
253 19
254 18
255 18
256 20
257 20
258 20
259 20
260 19
261 18
262 20
263 20
264 19
265 18
266 17
267 17
268 17
269 17
270 16
271 17
272 17
273 17
274 17
275 17
276 17
277 17
278 17
279 17
280 17
281 17
282 17
283 16
284 17
285 17
286 17
287 17
288 18
289 18
290 18
291 17
292 17
293 17
294 17
295 17
296 17
297 17
298 17
299 17
300 16
301 17
302 17
303 17
304 16
305 16
306 17
307 17
308 17
309 17
310 18
311 17
312 31
313 17
314 17
315 17
316 17
317 16
318 17
319 17
320 17
321 18
322 18
323 18
324 18
325 18
326 17
327 17
328 17
329 17
330 17
331 17
332 17
333 17
334 17
335 17
336 17
337 17
338 17
339 17
340 16
341 17
342 16
343 17
344 17
345 17
346 18
347 17
348 17
349 17
350 17
351 16
352 18
353 18
354 17
355 17
356 17
357 17
358 17
359 17
360 16
361 18
362 17
363 18
364 18
365 17
366 18
367 17
368 17
369 17
370 17
371 21
372 17
373 17
374 19
375 18
376 17
377 17
378 17
379 17
380 17
381 18
382 17
383 18
384 18
385 17
386 18
387 17
388 18
389 18
390 17
391 18
392 17
393 18
394 18
395 17
396 17
397 17
398 17
399 17
400 18
401 18
402 18
403 17
404 17
405 17
406 17
407 17
408 18
409 17
410 17
411 17
412 17
413 17
414 17
415 18
416 18
417 18
418 18
419 17
420 17
421 17
422 17
423 17
424 17
425 17
426 17
427 17
428 17
429 18
430 17
431 18
432 17
433 17
434 17
435 17
436 17
437 17
438 17
439 18
440 17
441 17
442 18
443 18
444 18
445 17
446 18
447 17
448 17
449 17
450 17
451 17
452 17
453 18
454 17
455 17
456 17
457 17
458 19
459 19
460 18
461 20
462 19
463 19
464 19
465 17
466 17
467 18
468 17
469 18
470 17
471 17
472 18
473 17
474 17
475 18
476 18
477 17
478 18
479 17
480 17
481 16
482 17
483 17
484 17
485 18
486 17
487 17
488 17
489 17
490 18
491 17
492 17
493 35
494 17
495 17
496 17
497 17
498 17
499 16
500 17
501 16
502 17
503 17
504 18
505 17
506 17
507 16
508 17
509 17
510 17
511 17
512 16
513 17
514 17
515 17
516 17
517 17
518 19
519 17
520 17
521 18
522 18
523 17
524 17
525 17
526 18
527 17
528 17
529 17
530 17
531 17
532 17
533 18
534 18
535 17
536 17
537 17
538 17
539 17
540 17
541 17
542 18
543 17
544 18
545 18
546 30
547 18
548 18
549 18
550 19
551 18
552 18
553 18
554 17
555 18
556 20
557 19
558 18
559 17
560 17
561 18
562 17
563 17
564 17
565 17
566 17
567 17
568 17
569 17
570 18
571 18
572 17
573 18
574 19
575 17
576 18
577 17
578 17
579 17
580 16
581 17
582 17
583 17
584 17
585 17
586 17
587 17
588 17
589 17
590 17
591 17
592 17
593 18
594 19
595 18
596 17
597 16
598 17
599 18
600 20
601 17
602 19
603 19
604 19
605 17
606 17
607 17
608 17
609 16
610 17
611 16
612 17
613 17
614 17
615 17
616 17
617 17
618 18
619 16
620 17
621 17
622 17
623 17
624 17
625 17
626 17
627 17
628 16
629 17
630 17
631 17
632 17
633 17
634 17
635 16
636 17
637 17
638 16
639 17
640 17
641 17
642 16
643 17
644 17
645 17
646 18
647 18
648 17
649 17
650 17
651 17
652 17
653 16
654 17
655 17
656 16
657 17
658 17
659 17
660 17
661 17
662 17
663 17
664 17
665 17
666 17
667 17
668 17
669 17
670 17
671 17
672 16
673 17
674 16
675 34
676 17
677 17
678 16
679 17
680 16
681 17
682 17
683 17
684 17
685 21
686 17
687 16
688 17
689 16
690 17
691 17
692 17
693 16
694 17
695 17
696 17
697 17
698 17
699 17
700 17
701 16
702 17
703 17
704 16
705 17
706 16
707 16
708 17
709 17
710 17
711 17
712 17
713 17
714 17
715 17
716 17
717 17
718 17
719 17
720 17
721 17
722 16
723 17
724 17
725 18
726 18
727 18
728 18
729 18
730 17
731 17
732 17
733 17
734 17
735 17
736 17
737 17
738 17
739 17
740 17
741 17
742 17
743 17
744 17
745 17
746 17
747 17
748 17
749 19
750 17
751 17
752 17
753 17
754 17
755 17
756 17
757 18
758 17
759 17
760 17
761 17
762 17
763 17
764 16
765 17
766 17
767 17
768 17
769 17
770 17
771 17
772 17
773 17
774 17
775 17
776 17
777 17
778 17
779 17
780 17
781 17
782 17
783 17
784 17
785 18
786 17
787 17
788 17
789 17
790 16
791 17
792 16
793 17
794 17
795 16
796 17
797 17
798 17
799 17
800 17
801 17
802 17
803 17
804 17
805 17
806 17
807 17
808 17
809 16
810 17
811 16
812 17
813 19
814 17
815 17
816 17
817 17
818 17
819 17
820 16
821 17
822 18
823 17
824 16
825 17
826 16
827 17
828 16
829 17
830 17
831 17
832 17
833 17
834 17
835 17
836 17
837 17
838 17
839 17
840 16
841 17
842 17
843 17
844 17
845 17
846 17
847 17
848 17
849 17
850 17
851 16
852 17
853 17
854 17
855 17
856 17
857 17
858 17
859 22
860 18
861 17
862 17
863 17
864 17
865 17
866 17
867 17
868 17
869 17
870 17
871 17
872 17
873 17
874 17
875 17
876 17
877 19
878 17
879 17
880 17
881 17
882 16
883 17
884 17
885 18
886 17
887 17
888 17
889 17
890 17
891 17
892 18
893 17
894 17
895 17
896 17
897 17
898 17
899 17
900 17
901 17
902 17
903 17
904 17
905 17
906 17
907 17
908 18
909 17
910 17
911 17
912 17
913 17
914 17
915 17
916 16
917 17
918 17
919 17
920 17
921 18
922 18
923 18
924 17
925 17
926 17
927 17
928 17
929 17
930 17
931 17
932 17
933 17
934 17
935 17
936 16
937 17
938 17
939 17
940 17
941 18
942 17
943 17
944 17
945 17
946 16
947 17
948 17
949 17
950 17
951 17
952 16
953 17
954 17
955 17
956 17
957 17
958 17
959 17
960 17
961 17
962 17
963 17
964 17
965 17
966 17
967 17
968 17
969 17
970 17
971 17
972 17
973 17
974 17
975 17
976 17
977 17
978 18
979 17
980 17
981 17
982 17
983 17
984 17
985 18
986 18
987 17
988 17
989 16
990 17
991 17
992 17
993 17
994 16
995 17
996 17
997 17
998 17
999 17
1000 16
1001 17
1002 16
1003 16
1004 17
1005 19
1006 17
1007 18
1008 17
1009 17
1010 17
1011 17
1012 17
1013 17
1014 16
1015 16
1016 16
1017 17
1018 18
1019 17
1020 18
1021 17
1022 17
1023 16
1024 17
1025 17
1026 17
1027 18
1028 20
1029 17
1030 17
1031 17
1032 16
1033 17
1034 17
1035 16
1036 18
1037 17
1038 17
1039 17
1040 17
1041 17
1042 18
1043 38
1044 18
1045 18
1046 17
1047 17
1048 17
1049 23
1050 18
1051 18
1052 18
1053 17
1054 18
1055 16
1056 17
1057 17
1058 16
1059 17
1060 17
1061 16
1062 17
1063 17
1064 16
1065 17
1066 17
1067 16
1068 17
1069 18
1070 18
1071 17
1072 17
1073 16
1074 17
1075 16
1076 17
1077 17
1078 17
1079 16
1080 16
1081 16
1082 17
1083 17
1084 17
1085 16
1086 17
1087 16
1088 17
1089 17
1090 17
1091 18
1092 17
1093 16
1094 17
1095 17
1096 16
1097 17
1098 17
1099 16
1100 16
1101 17
1102 17
1103 16
1104 17
1105 16
1106 17
1107 17
1108 17
1109 16
1110 17
1111 16
1112 18
1113 16
1114 17
1115 16
1116 16
1117 16
1118 17
1119 17
1120 17
1121 17
1122 17
1123 17
1124 16
1125 17
1126 17
1127 17
1128 17
1129 16
1130 17
1131 17
1132 17
1133 20
1134 17
1135 16
1136 17
1137 17
1138 16
1139 17
1140 17
1141 17
1142 16
1143 17
1144 17
1145 17
1146 16
1147 17
1148 17
1149 16
1150 16
1151 17
1152 16
1153 17
1154 17
1155 17
1156 17
1157 17
1158 17
1159 16
1160 17
1161 17
1162 16
1163 17
1164 17
1165 17
1166 16
1167 16
1168 17
1169 17
1170 16
1171 17
1172 17
1173 17
1174 17
1175 18
1176 17
1177 17
1178 16
1179 17
1180 17
1181 17
1182 17
1183 17
1184 16
1185 17
1186 16
1187 17
1188 17
1189 16
1190 17
1191 17
1192 17
1193 17
1194 17
1195 17
1196 19
1197 20
1198 17
1199 17
1200 16
1201 17
1202 17
1203 17
1204 17
1205 17
1206 16
1207 17
1208 17
1209 17
1210 17
1211 16
1212 17
1213 17
1214 17
1215 17
1216 17
1217 18
1218 17
1219 17
1220 17
1221 17
1222 16
1223 17
1224 17
1225 17
1226 16
1227 17
1228 21
1229 17
1230 17
1231 16
1232 17
1233 17
1234 16
1235 17
1236 17
1237 17
1238 18
1239 17
1240 17
1241 16
1242 17
1243 17
1244 17
1245 17
1246 17
1247 17
1248 17
1249 17
1250 17
1251 16
1252 17
1253 17
1254 16
1255 17
1256 16
1257 17
1258 17
1259 19
1260 17
1261 19
1262 17
1263 16
1264 17
1265 17
1266 16
1267 17
1268 17
1269 17
1270 16
1271 17
1272 16
1273 17
1274 17
1275 17
1276 17
1277 17
1278 18
1279 17
1280 18
1281 17
1282 17
1283 17
1284 17
1285 17
1286 16
1287 17
1288 17
1289 16
1290 17
1291 17
1292 17
1293 16
1294 17
1295 17
1296 16
1297 17
1298 17
1299 17
1300 17
1301 19
1302 17
1303 17
1304 17
1305 16
1306 16
1307 17
1308 17
1309 16
1310 16
1311 17
1312 17
1313 16
1314 16
1315 17
1316 17
1317 17
1318 17
1319 17
1320 17
1321 17
1322 17
1323 17
1324 17
1325 19
1326 17
1327 18
1328 17
1329 17
1330 17
1331 17
1332 17
1333 16
1334 17
1335 17
1336 17
1337 16
1338 17
1339 17
1340 17
1341 17
1342 17
1343 19
1344 17
1345 17
1346 17
1347 18
1348 18
1349 17
1350 17
1351 16
1352 17
1353 17
1354 16
1355 17
1356 17
1357 17
1358 17
1359 17
1360 17
1361 17
1362 17
1363 17
1364 19
1365 17
1366 17
1367 18
1368 17
1369 16
1370 17
1371 17
1372 16
1373 17
1374 17
1375 16
1376 17
1377 18
1378 17
1379 17
1380 16
1381 17
1382 17
1383 17
1384 17
1385 19
1386 17
1387 18
1388 17
1389 19
1390 17
1391 17
1392 17
1393 17
1394 17
1395 16
1396 16
1397 17
1398 17
1399 16
1400 16
1401 17
1402 17
1403 17
1404 17
1405 17
1406 19
1407 17
1408 17
1409 17
1410 16
1411 17
1412 17
1413 28
1414 17
1415 17
1416 16
1417 17
1418 17
1419 16
1420 17
1421 17
1422 17
1423 16
1424 17
1425 18
1426 17
1427 18
1428 18
1429 17
1430 16
1431 17
1432 17
1433 16
1434 17
1435 17
1436 16
1437 17
1438 17
1439 16
1440 16
1441 17
1442 17
1443 16
1444 17
1445 17
1446 17
1447 17
1448 18
1449 17
1450 17
1451 16
1452 16
1453 19
1454 17
1455 17
1456 16
1457 17
1458 17
1459 16
1460 16
1461 17
1462 17
1463 16
1464 16
1465 17
1466 17
1467 17
1468 17
1469 18
1470 17
1471 17
1472 17
1473 17
1474 17
1475 17
1476 16
1477 16
1478 17
1479 17
1480 17
1481 16
1482 17
1483 17
1484 17
1485 16
1486 17
1487 17
1488 17
1489 17
1490 18
1491 17
1492 17
1493 17
1494 17
1495 16
1496 16
1497 17
1498 17
1499 16
1500 16
1501 17
1502 17
1503 16
1504 17
1505 17
1506 17
1507 16
1508 17
1509 17
1510 17
1511 18
1512 17
1513 17
1514 16
1515 17
1516 17
1517 19
1518 16
1519 17
1520 17
1521 16
1522 16
1523 17
1524 17
1525 17
1526 16
1527 17
1528 16
1529 17
1530 17
1531 17
1532 18
1533 17
1534 17
1535 17
1536 16
1537 17
1538 17
1539 16
1540 17
1541 17
1542 17
1543 16
1544 16
1545 17
1546 17
1547 16
1548 16
1549 17
1550 17
1551 17
1552 17
1553 18
1554 17
1555 17
1556 17
1557 17
1558 17
1559 17
1560 16
1561 16
1562 17
1563 17
1564 16
1565 17
1566 17
1567 17
1568 16
1569 17
1570 17
1571 17
1572 17
1573 17
1574 18
1575 17
1576 17
1577 16
1578 17
1579 17
1580 16
1581 19
1582 17
1583 16
1584 16
1585 17
1586 17
1587 16
1588 17
1589 17
1590 16
1591 17
1592 17
1593 17
1594 17
1595 18
1596 17
1597 17
1598 17
1599 16
1600 24
1601 17
1602 17
1603 16
1604 16
1605 17
1606 17
1607 16
1608 17
1609 17
1610 16
1611 17
1612 17
1613 18
1614 17
1615 17
1616 17
1617 18
1618 17
1619 17
1620 17
1621 17
1622 17
1623 17
1624 17
1625 17
1626 17
1627 16
1628 17
1629 17
1630 17
1631 17
1632 17
1633 16
1634 17
1635 16
1636 17
1637 17
1638 17
1639 17
1640 17
1641 17
1642 17
1643 17
1644 17
1645 18
1646 17
1647 17
1648 17
1649 17
1650 16
1651 17
1652 17
1653 17
1654 17
1655 16
1656 17
1657 17
1658 17
1659 16
1660 17
1661 17
1662 18
1663 17
1664 17
1665 17
1666 17
1667 17
1668 17
1669 17
1670 16
1671 17
1672 17
1673 17
1674 17
1675 17
1676 18
1677 17
1678 17
1679 16
1680 17
1681 18
1682 17
1683 17
1684 17
1685 17
1686 17
1687 17
1688 17
1689 17
1690 17
1691 17
1692 17
1693 16
1694 17
1695 17
1696 17
1697 17
1698 17
1699 17
1700 17
1701 17
1702 17
1703 17
1704 17
1705 17
1706 17
1707 17
1708 17
1709 17
1710 17
1711 17
1712 17
1713 16
1714 17
1715 17
1716 17
1717 17
1718 17
1719 17
1720 17
1721 17
1722 17
1723 18
1724 17
1725 17
1726 17
1727 16
1728 17
1729 17
1730 17
1731 17
1732 17
1733 17
1734 18
1735 17
1736 17
1737 17
1738 17
1739 17
1740 17
1741 17
1742 16
1743 17
1744 17
1745 17
1746 18
1747 17
1748 17
1749 17
1750 17
1751 16
1752 17
1753 17
1754 17
1755 17
1756 17
1757 17
1758 18
1759 17
1760 17
1761 17
1762 17
1763 18
1764 17
1765 18
1766 17
1767 18
1768 18
1769 17
1770 17
1771 17
1772 18
1773 18
1774 18
1775 21
1776 22
1777 17
1778 17
1779 17
1780 17
1781 17
1782 18
1783 17
1784 17
1785 17
1786 17
1787 17
1788 17
1789 17
1790 16
1791 17
1792 17
1793 17
1794 17
1795 18
1796 18
1797 17
1798 18
1799 18
1800 17
1801 17
1802 18
1803 19
1804 19
1805 20
1806 17
1807 18
1808 17
1809 18
1810 17
1811 19
1812 19
1813 20
1814 20
1815 20
1816 20
1817 21
1818 19
1819 19
1820 20
1821 19
1822 21
1823 20
1824 19
1825 20
1826 21
1827 19
1828 18
1829 19
1830 19
1831 18
1832 17
1833 17
1834 17
1835 18
1836 17
1837 17
1838 18
1839 17
1840 17
1841 17
1842 17
1843 17
1844 17
1845 17
1846 17
1847 16
1848 21
1849 18
1850 17
1851 17
1852 17
1853 17
1854 17
1855 17
1856 18
1857 18
1858 18
1859 17
1860 17
1861 17
1862 18
1863 18
1864 17
1865 17
1866 17
1867 17
1868 17
1869 17
1870 17
1871 17
1872 17
1873 17
1874 16
1875 17
1876 17
1877 17
1878 17
1879 17
1880 17
1881 16
1882 17
1883 16
1884 17
1885 17
1886 17
1887 17
1888 17
1889 17
1890 17
1891 17
1892 17
1893 17
1894 17
1895 17
1896 17
1897 17
1898 16
1899 18
1900 17
1901 18
1902 17
1903 17
1904 17
1905 17
1906 17
1907 17
1908 17
1909 17
1910 17
1911 17
1912 18
1913 18
1914 17
1915 17
1916 17
1917 17
1918 17
1919 17
1920 17
1921 17
1922 17
1923 17
1924 17
1925 17
1926 17
1927 18
1928 17
1929 17
1930 17
1931 17
1932 18
1933 18
1934 17
1935 18
1936 17
1937 17
1938 17
1939 17
1940 17
1941 17
1942 17
1943 17
1944 17
1945 16
1946 17
1947 17
1948 17
1949 18
1950 18
1951 18
1952 17
1953 17
1954 17
1955 17
1956 18
1957 18
1958 17
1959 17
1960 17
1961 17
1962 18
1963 17
1964 17
1965 17
1966 17
1967 17
1968 17
1969 17
1970 17
1971 16
1972 17
1973 17
1974 17
1975 17
1976 17
1977 16
1978 17
1979 17
1980 18
1981 17
1982 17
1983 17
1984 17
1985 17
1986 16
1987 17
1988 17
1989 17
1990 18
1991 17
1992 17
1993 17
1994 17
1995 17
1996 17
1997 17
1998 17
1999 17
2000 17
2001 17
2002 17
2003 17
2004 17
2005 17
2006 17
2007 18
2008 18
2009 17
2010 17
2011 17
2012 17
2013 18
2014 17
2015 17
2016 16
2017 17
2018 18
2019 18
2020 18
2021 17
2022 17
2023 17
2024 17
2025 17
2026 18
2027 18
2028 18
2029 17
2030 18
2031 18
2032 17
2033 16
2034 17
2035 16
2036 17
2037 17
2038 17
2039 17
2040 17
2041 17
2042 17
2043 17
2044 18
2045 17
2046 17
2047 17
2048 17
2049 17
2050 18
2051 18
2052 17
2053 17
2054 17
2055 17
2056 17
2057 17
2058 18
2059 17
2060 17
2061 17
2062 17
2063 17
2064 17
2065 17
2066 17
2067 17
2068 17
2069 17
2070 17
2071 17
2072 17
2073 17
2074 18
2075 17
2076 17
2077 17
2078 18
2079 17
2080 17
2081 17
2082 17
2083 17
2084 18
2085 18
2086 17
2087 17
2088 17
2089 17
2090 17
2091 17
2092 17
2093 18
2094 18
2095 17
2096 17
2097 17
2098 17
2099 17
2100 17
2101 17
2102 17
2103 17
2104 18
2105 17
2106 17
2107 17
2108 17
2109 17
2110 17
2111 17
2112 17
2113 18
2114 18
2115 17
2116 17
2117 19
2118 18
2119 17
2120 17
2121 17
2122 17
2123 17
2124 17
2125 18
2126 17
2127 18
2128 17
2129 17
2130 17
2131 17
2132 17
2133 18
2134 17
2135 17
2136 17
2137 17
2138 29
2139 18
2140 18
2141 17
2142 17
2143 17
2144 17
2145 18
2146 18
2147 17
2148 17
2149 17
2150 17
2151 17
2152 18
2153 18
2154 17
2155 18
2156 18
2157 17
2158 18
2159 17
2160 17
2161 17
2162 17
2163 17
2164 17
2165 17
2166 17
2167 17
2168 17
2169 17
2170 18
2171 17
2172 17
2173 17
2174 17
2175 17
2176 17
2177 17
2178 17
2179 17
2180 17
2181 18
2182 17
2183 17
2184 17
2185 17
2186 17
2187 17
2188 18
2189 17
2190 17
2191 17
2192 17
2193 17
2194 17
2195 17
2196 17
2197 17
2198 17
2199 17
2200 18
2201 17
2202 17
2203 17
2204 17
2205 17
2206 17
2207 17
2208 17
2209 17
2210 17
2211 17
2212 17
2213 17
2214 17
2215 17
2216 17
2217 17
2218 17
2219 17
2220 17
2221 18
2222 18
2223 17
2224 17
2225 18
2226 17
2227 17
2228 17
2229 17
2230 17
2231 17
2232 17
2233 17
2234 17
2235 17
2236 17
2237 17
2238 18
2239 17
2240 17
2241 17
2242 17
2243 17
2244 18
2245 17
2246 17
2247 17
2248 18
2249 17
2250 17
2251 17
2252 17
2253 17
2254 17
2255 17
2256 17
2257 17
2258 17
2259 18
2260 17
2261 17
2262 17
2263 19
2264 17
2265 17
2266 17
2267 17
2268 17
2269 17
2270 17
2271 17
2272 17
2273 17
2274 17
2275 17
2276 17
2277 17
2278 16
2279 17
2280 17
2281 17
2282 17
2283 17
2284 18
2285 17
2286 17
2287 17
2288 17
2289 17
2290 17
2291 16
2292 17
2293 17
2294 17
2295 17
2296 16
2297 17
2298 17
2299 16
2300 19
2301 17
2302 17
2303 17
2304 17
2305 18
2306 17
2307 17
2308 17
2309 17
2310 17
2311 17
2312 17
2313 17
2314 17
2315 16
2316 17
2317 17
2318 17
2319 16
2320 17
2321 17
2322 18
2323 17
2324 17
2325 17
2326 18
2327 17
2328 17
2329 17
2330 17
2331 17
2332 17
2333 17
2334 16
2335 17
2336 17
2337 16
2338 17
2339 17
2340 16
2341 17
2342 17
2343 17
2344 17
2345 17
2346 17
2347 18
2348 17
2349 16
2350 17
2351 17
2352 16
2353 17
2354 17
2355 17
2356 16
2357 17
2358 17
2359 16
2360 16
2361 17
2362 17
2363 17
2364 19
2365 17
2366 17
2367 17
2368 18
2369 17
2370 17
2371 17
2372 16
2373 16
2374 17
2375 17
2376 17
2377 16
2378 17
2379 17
2380 16
2381 17
2382 17
2383 16
2384 17
2385 17
2386 17
2387 17
2388 17
2389 18
2390 17
2391 17
2392 17
2393 16
2394 17
2395 17
2396 16
2397 16
2398 17
2399 17
2400 16
2401 17
2402 16
2403 17
2404 17
2405 17
2406 17
2407 17
2408 17
2409 17
2410 18
2411 17
2412 17
2413 16
2414 17
2415 16
2416 17
2417 17
2418 17
2419 16
2420 17
2421 17
2422 16
2423 17
2424 17
2425 17
2426 17
2427 17
2428 19
2429 17
2430 17
2431 18
2432 17
2433 16
2434 17
2435 16
2436 17
2437 17
2438 17
2439 17
2440 16
2441 17
2442 16
2443 17
2444 17
2445 16
2446 17
2447 17
2448 17
2449 17
2450 17
2451 17
2452 18
2453 17
2454 17
2455 17
2456 16
2457 17
2458 17
2459 16
2460 17
2461 17
2462 16
2463 17
2464 17
2465 16
2466 17
2467 17
2468 16
2469 17
2470 17
2471 17
2472 16
2473 18
2474 17
2475 17
2476 17
2477 16
2478 17
2479 16
2480 17
2481 17
2482 16
2483 17
2484 16
2485 17
2486 17
2487 16
2488 17
2489 17
2490 17
2491 17
2492 20
2493 17
2494 18
2495 17
2496 17
2497 17
2498 16
2499 17
2500 17
2501 17
2502 16
2503 17
2504 16
2505 16
2506 17
2507 30
2508 17
2509 16
2510 17
2511 17
2512 17
2513 17
2514 17
2515 18
2516 17
2517 17
2518 17
2519 16
2520 17
2521 17
2522 17
2523 16
2524 17
2525 17
2526 17
2527 16
2528 17
2529 17
2530 17
2531 17
2532 16
2533 17
2534 17
2535 17
2536 18
2537 17
2538 17
2539 16
2540 17
2541 17
2542 17
2543 16
2544 17
2545 17
2546 16
2547 17
2548 17
2549 16
2550 17
2551 17
2552 17
2553 16
2554 17
2555 17
2556 19
2557 18
2558 18
2559 17
2560 17
2561 17
2562 17
2563 17
2564 17
2565 18
2566 17
2567 18
2568 17
2569 17
2570 17
2571 17
2572 17
2573 17
2574 17
2575 17
2576 17
2577 17
2578 22
2579 18
2580 18
2581 17
2582 16
2583 17
2584 17
2585 17
2586 17
2587 17
2588 18
2589 17
2590 17
2591 17
2592 18
2593 18
2594 17
2595 17
2596 18
2597 18
2598 18
2599 21
2600 17
2601 17
2602 17
2603 17
2604 17
2605 16
2606 17
2607 17
2608 17
2609 17
2610 17
2611 16
2612 17
2613 17
2614 16
2615 17
2616 17
2617 17
2618 17
2619 17
2620 20
2621 17
2622 17
2623 17
2624 17
2625 17
2626 17
2627 17
2628 17
2629 16
2630 17
2631 17
2632 16
2633 16
2634 17
2635 17
2636 16
2637 17
2638 17
2639 17
2640 17
2641 18
2642 17
2643 17
2644 16
2645 17
2646 17
2647 16
2648 17
2649 17
2650 17
2651 17
2652 17
2653 16
2654 17
2655 17
2656 16
2657 17
2658 17
2659 17
2660 17
2661 17
2662 18
2663 17
2664 16
2665 17
2666 17
2667 16
2668 17
2669 17
2670 16
2671 17
2672 17
2673 17
2674 17
2675 17
2676 16
2677 16
2678 17
2679 16
2680 17
2681 16
2682 17
2683 18
2684 19
2685 17
2686 16
2687 17
2688 17
2689 17
2690 16
2691 18
2692 17
2693 16
2694 17
2695 17
2696 17
2697 17
2698 17
2699 17
2700 16
2701 17
2702 17
2703 17
2704 18
2705 17
2706 17
2707 17
2708 17
2709 16
2710 17
2711 17
2712 16
2713 17
2714 17
2715 17
2716 17
2717 16
2718 17
2719 17
2720 16
2721 17
2722 17
2723 17
2724 17
2725 18
2726 17
2727 16
2728 17
2729 17
2730 16
2731 17
2732 17
2733 17
2734 17
2735 17
2736 16
2737 17
2738 16
2739 17
2740 17
2741 16
2742 17
2743 17
2744 17
2745 16
2746 18
2747 17
2748 19
2749 17
2750 16
2751 17
2752 17
2753 17
2754 17
2755 17
2756 17
2757 17
2758 17
2759 17
2760 17
2761 17
2762 16
2763 17
2764 18
2765 17
2766 17
2767 18
2768 17
2769 17
2770 16
2771 17
2772 17
2773 17
2774 17
2775 17
2776 16
2777 17
2778 21
2779 17
2780 17
2781 17
2782 17
2783 17
2784 17
2785 17
2786 17
2787 17
2788 18
2789 17
2790 17
2791 17
2792 17
2793 16
2794 17
2795 17
2796 16
2797 17
2798 17
2799 17
2800 17
2801 17
2802 17
2803 16
2804 17
2805 17
2806 17
2807 18
2808 17
2809 18
2810 17
2811 17
2812 18
2813 17
2814 16
2815 17
2816 17
2817 16
2818 17
2819 17
2820 16
2821 17
2822 17
2823 17
2824 17
2825 16
2826 17
2827 16
2828 17
2829 17
2830 20
2831 17
2832 17
2833 17
2834 17
2835 17
2836 17
2837 17
2838 28
2839 23
2840 23
2841 22
2842 22
2843 23
2844 22
2845 22
2846 22
2847 23
2848 23
2849 23
2850 23
2851 24
2852 23
2853 22
2854 22
2855 22
2856 22
2857 22
2858 22
2859 23
2860 22
2861 21
2862 22
2863 23
2864 23
2865 22
2866 26
2867 17
2868 22
2869 23
2870 22
2871 21
2872 23
2873 23
2874 22
2875 23
2876 25
2877 22
2878 23
2879 22
2880 22
2881 23
2882 23
2883 23
2884 22
2885 23
2886 22
2887 23
2888 22
2889 22
2890 24
2891 22
2892 22
2893 23
2894 24
2895 23
2896 22
2897 23
2898 23
2899 22
2900 22
2901 23
2902 23
2903 23
2904 23
2905 22
2906 23
2907 22
2908 22
2909 23
2910 22
2911 23
2912 23
2913 22
2914 24
2915 23
2916 22
2917 22
2918 23
2919 22
2920 23
2921 22
2922 22
2923 23
2924 22
2925 23
2926 22
2927 23
2928 22
2929 23
2930 23
2931 23
2932 23
2933 23
2934 22
2935 23
2936 22
2937 23
2938 22
2939 23
2940 24
2941 23
2942 22
2943 22
2944 23
2945 22
2946 22
2947 22
2948 23
2949 22
2950 23
2951 21
2952 22
2953 23
2954 23
2955 23
2956 25
2957 22
2958 23
2959 23
2960 20
2961 22
2962 22
2963 22
2964 22
2965 22
2966 23
2967 22
2968 22
2969 21
2970 22
2971 22
2972 22
2973 22
2974 22
2975 23
2976 23
2977 25
2978 23
2979 23
2980 23
2981 22
2982 23
2983 22
2984 22
2985 23
2986 22
2987 22
2988 23
2989 23
2990 23
2991 23
2992 22
2993 22
2994 22
2995 23
2996 23
2997 22
2998 25
2999 23
3000 23
3001 23
3002 22
3003 23
3004 25
3005 307
3006 37
3007 23
3008 23
3009 23
3010 23
3011 21
3012 23
3013 22
3014 23
3015 22
3016 23
3017 23
3018 22
3019 24
3020 23
3021 23
3022 23
3023 23
3024 23
3025 23
3026 23
3027 24
3028 23
3029 23
3030 23
3031 22
3032 24
3033 23
3034 24
3035 23
3036 22
3037 23
3038 23
3039 23
3040 23
3041 23
3042 1503
3043 29
3044 18
3045 19
3046 19
3047 19
3048 18
3049 18
3050 18
3051 18
3052 18
3053 18
3054 18
3055 19
3056 20
3057 19
3058 18
3059 19
3060 18
3061 18
3062 18
3063 18
3064 18
3065 18
3066 18
3067 17
3068 18
3069 17
3070 17
3071 17
3072 17
3073 17
3074 16
3075 18
3076 19
3077 17
3078 19
3079 19
3080 18
3081 18
3082 18
3083 17
3084 17
3085 17
3086 18
3087 17
3088 17
3089 17
3090 17
3091 62
3092 19
3093 17
3094 21
3095 18
3096 18
3097 17
3098 18
3099 17
3100 17
3101 17
3102 17
3103 18
3104 17
3105 18
3106 17
3107 17
3108 18
3109 17
3110 17
3111 18
3112 17
3113 18
3114 18
3115 17
3116 17
3117 16
3118 20
3119 18
3120 17
3121 17
3122 17
3123 18
3124 18
3125 18
3126 17
3127 17
3128 17
3129 17
3130 17
3131 17
3132 17
3133 18
3134 17
3135 19
3136 19
3137 19
3138 18
3139 18
3140 20
3141 19
3142 18
3143 18
3144 18
3145 18
3146 17
3147 17
3148 18
3149 17
3150 20
3151 19
3152 18
3153 18
3154 19
3155 19
3156 17
3157 18
3158 18
3159 18
3160 19
3161 18
3162 17
3163 18
3164 17
3165 17
3166 17
3167 17
3168 17
3169 16
3170 19
3171 18
3172 17
3173 19
3174 18
3175 18
3176 18
3177 17
3178 18
3179 17
3180 16
3181 17
3182 17
3183 18
3184 18
3185 18
3186 18
3187 18
3188 18
3189 18
3190 18
3191 18
3192 18
3193 17
3194 18
3195 18
3196 17
3197 17
3198 18
3199 17
3200 17
3201 17
3202 17
3203 17
3204 17
3205 17
3206 18
3207 17
3208 17
3209 17
3210 17
3211 18
3212 18
3213 17
3214 17
3215 17
3216 18
3217 17
3218 17
3219 18
3220 17
3221 19
3222 17
3223 17
3224 17
3225 17
3226 17
3227 17
3228 17
3229 17
3230 18
3231 17
3232 17
3233 17
3234 17
3235 18
3236 17
3237 18
3238 17
3239 16
3240 17
3241 18
3242 17
3243 17
3244 17
3245 18
3246 17
3247 18
3248 18
3249 18
3250 17
3251 18
3252 17
3253 18
3254 17
3255 17
3256 18
3257 17
3258 17
3259 16
3260 16
3261 18
3262 18
3263 17
3264 17
3265 17
3266 17
3267 18
3268 18
3269 31
3270 17
3271 17
3272 32
3273 33
3274 33
3275 31
3276 33
3277 33
3278 32
3279 30
3280 34
3281 33
3282 30
3283 31
3284 30
3285 32
3286 30
3287 32
3288 32
3289 30
3290 32
3291 31
3292 30
3293 31
3294 31
3295 30
3296 32
3297 31
3298 32
3299 31
3300 30
3301 33
3302 30
3303 31
3304 31
3305 30
3306 32
3307 29
3308 31
3309 32
3310 31
3311 30
3312 31
3313 29
3314 28
3315 31
3316 30
3317 32
3318 30
3319 32
3320 32
3321 31
3322 31
3323 31
3324 32
3325 31
3326 32
3327 29
3328 1094
3329 19
3330 18
3331 18
3332 17
3333 18
3334 18
3335 18
3336 18
3337 17
3338 18
3339 18
3340 18
3341 18
3342 18
3343 17
3344 17
3345 17
3346 18
3347 19
3348 18
3349 17
3350 18
3351 17
3352 18
3353 18
3354 18
3355 17
3356 20
3357 24
3358 18
3359 17
3360 17
3361 17
3362 17
3363 17
3364 17
3365 18
3366 19
3367 17
3368 17
3369 17
3370 16
3371 17
3372 17
3373 17
3374 17
3375 20
3376 18
3377 18
3378 18
3379 18
3380 17
3381 17
3382 19
3383 18
3384 18
3385 18
3386 19
3387 17
3388 17
3389 17
3390 18
3391 17
3392 17
3393 17
3394 17
3395 18
3396 18
3397 17
3398 17
3399 17
3400 17
3401 18
3402 17
3403 17
3404 17
3405 17
3406 18
3407 17
3408 18
3409 18
3410 17
3411 18
3412 17
3413 18
3414 18
3415 17
3416 17
3417 17
3418 17
3419 17
3420 17
3421 17
3422 17
3423 17
3424 17
3425 17
3426 16
3427 17
3428 17
3429 17
3430 17
3431 16
3432 16
3433 17
3434 17
3435 17
3436 17
3437 17
3438 16
3439 16
3440 17
3441 16
3442 17
3443 17
3444 16
3445 17
3446 17
3447 18
3448 18
3449 17
3450 17
3451 17
3452 17
3453 17
3454 17
3455 17
3456 16
3457 17
3458 17
3459 16
3460 17
3461 17
3462 17
3463 17
3464 17
3465 17
3466 17
3467 17
3468 16
3469 17
3470 17
3471 17
3472 17
3473 17
3474 18
3475 17
3476 16
3477 17
3478 17
3479 17
3480 17
3481 17
3482 17
3483 17
3484 17
3485 17
3486 17
3487 17
3488 16
3489 17
3490 16
3491 17
3492 18
3493 17
3494 17
3495 17
3496 17
3497 17
3498 16
3499 17
3500 17
3501 16
3502 17
3503 17
3504 16
3505 17
3506 18
3507 17
3508 18
3509 18
3510 17
3511 17
3512 17
3513 17
3514 17
3515 17
3516 17
3517 17
3518 17
3519 17
3520 17
3521 17
3522 16
3523 16
3524 17
3525 17
3526 18
3527 17
3528 17
3529 17
3530 17
3531 17
3532 17
3533 17
3534 17
3535 17
3536 17
3537 16
3538 17
3539 20
3540 17
3541 17
3542 17
3543 17
3544 17
3545 17
3546 17
3547 17
3548 16
3549 17
3550 17
3551 17
3552 17
3553 16
3554 17
3555 17
3556 16
3557 17
3558 18
3559 18
3560 17
3561 17
3562 17
3563 17
3564 16
3565 17
3566 17
3567 17
3568 17
3569 17
3570 17
3571 17
3572 17
3573 17
3574 18
3575 17
3576 17
3577 18
3578 17
3579 18
3580 18
3581 17
3582 17
3583 17
3584 18
3585 18
3586 18
3587 18
3588 18
3589 18
3590 18
3591 18
3592 17
3593 18
3594 18
3595 17
3596 17
3597 18
3598 18
3599 18
3600 17
3601 18
3602 18
3603 18
3604 18
3605 18
3606 18
3607 17
3608 18
3609 17
3610 17
3611 17
3612 17
3613 17
3614 17
3615 17
3616 17
3617 17
3618 17
3619 16
3620 17
3621 17
3622 17
3623 17
3624 17
3625 17
3626 21
3627 17
3628 17
3629 17
3630 17
3631 17
3632 16
3633 17
3634 17
3635 16
3636 17
3637 17
3638 17
3639 18
3640 17
3641 17
3642 17
3643 18
3644 18
3645 18
3646 18
3647 18
3648 18
3649 17
3650 18
3651 18
3652 18
3653 18
3654 17
3655 18
3656 18
3657 18
3658 17
3659 17
3660 18
3661 18
3662 18
3663 18
3664 18
3665 18
3666 18
3667 17
3668 17
3669 17
3670 17
3671 17
3672 17
3673 17
3674 17
3675 17
3676 17
3677 18
3678 17
3679 17
3680 17
3681 17
3682 18
3683 17
3684 17
3685 18
3686 17
3687 18
3688 18
3689 17
3690 19
3691 18
3692 17
3693 17
3694 18
3695 18
3696 17
3697 18
3698 18
3699 18
3700 17
3701 18
3702 17
3703 17
3704 18
3705 17
3706 18
3707 18
3708 18
3709 18
3710 17
3711 17
3712 18
3713 18
3714 18
3715 17
3716 17
3717 17
3718 19
3719 17
3720 17
3721 17
3722 17
3723 17
3724 17
3725 17
3726 17
3727 17
3728 17
3729 17
3730 17
3731 18
3732 17
3733 16
3734 17
3735 17
3736 17
3737 17
3738 18
3739 17
3740 16
3741 17
3742 16
3743 17
3744 17
3745 17
3746 17
3747 17
3748 17
3749 17
3750 17
3751 17
3752 16
3753 17
3754 18
3755 17
3756 17
3757 17
3758 17
3759 18
3760 17
3761 17
3762 17
3763 17
3764 17
3765 17
3766 17
3767 16
3768 17
3769 17
3770 17
3771 17
3772 16
3773 17
3774 16
3775 17
3776 17
3777 17
3778 17
3779 17
3780 17
3781 17
3782 17
3783 17
3784 17
3785 17
3786 17
3787 17
3788 17
3789 17
3790 17
3791 17
3792 17
3793 17
3794 17
3795 17
3796 17
3797 16
3798 17
3799 17
3800 17
3801 17
3802 17
3803 16
3804 17
3805 17
3806 17
3807 17
3808 17
3809 17
3810 17
3811 17
3812 17
3813 17
3814 17
3815 17
3816 17
3817 17
3818 18
3819 17
3820 17
3821 17
3822 17
3823 17
3824 17
3825 17
3826 17
3827 17
3828 17
3829 17
3830 16
3831 17
3832 16
3833 17
3834 17
3835 17
3836 17
3837 17
3838 17
3839 18
3840 17
3841 17
3842 16
3843 17
3844 17
3845 17
3846 17
3847 17
3848 17
3849 17
3850 17
3851 17
3852 17
3853 17
3854 17
3855 18
3856 17
3857 17
3858 17
3859 17
3860 17
3861 17
3862 16
3863 17
3864 17
3865 17
3866 17
3867 17
3868 17
3869 17
3870 17
3871 17
3872 17
3873 17
3874 17
3875 17
3876 17
3877 17
3878 17
3879 17
3880 17
3881 17
3882 19
3883 17
3884 17
3885 16
3886 17
3887 17
3888 17
3889 17
3890 17
3891 17
3892 17
3893 18
3894 17
3895 17
3896 17
3897 17
3898 18
3899 17
3900 17
3901 17
3902 20
3903 17
3904 17
3905 17
3906 17
3907 19
3908 17
3909 17
3910 16
3911 17
3912 17
3913 16
3914 17
3915 17
3916 16
3917 16
3918 17
3919 17
3920 17
3921 16
3922 16
3923 17
3924 17
3925 17
3926 17
3927 16
3928 18
3929 17
3930 17
3931 17
3932 16
3933 16
3934 17
3935 16
3936 16
3937 16
3938 17
3939 17
3940 16
3941 17
3942 17
3943 16
3944 17
3945 17
3946 19
3947 17
3948 17
3949 18
3950 17
3951 17
3952 16
3953 17
3954 17
3955 17
3956 16
3957 16
3958 17
3959 17
3960 17
3961 16
3962 17
3963 17
3964 17
3965 16
3966 16
3967 17
3968 17
3969 17
3970 18
3971 17
3972 17
3973 17
3974 17
3975 17
3976 16
3977 16
3978 16
3979 16
3980 17
3981 17
3982 16
3983 16
3984 16
3985 17
3986 17
3987 16
3988 16
3989 17
3990 16
3991 18
3992 16
3993 17
3994 16
3995 16
3996 17
3997 17
3998 17
3999 16
4000 16
4001 17
4002 17
4003 17
4004 16
4005 16
4006 17
4007 17
4008 17
4009 17
4010 19
4011 17
4012 17
4013 17
4014 16
4015 17
4016 17
4017 16
4018 16
4019 16
4020 17
4021 17
4022 17
4023 16
4024 16
4025 17
4026 17
4027 16
4028 16
4029 17
4030 17
4031 16
4032 17
4033 18
4034 17
4035 17
4036 17
4037 17
4038 16
4039 17
4040 17
4041 17
4042 16
4043 17
4044 17
4045 17
4046 16
4047 16
4048 17
4049 17
4050 16
4051 17
4052 17
4053 17
4054 18
4055 17
4056 17
4057 16
4058 17
4059 17
4060 17
4061 16
4062 16
4063 17
4064 17
4065 16
4066 17
4067 17
4068 17
4069 17
4070 16
4071 17
4072 17
4073 17
4074 19
4075 17
4076 17
4077 16
4078 17
4079 17
4080 16
4081 16
4082 17
4083 17
4084 17
4085 17
4086 16
4087 16
4088 17
4089 35
4090 17
4091 17
4092 17
4093 17
4094 17
4095 17
4096 18
4097 17
4098 17
4099 17
4100 17
4101 17
4102 16
4103 16
4104 17
4105 17
4106 16
4107 16
4108 17
4109 17
4110 17
4111 16
4112 17
4113 16
4114 17
4115 16
4116 17
4117 17
4118 17
4119 16
4120 17
4121 17
4122 17
4123 16
4124 17
4125 17
4126 16
4127 17
4128 17
4129 17
4130 16
4131 17
4132 17
4133 17
4134 16
4135 17
4136 17
4137 17
4138 20
4139 17
4140 16
4141 17
4142 17
4143 16
4144 16
4145 17
4146 17
4147 17
4148 16
4149 17
4150 17
4151 17
4152 16
4153 17
4154 17
4155 16
4156 17
4157 17
4158 17
4159 18
4160 17
4161 16
4162 17
4163 17
4164 17
4165 16
4166 17
4167 17
4168 16
4169 16
4170 17
4171 17
4172 16
4173 17
4174 17
4175 16
4176 17
4177 17
4178 17
4179 17
4180 17
4181 17
4182 17
4183 17
4184 17
4185 16
4186 17
4187 17
4188 17
4189 16
4190 17
4191 17
4192 16
4193 17
4194 17
4195 17
4196 16
4197 17
4198 17
4199 17
4200 17
4201 18
4202 19
4203 16
4204 17
4205 17
4206 16
4207 17
4208 17
4209 17
4210 16
4211 17
4212 17
4213 16
4214 17
4215 17
4216 17
4217 16
4218 17
4219 17
4220 17
4221 16
4222 18
4223 17
4224 17
4225 17
4226 17
4227 16
4228 16
4229 17
4230 17
4231 16
4232 16
4233 17
4234 16
4235 16
4236 17
4237 17
4238 17
4239 16
4240 17
4241 16
4242 17
4243 18
4244 17
4245 17
4246 17
4247 17
4248 16
4249 17
4250 17
4251 16
4252 16
4253 17
4254 17
4255 16
4256 16
4257 16
4258 17
4259 17
4260 17
4261 17
4262 17
4263 17
4264 18
4265 17
4266 19
4267 16
4268 17
4269 17
4270 16
4271 16
4272 16
4273 17
4274 17
4275 30
4276 17
4277 17
4278 17
4279 17
4280 16
4281 17
4282 17
4283 17
4284 17
4285 17
4286 17
4287 17
4288 17
4289 17
4290 17
4291 16
4292 17
4293 17
4294 17
4295 17
4296 17
4297 17
4298 17
4299 17
4300 17
4301 17
4302 16
4303 17
4304 17
4305 17
4306 17
4307 17
4308 17
4309 17
4310 17
4311 16
4312 17
4313 17
4314 17
4315 17
4316 17
4317 17
4318 17
4319 17
4320 17
4321 17
4322 18
4323 17
4324 17
4325 17
4326 17
4327 17
4328 17
4329 16
4330 17
4331 17
4332 17
4333 17
4334 17
4335 17
4336 17
4337 17
4338 17
4339 17
4340 17
4341 18
4342 17
4343 17
4344 17
4345 17
4346 17
4347 17
4348 17
4349 17
4350 17
4351 17
4352 17
4353 17
4354 16
4355 17
4356 17
4357 17
4358 18
4359 17
4360 17
4361 17
4362 17
4363 17
4364 17
4365 18
4366 17
4367 17
4368 17
4369 17
4370 17
4371 17
4372 17
4373 16
4374 17
4375 18
4376 17
4377 17
4378 17
4379 16
4380 17
4381 17
4382 17
4383 17
4384 16
4385 17
4386 17
4387 17
4388 16
4389 17
4390 17
4391 16
4392 17
4393 17
4394 17
4395 17
4396 17
4397 17
4398 18
4399 18
4400 18
4401 18
4402 18
4403 17
4404 17
4405 16
4406 17
4407 17
4408 17
4409 16
4410 17
4411 17
4412 16
4413 17
4414 17
4415 17
4416 17
4417 17
4418 18
4419 17
4420 16
4421 17
4422 17
4423 18
4424 17
4425 17
4426 16
4427 17
4428 17
4429 17
4430 17
4431 17
4432 17
4433 17
4434 17
4435 17
4436 17
4437 17
4438 17
4439 17
4440 17
4441 17
4442 17
4443 27
4444 17
4445 17
4446 17
4447 17
4448 17
4449 17
4450 17
4451 17
4452 17
4453 17
4454 18
4455 17
4456 17
4457 17
4458 17
4459 17
4460 17
4461 17
4462 18
4463 17
4464 17
4465 17
4466 18
4467 17
4468 18
4469 18
4470 17
4471 18
4472 18
4473 18
4474 17
4475 17
4476 17
4477 17
4478 17
4479 17
4480 17
4481 17
4482 17
4483 17
4484 17
4485 17
4486 17
4487 17
4488 17
4489 16
4490 17
4491 17
4492 18
4493 17
4494 17
4495 17
4496 17
4497 17
4498 17
4499 18
4500 18
4501 17
4502 17
4503 18
4504 18
4505 17
4506 17
4507 17
4508 17
4509 17
4510 18
4511 18
4512 18
4513 17
4514 17
4515 17
4516 18
4517 17
4518 17
4519 17
4520 17
4521 17
4522 16
4523 17
4524 17
4525 17
4526 18
4527 17
4528 17
4529 16
4530 17
4531 17
4532 17
4533 17
4534 17
4535 17
4536 17
4537 17
4538 17
4539 17
4540 17
4541 17
4542 17
4543 17
4544 17
4545 18
4546 18
4547 17
4548 17
4549 17
4550 17
4551 17
4552 17
4553 16
4554 17
4555 16
4556 16
4557 17
4558 17
4559 17
4560 17
4561 17
4562 18
4563 17
4564 17
4565 17
4566 16
4567 17
4568 17
4569 17
4570 17
4571 17
4572 17
4573 16
4574 17
4575 17
4576 16
4577 17
4578 17
4579 17
4580 18
4581 17
4582 17
4583 17
4584 17
4585 17
4586 17
4587 17
4588 17
4589 17
4590 16
4591 17
4592 17
4593 17
4594 17
4595 17
4596 17
4597 18
4598 18
4599 18
4600 18
4601 18
4602 18
4603 17
4604 17
4605 17
4606 17
4607 17
4608 17
4609 17
4610 17
4611 17
4612 17
4613 17
4614 17
4615 17
4616 17
4617 17
4618 17
4619 18
4620 18
4621 16
4622 17
4623 17
4624 17
4625 18
4626 17
4627 19
4628 17
4629 18
4630 18
4631 18
4632 18
4633 17
4634 18
4635 18
4636 17
4637 17
4638 18
4639 17
4640 17
4641 17
4642 17
4643 18
4644 17
4645 17
4646 17
4647 17
4648 17
4649 17
4650 17
4651 17
4652 17
4653 17
4654 17
4655 17
4656 17
4657 16
4658 17
4659 17
4660 17
4661 17
4662 17
4663 17
4664 17
4665 17
4666 17
4667 17
4668 17
4669 17
4670 17
4671 17
4672 16
4673 17
4674 17
4675 16
4676 17
4677 17
4678 17
4679 17
4680 17
4681 17
4682 17
4683 17
4684 17
4685 18
4686 17
4687 17
4688 17
4689 17
4690 17
4691 17
4692 17
4693 18
4694 18
4695 17
4696 17
4697 17
4698 17
4699 17
4700 17
4701 17
4702 17
4703 17
4704 17
4705 17
4706 17
4707 17
4708 17
4709 17
4710 17
4711 17
4712 18
4713 18
4714 18
4715 17
4716 18
4717 18
4718 17
4719 18
4720 18
4721 17
4722 17
4723 18
4724 18
4725 18
4726 18
4727 17
4728 17
4729 18
4730 18
4731 17
4732 17
4733 17
4734 17
4735 18
4736 17
4737 17
4738 17
4739 17
4740 16
4741 17
4742 17
4743 17
4744 17
4745 17
4746 17
4747 17
4748 17
4749 17
4750 17
4751 18
4752 18
4753 17
4754 17
4755 17
4756 17
4757 17
4758 17
4759 17
4760 17
4761 17
4762 17
4763 18
4764 17
4765 17
4766 17
4767 17
4768 17
4769 17
4770 17
4771 18
4772 17
4773 17
4774 17
4775 17
4776 17
4777 17
4778 17
4779 17
4780 17
4781 17
4782 17
4783 17
4784 17
4785 17
4786 17
4787 17
4788 17
4789 17
4790 17
4791 17
4792 17
4793 17
4794 17
4795 17
4796 17
4797 17
4798 17
4799 17
4800 17
4801 17
4802 17
4803 17
4804 17
4805 17
4806 17
4807 17
4808 17
4809 20
4810 18
4811 17
4812 17
4813 17
4814 17
4815 17
4816 17
4817 18
4818 17
4819 17
4820 17
4821 17
4822 17
4823 17
4824 17
4825 17
4826 17
4827 16
4828 17
4829 17
4830 17
4831 17
4832 17
4833 17
4834 17
4835 17
4836 17
4837 17
4838 17
4839 17
4840 17
4841 17
4842 17
4843 17
4844 18
4845 17
4846 17
4847 17
4848 17
4849 17
4850 17
4851 17
4852 17
4853 17
4854 17
4855 17
4856 17
4857 17
4858 17
4859 17
4860 17
4861 17
4862 17
4863 18
4864 17
4865 17
4866 17
4867 18
4868 17
4869 17
4870 17
4871 17
4872 17
4873 17
4874 17
4875 17
4876 17
4877 17
4878 18
4879 18
4880 17
4881 17
4882 17
4883 17
4884 17
4885 18
4886 18
4887 17
4888 17
4889 17
4890 17
4891 17
4892 17
4893 17
4894 17
4895 18
4896 17
4897 17
4898 17
4899 17
4900 17
4901 17
4902 18
4903 17
4904 17
4905 17
4906 17
4907 18
4908 17
4909 17
4910 17
4911 17
4912 17
4913 17
4914 17
4915 17
4916 18
4917 17
4918 17
4919 17
4920 17
4921 17
4922 17
4923 17
4924 18
4925 17
4926 17
4927 17
4928 17
4929 16
4930 17
4931 17
4932 17
4933 17
4934 17
4935 17
4936 17
4937 17
4938 17
4939 17
4940 17
4941 17
4942 17
4943 17
4944 17
4945 18
4946 17
4947 17
4948 17
4949 18
4950 17
4951 17
4952 17
4953 17
4954 17
4955 17
4956 17
4957 17
4958 17
4959 17
4960 17
4961 17
4962 18
4963 17
4964 17
4965 17
4966 18
4967 17
4968 17
4969 17
4970 18
4971 17
4972 17
4973 17
4974 17
4975 17
4976 17
4977 17
4978 17
4979 17
4980 17
4981 17
4982 17
4983 17
4984 17
4985 17
4986 17
4987 17
4988 17
4989 17
4990 17
4991 17
4992 17
4993 27
4994 17
4995 17
4996 17
4997 17
4998 19
4999 17
5000 17
5001 17
5002 17
5003 17
5004 17
5005 17
5006 17
5007 16
5008 17
5009 17
5010 17
5011 16
5012 17
5013 17
5014 17
5015 17
5016 17
5017 17
5018 17
5019 18
5020 16
5021 17
5022 17
5023 17
5024 16
5025 17
5026 16
5027 17
5028 17
5029 16
5030 17
5031 17
5032 18
5033 17
5034 17
5035 16
5036 17
5037 17
5038 17
5039 16
5040 18
5041 17
5042 17
5043 17
5044 17
5045 17
5046 17
5047 17
5048 17
5049 16
5050 17
5051 17
5052 17
5053 17
5054 16
5055 17
5056 17
5057 16
5058 17
5059 18
5060 17
5061 18
5062 17
5063 17
5064 17
5065 16
5066 17
5067 17
5068 16
5069 17
5070 17
5071 17
5072 16
5073 17
5074 17
5075 17
5076 17
5077 17
5078 17
5079 17
5080 17
5081 17
5082 17
5083 17
5084 17
5085 17
5086 17
5087 17
5088 17
5089 16
5090 17
5091 17
5092 16
5093 17
5094 17
5095 17
5096 18
5097 17
5098 17
5099 16
5100 17
5101 17
5102 17
5103 18
5104 17
5105 17
5106 17
5107 17
5108 17
5109 17
5110 17
5111 17
5112 16
5113 17
5114 17
5115 17
5116 17
5117 16
5118 17
5119 17
5120 16
5121 17
5122 17
5123 17
5124 17
5125 17
5126 16
5127 17
5128 17
5129 17
5130 17
5131 17
5132 17
5133 16
5134 17
5135 17
5136 16
5137 16
5138 17
5139 16
5140 17
5141 17
5142 17
5143 17
5144 17
5145 18
5146 17
5147 17
5148 17
5149 17
5150 16
5151 17
5152 17
5153 16
5154 16
5155 17
5156 17
5157 16
5158 16
5159 17
5160 19
5161 17
5162 17
5163 17
5164 16
5165 17
5166 18
5167 17
5168 17
5169 17
5170 16
5171 17
5172 17
5173 17
5174 16
5175 17
5176 17
5177 17
5178 17
5179 19
5180 16
5181 17
5182 17
5183 16
5184 17
5185 17
5186 17
5187 18
5188 17
5189 17
5190 17
5191 17
5192 17
5193 16
5194 17
5195 17
5196 16
5197 17
5198 17
5199 16
5200 16
5201 17
5202 16
5203 17
5204 17
5205 17
5206 17
5207 16
5208 18
5209 17
5210 17
5211 16
5212 17
5213 17
5214 16
5215 17
5216 17
5217 17
5218 16
5219 16
5220 17
5221 17
5222 16
5223 17
5224 19
5225 16
5226 17
5227 17
5228 17
5229 18
5230 17
5231 17
5232 17
5233 16
5234 17
5235 17
5236 17
5237 16
5238 16
5239 17
5240 17
5241 17
5242 16
5243 17
5244 17
5245 16
5246 16
5247 17
5248 17
5249 17
5250 18
5251 17
5252 17
5253 17
5254 17
5255 17
5256 17
5257 17
5258 17
5259 17
5260 17
5261 17
5262 16
5263 17
5264 17
5265 16
5266 16
5267 17
5268 17
5269 16
5270 17
5271 18
5272 17
5273 17
5274 17
5275 16
5276 16
5277 17
5278 17
5279 16
5280 17
5281 17
5282 16
5283 17
5284 17
5285 17
5286 16
5287 17
5288 19
5289 17
5290 17
5291 17
5292 18
5293 17
5294 17
5295 17
5296 17
5297 16
5298 16
5299 17
5300 17
5301 16
5302 16
5303 17
5304 17
5305 16
5306 17
5307 17
5308 17
5309 16
5310 17
5311 17
5312 17
5313 17
5314 17
5315 17
5316 17
5317 16
5318 17
5319 16
5320 17
5321 17
5322 17
5323 16
5324 17
5325 17
5326 16
5327 17
5328 17
5329 16
5330 17
5331 17
5332 17
5333 17
5334 18
5335 17
5336 17
5337 16
5338 17
5339 17
5340 17
5341 16
5342 17
5343 16
5344 17
5345 16
5346 17
5347 17
5348 17
5349 17
5350 16
5351 17
5352 19
5353 17
5354 17
5355 18
5356 17
5357 17
5358 17
5359 16
5360 16
5361 17
5362 17
5363 16
5364 26
5365 18
5366 17
5367 17
5368 16
5369 17
5370 16
5371 17
5372 17
5373 17
5374 17
5375 17
5376 18
5377 17
5378 17
5379 17
5380 17
5381 17
5382 16
5383 17
5384 17
5385 17
5386 17
5387 17
5388 17
5389 16
5390 17
5391 17
5392 16
5393 17
5394 17
5395 17
5396 17
5397 18
5398 16
5399 17
5400 16
5401 16
5402 17
5403 16
5404 17
5405 17
5406 16
5407 17
5408 17
5409 16
5410 16
5411 17
5412 17
5413 16
5414 17
5415 17
5416 19
5417 17
5418 18
5419 17
5420 17
5421 16
5422 17
5423 17
5424 16
5425 17
5426 17
5427 16
5428 17
5429 17
5430 16
5431 17
5432 17
5433 17
5434 17
5435 17
5436 17
5437 17
5438 17
5439 18
5440 17
5441 17
5442 16
5443 17
5444 17
5445 16
5446 17
5447 17
5448 16
5449 17
5450 17
5451 17
5452 17
5453 17
5454 16
5455 17
5456 17
5457 17
5458 17
5459 17
5460 18
5461 17
5462 17
5463 17
5464 17
5465 17
5466 16
5467 17
5468 17
5469 17
5470 17
5471 16
5472 17
5473 17
5474 16
5475 17
5476 17
5477 17
5478 16
5479 17
5480 18
5481 18
5482 17
5483 17
5484 17
5485 16
5486 17
5487 17
5488 16
5489 17
5490 17
5491 16
5492 17
5493 17
5494 17
5495 17
5496 17
5497 16
5498 17
5499 17
5500 17
5501 17
5502 18
5503 17
5504 17
5505 17
5506 17
5507 17
5508 16
5509 17
5510 16
5511 17
5512 17
5513 17
5514 17
5515 17
5516 17
5517 17
5518 17
5519 16
5520 17
5521 17
5522 17
5523 18
5524 17
5525 17
5526 17
5527 17
5528 17
5529 17
5530 17
5531 17
5532 16
5533 17
5534 17
5535 16
5536 16
5537 17
5538 17
5539 17
5540 17
5541 16
5542 17
5543 17
5544 20
5545 18
5546 16
5547 17
5548 17
5549 16
5550 18
5551 17
5552 17
5553 16
5554 17
5555 17
5556 16
5557 17
5558 17
5559 16
5560 17
5561 17
5562 17
5563 18
5564 17
5565 17
5566 17
5567 17
5568 17
5569 17
5570 16
5571 17
5572 17
5573 16
5574 16
5575 17
5576 17
5577 16
5578 17
5579 17
5580 16
5581 16
5582 17
5583 17
5584 17
5585 17
5586 18
5587 17
5588 17
5589 17
5590 17
5591 16
5592 17
5593 17
5594 16
5595 16
5596 17
5597 17
5598 17
5599 16
5600 17
5601 17
5602 16
5603 16
5604 17
5605 17
5606 17
5607 18
5608 19
5609 16
5610 17
5611 17
5612 16
5613 17
5614 17
5615 16
5616 16
5617 17
5618 17
5619 16
5620 17
5621 17
5622 17
5623 17
5624 17
5625 16
5626 17
5627 16
5628 18
5629 17
5630 17
5631 17
5632 16
5633 17
5634 17
5635 16
5636 17
5637 17
5638 16
5639 17
5640 17
5641 16
5642 17
5643 17
5644 16
5645 17
5646 17
5647 17
5648 17
5649 18
5650 18
5651 17
5652 16
5653 17
5654 17
5655 16
5656 17
5657 17
5658 16
5659 17
5660 17
5661 17
5662 16
5663 17
5664 17
5665 17
5666 16
5667 17
5668 17
5669 17
5670 18
5671 17
5672 19
5673 17
5674 17
5675 17
5676 17
5677 17
5678 17
5679 16
5680 17
5681 16
5682 17
5683 17
5684 17
5685 16
5686 17
5687 17
5688 16
5689 17
5690 17
5691 18
5692 17
5693 17
5694 17
5695 16
5696 17
5697 17
5698 17
5699 17
5700 16
5701 17
5702 17
5703 16
5704 17
5705 17
5706 16
5707 17
5708 17
5709 17
5710 17
5711 16
5712 18
5713 17
5714 17
5715 17
5716 17
5717 16
5718 17
5719 17
5720 16
5721 17
5722 17
5723 16
5724 17
5725 17
5726 16
5727 17
5728 17
5729 17
5730 17
5731 17
5732 17
5733 18
5734 18
5735 17
5736 35
5737 17
5738 17
5739 17
5740 17
5741 17
5742 17
5743 16
5744 17
5745 17
5746 17
5747 17
5748 17
5749 17
5750 17
5751 17
5752 18
5753 18
5754 17
5755 17
5756 17
5757 17
5758 17
5759 17
5760 17
5761 17
5762 17
5763 17
5764 18
5765 18
5766 18
5767 18
5768 18
5769 18
5770 17
5771 17
5772 17
5773 17
5774 18
5775 17
5776 17
5777 17
5778 17
5779 17
5780 17
5781 17
5782 17
5783 17
5784 17
5785 17
5786 17
5787 17
5788 17
5789 17
5790 18
5791 17
5792 17
5793 17
5794 17
5795 17
5796 17
5797 17
5798 18
5799 18
5800 18
5801 17
5802 18
5803 18
5804 18
5805 18
5806 18
5807 18
5808 17
5809 17
5810 17
5811 18
5812 17
5813 17
5814 17
5815 17
5816 17
5817 17
5818 17
5819 17
5820 17
5821 17
5822 18
5823 17
5824 17
5825 17
5826 17
5827 17
5828 17
5829 17
5830 17
5831 17
5832 17
5833 17
5834 17
5835 16
5836 17
5837 17
5838 17
5839 17
5840 17
5841 17
5842 17
5843 17
5844 18
5845 17
5846 17
5847 17
5848 17
5849 17
5850 17
5851 17
5852 16
5853 17
5854 17
5855 17
5856 17
5857 17
5858 17
5859 17
5860 17
5861 17
5862 17
5863 18
5864 17
5865 17
5866 17
5867 17
5868 18
5869 17
5870 18
5871 17
5872 17
5873 17
5874 16
5875 17
5876 16
5877 17
5878 17
5879 17
5880 17
5881 17
5882 17
5883 17
5884 17
5885 17
5886 17
5887 17
5888 17
5889 17
5890 17
5891 17
5892 17
5893 17
5894 17
5895 17
5896 17
5897 17
5898 17
5899 17
5900 17
5901 17
5902 17
5903 17
5904 17
5905 17
5906 17
5907 17
5908 26
5909 17
5910 17
5911 17
5912 18
5913 18
5914 17
5915 17
5916 17
5917 17
5918 17
5919 17
5920 17
5921 17
5922 17
5923 17
5924 17
5925 17
5926 17
5927 17
5928 17
5929 17
5930 17
5931 18
5932 18
5933 17
5934 17
5935 17
5936 17
5937 17
5938 18
5939 18
5940 18
5941 17
5942 17
5943 17
5944 17
5945 17
5946 17
5947 17
5948 17
5949 16
5950 17
5951 16
5952 17
5953 17
5954 17
5955 17
5956 17
5957 17
5958 17
5959 17
5960 17
5961 17
5962 17
5963 17
5964 17
5965 16
5966 17
5967 17
5968 17
5969 17
5970 17
5971 17
5972 17
5973 17
5974 17
5975 16
5976 17
5977 17
5978 17
5979 17
5980 17
5981 17
5982 17
5983 17
5984 17
5985 17
5986 17
5987 17
5988 17
5989 17
5990 17
5991 17
5992 18
5993 17
5994 17
5995 17
5996 17
5997 17
5998 17
5999 17
6000 17
6001 17
6002 17
6003 17
6004 17
6005 17
6006 17
6007 17
6008 17
6009 17
6010 17
6011 17
6012 17
6013 17
6014 17
6015 18
6016 18
6017 18
6018 17
6019 17
6020 17
6021 17
6022 17
6023 17
6024 17
6025 17
6026 17
6027 17
6028 17
6029 17
6030 18
6031 17
6032 17
6033 17
6034 18
6035 17
6036 17
6037 17
6038 17
6039 17
6040 17
6041 17
6042 17
6043 17
6044 18
6045 17
6046 17
6047 17
6048 17
6049 17
6050 18
6051 17
6052 17
6053 17
6054 17
6055 17
6056 17
6057 17
6058 17
6059 17
6060 17
6061 17
6062 18
6063 17
6064 17
6065 18
6066 17
6067 17
6068 17
6069 17
6070 16
6071 17
6072 17
6073 17
6074 17
6075 17
6076 17
6077 17
6078 17
6079 17
6080 17
6081 18
6082 17
6083 17
6084 17
6085 17
6086 17
6087 16
6088 17
6089 17
6090 17
6091 17
6092 21
6093 17
6094 17
6095 17
6096 17
6097 18
6098 17
6099 17
6100 17
6101 17
6102 17
6103 17
6104 17
6105 17
6106 16
6107 17
6108 18
6109 18
6110 17
6111 17
6112 17
6113 17
6114 17
6115 16
6116 17
6117 17
6118 17
6119 17
6120 17
6121 17
6122 17
6123 17
6124 17
6125 17
6126 17
6127 18
6128 18
6129 17
6130 17
6131 16
6132 17
6133 17
6134 17
6135 17
6136 17
6137 17
6138 17
6139 17
6140 18
6141 17
6142 17
6143 17
6144 17
6145 17
6146 17
6147 17
6148 18
6149 17
6150 18
6151 17
6152 17
6153 17
6154 17
6155 17
6156 18
6157 17
6158 17
6159 17
6160 17
6161 17
6162 17
6163 17
6164 17
6165 16
6166 17
6167 16
6168 17
6169 17
6170 17
6171 17
6172 16
6173 17
6174 16
6175 18
6176 18
6177 17
6178 17
6179 17
6180 17
6181 17
6182 17
6183 17
6184 17
6185 17
6186 17
6187 17
6188 16
6189 17
6190 17
6191 17
6192 17
6193 17
6194 16
6195 17
6196 17
6197 17
6198 21
6199 16
6200 17
6201 16
6202 17
6203 16
6204 17
6205 17
6206 17
6207 17
6208 17
6209 17
6210 17
6211 17
6212 17
6213 17
6214 17
6215 16
6216 17
6217 17
6218 17
6219 17
6220 17
6221 17
6222 17
6223 17
6224 17
6225 17
6226 17
6227 17
6228 17
6229 18
6230 17
6231 17
6232 17
6233 16
6234 17
6235 17
6236 17
6237 18
6238 17
6239 17
6240 17
6241 17
6242 16
6243 17
6244 17
6245 17
6246 16
6247 17
6248 17
6249 17
6250 17
6251 18
6252 18
6253 17
6254 17
6255 17
6256 17
6257 17
6258 17
6259 17
6260 17
6261 16
6262 17
6263 17
6264 17
6265 17
6266 17
6267 18
6268 18
6269 17
6270 17
6271 17
6272 16
6273 18
6274 17
6275 17
6276 29
6277 19
6278 17
6279 17
6280 17
6281 17
6282 17
6283 17
6284 17
6285 16
6286 17
6287 17
6288 17
6289 17
6290 17
6291 17
6292 17
6293 17
6294 17
6295 17
6296 17
6297 17
6298 17
6299 17
6300 17
6301 17
6302 17
6303 17
6304 17
6305 17
6306 17
6307 17
6308 17
6309 17
6310 17
6311 17
6312 17
6313 17
6314 17
6315 16
6316 17
6317 17
6318 17
6319 18
6320 18
6321 18
6322 18
6323 17
6324 17
6325 18
6326 17
6327 18
6328 17
6329 18
6330 17
6331 17
6332 18
6333 17
6334 17
6335 18
6336 19
6337 19
6338 18
6339 17
6340 17
6341 17
6342 17
6343 17
6344 17
6345 17
6346 17
6347 17
6348 17
6349 17
6350 17
6351 17
6352 16
6353 17
6354 17
6355 17
6356 17
6357 17
6358 18
6359 17
6360 16
6361 17
6362 17
6363 17
6364 17
6365 20
6366 17
6367 16
6368 17
6369 17
6370 17
6371 17
6372 16
6373 18
6374 18
6375 17
6376 18
6377 18
6378 17
6379 17
6380 17
6381 18
6382 18
6383 18
6384 18
6385 17
6386 17
6387 18
6388 18
6389 18
6390 17
6391 17
6392 17
6393 17
6394 16
6395 17
6396 17
6397 17
6398 17
6399 17
6400 17
6401 17
6402 17
6403 16
6404 17
6405 17
6406 17
6407 17
6408 16
6409 17
6410 16
6411 17
6412 17
6413 17
6414 17
6415 17
6416 17
6417 16
6418 17
6419 17
6420 16
6421 17
6422 17
6423 17
6424 17
6425 17
6426 17
6427 17
6428 17
6429 19
6430 17
6431 18
6432 17
6433 17
6434 17
6435 17
6436 17
6437 17
6438 17
6439 17
6440 17
6441 17
6442 18
6443 17
6444 17
6445 17
6446 17
6447 17
6448 17
6449 17
6450 18
6451 18
6452 17
6453 17
6454 17
6455 18
6456 17
6457 17
6458 17
6459 17
6460 33
6461 17
6462 17
6463 17
6464 17
6465 17
6466 17
6467 17
6468 17
6469 17
6470 17
6471 17
6472 17
6473 16
6474 17
6475 17
6476 17
6477 17
6478 17
6479 17
6480 17
6481 17
6482 17
6483 17
6484 17
6485 17
6486 17
6487 18
6488 17
6489 17
6490 17
6491 18
6492 17
6493 18
6494 17
6495 17
6496 17
6497 17
6498 17
6499 17
6500 17
6501 17
6502 17
6503 17
6504 17
6505 17
6506 16
6507 17
6508 16
6509 17
6510 17
6511 17
6512 17
6513 17
6514 17
6515 17
6516 16
6517 17
6518 18
6519 17
6520 17
6521 16
6522 17
6523 17
6524 17
6525 17
6526 18
6527 17
6528 17
6529 17
6530 17
6531 17
6532 17
6533 16
6534 17
6535 17
6536 16
6537 17
6538 17
6539 17
6540 17
6541 17
6542 17
6543 17
6544 17
6545 18
6546 17
6547 17
6548 17
6549 17
6550 17
6551 17
6552 17
6553 17
6554 17
6555 17
6556 17
6557 18
6558 18
6559 17
6560 17
6561 17
6562 18
6563 17
6564 17
6565 17
6566 17
6567 17
6568 17
6569 17
6570 17
6571 17
6572 17
6573 17
6574 17
6575 17
6576 17
6577 17
6578 17
6579 17
6580 17
6581 17
6582 17
6583 17
6584 17
6585 17
6586 17
6587 17
6588 17
6589 17
6590 17
6591 17
6592 17
6593 17
6594 17
6595 17
6596 17
6597 17
6598 17
6599 17
6600 18
6601 17
6602 17
6603 17
6604 17
6605 17
6606 17
6607 17
6608 17
6609 17
6610 17
6611 18
6612 17
6613 17
6614 17
6615 17
6616 18
6617 17
6618 17
6619 17
6620 17
6621 19
6622 17
6623 17
6624 17
6625 17
6626 17
6627 17
6628 17
6629 17
6630 17
6631 17
6632 17
6633 17
6634 17
6635 17
6636 18
6637 17
6638 17
6639 17
6640 17
6641 17
6642 17
6643 21
6644 17
6645 17
6646 17
6647 17
6648 17
6649 17
6650 17
6651 18
6652 17
6653 17
6654 17
6655 17
6656 17
6657 17
6658 17
6659 17
6660 17
6661 17
6662 17
6663 17
6664 17
6665 17
6666 17
6667 17
6668 17
6669 17
6670 17
6671 17
6672 17
6673 17
6674 17
6675 17
6676 17
6677 17
6678 17
6679 17
6680 17
6681 17
6682 17
6683 17
6684 17
6685 18
6686 17
6687 17
6688 17
6689 17
6690 17
6691 18
6692 17
6693 17
6694 16
6695 17
6696 17
6697 17
6698 17
6699 17
6700 17
6701 17
6702 17
6703 17
6704 17
6705 17
6706 17
6707 17
6708 17
6709 18
6710 17
6711 17
6712 17
6713 17
6714 17
6715 17
6716 16
6717 17
6718 17
6719 17
6720 16
6721 17
6722 17
6723 17
6724 16
6725 17
6726 17
6727 17
6728 17
6729 17
6730 18
6731 17
6732 16
6733 17
6734 16
6735 17
6736 16
6737 17
6738 17
6739 16
6740 17
6741 17
6742 17
6743 16
6744 17
6745 17
6746 16
6747 17
6748 17
6749 18
6750 17
6751 18
6752 17
6753 17
6754 17
6755 16
6756 16
6757 17
6758 17
6759 16
6760 16
6761 17
6762 17
6763 17
6764 16
6765 17
6766 17
6767 16
6768 17
6769 17
6770 17
6771 17
6772 18
6773 17
6774 17
6775 16
6776 17
6777 17
6778 17
6779 16
6780 17
6781 17
6782 17
6783 16
6784 17
6785 17
6786 16
6787 17
6788 17
6789 17
6790 17
6791 17
6792 17
6793 18
6794 17
6795 16
6796 17
6797 17
6798 16
6799 17
6800 17
6801 16
6802 17
6803 17
6804 16
6805 17
6806 17
6807 17
6808 17
6809 17
6810 17
6811 17
6812 17
6813 19
6814 17
6815 17
6816 16
6817 17
6818 17
6819 16
6820 17
6821 17
6822 16
6823 16
6824 16
6825 17
6826 17
6827 16
6828 17
6829 37
6830 16
6831 17
6832 17
6833 17
6834 17
6835 18
6836 18
6837 17
6838 17
6839 17
6840 16
6841 17
6842 17
6843 16
6844 17
6845 17
6846 16
6847 17
6848 17
6849 17
6850 16
6851 17
6852 17
6853 17
6854 17
6855 17
6856 18
6857 17
6858 17
6859 17
6860 17
6861 16
6862 16
6863 17
6864 17
6865 16
6866 17
6867 17
6868 17
6869 17
6870 16
6871 17
6872 17
6873 17
6874 17
6875 17
6876 17
6877 20
6878 17
6879 17
6880 17
6881 17
6882 17
6883 16
6884 17
6885 17
6886 17
6887 16
6888 16
6889 17
6890 17
6891 17
6892 17
6893 17
6894 16
6895 17
6896 17
6897 17
6898 18
6899 17
6900 17
6901 17
6902 17
6903 17
6904 16
6905 17
6906 17
6907 16
6908 17
6909 17
6910 17
6911 16
6912 16
6913 17
6914 17
6915 17
6916 17
6917 17
6918 17
6919 18
6920 17
6921 17
6922 17
6923 17
6924 17
6925 16
6926 17
6927 16
6928 17
6929 17
6930 17
6931 16
6932 17
6933 17
6934 17
6935 17
6936 17
6937 17
6938 17
6939 16
6940 18
6941 19
6942 17
6943 17
6944 16
6945 17
6946 17
6947 17
6948 16
6949 16
6950 17
6951 17
6952 16
6953 16
6954 17
6955 17
6956 17
6957 17
6958 17
6959 17
6960 16
6961 18
6962 17
6963 17
6964 16
6965 16
6966 17
6967 17
6968 16
6969 17
6970 16
6971 17
6972 17
6973 16
6974 16
6975 17
6976 17
6977 16
6978 16
6979 17
6980 16
6981 17
6982 18
6983 17
6984 17
6985 16
6986 17
6987 17
6988 16
6989 16
6990 17
6991 17
6992 17
6993 16
6994 17
6995 17
6996 16
6997 16
6998 17
6999 17
7000 17
7001 17
7002 16
7003 18
7004 17
7005 19
7006 16
7007 17
7008 17
7009 17
7010 16
7011 17
7012 17
7013 17
7014 19
7015 18
7016 16
7017 17
7018 17
7019 16
7020 17
7021 17
7022 17
7023 16
7024 18
7025 16
7026 17
7027 17
7028 17
7029 17
7030 17
7031 17
7032 16
7033 16
7034 17
7035 16
7036 16
7037 17
7038 17
7039 17
7040 16
7041 17
7042 17
7043 17
7044 17
7045 18
7046 17
7047 17
7048 16
7049 16
7050 17
7051 17
7052 16
7053 17
7054 17
7055 17
7056 16
7057 16
7058 17
7059 16
7060 16
7061 17
7062 17
7063 17
7064 17
7065 17
7066 18
7067 17
7068 17
7069 19
7070 17
7071 16
7072 17
7073 17
7074 16
7075 17
7076 16
7077 17
7078 17
7079 16
7080 17
7081 17
7082 17
7083 17
7084 17
7085 17
7086 17
7087 18
7088 17
7089 17
7090 16
7091 17
7092 17
7093 17
7094 16
7095 17
7096 17
7097 16
7098 17
7099 17
7100 17
7101 17
7102 17
7103 17
7104 17
7105 17
7106 17
7107 17
7108 18
7109 17
7110 17
7111 17
7112 17
7113 17
7114 16
7115 17
7116 17
7117 17
7118 16
7119 17
7120 16
7121 17
7122 16
7123 17
7124 17
7125 16
7126 17
7127 17
7128 17
7129 18
7130 17
7131 16
7132 17
7133 19
7134 17
7135 17
7136 16
7137 17
7138 17
7139 17
7140 17
7141 17
7142 16
7143 17
7144 17
7145 17
7146 17
7147 17
7148 17
7149 17
7150 18
7151 17
7152 17
7153 16
7154 17
7155 17
7156 16
7157 17
7158 17
7159 16
7160 17
7161 16
7162 17
7163 17
7164 16
7165 17
7166 17
7167 17
7168 17
7169 17
7170 17
7171 19
7172 17
7173 17
7174 17
7175 17
7176 17
7177 17
7178 17
7179 17
7180 16
7181 18
7182 16
7183 17
7184 16
7185 17
7186 17
7187 17
7188 17
7189 17
7190 17
7191 17
7192 19
7193 19
7194 17
7195 18
7196 17
7197 24
7198 17
7199 17
7200 65
7201 18
7202 18
7203 17
7204 17
7205 17
7206 17
7207 17
7208 17
7209 17
7210 17
7211 17
7212 17
7213 17
7214 17
7215 17
7216 18
7217 17
7218 17
7219 17
7220 16
7221 17
7222 17
7223 17
7224 17
7225 18
7226 18
7227 17
7228 17
7229 17
7230 17
7231 17
7232 17
7233 17
7234 17
7235 17
7236 17
7237 16
7238 17
7239 17
7240 17
7241 17
7242 17
7243 17
7244 17
7245 16
7246 17
7247 16
7248 17
7249 17
7250 17
7251 17
7252 17
7253 17
7254 17
7255 18
7256 16
7257 17
7258 17
7259 16
7260 17
7261 17
7262 18
7263 17
7264 17
7265 17
7266 17
7267 17
7268 17
7269 17
7270 17
7271 17
7272 17
7273 17
7274 17
7275 16
7276 17
7277 16
7278 17
7279 17
7280 17
7281 17
7282 18
7283 18
7284 18
7285 17
7286 18
7287 17
7288 17
7289 17
7290 17
7291 17
7292 17
7293 16
7294 17
7295 16
7296 17
7297 17
7298 17
7299 18
7300 17
7301 18
7302 18
7303 17
7304 17
7305 17
7306 17
7307 17
7308 17
7309 17
7310 16
7311 17
7312 16
7313 17
7314 17
7315 17
7316 17
7317 17
7318 17
7319 17
7320 17
7321 17
7322 17
7323 17
7324 17
7325 17
7326 17
7327 17
7328 16
7329 17
7330 17
7331 17
7332 17
7333 17
7334 17
7335 17
7336 18
7337 17
7338 18
7339 18
7340 18
7341 18
7342 18
7343 18
7344 17
7345 17
7346 17
7347 17
7348 17
7349 17
7350 17
7351 16
7352 17
7353 17
7354 17
7355 16
7356 17
7357 18
7358 17
7359 17
7360 17
7361 17
7362 17
7363 18
7364 18
7365 36
7366 17
7367 17
7368 17
7369 17
7370 17
7371 17
7372 17
7373 17
7374 18
7375 19
7376 17
7377 18
7378 17
7379 17
7380 17
7381 18
7382 17
7383 17
7384 17
7385 17
7386 17
7387 18
7388 17
7389 17
7390 17
7391 17
7392 16
7393 17
7394 18
7395 17
7396 17
7397 17
7398 17
7399 18
7400 17
7401 18
7402 18
7403 17
7404 17
7405 17
7406 18
7407 19
7408 18
7409 18
7410 18
7411 18
7412 18
7413 18
7414 17
7415 18
7416 17
7417 18
7418 17
7419 18
7420 17
7421 18
7422 17
7423 18
7424 17
7425 19
7426 18
7427 17
7428 17
7429 18
7430 17
7431 17
7432 17
7433 17
7434 17
7435 17
7436 18
7437 18
7438 18
7439 18
7440 17
7441 18
7442 18
7443 18
7444 18
7445 18
7446 19
7447 18
7448 18
7449 17
7450 17
7451 17
7452 17
7453 16
7454 17
7455 17
7456 17
7457 18
7458 17
7459 17
7460 17
7461 18
7462 17
7463 17
7464 17
7465 17
7466 17
7467 16
7468 17
7469 18
7470 17
7471 17
7472 18
7473 17
7474 18
7475 18
7476 17
7477 17
7478 17
7479 17
7480 17
7481 17
7482 17
7483 17
7484 17
7485 17
7486 17
7487 17
7488 17
7489 17
7490 18
7491 17
7492 16
7493 17
7494 18
7495 18
7496 18
7497 17
7498 17
7499 17
7500 17
7501 17
7502 17
7503 18
7504 17
7505 18
7506 18
7507 17
7508 17
7509 18
7510 18
7511 18
7512 19
7513 18
7514 17
7515 17
7516 18
7517 18
7518 17
7519 18
7520 17
7521 18
7522 17
7523 16
7524 17
7525 17
7526 17
7527 17
7528 17
7529 17
7530 18
7531 18
7532 19
7533 18
7534 18
7535 18
7536 17
7537 17
7538 17
7539 17
7540 17
7541 17
7542 17
7543 17
7544 17
7545 21
7546 17
7547 17
7548 16
7549 17
7550 17
7551 17
7552 19
7553 18
7554 18
7555 17
7556 17
7557 18
7558 17
7559 17
7560 17
7561 17
7562 17
7563 17
7564 17
7565 18
7566 17
7567 17
7568 17
7569 17
7570 17
7571 16
7572 17
7573 17
7574 17
7575 17
7576 17
7577 17
7578 17
7579 17
7580 17
7581 18
7582 18
7583 17
7584 17
7585 17
7586 17
7587 17
7588 16
7589 17
7590 17
7591 17
7592 17
7593 17
7594 17
7595 17
7596 17
7597 17
7598 17
7599 17
7600 17
7601 16
7602 17
7603 17
7604 16
7605 17
7606 18
7607 17
7608 17
7609 17
7610 17
7611 17
7612 17
7613 17
7614 17
7615 17
7616 17
7617 17
7618 18
7619 17
7620 17
7621 17
7622 18
7623 18
7624 18
7625 17
7626 18
7627 17
7628 16
7629 17
7630 17
7631 17
7632 17
7633 17
7634 17
7635 17
7636 17
7637 17
7638 17
7639 18
7640 17
7641 17
7642 18
7643 17
7644 17
7645 17
7646 18
7647 18
7648 17
7649 17
7650 17
7651 17
7652 17
7653 17
7654 17
7655 17
7656 17
7657 17
7658 17
7659 17
7660 17
7661 16
7662 17
7663 17
7664 17
7665 17
7666 17
7667 17
7668 17
7669 17
7670 16
7671 17
7672 16
7673 17
7674 17
7675 18
7676 17
7677 17
7678 17
7679 17
7680 16
7681 17
7682 17
7683 17
7684 16
7685 17
7686 17
7687 18
7688 17
7689 18
7690 18
7691 17
7692 18
7693 17
7694 18
7695 18
7696 17
7697 17
7698 17
7699 17
7700 17
7701 18
7702 18
7703 18
7704 17
7705 18
7706 17
7707 18
7708 18
7709 17
7710 17
7711 17
7712 17
7713 16
7714 17
7715 17
7716 17
7717 17
7718 17
7719 17
7720 17
7721 17
7722 17
7723 17
7724 17
7725 17
7726 17
7727 17
7728 17
7729 33
7730 18
7731 17
7732 17
7733 17
7734 17
7735 16
7736 17
7737 17
7738 17
7739 17
7740 17
7741 17
7742 17
7743 18
7744 17
7745 17
7746 17
7747 17
7748 17
7749 17
7750 17
7751 17
7752 17
7753 18
7754 17
7755 17
7756 17
7757 17
7758 18
7759 18
7760 17
7761 17
7762 17
7763 17
7764 16
7765 17
7766 17
7767 17
7768 17
7769 17
7770 17
7771 17
7772 17
7773 18
7774 17
7775 17
7776 17
7777 17
7778 17
7779 17
7780 17
7781 17
7782 17
7783 17
7784 17
7785 17
7786 17
7787 17
7788 17
7789 18
7790 18
7791 17
7792 17
7793 17
7794 17
7795 17
7796 17
7797 17
7798 17
7799 16
7800 17
7801 18
7802 18
7803 17
7804 17
7805 16
7806 17
7807 17
7808 17
7809 17
7810 16
7811 17
7812 17
7813 17
7814 17
7815 17
7816 17
7817 17
7818 17
7819 17
7820 17
7821 17
7822 17
7823 17
7824 18
7825 17
7826 17
7827 17
7828 17
7829 17
7830 17
7831 17
7832 17
7833 17
7834 17
7835 17
7836 17
7837 17
7838 17
7839 17
7840 17
7841 17
7842 18
7843 17
7844 17
7845 17
7846 18
7847 18
7848 17
7849 17
7850 17
7851 17
7852 17
7853 17
7854 17
7855 17
7856 18
7857 17
7858 17
7859 17
7860 17
7861 18
7862 17
7863 17
7864 17
7865 17
7866 17
7867 17
7868 17
7869 17
7870 17
7871 17
7872 17
7873 17
7874 17
7875 18
7876 18
7877 17
7878 17
7879 17
7880 17
7881 17
7882 17
7883 17
7884 17
7885 17
7886 17
7887 18
7888 17
7889 17
7890 17
7891 17
7892 16
7893 17
7894 17
7895 17
7896 17
7897 17
7898 17
7899 17
7900 16
7901 17
7902 17
7903 18
7904 17
7905 17
7906 17
7907 17
7908 17
7909 17
7910 17
7911 18
7912 32
7913 18
7914 17
7915 17
7916 17
7917 18
7918 18
7919 17
7920 17
7921 17
7922 17
7923 18
7924 17
7925 17
7926 17
7927 17
7928 17
7929 17
7930 17
7931 17
7932 17
7933 18
7934 17
7935 17
7936 17
7937 17
7938 17
7939 17
7940 18
7941 17
7942 17
7943 17
7944 17
7945 18
7946 17
7947 17
7948 17
7949 17
7950 17
7951 17
7952 17
7953 18
7954 17
7955 17
7956 17
7957 17
7958 17
7959 17
7960 18
7961 17
7962 17
7963 17
7964 17
7965 17
7966 17
7967 17
7968 17
7969 17
7970 17
7971 17
7972 17
7973 17
7974 18
7975 18
7976 17
7977 17
7978 17
7979 17
7980 17
7981 19
7982 17
7983 17
7984 17
7985 17
7986 17
7987 17
7988 17
7989 17
7990 16
7991 17
7992 17
7993 16
7994 17
7995 17
7996 16
7997 17
7998 17
7999 17
8000 17
8001 17
8002 19
8003 17
8004 17
8005 17
8006 17
8007 17
8008 16
8009 17
8010 17
8011 16
8012 17
8013 17
8014 17
8015 17
8016 17
8017 17
8018 18
8019 17
8020 17
8021 17
8022 17
8023 18
8024 17
8025 17
8026 17
8027 16
8028 17
8029 16
8030 17
8031 17
8032 16
8033 17
8034 17
8035 17
8036 17
8037 17
8038 17
8039 17
8040 17
8041 17
8042 17
8043 17
8044 18
8045 17
8046 18
8047 17
8048 17
8049 17
8050 17
8051 17
8052 16
8053 17
8054 17
8055 17
8056 17
8057 17
8058 17
8059 16
8060 17
8061 17
8062 17
8063 18
8064 17
8065 18
8066 17
8067 16
8068 17
8069 16
8070 17
8071 17
8072 17
8073 17
8074 17
8075 17
8076 17
8077 17
8078 16
8079 17
8080 16
8081 17
8082 18
8083 16
8084 17
8085 17
8086 18
8087 17
8088 17
8089 16
8090 17
8091 17
8092 16
8093 16
8094 17
8095 17
8096 16
8097 18
8098 17
8099 17
8100 16
8101 16
8102 17
8103 17
8104 17
8105 17
8106 16
8107 18
8108 17
8109 17
8110 16
8111 17
8112 17
8113 17
8114 16
8115 17
8116 17
8117 17
8118 17
8119 17
8120 16
8121 16
8122 17
8123 17
8124 16
8125 17
8126 17
8127 17
8128 18
8129 17
8130 17
8131 17
8132 17
8133 16
8134 17
8135 17
8136 16
8137 16
8138 17
8139 17
8140 16
8141 16
8142 17
8143 16
8144 16
8145 17
8146 19
8147 17
8148 17
8149 18
8150 17
8151 17
8152 17
8153 16
8154 17
8155 16
8156 17
8157 17
8158 16
8159 17
8160 16
8161 17
8162 17
8163 16
8164 17
8165 17
8166 16
8167 17
8168 17
8169 17
8170 18
8171 18
8172 17
8173 16
8174 17
8175 17
8176 17
8177 17
8178 17
8179 17
8180 16
8181 17
8182 17
8183 16
8184 17
8185 17
8186 16
8187 17
8188 17
8189 17
8190 17
8191 17
8192 17
8193 16
8194 17
8195 17
8196 17
8197 17
8198 17
8199 16
8200 17
8201 17
8202 16
8203 17
8204 17
8205 17
8206 16
8207 17
8208 17
8209 16
8210 19
8211 17
8212 18
8213 17
8214 17
8215 17
8216 17
8217 17
8218 16
8219 17
8220 17
8221 17
8222 16
8223 17
8224 17
8225 17
8226 16
8227 17
8228 17
8229 16
8230 17
8231 17
8232 17
8233 18
8234 17
8235 17
8236 16
8237 17
8238 17
8239 16
8240 16
8241 17
8242 17
8243 16
8244 17
8245 17
8246 17
8247 17
8248 17
8249 16
8250 16
8251 17
8252 17
8253 17
8254 18
8255 17
8256 17
8257 16
8258 17
8259 17
8260 16
8261 16
8262 17
8263 17
8264 17
8265 16
8266 16
8267 17
8268 17
8269 16
8270 17
8271 17
8272 17
8273 17
8274 18
8275 18
8276 16
8277 17
8278 17
8279 16
8280 16
8281 17
8282 17
8283 17
8284 17
8285 17
8286 16
8287 16
8288 17
8289 17
8290 16
8291 17
8292 16
8293 16
8294 17
8295 17
8296 18
8297 17
8298 17
8299 17
8300 16
8301 17
8302 17
8303 16
8304 16
8305 17
8306 17
8307 17
8308 16
8309 16
8310 17
8311 17
8312 16
8313 17
8314 17
8315 17
8316 17
8317 18
8318 17
8319 17
8320 16
8321 17
8322 17
8323 16
8324 17
8325 17
8326 17
8327 17
8328 17
8329 17
8330 16
8331 17
8332 17
8333 17
8334 17
8335 17
8336 17
8337 17
8338 19
8339 17
8340 17
8341 16
8342 17
8343 17
8344 17
8345 16
8346 17
8347 17
8348 16
8349 17
8350 17
8351 17
8352 16
8353 17
8354 17
8355 16
8356 17
8357 17
8358 17
8359 18
8360 17
8361 16
8362 17
8363 17
8364 16
8365 16
8366 17
8367 17
8368 17
8369 16
8370 17
8371 17
8372 17
8373 16
8374 16
8375 17
8376 16
8377 17
8378 17
8379 17
8380 18
8381 16
8382 17
8383 17
8384 16
8385 17
8386 17
8387 17
8388 16
8389 16
8390 16
8391 17
8392 17
8393 17
8394 16
8395 17
8396 17
8397 16
8398 17
8399 17
8400 17
8401 17
8402 19
8403 17
8404 16
8405 17
8406 17
8407 16
8408 17
8409 17
8410 17
8411 17
8412 17
8413 16
8414 16
8415 17
8416 17
8417 16
8418 17
8419 17
8420 17
8421 17
8422 17
8423 17
8424 17
8425 17
8426 17
8427 17
8428 17
8429 17
8430 16
8431 16
8432 17
8433 17
8434 16
8435 17
8436 17
8437 17
8438 17
8439 17
8440 17
8441 17
8442 17
8443 18
8444 17
8445 17
8446 17
8447 17
8448 16
8449 17
8450 17
8451 16
8452 16
8453 17
8454 17
8455 17
8456 17
8457 17
8458 17
8459 16
8460 16
8461 17
8462 16
8463 17
8464 17
8465 17
8466 18
8467 17
8468 16
8469 26
8470 16
8471 17
8472 17
8473 16
8474 17
8475 17
8476 16
8477 17
8478 17
8479 16
8480 17
8481 17
8482 17
8483 17
8484 17
8485 18
8486 17
8487 16
8488 17
8489 17
8490 16
8491 17
8492 18
8493 16
8494 17
8495 17
8496 17
8497 17
8498 17
8499 16
8500 17
8501 17
8502 17
8503 16
8504 17
8505 17
8506 18
8507 17
8508 17
8509 16
8510 17
8511 17
8512 17
8513 16
8514 17
8515 17
8516 17
8517 16
8518 17
8519 17
8520 16
8521 17
8522 17
8523 17
8524 17
8525 17
8526 17
8527 18
8528 17
8529 16
8530 19
8531 17
8532 16
8533 17
8534 17
8535 16
8536 16
8537 17
8538 17
8539 16
8540 17
8541 17
8542 17
8543 16
8544 17
8545 17
8546 17
8547 17
8548 18
8549 17
8550 17
8551 16
8552 17
8553 17
8554 16
8555 17
8556 17
8557 17
8558 16
8559 17
8560 17
8561 17
8562 16
8563 17
8564 17
8565 17
8566 16
8567 17
8568 17
8569 18
8570 17
8571 17
8572 16
8573 16
8574 17
8575 17
8576 16
8577 17
8578 17
8579 17
8580 16
8581 16
8582 17
8583 17
8584 17
8585 16
8586 17
8587 17
8588 17
8589 17
8590 17
8591 17
8592 16
8593 17
8594 19
8595 17
8596 16
8597 16
8598 17
8599 17
8600 17
8601 17
8602 16
8603 17
8604 17
8605 17
8606 16
8607 17
8608 17
8609 17
8610 17
8611 18
8612 17
8613 17
8614 17
8615 16
8616 17
8617 17
8618 16
8619 17
8620 17
8621 16
8622 17
8623 17
8624 16
8625 17
8626 17
8627 17
8628 16
8629 17
8630 17
8631 17
8632 17
8633 17
8634 17
8635 16
8636 17
8637 17
8638 17
8639 17
8640 16
8641 17
8642 17
8643 17
8644 16
8645 17
8646 17
8647 16
8648 17
8649 17
8650 17
8651 17
8652 17
8653 18
8654 17
8655 274
8656 18
8657 17
8658 17
8659 17
8660 17
8661 17
8662 17
8663 17
8664 17
8665 17
8666 17
8667 17
8668 16
8669 17
8670 17
8671 17
8672 17
8673 17
8674 17
8675 17
8676 17
8677 17
8678 17
8679 17
8680 17
8681 17
8682 17
8683 17
8684 17
8685 17
8686 17
8687 16
8688 17
8689 17
8690 17
8691 17
8692 16
8693 17
8694 17
8695 17
8696 17
8697 17
8698 17
8699 17
8700 17
8701 17
8702 17
8703 17
8704 17
8705 17
8706 17
8707 17
8708 17
8709 17
8710 17
8711 17
8712 17
8713 18
8714 18
8715 17
8716 17
8717 18
8718 17
8719 17
8720 17
8721 17
8722 17
8723 17
8724 17
8725 17
8726 17
8727 17
8728 17
8729 18
8730 18
8731 17
8732 17
8733 17
8734 18
8735 18
8736 17
8737 17
8738 17
8739 17
8740 17
8741 17
8742 18
8743 18
8744 18
8745 18
8746 17
8747 17
8748 17
8749 17
8750 17
8751 17
8752 17
8753 17
8754 17
8755 17
8756 17
8757 17
8758 17
8759 17
8760 17
8761 17
8762 17
8763 18
8764 17
8765 17
8766 16
8767 17
8768 17
8769 17
8770 17
8771 16
8772 17
8773 17
8774 17
8775 17
8776 17
8777 17
8778 17
8779 17
8780 17
8781 17
8782 17
8783 17
8784 17
8785 17
8786 18
8787 18
8788 18
8789 17
8790 17
8791 16
8792 17
8793 17
8794 17
8795 17
8796 17
8797 17
8798 17
8799 17
8800 17
8801 17
8802 17
8803 17
8804 17
8805 17
8806 17
8807 17
8808 17
8809 17
8810 17
8811 17
8812 17
8813 17
8814 17
8815 16
8816 17
8817 17
8818 17
8819 17
8820 17
8821 17
8822 17
8823 17
8824 17
8825 17
8826 16
8827 17
8828 21
8829 17
8830 17
8831 17
8832 17
8833 17
8834 17
8835 17
8836 17
8837 17
8838 17
8839 17
8840 17
8841 17
8842 17
8843 17
8844 16
8845 17
8846 17
8847 17
8848 17
8849 18
8850 18
8851 17
8852 17
8853 17
8854 17
8855 17
8856 16
8857 17
8858 16
8859 17
8860 17
8861 17
8862 17
8863 17
8864 18
8865 17
8866 17
8867 17
8868 17
8869 18
8870 18
8871 18
8872 17
8873 17
8874 17
8875 17
8876 17
8877 17
8878 17
8879 17
8880 16
8881 17
8882 17
8883 17
8884 17
8885 17
8886 17
8887 17
8888 17
8889 17
8890 17
8891 17
8892 17
8893 17
8894 17
8895 17
8896 17
8897 16
8898 17
8899 17
8900 16
8901 17
8902 17
8903 17
8904 17
8905 17
8906 17
8907 16
8908 17
8909 17
8910 16
8911 17
8912 18
8913 17
8914 17
8915 17
8916 17
8917 17
8918 17
8919 16
8920 17
8921 17
8922 17
8923 17
8924 17
8925 17
8926 18
8927 18
8928 17
8929 17
8930 17
8931 16
8932 17
8933 17
8934 16
8935 17
8936 17
8937 17
8938 17
8939 17
8940 17
8941 17
8942 17
8943 17
8944 18
8945 17
8946 17
8947 17
8948 17
8949 17
8950 17
8951 17
8952 17
8953 17
8954 17
8955 17
8956 17
8957 17
8958 17
8959 17
8960 17
8961 17
8962 17
8963 17
8964 16
8965 18
8966 18
8967 17
8968 17
8969 17
8970 17
8971 17
8972 16
8973 17
8974 17
8975 17
8976 17
8977 16
8978 17
8979 17
8980 17
8981 17
8982 17
8983 17
8984 18
8985 17
8986 17
8987 17
8988 18
8989 17
8990 17
8991 17
8992 17
8993 17
8994 17
8995 16
8996 17
8997 16
8998 17
8999 17
9000 18
9001 17
9002 17
9003 17
9004 16
9005 17
9006 17
9007 16
9008 17
9009 17
9010 17
9011 17
9012 17
9013 18
9014 17
9015 17
9016 17
9017 17
9018 17
9019 17
9020 17
9021 17
9022 16
9023 17
9024 17
9025 16
9026 17
9027 17
9028 17
9029 17
9030 17
9031 17
9032 17
9033 16
9034 17
9035 16
9036 17
9037 17
9038 16
9039 17
9040 17
9041 17
9042 17
9043 18
9044 17
9045 17
9046 17
9047 16
9048 17
9049 17
9050 17
9051 17
9052 16
9053 16
9054 17
9055 17
9056 17
9057 16
9058 17
9059 18
9060 17
9061 19
9062 18
9063 17
9064 17
9065 17
9066 17
9067 17
9068 17
9069 17
9070 17
9071 17
9072 17
9073 17
9074 17
9075 17
9076 16
9077 17
9078 17
9079 17
9080 17
9081 17
9082 18
9083 18
9084 17
9085 17
9086 17
9087 17
9088 18
9089 17
9090 17
9091 17
9092 18
9093 17
9094 17
9095 17
9096 17
9097 17
9098 17
9099 17
9100 16
9101 17
9102 17
9103 17
9104 17
9105 16
9106 17
9107 17
9108 16
9109 17
9110 17
9111 17
9112 17
9113 17
9114 17
9115 17
9116 17
9117 17
9118 16
9119 17
9120 17
9121 17
9122 17
9123 17
9124 17
9125 17
9126 17
9127 17
9128 17
9129 17
9130 17
9131 17
9132 17
9133 17
9134 17
9135 16
9136 17
9137 17
9138 17
9139 17
9140 17
9141 17
9142 17
9143 17
9144 16
9145 17
9146 17
9147 17
9148 17
9149 17
9150 17
9151 16
9152 17
9153 17
9154 17
9155 17
9156 18
9157 17
9158 17
9159 17
9160 17
9161 17
9162 17
9163 17
9164 17
9165 17
9166 17
9167 17
9168 17
9169 17
9170 17
9171 17
9172 16
9173 16
9174 17
9175 17
9176 16
9177 17
9178 17
9179 17
9180 17
9181 17
9182 17
9183 17
9184 17
9185 18
9186 17
9187 17
9188 17
9189 17
9190 17
9191 17
9192 17
9193 17
9194 17
9195 16
9196 17
9197 17
9198 25
9199 17
9200 17
9201 17
9202 17
9203 17
9204 17
9205 17
9206 17
9207 17
9208 16
9209 17
9210 17
9211 17
9212 17
9213 17
9214 17
9215 17
9216 17
9217 16
9218 17
9219 17
9220 18
9221 17
9222 17
9223 17
9224 16
9225 17
9226 17
9227 16
9228 17
9229 17
9230 17
9231 17
9232 16
9233 17
9234 17
9235 17
9236 17
9237 17
9238 17
9239 17
9240 17
9241 17
9242 17
9243 17
9244 17
9245 17
9246 17
9247 16
9248 17
9249 16
9250 17
9251 17
9252 17
9253 18
9254 18
9255 18
9256 17
9257 17
9258 17
9259 17
9260 17
9261 17
9262 17
9263 17
9264 17
9265 18
9266 17
9267 17
9268 17
9269 17
9270 17
9271 17
9272 17
9273 17
9274 17
9275 16
9276 17
9277 17
9278 17
9279 17
9280 17
9281 16
9282 17
9283 18
9284 17
9285 17
9286 17
9287 16
9288 17
9289 16
9290 20
9291 17
9292 17
9293 17
9294 17
9295 16
9296 17
9297 17
9298 16
9299 17
9300 17
9301 17
9302 18
9303 18
9304 18
9305 18
9306 18
9307 18
9308 17
9309 18
9310 17
9311 17
9312 17
9313 17
9314 17
9315 17
9316 17
9317 17
9318 16
9319 17
9320 17
9321 16
9322 17
9323 17
9324 16
9325 16
9326 17
9327 18
9328 17
9329 16
9330 17
9331 17
9332 16
9333 17
9334 17
9335 16
9336 17
9337 17
9338 16
9339 17
9340 17
9341 16
9342 17
9343 17
9344 17
9345 16
9346 17
9347 17
9348 17
9349 17
9350 17
9351 17
9352 17
9353 18
9354 19
9355 17
9356 17
9357 17
9358 17
9359 17
9360 17
9361 18
9362 17
9363 17
9364 17
9365 17
9366 17
9367 17
9368 17
9369 17
9370 17
9371 17
9372 17
9373 17
9374 17
9375 17
9376 16
9377 17
9378 17
9379 16
9380 17
9381 17
9382 17
9383 22
9384 17
9385 17
9386 17
9387 17
9388 17
9389 17
9390 17
9391 17
9392 17
9393 16
9394 17
9395 16
9396 17
9397 17
9398 17
9399 17
9400 17
9401 17
9402 17
9403 17
9404 17
9405 17
9406 17
9407 17
9408 17
9409 17
9410 17
9411 17
9412 17
9413 17
9414 17
9415 17
9416 16
9417 17
9418 18
9419 17
9420 17
9421 17
9422 17
9423 17
9424 17
9425 16
9426 17
9427 17
9428 18
9429 18
9430 17
9431 17
9432 17
9433 17
9434 17
9435 18
9436 17
9437 16
9438 17
9439 17
9440 17
9441 17
9442 17
9443 17
9444 17
9445 17
9446 17
9447 17
9448 16
9449 17
9450 17
9451 17
9452 17
9453 17
9454 17
9455 17
9456 17
9457 17
9458 16
9459 17
9460 17
9461 17
9462 17
9463 17
9464 17
9465 17
9466 17
9467 17
9468 17
9469 17
9470 17
9471 18
9472 17
9473 17
9474 17
9475 17
9476 17
9477 17
9478 17
9479 17
9480 16
9481 17
9482 19
9483 17
9484 17
9485 17
9486 17
9487 17
9488 17
9489 18
9490 17
9491 17
9492 17
9493 17
9494 17
9495 17
9496 17
9497 17
9498 17
9499 17
9500 16
9501 17
9502 16
9503 17
9504 16
9505 17
9506 17
9507 17
9508 17
9509 17
9510 17
9511 17
9512 17
9513 17
9514 16
9515 17
9516 17
9517 17
9518 17
9519 17
9520 17
9521 17
9522 17
9523 17
9524 16
9525 17
9526 17
9527 17
9528 17
9529 17
9530 17
9531 17
9532 17
9533 17
9534 17
9535 17
9536 17
9537 17
9538 17
9539 17
9540 17
9541 17
9542 17
9543 17
9544 17
9545 17
9546 18
9547 17
9548 17
9549 17
9550 17
9551 17
9552 17
9553 17
9554 16
9555 17
9556 17
9557 17
9558 17
9559 17
9560 17
9561 17
9562 17
9563 17
9564 17
9565 17
9566 17
9567 32
9568 18
9569 17
9570 17
9571 17
9572 18
9573 17
9574 17
9575 17
9576 17
9577 17
9578 17
9579 17
9580 17
9581 17
9582 18
9583 17
9584 17
9585 18
9586 17
9587 17
9588 17
9589 17
9590 17
9591 17
9592 17
9593 17
9594 17
9595 17
9596 17
9597 17
9598 17
9599 17
9600 17
9601 17
9602 17
9603 17
9604 17
9605 17
9606 17
9607 17
9608 17
9609 17
9610 18
9611 17
9612 17
9613 18
9614 17
9615 17
9616 17
9617 17
9618 17
9619 18
9620 17
9621 17
9622 17
9623 17
9624 17
9625 17
9626 17
9627 17
9628 17
9629 17
9630 17
9631 17
9632 17
9633 17
9634 17
9635 17
9636 17
9637 17
9638 17
9639 17
9640 17
9641 17
9642 17
9643 17
9644 18
9645 17
9646 17
9647 17
9648 17
9649 17
9650 17
9651 17
9652 17
9653 17
9654 17
9655 17
9656 17
9657 18
9658 18
9659 17
9660 17
9661 17
9662 17
9663 18
9664 17
9665 17
9666 17
9667 17
9668 17
9669 17
9670 17
9671 17
9672 17
9673 17
9674 19
9675 17
9676 17
9677 17
9678 17
9679 17
9680 17
9681 17
9682 17
9683 17
9684 17
9685 17
9686 17
9687 17
9688 17
9689 17
9690 17
9691 17
9692 17
9693 17
9694 17
9695 17
9696 17
9697 18
9698 17
9699 17
9700 17
9701 17
9702 16
9703 17
9704 17
9705 16
9706 16
9707 17
9708 17
9709 16
9710 17
9711 17
9712 17
9713 16
9714 17
9715 17
9716 17
9717 16
9718 18
9719 16
9720 17
9721 17
9722 16
9723 17
9724 16
9725 17
9726 17
9727 17
9728 16
9729 16
9730 16
9731 17
9732 16
9733 16
9734 17
9735 17
9736 16
9737 17
9738 18
9739 18
9740 17
9741 17
9742 17
9743 16
9744 17
9745 17
9746 17
9747 16
9748 17
9749 17
9750 17
9751 19
9752 18
9753 17
9754 16
9755 17
9756 17
9757 16
9758 17
9759 17
9760 18
9761 17
9762 16
9763 17
9764 17
9765 16
9766 17
9767 17
9768 16
9769 16
9770 17
9771 17
9772 16
9773 16
9774 17
9775 17
9776 16
9777 17
9778 17
9779 17
9780 17
9781 17
9782 17
9783 16
9784 17
9785 17
9786 16
9787 17
9788 17
9789 17
9790 16
9791 17
9792 17
9793 17
9794 16
9795 17
9796 17
9797 17
9798 16
9799 17
9800 17
9801 17
9802 20
9803 17
9804 17
9805 16
9806 17
9807 17
9808 17
9809 16
9810 17
9811 17
9812 17
9813 16
9814 17
9815 17
9816 17
9817 16
9818 17
9819 17
9820 17
9821 17
9822 17
9823 18
9824 17
9825 17
9826 17
9827 17
9828 17
9829 17
9830 16
9831 17
9832 17
9833 17
9834 17
9835 17
9836 16
9837 17
9838 17
9839 17
9840 17
9841 17
9842 17
9843 17
9844 18
9845 17
9846 17
9847 17
9848 17
9849 17
9850 16
9851 16
9852 17
9853 17
9854 17
9855 17
9856 17
9857 17
9858 16
9859 17
9860 17
9861 16
9862 17
9863 17
9864 17
9865 18
9866 18
9867 17
9868 17
9869 16
9870 17
9871 17
9872 16
9873 17
9874 17
9875 16
9876 17
9877 17
9878 16
9879 17
9880 17
9881 17
9882 16
9883 17
9884 17
9885 17
9886 18
9887 17
9888 17
9889 17
9890 16
9891 16
9892 17
9893 17
9894 17
9895 16
9896 17
9897 17
9898 17
9899 16
9900 17
9901 17
9902 17
9903 17
9904 17
9905 17
9906 17
9907 18
9908 17
9909 16
9910 17
9911 17
9912 16
9913 16
9914 17
9915 17
9916 16
9917 17
9918 17
9919 17
9920 16
9921 17
9922 17
9923 16
9924 17
9925 17
9926 17
9927 17
9928 18
9929 17
9930 19
9931 17
9932 16
9933 16
9934 17
9935 17
9936 17
9937 16
9938 19
9939 17
9940 16
9941 17
9942 17
9943 17
9944 16
9945 17
9946 17
9947 17
9948 16
9949 18
9950 17
9951 17
9952 17
9953 17
9954 17
9955 17
9956 16
9957 16
9958 17
9959 17
9960 17
9961 17
9962 16
9963 17
9964 17
9965 16
9966 17
9967 17
9968 17
9969 17
9970 18
9971 17
9972 17
9973 17
9974 17
9975 17
9976 16
9977 17
9978 17
9979 17
9980 16
9981 17
9982 17
9983 17
9984 16
9985 17
9986 17
9987 16
9988 17
9989 17
9990 17
9991 17
9992 17
9993 16
9994 19
9995 17
9996 17
9997 16
9998 16
9999 17
