0 5338
1 5208
2 5409
3 6612
4 5783
5 5209
6 -995011
7 5297
8 5456
9 4956
10 5336
11 5960
12 5079
13 5837
14 5607
15 5065
16 5996
17 5419
18 4837
19 5961
20 5214
21 5440
22 6710
23 6130
24 5456
25 5296
26 5377
27 5209
28 5477
29 5153
30 5118
31 5164
32 6090
33 4973
34 5094
35 4954
36 5445
37 5329
38 5343
39 5574
40 5968
41 5699
42 5710
43 4963
44 4959
45 5089
46 5982
47 6320
48 5449
49 5836
50 5711
51 5458
52 5084
53 5461
54 5335
55 5460
56 5092
57 5073
58 5087
59 6333
60 5711
61 6334
62 5586
63 5463
64 5334
65 5743
66 5433
67 4957
68 5569
69 5584
70 4966
71 5391
72 5646
73 5727
74 5693
75 5443
76 5857
77 6627
78 5521
79 5668
80 5914
81 5065
82 6287
83 5346
84 4965
85 5316
86 5426
87 6001
88 5461
89 5082
90 5572
91 6339
92 5795
93 5507
94 5262
95 7116
96 7190
97 6549
98 5435
99 5978
100 5777
101 5140
102 6313
103 6287
104 5914
105 6218
106 5217
107 6382
108 6619
109 5599
110 6134
111 5398
112 7088
113 5288
114 5653
115 4985
116 5869
117 6511
118 5504
119 5146
120 5962
121 5528
122 6091
123 5575
124 5282
125 6265
126 6229
127 5807
128 5911
129 6098
130 5669
131 6087
132 7136
133 5649
134 5704
135 5419
136 5483
137 5060
138 5488
139 5747
140 5474
141 5802
142 5669
143 5731
144 5696
145 5834
146 5505
147 6141
148 5688
149 5830
150 5083
151 5979
152 5861
153 5291
154 5918
155 5787
156 5823
157 5998
158 5455
159 5341
160 5160
161 5494
162 5627
163 5683
164 5577
165 6583
166 5478
167 6126
168 5864
169 4982
170 5329
171 5331
172 5313
173 6112
174 6067
175 5425
176 5345
177 6498
178 5523
179 5471
180 5538
181 6218
182 -993203
183 5205
184 5569
185 5512
186 5458
187 5585
188 5969
189 5210
190 6067
191 5761
192 5665
193 5733
194 5456
195 5400
196 5784
197 5286
198 5613
199 6998
200 8499
201 5393
202 5553
203 6057
204 6251
205 6055
206 5226
207 5408
208 6340
209 5662
210 5611
211 4913
212 6481
213 5503
214 5516
215 5521
216 6355
217 7011
218 6267
219 6208
220 5202
221 5346
222 6261
223 5428
224 5963
225 5838
226 6456
227 5275
228 5854
229 5894
230 6039
231 7380
232 6048
233 5051
234 7326
235 5426
236 5805
237 6551
238 5295
239 5388
240 5607
241 5268
242 4982
243 5720
244 5676
245 5302
246 7011
247 5668
248 5789
249 5031
250 5892
251 7465
252 6483
253 5388
254 6133
255 5129
256 6938
257 5562
258 5318
259 5455
260 5451
261 4864
262 5241
263 5312
264 6705
265 6187
266 5056
267 5130
268 5055
269 7124
270 5622
271 5622
272 5411
273 5679
274 6684
275 5924
276 5867
277 6262
278 5702
279 5732
280 5224
281 5434
282 5173
283 5555
284 5228
285 6339
286 8066
287 5811
288 5760
289 6195
290 5849
291 5126
292 5211
293 5249
294 5790
295 5088
296 6922
297 6961
298 7370
299 7552
300 5640
301 6945
302 5402
303 7146
304 5513
305 5206
306 5812
307 5450
308 5442
309 5711
310 5973
311 6111
312 5548
313 5483
314 7027
315 5475
316 5561
317 6333
318 5581
319 6044
320 6552
321 5194
322 5110
323 5149
324 4956
325 4943
326 5711
327 5161
328 5451
329 6005
330 5784
331 5269
332 5070
333 5061
334 5321
335 5971
336 6402
337 5318
338 6946
339 5427
340 5477
341 5283
342 5843
343 5683
344 6283
345 5343
346 5440
347 5277
348 5392
349 5770
350 5621
351 -993968
352 9604
353 6000
354 5121
355 8021
356 5715
357 5539
358 5239
359 6057
360 5244
361 5727
362 6330
363 5397
364 5079
365 6738
366 5474
367 6045
368 5494
369 6087
370 5949
371 5423
372 5811
373 7232
374 5704
375 5039
376 5080
377 4853
378 5573
379 5140
380 5545
381 6620
382 5481
383 6168
384 5247
385 5844
386 5304
387 5879
388 6112
389 7474
390 9061
391 5251
392 6073
393 5172
394 5192
395 6087
396 6616
397 5312
398 5635
399 5241
400 5711
401 6373
402 5915
403 5062
404 5011
405 6842
406 5568
407 5779
408 7774
409 5845
410 5319
411 5352
412 5183
413 4955
414 5138
415 5299
416 5732
417 5419
418 5447
419 5582
420 5765
421 6000
422 5898
423 6824
424 5256
425 5282
426 5951
427 6081
428 5590
429 7444
430 6252
431 5602
432 6169
433 5720
434 6783
435 5622
436 6166
437 6524
438 5341
439 5617
440 5302
441 5200
442 7172
443 6310
444 5253
445 5468
446 5764
447 5317
448 5228
449 5357
450 5144
451 5693
452 5897
453 5718
454 5831
455 6247
456 5664
457 7244
458 5824
459 5726
460 6576
461 6274
462 5298
463 5367
464 5239
465 5313
466 5231
467 5551
468 5875
469 5161
470 5079
471 6865
472 5667
473 5485
474 5676
475 5822
476 5455
477 5329
478 6706
479 5577
480 7495
481 5837
482 6944
483 6567
484 5282
485 5051
486 5230
487 5303
488 5453
489 5443
490 5336
491 5280
492 5637
493 5062
494 5720
495 6599
496 6003
497 5588
498 5508
499 5953
500 5270
501 6339
502 6505
503 5469
504 5958
505 7214
506 5577
507 5542
508 6183
509 6546
510 6021
511 5293
512 6781
513 5323
514 5287
515 5702
516 5411
517 5344
518 6067
519 5651
520 5503
521 -992946
522 5396
523 5610
524 5350
525 6840
526 5291
527 6674
528 5199
529 6596
530 5423
531 5686
532 5314
533 5310
534 5436
535 5079
536 5375
537 5519
538 5409
539 5833
540 6087
541 5484
542 5291
543 5207
544 5822
545 5740
546 5828
547 5526
548 6718
549 5949
550 5235
551 5913
552 5582
553 5841
554 5170
555 5003
556 5394
557 6083
558 5500
559 5653
560 6177
561 5831
562 6515
563 7117
564 6009
565 6434
566 5900
567 5365
568 5238
569 5813
570 6149
571 5324
572 5555
573 5159
574 6901
575 5378
576 6026
577 5559
578 6644
579 5610
580 5313
581 6006
582 8237
583 5867
584 5415
585 5862
586 5009
587 6324
588 5306
589 5459
590 5836
591 7905
592 5564
593 5454
594 6420
595 4929
596 6216
597 5823
598 5810
599 7139
600 5558
601 5038
602 5331
603 5884
604 6650
605 6176
606 5777
607 6164
608 5666
609 5504
610 5405
611 5598
612 6176
613 6771
614 5786
615 6681
616 6804
617 5993
618 5705
619 5604
620 5283
621 5604
622 5374
623 5942
624 5061
625 5470
626 5468
627 5824
628 6065
629 5444
630 7580
631 5878
632 5777
633 7106
634 5438
635 5298
636 6214
637 6326
638 6217
639 5930
640 5795
641 5344
642 6374
643 5826
644 5027
645 5211
646 6528
647 5666
648 5414
649 5443
650 5386
651 6952
652 5844
653 6440
654 5711
655 5764
656 5238
657 6574
658 5983
659 5259
660 5615
661 6079
662 5539
663 5338
664 5037
665 5324
666 6821
667 5195
668 7114
669 5311
670 5151
671 5937
672 5087
673 5570
674 6088
675 6341
676 5439
677 6233
678 5326
679 5064
680 5944
681 5691
682 5325
683 6332
684 5458
685 6635
686 6837
687 6318
688 5968
689 5272
690 -994665
691 6207
692 6329
693 6121
694 5044
695 6040
696 6371
697 5206
698 7138
699 5146
700 5087
701 6702
702 5650
703 7016
704 5706
705 5330
706 5956
707 5333
708 6207
709 5957
710 5083
711 5345
712 5699
713 5442
714 6831
715 5731
716 5695
717 6291
718 6161
719 5897
720 6579
721 5755
722 5203
723 5190
724 5542
725 5618
726 5268
727 6845
728 5533
729 6106
730 6292
731 5624
732 5615
733 5692
734 6864
735 6268
736 6477
737 6833
738 5872
739 5616
740 5942
741 6112
742 5986
743 5182
744 5268
745 6917
746 6919
747 6394
748 5871
749 5285
750 6127
751 5674
752 5555
753 6140
754 6997
755 6080
756 5488
757 5611
758 5528
759 5600
760 5360
761 5575
762 5752
763 5983
764 5313
765 5102
766 5529
767 5045
768 5722
769 5773
770 5867
771 6244
772 6933
773 7260
774 5839
775 6164
776 5422
777 5491
778 4888
779 5301
780 5660
781 5831
782 5364
783 5486
784 6249
785 5320
786 5951
787 7529
788 5247
789 7252
790 5815
791 6773
792 5427
793 6323
794 4932
795 6010
796 5705
797 7154
798 6005
799 6840
800 6471
801 5902
802 6398
803 6021
804 5472
805 6724
806 6927
807 5103
808 5317
809 5358
810 6002
811 5346
812 6905
813 5902
814 5763
815 5839
816 5660
817 5183
818 5737
819 5268
820 4941
821 5437
822 5191
823 6691
824 5108
825 5194
826 5399
827 5108
828 5906
829 5052
830 5075
831 5677
832 5115
833 5139
834 5065
835 6189
836 5315
837 5563
838 5830
839 4963
840 5522
841 6451
842 5051
843 5313
844 6113
845 5189
846 5144
847 5486
848 5147
849 5328
850 5207
851 5398
852 5065
853 4957
854 6044
855 4961
856 5922
857 5188
858 5111
859 5578
860 -993575
861 5275
862 5064
863 5337
864 5466
865 5811
866 5321
867 6055
868 5142
869 4941
870 5190
871 5440
872 5600
873 5862
874 6429
875 5620
876 5200
877 5918
878 6439
879 5383
880 5432
881 5981
882 5562
883 5701
884 5802
885 5695
886 5635
887 5265
888 5053
889 5399
890 5580
891 5410
892 5563
893 5815
894 5830
895 6568
896 6681
897 5284
898 5626
899 5481
900 6294
901 5407
902 5694
903 5753
904 5799
905 5531
906 5956
907 5393
908 5926
909 5237
910 5576
911 5582
912 5465
913 5335
914 6491
915 5073
916 5919
917 6361
918 5313
919 6247
920 6350
921 5402
922 5364
923 6282
924 5713
925 5209
926 6203
927 5460
928 5715
929 5207
930 5591
931 5086
932 6839
933 5595
934 5699
935 5107
936 5215
937 5823
938 5312
939 5464
940 4940
941 6217
942 5336
943 5092
944 5332
945 4944
946 5088
947 5585
948 4964
949 5462
950 7171
951 6777
952 5818
953 5091
954 5086
955 5489
956 5950
957 5640
958 5311
959 6146
960 4969
961 6470
962 5200
963 5840
964 4964
965 5615
966 5700
967 5195
968 6590
969 5234
970 5710
971 6152
972 5342
973 5000
974 5410
975 5089
976 5246
977 6109
978 5271
979 5351
980 4954
981 5073
982 5344
983 5323
984 5832
985 5873
986 5288
987 7954
988 5842
989 5770
990 5073
991 5786
992 5705
993 5228
994 5063
995 5584
996 5587
997 6087
998 6821
999 5090
1000 5832
1001 5086
1002 5351
1003 5939
1004 5325
1005 6144
1006 5280
1007 5331
1008 5087
1009 5082
1010 5091
1011 5584
1012 6220
1013 6466
1014 5193
1015 5833
1016 5967
1017 5948
1018 5963
1019 5340
1020 5336
1021 6220
1022 5082
1023 6347
1024 5385
1025 6273
1026 5092
1027 6080
1028 5086
1029 6589
1030 5089
1031 5208
1032 5471
1033 5078
1034 4966
1035 6160
1036 5516
1037 -994539
1038 5213
1039 5218
1040 5457
1041 6276
1042 6147
1043 5461
1044 5347
1045 5747
1046 6043
1047 5782
1048 6019
1049 5840
1050 5216
1051 4956
1052 5151
1053 6459
1054 5281
1055 5853
1056 5406
1057 5131
1058 5480
1059 6677
1060 5075
1061 5372
1062 6551
1063 5081
1064 4970
1065 5266
1066 5159
1067 5572
1068 6055
1069 5514
1070 5441
1071 5898
1072 5399
1073 5519
1074 5539
1075 5084
1076 5243
1077 7446
1078 5200
1079 5334
1080 4968
1081 5207
1082 5088
1083 5460
1084 5335
1085 5648
1086 6430
1087 5177
1088 4894
1089 5124
1090 4929
1091 6407
1092 5504
1093 5584
1094 6041
1095 5745
1096 6939
1097 5563
1098 5496
1099 6246
1100 5639
1101 6087
1102 5748
1103 5352
1104 5121
1105 5328
1106 5513
1107 5769
1108 5827
1109 5972
1110 5570
1111 6259
1112 5549
1113 5085
1114 6448
1115 5274
1116 5778
1117 6257
1118 5797
1119 5307
1120 5066
1121 5336
1122 5188
1123 5867
1124 5372
1125 6200
1126 5524
1127 5897
1128 5256
1129 5751
1130 5377
1131 5237
1132 6067
1133 5579
1134 5398
1135 5691
1136 5357
1137 5089
1138 7612
1139 6008
1140 5589
1141 5056
1142 6139
1143 5852
1144 5896
1145 4937
1146 5307
1147 6725
1148 6111
1149 7326
1150 6262
1151 5549
1152 5821
1153 5702
1154 4968
1155 6082
1156 5207
1157 5293
1158 5876
1159 5822
1160 6314
1161 5855
1162 5339
1163 5966
1164 6049
1165 5439
1166 6204
1167 6062
1168 6291
1169 5316
1170 5701
1171 5251
1172 5393
1173 5870
1174 6991
1175 5326
1176 7158
1177 5128
1178 5778
1179 4860
1180 5298
1181 4930
1182 6598
1183 5062
1184 7264
1185 5518
1186 5213
1187 5598
1188 5759
1189 7502
1190 5761
1191 5598
1192 5933
1193 6432
1194 5357
1195 6369
1196 5408
1197 5604
1198 6176
1199 5316
1200 6303
1201 6974
1202 5826
1203 6833
1204 5799
1205 5246
1206 5819
1207 6283
1208 5334
1209 6058
1210 5200
1211 -994065
1212 5404
1213 6739
1214 6640
1215 6453
1216 4968
1217 5850
1218 6327
1219 7279
1220 6091
1221 6161
1222 6136
1223 5735
1224 7012
1225 6070
1226 6759
1227 5329
1228 5518
1229 5929
1230 5537
1231 5568
1232 5813
1233 5392
1234 8574
1235 5726
1236 5932
1237 5537
1238 5608
1239 5202
1240 5433
1241 6527
1242 6518
1243 5305
1244 5269
1245 5680
1246 6181
1247 5555
1248 5062
1249 5453
1250 5824
1251 5306
1252 7771
1253 5734
1254 5355
1255 5618
1256 5240
1257 5412
1258 6313
1259 5454
1260 5580
1261 5250
1262 5703
1263 6217
1264 6421
1265 5217
1266 5084
1267 5092
1268 5714
1269 4945
1270 6261
1271 5867
1272 5636
1273 5870
1274 5185
1275 5513
1276 5900
1277 7205
1278 5464
1279 5436
1280 5317
1281 5808
1282 5369
1283 5337
1284 5103
1285 5438
1286 6278
1287 5268
1288 7662
1289 5474
1290 5864
1291 5752
1292 5399
1293 5785
1294 6509
1295 5679
1296 5510
1297 4952
1298 5404
1299 5836
1300 5794
1301 5701
1302 5562
1303 5421
1304 5564
1305 7065
1306 6467
1307 5539
1308 6047
1309 4797
1310 5816
1311 5177
1312 5052
1313 5744
1314 5338
1315 5452
1316 5106
1317 5532
1318 5647
1319 5775
1320 5345
1321 4957
1322 5451
1323 6699
1324 5810
1325 5607
1326 5169
1327 5613
1328 5486
1329 5105
1330 5922
1331 5489
1332 5143
1333 5207
1334 5277
1335 5383
1336 5880
1337 5487
1338 6358
1339 5988
1340 5861
1341 6601
1342 6131
1343 5703
1344 5175
1345 5531
1346 5149
1347 8943
1348 7287
1349 5346
1350 5711
1351 5890
1352 6854
1353 5602
1354 5561
1355 5091
1356 5588
1357 5366
1358 7060
1359 5462
1360 5263
1361 5081
1362 5674
1363 5531
1364 5343
1365 5895
1366 5237
1367 5886
1368 5407
1369 5820
1370 5435
1371 5318
1372 5207
1373 5748
1374 5398
1375 5460
1376 6453
1377 5452
1378 5680
1379 5183
1380 5839
1381 5045
1382 -994893
1383 5319
1384 5453
1385 5842
1386 5063
1387 5604
1388 4923
1389 5451
1390 5446
1391 5469
1392 5810
1393 5686
1394 5859
1395 7172
1396 5519
1397 5502
1398 5325
1399 5732
1400 5408
1401 5711
1402 5341
1403 5322
1404 6096
1405 5665
1406 5386
1407 5528
1408 5559
1409 5390
1410 5288
1411 5317
1412 5998
1413 6655
1414 5055
1415 5325
1416 5210
1417 6138
1418 5266
1419 5209
1420 5486
1421 4924
1422 5590
1423 5471
1424 5444
1425 5316
1426 5332
1427 5895
1428 5522
1429 5070
1430 5208
1431 6713
1432 5975
1433 6067
1434 5486
1435 6278
1436 5095
1437 5305
1438 4955
1439 5251
1440 5150
1441 5571
1442 5065
1443 5472
1444 5582
1445 5379
1446 5415
1447 5761
1448 5340
1449 6280
1450 5884
1451 5858
1452 5727
1453 5160
1454 5060
1455 5116
1456 6104
1457 6039
1458 6062
1459 6072
1460 5135
1461 5190
1462 5744
1463 5643
1464 5507
1465 5899
1466 5326
1467 5283
1468 6648
1469 5925
1470 5704
1471 4960
1472 6141
1473 5673
1474 5063
1475 6079
1476 5427
1477 5048
1478 4939
1479 5557
1480 5553
1481 5562
1482 5443
1483 5062
1484 5594
1485 5290
1486 6693
1487 5064
1488 5059
1489 5761
1490 5247
1491 5317
1492 5314
1493 5437
1494 6067
1495 5325
1496 5738
1497 6449
1498 5244
1499 5815
1500 5067
1501 5443
1502 5631
1503 5565
1504 7704
1505 5230
1506 5442
1507 5065
1508 5062
1509 5495
1510 6520
1511 5678
1512 5939
1513 6055
1514 5515
1515 5251
1516 5288
1517 6213
1518 5655
1519 6136
1520 5485
1521 5124
1522 6714
1523 6202
1524 5505
1525 5507
1526 5687
1527 5169
1528 5935
1529 5558
1530 5114
1531 5971
1532 5511
1533 5447
1534 4943
1535 5320
1536 5570
1537 5770
1538 5545
1539 5674
1540 6341
1541 5696
1542 5866
1543 5782
1544 5079
1545 4816
1546 5947
1547 5717
1548 5185
1549 5834
1550 5239
1551 5186
1552 5352
1553 5810
1554 5580
1555 5583
1556 5396
1557 5792
1558 6934
1559 5196
1560 -994916
1561 6357
1562 5174
1563 5489
1564 5558
1565 5234
1566 5673
1567 5323
1568 5102
1569 5422
1570 5640
1571 5409
1572 5929
1573 5229
1574 5561
1575 5203
1576 7447
1577 5201
1578 5958
1579 6213
1580 5076
1581 5334
1582 5206
1583 5333
1584 4955
1585 5329
1586 5211
1587 5331
1588 5455
1589 5712
1590 5325
1591 5335
1592 5328
1593 5626
1594 5282
1595 6841
1596 5571
1597 5282
1598 5538
1599 6052
1600 5196
1601 6106
1602 5682
1603 5447
1604 5746
1605 5434
1606 5177
1607 5072
1608 4979
1609 4944
1610 5578
1611 5193
1612 5705
1613 7573
1614 5077
1615 5065
1616 5335
1617 5457
1618 5444
1619 4954
1620 5303
1621 5860
1622 5750
1623 5522
1624 5312
1625 5158
1626 5822
1627 7018
1628 5580
1629 5740
1630 5547
1631 6251
1632 5311
1633 5780
1634 4892
1635 5169
1636 5037
1637 5303
1638 5800
1639 5379
1640 6389
1641 5287
1642 5437
1643 5202
1644 5960
1645 5153
1646 7032
1647 5078
1648 6139
1649 7375
1650 6163
1651 5945
1652 6979
1653 6058
1654 5358
1655 5482
1656 5509
1657 5427
1658 5572
1659 5840
1660 5120
1661 5259
1662 5444
1663 5845
1664 5083
1665 5729
1666 5849
1667 7861
1668 5376
1669 4961
1670 5945
1671 5084
1672 5333
1673 5085
1674 5726
1675 5054
1676 5121
1677 6450
1678 5789
1679 5634
1680 5900
1681 5702
1682 5382
1683 6347
1684 6149
1685 5945
1686 6274
1687 5271
1688 5594
1689 5207
1690 5687
1691 5463
1692 5561
1693 5336
1694 5332
1695 5320
1696 5216
1697 5078
1698 5080
1699 5364
1700 5303
1701 5447
1702 6010
1703 6385
1704 5721
1705 5319
1706 5698
1707 5963
1708 5589
1709 5435
1710 5476
1711 6222
1712 5049
1713 5338
1714 5084
1715 5481
1716 5303
1717 5223
1718 6245
1719 5136
1720 5585
1721 5074
1722 6595
1723 5074
1724 5373
1725 4919
1726 5572
1727 6353
1728 5296
1729 5886
1730 5416
1731 5318
1732 5467
1733 5076
1734 5709
1735 5571
1736 5862
1737 -994292
1738 5298
1739 5333
1740 5837
1741 5583
1742 5214
1743 5084
1744 4959
1745 5463
1746 5083
1747 5460
1748 5348
1749 6070
1750 5436
1751 5068
1752 5968
1753 5720
1754 5042
1755 5643
1756 5727
1757 5213
1758 7977
1759 5316
1760 5314
1761 5112
1762 5283
1763 5806
1764 5819
1765 6571
1766 5801
1767 5098
1768 5855
1769 5170
1770 5345
1771 5333
1772 5199
1773 5189
1774 4960
1775 5210
1776 5703
1777 6088
1778 5083
1779 5339
1780 5584
1781 5255
1782 5795
1783 5419
1784 5135
1785 6078
1786 5095
1787 5953
1788 6883
1789 5413
1790 5342
1791 5202
1792 6855
1793 5795
1794 5348
1795 6152
1796 5455
1797 6090
1798 5725
1799 5322
1800 5717
1801 6374
1802 5669
1803 5708
1804 5336
1805 5078
1806 6088
1807 5389
1808 5953
1809 6170
1810 6004
1811 6042
1812 5070
1813 6646
1814 5285
1815 5876
1816 5430
1817 5292
1818 5773
1819 4913
1820 5218
1821 5479
1822 5040
1823 5222
1824 5072
1825 5097
1826 5306
1827 5581
1828 5698
1829 5095
1830 6125
1831 7044
1832 5449
1833 5373
1834 5888
1835 6069
1836 5668
1837 6230
1838 6112
1839 5150
1840 5462
1841 5602
1842 6207
1843 5259
1844 5141
1845 5459
1846 5715
1847 5089
1848 5083
1849 7031
1850 5275
1851 5688
1852 5002
1853 5173
1854 5340
1855 5705
1856 5079
1857 5462
1858 6638
1859 5515
1860 5214
1861 5336
1862 5457
1863 4958
1864 5217
1865 6196
1866 5587
1867 7180
1868 5870
1869 5591
1870 5067
1871 4963
1872 6626
1873 5677
1874 6075
1875 5216
1876 5842
1877 5575
1878 5884
1879 5778
1880 5633
1881 5039
1882 5374
1883 5667
1884 5185
1885 7469
1886 5087
1887 5818
1888 5588
1889 5710
1890 5869
1891 6509
1892 6595
1893 5395
1894 5347
1895 5823
1896 5089
1897 5527
1898 5648
1899 5341
1900 5479
1901 5465
1902 5460
1903 6736
1904 5882
1905 5271
1906 5342
1907 5489
1908 5675
1909 5422
1910 5239
1911 5020
1912 5285
1913 5987
1914 -993359
1915 5477
1916 5932
1917 5781
1918 5370
1919 5462
1920 5065
1921 7054
1922 5236
1923 5078
1924 6606
1925 5030
1926 5948
1927 5587
1928 5770
1929 5581
1930 4985
1931 5551
1932 5708
1933 5588
1934 5841
1935 5626
1936 5172
1937 5212
1938 5074
1939 6333
1940 6029
1941 5269
1942 4962
1943 5222
1944 6259
1945 5334
1946 5272
1947 4963
1948 5503
1949 5409
1950 5371
1951 5172
1952 4967
1953 5653
1954 5241
1955 5084
1956 5379
1957 5273
1958 6387
1959 5849
1960 5150
1961 4900
1962 5097
1963 5099
1964 5693
1965 4944
1966 5957
1967 5861
1968 5961
1969 5075
1970 5465
1971 5559
1972 5100
1973 5069
1974 5263
1975 5404
1976 5071
1977 6389
1978 5421
1979 5229
1980 4928
1981 6000
1982 5542
1983 5449
1984 6090
1985 5089
1986 5080
1987 5338
1988 5075
1989 5091
1990 6612
1991 5299
1992 5762
1993 6221
1994 5635
1995 6739
1996 5088
1997 5360
1998 6001
1999 4978
2000 5308
2001 5596
2002 5351
2003 5939
2004 5948
2005 5219
2006 5076
2007 5335
2008 5700
2009 5091
2010 5086
2011 5426
2012 6353
2013 4981
2014 6103
2015 5357
2016 5329
2017 5080
2018 5466
2019 5823
2020 6203
2021 5200
2022 5325
2023 5665
2024 6411
2025 5478
2026 6086
2027 5052
2028 6080
2029 5353
2030 5560
2031 4960
2032 6722
2033 5201
2034 5496
2035 6688
2036 5415
2037 6631
2038 5237
2039 5317
2040 6069
2041 5109
2042 5948
2043 5207
2044 5227
2045 4962
2046 6197
2047 5516
2048 4844
2049 5068
2050 6342
2051 5338
2052 4959
2053 5201
2054 4973
2055 5053
2056 6332
2057 5710
2058 4949
2059 5487
2060 5425
2061 5596
2062 5423
2063 5937
2064 5160
2065 5966
2066 5589
2067 5184
2068 6550
2069 6546
2070 5131
2071 5835
2072 5245
2073 5479
2074 5130
2075 5754
2076 5559
2077 5825
2078 5450
2079 5215
2080 5076
2081 4964
2082 4948
2083 5086
2084 7090
2085 6518
2086 7414
2087 5843
2088 5312
2089 5074
2090 5713
2091 5082
2092 5216
2093 -993036
2094 5324
2095 5967
2096 5139
2097 6666
2098 6063
2099 5321
2100 5349
2101 5060
2102 5363
2103 5207
2104 6583
2105 9308
2106 5572
2107 6153
2108 5520
2109 5146
2110 5944
2111 6434
2112 5331
2113 6309
2114 6192
2115 5720
2116 5075
2117 5198
2118 5085
2119 6110
2120 5683
2121 6662
2122 5494
2123 5752
2124 5569
2125 5307
2126 5460
2127 4943
2128 5589
2129 6390
2130 5298
2131 5301
2132 5645
2133 5038
2134 6615
2135 5398
2136 5093
2137 5324
2138 5713
2139 6091
2140 6608
2141 5049
2142 5891
2143 5399
2144 5571
2145 6106
2146 5809
2147 5615
2148 5331
2149 6120
2150 6145
2151 5110
2152 5863
2153 5889
2154 5251
2155 5461
2156 6467
2157 7398
2158 5206
2159 5071
2160 5259
2161 5540
2162 5074
2163 5352
2164 5692
2165 5078
2166 4956
2167 5596
2168 6341
2169 5700
2170 5982
2171 5779
2172 5077
2173 5962
2174 5714
2175 6353
2176 5174
2177 5984
2178 5302
2179 4960
2180 5090
2181 5219
2182 5068
2183 5353
2184 6764
2185 5505
2186 6024
2187 5142
2188 5709
2189 5086
2190 5084
2191 5838
2192 5242
2193 6372
2194 6256
2195 5335
2196 5085
2197 5219
2198 5330
2199 5070
2200 5961
2201 5330
2202 5347
2203 6263
2204 5470
2205 5750
2206 5957
2207 6331
2208 5337
2209 5083
2210 5229
2211 5847
2212 6070
2213 5701
2214 5987
2215 5558
2216 5089
2217 5953
2218 5114
2219 5972
2220 5140
2221 5090
2222 5078
2223 6463
2224 5340
2225 5077
2226 5299
2227 5775
2228 5114
2229 5557
2230 8074
2231 6086
2232 5194
2233 5337
2234 5832
2235 5995
2236 6436
2237 5894
2238 6072
2239 5410
2240 6633
2241 5656
2242 5825
2243 5331
2244 5740
2245 5552
2246 6330
2247 6664
2248 5380
2249 5524
2250 5388
2251 5084
2252 6719
2253 5077
2254 5121
2255 5302
2256 5083
2257 5091
2258 5326
2259 5085
2260 5777
2261 5024
2262 5865
2263 5051
2264 5123
2265 4815
2266 5963
2267 6465
2268 5221
2269 -994352
2270 5902
2271 5767
2272 5766
2273 5066
2274 5578
2275 5104
2276 5470
2277 5820
2278 5717
2279 5315
2280 5001
2281 5787
2282 5486
2283 5320
2284 5323
2285 6471
2286 5086
2287 5320
2288 6360
2289 6005
2290 5148
2291 5529
2292 6149
2293 5338
2294 5651
2295 5143
2296 5595
2297 6083
2298 5458
2299 5374
2300 5930
2301 5083
2302 5839
2303 6068
2304 4961
2305 5714
2306 5338
2307 6214
2308 5600
2309 5070
2310 4962
2311 5234
2312 5066
2313 5093
2314 5207
2315 5338
2316 4963
2317 5100
2318 5828
2319 5315
2320 6080
2321 6833
2322 5714
2323 6963
2324 5214
2325 5500
2326 5948
2327 5450
2328 5336
2329 6357
2330 6089
2331 5711
2332 5442
2333 5089
2334 4962
2335 6160
2336 5418
2337 5944
2338 5441
2339 6212
2340 5713
2341 5589
2342 5738
2343 6633
2344 5890
2345 5075
2346 4963
2347 5213
2348 5087
2349 5093
2350 5459
2351 5713
2352 5088
2353 5652
2354 5269
2355 5588
2356 5213
2357 5091
2358 5961
2359 5089
2360 5084
2361 5336
2362 4973
2363 5081
2364 5327
2365 5212
2366 5086
2367 5092
2368 5084
2369 5337
2370 6089
2371 7398
2372 5029
2373 5579
2374 5896
2375 5404
2376 6845
2377 5210
2378 5715
2379 5086
2380 5347
2381 5075
2382 5091
2383 5084
2384 5337
2385 5275
2386 6166
2387 6436
2388 5114
2389 5356
2390 5161
2391 5460
2392 5359
2393 5194
2394 4964
2395 5974
2396 5072
2397 5094
2398 5483
2399 5958
2400 6066
2401 5710
2402 5213
2403 5088
2404 5089
2405 5085
2406 5717
2407 4961
2408 5271
2409 5278
2410 5607
2411 5693
2412 5328
2413 5101
2414 6509
2415 5264
2416 5767
2417 5403
2418 5077
2419 5100
2420 5451
2421 5080
2422 4964
2423 5630
2424 5673
2425 4949
2426 5124
2427 5557
2428 5448
2429 4973
2430 5579
2431 5323
2432 5267
2433 6287
2434 4976
2435 5079
2436 5440
2437 5082
2438 6097
2439 5700
2440 5588
2441 5096
2442 5201
2443 5463
2444 4964
2445 4962
2446 5099
2447 4970
2448 5067
2449 6331
2450 -994667
2451 5083
2452 6205
2453 5339
2454 5723
2455 5068
2456 5957
2457 5494
2458 5050
2459 5075
2460 5841
2461 5078
2462 5223
2463 6227
2464 5055
2465 5583
2466 5587
2467 5086
2468 4963
2469 5213
2470 6335
2471 5461
2472 5828
2473 6340
2474 5461
2475 5691
2476 5084
2477 5086
2478 5468
2479 5800
2480 5359
2481 5019
2482 5092
2483 5459
2484 5704
2485 5463
2486 4985
2487 5322
2488 5090
2489 6832
2490 5327
2491 5086
2492 6190
2493 5375
2494 5129
2495 5393
2496 6053
2497 5663
2498 5057
2499 5982
2500 5283
2501 5785
2502 5531
2503 5347
2504 5322
2505 6216
2506 6642
2507 8089
2508 5407
2509 5105
2510 5803
2511 5862
2512 6465
2513 5077
2514 5095
2515 5699
2516 5135
2517 5685
2518 5824
2519 5330
2520 5206
2521 5079
2522 5094
2523 5270
2524 5656
2525 6994
2526 5422
2527 5083
2528 4958
2529 5371
2530 6488
2531 5198
2532 5324
2533 5052
2534 5093
2535 5258
2536 5896
2537 5797
2538 5377
2539 5098
2540 6692
2541 5238
2542 5185
2543 6314
2544 5239
2545 5331
2546 5090
2547 5078
2548 5609
2549 5060
2550 5717
2551 4953
2552 5841
2553 4961
2554 6088
2555 5485
2556 5184
2557 6090
2558 5201
2559 6011
2560 5040
2561 5341
2562 6085
2563 5329
2564 6021
2565 5272
2566 5044
2567 5026
2568 5328
2569 5079
2570 5342
2571 6192
2572 6122
2573 5687
2574 5333
2575 5210
2576 5582
2577 5459
2578 5362
2579 5739
2580 6730
2581 5645
2582 5321
2583 5318
2584 5384
2585 5294
2586 5824
2587 5838
2588 5841
2589 6092
2590 5193
2591 5217
2592 5340
2593 6513
2594 5148
2595 4966
2596 5446
2597 5588
2598 5341
2599 6078
2600 5460
2601 5022
2602 5276
2603 5336
2604 5713
2605 5270
2606 5406
2607 6214
2608 5585
2609 5714
2610 5338
2611 4961
2612 5715
2613 4960
2614 5394
2615 5825
2616 5415
2617 6960
2618 5089
2619 6089
2620 4965
2621 5335
2622 6089
2623 5462
2624 5211
2625 5714
2626 5211
2627 5098
2628 5453
2629 4957
2630 -994905
2631 5169
2632 5371
2633 5506
2634 5702
2635 5726
2636 7143
2637 5215
2638 5125
2639 5541
2640 5333
2641 5477
2642 5186
2643 5085
2644 7072
2645 6148
2646 5401
2647 5588
2648 5236
2649 5433
2650 5742
2651 5917
2652 5838
2653 8033
2654 5264
2655 5711
2656 5725
2657 5845
2658 5692
2659 5341
2660 5103
2661 5777
2662 5396
2663 5340
2664 5588
2665 5087
2666 5587
2667 5346
2668 5528
2669 5642
2670 5006
2671 5534
2672 7465
2673 4953
2674 5093
2675 5265
2676 7534
2677 5707
2678 5715
2679 5459
2680 5712
2681 5206
2682 5064
2683 5231
2684 5204
2685 5909
2686 5511
2687 6157
2688 6016
2689 5340
2690 7029
2691 5896
2692 5590
2693 5712
2694 4964
2695 5087
2696 5089
2697 5462
2698 5090
2699 5090
2700 4958
2701 4962
2702 5461
2703 4971
2704 5580
2705 5107
2706 6438
2707 5208
2708 7828
2709 5770
2710 5410
2711 4953
2712 4980
2713 4958
2714 5459
2715 5942
2716 6323
2717 5224
2718 5089
2719 5602
2720 5060
2721 5842
2722 4974
2723 5812
2724 5992
2725 5924
2726 6858
2727 6188
2728 6516
2729 6534
2730 5463
2731 5198
2732 6285
2733 5269
2734 5491
2735 5301
2736 5086
2737 5703
2738 5584
2739 5498
2740 5292
2741 5676
2742 5547
2743 5029
2744 7315
2745 5161
2746 5410
2747 5788
2748 5676
2749 5085
2750 5578
2751 4952
2752 5119
2753 5683
2754 4947
2755 5463
2756 4977
2757 5076
2758 5094
2759 5711
2760 5577
2761 4995
2762 7376
2763 7450
2764 6551
2765 5804
2766 4972
2767 5076
2768 5100
2769 5346
2770 6058
2771 6128
2772 5351
2773 5405
2774 5625
2775 5790
2776 5375
2777 5171
2778 5354
2779 5684
2780 5242
2781 6458
2782 5683
2783 5582
2784 5245
2785 5405
2786 5083
2787 5373
2788 6591
2789 5791
2790 5092
2791 5242
2792 5548
2793 5214
2794 5328
2795 5878
2796 5656
2797 5955
2798 4953
2799 6222
2800 5325
2801 5219
2802 5477
2803 5671
2804 5511
2805 5715
2806 5781
2807 -995025
2808 6445
2809 5204
2810 5581
2811 6009
2812 5281
2813 5898
2814 5645
2815 5578
2816 5082
2817 6759
2818 5352
2819 5388
2820 6507
2821 5783
2822 5704
2823 5338
2824 5341
2825 5325
2826 5209
2827 5222
2828 5321
2829 4969
2830 5097
2831 4936
2832 5089
2833 5491
2834 5425
2835 5334
2836 6331
2837 5640
2838 5170
2839 6974
2840 5163
2841 5353
2842 5068
2843 5333
2844 5238
2845 5991
2846 5757
2847 5512
2848 5148
2849 4969
2850 4957
2851 4948
2852 4962
2853 5584
2854 6963
2855 5211
2856 4951
2857 5738
2858 5085
2859 6895
2860 6040
2861 5434
2862 5207
2863 5700
2864 5693
2865 5873
2866 5578
2867 6133
2868 5280
2869 5582
2870 5840
2871 5575
2872 6082
2873 5605
2874 5410
2875 4885
2876 5084
2877 5856
2878 5736
2879 5401
2880 5270
2881 6020
2882 5472
2883 6192
2884 5697
2885 5346
2886 5320
2887 8592
2888 5586
2889 5086
2890 8118
2891 5557
2892 5583
2893 5835
2894 6463
2895 4963
2896 5717
2897 5086
2898 5596
2899 5959
2900 6826
2901 5333
2902 5725
2903 5403
2904 5412
2905 5070
2906 5229
2907 5813
2908 6445
2909 5357
2910 5356
2911 5434
2912 5656
2913 6006
2914 4969
2915 5215
2916 5719
2917 5315
2918 6740
2919 6335
2920 5160
2921 5575
2922 5740
2923 5072
2924 5193
2925 5220
2926 6961
2927 5455
2928 5840
2929 6468
2930 5451
2931 6456
2932 6579
2933 6466
2934 5646
2935 6327
2936 6031
2937 5576
2938 5582
2939 5463
2940 6083
2941 5602
2942 5086
2943 6454
2944 5518
2945 5396
2946 5108
2947 5554
2948 5607
2949 5459
2950 5700
2951 5074
2952 5988
2953 5833
2954 4936
2955 5650
2956 5811
2957 5310
2958 6006
2959 5403
2960 6108
2961 5948
2962 5700
2963 5987
2964 5720
2965 5667
2966 5218
2967 5580
2968 5325
2969 5457
2970 4951
2971 5035
2972 5269
2973 5975
2974 5715
2975 5073
2976 5382
2977 5188
2978 6376
2979 5400
2980 6217
2981 5013
2982 5406
2983 4943
2984 -994855
2985 5538
2986 5825
2987 5976
2988 5214
2989 6590
2990 5056
2991 5583
2992 5718
2993 5324
2994 5356
2995 5318
2996 5457
2997 5584
2998 6208
2999 5243
3000 5279
3001 5014
3002 5715
3003 5599
3004 6332
3005 5400
3006 5085
3007 5840
3008 5469
3009 6132
3010 5282
3011 4975
3012 5265
3013 5525
3014 5591
3015 5949
3016 6466
3017 5457
3018 5214
3019 5457
3020 5969
3021 5331
3022 5845
3023 5688
3024 5336
3025 4965
3026 5046
3027 5014
3028 5107
3029 5566
3030 5208
3031 5375
3032 5798
3033 6239
3034 5545
3035 6094
3036 5202
3037 5092
3038 5353
3039 5068
3040 5864
3041 6336
3042 5433
3043 7021
3044 5776
3045 5651
3046 5009
3047 5903
3048 5560
3049 5823
3050 6182
3051 5469
3052 5465
3053 7065
3054 5081
3055 5079
3056 5476
3057 5312
3058 5466
3059 5582
3060 5598
3061 6060
3062 5337
3063 5961
3064 5766
3065 5286
3066 5687
3067 5203
3068 5330
3069 5213
3070 5703
3071 7159
3072 5030
3073 5597
3074 5568
3075 5339
3076 5578
3077 5075
3078 4976
3079 5948
3080 5338
3081 5448
3082 5483
3083 5572
3084 5082
3085 5112
3086 5303
3087 5083
3088 5070
3089 5087
3090 7280
3091 5521
3092 5343
3093 5073
3094 5566
3095 5491
3096 5079
3097 5092
3098 5468
3099 5072
3100 5331
3101 5215
3102 5085
3103 5597
3104 4952
3105 6147
3106 5412
3107 5699
3108 6490
3109 5433
3110 5347
3111 5112
3112 5425
3113 5741
3114 5871
3115 5901
3116 5112
3117 5190
3118 5085
3119 5358
3120 5067
3121 5523
3122 5314
3123 5069
3124 6125
3125 6428
3126 5426
3127 7016
3128 5395
3129 5141
3130 5139
3131 5411
3132 5093
3133 5710
3134 5082
3135 5453
3136 4969
3137 5974
3138 5314
3139 5436
3140 5432
3141 5282
3142 5516
3143 4970
3144 5496
3145 6725
3146 5196
3147 6148
3148 5405
3149 5583
3150 5082
3151 5332
3152 5217
3153 5090
3154 5701
3155 5086
3156 5231
3157 5733
3158 5931
3159 5332
3160 5075
3161 5345
3162 5582
3163 5466
3164 -993191
3165 4982
3166 5471
3167 5288
3168 5430
3169 5578
3170 4960
3171 5340
3172 5339
3173 5332
3174 7404
3175 5645
3176 5094
3177 5617
3178 5293
3179 5964
3180 5084
3181 5839
3182 6595
3183 5077
3184 4966
3185 5341
3186 5200
3187 5456
3188 5712
3189 5986
3190 5662
3191 5085
3192 5585
3193 6526
3194 4979
3195 5539
3196 5896
3197 5250
3198 5213
3199 5227
3200 5988
3201 6654
3202 4949
3203 5353
3204 5336
3205 5076
3206 5217
3207 5967
3208 5461
3209 5076
3210 5224
3211 5326
3212 5367
3213 5496
3214 5266
3215 4957
3216 6272
3217 5457
3218 6457
3219 6293
3220 5067
3221 4966
3222 5211
3223 4952
3224 5101
3225 5565
3226 5343
3227 5091
3228 5384
3229 5780
3230 5333
3231 4952
3232 5101
3233 4962
3234 5509
3235 5199
3236 5654
3237 5755
3238 6548
3239 5206
3240 6084
3241 6096
3242 4948
3243 5879
3244 5440
3245 5748
3246 5646
3247 5089
3248 5058
3249 5645
3250 5448
3251 6154
3252 5278
3253 5437
3254 5363
3255 5327
3256 6468
3257 5725
3258 5193
3259 5081
3260 5407
3261 5407
3262 5081
3263 5331
3264 5326
3265 5113
3266 5308
3267 5104
3268 5437
3269 5463
3270 5735
3271 5438
3272 4976
3273 4953
3274 5778
3275 6395
3276 5470
3277 5077
3278 5089
3279 5338
3280 5089
3281 5213
3282 5088
3283 5342
3284 5084
3285 4963
3286 6526
3287 5146
3288 4968
3289 6143
3290 5276
3291 5484
3292 5437
3293 5090
3294 6592
3295 5455
3296 5344
3297 5082
3298 5352
3299 5608
3300 6078
3301 5049
3302 4961
3303 5340
3304 6465
3305 5709
3306 5461
3307 5096
3308 5578
3309 6095
3310 5143
3311 6095
3312 6626
3313 6413
3314 6406
3315 5336
3316 5988
3317 5224
3318 4929
3319 5961
3320 5093
3321 5211
3322 5088
3323 5542
3324 5259
3325 5089
3326 5496
3327 5304
3328 5229
3329 5572
3330 5839
3331 6830
3332 5082
3333 6135
3334 5283
3335 5455
3336 5092
3337 5834
3338 5584
3339 5736
3340 5930
3341 5345
3342 5648
3343 5277
3344 -994297
3345 5339
3346 5845
3347 5951
3348 6033
3349 6012
3350 5719
3351 5268
3352 5397
3353 5583
3354 5092
3355 5334
3356 5089
3357 6025
3358 5276
3359 5588
3360 5579
3361 4971
3362 5452
3363 5098
3364 5338
3365 5077
3366 5644
3367 6520
3368 5597
3369 5563
3370 5493
3371 5165
3372 5331
3373 6084
3374 5461
3375 5212
3376 5238
3377 5478
3378 5143
3379 5229
3380 5430
3381 5421
3382 5720
3383 5686
3384 5367
3385 5754
3386 6415
3387 4954
3388 5200
3389 5599
3390 5135
3391 5650
3392 5083
3393 5705
3394 6900
3395 5019
3396 4985
3397 5305
3398 5948
3399 5862
3400 5578
3401 5693
3402 5842
3403 5568
3404 5878
3405 5341
3406 5255
3407 6030
3408 5968
3409 5698
3410 5089
3411 5080
3412 5201
3413 5370
3414 5059
3415 5078
3416 5585
3417 5138
3418 5101
3419 5774
3420 5332
3421 5584
3422 5338
3423 6373
3424 5286
3425 5336
3426 5351
3427 5696
3428 5358
3429 5507
3430 5771
3431 5527
3432 5145
3433 5092
3434 5089
3435 4958
3436 5518
3437 5278
3438 5371
3439 5872
3440 5512
3441 6581
3442 5481
3443 5177
3444 5588
3445 5330
3446 4965
3447 4961
3448 6155
3449 5268
3450 5087
3451 5265
3452 5730
3453 5270
3454 5590
3455 5347
3456 5509
3457 5653
3458 5083
3459 5091
3460 6859
3461 5947
3462 5078
3463 4963
3464 5505
3465 5174
3466 5732
3467 5553
3468 5710
3469 5960
3470 5496
3471 5641
3472 5743
3473 5585
3474 6408
3475 6422
3476 6486
3477 5260
3478 5844
3479 5075
3480 5340
3481 5088
3482 5078
3483 5107
3484 5698
3485 5080
3486 6142
3487 5659
3488 5575
3489 5751
3490 6180
3491 5210
3492 5589
3493 5445
3494 5337
3495 5094
3496 6547
3497 5368
3498 5201
3499 5089
3500 5086
3501 4992
3502 6937
3503 5080
3504 5085
3505 6101
3506 5381
3507 5398
3508 5461
3509 5341
3510 5842
3511 5711
3512 5234
3513 5687
3514 5088
3515 6466
3516 5157
3517 6018
3518 5835
3519 4969
3520 5078
3521 5454
3522 5333
3523 6091
3524 -994664
3525 5084
3526 5075
3527 4973
3528 4960
3529 5337
3530 5516
3531 5274
3532 5463
3533 5092
3534 6708
3535 5118
3536 5058
3537 4962
3538 4963
3539 5092
3540 5084
3541 5356
3542 5450
3543 5334
3544 4963
3545 5088
3546 5091
3547 5604
3548 5316
3549 5214
3550 4988
3551 5286
3552 5335
3553 6051
3554 5417
3555 5812
3556 5517
3557 5179
3558 5302
3559 5618
3560 5352
3561 5540
3562 5342
3563 5242
3564 5043
3565 5083
3566 5455
3567 5090
3568 5337
3569 5337
3570 5587
3571 4966
3572 6461
3573 4967
3574 4964
3575 5136
3576 5164
3577 5236
3578 6441
3579 5089
3580 5714
3581 5333
3582 5091
3583 6150
3584 5272
3585 5466
3586 5275
3587 5672
3588 5443
3589 5469
3590 5334
3591 5960
3592 5337
3593 5321
3594 5106
3595 5091
3596 5336
3597 4962
3598 5091
3599 5339
3600 5083
3601 5914
3602 5637
3603 5084
3604 4962
3605 5593
3606 5712
3607 5663
3608 5387
3609 6931
3610 5242
3611 5393
3612 5409
3613 5704
3614 5338
3615 5087
3616 5087
3617 5986
3618 5192
3619 5218
3620 4954
3621 5109
3622 5439
3623 5347
3624 5140
3625 5404
3626 4841
3627 5212
3628 6505
3629 5447
3630 5075
3631 5343
3632 5954
3633 5344
3634 5079
3635 5214
3636 5333
3637 5214
3638 5459
3639 5056
3640 5266
3641 5209
3642 5105
3643 5189
3644 5087
3645 5089
3646 5981
3647 6449
3648 5703
3649 5580
3650 5095
3651 5331
3652 5337
3653 5336
3654 4962
3655 5582
3656 5847
3657 5600
3658 5199
3659 4980
3660 5316
3661 5459
3662 5079
3663 5734
3664 5316
3665 5843
3666 6952
3667 5090
3668 5955
3669 5780
3670 5276
3671 5079
3672 5094
3673 5457
3674 5715
3675 5740
3676 5864
3677 5269
3678 5713
3679 5867
3680 5309
3681 5088
3682 5195
3683 5486
3684 6188
3685 5591
3686 5330
3687 5094
3688 5455
3689 5343
3690 5081
3691 5220
3692 5206
3693 5081
3694 4964
3695 5599
3696 5068
3697 4958
3698 5388
3699 5278
3700 5332
3701 5137
3702 5404
3703 6854
3704 5321
3705 5447
3706 5095
3707 5339
3708 -994425
3709 6657
3710 5272
3711 5462
3712 5339
3713 5444
3714 4963
3715 5463
3716 5463
3717 5092
3718 4962
3719 5339
3720 5091
3721 5142
3722 7056
3723 5310
3724 5088
3725 5340
3726 5712
3727 5091
3728 5650
3729 6030
3730 5217
3731 4823
3732 5334
3733 4966
3734 5336
3735 5340
3736 5460
3737 5524
3738 5530
3739 5350
3740 5083
3741 6330
3742 5902
3743 5273
3744 5587
3745 5460
3746 5979
3747 5319
3748 5347
3749 5046
3750 5371
3751 5083
3752 5722
3753 5195
3754 4958
3755 5667
3756 5267
3757 5320
3758 5603
3759 5059
3760 5957
3761 4987
3762 5869
3763 5958
3764 5272
3765 5450
3766 5338
3767 5717
3768 5196
3769 5092
3770 5270
3771 5404
3772 4954
3773 5401
3774 5272
3775 4965
3776 5086
3777 5717
3778 6557
3779 6680
3780 6042
3781 5566
3782 5085
3783 4963
3784 5227
3785 5079
3786 5701
3787 5275
3788 5274
3789 4982
3790 5710
3791 5448
3792 6635
3793 5795
3794 4957
3795 5348
3796 5451
3797 6343
3798 5333
3799 5341
3800 5339
3801 5662
3802 5267
3803 5728
3804 5179
3805 4960
3806 5085
3807 4962
3808 5587
3809 4966
3810 5516
3811 5719
3812 5522
3813 5339
3814 5764
3815 6803
3816 5342
3817 5193
3818 5328
3819 5754
3820 5405
3821 4971
3822 5427
3823 5016
3824 5956
3825 5813
3826 5158
3827 5288
3828 4951
3829 5089
3830 5086
3831 5348
3832 5075
3833 6263
3834 6293
3835 5085
3836 5589
3837 5524
3838 5406
3839 5591
3840 5080
3841 5339
3842 5210
3843 4964
3844 5379
3845 5298
3846 5090
3847 6088
3848 5464
3849 5875
3850 5545
3851 5335
3852 5653
3853 7149
3854 5458
3855 6275
3856 5586
3857 5973
3858 5394
3859 5711
3860 5336
3861 5089
3862 5463
3863 5091
3864 5336
3865 5339
3866 5087
3867 5419
3868 5381
3869 5718
3870 5713
3871 6710
3872 6657
3873 5332
3874 5653
3875 5719
3876 4955
3877 5088
3878 5965
3879 4962
3880 5086
3881 5214
3882 5109
3883 5506
3884 5671
3885 5246
3886 5816
3887 5681
3888 5216
3889 6335
3890 -994787
3891 5838
3892 5090
3893 5093
3894 5206
3895 5461
3896 4964
3897 5721
3898 5091
3899 5086
3900 5315
3901 5843
3902 5632
3903 5461
3904 5274
3905 5572
3906 5833
3907 4999
3908 7475
3909 5308
3910 6861
3911 5559
3912 4960
3913 5783
3914 7392
3915 5578
3916 5038
3917 5354
3918 5759
3919 5592
3920 4803
3921 5217
3922 5375
3923 5765
3924 5473
3925 6095
3926 5944
3927 5655
3928 5599
3929 5093
3930 5139
3931 5897
3932 5879
3933 5453
3934 6387
3935 5301
3936 6077
3937 5119
3938 5054
3939 4978
3940 5564
3941 4950
3942 5089
3943 5610
3944 6324
3945 5205
3946 5090
3947 5630
3948 6044
3949 5324
3950 5717
3951 5062
3952 5096
3953 5723
3954 5076
3955 5507
3956 5422
3957 5310
3958 4972
3959 6775
3960 5136
3961 5454
3962 5083
3963 6614
3964 5619
3965 5268
3966 5596
3967 5439
3968 5594
3969 5628
3970 5561
3971 5682
3972 5132
3973 5305
3974 5185
3975 5532
3976 5016
3977 5083
3978 5840
3979 5204
3980 5343
3981 5077
3982 6096
3983 5453
3984 5360
3985 5399
3986 5010
3987 5329
3988 5775
3989 6075
3990 6142
3991 5219
3992 5087
3993 6082
3994 5206
3995 5113
3996 6230
3997 5036
3998 4951
3999 6483
4000 7184
4001 5462
4002 5123
4003 5421
4004 5470
4005 5625
4006 5638
4007 6039
4008 6368
4009 5367
4010 5078
4011 5824
4012 5060
4013 5345
4014 6073
4015 5158
4016 5928
4017 6075
4018 6314
4019 5597
4020 5320
4021 4966
4022 5083
4023 5070
4024 4998
4025 5050
4026 5096
4027 5067
4028 5089
4029 5334
4030 5089
4031 5094
4032 5371
4033 5556
4034 6006
4035 5408
4036 5204
4037 7295
4038 5139
4039 5322
4040 4967
4041 5072
4042 5363
4043 6094
4044 5500
4045 6139
4046 5636
4047 5665
4048 5964
4049 4958
4050 4947
4051 5090
4052 5721
4053 6208
4054 5984
4055 6059
4056 5583
4057 5074
4058 4968
4059 5745
4060 5793
4061 6088
4062 5086
4063 5664
4064 5265
4065 6519
4066 5270
4067 6207
4068 5708
4069 5337
4070 -994614
4071 5469
4072 5026
4073 5962
4074 5340
4075 6372
4076 5193
4077 5452
4078 5920
4079 5386
4080 5327
4081 6519
4082 5280
4083 5094
4084 5894
4085 5324
4086 6157
4087 5714
4088 5827
4089 5717
4090 5300
4091 5987
4092 5212
4093 4964
4094 5078
4095 5409
4096 5102
4097 5096
4098 6108
4099 5311
4100 6247
4101 5546
4102 5766
4103 5909
4104 5075
4105 6211
4106 5340
4107 5586
4108 5615
4109 5565
4110 6199
4111 5724
4112 5593
4113 6103
4114 5432
4115 5576
4116 5700
4117 5215
4118 5988
4119 6067
4120 4949
4121 5896
4122 5780
4123 5084
4124 5112
4125 5310
4126 5210
4127 5270
4128 7159
4129 5098
4130 4957
4131 5336
4132 5592
4133 5052
4134 5100
4135 5335
4136 5468
4137 5088
4138 5322
4139 5092
4140 5085
4141 5741
4142 5444
4143 5822
4144 5349
4145 5091
4146 5574
4147 6774
4148 5832
4149 5268
4150 6346
4151 5703
4152 5340
4153 5175
4154 5877
4155 5070
4156 4970
4157 5725
4158 5829
4159 4964
4160 5327
4161 5083
4162 5456
4163 5618
4164 6633
4165 7406
4166 5440
4167 4958
4168 5114
4169 5801
4170 6459
4171 5448
4172 5713
4173 5645
4174 6202
4175 5545
4176 5451
4177 5351
4178 5375
4179 5682
4180 5944
4181 5644
4182 5182
4183 6985
4184 5652
4185 5336
4186 5076
4187 6219
4188 5205
4189 5508
4190 5409
4191 5085
4192 6458
4193 6327
4194 5216
4195 5089
4196 5586
4197 4958
4198 5334
4199 4946
4200 5985
4201 6572
4202 5343
4203 5197
4204 5090
4205 5095
4206 4954
4207 5074
4208 5474
4209 5081
4210 4951
4211 5211
4212 5101
4213 5128
4214 5396
4215 5977
4216 5452
4217 5482
4218 5254
4219 6079
4220 6938
4221 6367
4222 5160
4223 5355
4224 5092
4225 5577
4226 5529
4227 5706
4228 5258
4229 4965
4230 5741
4231 5183
4232 5075
4233 5462
4234 5482
4235 5066
4236 5091
4237 5243
4238 6929
4239 5313
4240 5359
4241 5300
4242 5721
4243 5572
4244 5829
4245 5098
4246 5078
4247 5626
4248 5050
4249 -994406
4250 5755
4251 5521
4252 5837
4253 4997
4254 5058
4255 5834
4256 4966
4257 7257
4258 5633
4259 5348
4260 5573
4261 5699
4262 5093
4263 5232
4264 5831
4265 5075
4266 5601
4267 5330
4268 5527
4269 5447
4270 5903
4271 5333
4272 5650
4273 6015
4274 5457
4275 7456
4276 4964
4277 5461
4278 5700
4279 6207
4280 5083
4281 5487
4282 5678
4283 5334
4284 5095
4285 5078
4286 5849
4287 4957
4288 5950
4289 4962
4290 5710
4291 5096
4292 5465
4293 6919
4294 5234
4295 5097
4296 6186
4297 5804
4298 5860
4299 5415
4300 5309
4301 5621
4302 5270
4303 5940
4304 5046
4305 5945
4306 4944
4307 5548
4308 5855
4309 5146
4310 5325
4311 5313
4312 6675
4313 6636
4314 5272
4315 5443
4316 5561
4317 5106
4318 5029
4319 5334
4320 5057
4321 5597
4322 5524
4323 5138
4324 5439
4325 4944
4326 5310
4327 4961
4328 5330
4329 5185
4330 6458
4331 5321
4332 5606
4333 5815
4334 5418
4335 5364
4336 5420
4337 5312
4338 5079
4339 6752
4340 5025
4341 5257
4342 5536
4343 5314
4344 5077
4345 6103
4346 5213
4347 5051
4348 5080
4349 6336
4350 5864
4351 5303
4352 5814
4353 5833
4354 5387
4355 5254
4356 5641
4357 5543
4358 5326
4359 5875
4360 5560
4361 5964
4362 6044
4363 5286
4364 5476
4365 5811
4366 5827
4367 7138
4368 5252
4369 5309
4370 5099
4371 5815
4372 5132
4373 5632
4374 4956
4375 5592
4376 5959
4377 5452
4378 5313
4379 5201
4380 5368
4381 6497
4382 5238
4383 5448
4384 5577
4385 7122
4386 5032
4387 5566
4388 6125
4389 5317
4390 5980
4391 5090
4392 5311
4393 5204
4394 4956
4395 5073
4396 5203
4397 6339
4398 5187
4399 5711
4400 5707
4401 5749
4402 6048
4403 6537
4404 5496
4405 5407
4406 5079
4407 5615
4408 5678
4409 5559
4410 4951
4411 5468
4412 5194
4413 5099
4414 5424
4415 4827
4416 5203
4417 5119
4418 5371
4419 5662
4420 4916
4421 5578
4422 6486
4423 5174
4424 5084
4425 5083
4426 4932
4427 5822
4428 -994287
4429 5066
4430 5233
4431 5243
4432 5880
4433 5080
4434 5456
4435 5734
4436 5316
4437 6195
4438 6123
4439 5946
4440 7268
4441 5333
4442 5322
4443 5369
4444 5265
4445 5546
4446 5152
4447 5680
4448 5462
4449 5505
4450 6046
4451 5088
4452 5336
4453 5467
4454 5589
4455 4966
4456 5229
4457 5422
4458 5470
4459 6336
4460 5077
4461 5136
4462 6042
4463 5623
4464 5425
4465 4952
4466 6352
4467 4949
4468 5878
4469 5802
4470 5326
4471 6395
4472 6348
4473 5422
4474 5410
4475 5333
4476 5491
4477 6677
4478 4963
4479 6168
4480 5392
4481 5218
4482 5756
4483 5034
4484 5711
4485 4975
4486 5076
4487 5334
4488 5337
4489 5093
4490 5100
4491 4959
4492 6219
4493 5323
4494 5604
4495 5073
4496 6449
4497 5344
4498 5330
4499 5082
4500 6460
4501 5770
4502 5423
4503 5442
4504 5082
4505 5828
4506 5719
4507 5332
4508 5840
4509 5710
4510 5455
4511 5153
4512 5264
4513 5752
4514 6524
4515 5102
4516 5640
4517 5033
4518 5731
4519 5076
4520 6640
4521 5159
4522 4959
4523 5075
4524 5347
4525 5084
4526 6078
4527 5320
4528 4982
4529 5077
4530 5339
4531 5478
4532 6063
4533 5963
4534 5782
4535 5152
4536 5333
4537 5322
4538 5093
4539 5384
4540 5293
4541 5824
4542 5644
4543 5277
4544 5124
4545 5066
4546 5753
4547 6287
4548 5884
4549 5784
4550 5707
4551 6580
4552 4973
4553 5335
4554 6390
4555 5841
4556 5543
4557 5333
4558 5440
4559 5080
4560 5455
4561 5220
4562 5484
4563 6208
4564 5309
4565 6076
4566 5223
4567 5550
4568 5084
4569 6768
4570 6027
4571 4964
4572 6708
4573 5969
4574 5986
4575 6071
4576 5446
4577 5845
4578 5577
4579 5739
4580 5574
4581 5332
4582 5587
4583 5076
4584 5230
4585 5938
4586 5728
4587 6182
4588 5089
4589 4963
4590 5517
4591 5160
4592 5328
4593 6632
4594 5293
4595 5088
4596 5326
4597 5711
4598 5463
4599 5971
4600 5183
4601 6344
4602 6219
4603 5127
4604 5412
4605 6955
4606 5598
4607 -995044
4608 5200
4609 5088
4610 5279
4611 5270
4612 5718
4613 5959
4614 5205
4615 5714
4616 5215
4617 5347
4618 5089
4619 5570
4620 5923
4621 5363
4622 5456
4623 4964
4624 7215
4625 5697
4626 5217
4627 4958
4628 5730
4629 5325
4630 5573
4631 5370
4632 5517
4633 5117
4634 5345
4635 5340
4636 5187
4637 5073
4638 5484
4639 5571
4640 5105
4641 5841
4642 6174
4643 5713
4644 5711
4645 5085
4646 5747
4647 5309
4648 5245
4649 5424
4650 4955
4651 5090
4652 4977
4653 4965
4654 5458
4655 5079
4656 4959
4657 5091
4658 5212
4659 5953
4660 5271
4661 6412
4662 5824
4663 5666
4664 5754
4665 6332
4666 6117
4667 5437
4668 5079
4669 4972
4670 5098
4671 5770
4672 5643
4673 5081
4674 5197
4675 5466
4676 5092
4677 6197
4678 6090
4679 6679
4680 5254
4681 5447
4682 5472
4683 5960
4684 5899
4685 5141
4686 5103
4687 7135
4688 5512
4689 5349
4690 5446
4691 5100
4692 5079
4693 5336
4694 4952
4695 5739
4696 5496
4697 5659
4698 6887
4699 5273
4700 5341
4701 5075
4702 5474
4703 5452
4704 5338
4705 5092
4706 5329
4707 5091
4708 5144
4709 5146
4710 4963
4711 5716
4712 5456
4713 5262
4714 5667
4715 5450
4716 4969
4717 6707
4718 5726
4719 6144
4720 5261
4721 5586
4722 5087
4723 5085
4724 5349
4725 6461
4726 5574
4727 4962
4728 5220
4729 7263
4730 5904
4731 5737
4732 7552
4733 5333
4734 6511
4735 6037
4736 5085
4737 4966
4738 5326
4739 5087
4740 5577
4741 5296
4742 6062
4743 5807
4744 5323
4745 5399
4746 5595
4747 5256
4748 5964
4749 5494
4750 6753
4751 5519
4752 6825
4753 5085
4754 5340
4755 6281
4756 5150
4757 5318
4758 5613
4759 5326
4760 5641
4761 5452
4762 5407
4763 4949
4764 5086
4765 5707
4766 5213
4767 5498
4768 5687
4769 5571
4770 5340
4771 6336
4772 5349
4773 4955
4774 5078
4775 4962
4776 5346
4777 5076
4778 5726
4779 5257
4780 5524
4781 5349
4782 6208
4783 6202
4784 5992
4785 6060
4786 5453
4787 -994612
4788 5655
4789 6094
4790 5453
4791 5479
4792 5184
4793 5099
4794 5700
4795 5718
4796 5142
4797 5024
4798 5075
4799 5469
4800 5452
4801 5600
4802 5578
4803 5078
4804 5211
4805 5209
4806 5388
4807 5292
4808 6453
4809 4956
4810 5967
4811 5702
4812 5246
4813 5428
4814 5855
4815 5824
4816 5906
4817 5196
4818 5653
4819 5204
4820 5083
4821 6842
4822 5374
4823 7037
4824 5200
4825 4965
4826 6725
4827 5447
4828 5617
4829 5316
4830 5086
4831 5097
4832 5087
4833 5207
4834 5583
4835 5080
4836 5335
4837 5103
4838 5062
4839 5717
4840 5583
4841 5602
4842 5558
4843 5338
4844 4972
4845 6763
4846 5404
4847 5078
4848 5340
4849 5591
4850 5078
4851 4975
4852 5325
4853 5320
4854 5093
4855 5212
4856 5211
4857 5079
4858 5900
4859 5261
4860 6151
4861 5783
4862 5573
4863 6332
4864 5464
4865 5642
4866 5575
4867 5297
4868 6092
4869 5333
4870 5854
4871 5791
4872 6461
4873 5207
4874 5190
4875 5380
4876 5584
4877 5411
4878 5401
4879 6395
4880 5218
4881 6462
4882 5347
4883 6108
4884 5779
4885 5329
4886 5091
4887 6242
4888 5424
4889 5348
4890 5744
4891 5546
4892 5460
4893 5576
4894 5467
4895 4976
4896 5326
4897 5317
4898 5239
4899 5018
4900 6757
4901 6073
4902 5092
4903 5741
4904 5053
4905 5583
4906 5727
4907 5316
4908 5707
4909 5106
4910 5937
4911 5085
4912 5829
4913 5976
4914 5190
4915 5208
4916 5736
4917 5434
4918 6127
4919 5301
4920 6024
4921 5514
4922 5216
4923 5472
4924 5070
4925 5327
4926 5351
4927 5944
4928 5106
4929 5873
4930 5397
4931 5812
4932 5731
4933 5108
4934 5343
4935 6252
4936 6278
4937 5639
4938 5534
4939 5075
4940 5841
4941 5345
4942 5327
4943 5352
4944 5318
4945 5332
4946 4949
4947 5099
4948 5333
4949 5104
4950 5421
4951 5115
4952 5202
4953 5847
4954 5328
4955 6614
4956 5803
4957 5344
4958 5202
4959 5482
4960 5323
4961 5329
4962 6432
4963 5484
4964 5336
4965 4832
4966 5337
4967 -994044
4968 5516
4969 5028
4970 5952
4971 5276
4972 5404
4973 7091
4974 6068
4975 5089
4976 5351
4977 5329
4978 5766
4979 5395
4980 5472
4981 6000
4982 5658
4983 5216
4984 5715
4985 4949
4986 5104
4987 5570
4988 5203
4989 5208
4990 4982
4991 5667
4992 6598
4993 4996
4994 5006
4995 5103
4996 5458
4997 6853
4998 5598
4999 5689
5000 6077
5001 5988
5002 5160
5003 5094
5004 6092
5005 5977
5006 5447
5007 5587
5008 5056
5009 5822
5010 6689
5011 4989
5012 5050
5013 4971
5014 5122
5015 6045
5016 5198
5017 5332
5018 5076
5019 5156
5020 6155
5021 5330
5022 5077
5023 4962
5024 5091
5025 5223
5026 5072
5027 5458
5028 5465
5029 5960
5030 5735
5031 5567
5032 5081
5033 5021
5034 6027
5035 5074
5036 5374
5037 5917
5038 5109
5039 4952
5040 5442
5041 5957
5042 5479
5043 6862
5044 5531
5045 5099
5046 5649
5047 6134
5048 5563
5049 5723
5050 5746
5051 5425
5052 5857
5053 5622
5054 6378
5055 5230
5056 5492
5057 6041
5058 5080
5059 5333
5060 5087
5061 5333
5062 5085
5063 5328
5064 5211
5065 4948
5066 6718
5067 6085
5068 5211
5069 5329
5070 5331
5071 5080
5072 5190
5073 5609
5074 5587
5075 5360
5076 5989
5077 7094
5078 5267
5079 5096
5080 5858
5081 5060
5082 5310
5083 6502
5084 6951
5085 5572
5086 5329
5087 5440
5088 5101
5089 5568
5090 5575
5091 5843
5092 5460
5093 5537
5094 5436
5095 5647
5096 5368
5097 5754
5098 5066
5099 5073
5100 6270
5101 6021
5102 6524
5103 5065
5104 5324
5105 5328
5106 5351
5107 5090
5108 5383
5109 5513
5110 5234
5111 6017
5112 5030
5113 5126
5114 5320
5115 5307
5116 5231
5117 5109
5118 5933
5119 5339
5120 6022
5121 6414
5122 5361
5123 5815
5124 5826
5125 5438
5126 5462
5127 5732
5128 5789
5129 4989
5130 5319
5131 5086
5132 5578
5133 5767
5134 5528
5135 5085
5136 5260
5137 5459
5138 5782
5139 6031
5140 5126
5141 4838
5142 5481
5143 5929
5144 5908
5145 6148
5146 -994685
5147 5335
5148 5077
5149 4954
5150 5086
5151 5324
5152 4953
5153 5195
5154 5469
5155 5434
5156 5270
5157 4837
5158 6594
5159 5713
5160 6055
5161 5460
5162 5827
5163 5467
5164 5207
5165 6136
5166 5405
5167 5502
5168 6482
5169 5968
5170 5252
5171 5095
5172 5325
5173 5240
5174 5311
5175 5968
5176 6590
5177 5313
5178 5336
5179 4964
5180 5456
5181 5953
5182 4951
5183 4972
5184 5072
5185 5100
5186 5072
5187 6138
5188 5278
5189 4971
5190 6376
5191 5912
5192 5214
5193 6434
5194 6365
5195 5385
5196 5587
5197 5138
5198 5716
5199 5643
5200 5280
5201 4965
5202 5074
5203 5112
5204 5089
5205 5677
5206 5578
5207 5332
5208 5858
5209 5674
5210 5346
5211 6093
5212 5085
5213 6468
5214 5370
5215 5113
5216 5032
5217 5789
5218 5585
5219 6102
5220 5921
5221 4959
5222 6083
5223 5361
5224 5986
5225 5247
5226 5617
5227 5210
5228 5326
5229 5005
5230 5154
5231 6084
5232 5459
5233 5078
5234 5335
5235 5268
5236 5649
5237 5077
5238 5226
5239 5446
5240 5042
5241 5147
5242 5583
5243 5451
5244 5078
5245 5202
5246 6630
5247 5608
5248 5783
5249 5081
5250 6338
5251 5306
5252 5964
5253 5266
5254 5281
5255 5373
5256 5815
5257 5443
5258 5082
5259 6836
5260 5075
5261 5077
5262 5962
5263 5620
5264 5293
5265 5200
5266 5346
5267 5948
5268 6647
5269 5265
5270 5085
5271 5326
5272 5341
5273 5999
5274 5418
5275 5358
5276 5739
5277 5155
5278 5335
5279 6314
5280 5593
5281 4970
5282 6116
5283 5926
5284 5698
5285 6591
5286 7105
5287 6324
5288 5483
5289 5628
5290 5046
5291 6197
5292 6101
5293 5687
5294 5848
5295 5947
5296 5205
5297 5076
5298 5307
5299 5544
5300 5430
5301 5225
5302 5585
5303 5179
5304 6731
5305 5796
5306 6339
5307 6230
5308 7026
5309 5209
5310 5078
5311 5542
5312 5188
5313 5458
5314 4953
5315 7866
5316 6146
5317 6126
5318 5344
5319 5950
5320 5876
5321 7220
5322 5233
5323 5715
5324 -994107
5325 6273
5326 6232
5327 5704
5328 5427
5329 6467
5330 5361
5331 5021
5332 5099
5333 5353
5334 5550
5335 5950
5336 5464
5337 5441
5338 5086
5339 6691
5340 5705
5341 5964
5342 5604
5343 5691
5344 5821
5345 4967
5346 5860
5347 6177
5348 5879
5349 5904
5350 6058
5351 6485
5352 6993
5353 5763
5354 6330
5355 6316
5356 6968
5357 4934
5358 5830
5359 6044
5360 5448
5361 5979
5362 5057
5363 5032
5364 5733
5365 5597
5366 5079
5367 6093
5368 5590
5369 6152
5370 5988
5371 5207
5372 5227
5373 6673
5374 6934
5375 7340
5376 6082
5377 5447
5378 5258
5379 5666
5380 5079
5381 5089
5382 5355
5383 5675
5384 5335
5385 5722
5386 5694
5387 4944
5388 5840
5389 6086
5390 6709
5391 7821
5392 5581
5393 6336
5394 6084
5395 5837
5396 5896
5397 6492
5398 5339
5399 4958
5400 6204
5401 5204
5402 5650
5403 5024
5404 5460
5405 5079
5406 5739
5407 6182
5408 5203
5409 6966
5410 6083
5411 6218
5412 5984
5413 6049
5414 8080
5415 6728
5416 5584
5417 6578
5418 5371
5419 5919
5420 5466
5421 6205
5422 5702
5423 5093
5424 6773
5425 7037
5426 5318
5427 6712
5428 6626
5429 8909
5430 7643
5431 6402
5432 6214
5433 9217
5434 6582
5435 6965
5436 6402
5437 6003
5438 5462
5439 6657
5440 6608
5441 6245
5442 6725
5443 9086
5444 6085
5445 9762
5446 11533
5447 7947
5448 9844
5449 7961
5450 6181
5451 7838
5452 7223
5453 8203
5454 6085
5455 6341
5456 7871
5457 5424
5458 6782
5459 6192
5460 7182
5461 6381
5462 6903
5463 6212
5464 6738
5465 6937
5466 6331
5467 7464
5468 8339
5469 7987
5470 6951
5471 6518
5472 6634
5473 6461
5474 6469
5475 7657
5476 5635
5477 5722
5478 5460
5479 5703
5480 6713
5481 6338
5482 6339
5483 -993101
5484 7904
5485 6075
5486 6086
5487 6959
5488 7390
5489 6641
5490 5955
5491 6356
5492 6441
5493 6576
5494 6281
5495 5516
5496 6886
5497 6099
5498 8645
5499 17282
5500 32447
5501 6710
5502 8089
5503 6026
5504 8418
5505 6689
5506 6165
5507 6208
5508 5658
5509 6305
5510 6326
5511 5917
5512 6196
5513 8212
5514 6167
5515 7249
5516 7795
5517 6013
5518 6537
5519 7061
5520 6673
5521 6564
5522 6200
5523 4928
5524 7206
5525 6429
5526 6236
5527 5945
5528 6751
5529 5563
5530 6352
5531 7039
5532 6936
5533 7383
5534 6739
5535 8692
5536 7194
5537 7299
5538 5569
5539 7737
5540 6010
5541 6427
5542 8540
5543 6384
5544 4930
5545 5944
5546 5334
5547 5051
5548 5812
5549 5951
5550 6377
5551 6692
5552 6676
5553 6843
5554 6140
5555 7598
5556 7195
5557 7145
5558 5728
5559 5311
5560 5600
5561 6819
5562 6159
5563 7125
5564 5590
5565 5964
5566 6464
5567 5193
5568 6440
5569 7803
5570 5718
5571 6102
5572 7225
5573 6308
5574 6691
5575 7888
5576 6030
5577 6326
5578 6561
5579 5845
5580 6596
5581 6189
5582 5584
5583 5726
5584 5194
5585 5838
5586 5091
5587 6093
5588 6699
5589 6590
5590 5820
5591 6331
5592 6643
5593 6464
5594 6536
5595 7587
5596 6787
5597 6958
5598 6322
5599 6851
5600 5823
5601 5713
5602 5854
5603 6906
5604 6136
5605 5314
5606 5707
5607 6732
5608 6564
5609 5715
5610 5826
5611 6090
5612 6115
5613 6846
5614 6148
5615 6812
5616 6044
5617 6520
5618 6871
5619 6577
5620 6103
5621 5371
5622 5104
5623 5689
5624 5316
5625 5218
5626 6174
5627 5861
5628 6963
5629 7192
5630 5996
5631 -993459
5632 5984
5633 7725
5634 7391
5635 5651
5636 8511
5637 6111
5638 5760
5639 5779
5640 6216
5641 5079
5642 5086
5643 5129
5644 5417
5645 6447
5646 5781
5647 7272
5648 5585
5649 6208
5650 6205
5651 7468
5652 6168
5653 7753
5654 6003
5655 6780
5656 6466
5657 5837
5658 6579
5659 5331
5660 4956
5661 5463
5662 5362
5663 5337
5664 5438
5665 5587
5666 6244
5667 7876
5668 6009
5669 7274
5670 6689
5671 6170
5672 6578
5673 6972
5674 5585
5675 6954
5676 6707
5677 5983
5678 5562
5679 6862
5680 6618
5681 5395
5682 5458
5683 6143
5684 5282
5685 6597
5686 7328
5687 6841
5688 5828
5689 6334
5690 6899
5691 6673
5692 6439
5693 6715
5694 5932
5695 6558
5696 6129
5697 5958
5698 6764
5699 6143
5700 6213
5701 5573
5702 6655
5703 5018
5704 5992
5705 6864
5706 6832
5707 6642
5708 6221
5709 6751
5710 6771
5711 7318
5712 6734
5713 6455
5714 6555
5715 6380
5716 5959
5717 6874
5718 5812
5719 5940
5720 5706
5721 5343
5722 6958
5723 6127
5724 6440
5725 6812
5726 6115
5727 6652
5728 7539
5729 5525
5730 6469
5731 9427
5732 7366
5733 7582
5734 7339
5735 5195
5736 7022
5737 7657
5738 6495
5739 5288
5740 5472
5741 9081
5742 6195
5743 6569
5744 10809
5745 6170
5746 6770
5747 7405
5748 5833
5749 6550
5750 6602
5751 6262
5752 6148
5753 7512
5754 8407
5755 7079
5756 5578
5757 4961
5758 6903
5759 5512
5760 6726
5761 7200
5762 7085
5763 8490
5764 6416
5765 7334
5766 9709
5767 6572
5768 7960
5769 5836
5770 6579
5771 6960
5772 6383
5773 7804
5774 6092
5775 6862
5776 6834
5777 8049
5778 7962
5779 7126
5780 7079
5781 6295
5782 6680
5783 -991663
5784 7143
5785 7178
5786 7962
5787 7302
5788 10175
5789 6600
5790 6014
5791 8463
5792 9084
5793 6493
5794 7683
5795 6646
5796 6387
5797 6211
5798 5968
5799 9327
5800 6892
5801 5800
5802 6444
5803 6446
5804 6767
5805 8178
5806 6779
5807 6959
5808 6376
5809 6310
5810 7013
5811 5766
5812 6593
5813 6703
5814 6964
5815 5925
5816 5992
5817 6329
5818 6828
5819 6090
5820 6336
5821 6965
5822 7597
5823 6179
5824 7207
5825 6956
5826 5701
5827 7260
5828 5532
5829 5463
5830 6351
5831 6711
5832 5586
5833 7585
5834 6962
5835 6516
5836 8420
5837 5722
5838 11653
5839 6315
5840 7771
5841 7297
5842 7742
5843 7156
5844 6355
5845 6300
5846 6839
5847 6217
5848 6083
5849 6329
5850 7598
5851 6476
5852 6927
5853 7424
5854 6749
5855 6993
5856 6894
5857 6139
5858 6327
5859 7209
5860 6224
5861 6614
5862 6082
5863 5868
5864 5809
5865 7436
5866 6578
5867 6457
5868 6588
5869 5963
5870 5816
5871 6737
5872 5936
5873 6877
5874 6044
5875 5824
5876 5954
5877 6456
5878 5970
5879 6330
5880 7206
5881 6014
5882 6766
5883 7286
5884 6249
5885 6966
5886 6453
5887 6699
5888 6725
5889 6689
5890 7450
5891 6860
5892 6319
5893 7336
5894 6440
5895 5968
5896 6194
5897 6878
5898 6584
5899 7406
5900 6141
5901 5771
5902 6208
5903 6469
5904 6116
5905 7437
5906 7559
5907 7024
5908 6226
5909 6397
5910 6230
5911 6561
5912 8710
5913 7502
5914 6601
5915 6378
5916 5989
5917 5986
5918 7907
5919 6256
5920 6655
5921 6833
5922 6640
5923 6069
5924 7280
5925 5716
5926 7443
5927 7371
5928 6055
5929 7456
5930 6214
5931 -993677
5932 7148
5933 6275
5934 6705
5935 6832
5936 4986
5937 6292
5938 7712
5939 6573
5940 6971
5941 6947
5942 6475
5943 6968
5944 6808
5945 6205
5946 6587
5947 5968
5948 6829
5949 6086
5950 6273
5951 7022
5952 6449
5953 6074
5954 6984
5955 6331
5956 6198
5957 6955
5958 7597
5959 6700
5960 6329
5961 7332
5962 6357
5963 6932
5964 7138
5965 5914
5966 6210
5967 6097
5968 6445
5969 7571
5970 5797
5971 6576
5972 7825
5973 7362
5974 7600
5975 6658
5976 6230
5977 6685
5978 6085
5979 5998
5980 6544
5981 6370
5982 5922
5983 7082
5984 5959
5985 6997
5986 7210
5987 6168
5988 6834
5989 6989
5990 6931
5991 5982
5992 6064
5993 6810
5994 6215
5995 5977
5996 6451
5997 6556
5998 6811
5999 7315
6000 6066
6001 6863
6002 6506
6003 6392
6004 8082
6005 6313
6006 6277
6007 7647
6008 6133
6009 6780
6010 6704
6011 6093
6012 6687
6013 6311
6014 6171
6015 7685
6016 5950
6017 5535
6018 7829
6019 8436
6020 6547
6021 5336
6022 6228
6023 6806
6024 6178
6025 6309
6026 6048
6027 6071
6028 6718
6029 7056
6030 7590
6031 6833
6032 6378
6033 7352
6034 6170
6035 7932
6036 7728
6037 6698
6038 6326
6039 6367
6040 7425
6041 5835
6042 6345
6043 6698
6044 6581
6045 8067
6046 7295
6047 6780
6048 7205
6049 6578
6050 7720
6051 9360
6052 6237
6053 6188
6054 6241
6055 5966
6056 6496
6057 5856
6058 6981
6059 6324
6060 6286
6061 7143
6062 5883
6063 6834
6064 6578
6065 7868
6066 6474
6067 5802
6068 6587
6069 6872
6070 6162
6071 6087
6072 6829
6073 7208
6074 5711
6075 7598
6076 6322
6077 6338
6078 7085
6079 5959
6080 -992483
6081 7776
6082 6096
6083 6210
6084 6328
6085 7088
6086 6679
6087 6083
6088 6199
6089 6230
6090 6064
6091 5595
6092 5805
6093 6234
6094 6064
6095 6336
6096 8709
6097 5976
6098 6317
6099 5831
6100 5836
6101 6329
6102 5965
6103 5834
6104 5856
6105 6546
6106 5710
6107 9625
6108 5905
6109 7145
6110 7155
6111 6464
6112 6214
6113 6466
6114 7333
6115 6098
6116 6581
6117 6346
6118 6527
6119 7701
6120 8155
6121 5186
6122 6834
6123 5827
6124 5841
6125 6956
6126 7128
6127 8179
6128 5867
6129 7844
6130 6795
6131 6626
6132 6092
6133 6043
6134 6601
6135 6090
6136 5982
6137 6945
6138 6529
6139 6409
6140 6077
6141 6352
6142 5561
6143 6985
6144 5554
6145 4956
6146 5218
6147 5731
6148 4936
6149 5776
6150 5515
6151 4835
6152 6596
6153 5590
6154 5827
6155 4967
6156 4840
6157 5963
6158 5745
6159 6438
6160 5690
6161 6706
6162 5729
6163 5200
6164 5602
6165 5581
6166 6211
6167 5836
6168 6265
6169 5649
6170 6626
6171 7245
6172 5382
6173 5743
6174 5809
6175 5823
6176 5474
6177 6535
6178 6868
6179 5596
6180 6965
6181 5327
6182 6218
6183 5715
6184 6069
6185 6208
6186 6219
6187 6254
6188 6174
6189 6765
6190 5869
6191 7489
6192 6705
6193 5455
6194 7710
6195 5591
6196 7145
6197 5778
6198 13155
6199 6042
6200 6671
6201 7591
6202 6187
6203 7395
6204 7548
6205 9245
6206 11819
6207 6829
6208 6480
6209 5532
6210 5711
6211 5824
6212 6640
6213 6036
6214 7133
6215 5779
6216 6715
6217 5834
6218 5965
6219 5836
6220 6018
6221 5519
6222 6117
6223 6054
6224 7881
6225 5552
6226 6321
6227 6199
6228 5708
6229 5969
6230 5711
6231 6076
6232 6030
6233 5842
6234 5386
6235 7849
6236 -993289
6237 6259
6238 6899
6239 7740
6240 6432
6241 5836
6242 5973
6243 5822
6244 5980
6245 5988
6246 5307
6247 6073
6248 5837
6249 6121
6250 6677
6251 6585
6252 6471
6253 6334
6254 5709
6255 5121
6256 5801
6257 8980
6258 6215
6259 6431
6260 5994
6261 6218
6262 5797
6263 7335
6264 5976
6265 5798
6266 6777
6267 5786
6268 6089
6269 5834
6270 6513
6271 6353
6272 5889
6273 6509
6274 7161
6275 6337
6276 6700
6277 5842
6278 5090
6279 6080
6280 6082
6281 5367
6282 5808
6283 5817
6284 6126
6285 5534
6286 5723
6287 5579
6288 10064
6289 7049
6290 5402
6291 5708
6292 6726
6293 6563
6294 6141
6295 6158
6296 6003
6297 6163
6298 5896
6299 6025
6300 6447
6301 5986
6302 5745
6303 5541
6304 5963
6305 5825
6306 6202
6307 5621
6308 6436
6309 5582
6310 6456
6311 5971
6312 7369
6313 5542
6314 6264
6315 5913
6316 5825
6317 6212
6318 6101
6319 8443
6320 7099
6321 6456
6322 6325
6323 5711
6324 4971
6325 6327
6326 5712
6327 6609
6328 6574
6329 6344
6330 5449
6331 5961
6332 5826
6333 7119
6334 6061
6335 5823
6336 5839
6337 7018
6338 6670
6339 6121
6340 5789
6341 5836
6342 5826
6343 5836
6344 5474
6345 5255
6346 5905
6347 5972
6348 6082
6349 5576
6350 6094
6351 5711
6352 5703
6353 6087
6354 6213
6355 6211
6356 7090
6357 5374
6358 7045
6359 5702
6360 6398
6361 6032
6362 4948
6363 5965
6364 5722
6365 5837
6366 5819
6367 5891
6368 5466
6369 5276
6370 6024
6371 6706
6372 5716
6373 6536
6374 5752
6375 5284
6376 5706
6377 5597
6378 5204
6379 5456
6380 5603
6381 5321
6382 6524
6383 5408
6384 5195
6385 5869
6386 5599
6387 5793
6388 5465
6389 5494
6390 6056
6391 6712
6392 5713
6393 5074
6394 6391
6395 6229
6396 6142
6397 5699
6398 5338
6399 6355
6400 -993556
6401 5832
6402 6476
6403 4962
6404 5821
6405 5959
6406 6372
6407 5799
6408 6589
6409 5723
6410 5729
6411 5731
6412 5411
6413 5716
6414 5825
6415 5767
6416 5656
6417 5997
6418 5819
6419 5761
6420 7042
6421 6335
6422 5710
6423 5218
6424 6269
6425 6929
6426 7932
6427 7222
6428 11132
6429 5976
6430 6519
6431 5535
6432 5915
6433 6324
6434 5615
6435 5951
6436 5797
6437 6267
6438 6142
6439 6018
6440 7014
6441 5575
6442 5338
6443 5653
6444 5764
6445 5833
6446 5743
6447 7049
6448 6461
6449 6123
6450 5926
6451 5701
6452 6376
6453 5858
6454 5824
6455 5401
6456 6094
6457 7951
6458 6394
6459 6284
6460 6077
6461 5581
6462 6351
6463 6078
6464 5821
6465 6418
6466 6253
6467 6710
6468 5949
6469 7515
6470 5413
6471 5701
6472 7093
6473 7071
6474 6025
6475 6321
6476 5539
6477 5948
6478 7284
6479 5647
6480 5948
6481 5877
6482 5667
6483 6829
6484 6328
6485 7014
6486 5408
6487 6335
6488 5165
6489 5671
6490 6820
6491 6589
6492 5722
6493 6381
6494 6160
6495 5807
6496 5276
6497 6779
6498 6219
6499 5740
6500 6547
6501 6200
6502 5864
6503 6549
6504 5830
6505 5962
6506 8207
6507 5831
6508 5612
6509 5976
6510 5540
6511 6074
6512 6097
6513 6891
6514 5909
6515 6095
6516 5683
6517 7522
6518 5641
6519 6532
6520 5639
6521 6625
6522 5677
6523 7448
6524 6154
6525 6563
6526 5783
6527 6634
6528 6065
6529 5552
6530 6472
6531 6193
6532 5462
6533 6200
6534 10093
6535 5701
6536 5829
6537 6097
6538 5705
6539 7243
6540 5908
6541 6728
6542 6064
6543 5594
6544 5962
6545 6079
6546 5703
6547 5602
6548 5947
6549 5827
6550 5898
6551 6271
6552 6090
6553 5775
6554 5750
6555 6417
6556 6560
6557 5557
6558 5607
6559 6808
6560 5393
6561 -994063
6562 5133
6563 5858
6564 5924
6565 5085
6566 5453
6567 5068
6568 5844
6569 5634
6570 6004
6571 5823
6572 5208
6573 6732
6574 5371
6575 7081
6576 5770
6577 6276
6578 5275
6579 5462
6580 5074
6581 5461
6582 6578
6583 5579
6584 5203
6585 5457
6586 5082
6587 4950
6588 5617
6589 5559
6590 5448
6591 6660
6592 6129
6593 5946
6594 5338
6595 5082
6596 4968
6597 4826
6598 5461
6599 6018
6600 5661
6601 5315
6602 5339
6603 5096
6604 5068
6605 5089
6606 6143
6607 5153
6608 4835
6609 6581
6610 6359
6611 5057
6612 5709
6613 5476
6614 5562
6615 5327
6616 5338
6617 5764
6618 5277
6619 6072
6620 5759
6621 5418
6622 5457
6623 5582
6624 5324
6625 5273
6626 5446
6627 5859
6628 6507
6629 5587
6630 5089
6631 5332
6632 6641
6633 6151
6634 6460
6635 5088
6636 5328
6637 5328
6638 5084
6639 6338
6640 5463
6641 5891
6642 7017
6643 6152
6644 5895
6645 4977
6646 6874
6647 5526
6648 5335
6649 5218
6650 5326
6651 5707
6652 5086
6653 5219
6654 5078
6655 5953
6656 6088
6657 5834
6658 5830
6659 5585
6660 5460
6661 5712
6662 5478
6663 5811
6664 6641
6665 5029
6666 5837
6667 5336
6668 5456
6669 5949
6670 6013
6671 5277
6672 4962
6673 5331
6674 6485
6675 6089
6676 5305
6677 5336
6678 6258
6679 5706
6680 6453
6681 5169
6682 6576
6683 5117
6684 5667
6685 5086
6686 5209
6687 5421
6688 5593
6689 5382
6690 5583
6691 5102
6692 5694
6693 5320
6694 4959
6695 6092
6696 5368
6697 5540
6698 5459
6699 5899
6700 6270
6701 5214
6702 6905
6703 5264
6704 5207
6705 5587
6706 5087
6707 5086
6708 4959
6709 4968
6710 5328
6711 5580
6712 5091
6713 5082
6714 5706
6715 5614
6716 5182
6717 5835
6718 4962
6719 7213
6720 5518
6721 6024
6722 5457
6723 5333
6724 5835
6725 5211
6726 5832
6727 5212
6728 5086
6729 5455
6730 5269
6731 5902
6732 5477
6733 5386
6734 5642
6735 5835
6736 5152
6737 6396
6738 -994666
6739 5461
6740 5705
6741 5710
6742 5595
6743 4951
6744 5596
6745 5567
6746 5143
6747 5280
6748 5971
6749 5100
6750 5938
6751 6049
6752 5481
6753 6254
6754 5509
6755 5955
6756 5426
6757 5714
6758 5764
6759 5327
6760 6010
6761 5261
6762 5634
6763 5225
6764 5937
6765 6205
6766 5950
6767 5901
6768 5291
6769 5565
6770 5792
6771 5757
6772 5089
6773 6587
6774 5523
6775 5775
6776 5088
6777 5527
6778 5523
6779 5215
6780 5717
6781 5856
6782 5316
6783 6089
6784 5838
6785 6030
6786 5587
6787 5394
6788 5088
6789 5589
6790 5213
6791 6416
6792 5510
6793 5968
6794 5344
6795 5697
6796 5783
6797 5144
6798 5469
6799 5962
6800 6083
6801 5340
6802 5213
6803 5088
6804 4964
6805 5714
6806 6210
6807 5216
6808 5835
6809 6839
6810 5089
6811 5337
6812 5088
6813 5964
6814 5341
6815 5341
6816 5700
6817 5974
6818 5823
6819 6090
6820 6088
6821 6391
6822 5659
6823 5213
6824 6212
6825 5342
6826 5590
6827 6912
6828 5383
6829 5088
6830 5723
6831 5702
6832 5360
6833 5162
6834 5702
6835 5769
6836 5347
6837 5206
6838 4838
6839 6215
6840 5576
6841 5366
6842 5689
6843 5371
6844 5300
6845 6612
6846 5646
6847 5707
6848 5205
6849 5371
6850 5991
6851 5205
6852 5364
6853 6206
6854 6795
6855 5071
6856 5106
6857 6565
6858 6826
6859 5582
6860 5340
6861 5643
6862 5404
6863 7090
6864 5453
6865 5095
6866 6450
6867 5094
6868 6417
6869 5162
6870 5548
6871 5079
6872 6465
6873 5397
6874 5400
6875 5477
6876 5691
6877 6339
6878 7212
6879 5591
6880 5143
6881 6530
6882 5537
6883 5514
6884 5836
6885 5339
6886 5461
6887 5772
6888 5655
6889 5088
6890 5214
6891 5344
6892 5528
6893 5016
6894 5083
6895 5340
6896 5085
6897 5590
6898 5840
6899 6212
6900 5776
6901 5397
6902 5486
6903 5188
6904 5216
6905 6085
6906 5342
6907 5835
6908 5088
6909 5719
6910 5330
6911 5965
6912 5586
6913 5337
6914 -993505
6915 5554
6916 5890
6917 6786
6918 5335
6919 5459
6920 5963
6921 5306
6922 5616
6923 6028
6924 5557
6925 5709
6926 5339
6927 5899
6928 5768
6929 4960
6930 5339
6931 5088
6932 5712
6933 6103
6934 5445
6935 6728
6936 5444
6937 5088
6938 5835
6939 5962
6940 5710
6941 5490
6942 5293
6943 5349
6944 5347
6945 5457
6946 5627
6947 5291
6948 5080
6949 5080
6950 5344
6951 5708
6952 6049
6953 6826
6954 5260
6955 6329
6956 4954
6957 5718
6958 5328
6959 5094
6960 5953
6961 6389
6962 5471
6963 5772
6964 5839
6965 5582
6966 5840
6967 5205
6968 4968
6969 5586
6970 5583
6971 6799
6972 5371
6973 5706
6974 5579
6975 5594
6976 5326
6977 5092
6978 5081
6979 4969
6980 5134
6981 5283
6982 5766
6983 5274
6984 6088
6985 5334
6986 5995
6987 5181
6988 5878
6989 5417
6990 6392
6991 5644
6992 5461
6993 5834
6994 6089
6995 5097
6996 5108
6997 5931
6998 6028
6999 5890
7000 5256
7001 5784
7002 5358
7003 5063
7004 5457
7005 5090
7006 5492
7007 5801
7008 7369
7009 5305
7010 5058
7011 5240
7012 5100
7013 5104
7014 5746
7015 6658
7016 5708
7017 5828
7018 6525
7019 5335
7020 5341
7021 6484
7022 5569
7023 5595
7024 5070
7025 5083
7026 6878
7027 5767
7028 6526
7029 5278
7030 6002
7031 5449
7032 5913
7033 5328
7034 5578
7035 5102
7036 5155
7037 5413
7038 5086
7039 6232
7040 5363
7041 5034
7042 5348
7043 5691
7044 6232
7045 5817
7046 5591
7047 5513
7048 5532
7049 6008
7050 5286
7051 5627
7052 5167
7053 4960
7054 6962
7055 5088
7056 5713
7057 5461
7058 5462
7059 4964
7060 5893
7061 5266
7062 6339
7063 6899
7064 5522
7065 5337
7066 5087
7067 5086
7068 4968
7069 5454
7070 5894
7071 5446
7072 5414
7073 4962
7074 4960
7075 5095
7076 5205
7077 5577
7078 4966
7079 5205
7080 5453
7081 6234
7082 6065
7083 5577
7084 6020
7085 5527
7086 5584
7087 5336
7088 4964
7089 5710
7090 5213
7091 6585
7092 -994276
7093 5947
7094 6134
7095 5916
7096 5842
7097 5447
7098 6305
7099 6139
7100 5693
7101 5573
7102 5795
7103 4948
7104 5416
7105 5507
7106 5338
7107 5198
7108 4958
7109 4956
7110 5331
7111 5324
7112 5340
7113 5376
7114 6542
7115 6072
7116 5323
7117 6463
7118 4944
7119 5958
7120 5704
7121 5088
7122 5391
7123 5267
7124 5208
7125 7020
7126 5893
7127 5648
7128 4890
7129 6082
7130 5731
7131 5713
7132 6846
7133 5416
7134 5950
7135 6956
7136 4953
7137 5330
7138 5017
7139 5522
7140 5579
7141 5644
7142 5394
7143 5454
7144 5084
7145 4960
7146 5079
7147 5089
7148 5196
7149 5216
7150 5578
7151 4943
7152 4963
7153 5996
7154 6509
7155 5930
7156 5695
7157 6125
7158 5065
7159 5335
7160 5316
7161 5839
7162 5957
7163 5385
7164 5914
7165 5345
7166 5710
7167 5316
7168 5267
7169 5527
7170 5463
7171 5005
7172 6550
7173 5070
7174 6652
7175 5774
7176 5568
7177 5086
7178 5216
7179 5957
7180 5337
7181 5658
7182 5395
7183 5094
7184 5776
7185 6301
7186 5551
7187 5453
7188 5346
7189 5203
7190 6304
7191 5851
7192 5549
7193 5291
7194 5691
7195 5582
7196 5453
7197 5091
7198 5702
7199 5468
7200 4955
7201 5711
7202 5469
7203 5082
7204 5456
7205 5088
7206 5331
7207 4972
7208 5953
7209 6212
7210 6211
7211 5600
7212 6074
7213 5836
7214 5587
7215 6102
7216 6075
7217 5837
7218 5711
7219 5467
7220 5959
7221 5834
7222 5067
7223 5414
7224 5409
7225 5775
7226 6772
7227 5856
7228 6125
7229 5968
7230 5395
7231 5712
7232 5712
7233 5837
7234 6210
7235 5340
7236 5335
7237 5779
7238 5529
7239 5724
7240 5321
7241 5077
7242 5339
7243 5080
7244 6842
7245 5953
7246 5467
7247 5108
7248 6063
7249 5333
7250 5577
7251 6094
7252 5207
7253 4960
7254 5581
7255 5352
7256 6750
7257 5843
7258 5530
7259 5084
7260 5902
7261 5384
7262 6594
7263 5458
7264 5338
7265 5688
7266 5102
7267 5714
7268 5587
7269 -993628
7270 6050
7271 6463
7272 5096
7273 5085
7274 5699
7275 5333
7276 5328
7277 5741
7278 5302
7279 4952
7280 5968
7281 5110
7282 5479
7283 5909
7284 5716
7285 5962
7286 5703
7287 8982
7288 5714
7289 5449
7290 5840
7291 5330
7292 5836
7293 5083
7294 5964
7295 6371
7296 6203
7297 6699
7298 5560
7299 5090
7300 5333
7301 5638
7302 5805
7303 5449
7304 6099
7305 5933
7306 6908
7307 5263
7308 5715
7309 5713
7310 6139
7311 5285
7312 6352
7313 5438
7314 5087
7315 7161
7316 5510
7317 5978
7318 6445
7319 5706
7320 5710
7321 5081
7322 5140
7323 5288
7324 5955
7325 5337
7326 4952
7327 5232
7328 5062
7329 5344
7330 5582
7331 6532
7332 5277
7333 6573
7334 5722
7335 5575
7336 6089
7337 4951
7338 5588
7339 5334
7340 5340
7341 5586
7342 5456
7343 4953
7344 5714
7345 6030
7346 5767
7347 5710
7348 5451
7349 5596
7350 5949
7351 6215
7352 6095
7353 5461
7354 5325
7355 6529
7356 5637
7357 5458
7358 7161
7359 6143
7360 5577
7361 5717
7362 5509
7363 5651
7364 5466
7365 5451
7366 6658
7367 5260
7368 7921
7369 5259
7370 5327
7371 5272
7372 6397
7373 5526
7374 5271
7375 5091
7376 5965
7377 5067
7378 5451
7379 5214
7380 6084
7381 5653
7382 5396
7383 5215
7384 5470
7385 5452
7386 5961
7387 6329
7388 5091
7389 5643
7390 6023
7391 5083
7392 5842
7393 5482
7394 6067
7395 5251
7396 5416
7397 5960
7398 5077
7399 5838
7400 4960
7401 5778
7402 5391
7403 5215
7404 5597
7405 6066
7406 5366
7407 5307
7408 5591
7409 6507
7410 5411
7411 5096
7412 5712
7413 5448
7414 5705
7415 6530
7416 5146
7417 6342
7418 5333
7419 5195
7420 5546
7421 6436
7422 5887
7423 8755
7424 5670
7425 5297
7426 5336
7427 5113
7428 5800
7429 5270
7430 5651
7431 5196
7432 5403
7433 5034
7434 5321
7435 5525
7436 5455
7437 5277
7438 4956
7439 5715
7440 5447
7441 6475
7442 6333
7443 -994237
7444 6421
7445 5920
7446 5710
7447 5483
7448 5075
7449 6215
7450 5196
7451 5419
7452 5518
7453 5571
7454 5590
7455 5348
7456 4944
7457 6728
7458 5233
7459 7051
7460 5705
7461 5953
7462 5389
7463 4968
7464 5286
7465 5455
7466 5963
7467 5198
7468 5587
7469 5331
7470 4954
7471 5701
7472 4967
7473 5075
7474 5613
7475 5309
7476 6086
7477 7504
7478 5293
7479 5196
7480 5698
7481 5126
7482 5741
7483 5039
7484 5177
7485 5239
7486 5336
7487 5715
7488 5575
7489 5604
7490 5545
7491 5223
7492 5348
7493 5635
7494 5369
7495 7679
7496 5392
7497 5635
7498 5651
7499 5831
7500 6541
7501 6173
7502 5737
7503 5382
7504 5086
7505 5079
7506 5206
7507 5091
7508 5229
7509 5748
7510 5391
7511 5094
7512 5704
7513 5528
7514 6416
7515 5370
7516 6156
7517 5088
7518 5772
7519 5140
7520 5717
7521 5594
7522 5079
7523 5532
7524 5264
7525 5576
7526 5337
7527 5191
7528 5108
7529 5717
7530 5820
7531 5090
7532 6971
7533 5710
7534 5326
7535 5486
7536 5193
7537 5085
7538 5272
7539 5275
7540 5706
7541 5625
7542 5337
7543 5079
7544 5464
7545 5838
7546 5337
7547 5326
7548 5839
7549 5334
7550 5356
7551 6741
7552 5413
7553 5091
7554 4968
7555 5706
7556 5450
7557 5533
7558 5638
7559 5467
7560 5081
7561 5216
7562 5960
7563 5827
7564 5223
7565 5318
7566 5347
7567 5454
7568 5085
7569 7040
7570 5384
7571 5340
7572 5790
7573 5503
7574 5087
7575 5338
7576 5463
7577 5608
7578 5191
7579 5078
7580 5021
7581 5985
7582 5044
7583 5208
7584 5372
7585 5473
7586 5518
7587 4972
7588 6207
7589 5209
7590 5599
7591 5075
7592 5746
7593 5938
7594 5450
7595 5636
7596 5548
7597 5687
7598 4834
7599 5091
7600 5578
7601 5104
7602 6193
7603 5113
7604 5600
7605 5186
7606 6455
7607 5328
7608 5604
7609 5577
7610 5194
7611 4967
7612 5824
7613 5191
7614 4959
7615 5446
7616 5648
7617 6348
7618 5545
7619 6551
7620 5078
7621 5314
7622 5678
7623 -994703
7624 6465
7625 6508
7626 5026
7627 5388
7628 5350
7629 5711
7630 5080
7631 5676
7632 5348
7633 6028
7634 5272
7635 4976
7636 5300
7637 5062
7638 5230
7639 5441
7640 6252
7641 5376
7642 5733
7643 6210
7644 4939
7645 5637
7646 5569
7647 6527
7648 6167
7649 7248
7650 5782
7651 7683
7652 9417
7653 5678
7654 5828
7655 6828
7656 6687
7657 5947
7658 5845
7659 6956
7660 5246
7661 6290
7662 5582
7663 5650
7664 5606
7665 6441
7666 5615
7667 6180
7668 5705
7669 6310
7670 7496
7671 7021
7672 5430
7673 5964
7674 5349
7675 5751
7676 7105
7677 5700
7678 5322
7679 5381
7680 5893
7681 5597
7682 5934
7683 6455
7684 5974
7685 6345
7686 5219
7687 5536
7688 5824
7689 5876
7690 5216
7691 6216
7692 5489
7693 6569
7694 5045
7695 5203
7696 4943
7697 5744
7698 5792
7699 5320
7700 5826
7701 5634
7702 6211
7703 5589
7704 5491
7705 5697
7706 5189
7707 5097
7708 5303
7709 4962
7710 5194
7711 4958
7712 6439
7713 7270
7714 5145
7715 5060
7716 5461
7717 5314
7718 5067
7719 5324
7720 5034
7721 5122
7722 5077
7723 4807
7724 5832
7725 6197
7726 5084
7727 5077
7728 4950
7729 5453
7730 6322
7731 6326
7732 5201
7733 5079
7734 5976
7735 5062
7736 5075
7737 5080
7738 4954
7739 5591
7740 5193
7741 5325
7742 5088
7743 5899
7744 5384
7745 4954
7746 5087
7747 5824
7748 5713
7749 6468
7750 5548
7751 5625
7752 5289
7753 5769
7754 5370
7755 5441
7756 5831
7757 5713
7758 6315
7759 5456
7760 5706
7761 5830
7762 5583
7763 5327
7764 5329
7765 5527
7766 5268
7767 6070
7768 5766
7769 5637
7770 5760
7771 5279
7772 5574
7773 5340
7774 5552
7775 5946
7776 5061
7777 6838
7778 5442
7779 6725
7780 5333
7781 5940
7782 5451
7783 4838
7784 5609
7785 5930
7786 5548
7787 5076
7788 5083
7789 5765
7790 5019
7791 5330
7792 4961
7793 5453
7794 6247
7795 6075
7796 5404
7797 -993982
7798 5389
7799 5209
7800 5717
7801 5445
7802 5200
7803 5245
7804 6400
7805 5766
7806 5766
7807 5200
7808 5082
7809 5831
7810 5460
7811 5441
7812 5704
7813 5827
7814 5085
7815 5075
7816 5704
7817 5455
7818 5079
7819 4962
7820 5398
7821 5748
7822 6953
7823 5825
7824 5083
7825 5700
7826 5274
7827 5879
7828 5591
7829 5685
7830 5953
7831 5081
7832 5205
7833 5827
7834 5833
7835 5763
7836 5269
7837 5214
7838 5691
7839 5710
7840 6061
7841 5213
7842 5940
7843 5580
7844 5576
7845 4956
7846 5074
7847 5079
7848 5568
7849 5083
7850 5327
7851 4956
7852 5194
7853 5514
7854 5992
7855 5622
7856 5468
7857 5418
7858 5731
7859 6169
7860 5377
7861 5843
7862 5114
7863 5462
7864 6840
7865 5085
7866 5074
7867 6623
7868 5692
7869 5822
7870 5968
7871 5431
7872 5129
7873 5435
7874 5052
7875 5336
7876 5102
7877 6248
7878 5306
7879 5480
7880 6430
7881 5326
7882 5730
7883 5192
7884 6086
7885 5694
7886 5959
7887 6107
7888 6735
7889 6182
7890 5682
7891 9315
7892 6071
7893 5161
7894 7085
7895 6325
7896 5473
7897 6451
7898 7779
7899 7777
7900 7457
7901 6232
7902 5821
7903 5939
7904 6056
7905 7409
7906 7995
7907 5960
7908 7098
7909 8334
7910 5884
7911 6347
7912 6138
7913 5400
7914 6458
7915 6337
7916 6335
7917 7089
7918 5587
7919 5964
7920 5961
7921 5849
7922 5831
7923 6086
7924 5337
7925 6838
7926 5840
7927 5838
7928 5713
7929 6851
7930 5883
7931 6035
7932 5776
7933 6393
7934 5713
7935 6376
7936 6787
7937 5987
7938 6092
7939 5543
7940 6589
7941 5877
7942 8089
7943 5050
7944 5206
7945 5712
7946 6837
7947 5214
7948 5879
7949 6212
7950 6175
7951 5881
7952 5045
7953 6268
7954 5556
7955 5554
7956 6256
7957 5419
7958 5753
7959 7396
7960 6320
7961 6598
7962 5655
7963 5964
7964 5089
7965 5835
7966 -994427
7967 5713
7968 5460
7969 8033
7970 5953
7971 5289
7972 5329
7973 4957
7974 5649
7975 5903
7976 6718
7977 5832
7978 5468
7979 5459
7980 6028
7981 5402
7982 6647
7983 6216
7984 5778
7985 5339
7986 5665
7987 6257
7988 5961
7989 5724
7990 5940
7991 6249
7992 5809
7993 6219
7994 5935
7995 5835
7996 5832
7997 6467
7998 5085
7999 5713
8000 5714
8001 5838
8002 5464
8003 6965
8004 5713
8005 6609
8006 6441
8007 6109
8008 5815
8009 6839
8010 5213
8011 6961
8012 5590
8013 4975
8014 5707
8015 5992
8016 5802
8017 5714
8018 6713
8019 5971
8020 5710
8021 5851
8022 5702
8023 6454
8024 6032
8025 7270
8026 7033
8027 6571
8028 5531
8029 5718
8030 5708
8031 5711
8032 5857
8033 6010
8034 5396
8035 5715
8036 5593
8037 5934
8038 5231
8039 5332
8040 6302
8041 6135
8042 6220
8043 6611
8044 8220
8045 6149
8046 5897
8047 5646
8048 6150
8049 5525
8050 9164
8051 7823
8052 5877
8053 6449
8054 6984
8055 6034
8056 6151
8057 6566
8058 6486
8059 5879
8060 6350
8061 5574
8062 5842
8063 5958
8064 6409
8065 7216
8066 5516
8067 5887
8068 5784
8069 7409
8070 5397
8071 5836
8072 6012
8073 5925
8074 10515
8075 5773
8076 7028
8077 6270
8078 5713
8079 6345
8080 6779
8081 5255
8082 6350
8083 5461
8084 5214
8085 5714
8086 5343
8087 5834
8088 5150
8089 6401
8090 4948
8091 5696
8092 5695
8093 5765
8094 6457
8095 5335
8096 5078
8097 5084
8098 5451
8099 6252
8100 5292
8101 6414
8102 5378
8103 6956
8104 5945
8105 6085
8106 6206
8107 6453
8108 5587
8109 5589
8110 5842
8111 7246
8112 6335
8113 6213
8114 6052
8115 5212
8116 5834
8117 5214
8118 5749
8119 5552
8120 5822
8121 5461
8122 5236
8123 5440
8124 5463
8125 5213
8126 5339
8127 6923
8128 7914
8129 5430
8130 5468
8131 5584
8132 -994275
8133 6439
8134 5207
8135 5085
8136 5923
8137 6618
8138 6863
8139 5240
8140 4966
8141 5458
8142 6775
8143 5903
8144 5341
8145 6078
8146 6647
8147 6329
8148 5662
8149 6024
8150 5404
8151 5878
8152 5463
8153 6031
8154 6830
8155 6080
8156 5086
8157 5588
8158 5647
8159 5402
8160 5089
8161 5093
8162 5828
8163 5594
8164 6457
8165 5465
8166 5213
8167 5334
8168 5116
8169 5314
8170 5967
8171 5204
8172 5382
8173 5289
8174 5840
8175 6025
8176 5399
8177 5712
8178 5593
8179 5711
8180 5211
8181 5466
8182 6213
8183 6336
8184 5590
8185 4964
8186 5463
8187 5089
8188 5212
8189 5842
8190 5338
8191 5329
8192 5105
8193 5843
8194 5326
8195 5079
8196 5829
8197 4963
8198 5529
8199 5892
8200 6731
8201 5180
8202 5986
8203 5808
8204 6388
8205 5437
8206 6240
8207 6137
8208 5355
8209 5442
8210 5332
8211 5455
8212 5430
8213 5241
8214 5746
8215 5634
8216 5534
8217 5941
8218 6461
8219 5663
8220 5228
8221 5128
8222 5376
8223 5582
8224 5984
8225 5586
8226 5810
8227 5321
8228 5115
8229 5290
8230 7013
8231 5444
8232 6171
8233 6241
8234 5656
8235 6502
8236 7313
8237 5639
8238 5771
8239 4964
8240 5462
8241 5578
8242 4963
8243 5090
8244 5327
8245 5338
8246 5471
8247 5316
8248 5095
8249 5461
8250 6082
8251 5699
8252 5267
8253 5043
8254 6200
8255 5306
8256 5100
8257 6017
8258 5409
8259 6638
8260 6102
8261 5263
8262 5730
8263 5181
8264 6527
8265 7897
8266 6457
8267 6074
8268 5585
8269 6091
8270 5891
8271 7525
8272 6087
8273 5712
8274 6341
8275 6094
8276 5825
8277 5631
8278 5801
8279 5434
8280 5630
8281 6811
8282 6177
8283 6826
8284 5945
8285 7484
8286 6815
8287 11540
8288 12740
8289 7582
8290 5667
8291 6080
8292 5697
8293 6186
8294 5673
8295 5531
8296 5581
8297 9168
8298 6937
8299 7499
8300 -991950
8301 11420
8302 8536
8303 9670
8304 6499
8305 7589
8306 7807
8307 5936
8308 7054
8309 6729
8310 6994
8311 6854
8312 7190
8313 8237
8314 8715
8315 6717
8316 6305
8317 5947
8318 6332
8319 6953
8320 5912
8321 7226
8322 5226
8323 6546
8324 6559
8325 5943
8326 7437
8327 5602
8328 5963
8329 5085
8330 6833
8331 6018
8332 5478
8333 5545
8334 6108
8335 5203
8336 5331
8337 5718
8338 5797
8339 5461
8340 6447
8341 6479
8342 5886
8343 5629
8344 5074
8345 5087
8346 5203
8347 5082
8348 5705
8349 5335
8350 5467
8351 6393
8352 5658
8353 5308
8354 5606
8355 6427
8356 7327
8357 5756
8358 5401
8359 5071
8360 5486
8361 5161
8362 6120
8363 6196
8364 6315
8365 7225
8366 6116
8367 5818
8368 5889
8369 5981
8370 7055
8371 4951
8372 4999
8373 5050
8374 5057
8375 5740
8376 5372
8377 6039
8378 5615
8379 6413
8380 4955
8381 5738
8382 5544
8383 6385
8384 6432
8385 5959
8386 6334
8387 5077
8388 5985
8389 6324
8390 6686
8391 5598
8392 6325
8393 6683
8394 7173
8395 6542
8396 6703
8397 5946
8398 5187
8399 4829
8400 7021
8401 5169
8402 6187
8403 5702
8404 6017
8405 5891
8406 5207
8407 4917
8408 6727
8409 5899
8410 5711
8411 5694
8412 5077
8413 6081
8414 5726
8415 5564
8416 5198
8417 6597
8418 6246
8419 6653
8420 7099
8421 7372
8422 5904
8423 7266
8424 6039
8425 5565
8426 6583
8427 6600
8428 6945
8429 6334
8430 5176
8431 5097
8432 5268
8433 7249
8434 5299
8435 6085
8436 5737
8437 4921
8438 5835
8439 5113
8440 5170
8441 5729
8442 4954
8443 6138
8444 6157
8445 5454
8446 5453
8447 5338
8448 5201
8449 5833
8450 6214
8451 6990
8452 5698
8453 5348
8454 4945
8455 5484
8456 5322
8457 6701
8458 5594
8459 5974
8460 5693
8461 4950
8462 5091
8463 5592
8464 4956
8465 -994922
8466 5113
8467 5566
8468 5450
8469 5897
8470 6947
8471 5169
8472 6436
8473 5733
8474 4964
8475 5201
8476 6132
8477 5801
8478 5699
8479 5086
8480 5208
8481 5722
8482 5456
8483 4949
8484 5664
8485 5415
8486 5695
8487 5456
8488 5978
8489 6067
8490 5590
8491 5197
8492 5327
8493 5396
8494 5277
8495 6097
8496 5069
8497 6121
8498 5301
8499 5462
8500 5089
8501 5586
8502 5464
8503 6079
8504 5468
8505 5824
8506 6712
8507 5988
8508 5753
8509 5394
8510 5705
8511 5338
8512 5831
8513 5730
8514 5480
8515 6180
8516 5127
8517 5912
8518 6109
8519 5817
8520 5438
8521 5853
8522 5309
8523 5621
8524 7058
8525 5351
8526 6076
8527 6186
8528 5397
8529 5585
8530 5400
8531 5765
8532 5401
8533 5707
8534 5085
8535 5459
8536 5224
8537 5584
8538 5348
8539 5308
8540 5580
8541 6337
8542 7096
8543 5069
8544 5712
8545 5213
8546 6244
8547 6465
8548 6030
8549 5829
8550 5887
8551 5651
8552 5126
8553 5587
8554 5803
8555 5705
8556 5837
8557 6377
8558 6046
8559 7012
8560 5411
8561 5313
8562 5624
8563 5662
8564 6092
8565 4954
8566 5100
8567 5589
8568 5077
8569 4964
8570 5218
8571 5331
8572 5091
8573 6141
8574 5463
8575 5029
8576 5330
8577 4963
8578 6589
8579 5217
8580 5213
8581 5712
8582 5458
8583 5717
8584 5650
8585 6205
8586 6708
8587 5162
8588 5093
8589 5207
8590 5344
8591 6528
8592 5146
8593 5464
8594 5358
8595 5438
8596 6364
8597 6071
8598 5214
8599 5088
8600 5330
8601 5954
8602 4965
8603 5719
8604 4954
8605 5721
8606 5708
8607 6078
8608 5594
8609 5461
8610 5838
8611 4960
8612 5001
8613 5426
8614 5088
8615 6590
8616 4968
8617 5082
8618 6458
8619 4959
8620 5713
8621 5892
8622 5159
8623 5964
8624 5142
8625 5289
8626 5083
8627 5713
8628 5096
8629 6090
8630 5201
8631 6838
8632 8109
8633 5457
8634 5572
8635 5067
8636 5237
8637 5464
8638 5061
8639 5110
8640 4952
8641 5346
8642 -994690
8643 5964
8644 5068
8645 5968
8646 5837
8647 6094
8648 4945
8649 5459
8650 5607
8651 6805
8652 6007
8653 5160
8654 6267
8655 5169
8656 5575
8657 5702
8658 5254
8659 5306
8660 5681
8661 5092
8662 5338
8663 5492
8664 5153
8665 5372
8666 5730
8667 6740
8668 5879
8669 7851
8670 5312
8671 5707
8672 5450
8673 5344
8674 5093
8675 5766
8676 6048
8677 5249
8678 5282
8679 5696
8680 4962
8681 5350
8682 4943
8683 5085
8684 5325
8685 5338
8686 5866
8687 6304
8688 5967
8689 5960
8690 5089
8691 7905
8692 5273
8693 5088
8694 5714
8695 5590
8696 5085
8697 6406
8698 5272
8699 5220
8700 5456
8701 5465
8702 5086
8703 5485
8704 6127
8705 6966
8706 5022
8707 6011
8708 6542
8709 5088
8710 6202
8711 4978
8712 5697
8713 5839
8714 5782
8715 5392
8716 6083
8717 5487
8718 5512
8719 5518
8720 5215
8721 5108
8722 5065
8723 5713
8724 5904
8725 6717
8726 5302
8727 5794
8728 5076
8729 5097
8730 5642
8731 5394
8732 4954
8733 5083
8734 5851
8735 5618
8736 5466
8737 5294
8738 5711
8739 5447
8740 5341
8741 5222
8742 6443
8743 5338
8744 5084
8745 4964
8746 5712
8747 5595
8748 5746
8749 6474
8750 5792
8751 5442
8752 5839
8753 5729
8754 5413
8755 5119
8756 6028
8757 5322
8758 5208
8759 6266
8760 6967
8761 5666
8762 4947
8763 5214
8764 5090
8765 5732
8766 5578
8767 5574
8768 5264
8769 5288
8770 5086
8771 5849
8772 5198
8773 5335
8774 5714
8775 5961
8776 6252
8777 5951
8778 7083
8779 5061
8780 7137
8781 5407
8782 5970
8783 5455
8784 5468
8785 5577
8786 6363
8787 5063
8788 5711
8789 4960
8790 5965
8791 5089
8792 5639
8793 5285
8794 5455
8795 5718
8796 5831
8797 6339
8798 5460
8799 5965
8800 5086
8801 5711
8802 4963
8803 5714
8804 5718
8805 6902
8806 5278
8807 5981
8808 5473
8809 5053
8810 5644
8811 7152
8812 5849
8813 6837
8814 5573
8815 5605
8816 5414
8817 5084
8818 -994282
8819 6082
8820 5711
8821 5462
8822 5717
8823 5964
8824 5340
8825 5463
8826 5698
8827 5710
8828 5090
8829 5588
8830 6118
8831 6286
8832 6159
8833 5134
8834 6651
8835 5584
8836 5401
8837 5087
8838 5092
8839 5464
8840 5211
8841 5093
8842 5340
8843 5092
8844 5356
8845 5426
8846 6086
8847 5090
8848 5085
8849 5089
8850 7405
8851 5148
8852 5337
8853 5337
8854 4972
8855 5329
8856 6463
8857 5587
8858 6341
8859 5208
8860 4965
8861 4949
8862 5504
8863 5074
8864 5096
8865 5707
8866 5582
8867 5482
8868 6668
8869 5238
8870 5079
8871 4968
8872 5580
8873 5097
8874 5080
8875 4995
8876 5157
8877 5330
8878 5586
8879 6025
8880 5931
8881 5558
8882 5265
8883 5145
8884 5593
8885 6076
8886 5329
8887 5963
8888 4965
8889 5350
8890 5889
8891 7391
8892 5337
8893 5839
8894 5590
8895 5345
8896 4964
8897 5705
8898 5468
8899 5072
8900 5086
8901 5204
8902 5336
8903 5337
8904 5242
8905 6883
8906 5422
8907 5300
8908 5478
8909 6061
8910 5085
8911 5709
8912 4967
8913 6216
8914 6461
8915 5443
8916 5083
8917 5957
8918 5099
8919 5639
8920 5534
8921 6632
8922 6159
8923 5959
8924 5042
8925 6358
8926 5719
8927 5726
8928 5069
8929 4959
8930 5088
8931 6083
8932 5753
8933 5794
8934 4952
8935 4973
8936 5831
8937 5208
8938 4961
8939 5963
8940 5964
8941 7748
8942 6049
8943 5339
8944 5714
8945 5586
8946 7781
8947 5269
8948 5214
8949 6030
8950 5307
8951 5052
8952 5337
8953 5717
8954 5583
8955 5087
8956 5092
8957 5334
8958 5714
8959 6714
8960 6589
8961 5333
8962 5838
8963 5466
8964 6332
8965 6212
8966 5713
8967 5092
8968 5461
8969 5844
8970 5210
8971 5219
8972 4951
8973 4962
8974 5089
8975 5091
8976 5456
8977 5463
8978 6735
8979 5373
8980 5277
8981 5484
8982 5065
8983 5747
8984 5425
8985 5088
8986 5088
8987 5088
8988 6089
8989 5595
8990 6203
8991 5084
8992 5840
8993 5716
8994 6338
8995 5836
8996 -993672
8997 6324
8998 5777
8999 5775
9000 5710
9001 5089
9002 6089
9003 5473
9004 5701
9005 6083
9006 5485
9007 5194
9008 5039
9009 6015
9010 5460
9011 5840
9012 5461
9013 5084
9014 6716
9015 5585
9016 5089
9017 7022
9018 6030
9019 5711
9020 5249
9021 5799
9022 5593
9023 5595
9024 5699
9025 5330
9026 5832
9027 4967
9028 5331
9029 5391
9030 5587
9031 5283
9032 6217
9033 5108
9034 5823
9035 5076
9036 5096
9037 5452
9038 6469
9039 6584
9040 5084
9041 5345
9042 7834
9043 6334
9044 6319
9045 5593
9046 6578
9047 5332
9048 7140
9049 8278
9050 5827
9051 5903
9052 5284
9053 5490
9054 5294
9055 6227
9056 5584
9057 5945
9058 5873
9059 5410
9060 6222
9061 4957
9062 5826
9063 5682
9064 5260
9065 6083
9066 5677
9067 5353
9068 6569
9069 5705
9070 6496
9071 6069
9072 5079
9073 5219
9074 6396
9075 5372
9076 5965
9077 5565
9078 5568
9079 6420
9080 5398
9081 5610
9082 5194
9083 5941
9084 6178
9085 5384
9086 6175
9087 6177
9088 6060
9089 5414
9090 5289
9091 5110
9092 5273
9093 5745
9094 5294
9095 6589
9096 5448
9097 5091
9098 6074
9099 6089
9100 7118
9101 6800
9102 5880
9103 5432
9104 4944
9105 5718
9106 4953
9107 5095
9108 5954
9109 6114
9110 5433
9111 6345
9112 4957
9113 6391
9114 6034
9115 5954
9116 5787
9117 5762
9118 5464
9119 6465
9120 5826
9121 6036
9122 5635
9123 5856
9124 5319
9125 6148
9126 5529
9127 6213
9128 5089
9129 5830
9130 5216
9131 6212
9132 5088
9133 5089
9134 5336
9135 5462
9136 5714
9137 7226
9138 6073
9139 5739
9140 5186
9141 5129
9142 5956
9143 6057
9144 5826
9145 4951
9146 5451
9147 5492
9148 5457
9149 5426
9150 5853
9151 4973
9152 5831
9153 5570
9154 5256
9155 6196
9156 6575
9157 5280
9158 5467
9159 5191
9160 5598
9161 5093
9162 6205
9163 5693
9164 4978
9165 6079
9166 5570
9167 6605
9168 5320
9169 -995052
9170 6088
9171 5088
9172 5076
9173 6461
9174 5468
9175 5204
9176 6022
9177 5026
9178 5969
9179 5313
9180 5095
9181 5835
9182 5831
9183 6204
9184 6357
9185 5326
9186 5448
9187 5328
9188 5595
9189 5100
9190 5434
9191 6221
9192 5358
9193 5962
9194 5298
9195 5707
9196 5731
9197 5307
9198 5081
9199 4854
9200 6332
9201 6502
9202 5270
9203 5189
9204 5229
9205 5826
9206 6001
9207 6848
9208 5290
9209 7451
9210 5461
9211 5839
9212 5070
9213 5094
9214 5077
9215 5095
9216 5613
9217 5696
9218 5942
9219 5731
9220 4943
9221 5069
9222 5348
9223 6092
9224 5513
9225 5269
9226 5450
9227 5591
9228 6768
9229 5276
9230 5715
9231 5211
9232 5465
9233 5339
9234 5340
9235 5454
9236 6461
9237 5108
9238 6002
9239 6596
9240 5265
9241 5357
9242 5199
9243 5834
9244 5717
9245 5333
9246 6962
9247 5779
9248 5273
9249 5087
9250 6153
9251 5388
9252 4970
9253 5464
9254 6640
9255 5155
9256 6152
9257 5399
9258 5463
9259 5586
9260 5836
9261 5782
9262 5270
9263 6030
9264 6209
9265 5767
9266 5591
9267 5836
9268 6455
9269 5716
9270 6392
9271 5778
9272 5464
9273 5838
9274 5711
9275 5460
9276 6153
9277 5521
9278 5712
9279 5586
9280 5718
9281 7207
9282 5586
9283 6126
9284 5551
9285 5587
9286 5359
9287 8113
9288 5734
9289 6545
9290 5672
9291 5844
9292 5713
9293 5074
9294 6654
9295 5146
9296 5342
9297 6211
9298 6461
9299 5499
9300 5298
9301 5742
9302 5555
9303 4961
9304 5334
9305 5727
9306 6490
9307 5032
9308 5782
9309 5522
9310 4678
9311 5712
9312 5084
9313 6354
9314 6874
9315 5152
9316 6907
9317 5519
9318 5837
9319 6200
9320 5467
9321 5711
9322 5732
9323 5434
9324 5323
9325 6092
9326 5331
9327 5891
9328 5419
9329 5821
9330 5504
9331 6031
9332 5577
9333 6466
9334 6556
9335 5156
9336 5681
9337 5068
9338 5811
9339 5601
9340 5379
9341 5723
9342 6444
9343 5522
9344 -995028
9345 5101
9346 6551
9347 6481
9348 6926
9349 5106
9350 6153
9351 6439
9352 5817
9353 5666
9354 4957
9355 6143
9356 5967
9357 7211
9358 6155
9359 5757
9360 5966
9361 5397
9362 5452
9363 5701
9364 5837
9365 5088
9366 5962
9367 5976
9368 6070
9369 7093
9370 5884
9371 5475
9372 5394
9373 5456
9374 5089
9375 5633
9376 5424
9377 5105
9378 5751
9379 5260
9380 5574
9381 5474
9382 5326
9383 6535
9384 5712
9385 5988
9386 5769
9387 7580
9388 5322
9389 5719
9390 6072
9391 5461
9392 5686
9393 5650
9394 5399
9395 6072
9396 5706
9397 5340
9398 5360
9399 5428
9400 6516
9401 5897
9402 5901
9403 6157
9404 6331
9405 5228
9406 5685
9407 5460
9408 5706
9409 5091
9410 6644
9411 5013
9412 5341
9413 5949
9414 6211
9415 6086
9416 5574
9417 6459
9418 5968
9419 5844
9420 6073
9421 5458
9422 5939
9423 5458
9424 6230
9425 5400
9426 5133
9427 5821
9428 5571
9429 5969
9430 6462
9431 5898
9432 6379
9433 6464
9434 6049
9435 6012
9436 5395
9437 6334
9438 5797
9439 7369
9440 6156
9441 5042
9442 5692
9443 5325
9444 6520
9445 5621
9446 5803
9447 6355
9448 5953
9449 5040
9450 6212
9451 6342
9452 6584
9453 6317
9454 5588
9455 5200
9456 6142
9457 5913
9458 4947
9459 5330
9460 5730
9461 5830
9462 5832
9463 5713
9464 5453
9465 5584
9466 6716
9467 6672
9468 6881
9469 5775
9470 5650
9471 5273
9472 7085
9473 6917
9474 5446
9475 5342
9476 5710
9477 5115
9478 6191
9479 5069
9480 5722
9481 5699
9482 5972
9483 6089
9484 7689
9485 6849
9486 5570
9487 5102
9488 5699
9489 5949
9490 6991
9491 5689
9492 5463
9493 6351
9494 6330
9495 5593
9496 6811
9497 7336
9498 6090
9499 6873
9500 5917
9501 5077
9502 7598
9503 5954
9504 5596
9505 5835
9506 5577
9507 6340
9508 5336
9509 6099
9510 5642
9511 5781
9512 -994297
9513 5818
9514 5619
9515 7933
9516 5718
9517 6341
9518 7302
9519 5321
9520 5101
9521 5436
9522 5507
9523 5788
9524 7724
9525 6713
9526 5312
9527 6046
9528 6876
9529 7259
9530 5536
9531 5831
9532 5835
9533 5510
9534 5425
9535 6749
9536 5267
9537 5869
9538 5569
9539 5553
9540 5347
9541 6323
9542 5865
9543 6621
9544 6538
9545 5062
9546 5703
9547 5751
9548 5486
9549 4920
9550 5543
9551 5950
9552 5464
9553 5102
9554 5594
9555 5743
9556 5105
9557 6927
9558 5566
9559 6492
9560 5469
9561 6329
9562 6478
9563 6222
9564 6201
9565 6638
9566 5442
9567 5289
9568 6439
9569 6572
9570 5705
9571 5706
9572 5722
9573 6778
9574 5358
9575 7027
9576 6255
9577 5316
9578 5558
9579 5582
9580 5693
9581 5580
9582 5708
9583 5091
9584 5360
9585 5299
9586 5697
9587 6116
9588 5431
9589 6086
9590 5439
9591 5719
9592 5830
9593 7144
9594 7456
9595 7032
9596 6399
9597 5906
9598 5585
9599 5475
9600 5327
9601 6433
9602 5073
9603 6584
9604 5589
9605 5743
9606 5999
9607 5010
9608 4962
9609 6590
9610 6753
9611 6167
9612 5198
9613 5704
9614 5456
9615 6106
9616 5700
9617 5732
9618 5049
9619 5583
9620 5016
9621 5292
9622 5687
9623 5079
9624 5271
9625 5528
9626 5636
9627 5824
9628 6050
9629 6462
9630 5282
9631 5125
9632 5526
9633 5645
9634 4954
9635 5848
9636 5198
9637 5859
9638 5561
9639 5082
9640 5089
9641 7029
9642 5520
9643 5972
9644 5453
9645 5774
9646 6276
9647 5479
9648 5560
9649 5837
9650 5449
9651 6616
9652 5292
9653 6134
9654 5811
9655 5095
9656 6017
9657 5917
9658 5672
9659 5080
9660 5710
9661 5388
9662 5708
9663 5183
9664 6325
9665 5811
9666 6067
9667 5463
9668 6463
9669 5723
9670 5829
9671 5557
9672 5351
9673 7018
9674 6077
9675 5158
9676 6336
9677 4972
9678 6119
9679 5796
9680 5067
9681 5676
9682 6970
9683 -994492
9684 5297
9685 5499
9686 5366
9687 5801
9688 6408
9689 5730
9690 5437
9691 5094
9692 5680
9693 5705
9694 5639
9695 5477
9696 5871
9697 5664
9698 5472
9699 5685
9700 6640
9701 5173
9702 6157
9703 5859
9704 5159
9705 5183
9706 6244
9707 5544
9708 5859
9709 5062
9710 5964
9711 5942
9712 7024
9713 5264
9714 6224
9715 6226
9716 7200
9717 6429
9718 4963
9719 5310
9720 5735
9721 5961
9722 6357
9723 5199
9724 5822
9725 4911
9726 5767
9727 5838
9728 5365
9729 5878
9730 6698
9731 6387
9732 5791
9733 5652
9734 6559
9735 5569
9736 5489
9737 5307
9738 5341
9739 5831
9740 5843
9741 5720
9742 5697
9743 5718
9744 5991
9745 5678
9746 6188
9747 6609
9748 5106
9749 6185
9750 5847
9751 5698
9752 6340
9753 4988
9754 6862
9755 6897
9756 4951
9757 4964
9758 5450
9759 6392
9760 5690
9761 5560
9762 5208
9763 5953
9764 4965
9765 5081
9766 5096
9767 6191
9768 5111
9769 6370
9770 7138
9771 6241
9772 5696
9773 5666
9774 5707
9775 5525
9776 5643
9777 5888
9778 5465
9779 6105
9780 5827
9781 5648
9782 6272
9783 5379
9784 5736
9785 5667
9786 8712
9787 6142
9788 6224
9789 6130
9790 5153
9791 5962
9792 5213
9793 5838
9794 5397
9795 5524
9796 5216
9797 5089
9798 6982
9799 5671
9800 6410
9801 5671
9802 6176
9803 5830
9804 6973
9805 5083
9806 5850
9807 5559
9808 5477
9809 5190
9810 6361
9811 5428
9812 6017
9813 6837
9814 5916
9815 5915
9816 5191
9817 5979
9818 5723
9819 7055
9820 5951
9821 6979
9822 5183
9823 5724
9824 5199
9825 5713
9826 5063
9827 5499
9828 5292
9829 4959
9830 5083
9831 5088
9832 4954
9833 6212
9834 6098
9835 5722
9836 6205
9837 6078
9838 5974
9839 7813
9840 5252
9841 5260
9842 5003
9843 5593
9844 5345
9845 5717
9846 5850
9847 5832
9848 5501
9849 5045
9850 5073
9851 4822
9852 5850
9853 6400
9854 6264
9855 -993219
9856 6508
9857 6834
9858 5342
9859 6016
9860 5144
9861 5714
9862 6206
9863 5087
9864 5710
9865 5084
9866 5721
9867 5328
9868 5326
9869 5830
9870 5720
9871 6214
9872 5319
9873 5834
9874 5877
9875 6278
9876 5326
9877 5727
9878 5200
9879 5566
9880 4984
9881 5309
9882 6076
9883 5700
9884 5091
9885 5579
9886 5086
9887 5325
9888 4971
9889 5968
9890 5798
9891 5338
9892 5582
9893 6934
9894 5238
9895 5657
9896 5135
9897 5716
9898 5708
9899 5225
9900 5320
9901 4970
9902 5328
9903 5224
9904 6080
9905 5953
9906 5344
9907 5200
9908 6508
9909 5165
9910 5837
9911 5711
9912 7016
9913 5554
9914 5304
9915 5741
9916 5686
9917 6221
9918 5857
9919 5061
9920 5824
9921 6710
9922 5544
9923 5853
9924 5962
9925 5815
9926 5090
9927 5959
9928 5085
9929 5993
9930 5315
9931 5289
9932 5321
9933 5587
9934 6398
9935 5159
9936 5227
9937 6623
9938 5905
9939 5574
9940 5742
9941 5933
9942 5799
9943 5381
9944 5191
9945 5004
9946 6927
9947 6513
9948 5893
9949 5213
9950 5518
9951 5808
9952 5872
9953 5387
9954 5839
9955 5714
9956 5646
9957 5269
9958 6136
9959 5921
9960 5455
9961 7533
9962 5763
9963 6089
9964 5343
9965 6200
9966 5350
9967 4948
9968 6211
9969 5582
9970 5091
9971 5962
9972 5965
9973 5458
9974 5080
9975 5717
9976 5079
9977 6597
9978 5831
9979 5209
9980 5084
9981 5970
9982 4952
9983 6089
9984 6589
9985 5078
9986 5840
9987 4961
9988 4970
9989 5703
9990 5467
9991 5582
9992 5586
9993 6225
9994 5441
9995 5101
9996 5215
9997 5327
9998 5327
9999 5397
